person 0.608159 184.61 66.67 224.00 215.94
person 0.603984 118.90 64.36 187.14 192.76
person 0.597383 35.89 66.66 124.16 177.02
person 0.592958 76.45 55.80 126.81 151.31
person 0.589733 121.99 68.08 206.84 158.52
person 0.588938 113.02 44.24 199.71 139.51
person 0.588104 161.94 81.73 224.00 175.43
person 0.582446 48.36 50.11 141.18 141.58
person 0.579430 69.65 62.09 143.89 174.85
person 0.577280 0.00 32.63 128.34 201.19
person 0.576980 141.85 86.06 202.55 147.72
car 0.575341 27.93 99.32 100.73 192.85
diningtable 0.574127 114.97 112.65 201.19 197.73
chair 0.574010 104.63 103.96 203.16 196.53
bus 0.573519 8.13 53.06 124.78 216.94
person 0.573340 117.65 88.13 200.87 175.27
person 0.572702 149.51 95.17 210.18 159.35
person 0.572280 107.26 101.49 211.47 197.41
sofa 0.572001 178.24 89.20 224.00 173.42
person 0.564423 135.48 76.58 207.23 200.00
person 0.564256 8.11 48.12 69.79 128.17
person 0.563938 177.42 98.05 224.00 159.63
person 0.562341 33.88 95.23 97.79 189.12
car 0.559749 15.57 50.56 75.52 131.30
person 0.559440 96.10 57.59 173.35 177.97
person 0.557859 68.46 72.56 114.70 159.17
cat 0.557288 211.91 150.04 224.00 208.56
person 0.557177 36.83 41.87 117.68 121.41
bus 0.556549 35.02 51.74 118.18 132.54
person 0.555983 88.93 71.72 121.23 165.29
bus 0.555816 40.89 105.64 99.16 201.25
person 0.555650 80.31 46.94 152.23 140.38
bus 0.554803 0.22 35.90 19.95 103.29
sofa 0.551976 196.87 108.45 224.00 180.10
person 0.551739 19.50 44.65 90.64 121.00
chair 0.551530 119.24 102.72 188.88 177.05
person 0.550845 190.49 37.63 224.00 158.32
chair 0.550602 110.64 121.22 182.44 203.44
bus 0.550430 4.57 79.57 100.80 205.68
tvmonitor 0.550159 209.55 142.41 224.00 207.53
person 0.549850 91.89 20.11 215.46 203.43
boat 0.549758 47.79 111.89 99.82 208.39
person 0.549338 61.39 80.64 103.73 166.26
bus 0.547824 9.73 53.71 75.37 132.52
person 0.547813 168.46 94.01 212.53 145.26
car 0.547749 25.28 89.10 88.41 172.09
person 0.547692 65.27 62.69 192.71 208.40
person 0.547363 107.32 57.96 177.68 129.49
bus 0.546955 11.41 59.03 97.13 169.85
bus 0.545700 36.51 54.52 164.28 203.51
person 0.545291 96.17 67.99 130.90 155.29
car 0.545082 27.39 108.97 78.13 190.10
sofa 0.544935 205.14 125.99 224.00 193.37
person 0.544536 87.66 65.98 142.48 127.02
person 0.544526 63.21 66.30 132.79 130.92
chair 0.544221 194.87 26.06 224.00 134.58
bus 0.544062 0.00 48.42 18.29 122.38
person 0.543890 17.01 65.44 66.49 150.23
person 0.543781 119.55 67.57 171.48 151.16
bus 0.543762 2.00 37.68 32.60 104.41
car 0.543668 20.64 78.77 73.35 160.47
chair 0.543035 98.73 102.34 118.30 179.32
person 0.541635 94.82 87.76 118.87 177.33
person 0.541166 124.77 56.21 201.46 122.69
bus 0.541044 0.00 46.73 62.26 143.01
car 0.539275 0.00 107.42 9.94 172.21
chair 0.538610 179.00 102.49 216.00 171.96
chair 0.538485 197.74 145.07 220.39 209.18
bottle 0.538271 0.00 56.91 16.65 126.71
dog 0.538124 112.19 20.99 176.95 78.36
car 0.537791 0.00 80.97 77.51 212.39
sofa 0.537595 192.61 117.82 220.66 190.18
person 0.537515 193.18 0.00 224.00 59.58
chair 0.536765 139.00 11.77 201.34 84.64
chair 0.536601 104.80 101.75 122.79 178.15
bus 0.536431 12.81 143.66 108.38 224.00
sofa 0.536286 121.19 20.38 169.99 71.88
chair 0.535876 198.19 0.00 224.00 84.21
person 0.535488 109.77 69.52 224.00 224.00
chair 0.535266 147.45 104.99 201.44 168.56
tvmonitor 0.535218 121.93 22.23 176.08 75.47
bus 0.535188 0.00 27.37 16.32 88.11
bus 0.535158 22.65 70.84 130.63 178.04
cat 0.535118 193.72 0.00 224.00 29.32
bus 0.534956 23.01 60.43 96.55 134.57
car 0.534739 0.00 55.59 34.30 126.95
chair 0.534707 92.26 158.88 190.04 224.00
car 0.534558 1.49 57.63 83.19 180.35
aeroplane 0.534529 111.14 132.23 178.06 205.87
car 0.534511 40.25 112.93 88.98 200.88
tvmonitor 0.534396 210.60 203.85 224.00 224.00
person 0.534271 189.77 109.51 224.00 222.09
car 0.534115 13.42 67.53 129.54 216.91
person 0.534033 48.16 91.70 117.82 201.91
car 0.533964 27.80 121.79 63.99 202.24
chair 0.533634 186.21 141.10 211.10 207.04
bottle 0.533458 121.29 136.58 187.74 207.41
person 0.533104 115.88 36.51 189.02 106.33
dog 0.532882 118.87 15.68 197.70 82.47
chair 0.532817 89.79 103.54 113.63 182.23
tvmonitor 0.532127 193.65 0.00 224.00 28.41
bus 0.532006 52.53 62.28 116.14 125.59
chair 0.531960 190.95 144.91 224.00 224.00
tvmonitor 0.531609 165.40 0.00 217.64 27.06
car 0.531454 0.00 105.79 18.53 172.88
car 0.531414 0.00 206.54 20.26 224.00
person 0.531348 0.00 87.62 9.23 158.28
car 0.531167 0.00 209.97 33.11 224.00
car 0.530900 39.14 148.84 136.79 224.00
tvmonitor 0.530477 185.64 210.36 219.50 224.00
car 0.530283 15.03 107.07 61.81 178.95
person 0.530245 104.00 77.66 133.24 165.04
car 0.530144 3.81 108.13 39.02 177.77
tvmonitor 0.530070 72.07 155.11 184.13 224.00
person 0.529758 24.73 77.64 79.98 157.61
boat 0.529575 81.19 115.66 111.27 205.22
cat 0.529558 199.03 148.02 219.32 208.92
cat 0.529240 174.27 212.18 213.99 224.00
tvmonitor 0.529218 198.09 206.50 224.00 224.00
boat 0.529197 56.42 146.22 99.81 220.18
chair 0.529141 184.24 114.76 212.77 185.05
person 0.529025 87.65 60.79 131.82 112.45
boat 0.528831 62.07 23.43 95.73 73.22
boat 0.528717 24.73 135.95 62.33 210.31
bus 0.528652 8.00 38.26 63.60 105.50
person 0.528542 57.03 102.35 102.94 186.40
diningtable 0.528415 209.85 55.06 224.00 114.03
boat 0.528097 0.00 0.00 40.10 71.49
tvmonitor 0.528081 152.34 3.70 200.20 75.92
tvmonitor 0.528049 132.46 211.81 182.40 224.00
car 0.527486 9.49 68.56 57.24 136.77
aeroplane 0.527434 59.75 189.21 103.30 224.00
tvmonitor 0.527261 47.11 103.90 122.88 214.27
bus 0.527259 9.64 28.61 53.82 85.60
dog 0.527237 123.20 17.88 164.00 63.78
boat 0.527141 0.00 0.00 19.36 23.94
sofa 0.527044 121.90 27.14 182.12 87.09
boat 0.527002 67.42 13.98 100.61 65.34
chair 0.526934 178.85 0.00 224.00 56.59
boat 0.526894 5.89 0.00 54.91 67.85
tvmonitor 0.526860 218.48 25.95 224.00 62.52
aeroplane 0.526834 21.09 187.78 65.46 224.00
diningtable 0.526702 202.20 66.26 224.00 127.61
person 0.526586 107.60 117.83 191.67 224.00
bus 0.526516 0.00 0.00 116.16 168.57
boat 0.526183 95.15 115.29 117.43 199.49
car 0.526110 23.81 211.66 66.50 224.00
car 0.526059 7.63 80.60 49.52 148.81
person 0.526050 24.58 61.84 75.78 134.57
chair 0.526022 113.16 106.06 147.78 179.25
cat 0.525794 153.56 211.86 200.74 224.00
boat 0.525550 58.21 171.86 103.10 224.00
car 0.525497 0.00 152.89 64.46 224.00
boat 0.525314 57.80 210.75 101.75 224.00
car 0.525216 9.28 210.86 53.37 224.00
bus 0.525211 62.88 31.89 186.42 201.62
person 0.525094 138.71 0.00 210.01 52.43
cat 0.525038 214.20 168.84 224.00 219.28
boat 0.524981 0.00 12.30 12.85 66.13
person 0.524929 52.35 63.13 108.23 136.04
car 0.524850 5.33 93.06 43.28 160.05
person 0.524822 100.61 60.15 153.50 115.21
tvmonitor 0.524815 69.07 210.86 113.79 224.00
chair 0.524776 159.50 136.58 197.95 206.64
boat 0.524763 18.18 0.00 72.98 62.38
chair 0.524755 215.28 46.92 224.00 99.15
boat 0.524753 63.94 189.72 105.22 224.00
bus 0.524741 0.00 24.35 41.68 111.55
boat 0.524470 17.23 128.55 53.44 202.08
chair 0.524363 183.99 14.22 224.00 115.02
car 0.524338 0.00 84.57 23.78 155.83
chair 0.524266 109.24 91.51 139.74 176.74
person 0.524261 192.40 81.92 224.00 139.88
tvmonitor 0.524196 111.86 211.65 157.91 224.00
car 0.524070 38.88 211.56 82.13 224.00
bus 0.524065 20.53 26.55 64.86 78.43
car 0.524023 17.33 118.60 54.52 192.25
bus 0.524021 41.54 124.61 132.31 224.00
boat 0.523902 88.65 132.44 117.26 209.76
car 0.523846 0.00 71.03 30.76 141.39
person 0.523745 111.68 0.00 196.80 95.50
boat 0.523650 51.20 24.73 87.91 73.38
dog 0.523611 135.51 33.44 198.57 101.83
bus 0.523502 0.38 23.96 35.43 79.03
aeroplane 0.523463 18.86 156.45 62.40 220.31
boat 0.523442 9.76 9.05 55.61 96.03
boat 0.523387 3.68 129.32 38.03 202.67
car 0.523385 0.00 127.24 7.83 190.77
tvmonitor 0.523374 86.41 211.36 127.30 224.00
tvmonitor 0.523354 96.35 211.98 136.71 224.00
chair 0.523312 135.78 119.09 188.18 199.67
person 0.523292 118.28 0.00 195.13 55.39
chair 0.523207 218.49 38.81 224.00 82.59
aeroplane 0.523169 3.60 170.93 47.26 224.00
chair 0.523115 135.79 140.58 205.01 224.00
aeroplane 0.523051 16.35 142.18 54.43 210.64
chair 0.523050 164.84 0.00 213.90 26.55
boat 0.523041 0.00 169.65 8.25 224.00
chair 0.523040 112.87 115.33 161.22 187.49
bus 0.522731 60.07 38.12 98.21 92.83
boat 0.522708 75.28 14.19 106.11 60.02
aeroplane 0.522692 124.38 153.21 179.08 212.60
boat 0.522506 32.62 0.00 95.72 58.84
boat 0.522253 0.00 183.43 23.82 224.00
bus 0.522179 0.00 131.12 64.15 224.00
bus 0.521918 53.51 55.63 106.19 111.87
tvmonitor 0.521912 213.69 11.57 224.00 54.45
tvmonitor 0.521849 213.45 190.84 224.00 224.00
tvmonitor 0.521814 105.56 124.47 195.44 224.00
boat 0.521773 37.49 126.30 82.82 206.78
boat 0.521749 106.09 133.47 162.30 205.54
cat 0.521679 181.78 153.76 209.99 211.54
boat 0.521591 68.35 0.00 100.52 19.35
boat 0.521347 60.72 0.00 92.74 18.41
boat 0.521332 0.00 0.00 15.34 36.66
boat 0.521214 35.51 25.63 75.84 75.21
tvmonitor 0.521109 125.49 15.64 165.81 55.99
boat 0.521027 0.00 149.63 7.20 212.29
boat 0.520961 19.69 3.43 71.53 95.53
boat 0.520800 76.22 187.92 114.91 224.00
person 0.520756 153.94 65.61 206.36 129.56
person 0.520708 140.22 43.35 200.49 108.40
diningtable 0.520694 173.92 54.03 215.01 114.90
chair 0.520454 166.36 156.24 200.28 212.20
boat 0.520395 104.69 193.07 141.43 224.00
chair 0.520068 147.69 144.70 188.76 211.38
chair 0.519988 102.62 116.43 126.48 195.03
boat 0.519945 110.45 153.52 167.43 212.23
person 0.519826 177.17 67.75 218.50 129.76
chair 0.519810 144.42 0.00 188.92 19.42
boat 0.519805 53.26 0.00 83.72 17.51
boat 0.519789 52.31 0.00 125.80 55.60
chair 0.519785 125.84 140.51 180.27 213.00
boat 0.519649 95.35 135.24 126.93 206.67
boat 0.519575 0.00 160.87 21.54 222.64
tvmonitor 0.519473 204.88 0.00 223.79 40.62
boat 0.519374 88.34 191.79 120.03 224.00
boat 0.519350 105.99 12.60 118.77 41.65
bus 0.519344 23.90 28.94 75.48 112.62
aeroplane 0.519315 48.55 172.34 97.67 224.00
boat 0.519287 1.34 17.06 31.37 66.42
boat 0.519201 7.77 24.55 50.48 79.85
boat 0.519047 0.00 197.76 15.90 224.00
boat 0.518969 20.64 0.00 52.28 15.70
boat 0.518795 0.00 122.48 16.67 191.30
boat 0.518762 105.08 18.14 118.41 49.00
aeroplane 0.518720 14.59 0.00 44.34 16.54
tvmonitor 0.518696 122.48 0.00 156.05 23.37
boat 0.518666 96.92 193.90 128.74 224.00
boat 0.518585 95.65 11.08 112.08 45.18
boat 0.518495 74.96 150.97 111.95 221.17
boat 0.518476 49.08 37.93 91.02 91.12
boat 0.518332 84.49 0.00 113.84 22.38
aeroplane 0.518288 7.32 0.00 35.74 18.11
boat 0.518265 83.24 0.00 168.06 53.28
diningtable 0.518261 197.95 54.94 224.00 114.78
boat 0.518130 43.15 0.00 73.87 16.38
boat 0.517903 33.04 0.00 66.01 15.40
cat 0.517816 165.90 175.10 200.69 219.95
boat 0.517777 31.02 0.00 93.77 95.87
boat 0.517705 113.71 190.79 155.62 224.00
aeroplane 0.517705 25.22 172.44 82.24 224.00
chair 0.517672 133.09 0.00 175.25 20.08
boat 0.517547 87.36 157.49 117.06 220.22
boat 0.517514 106.12 0.42 118.99 35.69
tvmonitor 0.517495 129.37 178.08 179.17 223.87
tvmonitor 0.517365 165.76 0.00 208.60 42.16
cat 0.517353 194.27 167.39 218.25 217.45
sofa 0.517344 144.77 28.71 199.31 97.01
boat 0.517322 94.74 0.00 121.35 23.92
boat 0.517304 94.19 0.00 111.09 37.42
boat 0.517265 63.08 204.93 105.47 224.00
cat 0.517213 177.07 172.25 209.71 219.55
chair 0.517189 124.43 0.00 162.80 22.08
boat 0.517184 22.43 24.03 64.42 73.53
tvmonitor 0.517034 207.31 166.25 223.04 216.32
sofa 0.517028 133.24 14.39 194.42 68.61
tvmonitor 0.517022 125.36 4.60 157.06 47.06
person 0.517002 94.06 53.59 124.45 102.32
tvmonitor 0.516973 171.53 22.38 209.30 63.59
tvmonitor 0.516944 203.09 26.98 221.99 59.84
boat 0.516790 66.62 0.00 90.61 46.56
boat 0.516616 72.61 0.00 96.67 44.75
boat 0.516572 0.00 202.71 28.13 224.00
tvmonitor 0.516553 207.39 33.66 222.55 65.29
boat 0.516489 21.12 205.29 63.74 224.00
bus 0.516442 46.06 28.63 105.85 120.99
aeroplane 0.516367 104.70 26.21 118.07 60.29
boat 0.516347 0.00 6.71 27.90 51.43
boat 0.516261 80.28 0.00 103.38 40.58
boat 0.516250 102.78 179.27 145.08 217.01
boat 0.516243 102.75 159.09 152.22 213.98
boat 0.516197 31.39 147.57 80.37 218.14
boat 0.516162 103.96 0.00 132.08 23.98
boat 0.516162 95.24 24.31 114.10 62.70
tvmonitor 0.516161 119.59 0.00 153.99 38.53
tvmonitor 0.516085 203.00 192.50 223.04 224.00
tvmonitor 0.516083 112.51 0.00 145.96 24.28
dog 0.515945 121.38 8.05 158.50 53.64
boat 0.515910 93.81 162.20 125.27 217.66
bus 0.515907 32.52 35.91 77.49 90.44
tvmonitor 0.515837 165.29 200.93 204.96 224.00
bus 0.515790 28.58 50.47 83.81 110.09
tvmonitor 0.515754 114.39 13.28 133.49 41.18
boat 0.515728 63.12 0.00 92.24 29.23
boat 0.515564 111.35 173.89 159.28 213.72
sofa 0.515542 154.77 3.86 204.89 67.24
aeroplane 0.515471 113.01 19.32 131.81 49.38
tvmonitor 0.515455 149.82 176.01 191.16 221.28
aeroplane 0.515322 9.03 18.10 41.29 66.00
person 0.515307 82.09 52.89 119.99 103.44
boat 0.515301 48.00 0.00 120.76 90.72
tvmonitor 0.515267 129.39 202.36 180.65 224.00
aeroplane 0.515238 15.61 5.82 42.79 48.70
boat 0.515203 0.00 0.00 27.05 33.74
boat 0.515075 48.73 205.28 93.08 224.00
tvmonitor 0.514886 188.01 195.46 218.31 224.00
train 0.514840 100.99 38.93 119.60 80.75
sofa 0.514812 204.17 47.36 224.00 98.47
tvmonitor 0.514806 102.40 207.49 142.59 224.00
boat 0.514735 56.41 14.04 85.90 60.81
bus 0.514652 71.02 37.52 108.64 87.45
bus 0.514640 86.18 0.00 172.16 80.64
boat 0.514616 17.88 4.69 48.99 49.53
sofa 0.514514 178.09 37.26 210.23 84.29
boat 0.514428 10.18 204.35 52.83 224.00
chair 0.514318 119.91 0.00 159.85 37.31
bottle 0.514299 98.49 0.00 119.79 31.96
tvmonitor 0.514274 74.83 202.94 116.77 224.00
tvmonitor 0.514002 114.46 1.57 132.73 35.61
boat 0.513949 32.16 204.74 80.43 224.00
sofa 0.513928 122.65 17.79 163.46 54.65
person 0.513923 96.10 26.58 162.47 111.20
boat 0.513820 91.32 37.23 115.38 82.04
boat 0.513817 60.41 0.00 82.67 45.65
sofa 0.513709 155.40 0.00 209.46 31.15
sofa 0.513659 208.38 39.99 224.00 80.28
tvmonitor 0.513610 168.58 8.00 209.90 53.60
tvmonitor 0.513531 149.90 200.81 195.21 224.00
person 0.513463 107.93 51.22 151.32 103.27
sofa 0.513388 140.72 0.00 191.44 30.81
bus 0.513253 69.10 25.49 130.85 111.15
boat 0.513095 56.80 0.00 83.43 27.13
aeroplane 0.513011 111.79 26.85 128.30 60.97
chair 0.512851 140.26 2.45 191.40 48.66
chair 0.512827 124.69 7.67 170.16 51.51
tvmonitor 0.512827 196.55 10.99 220.05 51.65
boat 0.512779 19.26 0.00 50.49 26.13
chair 0.512706 159.31 0.00 206.37 46.33
chair 0.512641 126.84 0.00 173.48 34.31
boat 0.512582 63.57 0.00 145.69 82.98
bottle 0.512431 107.28 39.72 126.54 82.51
aeroplane 0.512263 16.05 0.00 43.30 26.81
tvmonitor 0.512138 187.37 0.00 218.19 36.48
boat 0.511993 44.59 17.38 73.09 63.39
aeroplane 0.511613 9.87 0.00 34.93 28.69
sofa 0.510940 116.70 36.05 154.37 84.07
boat 0.510567 47.94 0.00 70.18 45.40
boat 0.509990 29.73 0.00 62.24 24.59
boat 0.508879 30.13 0.91 59.72 46.79
