person 0.632728 113.86 50.23 166.78 181.65
person 0.600632 116.36 60.32 149.85 167.12
person 0.585797 128.81 56.12 176.72 181.35
person 0.579360 101.63 54.77 146.66 158.92
person 0.563579 122.51 77.30 147.64 178.23
person 0.558599 186.89 64.56 212.40 126.44
person 0.558547 126.51 70.16 153.48 168.62
car 0.557504 199.74 65.36 223.65 120.09
person 0.557320 158.52 71.55 177.42 139.42
horse 0.556866 103.17 79.14 146.78 176.61
person 0.556152 150.05 68.28 172.88 148.27
person 0.555689 196.76 128.98 213.71 171.11
person 0.555069 142.86 49.66 188.10 169.96
person 0.554160 199.54 62.83 222.29 119.07
dog 0.553158 79.86 98.63 99.25 158.18
person 0.552692 100.54 66.72 159.07 192.31
person 0.552527 192.99 65.37 217.69 122.73
person 0.552339 135.28 65.01 165.94 158.04
person 0.551129 201.97 133.27 216.07 170.21
person 0.549375 209.46 133.28 224.00 173.38
person 0.546486 148.67 84.86 173.22 175.99
dog 0.546122 91.91 89.98 128.30 172.34
person 0.545531 208.65 203.19 224.00 224.00
sheep 0.545093 161.48 14.16 203.04 51.08
person 0.544884 156.91 88.33 177.95 174.26
dog 0.544086 115.86 25.12 161.91 103.98
person 0.543536 120.96 51.70 156.58 149.06
person 0.542970 49.29 159.78 70.27 189.36
horse 0.542888 93.03 82.70 159.85 207.18
person 0.542826 206.53 69.39 224.00 124.08
person 0.542176 130.37 88.95 158.73 182.23
person 0.541758 69.65 155.48 95.42 194.10
horse 0.541651 91.80 85.04 132.65 169.08
person 0.541073 54.07 209.59 80.63 224.00
person 0.540511 61.80 157.37 86.01 193.70
person 0.540258 97.03 56.34 138.89 130.52
dog 0.540008 99.35 109.07 136.54 186.55
person 0.539884 92.64 75.29 137.61 157.85
person 0.539745 99.75 39.43 152.67 121.94
person 0.539734 103.18 75.94 173.28 224.00
person 0.539727 215.61 190.65 224.00 219.40
person 0.539561 77.94 93.87 95.84 141.76
person 0.539554 197.50 88.52 224.00 200.35
person 0.539501 46.84 208.67 71.71 224.00
dog 0.539447 81.15 210.79 126.80 224.00
person 0.539266 76.77 83.88 95.82 124.06
person 0.539138 187.87 40.72 224.00 155.61
dog 0.538690 100.28 143.21 137.24 205.86
person 0.538606 62.26 210.73 99.03 224.00
person 0.538329 169.59 72.56 187.47 131.22
horse 0.537822 111.21 104.35 141.71 184.68
person 0.537356 73.68 211.21 118.14 224.00
horse 0.537078 193.04 125.86 212.35 172.15
dog 0.537054 97.88 209.33 136.51 224.00
person 0.536799 174.01 64.93 193.68 131.90
person 0.536581 119.45 100.99 144.02 182.66
person 0.536385 161.86 43.13 200.50 152.29
person 0.536155 210.49 79.73 224.00 133.52
aeroplane 0.535982 0.00 149.16 12.81 194.24
person 0.535632 80.32 86.91 98.36 134.79
person 0.535430 52.17 162.91 74.83 194.03
tvmonitor 0.535371 120.94 19.76 166.71 95.79
dog 0.535025 75.84 153.87 102.17 194.54
person 0.535025 168.12 98.83 190.78 171.06
person 0.534595 194.64 179.07 224.00 224.00
person 0.534199 137.29 103.39 167.92 189.32
aeroplane 0.534073 44.92 160.23 65.65 187.37
person 0.533972 87.49 63.73 119.87 129.49
person 0.533946 79.70 74.06 103.53 124.06
dog 0.533345 108.31 129.58 144.18 207.00
person 0.533302 190.04 121.53 213.19 173.88
aeroplane 0.533247 0.00 200.80 16.90 224.00
person 0.533156 38.98 208.95 65.74 224.00
tvmonitor 0.533031 125.72 19.71 163.86 67.01
horse 0.532862 166.83 104.98 189.15 179.93
aeroplane 0.532730 0.00 204.99 25.89 224.00
person 0.532619 178.60 0.00 224.00 56.68
person 0.532607 162.19 60.96 183.30 131.06
car 0.532461 0.00 0.00 20.48 22.78
person 0.532452 71.62 123.26 95.87 180.04
person 0.532270 211.35 95.11 224.00 150.38
person 0.532196 217.51 180.67 224.00 213.85
dog 0.532147 81.94 152.41 112.16 197.65
person 0.532098 83.92 84.69 141.23 190.34
dog 0.531954 90.41 112.38 125.18 183.95
aeroplane 0.531866 0.00 95.98 20.12 126.45
person 0.531790 191.01 205.16 219.97 224.00
person 0.531778 207.75 112.32 224.00 168.52
boat 0.531711 0.00 17.16 9.94 57.52
aeroplane 0.531564 0.00 92.52 13.37 129.18
train 0.531397 91.41 18.91 129.83 38.92
person 0.531050 153.06 107.17 177.95 190.64
person 0.530955 202.41 126.29 224.00 224.00
person 0.530849 211.62 136.61 222.41 181.32
person 0.530620 141.91 54.49 170.19 134.53
person 0.530387 130.50 94.50 224.00 224.00
car 0.530287 0.00 122.82 86.43 224.00
dog 0.530234 116.53 208.90 156.44 224.00
aeroplane 0.530105 0.00 59.54 11.36 95.90
dog 0.530028 115.09 114.16 143.39 195.70
horse 0.529990 182.53 117.68 205.59 173.52
dog 0.529846 116.80 128.76 154.84 203.38
person 0.529590 0.00 0.00 101.88 115.57
dog 0.529529 92.02 134.05 129.94 195.23
person 0.529490 98.49 57.86 146.76 107.02
boat 0.529284 0.00 30.46 11.17 72.53
dog 0.529212 133.38 133.37 165.37 198.27
cow 0.529180 220.00 17.06 224.00 58.88
person 0.529180 204.32 201.24 220.88 224.00
person 0.528969 150.75 41.08 224.00 208.33
person 0.528895 208.05 191.93 218.85 216.38
horse 0.528827 78.47 119.40 160.43 220.86
dog 0.528681 142.10 137.90 171.73 196.58
person 0.528484 181.80 69.19 204.75 123.54
dog 0.528416 157.55 210.50 197.57 224.00
aeroplane 0.528351 30.35 210.29 60.29 224.00
person 0.528262 185.92 13.06 224.00 118.33
train 0.528219 87.95 14.95 120.78 35.63
dog 0.528184 76.51 119.07 100.97 177.73
person 0.528121 153.17 0.00 224.00 166.83
dog 0.528005 129.97 209.95 169.35 224.00
aeroplane 0.527847 0.00 165.59 36.73 224.00
car 0.527752 209.37 0.00 224.00 22.45
dog 0.527724 122.63 113.07 152.32 193.24
person 0.527710 163.81 67.01 210.25 179.70
person 0.527680 73.46 142.55 101.86 188.89
person 0.527668 109.58 3.01 173.91 177.74
car 0.527599 0.00 0.00 41.28 43.57
boat 0.527551 0.00 1.01 10.79 40.99
dog 0.527458 124.13 173.34 209.70 224.00
person 0.527411 197.64 194.68 213.86 217.23
aeroplane 0.527295 44.72 193.28 61.43 214.75
person 0.527290 50.15 169.45 68.41 196.56
person 0.527221 164.28 210.85 204.01 224.00
person 0.527061 145.10 122.01 174.13 195.75
dog 0.527016 155.76 180.79 222.44 224.00
aeroplane 0.526984 4.93 208.36 36.96 224.00
dog 0.526885 103.53 158.74 132.68 208.60
person 0.526791 123.33 38.83 160.10 121.55
person 0.526760 187.99 110.30 210.92 164.99
dog 0.526682 71.21 105.28 92.68 157.24
dog 0.526638 102.70 161.45 197.33 224.00
dog 0.526528 154.73 158.87 180.89 197.87
dog 0.526465 139.88 210.07 179.30 224.00
aeroplane 0.526343 0.00 133.25 11.41 182.33
person 0.526292 180.32 207.80 216.84 224.00
dog 0.526272 158.86 170.48 181.46 202.01
car 0.526224 43.83 0.00 117.88 35.96
train 0.526183 42.34 112.09 72.97 134.17
person 0.526053 0.00 117.26 113.46 224.00
person 0.525928 122.88 48.29 188.47 210.19
dog 0.525914 76.32 141.91 173.98 224.00
person 0.525864 49.42 193.55 67.20 214.96
person 0.525833 63.74 103.69 147.49 224.00
aeroplane 0.525777 0.00 134.79 29.14 217.30
train 0.525766 88.11 21.26 119.61 42.80
sheep 0.525619 171.48 0.00 205.95 20.51
aeroplane 0.525468 0.00 75.39 11.70 113.78
person 0.525428 215.91 148.47 223.58 196.86
aeroplane 0.525312 0.00 101.09 14.16 139.50
dog 0.525187 151.53 142.85 180.00 195.14
car 0.525116 0.00 168.39 11.99 210.16
cow 0.525083 0.00 172.20 56.56 224.00
aeroplane 0.525079 14.20 209.53 47.10 224.00
dog 0.525010 78.84 101.58 105.78 169.86
dog 0.524742 79.69 139.18 109.67 191.11
car 0.524707 112.01 0.00 171.38 54.14
aeroplane 0.524655 45.42 180.64 62.75 205.15
person 0.524645 74.05 71.42 98.44 113.59
aeroplane 0.524594 0.00 178.74 11.42 220.42
horse 0.524518 68.60 157.50 143.98 224.00
person 0.524509 81.45 79.80 104.84 140.65
cow 0.524397 219.19 2.79 224.00 42.04
aeroplane 0.524356 5.11 98.81 26.48 123.81
person 0.524319 92.42 60.51 124.62 112.13
person 0.524268 182.75 60.81 210.12 108.90
aeroplane 0.524231 0.00 63.76 16.47 92.92
car 0.524043 69.76 0.00 145.95 42.86
aeroplane 0.524035 0.00 92.38 33.51 181.64
tvmonitor 0.523952 125.47 15.92 156.62 47.92
car 0.523783 93.73 0.00 160.54 50.36
dog 0.523751 97.03 53.03 145.15 92.41
person 0.523726 71.01 86.40 90.78 120.71
sheep 0.523678 130.90 17.87 185.49 58.68
aeroplane 0.523578 38.20 160.45 60.96 183.47
boat 0.523531 0.00 0.00 15.04 29.39
boat 0.523487 0.00 190.84 12.10 224.00
dog 0.523468 161.34 181.56 182.16 207.17
person 0.523448 70.26 53.46 139.48 150.17
train 0.523405 93.08 21.81 137.22 45.31
boat 0.523387 85.03 0.00 115.96 21.77
aeroplane 0.523369 49.74 179.85 67.58 205.29
person 0.523285 187.33 93.67 208.03 140.90
train 0.523281 102.56 19.78 150.64 43.22
dog 0.523274 163.14 193.92 185.83 217.02
dog 0.523242 155.55 166.87 175.83 200.41
car 0.523240 17.34 0.00 93.60 36.20
person 0.523222 200.61 77.51 217.09 128.13
aeroplane 0.523192 0.00 164.01 16.49 199.68
boat 0.523184 92.48 0.00 124.92 22.90
aeroplane 0.523105 46.09 169.75 63.88 195.87
person 0.523086 210.86 46.48 224.00 99.63
person 0.523011 64.61 131.00 87.97 182.75
dog 0.522997 101.61 46.40 156.57 96.44
person 0.522922 70.11 169.09 95.86 208.90
cow 0.522917 218.62 31.90 224.00 78.93
aeroplane 0.522910 37.23 194.75 54.54 214.60
horse 0.522898 103.43 75.42 179.66 197.15
dog 0.522872 107.25 169.61 134.82 213.97
person 0.522735 181.93 103.79 205.92 159.06
person 0.522718 64.00 193.82 90.07 219.66
train 0.522690 0.00 0.00 92.43 128.69
motorbike 0.522565 12.54 180.39 75.74 224.00
aeroplane 0.522553 0.00 71.00 16.62 100.88
aeroplane 0.522547 0.00 58.44 37.87 158.03
aeroplane 0.522546 6.66 163.92 26.78 193.10
aeroplane 0.522543 0.00 115.47 12.88 158.20
aeroplane 0.522500 41.48 205.39 62.91 224.00
person 0.522488 155.81 28.71 197.81 123.06
person 0.522472 69.89 193.28 99.62 223.92
person 0.522471 127.36 27.67 171.67 115.32
person 0.522438 54.99 194.37 75.06 216.84
dog 0.522390 102.60 190.60 129.79 224.00
aeroplane 0.522372 0.00 79.42 17.26 111.40
car 0.522348 0.00 23.34 73.37 189.43
bird 0.522249 42.86 106.72 72.17 130.49
boat 0.521983 70.49 0.00 102.33 18.51
boat 0.521859 99.37 0.00 134.12 23.71
aeroplane 0.521848 18.28 167.31 39.63 190.69
sheep 0.521789 168.02 0.00 206.14 32.65
dog 0.521665 133.89 40.21 168.90 108.26
car 0.521659 0.00 0.00 70.08 36.35
aeroplane 0.521581 0.00 23.38 29.80 127.45
aeroplane 0.521549 38.50 165.15 58.89 188.47
aeroplane 0.521481 0.00 55.18 15.86 85.78
aeroplane 0.521465 37.43 183.14 54.73 205.15
person 0.521429 70.40 112.48 91.84 165.35
dog 0.521409 71.76 97.04 91.79 137.92
boat 0.521374 0.00 16.44 13.69 47.28
train 0.521299 44.19 115.81 75.32 140.91
person 0.521232 114.39 25.34 161.26 108.66
aeroplane 0.521222 16.32 160.42 41.14 184.96
person 0.521105 90.51 50.24 118.67 85.33
aeroplane 0.521057 0.00 110.67 18.03 144.91
person 0.521025 86.68 55.29 112.13 92.60
person 0.520978 148.03 0.00 209.79 56.01
cow 0.520963 213.77 0.00 224.00 30.99
person 0.520913 84.57 61.40 113.00 106.20
person 0.520744 206.11 137.23 217.82 175.03
dog 0.520637 149.16 163.66 170.52 200.36
person 0.520616 86.32 47.50 110.88 82.70
person 0.520595 198.32 186.11 213.16 211.65
person 0.520502 169.11 23.07 207.38 119.63
person 0.520501 129.81 0.00 198.50 183.64
person 0.520469 63.86 171.04 86.44 207.29
aeroplane 0.520448 14.39 100.74 38.77 123.70
aeroplane 0.520423 16.39 106.80 39.82 128.84
boat 0.520356 91.62 1.92 129.36 33.32
person 0.520341 68.90 72.49 91.78 107.78
person 0.520316 181.77 91.64 203.02 136.61
aeroplane 0.520303 19.93 174.74 38.20 196.85
aeroplane 0.520265 0.00 182.44 17.59 216.07
person 0.520202 188.19 197.95 209.58 217.93
person 0.520197 75.20 62.85 99.71 102.92
aeroplane 0.520169 30.24 195.27 47.65 213.79
sheep 0.520150 143.82 14.56 201.82 57.13
car 0.520020 62.96 0.00 97.89 15.03
horse 0.519963 200.83 138.29 216.54 175.53
person 0.519962 76.79 54.67 100.06 90.61
train 0.519948 46.04 106.35 75.60 131.86
aeroplane 0.519931 20.98 184.32 37.07 204.28
dog 0.519910 156.80 179.21 176.58 205.10
aeroplane 0.519882 43.59 148.02 69.85 181.16
person 0.519862 61.05 35.19 136.52 126.53
aeroplane 0.519858 29.01 159.26 53.63 181.83
aeroplane 0.519816 6.61 108.42 25.22 135.30
aeroplane 0.519810 3.15 91.65 25.47 117.38
motorbike 0.519782 36.04 175.39 105.70 224.00
dog 0.519766 168.47 194.92 191.90 217.21
dog 0.519676 156.55 49.73 187.32 106.67
aeroplane 0.519667 0.00 0.00 28.32 87.62
aeroplane 0.519663 38.23 154.98 64.44 179.01
person 0.519644 200.61 95.03 215.61 146.57
aeroplane 0.519610 30.10 185.02 47.14 203.84
aeroplane 0.519589 29.93 165.81 51.56 188.03
dog 0.519490 156.91 192.23 179.38 215.10
train 0.519449 87.02 27.21 117.49 55.77
person 0.519438 57.24 76.25 123.39 165.23
dog 0.519414 175.56 57.59 202.15 105.71
bottle 0.519400 117.40 0.00 171.87 82.70
person 0.519399 210.15 183.19 219.07 211.29
aeroplane 0.519324 38.04 171.58 56.68 195.37
sheep 0.519305 168.28 18.96 205.46 64.66
dog 0.519301 165.29 182.45 188.82 208.03
aeroplane 0.519294 41.38 123.11 69.39 147.89
aeroplane 0.519234 21.97 193.53 38.58 213.51
person 0.519230 78.13 45.58 100.91 82.02
person 0.519152 68.08 64.12 91.48 99.43
boat 0.519139 122.95 0.00 154.38 24.47
aeroplane 0.519124 0.00 126.86 16.68 168.89
person 0.519113 54.67 176.68 74.10 205.87
dog 0.519101 75.79 191.71 109.82 224.00
boat 0.519070 47.26 15.07 59.22 37.79
aeroplane 0.518929 17.70 112.31 39.80 133.76
boat 0.518929 40.11 15.66 51.78 38.06
boat 0.518921 47.07 23.23 58.70 46.26
aeroplane 0.518906 0.00 44.30 14.96 78.50
motorbike 0.518849 59.95 163.35 134.62 224.00
bottle 0.518827 87.74 38.32 117.23 72.46
bottle 0.518736 79.81 11.36 104.98 31.63
aeroplane 0.518704 41.58 134.63 68.72 165.80
boat 0.518692 0.00 26.56 13.96 62.45
train 0.518691 90.36 40.25 129.33 75.18
aeroplane 0.518689 9.34 143.23 66.10 207.26
person 0.518656 47.06 147.55 71.13 184.84
aeroplane 0.518609 3.13 151.09 26.66 184.04
bird 0.518596 55.17 65.65 77.06 92.18
person 0.518595 61.74 64.83 85.98 95.50
aeroplane 0.518549 11.02 188.03 27.74 213.65
person 0.518545 35.90 0.00 153.68 147.16
person 0.518501 67.00 56.18 90.41 90.34
cow 0.518484 0.00 0.00 32.81 56.72
aeroplane 0.518483 0.00 122.20 45.04 199.49
dog 0.518479 139.71 159.55 164.84 202.13
bird 0.518451 43.61 99.81 69.32 126.06
boat 0.518379 28.40 0.00 60.14 14.96
car 0.518361 49.95 0.00 132.49 59.78
dog 0.518350 117.16 155.06 150.89 207.43
horse 0.518309 163.06 127.22 186.15 189.73
aeroplane 0.518295 9.81 178.60 25.81 204.52
dog 0.518229 49.58 111.33 86.81 145.44
boat 0.518169 47.15 31.15 60.26 56.26
person 0.518164 188.35 188.21 209.63 211.65
car 0.518141 49.25 24.90 129.31 118.21
person 0.518135 176.43 39.11 209.38 92.55
train 0.518111 96.20 2.97 138.45 35.12
aeroplane 0.518099 6.57 114.90 24.69 142.67
aeroplane 0.518083 27.54 101.24 54.34 123.83
aeroplane 0.518060 30.23 173.71 49.59 194.86
dog 0.518007 85.41 191.11 121.89 224.00
person 0.518001 65.92 103.29 122.76 189.72
car 0.517999 36.17 0.00 69.88 14.09
boat 0.517984 41.15 23.90 52.21 46.15
person 0.517972 87.40 18.87 146.83 101.86
bottle 0.517937 85.86 25.99 114.66 54.89
aeroplane 0.517838 15.37 153.70 42.69 179.44
person 0.517761 59.91 58.06 84.45 89.45
dog 0.517701 176.31 38.91 207.68 89.41
sheep 0.517639 159.50 0.00 196.62 18.82
aeroplane 0.517637 29.59 107.52 57.33 128.42
car 0.517574 99.98 0.00 162.33 77.33
dog 0.517543 105.62 204.23 141.62 224.00
person 0.517479 55.68 9.81 131.52 96.19
person 0.517434 79.96 35.00 103.41 72.09
bottle 0.517425 131.79 15.20 167.20 53.17
aeroplane 0.517413 0.00 76.18 60.36 173.22
aeroplane 0.517377 4.55 67.88 24.27 90.59
aeroplane 0.517364 39.20 115.94 70.70 136.31
dog 0.517332 76.06 167.27 104.41 209.01
aeroplane 0.517330 17.99 118.42 39.81 140.31
person 0.517325 53.79 59.70 75.45 86.96
horse 0.517285 178.57 128.87 202.90 180.40
car 0.517196 48.55 4.51 126.61 91.03
train 0.517137 91.35 28.06 137.43 59.54
car 0.517120 6.83 0.00 35.78 16.97
horse 0.517098 194.64 136.66 213.60 178.87
train 0.517089 43.40 121.44 72.82 150.20
dog 0.517009 149.93 176.68 170.87 203.71
boat 0.517002 37.74 0.00 52.62 28.42
sheep 0.517001 146.60 0.00 180.64 20.14
aeroplane 0.516962 28.64 153.14 56.19 176.28
car 0.516943 45.45 0.00 82.26 13.49
person 0.516878 173.43 197.27 201.28 216.91
aeroplane 0.516870 47.48 40.50 62.45 67.93
dog 0.516833 149.07 190.97 172.05 213.87
aeroplane 0.516813 26.75 206.61 51.28 224.00
boat 0.516812 41.61 31.41 53.37 55.37
aeroplane 0.516812 48.67 65.84 67.28 88.84
aeroplane 0.516805 37.79 145.98 66.45 173.53
bottle 0.516790 135.52 0.00 168.09 21.99
dog 0.516754 108.99 189.04 138.23 218.96
bottle 0.516750 82.22 15.66 107.40 36.09
person 0.516717 165.55 114.44 211.64 208.38
aeroplane 0.516716 31.36 66.99 47.99 85.49
boat 0.516712 33.54 17.54 45.00 35.57
aeroplane 0.516709 4.21 131.34 25.32 164.44
boat 0.516699 45.71 0.83 61.37 28.39
aeroplane 0.516694 41.76 32.90 123.98 123.20
boat 0.516687 15.39 0.00 45.98 15.51
dog 0.516676 153.13 205.16 184.39 224.00
aeroplane 0.516662 5.64 122.65 24.64 151.66
boat 0.516591 35.29 0.00 120.11 50.68
aeroplane 0.516504 17.15 68.73 35.64 87.75
aeroplane 0.516450 12.13 93.15 36.95 117.36
boat 0.516425 55.18 21.21 68.68 47.11
person 0.516424 70.75 114.95 133.96 203.77
dog 0.516422 47.47 99.28 74.00 126.56
horse 0.516411 120.91 90.86 189.72 200.00
dog 0.516401 170.01 185.81 199.19 209.51
aeroplane 0.516384 15.85 145.00 42.79 172.77
aeroplane 0.516374 48.12 59.79 66.44 83.81
boat 0.516353 121.44 0.15 154.54 38.60
cow 0.516346 175.94 0.00 212.16 24.49
person 0.516338 0.00 43.24 108.48 185.93
aeroplane 0.516330 4.42 74.47 24.12 98.81
person 0.516324 54.15 29.13 68.69 59.10
dog 0.516314 85.26 167.78 118.76 210.58
dog 0.516314 52.66 103.37 84.96 132.62
dog 0.516216 58.61 88.75 84.17 117.65
train 0.516215 0.00 18.36 108.75 166.75
person 0.516161 82.79 19.18 108.56 44.28
person 0.516149 61.05 80.22 85.43 110.57
train 0.516072 101.63 36.33 156.23 83.50
aeroplane 0.516041 0.00 9.15 78.50 116.96
aeroplane 0.516021 3.19 82.83 23.97 109.42
aeroplane 0.516019 38.00 100.43 65.73 125.19
person 0.515991 147.19 0.00 204.16 86.61
person 0.515927 161.29 0.00 219.34 83.32
boat 0.515888 34.39 24.66 45.59 43.35
aeroplane 0.515872 31.38 117.11 58.70 136.78
boat 0.515865 56.26 14.10 70.53 36.85
aeroplane 0.515820 17.40 125.77 40.00 148.90
aeroplane 0.515801 16.42 134.84 41.19 160.77
car 0.515793 72.72 7.13 96.35 27.23
dog 0.515731 56.05 96.74 83.74 124.68
aeroplane 0.515723 18.75 204.85 42.76 224.00
aeroplane 0.515682 0.00 44.72 69.68 144.73
aeroplane 0.515678 41.23 65.81 57.11 86.98
aeroplane 0.515663 47.91 50.98 64.73 77.81
person 0.515638 158.98 156.92 215.60 224.00
dog 0.515605 149.74 34.09 190.88 90.73
horse 0.515565 190.91 148.32 211.26 190.75
dog 0.515547 122.29 188.84 147.10 215.69
cow 0.515518 191.66 0.00 222.10 23.15
dog 0.515518 139.56 189.20 163.65 213.71
train 0.515496 44.28 132.45 71.29 168.74
aeroplane 0.515456 25.79 93.12 51.40 116.99
person 0.515444 82.08 25.25 106.86 57.01
bird 0.515442 44.87 90.91 67.24 117.53
motorbike 0.515441 44.89 140.20 112.81 208.51
aeroplane 0.515431 3.14 59.63 23.68 83.67
train 0.515430 100.86 25.49 154.41 66.08
person 0.515388 70.40 36.39 93.36 75.73
aeroplane 0.515377 28.71 145.34 57.28 169.81
horse 0.515369 189.26 170.26 209.29 205.12
dog 0.515369 53.41 39.30 70.39 72.61
aeroplane 0.515363 0.00 65.48 94.46 153.03
person 0.515340 200.34 169.41 213.59 204.41
aeroplane 0.515319 30.16 72.91 47.47 94.46
horse 0.515315 201.11 149.18 215.99 188.48
aeroplane 0.515309 39.36 68.90 111.34 153.69
aeroplane 0.515272 7.70 19.34 22.94 42.09
dog 0.515218 120.59 170.81 148.88 208.72
boat 0.515157 34.51 31.77 46.21 51.84
aeroplane 0.515136 8.63 200.74 31.81 224.00
bottle 0.515132 124.37 0.00 158.52 40.55
aeroplane 0.515119 41.77 40.27 55.11 65.44
aeroplane 0.515047 0.00 105.64 76.02 181.21
aeroplane 0.514981 49.01 71.18 67.50 94.82
dog 0.514967 49.56 90.14 73.73 118.25
aeroplane 0.514966 31.70 60.31 48.92 78.85
boat 0.514962 21.95 18.91 34.83 36.74
person 0.514874 53.11 50.55 72.96 82.24
aeroplane 0.514856 41.32 59.36 57.67 81.26
aeroplane 0.514819 19.92 16.84 116.96 111.94
aeroplane 0.514811 6.97 49.62 101.82 135.98
dog 0.514746 73.70 26.07 95.49 60.77
dog 0.514741 61.02 37.69 84.48 76.71
dog 0.514722 63.29 27.08 85.41 61.91
aeroplane 0.514721 16.73 61.53 36.23 80.41
aeroplane 0.514692 15.98 74.80 34.80 96.86
person 0.514561 212.00 169.10 219.74 207.10
person 0.514559 74.90 18.88 96.07 46.39
aeroplane 0.514496 37.47 89.06 105.51 170.27
aeroplane 0.514478 6.44 25.25 23.10 50.20
dog 0.514468 65.06 19.04 85.71 47.89
dog 0.514447 53.16 79.63 75.43 107.86
car 0.514411 74.71 13.90 95.32 35.09
aeroplane 0.514409 21.36 25.50 34.74 45.12
aeroplane 0.514351 41.31 71.38 57.17 94.41
dog 0.514343 167.17 171.36 196.38 205.75
aeroplane 0.514340 20.89 0.00 107.15 48.56
aeroplane 0.514260 40.20 0.79 127.16 84.40
boat 0.514256 31.43 1.86 45.85 26.00
aeroplane 0.514237 29.16 134.51 57.17 158.02
boat 0.514136 37.58 0.00 66.54 19.34
person 0.514082 50.78 124.17 80.33 167.25
car 0.514063 66.12 12.62 85.65 36.16
aeroplane 0.514063 41.69 50.36 56.92 74.69
aeroplane 0.514054 37.87 91.51 61.47 117.42
aeroplane 0.513985 30.41 124.09 57.67 145.62
aeroplane 0.513887 47.35 80.12 66.92 106.10
aeroplane 0.513873 33.82 40.58 47.16 61.98
boat 0.513674 55.03 1.79 75.02 27.03
aeroplane 0.513631 0.00 0.00 77.72 50.16
cow 0.513616 184.95 16.21 216.95 52.49
car 0.513474 65.02 3.00 88.01 26.75
aeroplane 0.513439 20.51 32.36 34.35 53.60
dog 0.513387 168.21 154.39 195.75 197.04
person 0.513328 117.11 142.46 200.94 224.00
aeroplane 0.513284 13.29 83.87 34.92 108.83
aeroplane 0.513248 32.53 50.91 48.47 71.64
aeroplane 0.513237 27.28 82.52 48.55 107.36
motorbike 0.513229 37.15 108.86 105.10 184.30
horse 0.513196 173.90 140.19 200.16 187.92
aeroplane 0.513194 39.89 80.80 58.21 106.67
person 0.513132 210.41 149.61 219.55 190.92
aeroplane 0.513062 8.19 5.97 23.22 32.11
aeroplane 0.512839 5.11 31.35 22.90 58.60
boat 0.512775 22.19 3.92 36.49 26.65
aeroplane 0.512719 2.42 49.13 23.03 76.29
sheep 0.512597 131.57 0.00 165.98 41.09
aeroplane 0.512500 17.00 51.58 35.85 72.90
aeroplane 0.512494 18.71 41.12 34.87 63.46
cow 0.512274 164.24 10.92 204.00 38.98
boat 0.512097 57.83 0.00 92.31 17.57
aeroplane 0.512079 3.32 39.24 22.82 67.58
person 0.512036 194.77 46.07 217.95 99.20
boat 0.511828 47.45 0.00 80.69 18.00
boat 0.511508 23.92 0.00 50.69 18.08
cow 0.511392 166.82 0.00 205.91 31.50
cow 0.511216 174.27 22.77 206.93 64.49
sheep 0.511163 143.49 0.00 181.81 39.56
cow 0.510939 192.94 28.31 216.82 71.57
boat 0.510528 6.60 0.00 30.14 21.77
cow 0.509897 185.63 8.75 213.23 40.05
cow 0.508831 187.12 0.00 216.14 31.21
