boat 0.614549 85.37 91.10 224.00 185.85
boat 0.572084 27.01 92.55 62.33 123.90
boat 0.571911 0.00 96.20 18.78 159.44
bird 0.568962 70.75 99.65 220.84 198.40
boat 0.567138 40.21 111.28 71.34 187.75
aeroplane 0.566028 7.27 97.19 81.24 179.29
boat 0.563887 0.00 87.96 84.72 191.10
sofa 0.563705 0.00 99.04 17.59 162.51
bird 0.563523 128.31 116.38 217.97 180.15
boat 0.560783 0.00 90.52 21.20 138.50
boat 0.559685 22.48 106.96 68.05 179.75
aeroplane 0.558454 26.34 101.19 74.52 187.61
boat 0.552720 9.74 101.45 69.63 165.85
tvmonitor 0.551172 0.00 117.76 13.84 178.15
boat 0.550888 48.77 119.57 73.88 187.35
person 0.550452 68.39 96.38 128.37 168.40
boat 0.549993 90.72 19.04 124.99 78.53
boat 0.549355 25.79 0.00 165.79 102.79
bird 0.549344 130.15 105.15 205.13 166.13
boat 0.548343 135.20 124.84 208.72 180.13
boat 0.547404 89.23 95.61 121.77 118.62
aeroplane 0.547383 90.77 104.11 222.20 191.86
boat 0.546522 23.08 95.42 67.86 135.84
boat 0.546344 54.55 124.06 94.50 184.92
boat 0.546136 119.66 111.58 224.00 206.40
boat 0.546093 15.99 11.98 163.17 148.53
person 0.545238 98.43 97.13 133.71 167.57
person 0.544290 126.25 107.98 157.47 160.30
person 0.544105 118.71 104.68 147.91 154.33
car 0.543553 77.24 91.03 198.48 177.42
car 0.542409 0.76 80.13 95.75 182.01
tvmonitor 0.542101 0.00 133.76 12.90 191.84
boat 0.541987 79.68 13.15 132.31 73.79
pottedplant 0.541879 56.45 113.03 102.25 182.96
boat 0.541623 95.07 87.87 124.86 121.50
person 0.540957 131.57 108.15 193.49 165.35
pottedplant 0.540757 67.30 104.18 128.18 166.99
person 0.540571 85.93 98.67 123.68 127.58
person 0.540057 76.78 100.48 128.55 142.20
boat 0.539995 101.83 83.53 131.11 121.02
person 0.539886 106.92 102.76 137.53 160.13
boat 0.538648 186.40 213.84 222.23 224.00
boat 0.538524 4.02 66.14 107.59 173.51
person 0.538491 92.58 99.79 131.99 147.24
boat 0.538298 94.42 31.00 119.26 83.83
pottedplant 0.538074 0.00 144.57 12.33 199.81
boat 0.537764 66.84 91.93 158.40 171.86
boat 0.537612 139.74 152.58 196.02 187.04
person 0.537512 90.65 91.91 125.28 122.32
boat 0.537496 58.98 74.98 191.21 175.94
boat 0.536810 172.35 214.00 211.93 224.00
aeroplane 0.536807 4.28 98.95 60.68 164.67
boat 0.536547 53.54 129.02 83.23 191.38
bottle 0.536333 0.00 2.10 10.13 37.04
aeroplane 0.536079 218.96 107.92 224.00 151.50
boat 0.536011 40.54 61.36 158.69 169.06
person 0.535780 117.10 105.15 138.26 171.37
boat 0.535708 41.98 91.38 70.46 120.85
pottedplant 0.535444 33.52 111.81 69.46 177.21
car 0.535375 67.48 93.50 154.55 174.88
person 0.535292 143.66 210.60 192.23 224.00
boat 0.535149 11.13 44.62 134.58 165.62
person 0.534750 124.60 108.93 147.51 171.04
boat 0.534642 202.66 209.65 224.00 224.00
person 0.534612 125.03 77.54 147.78 116.67
person 0.534491 0.00 199.97 16.32 224.00
person 0.534154 98.05 88.45 130.62 124.87
bird 0.533847 138.13 89.61 198.67 148.66
bird 0.533799 124.93 74.69 146.49 114.59
bird 0.533721 140.69 128.28 209.70 175.26
boat 0.533677 111.15 80.16 137.97 118.49
boat 0.533547 143.02 208.85 191.64 224.00
boat 0.533496 0.00 0.00 120.06 135.22
bottle 0.533397 0.00 156.23 11.49 206.24
person 0.533012 129.44 113.30 167.96 173.11
boat 0.532846 142.05 199.58 189.13 213.33
person 0.532664 136.29 127.03 200.41 179.43
boat 0.532413 34.06 87.89 65.57 118.73
tvmonitor 0.532377 89.76 14.99 139.50 69.15
boat 0.532206 80.31 91.45 110.94 115.68
sofa 0.532073 7.95 98.40 71.46 169.28
bird 0.531856 139.44 80.00 192.46 134.68
boat 0.531590 91.25 9.94 136.93 62.41
boat 0.531580 93.44 0.00 125.72 27.01
aeroplane 0.531272 42.78 122.18 71.97 193.85
bottle 0.531252 3.94 7.09 18.09 32.24
boat 0.531068 36.77 96.07 68.41 128.92
bottle 0.530875 0.00 203.61 26.36 224.00
aeroplane 0.530819 132.58 89.12 224.00 184.85
bird 0.530521 88.26 70.30 222.96 184.81
boat 0.530425 99.46 139.54 224.00 224.00
bird 0.530107 131.23 72.61 153.54 114.29
boat 0.530078 0.00 53.46 9.03 96.58
boat 0.530071 28.81 85.46 126.76 175.90
boat 0.529764 82.72 125.03 208.61 204.38
person 0.529669 123.43 85.63 147.59 129.37
person 0.529647 86.29 112.35 119.15 172.85
boat 0.529627 63.66 91.27 86.84 117.36
car 0.529605 0.00 112.44 122.75 224.00
bird 0.529551 129.90 100.83 182.89 153.49
aeroplane 0.529538 218.74 77.66 224.00 127.22
person 0.529402 70.53 114.22 111.84 174.89
bird 0.529245 141.72 70.08 185.28 122.89
person 0.529128 135.23 207.46 178.29 224.00
person 0.529006 131.36 77.90 154.44 118.73
boat 0.528988 29.18 104.86 68.00 158.73
sheep 0.528927 219.46 69.92 224.00 117.97
dog 0.528810 220.00 63.59 224.00 109.95
boat 0.528634 0.00 0.00 36.74 56.01
boat 0.528592 123.26 198.49 143.13 211.20
boat 0.528592 84.64 85.51 117.31 116.46
person 0.528580 139.12 156.25 178.23 182.10
person 0.528540 104.07 95.01 137.64 139.53
person 0.528507 111.95 117.48 130.65 175.22
boat 0.528446 140.04 169.98 191.25 200.00
boat 0.528331 129.72 199.03 156.10 211.54
boat 0.528315 0.00 64.73 10.41 112.79
boat 0.528032 136.35 198.16 177.58 211.33
person 0.528010 121.05 119.78 137.23 174.97
boat 0.528005 92.06 45.90 115.68 96.36
person 0.527924 73.62 101.56 117.13 152.88
person 0.527904 128.06 207.05 162.92 224.00
person 0.527832 0.00 0.00 17.64 29.24
person 0.527682 132.38 154.55 156.09 180.67
boat 0.527662 0.00 40.81 64.21 151.69
person 0.527639 128.58 123.54 149.00 175.44
aeroplane 0.527590 12.04 115.92 69.84 176.97
bottle 0.527590 2.51 0.00 21.35 29.32
person 0.527560 0.00 155.11 61.31 224.00
aeroplane 0.527489 161.79 33.86 224.00 155.31
boat 0.527471 0.00 77.36 14.96 125.50
boat 0.527423 0.00 19.83 47.24 134.41
person 0.527342 0.98 96.55 75.72 184.68
boat 0.527324 67.93 48.32 82.99 87.56
car 0.527309 38.37 158.50 107.77 224.00
person 0.527294 120.26 206.12 151.61 224.00
boat 0.527275 3.66 98.72 55.05 157.58
person 0.527267 107.14 86.01 137.07 126.51
boat 0.527153 126.88 62.04 146.63 113.88
person 0.527153 65.06 211.81 96.76 224.00
aeroplane 0.527049 2.84 207.69 38.90 224.00
boat 0.526980 0.00 0.00 35.13 112.88
boat 0.526971 94.64 0.00 136.53 48.80
boat 0.526928 7.90 92.29 48.02 132.51
person 0.526863 97.95 114.26 124.41 174.08
boat 0.526848 96.63 42.65 123.21 99.40
aeroplane 0.526769 33.88 135.99 69.03 197.78
dog 0.526759 210.01 0.00 224.00 20.97
bottle 0.526700 0.00 176.43 11.74 218.08
person 0.526627 134.15 127.46 173.26 177.89
boat 0.526608 97.94 62.65 125.17 115.50
person 0.526553 130.36 204.77 158.41 219.70
boat 0.526485 140.94 183.95 188.81 207.39
sheep 0.526455 153.26 14.42 197.63 65.53
boat 0.526378 130.22 8.32 166.14 54.98
aeroplane 0.526332 178.75 0.00 224.00 49.97
person 0.526296 73.88 125.00 209.77 224.00
aeroplane 0.526261 9.14 209.82 47.43 224.00
boat 0.526223 64.63 95.44 86.16 126.44
motorbike 0.526179 57.63 212.11 90.43 224.00
boat 0.526151 57.07 51.68 74.41 92.31
car 0.526101 54.11 165.00 144.46 224.00
sheep 0.526092 142.30 65.79 179.04 116.17
boat 0.526044 118.19 197.67 136.13 210.29
boat 0.526036 0.00 34.95 8.55 77.29
aeroplane 0.526024 146.50 12.23 194.31 63.48
boat 0.525980 155.70 148.37 211.26 184.01
boat 0.525976 0.00 143.88 13.88 197.08
aeroplane 0.525934 135.81 8.49 172.86 55.69
aeroplane 0.525931 218.37 123.56 224.00 160.75
person 0.525905 74.64 210.86 106.89 224.00
motorbike 0.525813 8.90 154.36 72.79 224.00
person 0.525685 123.13 203.75 145.78 219.92
boat 0.525574 2.50 86.42 24.95 128.16
pottedplant 0.525566 24.91 153.54 86.33 224.00
bird 0.525561 135.47 71.18 174.07 117.60
bottle 0.525556 78.86 0.00 109.74 24.43
person 0.525552 117.07 134.30 131.35 176.61
person 0.525535 131.26 139.29 152.30 177.10
boat 0.525497 115.12 7.27 158.48 57.31
person 0.525480 129.23 87.82 154.65 133.62
boat 0.525305 102.89 0.00 138.48 27.20
person 0.525203 103.80 206.65 138.39 224.00
boat 0.525155 36.33 57.58 54.86 91.96
person 0.525110 124.81 151.84 141.91 180.62
boat 0.525098 60.60 104.09 91.36 158.07
bottle 0.525077 69.17 45.00 81.56 81.88
boat 0.525056 170.02 152.67 218.01 184.51
aeroplane 0.525050 216.89 150.93 224.00 188.78
bottle 0.525036 46.00 5.31 57.93 29.25
person 0.525036 137.91 142.52 176.10 180.05
boat 0.525006 88.88 67.91 116.00 112.04
person 0.524982 97.21 130.38 118.54 177.08
person 0.524978 123.94 136.10 139.04 176.19
dog 0.524918 220.00 51.06 224.00 95.19
person 0.524735 138.50 162.64 180.31 187.05
boat 0.524639 13.37 26.52 102.65 139.60
boat 0.524637 35.20 0.00 126.61 80.79
boat 0.524623 79.40 97.92 113.45 135.60
person 0.524528 119.03 150.08 132.36 181.56
aeroplane 0.524520 108.78 0.00 224.00 149.59
boat 0.524507 2.91 70.03 17.11 107.70
boat 0.524459 40.11 104.22 113.79 184.38
boat 0.524453 59.44 47.90 74.06 82.51
person 0.524431 54.58 146.99 89.63 197.83
bird 0.524426 135.71 62.00 164.68 112.28
person 0.524405 84.06 209.78 119.50 224.00
bottle 0.524283 39.31 7.02 50.49 29.61
person 0.524251 110.47 148.33 125.02 182.72
person 0.524244 107.05 132.19 124.52 176.78
car 0.524197 56.46 151.85 83.82 202.89
person 0.524190 93.80 208.16 131.50 224.00
aeroplane 0.524188 215.38 160.38 224.00 195.88
boat 0.524186 2.43 58.89 16.70 90.10
bottle 0.524176 70.47 0.00 97.36 23.18
aeroplane 0.524164 50.64 211.44 84.95 224.00
car 0.524078 89.66 157.52 203.00 224.00
aeroplane 0.524007 25.50 210.26 60.22 224.00
car 0.523938 60.16 129.01 148.29 200.56
boat 0.523858 102.75 48.45 128.40 102.50
bottle 0.523842 60.67 0.00 88.65 21.80
boat 0.523751 33.97 66.30 56.18 105.96
boat 0.523744 81.68 46.10 102.41 82.87
boat 0.523710 41.04 57.22 59.70 94.34
aeroplane 0.523686 53.38 145.96 77.59 202.93
boat 0.523676 12.75 4.52 86.90 119.59
aeroplane 0.523671 25.24 0.00 164.18 90.48
person 0.523641 131.86 162.85 157.97 186.92
boat 0.523635 128.67 53.47 149.80 104.99
boat 0.523612 47.29 55.32 66.42 94.90
bottle 0.523591 13.33 10.49 25.10 29.32
aeroplane 0.523526 34.78 210.34 68.91 224.00
bottle 0.523526 52.92 0.00 81.41 21.04
aeroplane 0.523497 34.17 150.11 62.26 203.67
boat 0.523471 112.68 56.55 136.35 109.02
person 0.523415 79.68 130.88 107.59 179.38
boat 0.523380 158.71 133.07 212.29 173.44
boat 0.523371 63.69 99.83 86.85 144.00
boat 0.523322 65.63 56.67 83.37 96.63
bottle 0.523321 52.94 3.82 65.78 28.87
boat 0.523261 0.00 21.25 8.31 64.12
bottle 0.523256 0.00 9.54 9.20 49.12
car 0.523170 38.26 126.01 107.73 201.35
boat 0.523165 122.56 189.50 141.99 206.31
boat 0.523102 129.92 0.00 163.71 21.18
cow 0.523069 2.44 108.69 68.87 196.10
bottle 0.523037 46.45 0.00 73.38 22.52
boat 0.522889 60.20 85.18 85.72 113.49
boat 0.522836 7.64 112.96 143.32 224.00
sheep 0.522798 153.17 59.91 183.76 106.86
car 0.522797 75.74 124.34 188.60 196.86
dog 0.522784 154.87 18.24 196.14 71.64
boat 0.522713 2.13 50.50 17.00 79.59
bird 0.522708 106.69 42.94 219.14 166.17
boat 0.522632 29.31 58.87 47.36 88.28
boat 0.522476 111.98 197.41 128.68 209.04
person 0.522474 110.26 162.24 125.26 191.28
person 0.522441 11.70 118.26 79.73 199.24
person 0.522417 124.44 163.03 142.88 188.35
aeroplane 0.522344 218.50 141.11 224.00 180.36
person 0.522263 118.54 163.10 132.74 190.00
boat 0.522257 128.96 188.68 155.97 206.43
person 0.522244 102.24 144.70 119.39 183.49
aeroplane 0.522230 50.32 0.00 190.04 70.14
dog 0.522187 220.00 22.83 224.00 68.50
bottle 0.522116 40.06 0.00 65.32 24.07
boat 0.522046 117.47 190.01 134.70 205.63
boat 0.521970 1.46 0.00 66.72 58.70
boat 0.521893 114.65 0.00 155.75 22.17
bottle 0.521868 31.13 9.03 41.54 28.85
boat 0.521725 175.26 162.85 217.96 189.93
bottle 0.521699 60.90 3.14 74.12 29.31
aeroplane 0.521693 13.04 133.53 60.57 189.38
boat 0.521688 134.39 52.99 156.18 104.83
bottle 0.521671 82.74 41.79 104.56 79.03
aeroplane 0.521597 183.29 7.31 224.00 108.57
bird 0.521582 157.27 107.51 209.08 148.62
aeroplane 0.521514 136.69 16.75 159.36 68.99
aeroplane 0.521513 33.77 0.00 184.84 138.24
boat 0.521482 162.73 160.63 210.60 189.17
boat 0.521481 156.64 211.43 205.24 224.00
boat 0.521371 117.08 202.54 139.56 220.16
aeroplane 0.521357 61.97 167.43 82.12 206.25
boat 0.521300 53.11 60.46 73.79 101.91
boat 0.521255 23.09 0.00 99.58 69.09
bottle 0.521222 68.46 3.66 82.38 31.52
tvmonitor 0.521122 88.92 0.00 128.30 43.18
aeroplane 0.521026 214.64 178.39 224.00 212.93
boat 0.520988 28.95 52.84 45.07 73.53
boat 0.520960 80.62 54.85 101.96 93.36
boat 0.520839 36.34 51.91 52.87 76.22
bottle 0.520837 10.91 0.00 28.61 25.95
boat 0.520830 42.73 64.32 65.68 105.64
person 0.520800 103.57 158.69 119.56 192.84
bottle 0.520760 33.17 0.00 58.18 24.12
sheep 0.520758 153.61 74.20 191.71 123.28
aeroplane 0.520732 214.31 168.30 224.00 203.55
boat 0.520670 28.38 43.16 43.02 64.70
bottle 0.520666 62.53 41.35 74.34 77.52
boat 0.520661 49.58 50.64 66.60 81.51
boat 0.520591 123.39 20.82 149.81 72.73
boat 0.520572 11.50 60.20 26.29 84.91
aeroplane 0.520564 13.54 146.34 54.26 196.05
bottle 0.520547 22.60 10.62 32.54 28.28
boat 0.520512 6.04 0.00 75.09 85.92
boat 0.520463 175.93 183.72 210.50 208.30
boat 0.520440 130.78 172.99 156.24 198.16
boat 0.520423 111.05 190.13 127.73 204.61
dog 0.520409 220.00 10.37 224.00 48.05
boat 0.520377 126.90 38.10 149.13 87.97
boat 0.520372 170.75 200.60 204.72 217.45
aeroplane 0.520351 211.46 191.75 224.00 224.00
boat 0.520333 26.09 68.11 49.10 105.24
boat 0.520286 123.32 174.61 140.74 199.24
aeroplane 0.520177 41.42 144.75 67.11 203.59
aeroplane 0.520175 65.70 184.26 82.28 211.36
boat 0.520175 180.01 143.83 220.55 177.52
boat 0.520149 0.00 178.84 16.38 213.41
boat 0.520124 1.92 40.37 16.91 71.12
boat 0.520114 28.90 80.03 59.88 117.35
aeroplane 0.520113 58.29 163.34 76.52 206.66
boat 0.520069 109.81 176.27 125.26 199.57
person 0.520051 61.22 140.56 95.13 188.38
aeroplane 0.520046 105.21 0.00 199.46 54.63
aeroplane 0.519984 36.88 164.58 56.87 207.49
boat 0.519983 117.43 175.76 131.82 199.68
boat 0.519959 36.16 42.40 50.49 67.08
aeroplane 0.519885 28.79 168.88 51.74 206.48
bottle 0.519873 0.00 191.72 20.56 224.00
bottle 0.519869 78.54 6.61 100.42 39.10
boat 0.519833 21.33 60.31 37.51 84.63
aeroplane 0.519825 91.58 39.56 221.97 182.70
boat 0.519803 126.20 0.00 164.76 36.85
sheep 0.519792 190.01 79.55 216.30 120.65
bottle 0.519791 25.20 0.00 50.32 23.01
bird 0.519784 188.81 88.33 216.66 130.12
bird 0.519780 187.74 108.94 216.54 142.53
boat 0.519763 0.00 169.60 13.94 206.75
boat 0.519747 155.29 200.25 199.71 214.12
aeroplane 0.519743 133.33 0.00 170.15 36.34
boat 0.519701 11.50 52.66 26.10 74.01
aeroplane 0.519698 204.32 206.23 224.00 224.00
boat 0.519696 21.09 53.51 35.74 71.75
aeroplane 0.519681 140.28 3.57 177.06 45.16
boat 0.519640 107.78 39.54 135.78 85.36
sheep 0.519585 177.85 0.00 211.58 15.22
boat 0.519565 78.29 71.52 103.78 106.53
bottle 0.519558 47.92 13.67 56.95 34.27
aeroplane 0.519554 144.79 0.00 179.90 20.60
aeroplane 0.519532 17.72 182.83 40.03 214.29
sheep 0.519503 165.21 2.24 200.17 41.10
aeroplane 0.519465 28.41 181.10 49.03 213.62
aeroplane 0.519448 169.60 0.00 204.42 15.83
aeroplane 0.519433 136.69 34.76 156.17 85.95
boat 0.519428 178.04 199.84 208.76 220.58
bird 0.519411 159.98 88.81 208.09 135.53
dog 0.519376 220.00 1.41 224.00 38.30
aeroplane 0.519374 199.41 152.38 224.00 183.89
dog 0.519335 157.17 29.50 192.97 81.94
bird 0.519275 118.14 23.14 213.29 133.01
bottle 0.519274 63.07 14.04 73.28 35.97
bottle 0.519242 41.04 13.63 49.81 34.06
car 0.519150 0.00 111.93 65.50 198.91
bottle 0.519148 54.70 14.08 65.03 34.94
bird 0.519100 154.49 121.23 208.85 161.22
bottle 0.519038 64.69 31.37 74.35 67.53
bottle 0.519004 16.98 0.00 41.53 22.98
boat 0.518901 29.98 32.20 41.88 54.15
aeroplane 0.518884 17.00 172.51 41.75 206.24
bottle 0.518852 71.35 14.86 81.90 39.67
boat 0.518832 42.38 52.17 59.14 79.05
boat 0.518781 21.12 44.13 34.77 63.71
boat 0.518762 37.58 31.34 49.32 55.55
sheep 0.518748 142.24 49.67 173.86 98.04
bottle 0.518741 63.97 20.70 73.46 50.76
sofa 0.518730 1.05 117.55 21.05 173.96
bottle 0.518718 73.17 31.44 81.38 71.79
bird 0.518712 118.93 3.85 204.65 99.69
boat 0.518699 107.01 0.00 159.50 39.73
person 0.518683 85.16 142.67 108.07 184.50
aeroplane 0.518490 15.17 160.24 47.43 201.29
aeroplane 0.518484 140.09 15.13 168.66 67.15
aeroplane 0.518480 194.36 161.04 224.00 190.22
aeroplane 0.518469 161.61 0.00 196.64 17.18
dog 0.518465 159.40 47.26 190.38 93.69
aeroplane 0.518400 37.42 178.46 54.49 212.69
dog 0.518376 198.35 0.00 224.00 17.83
dog 0.518373 217.70 0.00 224.00 27.90
aeroplane 0.518370 72.92 33.93 200.98 146.38
aeroplane 0.518366 152.31 0.00 188.76 18.97
aeroplane 0.518227 60.31 180.52 75.82 211.04
boat 0.518220 175.86 170.84 214.60 198.27
boat 0.518211 11.98 43.57 25.86 66.04
aeroplane 0.518202 10.53 135.35 69.46 216.32
aeroplane 0.518201 184.85 127.19 214.12 159.22
boat 0.518192 103.89 26.99 135.43 75.96
bottle 0.518165 32.69 14.55 40.81 33.53
boat 0.518146 103.53 174.40 119.65 200.07
cow 0.518017 66.37 172.91 87.69 205.43
aeroplane 0.518017 105.38 196.67 121.26 208.88
bottle 0.517981 82.94 0.00 118.24 38.00
boat 0.517969 61.20 72.69 84.19 107.97
aeroplane 0.517940 8.57 181.37 26.91 213.73
boat 0.517927 9.63 71.06 26.08 104.36
aeroplane 0.517917 182.30 134.10 216.30 168.39
aeroplane 0.517866 148.74 2.15 186.45 43.85
boat 0.517856 151.84 183.75 199.37 205.67
boat 0.517851 109.18 202.56 132.58 221.52
sheep 0.517836 167.04 75.43 206.39 118.47
sheep 0.517821 164.80 59.08 196.60 104.09
aeroplane 0.517808 71.97 187.30 88.32 210.33
dog 0.517775 186.65 0.00 217.75 15.01
bottle 0.517767 72.93 21.83 81.78 56.18
person 0.517745 22.54 138.32 80.57 212.85
bottle 0.517712 15.59 14.00 24.14 32.81
boat 0.517640 39.74 20.62 49.27 43.41
bottle 0.517573 54.80 20.61 65.35 46.65
sheep 0.517487 151.45 29.64 186.96 81.08
aeroplane 0.517469 53.07 161.56 72.21 206.02
boat 0.517418 3.56 25.19 16.66 57.61
sheep 0.517416 171.52 58.80 206.96 101.72
boat 0.517394 52.54 42.56 67.02 74.48
car 0.517356 92.00 135.45 216.14 210.66
aeroplane 0.517340 104.75 188.87 120.81 204.23
aeroplane 0.517101 142.16 0.00 224.00 47.67
bottle 0.517092 47.13 20.38 56.73 44.08
boat 0.517041 54.75 31.44 66.45 62.11
aeroplane 0.516974 106.09 20.54 209.33 119.37
boat 0.516960 32.00 21.50 40.73 42.26
cow 0.516926 0.00 133.23 62.04 222.80
boat 0.516902 43.89 42.87 58.16 70.83
boat 0.516896 45.65 31.42 57.06 57.67
aeroplane 0.516809 13.08 198.25 42.12 224.00
aeroplane 0.516802 44.91 161.04 64.17 206.72
bird 0.516801 186.56 122.40 214.31 152.09
aeroplane 0.516798 6.48 171.74 24.44 206.51
bottle 0.516768 24.29 15.11 31.85 32.36
sheep 0.516664 193.18 65.13 216.95 104.76
boat 0.516641 22.76 32.24 33.64 52.82
aeroplane 0.516596 5.78 195.88 31.88 224.00
bottle 0.516488 82.40 17.70 104.47 48.62
sheep 0.516364 161.09 12.71 200.63 53.59
boat 0.516363 6.77 12.63 17.03 42.05
tvmonitor 0.516356 1.51 125.53 21.83 180.90
person 0.516308 64.86 152.68 94.47 194.76
person 0.516252 89.77 155.93 109.02 192.29
boat 0.516237 17.40 70.66 38.37 104.38
aeroplane 0.516235 139.00 31.96 163.81 82.62
boat 0.516226 2.42 146.16 23.53 197.29
boat 0.516163 4.57 159.70 23.88 202.41
aeroplane 0.516140 54.77 178.43 70.69 210.05
sheep 0.516114 165.41 0.00 203.49 26.24
dog 0.516011 168.01 47.36 207.07 90.92
aeroplane 0.515962 46.57 176.86 62.29 210.79
boat 0.515776 14.23 30.13 25.04 53.73
bird 0.515766 212.00 107.69 224.00 147.06
boat 0.515678 46.31 75.91 72.03 112.94
aeroplane 0.515651 65.48 7.78 187.77 111.17
dog 0.515587 159.53 14.94 205.72 55.80
aeroplane 0.515514 22.10 198.34 49.37 224.00
aeroplane 0.515425 62.82 201.78 84.12 224.00
tvmonitor 0.515316 84.00 30.83 109.05 75.02
sheep 0.515273 212.00 74.23 224.00 121.71
aeroplane 0.515271 158.79 0.00 196.63 29.95
boat 0.515253 92.61 172.24 110.43 199.93
aeroplane 0.514941 96.34 195.28 111.21 208.36
dog 0.514923 191.26 50.94 216.62 87.39
aeroplane 0.514908 83.94 191.49 98.39 208.08
boat 0.514757 24.12 21.19 31.91 40.44
boat 0.514725 94.77 186.39 111.68 203.98
bird 0.514676 212.00 85.32 224.00 132.88
aeroplane 0.514673 143.36 29.61 175.97 80.77
aeroplane 0.514648 71.00 202.61 90.61 224.00
boat 0.514603 16.06 19.08 24.15 40.35
aeroplane 0.514603 205.55 141.12 224.00 175.59
aeroplane 0.514486 212.00 122.86 224.00 155.36
aeroplane 0.514357 110.81 0.00 213.65 76.36
bird 0.514353 100.73 203.05 125.88 224.00
dog 0.514165 162.05 32.22 206.45 80.62
aeroplane 0.514086 31.73 197.35 54.99 224.00
boat 0.514058 10.51 81.36 39.88 118.46
person 0.514024 70.55 167.39 95.80 200.57
aeroplane 0.513996 56.26 200.05 78.00 224.00
aeroplane 0.513848 192.81 168.63 224.00 198.43
aeroplane 0.513840 192.67 180.71 224.00 209.89
aeroplane 0.513750 193.33 196.13 223.57 223.81
cow 0.513569 77.78 180.16 97.10 203.60
dog 0.513442 184.64 16.33 212.45 48.93
dog 0.513380 188.27 12.78 211.97 39.39
aeroplane 0.513361 211.39 130.36 224.00 164.84
aeroplane 0.513358 140.21 9.82 224.00 112.13
dog 0.513311 212.00 56.96 224.00 98.00
sheep 0.513190 212.00 61.67 224.00 105.02
sheep 0.513047 188.08 1.69 212.64 29.83
cow 0.513035 81.90 203.88 100.96 224.00
dog 0.512983 183.92 27.75 213.68 68.29
dog 0.512964 187.12 39.12 215.32 78.52
aeroplane 0.512914 41.46 197.27 63.18 224.00
aeroplane 0.512575 49.85 198.58 72.25 224.00
cow 0.512406 91.84 204.09 114.23 224.00
dog 0.511669 212.00 22.88 224.00 61.98
dog 0.511125 212.00 11.34 224.00 41.20
dog 0.510932 212.00 42.34 224.00 82.81
dog 0.510735 212.00 1.96 223.90 32.33
