sofa 0.657444 49.53 59.70 224.00 201.71
sofa 0.596039 65.27 55.64 201.87 162.88
sofa 0.595786 73.44 84.62 176.99 181.35
chair 0.587809 22.23 134.13 113.89 216.18
sofa 0.582043 112.27 59.08 211.61 161.27
dog 0.579425 115.11 59.22 211.61 154.21
chair 0.579187 7.86 140.92 90.93 219.88
sofa 0.574084 51.07 78.80 148.78 177.67
sofa 0.572502 65.65 58.45 160.91 150.66
chair 0.572297 45.39 83.10 137.80 179.14
sofa 0.571106 21.06 82.24 190.58 172.96
tvmonitor 0.569739 96.94 90.27 199.78 181.84
chair 0.569584 88.02 87.27 169.24 179.30
chair 0.567271 0.00 130.09 13.78 208.66
sofa 0.566663 99.07 83.30 197.76 171.01
chair 0.566291 111.58 62.92 207.78 163.65
chair 0.565025 23.89 114.31 144.19 211.50
sofa 0.562375 19.53 89.84 181.99 221.17
tvmonitor 0.562129 116.07 58.13 211.71 162.66
cat 0.558057 100.63 60.09 198.84 142.57
chair 0.558031 0.00 71.82 178.41 211.21
dog 0.557780 98.46 52.57 195.05 135.63
chair 0.556609 102.54 67.81 220.48 203.44
chair 0.556521 39.84 105.08 115.29 194.51
sofa 0.556426 79.22 48.97 171.15 130.43
tvmonitor 0.554131 0.00 110.77 15.84 190.66
chair 0.553850 125.05 137.39 190.52 207.10
chair 0.553648 35.63 152.42 117.21 224.00
tvmonitor 0.553270 121.35 104.59 213.21 193.89
cat 0.552632 123.86 138.79 191.82 209.66
dog 0.551178 83.44 45.41 171.95 122.36
tvmonitor 0.550587 129.06 144.23 188.84 203.91
chair 0.548662 15.26 146.82 74.01 207.08
chair 0.547118 133.68 106.26 219.78 198.65
sofa 0.546527 66.14 72.14 131.15 162.87
chair 0.545568 106.05 107.46 194.26 191.10
tvmonitor 0.544880 147.72 109.69 222.52 186.70
chair 0.544480 101.00 108.60 160.21 187.44
chair 0.544155 0.38 81.94 72.39 195.22
tvmonitor 0.543818 130.65 86.66 209.73 167.63
chair 0.543386 16.62 135.41 163.03 224.00
cat 0.542453 125.84 115.73 208.21 206.57
sofa 0.541872 75.32 58.63 146.10 125.42
chair 0.541807 7.33 92.91 100.64 191.98
tvmonitor 0.541759 0.00 95.41 13.13 166.94
dog 0.539915 102.14 39.37 179.49 110.29
chair 0.539218 166.73 136.81 206.93 214.77
chair 0.539093 50.12 170.68 124.96 224.00
chair 0.538433 0.00 57.18 47.44 186.86
dog 0.538329 135.42 51.22 206.74 125.23
chair 0.538095 53.15 96.10 121.48 173.81
sofa 0.536948 0.00 0.00 181.27 152.20
chair 0.536865 211.32 147.81 224.00 210.86
sofa 0.536861 0.00 7.69 41.05 144.84
chair 0.536697 15.41 133.75 65.95 195.85
chair 0.536436 123.94 155.53 159.42 199.98
chair 0.536392 11.72 113.98 82.10 196.85
sofa 0.535549 60.20 75.88 114.75 154.17
chair 0.535473 0.00 164.96 14.65 215.64
sofa 0.535230 69.11 65.25 120.93 141.00
chair 0.535069 16.06 81.31 53.36 147.34
chair 0.534931 18.54 155.44 65.05 217.31
chair 0.534896 103.65 156.68 135.14 210.64
tvmonitor 0.534876 0.00 76.35 9.10 146.78
tvmonitor 0.534624 191.33 115.29 224.00 181.61
chair 0.534435 8.41 131.04 44.11 208.26
chair 0.534104 154.02 117.17 210.96 207.98
chair 0.533807 13.52 119.24 56.38 181.44
sofa 0.533585 41.33 136.91 184.61 224.00
chair 0.533478 115.30 155.55 146.30 203.91
chair 0.533458 0.00 119.97 53.39 202.46
chair 0.532858 0.00 155.25 55.96 224.00
tvmonitor 0.532846 0.00 0.00 61.17 106.69
sofa 0.531177 8.78 82.34 91.08 207.27
bottle 0.530993 186.87 206.01 216.36 224.00
tvmonitor 0.530824 3.72 111.38 37.26 182.66
tvmonitor 0.530777 206.74 141.48 224.00 209.85
tvmonitor 0.530762 208.48 201.72 224.00 224.00
chair 0.530500 13.06 105.32 50.89 169.63
chair 0.530451 33.62 129.87 100.42 194.39
tvmonitor 0.530407 187.83 144.85 216.91 214.26
chair 0.530286 79.42 152.63 120.05 214.84
bottle 0.530164 0.00 190.09 20.17 224.00
tvmonitor 0.529816 202.48 112.32 224.00 168.97
chair 0.529735 73.00 178.64 117.45 222.22
chair 0.529634 50.37 186.75 109.15 224.00
chair 0.529369 51.37 143.13 107.97 216.65
chair 0.529168 70.92 109.35 139.58 187.71
chair 0.529103 64.16 68.06 108.19 137.92
chair 0.528980 117.88 141.18 158.23 196.43
chair 0.528842 164.18 0.00 224.00 77.88
chair 0.528786 207.06 0.00 224.00 21.44
bottle 0.528619 19.43 185.79 61.24 224.00
chair 0.528617 170.21 129.36 224.00 224.00
tvmonitor 0.528402 0.00 63.08 7.26 128.59
bottle 0.528268 179.64 205.31 208.50 224.00
tvmonitor 0.528236 156.01 100.98 213.77 169.19
tvmonitor 0.528090 157.71 122.06 211.75 207.65
sofa 0.528059 0.00 47.30 50.36 178.66
chair 0.528018 91.85 178.17 125.75 222.70
chair 0.527712 3.42 105.44 35.10 174.18
tvmonitor 0.527688 174.18 205.41 202.00 224.00
tvmonitor 0.527677 0.00 55.21 7.68 107.14
aeroplane 0.527652 78.27 48.75 156.66 112.56
boat 0.527649 5.76 16.94 31.81 67.47
chair 0.527621 95.96 166.40 128.60 218.63
chair 0.527584 218.95 7.28 224.00 53.42
tvmonitor 0.527528 0.00 17.75 22.72 70.19
tvmonitor 0.527371 148.58 63.47 209.86 145.92
chair 0.527319 21.21 70.17 56.60 134.86
sofa 0.527208 7.16 63.12 73.04 181.66
tvmonitor 0.527205 216.70 82.30 224.00 136.38
tvmonitor 0.527140 139.86 206.05 172.90 224.00
tvmonitor 0.526990 200.99 129.80 224.00 201.03
chair 0.526929 188.94 146.85 217.37 214.42
chair 0.526894 217.04 12.46 224.00 60.40
sofa 0.526735 75.50 62.50 128.17 106.33
chair 0.526654 83.87 194.90 131.14 224.00
sofa 0.526650 24.60 72.91 103.83 185.58
chair 0.526496 94.90 199.58 138.85 224.00
tvmonitor 0.526474 218.95 73.89 224.00 126.84
bottle 0.526469 198.87 204.51 223.97 224.00
chair 0.526452 41.75 113.90 100.80 179.32
sofa 0.526418 0.00 0.00 65.36 110.23
chair 0.526339 0.00 0.00 19.23 23.14
tvmonitor 0.526322 208.25 104.99 224.00 159.94
chair 0.526278 111.20 204.45 150.07 224.00
dog 0.525985 152.11 59.85 210.19 135.38
dog 0.525926 162.75 51.45 211.79 112.64
tvmonitor 0.525918 1.40 11.45 23.56 53.41
tvmonitor 0.525882 212.96 93.46 224.00 148.27
chair 0.525744 125.70 27.61 223.35 163.36
bottle 0.525563 4.84 191.84 41.57 224.00
chair 0.525561 103.91 133.58 145.13 196.00
dog 0.525527 118.56 31.78 146.66 55.05
sofa 0.525433 93.48 123.89 202.72 224.00
sofa 0.525411 87.06 89.74 221.22 219.34
chair 0.525399 5.27 87.49 39.05 153.79
dog 0.525399 113.10 28.48 137.39 48.63
tvmonitor 0.525339 220.00 60.25 224.00 110.23
dog 0.525271 220.00 53.09 224.00 101.78
dog 0.525255 112.50 32.58 139.87 53.55
tvmonitor 0.525117 0.00 12.08 7.93 64.42
chair 0.525084 116.42 122.81 209.95 224.00
chair 0.525055 135.40 205.67 168.92 224.00
chair 0.524996 124.42 30.34 152.23 55.30
sofa 0.524987 0.00 33.36 66.22 154.02
tvmonitor 0.524871 158.24 206.38 189.69 224.00
aeroplane 0.524844 8.61 13.88 30.92 58.96
chair 0.524100 135.65 29.89 157.91 55.00
chair 0.524082 213.73 166.88 224.00 220.25
tvmonitor 0.524060 0.00 40.03 9.37 88.69
dog 0.523835 108.84 36.21 163.89 83.32
aeroplane 0.523795 0.00 0.00 98.72 37.56
tvmonitor 0.523743 0.00 0.00 73.76 60.77
tvmonitor 0.523659 3.13 27.88 30.35 76.10
diningtable 0.523626 215.25 18.51 224.00 67.17
diningtable 0.523605 217.99 36.84 224.00 85.77
diningtable 0.523525 74.00 64.08 110.84 101.23
chair 0.523523 23.86 119.07 68.08 176.83
chair 0.523514 151.02 0.00 224.00 110.60
sofa 0.523506 26.62 29.22 208.03 172.02
tvmonitor 0.523421 169.28 65.68 213.68 137.68
chair 0.523418 40.55 188.21 92.92 224.00
chair 0.523295 56.69 69.67 96.04 134.37
tvmonitor 0.523206 171.20 110.89 217.81 173.96
dog 0.523081 184.50 22.97 207.92 60.08
dog 0.523043 107.89 28.01 128.50 45.57
sofa 0.523032 22.72 51.51 91.79 158.64
bottle 0.523032 116.40 35.70 167.37 83.03
chair 0.522918 75.00 63.24 113.76 110.62
chair 0.522867 176.81 171.15 202.65 215.62
bottle 0.522769 0.00 176.94 21.96 220.12
chair 0.522564 145.19 30.04 162.12 53.99
tvmonitor 0.522562 138.29 170.87 172.79 215.25
sheep 0.522553 185.10 17.57 208.45 52.57
bottle 0.522492 145.64 25.36 161.44 48.33
chair 0.522368 87.22 0.00 162.50 54.31
chair 0.522367 68.27 64.35 101.24 122.67
aeroplane 0.522328 171.22 59.85 214.20 126.73
diningtable 0.522298 33.80 63.37 56.54 101.34
person 0.522207 84.72 0.00 224.00 171.77
diningtable 0.522069 67.97 65.69 91.89 98.75
diningtable 0.522057 58.90 66.47 81.19 98.44
tvmonitor 0.521936 0.00 55.54 16.19 95.66
cat 0.521927 0.00 0.00 88.29 44.29
dog 0.521833 114.08 21.85 134.14 40.98
chair 0.521829 25.46 186.86 72.48 224.00
chair 0.521791 75.97 132.08 127.31 199.49
bottle 0.521698 147.92 20.42 161.16 40.04
bottle 0.521668 130.24 33.43 159.93 62.40
chair 0.521632 100.93 174.11 135.46 221.78
pottedplant 0.521537 151.18 0.00 224.00 72.47
tvmonitor 0.521477 0.00 45.90 18.36 87.30
aeroplane 0.521474 74.26 56.64 139.41 105.97
chair 0.521454 120.03 33.77 154.81 62.38
chair 0.521450 179.39 0.00 211.03 16.85
chair 0.521445 41.28 90.76 92.34 160.32
dog 0.521391 115.24 35.13 151.43 63.23
boat 0.521369 12.64 18.35 38.83 63.13
bottle 0.521357 137.26 21.38 155.22 43.83
tvmonitor 0.521241 0.00 0.00 9.32 45.05
sheep 0.521189 108.79 22.33 126.57 37.70
sofa 0.521167 7.93 29.23 91.17 137.77
dog 0.521157 159.71 39.48 199.79 94.92
chair 0.521086 23.97 102.59 64.36 164.80
diningtable 0.521051 27.78 64.11 51.82 99.62
chair 0.520945 212.38 0.00 224.00 32.32
aeroplane 0.520799 187.21 14.30 212.61 54.62
chair 0.520788 0.00 0.00 29.21 18.64
dog 0.520703 107.87 31.38 131.29 50.46
aeroplane 0.520667 42.33 0.00 130.52 41.15
dog 0.520576 183.08 29.13 207.56 71.81
chair 0.520517 6.81 163.77 37.83 213.69
chair 0.520515 68.84 0.00 147.20 47.14
dog 0.520326 171.60 37.92 205.41 91.70
tvmonitor 0.520289 211.43 186.87 224.00 224.00
chair 0.520198 59.07 65.93 88.36 121.52
dog 0.520151 127.11 22.62 149.21 46.33
sofa 0.520022 0.00 0.00 104.18 68.06
sheep 0.519944 119.60 22.37 141.97 44.92
boat 0.519939 0.74 0.00 23.14 42.24
chair 0.519917 193.37 0.00 224.00 18.79
boat 0.519824 10.81 29.14 38.69 73.51
chair 0.519672 26.91 66.81 52.81 112.58
chair 0.519668 150.90 0.00 179.53 17.17
sofa 0.519612 72.50 0.00 224.00 176.54
chair 0.519584 180.55 165.85 211.84 215.62
sheep 0.519576 134.63 0.00 164.62 16.45
diningtable 0.519424 46.28 66.24 68.87 100.25
dog 0.519389 182.74 18.22 202.49 49.11
boat 0.519312 126.54 0.00 156.35 15.43
sofa 0.519267 86.57 38.09 207.81 144.26
chair 0.519226 140.26 34.27 163.76 62.88
chair 0.519209 35.44 72.58 74.12 140.87
chair 0.519189 143.22 0.00 172.76 17.51
dog 0.519139 173.40 26.06 196.09 56.78
diningtable 0.519123 83.69 0.00 177.50 101.46
tvmonitor 0.519011 0.00 65.91 12.00 130.25
chair 0.519001 126.51 37.00 170.55 84.16
boat 0.518946 26.08 0.00 60.66 16.73
tvmonitor 0.518854 189.17 68.74 220.44 130.94
chair 0.518811 104.94 0.00 191.04 67.31
tvmonitor 0.518767 4.73 57.68 29.31 91.57
chair 0.518741 158.70 0.00 186.99 16.72
tvmonitor 0.518621 2.54 47.31 29.67 83.78
dog 0.518613 169.81 32.33 196.22 71.51
boat 0.518578 35.30 0.00 69.70 17.28
aeroplane 0.518569 18.82 13.87 37.54 46.50
dog 0.518529 178.74 44.11 214.28 99.03
tvmonitor 0.518479 0.00 0.00 13.57 31.63
sheep 0.518475 185.73 1.87 206.62 35.88
chair 0.518469 18.23 0.00 52.76 16.20
chair 0.518410 18.06 64.72 44.17 98.64
aeroplane 0.518368 93.65 41.71 148.35 90.12
chair 0.518311 133.30 0.00 216.06 65.87
bottle 0.518311 152.64 24.88 167.07 46.64
aeroplane 0.518238 25.72 16.04 43.63 43.40
boat 0.518171 45.18 0.00 78.41 17.34
chair 0.518142 167.40 0.00 196.61 16.64
bottle 0.518128 154.81 20.02 166.53 38.00
aeroplane 0.518104 34.53 17.53 50.42 40.39
boat 0.518053 110.24 0.00 140.65 15.43
sheep 0.518051 117.76 0.00 148.67 15.12
chair 0.517992 176.50 189.23 199.73 224.00
bottle 0.517992 151.14 30.30 167.74 53.78
aeroplane 0.517951 21.00 21.81 44.78 58.56
chair 0.517924 15.72 59.93 42.51 90.73
aeroplane 0.517861 188.48 55.85 222.37 112.23
diningtable 0.517835 37.93 61.39 60.44 95.36
boat 0.517777 53.96 0.00 86.43 16.90
aeroplane 0.517670 185.19 26.30 211.84 71.12
boat 0.517600 102.32 0.00 132.61 15.96
sheep 0.517585 184.56 13.43 201.87 40.81
bottle 0.517574 6.71 175.68 36.61 221.05
dog 0.517538 140.75 39.84 188.13 93.89
aeroplane 0.517367 44.24 18.21 58.09 37.52
dog 0.517333 104.02 26.65 121.63 43.42
chair 0.517308 147.58 152.47 193.52 209.29
tvmonitor 0.517270 141.41 193.01 169.97 224.00
boat 0.517268 61.95 0.00 94.63 16.01
dog 0.517191 174.70 19.75 196.22 46.21
aeroplane 0.517184 104.98 35.11 138.14 62.19
bottle 0.517180 150.47 12.90 163.22 28.72
tvmonitor 0.517176 186.20 93.49 216.98 155.33
dog 0.517033 179.38 0.00 208.72 23.89
chair 0.517006 117.72 172.99 150.37 217.32
aeroplane 0.516897 159.51 28.97 178.79 55.64
sheep 0.516817 140.64 12.29 156.05 30.43
sheep 0.516812 109.06 14.14 124.07 26.10
sheep 0.516798 115.58 12.78 130.71 27.03
chair 0.516772 17.71 68.27 47.65 112.47
boat 0.516677 69.80 0.00 102.56 15.51
aeroplane 0.516605 75.74 35.35 91.36 51.43
boat 0.516530 12.46 49.28 41.28 82.03
boat 0.516458 20.72 33.08 45.69 71.52
bottle 0.516437 156.55 12.88 168.27 27.35
chair 0.516427 39.83 65.30 66.28 123.42
aeroplane 0.516410 182.15 35.66 212.77 87.72
aeroplane 0.516406 54.11 17.50 67.38 34.60
aeroplane 0.516367 80.44 48.79 130.36 93.65
aeroplane 0.516358 32.36 6.28 51.52 33.44
aeroplane 0.516326 11.25 0.00 30.99 39.89
sofa 0.516292 71.43 0.00 164.48 94.46
aeroplane 0.516289 31.30 25.28 51.00 54.98
dog 0.516235 161.62 22.88 177.45 46.62
aeroplane 0.516149 42.80 21.92 57.21 45.44
aeroplane 0.516095 53.80 22.31 66.22 43.75
sheep 0.516042 183.72 4.91 200.71 30.65
sheep 0.515999 130.69 11.91 147.01 30.16
bottle 0.515993 183.38 188.13 212.78 224.00
chair 0.515915 197.02 164.28 218.47 216.49
sheep 0.515911 0.00 0.00 26.80 27.13
aeroplane 0.515909 193.65 11.28 220.13 57.36
dog 0.515797 104.64 22.13 120.44 35.40
aeroplane 0.515776 42.17 7.96 59.79 30.27
aeroplane 0.515734 76.44 44.08 93.64 67.63
sheep 0.515690 197.09 7.59 219.64 51.37
sofa 0.515679 40.10 14.55 136.65 118.94
aeroplane 0.515673 186.55 0.00 211.46 39.27
bottle 0.515610 146.25 35.07 169.62 65.44
boat 0.515572 23.84 51.84 49.47 82.06
boat 0.515516 94.82 0.00 125.25 16.23
aeroplane 0.515514 41.85 27.22 57.00 53.18
dog 0.515512 153.35 34.55 181.27 70.13
aeroplane 0.515371 53.39 28.73 65.63 52.44
diningtable 0.515358 33.24 53.47 54.95 82.62
aeroplane 0.515285 103.78 30.11 124.24 48.84
dog 0.515275 163.81 17.74 176.76 36.74
aeroplane 0.515210 190.19 43.67 221.33 96.01
sheep 0.515201 121.74 11.84 138.03 28.32
aeroplane 0.515128 31.25 36.01 51.97 68.53
boat 0.515088 86.12 0.00 117.80 15.81
chair 0.515085 113.99 0.00 218.41 113.26
aeroplane 0.515069 82.14 42.23 109.22 66.86
aeroplane 0.515065 83.96 34.85 104.75 50.05
dog 0.515060 176.71 15.13 194.41 36.12
aeroplane 0.515037 75.85 27.65 91.96 42.75
sheep 0.515025 177.69 0.00 203.14 21.73
aeroplane 0.514943 24.38 4.48 44.79 35.89
tvmonitor 0.514939 5.49 70.37 34.25 127.74
tvmonitor 0.514933 6.33 66.01 29.25 114.56
aeroplane 0.514922 62.73 23.89 75.13 42.10
aeroplane 0.514833 69.46 34.28 82.52 51.72
aeroplane 0.514711 62.91 31.47 75.11 51.64
tvmonitor 0.514667 199.10 187.93 220.08 224.00
sofa 0.514605 45.26 0.00 148.16 86.24
aeroplane 0.514520 73.93 54.66 100.10 90.20
aeroplane 0.514401 62.62 17.06 76.21 31.91
aeroplane 0.514375 51.85 8.34 69.19 26.76
aeroplane 0.514323 18.02 1.49 38.47 37.55
sheep 0.514282 164.84 10.67 177.30 25.02
tvmonitor 0.514247 112.23 193.00 147.84 224.00
aeroplane 0.514204 69.01 26.18 82.80 41.95
aeroplane 0.514195 90.29 38.59 121.51 65.71
aeroplane 0.514181 85.05 28.60 103.93 42.65
dog 0.513995 95.47 27.60 113.36 42.11
aeroplane 0.513811 94.46 32.35 115.37 48.70
tvmonitor 0.513766 157.91 173.57 189.91 211.64
chair 0.513707 180.53 0.00 213.42 25.88
tvmonitor 0.513529 131.76 194.10 164.90 224.00
dog 0.513441 5.49 0.00 34.75 26.06
aeroplane 0.513372 76.36 19.42 92.65 31.66
aeroplane 0.513358 70.60 43.86 83.82 67.63
sheep 0.513319 104.86 0.00 127.79 16.88
aeroplane 0.513303 61.18 7.84 78.28 23.73
aeroplane 0.513265 40.50 37.61 57.37 66.81
aeroplane 0.513256 69.32 18.04 84.19 30.48
sheep 0.513214 103.82 14.75 118.61 24.97
sheep 0.513146 112.32 0.00 135.38 16.27
aeroplane 0.513135 191.04 24.49 219.47 71.91
bottle 0.513133 153.48 0.00 174.47 19.67
sheep 0.513057 176.67 8.31 192.96 25.06
diningtable 0.512959 39.31 54.53 59.15 83.49
aeroplane 0.512922 68.62 54.92 86.96 86.87
aeroplane 0.512881 52.27 39.02 66.43 66.29
aeroplane 0.512785 63.24 41.42 76.64 66.54
dog 0.512648 96.51 22.48 112.74 33.88
aeroplane 0.512634 68.64 8.28 86.08 21.28
tvmonitor 0.512434 172.33 189.92 195.72 224.00
sheep 0.512407 161.32 0.00 182.43 17.82
aeroplane 0.512407 75.93 9.43 93.25 21.46
aeroplane 0.512391 85.81 21.75 103.45 32.96
chair 0.512265 197.28 0.00 220.03 42.56
bottle 0.512256 146.18 0.00 167.88 20.17
tvmonitor 0.512043 160.37 192.30 187.72 224.00
sheep 0.512014 128.54 0.00 151.23 16.66
aeroplane 0.511833 60.12 55.02 79.09 84.59
sheep 0.511760 170.90 0.00 194.70 18.31
aeroplane 0.511735 18.84 0.00 49.72 25.30
aeroplane 0.511473 48.37 55.00 68.25 83.96
aeroplane 0.511433 26.71 0.00 56.94 24.42
dog 0.511412 12.21 0.00 42.67 24.86
aeroplane 0.511302 84.97 12.30 102.30 22.38
chair 0.511271 193.11 0.00 221.85 29.79
aeroplane 0.511217 36.88 0.00 66.31 22.62
sheep 0.511042 95.66 14.18 111.35 23.58
dog 0.510872 47.45 0.00 75.23 19.83
sheep 0.510809 71.74 0.00 98.18 14.63
dog 0.510729 64.44 0.00 91.19 15.16
dog 0.510696 56.66 0.00 83.34 17.12
sheep 0.510638 98.04 0.00 121.33 16.55
sheep 0.509564 79.73 0.00 106.08 14.41
sheep 0.509352 89.05 0.00 113.84 15.37
