horse 0.603606 118.20 80.34 157.96 163.57
horse 0.598910 140.96 79.12 178.94 158.66
horse 0.581373 133.73 79.50 166.48 154.42
dog 0.578215 61.42 154.20 87.45 222.08
person 0.578161 103.84 89.21 156.48 181.01
dog 0.572853 76.12 147.04 88.01 215.43
horse 0.572121 135.52 76.74 196.57 160.36
dog 0.562913 70.69 138.43 85.15 216.03
dog 0.560734 68.90 111.95 82.78 192.88
dog 0.557509 76.91 110.04 88.01 195.13
person 0.557247 89.63 90.33 134.03 180.76
dog 0.556852 83.48 149.86 96.59 209.11
dog 0.556633 35.11 125.96 53.12 196.78
dog 0.553835 57.75 119.57 75.91 196.16
dog 0.553394 83.07 103.41 96.83 186.86
dog 0.552149 47.36 96.68 70.41 124.79
horse 0.551472 108.11 90.22 139.55 171.03
dog 0.551267 38.40 123.02 64.50 193.95
horse 0.550503 143.14 91.71 169.90 160.40
dog 0.549732 52.18 98.11 76.07 126.21
horse 0.548771 149.55 91.81 185.41 161.86
horse 0.547619 180.36 85.99 224.00 180.29
horse 0.547452 98.00 96.20 115.27 179.76
dog 0.547233 90.06 152.20 106.95 201.92
dog 0.546954 89.95 98.94 104.31 183.64
person 0.546325 81.44 97.65 117.25 181.96
person 0.545810 74.88 111.48 109.19 186.06
dog 0.545567 59.54 97.77 83.70 129.00
person 0.544629 99.47 94.24 116.14 173.41
horse 0.544112 120.31 96.82 173.78 164.17
dog 0.544073 59.73 135.76 80.35 214.83
dog 0.543999 81.25 93.04 101.19 131.83
dog 0.543846 70.68 98.04 93.14 132.82
horse 0.543501 165.95 89.60 214.17 163.76
dog 0.543183 74.09 104.24 91.38 173.33
person 0.543174 83.36 101.52 98.18 174.53
dog 0.543120 39.90 97.55 63.79 123.56
person 0.542930 54.96 155.32 92.81 213.15
person 0.542738 69.06 125.63 106.18 193.45
person 0.542260 61.61 139.48 95.43 197.89
person 0.541855 109.66 79.61 168.36 164.64
person 0.541690 90.73 97.21 104.95 173.97
person 0.541484 0.00 108.21 28.72 217.33
person 0.541342 115.00 96.37 152.56 166.42
horse 0.541140 108.79 89.15 168.53 180.23
horse 0.540994 156.45 97.42 196.89 170.45
dog 0.540957 88.84 96.06 108.29 143.55
person 0.540796 89.75 92.04 108.50 135.32
horse 0.540346 94.83 155.38 113.94 197.73
dog 0.540158 82.72 100.13 100.17 151.64
dog 0.539176 64.67 105.17 84.80 168.39
horse 0.539044 148.50 84.32 205.87 151.88
person 0.538343 0.00 204.03 17.00 224.00
horse 0.538195 144.26 87.48 189.44 140.03
horse 0.537998 101.67 99.72 127.07 181.20
person 0.537853 98.31 92.73 118.41 142.79
horse 0.537728 206.07 87.92 224.00 143.39
dog 0.537595 46.18 146.34 78.03 222.65
person 0.536737 107.60 96.69 140.81 162.15
dog 0.536624 41.15 132.83 69.37 210.84
dog 0.536411 25.47 98.03 53.78 122.00
person 0.535973 80.90 113.70 130.84 190.70
horse 0.535645 215.10 113.34 224.00 178.46
dog 0.535493 19.18 97.06 47.45 119.77
horse 0.535416 150.45 103.64 174.08 166.46
person 0.535012 48.34 167.75 95.53 224.00
dog 0.534925 54.93 178.75 89.11 224.00
person 0.534873 60.76 148.00 103.20 211.42
horse 0.534759 210.93 106.84 224.00 170.74
horse 0.534704 22.31 0.00 72.30 15.41
horse 0.534544 19.45 70.92 50.09 85.61
chair 0.533834 0.00 124.79 9.49 189.57
horse 0.533514 100.56 158.76 119.98 195.56
horse 0.533491 93.92 117.37 113.73 194.35
dog 0.533409 27.85 126.50 51.64 183.62
person 0.532986 0.00 105.92 77.89 224.00
car 0.532874 0.00 45.77 77.36 213.11
person 0.532733 62.11 104.81 95.20 181.84
horse 0.532720 211.87 80.33 224.00 130.78
horse 0.532375 114.98 109.09 145.30 181.55
person 0.532358 94.30 105.11 150.23 191.67
person 0.532273 0.00 207.76 31.49 224.00
person 0.531723 65.93 119.58 92.53 191.04
horse 0.531570 20.81 74.93 49.51 89.04
person 0.531520 0.00 138.10 35.31 224.00
person 0.531189 212.92 203.74 224.00 224.00
dog 0.531052 217.87 121.06 224.00 185.53
person 0.531040 0.00 136.32 9.37 200.55
horse 0.531017 37.15 0.00 83.50 17.35
person 0.530769 49.64 147.12 88.10 201.95
dog 0.530673 95.76 156.43 114.27 200.28
horse 0.530618 124.43 104.69 150.35 173.96
tvmonitor 0.530353 18.27 100.71 43.18 121.22
horse 0.530243 173.67 104.08 212.47 180.97
person 0.530128 146.37 205.25 177.89 224.00
person 0.530092 152.97 206.85 185.20 224.00
dog 0.529845 37.10 147.17 58.76 209.77
person 0.529812 118.55 157.91 140.21 193.42
dog 0.529773 32.27 137.52 50.52 203.87
horse 0.529745 28.86 70.95 59.99 85.15
person 0.529712 140.61 124.98 224.00 224.00
person 0.529592 163.17 208.92 195.37 224.00
cow 0.529439 213.69 75.14 224.00 121.20
person 0.529419 188.02 115.62 224.00 215.68
horse 0.529308 49.32 0.00 92.34 16.12
motorbike 0.529264 13.48 31.86 61.39 49.52
person 0.529184 24.83 115.04 60.59 195.82
horse 0.529118 218.46 60.57 224.00 98.27
dog 0.528999 70.99 68.61 92.52 87.61
dog 0.528979 53.91 107.86 77.16 164.68
horse 0.528916 170.96 83.21 213.47 140.43
dog 0.528872 220.00 143.15 224.00 201.92
person 0.528759 175.94 164.08 224.00 224.00
horse 0.528751 104.39 156.03 128.38 194.54
person 0.528693 129.15 156.58 148.33 192.62
person 0.528557 0.00 118.05 44.81 212.73
car 0.528549 0.00 0.00 48.91 43.75
horse 0.528442 10.76 30.97 59.88 49.88
person 0.528282 101.48 206.13 130.74 224.00
tvmonitor 0.528131 0.00 112.23 10.54 168.44
car 0.528020 25.16 0.00 95.97 29.93
cow 0.527990 216.50 68.32 224.00 109.48
person 0.527952 99.72 127.28 191.86 224.00
dog 0.527934 69.41 156.33 95.80 218.10
tvmonitor 0.527902 12.53 95.39 38.75 115.51
person 0.527901 179.40 0.00 224.00 35.93
horse 0.527814 160.68 62.37 224.00 204.89
person 0.527421 44.35 114.62 80.16 188.77
person 0.527414 109.10 207.01 140.11 224.00
person 0.527375 164.37 118.50 189.09 175.49
horse 0.527201 35.93 0.00 109.42 27.82
horse 0.527112 97.15 118.62 121.40 192.13
chair 0.527097 8.68 128.95 23.54 189.69
horse 0.526882 181.68 85.19 219.76 145.02
horse 0.526833 30.46 75.18 59.83 89.86
person 0.526743 171.24 210.44 206.87 224.00
person 0.526718 208.93 0.00 224.00 18.79
person 0.526715 169.10 144.80 189.43 194.06
person 0.526589 0.00 82.03 34.74 175.34
car 0.526575 0.00 111.91 105.48 224.00
dog 0.526551 8.38 132.27 21.85 193.68
car 0.526543 0.00 0.00 102.00 126.64
car 0.526479 0.00 0.00 26.42 19.26
person 0.526419 136.23 87.65 188.59 157.59
tvmonitor 0.526329 0.00 106.27 12.17 153.26
dog 0.526310 172.83 141.37 197.31 195.56
person 0.526229 167.74 132.13 189.95 184.78
person 0.526187 118.17 207.02 151.45 224.00
person 0.526126 138.71 158.09 156.65 196.29
dog 0.526028 76.41 69.47 100.60 87.81
horse 0.525979 219.26 53.50 224.00 89.21
horse 0.525922 12.05 0.00 57.33 13.64
tvmonitor 0.525830 0.00 99.74 15.18 139.55
horse 0.525805 37.69 70.40 66.94 85.50
dog 0.525792 48.74 161.66 85.74 216.73
sheep 0.525768 7.16 135.40 20.90 197.63
horse 0.525726 135.53 103.08 158.55 168.57
horse 0.525724 14.78 36.82 57.60 56.31
person 0.525527 0.00 176.27 9.79 224.00
person 0.525513 135.12 205.41 168.40 224.00
car 0.525464 3.14 0.00 68.60 36.40
dog 0.525451 220.00 163.31 224.00 214.51
person 0.525317 0.00 191.61 12.34 224.00
person 0.525285 178.95 211.24 215.54 224.00
horse 0.525228 62.42 68.60 83.11 86.74
dog 0.525217 36.76 91.58 65.13 117.75
person 0.525039 151.63 0.00 224.00 152.21
person 0.525024 0.00 154.92 8.40 215.10
person 0.525008 161.64 134.44 182.76 185.30
motorbike 0.524954 81.23 174.60 166.16 224.00
tvmonitor 0.524939 12.77 105.32 38.30 130.85
tvmonitor 0.524930 0.00 94.73 17.66 129.32
tvmonitor 0.524923 7.98 97.62 37.06 122.53
person 0.524916 159.93 118.63 181.46 174.28
horse 0.524613 115.53 138.85 141.05 190.90
dog 0.524611 71.55 76.01 91.44 99.07
dog 0.524608 30.59 160.28 47.91 210.41
horse 0.524581 104.77 114.38 134.32 188.40
person 0.524579 161.11 147.18 181.25 195.18
horse 0.524542 0.00 72.06 103.23 208.77
person 0.524512 145.08 190.05 165.76 223.43
sheep 0.524504 189.32 209.71 222.45 224.00
horse 0.524497 145.73 103.83 201.99 181.24
dog 0.524471 18.86 131.21 34.28 191.57
car 0.524380 51.47 122.20 151.61 224.00
horse 0.524336 105.68 110.87 173.42 195.14
horse 0.524052 17.56 59.85 51.72 79.48
horse 0.524044 95.94 140.19 119.28 197.47
bicycle 0.524034 62.36 172.46 140.12 224.00
tvmonitor 0.524003 17.24 128.19 35.77 184.77
person 0.523968 83.22 197.08 115.76 224.00
cow 0.523966 174.53 110.02 212.12 185.10
horse 0.523958 192.77 108.05 224.00 179.46
person 0.523916 0.00 158.55 60.37 224.00
horse 0.523832 58.45 0.00 137.34 26.51
tvmonitor 0.523762 23.64 125.82 45.66 177.51
horse 0.523646 127.05 135.22 147.59 186.89
horse 0.523476 39.36 75.54 65.97 92.26
dog 0.523466 77.05 77.49 99.50 100.97
horse 0.523432 150.23 81.23 195.59 131.60
person 0.523387 144.97 153.96 164.72 196.58
tvmonitor 0.523285 6.84 117.84 26.41 167.11
person 0.523181 28.12 167.76 84.20 224.00
car 0.523164 12.99 70.89 40.29 84.17
person 0.523164 152.46 137.94 173.40 187.63
aeroplane 0.523094 6.69 0.00 48.57 13.48
person 0.523029 105.18 93.56 129.38 144.19
dog 0.522982 28.00 132.90 46.36 199.61
horse 0.522944 110.80 168.03 203.15 224.00
dog 0.522931 61.68 187.18 100.85 224.00
tvmonitor 0.522868 0.00 84.28 18.93 117.59
person 0.522760 153.66 119.20 173.66 175.59
tvmonitor 0.522732 25.16 115.79 50.66 160.83
sheep 0.522609 202.83 205.82 224.00 224.00
dog 0.522586 42.14 112.18 69.47 165.08
dog 0.522531 31.86 202.43 66.24 224.00
person 0.522450 33.36 132.06 72.04 200.48
horse 0.522440 69.89 0.00 110.31 14.97
horse 0.522395 47.16 69.57 72.98 85.95
horse 0.522390 92.73 75.14 162.59 186.60
motorbike 0.522352 12.05 26.16 65.14 43.99
person 0.522264 12.91 207.80 49.43 224.00
person 0.522248 22.24 206.60 56.21 224.00
dog 0.522210 18.40 89.59 49.00 112.93
person 0.522194 151.16 150.23 171.95 197.21
sheep 0.522158 2.88 176.07 23.21 223.44
sheep 0.522123 220.00 183.80 224.00 224.00
person 0.522099 70.16 147.14 135.63 216.11
person 0.522089 220.00 45.31 224.00 79.78
dog 0.522074 101.93 158.54 119.89 197.24
tvmonitor 0.521973 6.25 110.14 29.65 148.32
cow 0.521778 171.28 126.32 203.39 192.69
horse 0.521751 70.05 61.50 92.28 82.30
dog 0.521719 85.84 162.06 108.17 216.17
car 0.521671 1.41 0.00 38.40 14.52
horse 0.521434 66.44 90.89 150.19 191.21
sheep 0.521405 217.48 196.66 224.00 224.00
car 0.521400 14.41 76.11 40.98 89.80
tvmonitor 0.521391 23.78 104.30 48.36 130.80
horse 0.521356 175.86 59.37 224.00 150.67
dog 0.521339 83.30 69.70 107.83 89.50
horse 0.521255 187.01 97.06 222.31 160.47
cow 0.521206 220.00 27.32 224.00 59.42
cow 0.521194 220.00 35.81 224.00 68.94
horse 0.521164 22.97 31.27 65.96 53.25
dog 0.521157 37.73 171.17 60.12 217.43
horse 0.521157 69.19 34.83 93.76 54.00
dog 0.521029 12.35 88.36 40.82 109.13
dog 0.520915 85.19 78.09 107.76 105.85
person 0.520815 2.44 91.98 49.91 180.15
person 0.520764 142.26 188.87 160.09 221.65
horse 0.520742 11.05 23.06 63.61 46.32
dog 0.520732 45.38 192.42 85.32 224.00
horse 0.520715 70.09 43.77 92.85 63.82
dog 0.520659 41.18 102.43 64.12 131.08
tvmonitor 0.520637 20.32 116.04 45.05 155.18
dog 0.520635 96.06 169.76 117.02 217.17
dog 0.520611 169.03 156.03 187.85 202.09
person 0.520588 0.00 90.92 109.96 214.67
sheep 0.520566 5.03 153.15 20.56 209.29
person 0.520425 144.42 173.85 164.27 210.61
cow 0.520418 156.79 0.00 189.28 15.20
horse 0.520331 155.39 72.29 195.09 118.32
sheep 0.520322 174.04 167.23 196.14 210.52
person 0.520307 156.79 191.71 178.60 223.20
tvmonitor 0.520301 12.77 113.69 36.82 149.63
horse 0.520295 160.41 0.00 224.00 175.51
cow 0.520249 148.77 0.00 181.34 15.00
aeroplane 0.520121 131.97 0.00 201.05 24.29
horse 0.520113 185.47 68.36 212.02 104.39
person 0.520041 0.00 46.88 32.34 124.70
dog 0.520035 63.28 75.54 82.65 97.02
car 0.519992 159.26 0.00 224.00 27.21
horse 0.519936 202.06 64.99 219.97 99.46
bicycle 0.519915 86.70 146.66 159.05 223.95
horse 0.519894 138.37 120.86 205.99 199.45
horse 0.519891 137.62 128.69 156.70 182.97
car 0.519827 0.00 77.69 18.20 110.73
horse 0.519763 15.99 44.77 52.88 67.93
cow 0.519744 220.00 12.73 224.00 44.99
horse 0.519723 146.75 122.61 166.80 178.43
sheep 0.519723 166.91 189.10 188.10 223.39
horse 0.519690 98.06 0.00 170.46 28.46
dog 0.519678 29.83 115.31 56.75 164.66
person 0.519671 0.00 64.62 14.73 91.87
motorbike 0.519603 12.87 16.67 66.62 39.41
horse 0.519587 117.18 0.00 187.17 26.29
horse 0.519578 146.27 73.52 183.17 120.42
person 0.519548 117.90 67.20 180.43 154.64
horse 0.519532 20.63 80.46 49.41 101.35
car 0.519476 0.00 28.30 32.96 95.34
cow 0.519459 140.78 0.00 173.21 14.83
motorbike 0.519425 97.84 147.61 172.09 224.00
person 0.519400 0.00 54.68 14.35 84.19
cow 0.519384 165.29 0.00 197.44 15.37
dog 0.519337 74.80 61.67 100.91 82.18
boat 0.519335 173.64 0.00 205.04 15.65
car 0.519333 0.00 29.08 15.97 57.48
dog 0.519316 94.64 70.25 117.39 93.85
dog 0.519314 15.65 174.66 34.56 220.25
horse 0.519295 49.84 75.73 72.17 94.95
diningtable 0.519284 150.53 32.42 175.00 55.90
tvmonitor 0.519205 8.27 86.60 38.44 111.63
dog 0.519167 97.05 79.09 117.91 112.27
horse 0.519147 168.38 118.05 224.00 203.83
dog 0.519139 196.84 115.01 224.00 184.88
dog 0.519088 17.30 163.27 33.14 210.07
cow 0.519066 115.60 0.00 148.84 15.06
horse 0.519060 62.52 61.11 82.89 81.63
person 0.519040 96.86 109.58 181.40 204.78
horse 0.519027 130.82 88.20 163.18 140.45
diningtable 0.519026 81.47 40.72 150.49 138.48
dog 0.519008 30.69 103.20 54.91 130.30
horse 0.519001 53.37 0.00 161.17 141.61
cow 0.518980 132.88 0.00 164.47 14.71
person 0.518908 133.65 165.01 147.98 199.39
horse 0.518873 181.03 76.53 211.80 119.18
horse 0.518851 170.54 71.26 205.00 110.82
person 0.518813 20.07 97.89 61.71 175.15
horse 0.518779 9.95 10.38 65.60 38.16
horse 0.518778 193.01 78.83 218.53 125.55
car 0.518760 0.00 34.98 15.01 65.20
cow 0.518748 199.70 0.00 224.00 16.58
cow 0.518748 189.90 0.00 218.10 15.32
horse 0.518727 88.95 0.00 188.90 150.15
person 0.518714 0.00 195.47 27.29 224.00
horse 0.518712 162.97 79.50 204.82 125.39
cow 0.518691 188.06 20.70 202.47 36.78
sheep 0.518677 175.25 185.54 197.41 223.94
horse 0.518658 152.32 164.97 224.00 224.00
sheep 0.518652 166.56 171.41 187.23 211.13
cow 0.518584 196.46 33.87 209.67 52.04
cow 0.518565 188.64 27.25 202.26 45.04
car 0.518537 0.00 71.71 16.35 100.30
dog 0.518527 13.38 81.16 41.38 100.32
motorbike 0.518464 6.43 31.00 38.84 50.83
dog 0.518463 77.88 86.77 99.93 122.26
cow 0.518440 188.72 34.35 202.01 53.25
car 0.518413 0.00 7.02 37.85 67.87
dog 0.518405 69.61 85.71 91.09 120.64
horse 0.518405 187.48 61.36 211.79 91.55
cow 0.518389 98.91 0.00 134.57 15.13
diningtable 0.518380 104.47 70.82 128.29 99.46
sheep 0.518375 180.33 140.13 211.00 200.23
horse 0.518371 26.24 38.48 65.31 58.66
dog 0.518361 25.43 173.29 44.48 220.08
person 0.518348 8.25 68.78 32.28 87.03
dog 0.518343 179.89 149.42 204.13 203.54
dog 0.518333 141.67 173.05 158.21 208.00
person 0.518327 123.21 163.27 138.68 197.38
diningtable 0.518279 66.85 40.31 129.18 125.69
horse 0.518207 69.79 52.94 91.72 75.53
horse 0.518193 19.20 0.00 141.57 135.28
sheep 0.518104 102.37 177.28 122.57 217.78
horse 0.518103 100.71 149.22 185.23 224.00
horse 0.518041 129.56 73.82 212.46 192.98
cow 0.518039 196.23 26.86 209.39 44.04
cow 0.518018 158.82 6.39 186.34 27.83
cow 0.518009 186.45 10.18 203.90 28.29
horse 0.517964 59.45 33.03 83.32 54.40
dog 0.517873 106.70 79.80 130.02 117.57
sheep 0.517750 220.00 3.29 224.00 35.64
sheep 0.517724 181.98 163.30 205.29 209.86
sheep 0.517722 147.37 175.00 169.68 213.10
diningtable 0.517704 111.36 70.50 137.95 105.29
person 0.517699 108.73 160.17 128.11 196.59
person 0.517673 183.19 40.98 224.00 137.91
person 0.517665 0.00 43.23 14.37 74.74
horse 0.517665 148.71 63.38 180.98 103.61
horse 0.517647 11.46 59.85 41.52 77.34
dog 0.517628 86.98 87.83 107.74 126.10
motorbike 0.517616 13.53 4.00 66.37 24.03
car 0.517616 0.00 23.08 16.90 50.62
person 0.517579 121.10 87.52 150.43 139.20
horse 0.517550 68.24 24.09 93.34 44.74
cow 0.517527 195.37 41.96 209.85 62.77
person 0.517500 2.74 75.51 52.19 147.96
person 0.517475 159.89 158.77 178.63 204.28
diningtable 0.517454 151.93 23.75 175.58 45.83
horse 0.517426 203.08 57.87 219.82 88.76
horse 0.517415 61.75 41.72 82.53 63.47
horse 0.517358 11.63 0.00 65.79 22.63
dog 0.517340 97.05 89.05 116.72 131.51
cow 0.517329 158.90 18.11 184.91 37.29
person 0.517323 94.84 39.57 164.57 143.28
person 0.517316 96.45 191.63 121.59 224.00
diningtable 0.517294 113.89 79.45 140.49 121.80
horse 0.517292 174.97 63.30 204.41 96.20
horse 0.517268 198.87 72.97 219.01 112.73
horse 0.517222 34.48 60.51 66.76 79.10
dog 0.517217 42.04 83.72 67.70 109.86
aeroplane 0.517165 153.07 17.32 178.11 35.87
diningtable 0.517152 145.56 31.80 167.41 55.46
diningtable 0.517127 157.73 32.35 182.90 55.49
cow 0.517121 178.11 8.91 199.27 28.22
horse 0.517065 158.97 63.47 193.56 103.23
diningtable 0.517036 150.81 44.43 175.60 71.07
dog 0.517010 106.07 89.36 128.95 135.14
motorbike 0.517004 187.54 10.92 224.00 110.88
horse 0.516986 72.24 29.39 157.18 166.29
car 0.516968 0.00 15.42 17.56 42.74
cow 0.516966 186.98 43.18 201.49 64.39
cow 0.516964 167.65 7.67 193.52 28.01
person 0.516962 33.01 82.26 62.17 105.35
cow 0.516925 196.25 19.99 208.79 36.12
sheep 0.516922 216.15 0.00 224.00 24.73
motorbike 0.516921 11.30 0.00 62.19 12.99
aeroplane 0.516815 72.09 36.70 101.90 55.02
aeroplane 0.516789 72.70 44.38 101.44 63.86
sheep 0.516721 156.64 174.89 177.96 213.19
diningtable 0.516689 117.46 69.73 147.44 110.83
person 0.516667 127.27 107.37 216.75 210.37
cow 0.516662 179.84 19.43 198.14 36.54
person 0.516662 113.99 88.60 141.05 137.39
person 0.516645 149.68 160.19 169.52 205.30
sheep 0.516602 183.91 183.03 207.77 224.00
horse 0.516527 120.66 79.10 150.12 125.74
cow 0.516521 180.07 32.49 196.39 53.53
car 0.516488 9.80 75.00 35.01 94.66
diningtable 0.516443 158.07 24.25 183.42 46.38
sheep 0.516429 194.76 183.39 215.64 222.24
motorbike 0.516404 7.04 25.74 40.79 45.42
person 0.516400 89.68 65.47 148.92 161.98
person 0.516395 100.54 162.28 119.63 203.43
person 0.516375 148.69 70.24 204.89 153.91
person 0.516360 6.60 58.34 31.47 79.63
horse 0.516337 45.07 60.95 72.21 80.28
sheep 0.516333 135.46 186.99 152.31 219.96
cow 0.516271 180.42 25.18 197.25 44.89
dog 0.516135 25.59 193.45 52.17 224.00
sheep 0.516061 191.00 165.47 213.14 210.66
person 0.516023 64.83 105.26 160.65 200.97
diningtable 0.516014 126.40 70.41 157.81 114.22
motorbike 0.515983 63.72 4.90 145.64 89.93
cow 0.515977 152.54 4.79 180.64 26.37
sheep 0.515951 110.96 182.08 130.32 219.96
diningtable 0.515934 145.38 44.21 168.85 70.64
cow 0.515908 167.92 18.56 192.43 36.50
dog 0.515865 50.79 85.49 72.76 114.93
aeroplane 0.515846 124.27 18.43 138.47 34.63
sheep 0.515816 124.11 185.06 141.36 220.70
aeroplane 0.515805 122.91 34.56 138.68 52.10
motorbike 0.515771 6.59 36.40 36.08 57.63
person 0.515681 129.83 201.08 157.49 224.00
cow 0.515673 195.35 9.45 209.88 27.35
motorbike 0.515597 54.07 4.85 128.10 73.98
diningtable 0.515594 112.09 10.40 172.48 107.13
aeroplane 0.515587 123.64 26.52 138.81 43.66
person 0.515585 135.20 171.68 149.41 205.17
dog 0.515585 34.83 189.54 63.24 224.00
dog 0.515502 60.72 85.77 81.50 118.57
diningtable 0.515489 157.96 44.44 182.75 70.31
horse 0.515484 177.83 42.88 195.33 66.78
cow 0.515475 191.67 52.81 210.47 78.35
motorbike 0.515469 167.74 32.07 190.63 54.12
diningtable 0.515456 147.70 22.67 168.19 43.88
person 0.515436 63.54 83.56 102.59 157.31
sheep 0.515418 172.92 203.55 202.57 224.00
aeroplane 0.515413 117.53 27.61 130.65 42.85
dog 0.515410 73.17 52.66 100.80 75.17
person 0.515370 83.20 181.56 111.38 224.00
dog 0.515356 205.24 136.80 224.00 199.31
dog 0.515349 209.78 148.48 224.00 204.48
motorbike 0.515346 181.70 0.00 224.00 66.68
horse 0.515277 37.18 32.02 69.60 54.13
horse 0.515256 138.48 72.27 170.50 116.87
horse 0.515247 62.17 51.35 81.93 74.65
aeroplane 0.515129 117.26 35.11 130.12 50.64
dog 0.515054 81.92 62.51 108.11 83.33
horse 0.515045 181.05 54.73 201.57 80.55
aeroplane 0.515028 117.50 19.02 131.07 34.11
cow 0.515027 167.74 24.20 191.29 45.08
horse 0.515013 140.67 83.16 174.63 132.51
aeroplane 0.515012 129.68 32.90 147.66 53.49
horse 0.515001 64.06 10.15 92.46 31.73
diningtable 0.514972 139.02 32.05 159.14 54.70
horse 0.514933 56.61 21.84 83.87 45.53
car 0.514928 18.19 81.54 63.50 145.15
horse 0.514909 29.66 47.58 65.12 68.95
diningtable 0.514878 122.33 43.68 140.34 63.73
motorbike 0.514783 6.47 17.50 41.45 38.31
horse 0.514737 167.31 43.79 189.80 68.90
person 0.514713 75.72 65.70 126.19 153.75
car 0.514673 0.00 4.03 20.09 31.75
horse 0.514653 39.34 39.90 69.52 61.24
car 0.514614 4.30 53.78 56.08 120.35
cow 0.514583 208.05 30.92 219.50 53.51
horse 0.514582 30.90 0.00 74.11 21.61
diningtable 0.514574 129.11 43.30 150.61 65.87
aeroplane 0.514461 149.13 16.49 171.04 33.31
dog 0.514455 18.15 194.67 46.34 224.00
sheep 0.514414 180.58 204.05 212.21 224.00
aeroplane 0.514329 130.86 24.41 146.49 43.72
horse 0.514311 135.95 62.26 166.02 99.95
horse 0.514284 6.13 44.91 32.32 68.91
horse 0.514274 37.73 25.31 140.14 161.56
horse 0.514259 150.80 55.76 177.82 86.83
person 0.514142 41.42 83.89 83.31 148.40
dog 0.514128 8.40 196.27 37.87 224.00
diningtable 0.514061 138.53 43.72 161.99 68.61
cow 0.513999 207.70 39.14 219.36 64.02
sheep 0.513928 191.97 202.63 219.42 224.00
diningtable 0.513916 140.17 23.14 158.10 43.32
car 0.513902 6.18 31.45 61.13 85.85
horse 0.513899 171.39 55.25 195.07 83.95
horse 0.513865 206.02 49.31 219.44 77.56
cow 0.513832 131.93 17.57 146.11 34.28
diningtable 0.513771 145.72 55.23 171.55 85.55
cow 0.513738 208.28 23.51 219.45 45.58
aeroplane 0.513691 116.61 44.23 131.07 62.63
sheep 0.513668 212.00 159.20 224.00 209.59
aeroplane 0.513646 71.21 26.74 101.02 45.67
aeroplane 0.513563 10.85 5.32 57.02 23.82
diningtable 0.513497 123.64 62.36 154.43 99.28
diningtable 0.513466 109.77 64.62 135.17 93.12
car 0.513442 9.84 7.21 66.73 54.00
horse 0.513400 42.01 49.54 70.12 71.96
horse 0.513399 163.46 56.20 190.36 86.64
motorbike 0.513353 53.71 37.97 109.40 105.65
dog 0.513319 92.46 64.12 116.47 86.46
aeroplane 0.513312 109.02 27.28 122.06 41.87
sheep 0.513274 212.00 183.51 224.00 220.54
diningtable 0.513263 102.08 65.24 125.76 89.81
horse 0.513263 52.45 8.15 83.97 32.46
diningtable 0.513185 115.82 63.20 144.54 97.16
diningtable 0.513089 128.81 14.61 193.81 119.16
horse 0.513060 34.09 21.73 69.98 47.51
aeroplane 0.512968 108.83 34.48 121.29 49.94
aeroplane 0.512916 141.11 16.73 158.91 33.07
motorbike 0.512909 60.20 64.30 106.90 138.95
aeroplane 0.512895 107.86 18.07 122.73 32.91
sheep 0.512778 183.37 0.00 207.36 17.48
cow 0.512749 148.00 3.71 172.98 23.77
sheep 0.512724 208.57 199.29 224.00 224.00
sheep 0.512590 209.16 16.34 219.32 38.34
horse 0.512545 128.18 16.65 216.36 180.03
cow 0.512482 175.37 0.00 201.84 17.26
horse 0.512427 31.64 8.83 72.23 36.06
cow 0.512282 122.77 0.17 138.36 23.61
diningtable 0.512281 137.77 54.95 164.23 84.04
motorbike 0.512244 22.15 4.52 77.99 46.82
cow 0.512098 67.80 13.03 99.61 33.13
car 0.512098 17.33 59.48 67.56 120.27
aeroplane 0.512085 107.76 43.58 122.05 62.06
motorbike 0.512066 28.55 0.00 91.90 24.00
diningtable 0.512020 127.08 54.90 152.75 83.02
person 0.512009 130.44 50.65 193.08 148.22
motorbike 0.511993 46.08 4.30 109.47 56.22
cow 0.511967 131.07 1.48 146.67 23.73
diningtable 0.511937 119.79 55.35 142.00 81.66
aeroplane 0.511819 6.19 5.11 42.02 25.86
motorbike 0.511816 34.69 3.01 92.03 45.59
cow 0.511679 140.74 2.76 159.97 22.93
diningtable 0.511545 113.64 56.38 132.69 80.59
car 0.511529 19.69 32.73 73.11 84.30
car 0.511479 38.45 62.03 86.64 126.28
motorbike 0.511390 36.80 34.80 90.12 89.89
aeroplane 0.510957 115.67 0.00 131.58 22.71
sheep 0.510910 209.03 6.37 220.29 29.83
cow 0.510801 73.40 0.00 115.09 13.71
aeroplane 0.510767 89.33 16.08 113.85 33.46
horse 0.510700 64.37 0.00 99.54 20.00
aeroplane 0.510692 90.41 26.78 113.63 43.45
aeroplane 0.510635 89.42 34.56 113.13 51.76
aeroplane 0.510353 88.96 42.82 113.14 62.39
sheep 0.510349 204.51 0.00 221.31 20.42
diningtable 0.510322 104.67 56.28 123.43 79.80
aeroplane 0.510227 72.02 14.90 105.32 34.84
diningtable 0.509956 89.61 54.61 114.28 78.07
diningtable 0.509803 165.33 14.41 224.00 113.91
cow 0.509734 126.41 0.00 151.51 13.48
motorbike 0.509733 100.08 0.00 168.44 43.62
horse 0.509711 68.71 0.00 152.77 37.91
aeroplane 0.509670 104.97 0.00 124.13 21.31
cow 0.509570 109.40 0.00 137.10 13.33
motorbike 0.509516 117.46 0.00 183.19 48.24
aeroplane 0.509170 126.93 0.00 195.40 51.13
cow 0.508822 85.81 0.00 123.21 12.85
aeroplane 0.508642 86.92 0.00 115.29 20.86
cow 0.508584 70.16 0.00 106.05 21.03
diningtable 0.508230 156.69 0.00 224.00 59.26
