car 0.693973 0.00 50.29 214.25 178.67
car 0.561134 2.50 89.44 198.82 191.12
tvmonitor 0.551140 3.53 113.08 40.17 200.10
aeroplane 0.547853 158.02 58.13 224.00 118.95
boat 0.547162 2.24 109.89 39.26 194.58
car 0.546328 162.23 61.53 224.00 114.03
car 0.543730 0.91 69.88 22.36 146.46
car 0.543021 1.68 103.88 37.06 184.38
dog 0.541612 9.05 124.44 74.60 210.47
car 0.540463 4.53 67.35 152.56 175.99
dog 0.540154 24.08 90.01 65.58 161.37
car 0.540109 0.00 72.05 12.23 143.99
car 0.539758 1.23 83.73 26.91 160.08
boat 0.539314 17.46 132.81 81.57 210.87
sheep 0.538807 18.51 115.43 65.10 198.01
car 0.538019 19.18 83.53 59.30 154.98
car 0.537858 28.67 144.30 101.40 206.55
car 0.537758 0.00 75.61 87.76 175.71
aeroplane 0.537739 199.40 72.86 224.00 133.03
dog 0.537452 22.39 76.94 59.48 143.79
aeroplane 0.537186 192.81 60.77 224.00 124.03
car 0.536601 0.00 56.79 9.07 126.59
car 0.535895 0.00 45.73 6.98 109.00
car 0.535803 0.00 56.32 18.29 128.01
aeroplane 0.535417 51.02 152.67 117.65 203.27
dog 0.535330 45.37 100.37 91.02 161.25
dog 0.535229 11.50 114.40 55.84 197.99
dog 0.534085 26.72 116.16 72.06 195.89
car 0.533792 27.14 65.27 59.53 121.73
person 0.533666 42.71 55.17 217.16 162.29
bottle 0.533403 165.47 47.79 224.00 155.35
boat 0.533385 0.00 50.12 16.06 116.59
boat 0.533250 0.00 42.48 6.89 102.31
dog 0.532866 32.86 95.47 80.27 160.94
car 0.532402 15.08 102.72 56.28 172.44
dog 0.531864 61.14 102.97 97.86 158.47
person 0.531862 64.67 66.53 86.85 97.44
car 0.531787 5.00 88.66 35.69 163.47
person 0.531686 191.93 183.74 224.00 224.00
tvmonitor 0.531422 4.44 132.13 52.15 208.61
dog 0.531381 42.12 113.77 88.65 178.04
aeroplane 0.531217 72.56 209.51 119.60 224.00
dog 0.531162 70.32 104.00 105.07 155.43
sheep 0.530891 35.10 104.63 80.01 166.90
aeroplane 0.530872 194.07 51.56 224.00 103.52
boat 0.530617 26.68 142.84 99.36 207.88
person 0.530459 55.78 64.82 78.98 99.45
aeroplane 0.530365 12.12 143.66 79.54 211.58
dog 0.530323 58.81 114.67 97.09 174.31
person 0.530302 73.75 69.20 94.85 96.46
car 0.530218 175.39 0.00 224.00 55.98
aeroplane 0.530183 205.91 86.98 224.00 145.33
car 0.530052 129.63 80.28 167.65 99.74
aeroplane 0.530051 167.43 77.86 222.50 127.92
aeroplane 0.529858 208.59 0.00 224.00 22.01
dog 0.529666 32.04 71.59 63.03 127.02
sheep 0.529486 31.17 82.23 69.76 152.27
chair 0.529306 0.00 158.05 67.97 224.00
person 0.529299 66.80 40.38 83.18 62.26
bottle 0.529222 0.00 204.68 25.01 224.00
car 0.528782 0.00 57.29 76.16 154.99
diningtable 0.528546 207.62 205.10 224.00 224.00
diningtable 0.528338 6.99 155.73 85.06 224.00
person 0.528332 73.02 62.29 94.46 88.40
car 0.528265 121.42 155.94 160.93 199.05
bottle 0.528257 0.00 208.21 38.01 224.00
car 0.528097 171.39 82.14 222.24 126.30
car 0.528065 12.40 126.86 184.63 208.15
car 0.528015 0.00 0.00 47.05 42.86
bottle 0.527994 120.54 0.00 202.51 30.36
person 0.527850 65.18 59.32 86.71 88.03
car 0.527728 36.33 61.02 61.85 103.90
dog 0.527675 51.27 81.43 88.88 138.23
motorbike 0.527623 123.30 210.68 161.42 224.00
car 0.527318 139.41 76.10 182.25 97.85
aeroplane 0.527270 71.70 194.63 120.72 218.44
dog 0.527208 49.53 122.54 98.79 189.30
person 0.527152 62.22 38.74 76.06 60.09
car 0.527076 2.28 60.65 25.97 128.09
car 0.527053 0.00 0.00 20.94 21.17
car 0.526941 11.29 78.61 45.18 148.09
dog 0.526914 5.60 140.42 57.44 209.56
car 0.526903 27.39 150.86 176.61 224.00
aeroplane 0.526861 214.83 27.27 224.00 78.03
person 0.526816 66.47 33.14 82.59 54.17
person 0.526719 58.74 56.86 78.94 87.36
aeroplane 0.526675 212.88 133.40 224.00 196.20
car 0.526665 61.63 32.18 75.58 52.67
person 0.526534 85.13 71.37 103.30 94.23
car 0.526506 153.03 68.16 211.87 98.29
car 0.526348 107.55 0.00 184.89 32.97
diningtable 0.526291 213.31 140.13 224.00 203.73
dog 0.526277 79.95 105.38 111.14 150.46
chair 0.526232 0.00 97.76 78.53 185.35
aeroplane 0.526150 213.69 117.78 224.00 177.78
chair 0.526024 3.62 84.42 111.44 179.67
person 0.525942 68.01 45.14 83.05 67.29
aeroplane 0.525909 105.37 211.00 149.56 224.00
person 0.525897 9.39 85.90 154.41 191.50
person 0.525833 73.89 40.89 90.98 63.43
diningtable 0.525734 137.38 210.27 176.00 224.00
aeroplane 0.525652 26.34 147.56 93.61 208.66
car 0.525616 126.65 108.50 161.00 130.90
dog 0.525587 78.25 114.93 111.59 170.59
car 0.525544 141.43 70.57 186.33 93.91
aeroplane 0.525523 208.01 36.71 224.00 88.48
person 0.525514 84.44 64.41 102.36 86.72
dog 0.525415 63.97 81.59 96.66 134.52
person 0.525346 45.13 63.14 68.52 102.47
dog 0.525319 40.29 80.76 78.48 138.72
car 0.525274 61.73 24.82 75.16 43.91
aeroplane 0.525252 57.81 211.15 103.18 224.00
car 0.525147 174.12 94.09 217.50 131.57
aeroplane 0.525101 89.67 209.61 135.63 224.00
dog 0.524964 83.01 95.19 110.54 140.69
aeroplane 0.524963 166.10 62.25 222.41 103.26
tvmonitor 0.524955 0.00 148.19 35.87 206.52
chair 0.524887 0.00 118.61 65.91 201.79
person 0.524845 143.73 55.22 186.82 84.23
car 0.524594 18.57 60.83 48.07 111.45
aeroplane 0.524586 211.44 106.18 224.00 167.12
car 0.524533 140.73 107.28 173.30 130.85
car 0.524525 60.55 17.51 75.09 36.62
car 0.524493 128.29 85.00 166.31 103.96
person 0.524466 144.37 31.07 180.08 57.20
diningtable 0.524453 202.29 132.95 224.00 221.91
bottle 0.524450 127.82 55.82 224.00 147.92
person 0.524448 74.26 46.72 90.89 69.39
car 0.524441 125.78 101.12 163.55 123.88
car 0.524345 32.98 54.34 56.99 91.27
diningtable 0.524344 146.72 211.03 187.17 224.00
diningtable 0.524313 155.55 185.18 224.00 224.00
car 0.524312 126.35 114.04 158.26 138.19
car 0.524236 143.94 0.00 190.16 20.36
car 0.524143 148.03 72.92 192.72 97.97
car 0.524098 73.99 0.00 147.22 31.70
car 0.524057 137.26 98.33 174.62 123.70
aeroplane 0.524053 218.02 18.11 224.00 68.07
boat 0.524012 0.00 31.49 6.55 84.15
aeroplane 0.523915 184.48 74.99 224.00 134.88
aeroplane 0.523821 125.30 184.56 215.75 224.00
person 0.523770 103.41 50.57 113.14 66.78
person 0.523766 74.51 32.69 90.58 55.04
dog 0.523754 76.90 82.33 104.74 127.90
car 0.523719 41.78 63.89 224.00 220.15
person 0.523698 130.57 73.38 170.00 94.72
person 0.523696 95.14 71.68 108.33 92.29
person 0.523650 143.00 63.52 188.20 90.30
bottle 0.523617 18.07 210.45 59.71 224.00
person 0.523609 84.07 54.92 101.06 77.16
boat 0.523542 0.00 42.89 14.33 92.99
person 0.523490 74.20 52.21 91.80 77.44
person 0.523487 139.21 32.29 169.67 54.86
person 0.523459 63.72 43.37 75.54 65.32
diningtable 0.523454 26.28 209.88 67.12 224.00
car 0.523408 132.47 0.00 176.86 14.52
dog 0.523389 41.00 138.94 104.08 205.92
person 0.523382 144.78 39.02 180.26 65.00
aeroplane 0.523301 0.00 150.74 45.19 210.38
bottle 0.523264 183.44 84.84 224.00 178.21
person 0.523235 199.00 164.13 224.00 224.00
diningtable 0.523222 185.85 210.80 224.00 224.00
dog 0.523166 71.74 123.12 112.79 185.58
person 0.523154 95.25 49.06 107.66 67.79
car 0.523140 51.37 0.00 84.03 16.49
car 0.523139 146.64 63.21 195.08 92.52
aeroplane 0.523084 168.58 33.61 208.39 70.58
car 0.523028 151.01 106.50 179.83 130.89
person 0.523026 103.78 57.17 113.48 74.38
aeroplane 0.523022 66.25 182.06 118.82 210.26
person 0.522954 27.27 0.00 224.00 195.93
person 0.522953 83.61 48.60 100.45 68.70
car 0.522906 5.71 0.00 81.83 32.57
person 0.522905 83.95 42.15 100.86 61.89
person 0.522871 41.13 68.10 68.05 113.66
car 0.522834 126.11 92.04 165.80 114.19
car 0.522813 54.47 0.00 129.46 29.38
diningtable 0.522777 193.46 105.03 224.00 197.53
person 0.522751 102.99 73.13 113.49 90.71
aeroplane 0.522734 42.88 210.31 87.00 224.00
person 0.522721 96.01 55.90 108.12 75.86
aeroplane 0.522699 97.35 179.41 200.49 224.00
person 0.522696 159.24 26.67 224.00 136.37
diningtable 0.522657 12.77 138.43 143.16 224.00
car 0.522657 55.73 68.19 207.84 167.77
car 0.522628 66.98 25.18 81.59 43.97
person 0.522595 95.42 63.88 108.30 84.31
dog 0.522506 58.19 73.31 88.63 116.91
person 0.522488 144.03 47.00 183.25 75.17
diningtable 0.522414 214.65 159.89 224.00 213.63
person 0.522351 95.33 76.46 108.63 99.46
aeroplane 0.522327 45.60 0.00 79.38 16.58
person 0.522315 67.25 50.16 83.87 75.39
car 0.522314 56.13 38.11 67.71 58.91
aeroplane 0.522312 121.67 157.10 159.89 204.84
person 0.522307 49.62 56.31 69.09 87.87
person 0.522285 103.31 79.22 113.61 98.13
person 0.522112 103.32 64.62 113.54 82.40
person 0.522107 140.70 40.09 171.23 62.25
car 0.522060 39.83 55.44 60.65 88.85
aeroplane 0.522041 220.00 7.50 224.00 55.86
diningtable 0.522007 162.07 211.65 203.20 224.00
car 0.521995 125.79 120.35 156.20 146.31
car 0.521995 56.03 31.53 68.54 51.64
car 0.521995 4.18 72.19 32.36 139.41
dog 0.521991 46.65 74.26 78.94 121.56
pottedplant 0.521928 138.51 0.00 192.90 21.41
aeroplane 0.521870 191.13 0.00 217.87 15.53
sofa 0.521803 9.67 126.80 97.50 212.79
car 0.521766 77.88 171.87 192.61 224.00
sheep 0.521747 59.10 152.73 120.95 205.52
bottle 0.521737 146.50 0.00 224.00 47.08
aeroplane 0.521576 199.79 0.00 224.00 17.81
bottle 0.521537 167.78 0.00 224.00 86.21
aeroplane 0.521505 138.12 0.00 189.62 22.62
person 0.521497 103.50 42.46 113.21 58.55
car 0.521387 141.01 112.63 172.42 137.47
person 0.521366 95.32 41.27 108.09 60.04
dog 0.521313 70.23 73.89 96.19 112.73
car 0.521302 165.53 0.00 201.85 17.30
bottle 0.521285 136.73 4.11 173.83 22.22
aeroplane 0.521242 58.55 7.03 75.37 28.33
person 0.521228 109.46 58.80 122.17 74.75
boat 0.521223 0.00 14.29 7.69 62.39
aeroplane 0.521156 147.38 30.59 184.63 59.48
person 0.521040 62.67 48.57 76.90 73.73
aeroplane 0.521038 213.84 0.00 224.00 28.27
person 0.521026 134.21 54.55 168.69 79.59
person 0.521012 84.64 32.79 99.98 53.39
person 0.521012 109.36 52.03 120.61 66.39
aeroplane 0.521002 122.77 188.98 159.00 224.00
boat 0.520955 96.75 70.14 213.74 162.36
car 0.520915 66.94 17.72 81.21 35.61
car 0.520905 22.06 55.21 46.99 94.67
car 0.520830 36.47 49.41 53.17 78.45
aeroplane 0.520782 214.73 170.94 224.00 216.26
car 0.520773 148.85 95.61 183.36 123.07
aeroplane 0.520768 178.87 0.00 209.82 15.64
sheep 0.520767 132.70 3.83 159.63 21.93
person 0.520734 133.89 33.57 153.50 55.56
car 0.520731 136.03 80.40 178.53 103.41
aeroplane 0.520719 77.87 157.17 135.75 194.58
bottle 0.520714 143.12 19.35 180.40 48.40
car 0.520708 56.33 24.39 68.90 43.77
sheep 0.520669 132.78 0.00 178.71 15.13
dog 0.520607 89.42 84.38 110.58 121.33
car 0.520575 3.55 51.58 24.66 102.37
person 0.520536 104.62 15.68 114.08 33.03
aeroplane 0.520520 168.90 43.08 212.95 81.40
car 0.520510 150.80 112.50 177.63 137.47
car 0.520504 38.87 44.65 51.34 68.45
dog 0.520451 83.04 76.00 103.85 109.29
person 0.520347 104.39 23.44 113.64 41.42
dog 0.520265 124.71 99.75 162.13 126.00
person 0.520225 132.66 63.74 170.28 87.30
aeroplane 0.520173 56.93 193.60 115.40 215.64
boat 0.520140 0.00 26.79 16.13 69.02
bottle 0.520139 138.02 20.98 169.57 45.46
person 0.520116 110.06 66.52 124.90 83.34
car 0.520107 0.00 0.00 31.23 15.66
aeroplane 0.520079 174.58 101.61 212.79 139.12
aeroplane 0.520079 30.70 174.91 83.36 220.20
car 0.520046 148.11 38.66 185.71 67.65
person 0.519939 12.53 113.97 129.01 209.29
person 0.519902 110.67 16.06 120.84 32.90
car 0.519840 134.15 87.56 176.44 113.96
car 0.519819 70.64 0.00 100.61 16.44
car 0.519734 76.08 24.29 90.54 45.15
car 0.519698 80.44 0.00 109.05 15.53
bottle 0.519691 139.63 2.41 186.46 24.45
person 0.519619 136.44 40.89 157.00 62.80
person 0.519614 96.03 15.25 106.74 33.35
person 0.519577 111.31 75.62 128.00 91.12
dog 0.519576 89.39 113.07 117.23 154.28
person 0.519546 103.96 32.87 113.39 49.78
person 0.519529 95.88 31.75 107.64 51.28
person 0.519514 96.27 22.53 106.90 42.26
bottle 0.519498 132.87 21.86 153.65 45.38
car 0.519489 124.29 130.42 156.75 164.44
dog 0.519486 125.01 91.86 163.74 116.17
aeroplane 0.519472 55.72 16.73 69.34 36.53
person 0.519463 127.16 56.17 161.08 80.56
car 0.519456 39.54 38.77 51.79 59.50
aeroplane 0.519373 184.34 114.58 219.97 170.90
aeroplane 0.519328 17.03 0.00 55.33 13.91
bottle 0.519301 134.78 0.00 191.69 18.14
aeroplane 0.519283 186.97 139.97 222.35 198.70
car 0.519214 56.43 43.56 67.52 65.20
car 0.519180 44.10 49.94 58.61 76.38
person 0.519161 112.87 82.25 129.40 96.64
person 0.519144 104.37 8.76 115.65 24.32
car 0.519083 47.92 38.57 59.82 58.47
bottle 0.519055 138.17 10.37 170.74 33.56
bottle 0.519028 0.00 189.64 22.45 224.00
aeroplane 0.519015 173.05 91.82 217.95 145.20
car 0.519005 147.14 47.29 188.49 77.65
car 0.518998 160.93 103.29 198.25 129.36
boat 0.518994 0.00 6.28 8.83 51.24
aeroplane 0.518972 167.49 53.63 218.27 93.58
aeroplane 0.518961 145.63 18.43 183.64 52.02
person 0.518952 109.71 25.10 120.06 41.05
boat 0.518934 0.00 17.34 18.00 57.02
aeroplane 0.518902 112.90 149.35 170.37 197.20
person 0.518895 85.68 23.13 99.60 43.71
car 0.518822 47.04 44.53 58.62 66.67
sheep 0.518812 132.93 10.25 155.24 33.06
aeroplane 0.518807 12.95 162.16 69.00 218.69
car 0.518769 95.21 7.81 107.98 24.79
aeroplane 0.518768 4.61 0.00 38.80 13.59
car 0.518715 27.54 45.75 42.68 71.37
aeroplane 0.518710 178.37 121.10 206.43 161.13
person 0.518685 111.12 8.89 122.88 24.03
dog 0.518681 63.51 141.38 116.32 203.60
dog 0.518673 94.22 78.77 109.61 107.18
aeroplane 0.518575 177.66 33.02 215.60 76.09
car 0.518503 0.00 8.29 53.50 109.13
bottle 0.518471 142.10 8.92 182.66 36.18
car 0.518455 87.45 15.58 100.39 34.16
aeroplane 0.518453 144.22 7.55 183.85 40.64
car 0.518451 25.14 50.48 44.31 81.95
car 0.518440 88.39 0.00 115.42 14.36
person 0.518430 136.35 47.21 164.07 71.05
person 0.518428 108.97 44.28 119.73 57.49
aeroplane 0.518404 153.44 20.96 198.95 60.16
aeroplane 0.518402 174.97 105.29 215.63 154.30
car 0.518342 28.79 39.39 42.68 61.83
car 0.518322 39.31 32.32 53.12 51.74
person 0.518322 54.18 49.04 68.28 74.19
car 0.518299 98.03 0.00 123.10 14.55
aeroplane 0.518295 60.52 204.79 115.19 224.00
boat 0.518204 3.67 48.88 24.06 93.45
car 0.518185 1.07 51.45 117.45 152.98
car 0.518129 8.09 60.53 32.86 112.55
dog 0.518086 94.76 97.54 115.77 133.44
aeroplane 0.518057 167.22 154.26 192.13 196.34
diningtable 0.518055 210.78 196.76 224.00 224.00
aeroplane 0.518050 166.69 23.99 204.74 63.30
aeroplane 0.517994 44.10 187.97 100.37 215.78
car 0.517988 77.74 16.83 91.57 35.23
car 0.517969 122.74 0.00 158.43 12.80
person 0.517962 119.20 58.26 151.42 78.71
aeroplane 0.517856 28.86 32.19 43.29 53.72
car 0.517848 48.21 32.24 61.71 50.77
aeroplane 0.517848 123.39 205.00 159.65 224.00
aeroplane 0.517752 196.10 130.47 224.00 194.56
boat 0.517752 0.00 171.26 25.92 218.71
car 0.517665 159.55 92.04 202.78 122.51
aeroplane 0.517661 28.43 24.38 43.84 45.78
car 0.517635 11.48 31.31 179.66 147.02
aeroplane 0.517591 39.15 25.28 54.37 43.97
car 0.517578 87.46 6.84 101.54 25.35
car 0.517511 106.44 0.00 131.58 13.77
car 0.517489 169.79 106.50 203.94 136.86
car 0.517488 48.95 111.12 193.74 192.24
car 0.517458 64.71 8.08 81.31 27.17
car 0.517432 139.01 117.76 170.68 145.14
dog 0.517375 103.07 82.06 114.00 105.20
aeroplane 0.517296 27.95 15.74 45.15 36.65
aeroplane 0.517292 172.78 123.25 194.18 157.39
person 0.517279 108.89 35.24 119.45 48.99
aeroplane 0.517237 181.94 137.20 217.41 186.84
aeroplane 0.517153 36.74 171.52 101.75 208.81
aeroplane 0.517092 54.49 5.74 71.51 27.62
boat 0.517047 0.00 0.00 11.31 38.38
aeroplane 0.516974 5.22 29.98 25.75 61.91
person 0.516946 119.65 51.63 144.92 69.10
aeroplane 0.516891 194.81 113.82 224.00 176.01
aeroplane 0.516871 186.88 90.80 224.00 151.55
aeroplane 0.516870 179.17 132.10 206.29 172.56
aeroplane 0.516812 146.85 0.00 190.83 32.21
aeroplane 0.516776 6.10 20.52 26.74 50.71
aeroplane 0.516685 190.46 161.87 222.13 206.34
aeroplane 0.516673 171.39 142.03 193.47 181.76
car 0.516657 77.37 7.66 92.69 26.12
dog 0.516651 100.10 87.67 115.01 117.10
car 0.516576 150.67 117.54 176.46 145.22
aeroplane 0.516566 4.64 39.05 24.69 73.22
car 0.516512 10.40 55.50 33.55 98.07
car 0.516491 48.78 25.19 63.10 42.77
aeroplane 0.516479 90.73 80.56 210.86 166.44
aeroplane 0.516465 38.31 16.96 55.91 35.26
person 0.516459 120.24 66.14 157.59 87.92
aeroplane 0.516421 173.37 133.81 193.14 170.12
aeroplane 0.516400 176.47 152.42 216.26 201.10
aeroplane 0.516388 193.14 29.99 222.20 78.68
car 0.516387 146.39 82.88 186.92 113.02
aeroplane 0.516377 161.07 149.31 186.59 189.57
aeroplane 0.516348 170.65 112.90 198.16 146.47
car 0.516341 123.83 145.45 161.09 184.86
person 0.516334 129.74 49.53 157.50 71.22
bottle 0.516332 0.00 188.67 37.50 224.00
bottle 0.516277 110.69 0.00 213.74 51.36
aeroplane 0.516249 0.00 9.11 19.34 44.97
aeroplane 0.516206 170.64 153.01 203.96 198.39
aeroplane 0.516188 177.14 139.85 206.66 183.63
car 0.516180 161.60 50.78 214.30 86.49
car 0.516133 160.47 109.78 193.32 135.82
aeroplane 0.516094 134.66 149.56 178.70 192.74
person 0.515992 127.99 36.28 147.36 55.23
person 0.515990 117.84 25.71 134.40 42.67
person 0.515956 119.37 45.08 138.60 59.85
aeroplane 0.515852 16.85 31.95 33.82 56.98
aeroplane 0.515847 149.02 8.27 193.69 48.58
aeroplane 0.515792 17.01 23.24 34.33 47.57
sheep 0.515777 118.62 14.86 136.61 32.32
aeroplane 0.515698 17.70 14.51 35.80 37.10
car 0.515694 14.25 47.00 32.33 77.22
aeroplane 0.515629 111.49 158.16 158.10 193.56
car 0.515626 114.74 0.00 146.71 12.51
bottle 0.515574 58.97 49.95 221.37 144.18
person 0.515542 130.01 43.60 151.45 62.79
car 0.515534 157.00 78.52 207.22 114.05
car 0.515487 15.86 40.36 33.06 66.63
sheep 0.515473 127.21 24.15 147.29 44.58
aeroplane 0.515468 7.79 12.12 27.62 39.02
person 0.515463 117.99 37.06 134.91 51.67
car 0.515407 117.91 148.62 170.08 194.94
dog 0.515377 108.41 113.65 130.85 143.65
aeroplane 0.515361 77.98 122.30 193.63 191.21
aeroplane 0.515279 45.50 199.80 90.51 224.00
aeroplane 0.515192 169.23 174.99 191.67 205.07
aeroplane 0.515135 121.56 172.48 161.41 211.75
person 0.515097 122.17 75.43 162.87 96.28
dog 0.515066 106.57 118.12 129.00 154.51
aeroplane 0.515042 194.28 187.90 220.75 218.39
bottle 0.515010 128.73 82.67 222.07 169.34
aeroplane 0.515005 48.66 17.11 65.02 34.19
aeroplane 0.514958 160.53 161.62 186.28 201.25
aeroplane 0.514941 183.03 38.95 221.99 90.46
aeroplane 0.514925 23.88 0.00 47.26 24.04
diningtable 0.514708 201.56 158.52 224.00 209.84
sheep 0.514669 127.83 12.04 150.01 32.12
aeroplane 0.514615 183.92 25.05 214.16 67.19
aeroplane 0.514592 165.53 135.56 185.26 170.95
aeroplane 0.514547 164.45 124.62 186.01 155.77
aeroplane 0.514533 17.61 0.00 38.95 23.97
dog 0.514467 109.86 107.58 132.05 133.77
sheep 0.514420 119.48 7.25 140.70 21.97
aeroplane 0.514415 101.53 192.44 152.81 224.00
aeroplane 0.514398 168.20 189.52 194.35 218.64
aeroplane 0.514392 161.57 115.23 188.81 144.50
person 0.514385 101.00 0.00 119.24 15.70
sheep 0.514341 125.29 0.00 159.33 13.87
sheep 0.514252 72.26 141.40 120.05 198.14
dog 0.514223 114.64 85.80 130.22 101.54
bottle 0.514188 108.54 0.00 127.07 15.05
aeroplane 0.514112 151.45 126.00 176.46 158.32
aeroplane 0.514074 158.01 166.44 224.00 224.00
car 0.513956 36.22 0.00 153.32 84.90
car 0.513923 134.41 126.84 169.51 161.74
car 0.513888 0.00 16.01 97.22 121.80
aeroplane 0.513771 163.42 11.56 198.53 50.49
aeroplane 0.513713 18.16 186.02 65.57 224.00
bottle 0.513706 132.65 0.00 224.00 79.43
aeroplane 0.513669 4.74 185.50 49.65 224.00
car 0.513642 0.00 0.00 75.95 71.90
aeroplane 0.513586 204.63 170.18 224.00 211.34
aeroplane 0.513491 196.91 0.00 213.07 31.49
aeroplane 0.513487 164.03 206.99 198.25 224.00
aeroplane 0.513466 160.56 0.00 197.91 19.32
aeroplane 0.513463 116.25 127.21 203.61 193.78
car 0.513374 14.04 23.30 133.31 128.02
aeroplane 0.513367 173.68 174.81 202.96 204.78
diningtable 0.513313 132.88 0.00 224.00 116.75
aeroplane 0.513310 154.54 129.59 222.94 206.46
dog 0.513306 102.15 126.71 128.48 166.99
aeroplane 0.513299 8.96 0.00 30.76 25.21
aeroplane 0.513273 28.27 190.17 75.74 224.00
aeroplane 0.513105 205.55 184.05 224.00 220.05
aeroplane 0.513077 131.53 204.85 172.12 224.00
aeroplane 0.513070 200.25 21.69 221.56 68.81
aeroplane 0.513061 0.00 0.00 22.80 30.87
aeroplane 0.512963 181.53 175.56 215.55 206.50
aeroplane 0.512963 148.19 137.99 177.02 177.33
dog 0.512875 112.83 99.47 132.93 123.24
aeroplane 0.512855 141.08 100.54 221.80 182.32
aeroplane 0.512677 32.86 0.67 58.62 23.01
car 0.512661 71.87 0.00 179.89 70.77
aeroplane 0.512582 174.68 189.63 204.56 216.83
aeroplane 0.512570 176.42 14.83 204.76 52.47
aeroplane 0.512554 161.74 0.00 194.40 30.63
aeroplane 0.512489 189.17 204.50 222.38 224.00
aeroplane 0.512434 210.32 0.00 221.86 35.48
bottle 0.512326 87.15 16.92 220.04 109.26
sheep 0.512244 116.62 0.00 145.51 13.58
aeroplane 0.512149 69.83 164.79 131.44 205.65
dog 0.512109 115.12 91.01 132.54 111.04
boat 0.512043 0.00 0.00 28.41 18.97
aeroplane 0.511992 182.68 189.96 215.83 216.99
aeroplane 0.511902 178.22 0.00 202.53 29.80
aeroplane 0.511902 45.76 3.63 68.34 23.67
aeroplane 0.511852 146.45 205.79 184.38 224.00
person 0.511805 60.99 25.96 211.48 123.12
dog 0.511802 124.00 84.94 166.64 104.84
diningtable 0.511795 201.01 200.97 224.00 224.00
aeroplane 0.511733 191.13 13.54 212.31 53.42
dog 0.511681 124.00 116.18 153.39 146.68
dog 0.511337 124.00 109.21 157.85 137.50
aeroplane 0.511303 100.88 176.36 155.40 209.64
aeroplane 0.511276 207.18 10.10 220.84 54.73
car 0.511009 16.16 0.00 120.84 76.00
aeroplane 0.510651 92.44 143.26 131.82 186.51
aeroplane 0.510574 122.99 126.79 153.01 160.68
aeroplane 0.510234 146.94 188.44 182.89 220.16
aeroplane 0.510124 118.71 143.06 155.97 180.59
aeroplane 0.510036 142.63 170.38 180.92 205.40
