person 0.643962 3.35 58.09 56.78 224.00
person 0.630224 80.63 72.23 224.00 220.46
person 0.597463 117.26 71.56 224.00 185.21
diningtable 0.593844 80.17 82.03 224.00 222.32
person 0.593821 91.89 50.55 173.69 132.89
person 0.587412 101.52 65.52 157.41 143.99
person 0.587091 80.06 77.60 160.56 175.52
person 0.584429 101.57 106.92 200.34 198.03
person 0.581819 12.05 74.75 94.79 181.48
person 0.580100 8.05 63.06 45.51 201.26
person 0.579210 17.09 76.40 79.48 216.42
diningtable 0.578027 49.61 117.35 224.00 198.92
diningtable 0.575766 14.16 93.15 133.92 208.57
person 0.573686 108.57 62.28 185.65 122.79
person 0.572653 19.00 62.93 82.68 164.08
person 0.572135 72.94 82.90 134.76 158.35
person 0.568909 141.71 65.16 224.00 145.66
person 0.567615 20.32 49.69 51.81 169.82
person 0.566455 34.09 82.35 102.28 161.68
chair 0.565969 150.21 64.42 224.00 147.12
person 0.564565 11.10 87.90 44.41 176.40
person 0.564150 123.30 120.88 213.29 193.78
person 0.563674 49.78 132.79 88.52 221.02
person 0.561758 8.19 109.73 33.59 203.40
person 0.561707 129.33 125.21 198.27 216.06
person 0.561524 91.67 88.26 183.23 178.10
person 0.561043 14.63 85.77 67.30 172.64
person 0.560602 56.91 86.92 119.60 167.31
chair 0.560567 133.59 87.16 224.00 157.83
chair 0.560441 121.47 119.04 218.20 189.02
bottle 0.559399 216.82 18.10 224.00 59.19
person 0.558970 0.00 86.79 16.08 170.79
person 0.558744 124.20 91.22 224.00 158.93
person 0.558437 0.00 118.24 18.14 203.02
person 0.557835 112.84 53.18 165.76 127.85
person 0.557702 111.35 107.03 216.04 172.07
person 0.556682 37.70 83.25 128.35 205.94
person 0.556411 28.02 44.52 87.42 141.02
person 0.556041 121.15 113.77 178.43 204.03
person 0.555568 0.00 54.90 35.39 174.86
person 0.554639 33.65 93.73 85.69 180.35
person 0.553351 40.23 114.87 86.15 211.10
person 0.553184 82.82 61.83 146.88 146.27
bottle 0.553078 48.83 130.88 88.15 221.86
person 0.552642 6.56 89.06 33.37 177.96
person 0.552553 127.78 63.18 214.80 127.97
person 0.552315 27.91 120.92 73.03 214.33
diningtable 0.552219 29.69 104.22 187.89 217.65
person 0.552047 0.00 74.14 9.82 154.61
person 0.551339 85.94 27.40 107.50 92.87
person 0.551049 17.60 119.19 60.70 211.09
person 0.551039 11.92 110.15 50.31 203.30
person 0.549621 18.46 63.21 62.90 201.61
person 0.548729 0.00 50.49 8.19 105.69
bottle 0.548229 30.51 127.16 71.45 215.81
person 0.547305 124.68 130.24 165.61 210.21
person 0.547239 0.00 79.40 120.52 224.00
person 0.546807 73.46 29.08 106.80 94.17
bottle 0.546351 155.14 128.37 217.36 185.83
sheep 0.545646 145.75 98.94 222.72 164.51
person 0.545596 68.47 59.27 127.21 152.65
person 0.545156 23.48 23.03 55.11 128.84
person 0.544972 142.29 162.18 197.90 224.00
motorbike 0.544948 35.65 123.78 89.12 218.37
person 0.544907 0.00 118.28 63.81 224.00
bottle 0.544419 20.52 125.95 59.39 212.08
person 0.544134 0.00 134.72 14.01 208.22
person 0.543525 0.00 56.98 6.75 125.63
person 0.543163 163.59 56.57 221.29 127.45
diningtable 0.543123 2.22 83.33 92.16 218.70
person 0.542651 48.31 53.61 108.80 140.02
person 0.542642 114.88 42.19 152.18 113.44
person 0.542542 96.51 72.44 201.34 158.32
chair 0.542364 171.51 60.13 224.00 129.04
bottle 0.541544 117.23 135.60 151.50 212.29
person 0.541232 50.74 32.91 104.80 94.38
person 0.541218 26.57 51.17 65.68 123.11
person 0.541121 3.76 74.33 21.67 158.97
person 0.540453 39.53 37.77 96.67 113.50
person 0.540328 23.42 39.50 61.87 159.42
diningtable 0.540194 68.73 120.97 201.93 224.00
person 0.540025 0.00 28.12 37.71 145.46
person 0.540009 107.91 97.54 192.84 163.64
person 0.539993 121.98 102.80 222.12 216.05
person 0.539932 90.76 32.12 114.51 99.50
person 0.539421 118.75 86.15 197.97 145.70
person 0.538752 108.29 31.08 133.38 98.45
chair 0.538342 216.91 144.89 224.00 194.63
person 0.538191 0.00 31.67 8.54 89.68
bottle 0.537981 105.57 143.05 125.95 215.70
person 0.537943 113.85 35.97 142.87 104.16
person 0.537853 68.93 49.46 109.90 133.21
person 0.537744 33.40 39.77 74.61 126.94
bottle 0.537201 217.10 6.24 224.00 50.14
chair 0.537120 219.44 152.22 224.00 210.70
bottle 0.536532 215.42 27.34 224.00 76.94
bottle 0.536193 110.90 140.44 135.88 214.46
bottle 0.536170 210.63 18.61 221.18 57.02
dog 0.536123 32.56 137.86 70.08 213.41
person 0.535943 4.72 54.86 18.61 103.78
person 0.535834 161.13 127.86 213.97 190.77
person 0.535681 82.74 37.11 108.81 113.64
bottle 0.535471 178.16 133.69 221.89 184.38
bottle 0.535406 12.62 123.83 45.95 208.28
person 0.534941 9.58 74.50 50.66 158.56
chair 0.534895 40.75 140.19 92.67 213.33
person 0.534807 0.00 196.62 15.97 224.00
person 0.534775 0.39 14.55 77.71 189.92
person 0.534726 77.23 32.64 104.66 74.07
person 0.534700 138.14 205.75 192.48 224.00
bottle 0.534648 173.10 53.19 217.22 112.45
bottle 0.534464 108.74 126.68 142.43 207.23
chair 0.533661 99.77 143.59 120.99 215.90
person 0.533564 50.03 71.76 137.37 170.92
chair 0.533255 213.89 70.61 224.00 124.97
person 0.533216 92.63 29.25 111.74 82.66
bottle 0.533162 0.00 179.72 11.55 224.00
chair 0.533157 220.00 170.97 224.00 224.00
person 0.533153 7.89 128.98 93.98 224.00
person 0.533082 73.54 106.02 112.32 168.74
person 0.533081 91.83 40.77 120.09 111.33
person 0.533022 93.90 39.07 146.61 120.16
person 0.532921 212.70 201.56 224.00 224.00
person 0.532804 56.64 208.47 91.64 224.00
diningtable 0.532664 28.25 135.04 145.35 224.00
person 0.532477 126.30 148.91 154.69 217.79
person 0.532382 4.82 64.96 19.63 141.27
person 0.532371 0.00 17.72 8.32 71.21
bottle 0.532340 210.60 0.00 224.00 27.82
bottle 0.532271 0.00 200.18 23.29 224.00
bottle 0.532019 118.64 151.54 143.88 219.22
bottle 0.531937 191.02 47.21 220.07 100.71
person 0.531903 136.39 143.85 180.23 215.38
person 0.531741 38.44 26.86 92.43 86.91
person 0.531727 104.59 27.11 126.31 86.53
person 0.531087 90.49 52.56 128.86 126.91
chair 0.531069 216.60 90.66 224.00 142.62
person 0.530889 182.13 135.32 219.41 190.38
chair 0.530803 214.25 45.48 224.00 93.92
person 0.530760 119.17 206.72 158.12 224.00
pottedplant 0.530740 39.64 13.56 74.64 41.98
chair 0.530733 71.92 142.48 110.15 213.15
person 0.530599 55.67 38.62 121.69 130.52
chair 0.530589 92.65 129.83 120.78 208.59
bottle 0.530541 3.06 205.17 35.88 224.00
bottle 0.530501 214.66 0.00 224.00 39.76
person 0.530498 193.10 141.19 216.13 207.64
person 0.530415 124.06 0.00 224.00 164.46
person 0.530410 15.15 57.12 46.05 104.82
person 0.530248 53.13 32.40 98.21 68.56
person 0.530208 103.67 109.77 152.94 190.26
person 0.530052 21.68 54.17 55.84 108.91
person 0.530040 87.42 27.53 107.16 66.93
chair 0.529992 215.85 131.70 224.00 177.15
sheep 0.529945 55.20 169.37 83.21 224.00
person 0.529900 94.58 27.30 138.84 102.20
bottle 0.529890 19.38 209.85 56.16 224.00
person 0.529834 138.84 185.07 191.72 224.00
person 0.529586 126.67 206.49 173.17 224.00
bottle 0.529448 39.71 13.78 75.71 40.78
dog 0.529440 42.32 133.96 89.12 214.73
bottle 0.529409 108.44 174.63 127.83 224.00
dog 0.529356 26.36 209.81 63.69 224.00
bottle 0.529296 10.86 208.66 46.86 224.00
person 0.529208 0.00 167.12 11.25 220.92
person 0.529201 0.00 0.00 40.06 59.99
car 0.529121 176.98 0.00 224.00 56.75
person 0.528697 65.32 209.66 106.21 224.00
chair 0.528694 195.52 150.59 217.19 213.91
person 0.528658 60.25 24.15 121.68 106.09
person 0.528613 45.03 208.15 79.79 224.00
person 0.528580 78.38 27.17 102.55 60.63
person 0.528540 34.23 209.67 73.19 224.00
car 0.528394 0.00 12.39 8.51 60.36
person 0.528283 21.87 5.73 58.59 98.05
person 0.528152 107.93 205.37 143.98 224.00
person 0.528125 0.00 0.00 19.52 22.31
chair 0.528051 217.43 111.84 224.00 157.95
bottle 0.527922 196.82 39.39 218.10 89.77
person 0.527857 173.68 147.53 209.93 214.68
person 0.527658 45.45 19.59 83.39 51.94
person 0.527633 60.51 0.00 122.95 53.95
bottle 0.527619 114.00 176.16 133.78 224.00
person 0.527613 133.98 59.55 194.39 110.87
bottle 0.527603 201.18 19.63 214.63 53.86
chair 0.527527 62.90 123.66 104.22 197.40
person 0.527417 118.86 178.15 140.57 224.00
bottle 0.527406 202.80 138.61 224.00 187.60
chair 0.527393 216.59 193.27 224.00 224.00
person 0.527362 40.36 0.00 104.75 50.25
person 0.527357 80.74 209.31 117.72 224.00
bottle 0.527298 102.73 151.35 120.61 218.33
person 0.527196 31.92 33.94 65.85 111.72
person 0.527143 83.82 0.00 136.60 60.20
person 0.527105 179.49 208.96 218.38 224.00
person 0.527096 41.13 23.53 89.47 68.26
person 0.526880 190.40 206.68 223.05 224.00
bottle 0.526867 48.26 7.87 77.03 33.07
person 0.526770 165.61 207.87 209.11 224.00
person 0.526708 59.12 26.31 94.68 54.76
sheep 0.526695 172.39 116.19 224.00 170.25
sheep 0.526651 24.82 178.04 53.56 221.45
person 0.526606 2.78 37.96 15.85 92.15
sheep 0.526572 24.18 157.63 57.62 214.05
person 0.526537 117.22 32.24 142.24 82.54
dog 0.526491 51.34 145.39 86.07 222.69
person 0.526421 20.03 0.00 65.37 60.09
person 0.526407 7.26 0.00 103.53 162.20
dog 0.526042 32.94 174.98 63.13 224.00
bottle 0.526024 192.71 0.00 218.33 23.02
person 0.526002 105.30 29.62 159.86 105.05
person 0.525753 82.45 95.68 144.30 164.74
person 0.525716 125.93 164.17 149.00 222.72
person 0.525692 28.15 0.00 81.03 54.05
bottle 0.525646 159.45 30.49 182.95 54.58
bottle 0.525545 201.37 32.02 216.41 80.86
person 0.525447 93.36 206.29 127.02 224.00
bottle 0.525347 181.14 46.01 213.66 101.08
person 0.525260 154.05 54.45 211.25 110.28
chair 0.525255 207.10 142.96 224.00 194.81
bird 0.525243 152.65 30.96 174.60 56.04
person 0.525218 124.18 34.10 149.62 77.53
chair 0.525031 187.59 53.79 221.87 108.05
chair 0.524935 174.19 155.92 211.03 219.75
chair 0.524889 74.83 117.27 111.21 191.53
bottle 0.524734 183.57 0.00 212.40 20.78
chair 0.524630 211.53 147.50 224.00 209.57
person 0.524624 55.36 16.69 84.54 40.48
bottle 0.524438 149.14 0.00 179.98 13.34
chair 0.524366 196.53 177.09 218.98 224.00
bottle 0.524294 157.40 23.91 183.39 49.62
chair 0.524117 173.07 93.55 224.00 150.23
person 0.524094 27.54 27.80 61.63 90.47
bottle 0.524060 39.88 15.51 79.03 70.12
bottle 0.523995 5.51 182.71 28.82 220.73
dog 0.523944 51.88 170.01 81.17 224.00
person 0.523924 203.04 203.03 224.00 224.00
car 0.523921 0.00 1.96 9.80 48.61
boat 0.523909 131.93 33.67 157.59 69.88
person 0.523873 1.34 28.59 16.83 80.06
person 0.523847 119.60 48.42 164.63 107.03
person 0.523836 119.63 40.18 149.78 92.39
person 0.523768 98.48 0.00 155.39 59.24
bottle 0.523726 204.57 35.27 220.91 83.49
person 0.523615 36.49 0.00 142.02 164.15
person 0.523560 6.40 0.00 54.83 62.98
bottle 0.523399 156.90 4.52 184.58 35.84
bottle 0.523362 103.62 172.55 122.13 224.00
bird 0.523270 141.52 31.99 168.39 60.91
bottle 0.523231 5.45 142.30 26.46 211.76
sheep 0.523172 15.35 180.49 42.23 220.29
chair 0.523074 93.74 112.82 133.00 187.89
bottle 0.523017 209.13 27.59 220.64 75.09
bottle 0.523011 141.72 0.00 173.56 14.64
bottle 0.522985 58.08 6.59 84.11 30.54
person 0.522922 65.18 17.84 92.40 42.51
car 0.522816 81.20 0.00 116.15 15.31
bottle 0.522768 170.22 0.00 202.94 15.78
bottle 0.522755 74.49 0.00 108.31 15.53
bottle 0.522735 192.40 13.30 211.48 47.87
bottle 0.522734 210.29 9.28 218.31 49.64
person 0.522624 154.41 21.98 224.00 125.85
sheep 0.522597 181.84 106.15 224.00 159.06
chair 0.522548 84.85 113.95 118.80 188.52
chair 0.522518 150.57 162.81 202.66 224.00
bottle 0.522498 161.19 0.00 194.36 13.08
car 0.522392 113.42 0.00 147.83 12.54
bottle 0.522345 204.00 26.50 214.84 64.21
bottle 0.522329 66.61 0.00 99.90 16.08
person 0.522290 79.53 19.08 99.69 47.23
bird 0.522285 152.00 24.89 175.15 50.24
person 0.522278 63.66 0.00 187.07 168.90
bottle 0.522178 199.64 9.08 215.16 47.22
person 0.522067 33.34 0.00 100.92 83.31
bottle 0.522051 107.37 14.57 133.71 67.54
bottle 0.522042 0.00 166.41 16.74 218.53
person 0.522034 136.35 172.00 171.70 224.00
bottle 0.522007 103.13 14.72 124.18 65.88
car 0.521988 2.03 18.21 20.73 55.60
boat 0.521832 131.67 0.00 164.26 13.98
person 0.521791 21.56 34.65 53.19 89.10
bottle 0.521687 155.89 38.46 184.45 72.86
person 0.521591 114.60 194.99 144.39 224.00
sheep 0.521583 191.23 119.66 224.00 168.06
bottle 0.521545 157.57 15.05 190.28 45.45
bottle 0.521521 21.94 199.96 52.67 224.00
person 0.521514 127.56 40.80 158.45 87.06
person 0.521471 53.87 198.54 84.46 224.00
bottle 0.521384 68.32 5.06 91.96 30.34
pottedplant 0.521380 36.77 0.00 77.57 23.65
bottle 0.521345 56.86 0.00 91.54 18.18
bottle 0.521303 148.94 38.87 176.63 74.52
bottle 0.521241 170.24 13.78 200.46 46.25
bottle 0.521014 106.08 0.00 133.42 44.25
person 0.521004 137.27 50.89 182.13 102.75
car 0.521003 98.46 0.00 132.78 13.52
bottle 0.520963 153.29 17.37 176.23 45.45
person 0.520948 87.76 20.28 105.40 52.97
bottle 0.520935 104.25 193.22 131.78 224.00
car 0.520750 0.00 0.00 13.04 34.18
bottle 0.520700 196.66 0.00 216.34 36.85
chair 0.520688 210.66 180.13 224.00 224.00
sheep 0.520670 14.04 161.00 43.47 215.22
pottedplant 0.520547 31.58 0.00 76.75 36.46
dog 0.520525 28.93 199.87 60.62 224.00
car 0.520507 30.28 0.00 70.23 25.68
car 0.520417 0.00 0.00 27.41 17.96
person 0.520356 13.79 39.38 37.15 90.13
person 0.520348 109.89 0.00 181.36 51.88
person 0.520137 165.09 0.00 224.00 94.80
boat 0.520121 137.45 39.57 169.31 79.34
person 0.520089 95.84 18.35 112.53 59.82
bottle 0.519979 13.44 199.38 43.18 224.00
bottle 0.519832 144.23 50.75 189.10 101.90
bottle 0.519742 208.08 0.00 219.90 38.79
person 0.519673 114.03 29.74 195.12 110.13
sheep 0.519599 132.45 28.20 158.22 61.81
bottle 0.519553 78.93 4.74 99.32 32.90
car 0.519391 32.19 13.60 70.87 43.75
bottle 0.519247 42.94 0.00 80.04 25.85
person 0.519125 131.99 0.00 211.91 42.43
pottedplant 0.519068 29.69 18.58 65.32 69.76
chair 0.518999 193.46 196.06 220.77 224.00
bottle 0.518795 190.02 37.31 210.69 90.10
car 0.518720 150.52 0.00 224.00 49.74
bottle 0.518709 29.96 0.00 76.42 38.75
bottle 0.518633 95.23 2.84 114.19 39.18
bottle 0.518614 82.41 173.29 112.14 224.00
bottle 0.518558 195.38 24.65 208.55 53.54
car 0.518443 22.17 24.90 54.68 71.48
bird 0.518380 142.31 26.17 169.95 54.01
sheep 0.518268 114.28 17.57 141.73 63.05
car 0.518254 1.94 7.78 21.92 43.76
car 0.518170 14.46 18.32 39.41 48.42
dog 0.518148 37.28 199.12 72.77 224.00
person 0.518136 13.31 29.53 37.62 75.13
bottle 0.518045 86.69 5.03 105.93 35.82
pottedplant 0.517837 31.76 13.96 68.87 52.34
chair 0.517781 207.29 194.71 224.00 224.00
bottle 0.517772 188.12 0.00 212.61 34.08
bottle 0.517704 80.39 0.00 113.02 19.92
person 0.517602 130.05 192.35 170.66 224.00
car 0.517470 13.55 22.76 38.73 61.68
sheep 0.517167 123.20 20.26 148.44 58.44
car 0.517036 6.92 0.00 36.70 17.37
car 0.517029 25.15 15.82 59.32 44.35
chair 0.516962 178.39 193.25 215.95 224.00
car 0.516895 16.25 0.00 51.79 19.69
bottle 0.516892 97.84 193.19 124.05 224.00
sheep 0.516840 109.39 0.00 140.47 40.83
bottle 0.516676 176.01 26.09 197.87 53.26
bottle 0.516649 148.84 4.32 176.17 35.83
car 0.516624 24.05 18.70 56.83 55.60
bottle 0.516513 195.78 29.62 209.25 66.99
bottle 0.516270 164.23 44.22 204.35 97.99
bottle 0.516180 145.79 18.09 172.54 47.96
person 0.515824 110.50 0.00 187.72 84.75
sheep 0.515631 119.18 0.00 148.82 38.17
person 0.515617 157.82 186.84 205.39 224.00
car 0.515608 0.00 0.00 23.38 29.91
sheep 0.515529 98.27 0.00 131.25 19.37
bottle 0.515312 174.87 32.78 199.67 70.41
bottle 0.515297 138.28 2.42 163.22 36.84
car 0.515272 13.75 10.42 38.68 38.12
sheep 0.515271 135.70 20.37 159.58 53.07
bottle 0.514789 155.06 0.00 185.64 21.12
dog 0.514647 26.72 0.00 70.93 35.57
bottle 0.514381 80.98 197.66 114.45 224.00
bottle 0.514089 167.88 0.00 202.60 29.13
chair 0.514046 50.41 152.70 96.98 223.21
sheep 0.513787 54.32 174.42 98.85 224.00
sheep 0.513310 108.95 0.00 145.50 17.13
person 0.512549 58.50 200.59 102.10 224.00
person 0.512345 126.14 0.00 219.16 86.05
sheep 0.511961 133.63 0.00 164.06 18.40
pottedplant 0.511381 137.19 0.00 222.53 93.08
car 0.511343 9.89 0.00 37.01 27.41
dog 0.511250 20.43 0.00 58.08 30.46
