horse 0.651878 30.85 7.95 208.44 205.32
dog 0.582361 48.23 32.54 180.33 197.42
person 0.580991 127.21 57.33 190.50 133.01
person 0.569093 103.42 49.73 167.31 149.44
horse 0.568814 112.21 13.05 220.46 191.90
person 0.566637 93.57 9.06 186.13 94.30
dog 0.556346 103.93 60.07 159.97 154.68
sheep 0.555594 85.86 91.92 138.76 193.07
person 0.554009 119.00 52.29 208.09 146.07
person 0.553388 126.28 11.29 187.73 100.03
sheep 0.550312 98.55 84.71 148.08 178.40
dog 0.549743 81.70 92.53 132.68 190.85
dog 0.548656 126.62 50.17 203.76 132.33
horse 0.547558 148.10 22.81 224.00 165.03
person 0.547473 88.04 53.24 148.85 149.94
dog 0.546770 83.52 60.97 132.69 154.44
dog 0.545408 180.47 58.13 217.78 134.61
sheep 0.544337 84.56 75.54 128.26 166.13
dog 0.543972 94.73 74.53 149.92 165.84
dog 0.543502 117.17 34.05 211.78 203.13
dog 0.543487 167.83 5.64 220.89 92.97
cow 0.543248 0.00 30.07 144.37 182.28
person 0.543112 93.86 4.31 175.99 66.04
person 0.542888 113.58 14.80 202.36 111.86
horse 0.542877 1.88 36.93 153.81 199.91
person 0.542856 97.93 30.70 171.48 127.85
car 0.542418 160.27 12.82 217.33 95.71
dog 0.541497 145.31 60.93 191.65 128.04
cow 0.540864 75.13 61.32 131.85 140.92
sheep 0.540483 83.45 110.01 123.56 195.99
dog 0.540283 165.06 49.89 224.00 214.11
cow 0.539030 28.04 41.64 176.65 194.61
dog 0.538718 157.17 62.65 206.63 133.96
car 0.538623 0.00 0.00 19.26 26.05
dog 0.538519 79.65 74.08 120.34 165.67
dog 0.538390 0.00 34.64 119.01 173.92
car 0.537214 0.00 30.96 9.62 71.27
dog 0.536864 200.91 64.84 224.00 134.09
person 0.536705 87.90 25.31 167.72 90.51
dog 0.536698 64.29 92.61 89.55 179.01
dog 0.536682 71.45 88.83 101.58 183.74
dog 0.536102 72.89 65.75 113.50 154.35
sheep 0.535887 108.14 105.44 146.14 192.08
dog 0.535871 110.49 58.74 181.49 143.35
person 0.535381 73.27 54.65 132.22 127.68
person 0.534906 0.00 98.65 12.91 141.65
horse 0.534767 55.72 38.18 212.08 176.65
car 0.534674 0.00 9.07 9.89 46.18
person 0.534432 86.98 39.10 153.36 117.88
person 0.534402 151.10 16.97 208.15 97.33
dog 0.534045 64.75 72.54 93.47 159.60
dog 0.533788 53.76 70.52 155.59 201.01
dog 0.533464 0.00 44.12 74.46 168.06
dog 0.532757 177.59 19.97 218.95 107.13
horse 0.532676 165.11 21.02 224.00 131.22
dog 0.532669 186.26 11.22 224.00 90.77
dog 0.532316 151.62 107.82 176.43 164.30
person 0.532197 11.10 105.17 26.80 138.46
car 0.531994 0.00 0.00 37.22 50.88
dog 0.531949 54.36 145.69 133.02 224.00
sheep 0.531533 207.62 207.42 224.00 224.00
bottle 0.531185 8.00 207.55 44.13 224.00
dog 0.531053 218.07 124.97 224.00 175.07
sheep 0.530856 56.75 92.58 80.66 166.93
dog 0.530770 185.67 187.54 224.00 224.00
person 0.530727 68.00 31.19 135.37 69.29
bird 0.530675 158.92 212.77 203.01 224.00
car 0.530613 209.07 0.00 224.00 25.27
person 0.530490 78.53 32.10 151.09 83.27
sheep 0.530365 98.75 111.15 137.00 195.40
dog 0.530248 76.87 113.06 116.40 194.58
cow 0.530210 0.00 153.35 13.95 192.09
person 0.530188 88.46 0.00 163.17 30.58
sheep 0.530155 134.92 99.87 168.70 170.62
sheep 0.530141 48.62 98.55 71.22 160.52
person 0.529923 16.74 102.33 32.10 140.25
dog 0.529717 131.67 190.29 198.33 224.00
person 0.529632 0.00 46.01 9.06 82.91
bird 0.529564 144.52 212.35 188.72 224.00
person 0.529488 0.00 171.42 39.50 224.00
dog 0.529455 146.46 196.38 212.82 224.00
car 0.529221 72.02 14.71 116.94 33.62
person 0.529217 0.00 108.38 12.11 152.52
dog 0.529136 158.24 115.26 182.19 160.59
car 0.529081 63.16 0.00 131.94 39.95
sheep 0.529041 38.57 102.61 62.59 156.84
sheep 0.529011 185.05 212.39 218.70 224.00
dog 0.528990 216.24 118.40 224.00 166.17
dog 0.528945 117.26 180.55 182.65 224.00
bottle 0.528943 0.00 200.68 24.41 224.00
car 0.528870 73.27 10.19 115.57 25.93
person 0.528816 72.67 40.46 126.53 70.97
dog 0.528752 56.69 78.99 83.91 154.15
sheep 0.528750 194.05 211.38 224.00 224.00
dog 0.528583 0.00 177.18 52.95 224.00
sheep 0.528560 16.76 159.59 37.59 189.26
car 0.528517 79.75 0.00 152.07 40.09
person 0.528317 175.04 0.00 224.00 79.46
bird 0.528290 176.08 212.60 213.47 224.00
person 0.528254 2.60 104.26 22.65 139.32
horse 0.528211 73.18 27.87 190.54 132.12
person 0.527983 0.00 81.57 10.83 122.92
dog 0.527972 195.11 42.06 224.00 117.67
dog 0.527934 150.98 86.84 179.75 151.52
sheep 0.527897 12.39 193.85 38.04 213.94
sheep 0.527723 120.25 120.73 151.31 199.32
dog 0.527716 218.55 135.43 224.00 192.57
dog 0.527709 96.65 168.45 165.38 224.00
boat 0.527620 11.32 100.36 27.20 132.97
dog 0.527522 47.73 92.43 72.60 155.65
dog 0.527322 70.24 115.92 98.99 191.36
sheep 0.527311 152.94 118.68 174.36 170.05
bottle 0.527255 23.61 210.55 60.96 224.00
person 0.527237 0.00 54.89 8.61 90.93
horse 0.527185 124.25 0.00 193.50 62.86
dog 0.527168 37.58 97.14 63.34 152.53
sheep 0.527134 129.99 211.88 171.38 224.00
person 0.527134 62.55 23.24 134.14 61.02
dog 0.527069 208.29 91.44 224.00 149.51
sheep 0.526871 6.01 198.99 31.95 224.00
sheep 0.526823 111.87 92.88 157.41 177.18
horse 0.526762 116.71 10.49 198.82 86.83
person 0.526524 61.78 15.80 132.08 48.58
dog 0.526451 69.64 58.48 115.42 117.70
person 0.526437 65.41 10.13 130.77 35.93
sheep 0.526410 80.48 212.02 115.07 224.00
cow 0.526400 0.00 139.69 12.85 182.02
horse 0.526366 119.58 29.69 204.76 133.78
bottle 0.526352 35.03 211.48 69.17 224.00
car 0.526298 98.00 0.00 157.96 32.43
sheep 0.526124 79.96 134.71 113.12 204.58
sheep 0.526107 90.69 211.81 123.28 224.00
dog 0.526000 213.33 105.81 224.00 158.41
horse 0.525944 98.49 0.00 175.88 45.47
boat 0.525930 34.86 46.74 55.75 68.32
bird 0.525906 0.00 97.43 21.61 133.80
dog 0.525869 164.85 23.34 207.88 105.99
dog 0.525840 135.45 83.65 172.45 157.55
car 0.525770 143.27 16.90 197.48 92.47
person 0.525767 70.38 35.12 119.39 60.69
sheep 0.525756 12.85 159.54 31.24 185.88
car 0.525730 72.12 0.00 144.06 18.88
sheep 0.525659 161.07 126.17 181.01 166.03
person 0.525655 71.64 46.90 129.60 102.29
person 0.525583 0.00 71.79 9.23 109.47
dog 0.525497 191.14 86.01 218.34 144.70
dog 0.525472 0.00 21.04 67.12 133.55
dog 0.525429 13.55 38.00 161.64 223.82
dog 0.525405 22.43 171.38 98.30 224.00
sheep 0.525382 99.64 211.86 133.90 224.00
dog 0.525297 136.75 69.48 181.50 142.80
dog 0.525262 165.06 119.77 190.93 157.97
dog 0.525196 205.25 6.22 224.00 76.93
person 0.525174 70.47 5.72 129.81 24.86
car 0.525075 48.67 0.00 113.21 37.22
sheep 0.525045 63.04 120.90 87.85 187.01
car 0.525003 34.72 38.65 57.02 62.53
sheep 0.525001 115.46 211.86 153.97 224.00
car 0.524974 13.80 0.00 71.62 38.34
car 0.524861 0.00 6.91 48.60 112.39
sheep 0.524713 73.02 143.14 105.97 205.47
car 0.524705 71.38 0.00 111.50 16.24
sheep 0.524596 68.12 150.81 96.86 205.49
dog 0.524553 65.55 68.02 96.62 124.69
person 0.524498 0.00 127.61 11.29 171.46
sheep 0.524490 12.74 183.10 37.27 206.85
sheep 0.524468 219.71 146.58 224.00 196.12
horse 0.524466 170.80 4.03 224.00 100.44
dog 0.524418 112.49 81.18 160.53 165.45
sheep 0.524362 19.12 159.39 45.76 192.71
aeroplane 0.524318 184.64 0.00 217.67 18.66
bottle 0.524238 16.54 99.17 31.76 134.74
person 0.524161 13.28 110.40 26.46 145.96
car 0.524125 30.56 0.00 86.25 35.25
sheep 0.524088 61.67 155.96 87.76 202.83
dog 0.524076 0.00 126.56 30.02 221.60
dog 0.524058 0.00 82.44 44.03 191.48
bottle 0.524055 64.87 212.68 102.55 224.00
aeroplane 0.523996 218.73 0.00 224.00 45.44
aeroplane 0.523992 214.63 0.00 224.00 34.73
sheep 0.523948 29.42 163.54 63.56 202.56
sheep 0.523942 20.44 99.62 39.56 143.16
person 0.523903 70.63 19.43 119.88 41.08
car 0.523902 0.00 42.64 13.07 72.60
aeroplane 0.523846 195.57 0.00 224.00 21.41
sheep 0.523831 69.06 175.63 94.70 210.04
person 0.523796 83.74 2.73 163.17 45.13
dog 0.523660 0.00 104.29 35.10 206.14
boat 0.523651 0.00 186.83 16.77 217.52
dog 0.523649 193.19 109.27 224.00 224.00
person 0.523539 67.81 43.61 102.16 65.88
sheep 0.523516 219.62 165.14 224.00 203.92
bottle 0.523478 43.30 212.01 78.13 224.00
horse 0.523458 91.37 0.00 183.16 72.45
sheep 0.523324 64.21 170.04 87.28 206.77
car 0.523298 153.18 0.00 186.42 18.20
sheep 0.523287 169.04 130.58 189.92 163.92
car 0.523279 172.04 0.00 201.14 17.84
sheep 0.523174 22.74 159.69 55.72 197.38
sheep 0.523062 14.06 171.89 37.19 200.61
dog 0.523060 58.79 72.97 83.38 131.42
car 0.523049 29.67 0.00 62.34 13.33
car 0.522990 163.35 0.00 194.25 18.05
horse 0.522986 148.92 0.00 208.57 71.34
sheep 0.522922 9.32 182.77 30.21 205.55
horse 0.522831 145.86 15.49 212.25 95.09
car 0.522793 36.47 15.20 55.71 34.07
person 0.522747 21.74 100.94 39.81 146.93
aeroplane 0.522552 48.85 79.32 73.33 138.94
car 0.522521 0.00 6.43 13.00 34.44
sheep 0.522449 0.00 189.38 25.02 213.44
sheep 0.522437 44.76 164.69 70.10 201.53
dog 0.522433 56.83 100.02 142.39 220.62
cow 0.522429 12.90 155.33 31.32 182.32
sheep 0.522424 29.37 47.31 51.14 67.42
car 0.522287 41.84 16.16 59.65 35.25
cow 0.522184 0.00 166.89 15.67 204.35
sheep 0.522150 125.47 155.30 151.94 212.85
dog 0.522111 215.85 1.63 224.00 61.39
sheep 0.522049 34.55 53.47 54.45 73.99
sheep 0.522046 26.74 96.46 50.31 144.53
aeroplane 0.522042 59.68 70.24 84.02 118.24
car 0.521996 34.82 28.95 57.54 53.69
sheep 0.521933 143.58 97.11 206.25 224.00
sheep 0.521932 54.58 164.82 77.65 201.62
sheep 0.521872 12.51 92.64 26.24 121.74
car 0.521792 41.32 38.92 62.97 61.46
sheep 0.521783 0.00 177.87 16.43 211.01
person 0.521782 69.99 26.47 122.26 51.45
dog 0.521721 198.48 129.85 215.92 164.78
cow 0.521684 0.00 157.35 24.35 186.44
aeroplane 0.521667 52.99 72.75 72.02 112.89
bottle 0.521585 50.88 212.14 88.66 224.00
boat 0.521515 41.85 46.37 62.38 66.97
dog 0.521434 195.38 106.25 218.04 152.52
car 0.521356 61.22 20.06 173.01 134.19
bird 0.521345 0.00 87.84 18.98 121.85
car 0.521250 0.00 27.01 12.00 61.84
car 0.521194 34.77 8.12 55.77 23.73
dog 0.521186 176.33 123.80 202.60 155.59
cow 0.520961 6.29 111.61 22.68 147.22
sheep 0.520857 70.47 188.48 96.12 217.65
sheep 0.520846 29.24 54.07 48.31 73.64
dog 0.520827 179.97 132.21 201.26 161.23
person 0.520794 17.96 113.19 32.74 154.79
sheep 0.520742 19.35 169.55 53.19 204.01
car 0.520742 138.78 0.00 176.26 19.79
car 0.520720 0.00 37.68 98.42 158.64
dog 0.520702 37.16 85.52 62.21 136.91
person 0.520697 70.08 46.65 112.61 74.38
car 0.520683 36.15 21.07 57.04 42.96
sheep 0.520664 41.47 76.02 60.14 111.18
car 0.520608 111.08 9.97 178.84 75.44
dog 0.520564 84.56 79.89 172.33 207.37
car 0.520454 40.80 29.34 62.37 53.33
sheep 0.520390 38.89 178.10 60.75 207.15
sheep 0.520331 26.52 73.75 43.47 96.28
person 0.520286 0.00 0.00 164.59 184.04
dog 0.520219 208.64 127.45 224.00 170.29
sheep 0.520208 21.07 74.64 34.51 93.96
sheep 0.520131 129.29 135.23 158.24 204.87
sheep 0.520128 13.18 82.82 25.06 105.39
sheep 0.520120 50.44 178.02 67.84 206.41
cow 0.520078 0.00 49.89 12.99 78.52
cow 0.520050 13.96 118.48 25.77 153.20
car 0.519943 8.67 0.00 37.62 18.01
car 0.519906 39.53 8.99 59.57 24.90
sheep 0.519877 22.09 49.12 41.75 68.17
sheep 0.519875 11.25 47.68 25.04 70.57
dog 0.519857 190.68 131.44 209.87 161.46
sheep 0.519827 9.89 171.19 29.77 197.45
car 0.519813 43.22 0.00 74.45 14.10
car 0.519767 107.34 4.98 168.52 60.79
dog 0.519767 158.72 92.27 190.20 145.97
dog 0.519765 143.05 26.65 192.86 105.36
sheep 0.519690 17.74 93.04 31.83 125.07
person 0.519644 69.04 50.91 113.45 93.23
aeroplane 0.519606 59.77 64.30 86.91 102.02
sheep 0.519570 20.11 84.33 33.03 108.48
person 0.519557 10.06 40.21 24.87 64.94
sheep 0.519545 69.34 164.46 102.63 211.77
bird 0.519511 0.00 76.96 15.81 106.24
cow 0.519477 0.00 67.44 14.14 94.83
person 0.519413 63.16 44.43 91.80 65.64
sheep 0.519222 23.73 82.80 40.94 111.42
sheep 0.519219 28.10 63.18 45.44 82.60
sheep 0.519199 137.27 128.99 165.34 197.70
dog 0.519192 172.88 81.12 209.45 139.36
dog 0.519156 188.39 125.12 211.58 155.74
sheep 0.519144 32.56 72.27 51.33 97.82
car 0.519138 52.02 17.09 71.18 34.23
aeroplane 0.519129 39.51 80.26 61.04 123.94
boat 0.519105 49.98 39.14 76.67 60.66
sheep 0.519096 12.94 73.11 24.78 92.65
sheep 0.519041 59.44 177.35 78.15 206.06
sheep 0.518932 0.00 59.08 13.23 86.52
aeroplane 0.518929 52.99 67.40 74.15 97.97
sheep 0.518926 42.61 70.07 60.67 97.31
sheep 0.518901 42.50 189.19 59.72 212.75
sheep 0.518862 153.83 127.58 173.63 187.00
sheep 0.518844 28.88 111.66 49.73 158.71
sheep 0.518821 198.58 132.50 216.41 173.83
dog 0.518802 113.01 89.04 186.57 214.75
car 0.518786 0.00 15.05 70.45 122.88
sheep 0.518785 29.74 79.99 49.19 112.07
sheep 0.518739 33.87 62.24 52.82 83.06
car 0.518732 124.26 0.00 166.71 23.57
sheep 0.518698 54.53 125.79 77.46 183.04
car 0.518663 70.28 18.90 108.27 39.33
person 0.518643 66.67 47.79 100.07 72.01
sheep 0.518615 22.61 55.80 38.74 74.59
sheep 0.518565 13.57 201.15 45.62 224.00
car 0.518565 18.67 0.00 52.64 14.50
dog 0.518513 7.25 89.50 95.62 190.34
cow 0.518478 13.48 147.15 28.48 175.50
sheep 0.518471 218.91 185.98 224.00 223.17
sheep 0.518460 21.69 41.70 44.25 61.72
cow 0.518444 17.47 128.91 33.11 164.35
car 0.518371 31.96 14.99 51.60 31.77
car 0.518263 67.82 0.00 149.77 70.40
dog 0.518252 188.60 158.87 224.00 224.00
sheep 0.518220 15.30 144.73 33.92 176.93
car 0.518206 0.00 0.00 55.76 76.96
sheep 0.518198 22.12 112.19 39.64 157.68
boat 0.518187 50.45 45.50 77.45 65.43
sheep 0.518174 12.87 54.93 24.66 76.70
cow 0.518129 14.30 133.11 26.25 163.29
sheep 0.518129 162.91 133.18 181.38 184.83
sheep 0.518102 0.00 120.96 50.64 212.79
sheep 0.518094 21.99 64.70 36.00 83.09
sheep 0.518092 25.84 190.59 51.70 211.85
boat 0.518057 30.52 29.46 54.44 52.61
car 0.518056 55.99 0.00 86.26 15.28
boat 0.517932 42.14 52.60 61.57 72.90
car 0.517871 62.74 37.30 93.97 60.18
car 0.517857 50.17 29.78 75.65 52.68
dog 0.517780 181.43 103.66 211.21 148.94
sheep 0.517582 212.41 201.36 224.00 224.00
sheep 0.517549 67.65 187.39 87.92 214.80
sheep 0.517505 52.70 188.89 66.77 211.87
sheep 0.517446 13.31 64.18 24.54 84.10
aeroplane 0.517409 180.86 0.00 217.40 28.73
car 0.517360 66.44 15.34 93.65 33.11
aeroplane 0.517324 156.91 0.00 192.62 58.60
car 0.517300 51.18 22.08 73.03 42.65
cow 0.517227 2.55 145.93 22.37 177.41
dog 0.517211 206.25 105.90 223.21 155.04
person 0.517139 65.64 53.48 100.19 86.96
aeroplane 0.517051 169.67 0.00 199.58 55.02
cow 0.517049 5.88 119.40 21.57 155.28
sheep 0.517048 105.78 131.43 137.06 200.88
sheep 0.516979 0.00 180.32 24.87 206.22
sheep 0.516976 0.00 152.53 46.74 224.00
car 0.516973 68.93 26.45 109.58 49.60
sheep 0.516891 169.32 99.83 224.00 224.00
person 0.516869 9.54 30.88 24.38 57.40
dog 0.516748 168.15 98.20 200.55 145.95
car 0.516717 134.50 0.00 185.26 62.13
boat 0.516661 31.80 21.07 53.56 41.67
sheep 0.516610 209.16 136.22 224.00 188.47
sheep 0.516578 106.21 198.63 130.54 224.00
aeroplane 0.516537 181.81 0.00 217.13 49.76
boat 0.516530 62.40 48.68 90.40 70.98
sheep 0.516515 20.01 90.72 38.77 127.49
sheep 0.516499 133.08 155.97 159.16 212.32
sheep 0.516475 8.71 115.98 79.80 203.23
sheep 0.516449 115.85 198.10 140.65 224.00
cow 0.516394 4.77 133.07 21.12 166.38
aeroplane 0.516351 170.91 12.76 212.90 76.02
car 0.516345 31.26 7.60 51.71 20.99
sheep 0.516329 190.42 133.34 209.31 170.87
car 0.516296 49.48 10.48 70.09 24.56
sheep 0.516261 90.99 132.27 126.53 201.23
sheep 0.516249 90.73 196.30 117.75 221.58
sheep 0.516220 51.55 148.08 78.26 195.60
dog 0.516215 81.63 119.56 160.07 224.00
sheep 0.516212 25.17 202.08 55.33 224.00
car 0.516210 12.79 15.69 26.05 36.38
sheep 0.516158 42.45 60.81 60.95 82.33
sheep 0.516071 179.42 134.10 199.91 170.71
sheep 0.516024 169.66 136.87 188.62 183.95
sheep 0.516000 44.62 129.74 70.68 182.00
sheep 0.515947 121.81 197.31 147.72 224.00
car 0.515802 164.66 14.23 203.77 75.15
sheep 0.515785 26.99 86.20 48.37 125.95
sheep 0.515729 41.83 151.26 71.99 195.87
aeroplane 0.515701 170.97 0.00 199.73 28.63
car 0.515685 24.99 15.76 45.77 31.12
sheep 0.515628 61.85 187.91 77.99 211.74
sheep 0.515628 187.27 139.89 209.36 182.40
car 0.515623 112.52 0.00 166.07 41.82
boat 0.515585 60.62 55.57 89.32 82.88
boat 0.515569 21.53 31.27 45.99 52.43
sheep 0.515557 40.05 203.34 63.20 224.00
sheep 0.515513 195.20 150.35 215.12 189.21
car 0.515471 13.40 8.87 28.21 26.67
car 0.515310 65.10 10.79 90.75 25.92
boat 0.515294 51.95 58.31 76.60 81.66
sheep 0.515260 126.37 183.78 152.76 216.07
car 0.515254 65.45 19.38 95.83 40.11
car 0.515226 12.57 0.00 71.06 70.52
boat 0.515162 51.18 50.49 77.60 71.12
sheep 0.515088 0.00 169.31 23.90 199.32
sheep 0.515062 20.17 125.63 39.91 166.04
aeroplane 0.515044 198.31 0.00 224.00 46.79
sheep 0.515024 177.11 139.91 199.57 182.54
dog 0.515021 103.45 136.38 176.46 224.00
sheep 0.515014 121.51 184.88 145.62 217.26
aeroplane 0.514979 161.21 0.00 193.54 31.77
car 0.514887 63.79 27.14 96.50 50.72
car 0.514823 15.24 20.87 98.66 126.78
sheep 0.514772 156.31 148.46 175.31 200.45
sheep 0.514673 171.04 147.42 190.10 191.64
car 0.514514 10.78 22.52 24.67 47.73
sheep 0.514403 32.72 134.27 63.28 183.24
sheep 0.514384 67.52 204.27 98.43 224.00
boat 0.514370 23.43 22.36 46.70 41.89
sheep 0.514332 193.40 161.84 212.62 194.47
dog 0.514324 122.50 151.40 191.33 224.00
car 0.514260 126.41 0.00 175.17 39.21
sheep 0.514053 185.82 151.45 208.90 190.37
sheep 0.514033 191.48 172.01 210.54 202.02
dog 0.513907 40.29 94.87 131.44 197.38
sheep 0.513902 73.56 192.92 106.80 218.15
car 0.513817 143.92 0.00 186.30 35.64
sheep 0.513799 178.91 181.87 205.07 213.74
sheep 0.513656 144.04 163.08 207.89 224.00
sheep 0.513641 207.63 158.52 222.72 194.58
sheep 0.513602 165.13 155.08 183.07 199.82
sheep 0.513595 205.29 168.09 219.41 200.12
car 0.513568 25.09 8.24 47.25 20.88
sheep 0.513528 110.87 209.03 144.48 224.00
sheep 0.513433 181.97 171.80 205.66 204.58
sheep 0.513348 170.85 182.18 198.88 214.87
sheep 0.513343 143.49 159.42 168.72 210.57
sheep 0.513326 78.77 156.68 115.28 210.98
sheep 0.513155 184.29 162.08 207.27 197.02
aeroplane 0.513147 193.65 1.15 223.05 67.63
sheep 0.513082 188.51 181.14 209.69 210.53
sheep 0.513044 76.45 205.75 112.29 224.00
sheep 0.513039 22.39 138.21 51.37 181.97
sheep 0.512904 133.58 183.38 161.35 216.97
sheep 0.512878 110.33 154.82 137.99 213.43
car 0.512781 29.37 0.00 85.40 64.95
sheep 0.512695 48.63 204.12 70.70 224.00
sheep 0.512553 115.62 186.45 139.29 217.67
sheep 0.512426 131.80 198.76 163.76 224.00
sheep 0.512377 143.05 183.34 171.24 217.34
sheep 0.512311 31.88 130.99 109.94 224.00
sheep 0.512244 152.11 183.68 178.08 217.18
sheep 0.512243 203.21 177.18 217.73 207.87
sheep 0.512213 155.99 165.02 176.37 208.41
sheep 0.512155 164.17 183.99 191.90 216.84
sheep 0.512057 165.90 163.39 224.00 224.00
sheep 0.512054 142.15 211.21 187.54 224.00
sheep 0.512046 174.72 171.27 199.24 205.15
sheep 0.512036 94.46 154.27 126.43 210.74
sheep 0.512028 177.12 161.01 200.23 197.48
sheep 0.512018 139.75 199.14 174.08 224.00
sheep 0.511847 176.17 194.79 206.70 224.00
sheep 0.511781 83.89 180.61 114.56 211.35
sheep 0.511594 186.36 192.78 211.52 224.00
sheep 0.511562 102.60 184.84 128.58 213.98
sheep 0.511520 155.15 211.37 201.74 224.00
sheep 0.511506 163.49 169.86 183.41 207.96
sheep 0.511392 168.85 171.13 191.05 207.26
sheep 0.511351 158.45 184.53 184.67 217.35
sheep 0.511037 159.94 197.11 194.44 224.00
sheep 0.510939 56.65 204.31 82.09 224.00
sheep 0.510443 201.93 189.78 219.03 222.67
sheep 0.510402 172.92 210.72 211.81 224.00
