car 0.599239 166.68 188.34 202.34 215.47
car 0.596332 164.96 172.77 205.75 211.03
car 0.583882 126.60 124.27 224.00 192.06
car 0.570857 144.54 134.29 224.00 209.17
car 0.569502 158.57 152.35 212.47 205.25
car 0.561480 117.42 103.15 146.55 134.65
car 0.557699 109.18 165.18 183.26 197.55
car 0.554572 147.28 189.06 201.16 209.12
car 0.554404 148.61 195.33 202.55 216.40
car 0.552959 14.33 101.67 82.85 165.44
car 0.552752 120.77 161.17 202.64 200.74
car 0.552427 130.72 150.32 219.49 201.56
car 0.550498 141.09 175.27 205.75 204.35
aeroplane 0.547704 11.61 103.62 79.70 162.67
car 0.547480 127.27 172.87 192.55 201.92
car 0.546969 166.16 132.98 223.44 190.37
car 0.546403 33.91 111.54 74.71 159.52
car 0.544170 134.35 185.15 191.88 206.92
car 0.544091 134.87 193.87 188.28 216.24
car 0.543922 90.66 114.89 169.78 182.93
car 0.542731 160.23 194.50 205.38 224.00
car 0.540945 111.67 109.64 151.76 141.94
car 0.540467 188.67 128.30 224.00 176.27
car 0.540209 0.00 123.63 10.60 177.09
car 0.540077 124.38 94.40 152.07 132.66
car 0.539075 138.05 200.71 199.46 224.00
car 0.539044 201.25 202.84 224.00 224.00
car 0.537878 100.49 160.16 162.04 197.83
car 0.537344 0.00 112.34 13.73 160.28
car 0.537270 93.81 160.82 177.36 207.81
car 0.536319 0.00 199.52 15.32 224.00
car 0.536312 95.64 111.01 120.34 151.38
car 0.536176 117.78 206.45 163.48 224.00
car 0.536115 23.45 112.02 63.87 150.69
car 0.535758 104.23 112.22 157.05 150.87
car 0.535583 123.41 178.05 180.49 204.55
car 0.534274 121.44 101.68 207.97 183.95
car 0.533828 98.68 167.64 211.74 224.00
car 0.533751 14.92 113.23 43.33 148.55
car 0.533287 182.69 156.63 224.00 196.80
car 0.533184 0.00 0.00 20.29 21.52
car 0.533040 0.00 186.28 10.34 222.81
car 0.532804 0.76 112.18 24.70 152.56
car 0.532625 26.60 208.94 57.83 224.00
car 0.532479 7.83 113.73 31.53 149.13
car 0.532474 101.64 210.29 144.77 224.00
car 0.532300 18.77 207.62 50.34 224.00
car 0.532251 94.78 111.06 150.18 171.81
car 0.532073 164.84 166.36 224.00 224.00
car 0.531919 94.07 107.96 114.32 146.49
car 0.531610 92.90 142.31 174.52 200.56
car 0.531604 0.00 139.92 9.38 199.12
car 0.531587 175.50 200.60 222.76 224.00
car 0.531492 0.00 201.84 25.45 224.00
car 0.531311 92.54 211.36 131.57 224.00
car 0.531152 34.75 210.25 65.61 224.00
car 0.531119 108.99 123.93 194.87 181.24
car 0.530745 32.52 104.13 103.92 167.83
aeroplane 0.530730 0.00 14.12 64.10 200.09
car 0.530615 125.07 194.10 171.82 219.07
car 0.530321 100.28 113.26 130.68 152.22
car 0.530089 0.00 123.24 16.92 172.95
aeroplane 0.529947 0.00 19.39 51.38 140.56
car 0.529477 195.07 0.00 224.00 57.17
car 0.529380 25.36 123.30 59.13 171.29
car 0.529335 119.79 145.96 193.40 193.66
car 0.529311 109.81 144.53 219.36 215.03
person 0.529219 0.00 58.29 11.73 107.83
car 0.529169 0.00 168.23 9.54 216.08
car 0.529109 153.45 125.04 215.03 175.93
person 0.529007 178.10 83.32 195.24 104.00
car 0.528975 89.36 180.13 190.42 224.00
car 0.528866 0.00 101.10 88.38 224.00
car 0.528863 220.00 41.08 224.00 75.62
person 0.528594 156.90 0.00 224.00 146.71
car 0.528517 42.98 211.73 77.46 224.00
person 0.528484 198.08 122.95 224.00 167.29
car 0.528291 44.13 117.39 76.60 169.31
car 0.528177 16.69 125.22 40.39 170.55
car 0.527857 135.03 117.37 203.84 170.16
aeroplane 0.527828 0.00 177.60 72.78 224.00
car 0.527824 2.75 191.60 20.67 217.50
boat 0.527776 0.00 47.63 72.29 211.68
person 0.527763 174.49 82.08 190.78 102.67
car 0.527607 0.00 169.32 54.77 224.00
car 0.527540 208.91 0.00 224.00 18.39
car 0.527431 7.35 204.51 35.97 224.00
car 0.527196 97.96 161.35 140.60 199.64
car 0.527116 0.00 0.00 41.67 58.32
car 0.526960 75.07 211.50 112.88 224.00
car 0.526953 0.00 100.35 20.40 148.91
person 0.526897 92.38 101.12 111.29 138.84
aeroplane 0.526889 0.00 0.00 78.88 145.74
car 0.526850 5.90 186.19 86.24 224.00
car 0.526795 50.38 212.50 88.63 224.00
car 0.526768 196.59 173.11 224.00 206.70
person 0.526762 33.74 107.60 73.39 151.59
car 0.526608 8.57 124.48 28.33 169.65
car 0.526487 20.59 195.03 36.76 215.35
sheep 0.526445 0.00 61.86 29.83 107.93
car 0.526395 40.21 192.02 121.22 224.00
car 0.526394 165.44 163.00 216.68 200.75
aeroplane 0.526370 0.00 75.91 76.30 171.11
car 0.526365 26.77 195.07 43.00 214.76
car 0.526151 65.17 212.43 104.39 224.00
car 0.526107 134.14 91.99 160.87 130.52
person 0.526093 0.00 74.77 15.11 123.77
aeroplane 0.525966 24.09 190.52 104.09 224.00
person 0.525946 177.72 77.57 195.58 97.72
car 0.525780 201.59 184.59 224.00 214.77
car 0.525758 203.31 0.00 224.00 101.81
car 0.525660 79.63 106.92 98.63 148.94
car 0.525542 82.06 132.17 192.74 224.00
car 0.525468 73.29 118.74 98.30 164.61
car 0.525453 47.12 128.01 70.85 172.89
car 0.525444 119.24 108.33 179.40 162.20
car 0.525313 0.00 0.00 29.78 17.32
person 0.525271 174.26 130.11 221.55 181.40
car 0.525267 157.19 114.38 204.85 159.55
car 0.525209 220.00 30.32 224.00 66.57
car 0.525196 168.06 98.85 197.33 139.70
aeroplane 0.525193 0.00 0.00 40.32 115.74
dog 0.525001 6.29 60.89 37.14 108.98
car 0.524997 141.42 108.95 194.75 152.47
car 0.524900 53.75 106.50 83.89 154.96
car 0.524818 58.43 189.05 143.90 224.00
person 0.524717 91.68 93.28 109.72 129.92
car 0.524705 0.00 157.84 15.24 207.25
car 0.524661 126.61 102.59 168.52 144.69
car 0.524577 0.00 69.40 68.63 165.22
car 0.524549 54.58 122.00 82.86 168.98
aeroplane 0.524534 0.00 42.46 65.98 154.59
car 0.524498 13.49 194.66 30.76 215.42
car 0.524392 0.00 101.61 71.74 177.93
car 0.524315 89.46 106.39 108.06 144.62
car 0.524282 147.95 98.47 186.96 134.88
sheep 0.524161 140.22 32.98 156.41 55.70
car 0.524093 34.74 195.04 50.41 213.83
car 0.523998 152.86 90.18 182.16 122.42
person 0.523966 174.41 58.17 224.00 163.45
person 0.523892 163.05 83.71 224.00 179.10
car 0.523855 33.29 124.58 141.54 224.00
person 0.523836 132.66 77.21 150.27 115.60
car 0.523775 8.99 162.60 28.54 202.29
sheep 0.523701 133.41 33.71 147.99 54.69
dog 0.523676 220.00 46.94 224.00 82.26
car 0.523527 173.66 37.82 224.00 224.00
person 0.523453 97.72 101.68 120.19 138.35
car 0.523385 19.00 166.88 36.93 197.91
car 0.523375 5.92 88.10 37.59 127.44
car 0.523274 174.68 83.98 191.22 106.71
car 0.523127 195.85 9.29 224.00 126.29
person 0.523094 134.28 68.39 149.21 98.89
person 0.523086 127.42 87.31 149.93 131.85
sheep 0.522936 9.31 76.55 42.29 120.33
person 0.522793 184.66 30.26 224.00 149.28
car 0.522759 92.96 124.56 137.29 180.31
person 0.522712 177.62 8.35 224.00 199.69
person 0.522628 0.00 70.14 32.25 114.50
sheep 0.522496 141.34 39.42 155.56 61.70
person 0.522471 5.21 79.28 37.36 119.17
car 0.522438 17.31 148.69 37.77 186.01
car 0.522385 172.47 173.61 215.92 204.79
car 0.522311 23.83 201.40 44.98 224.00
person 0.522298 137.90 69.15 153.31 98.39
person 0.522226 134.67 88.14 160.82 127.06
sheep 0.522198 148.52 32.46 164.65 54.49
car 0.522179 25.93 189.32 41.72 209.72
car 0.522151 0.00 174.99 16.92 214.40
car 0.522065 31.38 202.15 52.77 224.00
car 0.522038 220.00 15.61 224.00 49.24
cow 0.522033 0.00 0.00 41.30 89.38
person 0.521976 182.15 84.64 199.97 104.14
sheep 0.521972 127.24 33.87 138.30 52.64
person 0.521945 220.00 83.39 224.00 116.51
car 0.521916 168.12 83.49 187.58 108.85
cow 0.521871 10.55 86.45 42.28 128.28
aeroplane 0.521859 0.00 152.22 55.25 224.00
car 0.521833 6.75 98.14 37.91 138.84
car 0.521822 166.10 87.21 190.18 115.74
car 0.521749 88.33 116.59 126.08 163.60
boat 0.521744 111.84 0.00 141.19 16.57
car 0.521633 42.74 194.90 57.38 213.01
car 0.521590 7.34 144.75 28.27 190.52
car 0.521500 79.23 93.27 132.14 164.61
car 0.521352 173.52 12.33 186.16 25.41
dog 0.521347 9.97 66.76 43.17 116.44
car 0.521290 220.00 7.33 224.00 38.28
car 0.521227 11.50 178.69 28.70 210.36
car 0.521155 167.66 0.00 195.35 15.57
car 0.521129 36.14 132.11 61.43 173.21
car 0.521126 20.09 180.27 35.58 206.79
sheep 0.521114 134.66 39.39 147.36 60.33
boat 0.521095 102.44 0.00 133.66 17.17
dog 0.521079 220.00 66.53 224.00 99.75
car 0.521046 168.34 119.83 208.70 170.91
car 0.521043 17.77 200.65 37.94 224.00
boat 0.521032 91.24 0.00 125.10 16.81
person 0.521021 174.33 73.55 189.26 91.18
dog 0.521015 87.23 92.82 105.28 128.15
car 0.520999 6.69 0.00 38.62 16.00
sheep 0.520993 140.85 22.22 156.22 46.13
person 0.520957 20.03 108.84 62.38 148.38
car 0.520919 27.14 134.32 51.51 173.53
sheep 0.520913 179.28 20.79 193.12 37.12
car 0.520907 178.55 13.05 192.59 27.06
aeroplane 0.520896 22.37 120.03 94.29 202.07
person 0.520877 0.00 86.65 33.97 129.56
aeroplane 0.520871 21.99 0.00 99.43 117.67
car 0.520819 126.61 79.00 191.20 176.33
person 0.520787 88.04 100.78 106.30 137.61
aeroplane 0.520745 0.00 123.42 83.53 212.12
dog 0.520726 189.35 40.82 205.95 65.85
person 0.520724 168.94 81.81 187.59 105.99
car 0.520693 93.04 141.45 136.78 194.46
person 0.520656 218.48 100.69 224.00 138.84
aeroplane 0.520562 43.06 24.99 109.50 183.57
dog 0.520558 173.87 24.47 188.17 43.92
person 0.520521 209.10 113.08 224.00 155.45
car 0.520514 109.14 102.54 140.18 138.09
person 0.520481 176.20 88.54 196.76 115.13
dog 0.520417 180.14 26.93 196.49 49.05
sheep 0.520368 148.73 38.87 163.01 61.03
person 0.520346 179.25 69.87 195.49 89.94
car 0.520326 39.04 203.44 60.16 224.00
car 0.520299 33.43 189.22 48.91 208.25
car 0.520277 24.47 0.00 60.79 15.55
person 0.520255 0.00 41.49 10.75 91.00
car 0.520219 173.97 18.75 186.65 33.94
car 0.520199 200.35 0.00 224.00 16.70
sheep 0.520186 128.90 0.00 157.01 16.01
sheep 0.520180 133.56 22.52 147.95 45.15
dog 0.520116 188.19 28.08 204.73 52.46
car 0.520088 136.88 0.00 165.44 15.35
car 0.520049 185.60 12.79 201.62 27.91
dog 0.520023 91.32 87.30 107.25 119.52
car 0.520005 110.08 94.81 172.61 167.53
boat 0.519949 120.03 0.00 148.11 15.93
dog 0.519883 186.73 21.40 202.08 39.69
car 0.519871 174.76 0.00 202.39 15.15
car 0.519812 43.79 167.68 57.68 189.07
person 0.519775 57.61 103.95 86.28 147.44
car 0.519738 196.08 40.56 210.35 65.95
car 0.519717 35.50 168.22 50.11 191.12
car 0.519673 27.31 151.01 45.73 182.63
sheep 0.519625 121.23 32.53 129.28 50.95
car 0.519581 26.70 168.77 42.67 193.93
cow 0.519579 0.00 4.62 8.35 49.40
dog 0.519530 189.23 49.17 203.95 70.69
dog 0.519417 174.60 31.45 189.51 53.04
sheep 0.519240 149.07 23.18 165.38 44.89
dog 0.519239 86.37 86.01 102.78 117.83
cow 0.519229 0.00 0.00 10.48 36.95
car 0.519223 42.05 188.99 56.03 206.57
car 0.519221 36.91 149.32 54.18 180.52
aeroplane 0.519205 7.07 161.98 84.71 224.00
car 0.519203 44.10 147.14 61.32 179.00
dog 0.519203 196.50 10.98 211.76 29.68
car 0.519166 215.77 0.00 224.00 25.87
car 0.519155 72.20 135.78 93.76 177.57
aeroplane 0.519117 41.88 0.00 120.79 32.69
aeroplane 0.519058 1.20 102.31 87.45 182.78
car 0.519043 50.92 145.40 68.08 179.41
person 0.519042 126.12 79.51 143.54 112.90
sheep 0.519027 0.00 19.42 8.72 69.82
car 0.519025 190.98 0.00 217.99 15.23
dog 0.519015 158.68 30.54 173.44 51.58
car 0.519013 61.30 176.42 74.38 196.74
car 0.518986 113.13 199.37 157.34 224.00
car 0.518947 57.44 143.39 75.41 179.67
dog 0.518894 181.66 33.82 199.53 58.33
car 0.518883 64.14 143.75 82.52 180.29
car 0.518858 177.38 186.73 216.01 210.97
car 0.518845 51.40 194.69 66.50 212.92
dog 0.518844 135.00 57.72 147.66 81.54
car 0.518802 60.73 163.62 74.79 188.87
car 0.518801 69.20 173.92 82.73 196.72
car 0.518795 178.43 0.00 224.00 50.73
sheep 0.518777 126.62 23.46 138.06 43.76
car 0.518769 68.41 161.50 82.73 189.14
car 0.518768 140.22 91.87 224.00 183.62
sheep 0.518735 21.51 21.81 50.86 68.20
car 0.518716 11.63 199.42 31.70 224.00
car 0.518712 182.07 0.00 210.07 14.96
car 0.518698 160.44 0.00 188.69 15.34
aeroplane 0.518691 3.82 0.00 76.07 41.51
car 0.518688 195.14 47.88 208.77 70.31
dog 0.518664 197.76 20.27 211.38 42.12
boat 0.518649 76.02 0.00 112.25 15.51
car 0.518637 42.24 179.50 55.97 199.46
car 0.518635 52.10 166.32 66.15 188.69
car 0.518614 25.94 180.10 40.81 204.12
person 0.518593 158.47 73.89 177.49 93.61
sheep 0.518593 128.89 39.09 137.81 57.90
person 0.518554 154.47 82.92 179.29 115.96
boat 0.518543 34.35 0.00 68.47 15.36
aeroplane 0.518523 12.21 32.91 92.31 155.95
aeroplane 0.518522 17.34 21.58 41.06 66.18
dog 0.518518 140.23 59.34 153.36 82.12
dog 0.518482 168.05 29.32 180.98 50.46
dog 0.518456 84.25 77.72 99.75 104.89
person 0.518411 157.10 79.27 179.43 105.22
aeroplane 0.518370 66.68 194.17 86.24 218.18
car 0.518360 89.73 161.13 121.13 192.07
dog 0.518282 90.12 78.88 104.87 104.88
dog 0.518252 79.51 91.86 99.36 124.25
person 0.518242 145.03 71.17 161.96 95.96
car 0.518241 51.56 178.63 65.05 197.55
aeroplane 0.518218 59.92 194.38 76.87 215.34
sheep 0.518193 0.00 46.23 24.66 93.65
aeroplane 0.518190 68.71 183.42 83.08 203.85
dog 0.518189 126.64 69.80 140.71 97.00
sheep 0.518150 142.02 47.36 153.54 70.20
dog 0.518137 105.74 69.70 124.19 94.11
car 0.518132 61.28 185.78 74.32 203.67
dog 0.518097 82.45 69.71 98.67 94.49
car 0.518064 33.57 179.57 48.24 201.89
dog 0.518040 95.57 70.55 114.17 94.33
car 0.518028 77.83 161.55 92.62 188.78
person 0.518004 108.75 95.68 136.06 134.05
person 0.518000 11.36 98.17 43.30 140.53
dog 0.517972 168.14 22.50 181.79 41.57
person 0.517962 79.57 98.78 99.62 134.79
sheep 0.517911 120.81 22.82 130.14 42.49
dog 0.517865 54.08 58.37 76.45 88.15
dog 0.517839 9.12 32.15 32.02 79.11
dog 0.517794 196.65 34.68 211.07 62.13
dog 0.517761 14.91 58.29 50.18 111.96
car 0.517745 121.74 0.00 188.41 39.16
car 0.517711 144.89 0.00 173.60 14.17
car 0.517692 51.76 187.97 64.91 204.57
dog 0.517596 157.85 37.50 171.65 59.36
car 0.517582 74.60 148.37 93.56 182.70
car 0.517564 78.44 170.86 92.11 195.47
aeroplane 0.517546 9.14 21.80 30.41 64.19
dog 0.517525 8.22 46.21 34.12 94.75
dog 0.517513 16.06 30.61 41.36 80.93
boat 0.517511 44.98 0.00 75.99 14.91
person 0.517492 168.88 75.20 185.27 93.29
aeroplane 0.517474 78.58 0.00 154.28 37.15
dog 0.517470 88.80 70.59 104.62 94.25
dog 0.517453 197.57 27.82 211.74 54.51
car 0.517407 44.24 60.93 122.79 190.53
car 0.517388 157.80 0.00 213.28 45.06
dog 0.517379 25.50 76.61 62.80 117.74
aeroplane 0.517372 32.43 66.88 101.69 171.20
sheep 0.517290 114.81 0.00 136.64 16.36
dog 0.517227 65.02 90.45 87.36 124.01
sheep 0.517181 143.14 4.00 155.93 21.96
sheep 0.517178 159.40 23.12 175.03 42.39
person 0.517114 190.32 87.98 208.37 106.11
person 0.517110 96.71 88.16 116.80 121.62
dog 0.517098 96.70 79.43 115.04 106.26
dog 0.517091 182.64 40.81 199.43 63.90
car 0.517081 152.78 0.00 181.33 14.19
sheep 0.517070 103.12 20.98 113.74 40.87
car 0.517042 130.81 56.52 182.11 159.19
dog 0.517040 117.07 70.05 132.16 94.31
dog 0.516984 49.54 86.65 73.12 128.08
boat 0.516970 60.95 0.00 96.26 13.98
sheep 0.516960 135.99 45.93 146.60 68.66
dog 0.516944 46.51 78.11 70.76 113.51
aeroplane 0.516934 68.42 0.00 106.45 14.38
sheep 0.516929 23.78 16.00 49.91 55.97
sheep 0.516928 0.00 31.94 21.02 80.19
sheep 0.516923 121.04 1.68 132.14 20.97
sheep 0.516912 139.34 0.00 161.27 15.90
dog 0.516906 78.28 85.19 97.45 113.64
car 0.516889 47.05 205.90 71.81 224.00
person 0.516879 141.56 78.41 161.66 113.68
dog 0.516863 58.73 67.23 78.73 96.07
car 0.516863 87.44 140.72 125.40 186.73
sheep 0.516842 112.79 31.09 120.75 49.69
boat 0.516834 53.22 0.00 83.97 14.10
car 0.516807 163.63 6.09 208.72 100.25
cow 0.516801 15.41 85.20 53.93 127.58
sheep 0.516742 96.68 19.58 107.36 41.06
sheep 0.516738 56.33 40.71 78.52 76.25
car 0.516736 95.07 204.78 127.31 224.00
sheep 0.516677 94.17 0.00 110.71 22.71
car 0.516661 168.40 10.88 182.40 23.23
sheep 0.516661 148.62 48.89 160.43 71.22
dog 0.516652 167.35 37.62 180.51 58.94
sheep 0.516645 142.74 11.71 155.40 32.90
car 0.516625 89.69 75.63 176.77 192.13
person 0.516614 189.50 82.97 207.08 100.60
dog 0.516604 107.23 79.32 127.55 108.29
sheep 0.516603 96.61 11.71 108.60 31.10
sheep 0.516576 102.92 12.32 115.25 30.79
sheep 0.516555 28.64 85.90 66.22 128.52
sheep 0.516550 103.89 30.33 112.87 49.73
dog 0.516497 57.48 81.66 77.42 112.14
sheep 0.516493 122.74 38.36 128.99 56.79
person 0.516488 171.71 121.71 211.37 170.42
dog 0.516482 74.44 69.72 93.28 95.19
car 0.516457 144.76 12.89 194.50 99.27
person 0.516446 175.72 102.97 204.81 143.63
aeroplane 0.516426 19.89 15.62 40.49 53.30
sheep 0.516425 96.65 28.67 105.98 51.00
sheep 0.516408 52.39 27.47 74.01 65.83
sheep 0.516397 112.21 21.49 121.90 41.17
aeroplane 0.516387 64.28 44.88 123.63 157.71
dog 0.516378 168.82 16.60 182.19 31.80
sheep 0.516377 100.12 0.18 117.00 22.06
sheep 0.516376 29.96 23.44 59.48 67.60
sheep 0.516375 135.99 2.74 148.19 20.79
person 0.516372 61.37 97.67 87.17 137.52
dog 0.516364 175.06 39.89 189.86 60.46
sheep 0.516332 122.25 0.00 143.24 15.35
car 0.516271 205.36 44.30 218.54 70.85
aeroplane 0.516261 74.43 191.68 95.22 218.20
aeroplane 0.516191 54.97 0.00 119.54 109.00
person 0.516164 38.82 97.53 71.48 143.65
car 0.516163 77.39 179.23 92.80 202.51
person 0.516145 189.93 93.31 209.37 116.66
sheep 0.516097 85.66 0.00 116.11 17.73
sheep 0.516074 127.67 2.35 139.05 20.07
person 0.516042 118.26 80.31 136.00 110.29
sheep 0.516014 147.57 62.01 161.12 82.91
car 0.516013 207.25 38.46 219.44 67.37
sheep 0.515921 121.28 11.74 130.44 31.27
dog 0.515901 65.53 84.42 87.01 111.46
dog 0.515888 57.19 52.57 78.50 82.17
dog 0.515886 76.14 77.32 94.63 104.23
sheep 0.515830 111.61 0.66 125.18 21.76
aeroplane 0.515779 129.07 13.71 182.98 97.67
sheep 0.515773 0.00 21.15 19.02 67.20
person 0.515758 182.13 67.32 200.47 89.32
sheep 0.515754 135.72 11.06 147.64 31.77
car 0.515749 113.54 176.33 159.38 206.21
sheep 0.515742 104.98 0.00 129.96 17.52
dog 0.515666 25.83 60.42 58.98 106.25
sheep 0.515665 157.05 49.92 169.81 72.39
car 0.515629 98.85 180.57 127.01 213.61
dog 0.515599 64.47 69.93 85.32 95.89
dog 0.515596 183.67 50.62 197.62 70.78
aeroplane 0.515563 0.00 0.00 60.33 92.75
aeroplane 0.515532 27.33 0.00 113.36 161.76
dog 0.515516 45.02 62.88 70.76 98.27
aeroplane 0.515475 36.36 165.45 111.87 224.00
aeroplane 0.515466 48.64 0.00 157.14 144.37
car 0.515445 87.95 204.52 118.71 224.00
dog 0.515421 187.71 57.88 202.36 78.91
aeroplane 0.515382 11.86 15.00 29.45 51.23
sheep 0.515361 112.48 11.63 123.10 30.81
dog 0.515359 63.69 62.78 85.23 88.61
sheep 0.515288 127.97 11.94 138.09 31.37
dog 0.515286 54.96 71.48 74.71 102.88
dog 0.515260 158.04 65.07 173.20 84.43
dog 0.515259 82.20 62.16 98.30 87.20
dog 0.515211 13.50 44.32 41.91 97.25
aeroplane 0.515200 21.63 9.58 38.44 38.49
sheep 0.515181 127.93 57.98 137.66 80.53
sheep 0.515174 150.85 14.17 165.42 32.07
car 0.515169 185.21 0.00 224.00 100.61
dog 0.515147 29.57 33.43 60.61 79.63
aeroplane 0.515133 93.42 0.00 198.58 140.80
dog 0.515100 73.41 62.53 92.96 88.18
car 0.515054 148.55 64.98 224.00 168.55
sheep 0.515037 30.71 16.73 56.94 56.85
aeroplane 0.515011 26.33 10.28 47.35 41.48
dog 0.515009 193.26 0.00 213.92 19.08
sheep 0.514960 42.79 26.52 69.18 66.57
person 0.514956 108.01 89.18 131.64 124.49
person 0.514944 118.97 90.42 140.67 127.29
person 0.514908 182.66 60.55 196.01 80.28
aeroplane 0.514883 97.13 55.65 148.76 156.59
dog 0.514854 95.88 61.75 112.08 84.91
aeroplane 0.514716 110.66 7.70 168.64 100.00
person 0.514615 16.99 97.31 57.45 140.41
dog 0.514570 89.23 62.47 104.05 86.39
sheep 0.514547 112.97 38.29 120.25 57.40
sheep 0.514525 151.13 6.59 165.69 20.84
sheep 0.514498 87.78 18.08 100.34 42.11
car 0.514487 95.76 167.35 126.12 202.77
sheep 0.514480 87.15 0.00 105.10 22.52
aeroplane 0.514477 14.47 8.72 28.01 36.22
car 0.514398 133.16 34.65 181.24 126.67
dog 0.514328 44.11 38.29 71.28 77.43
sheep 0.514325 89.02 11.23 101.97 31.05
cow 0.514324 0.00 7.46 18.17 42.64
person 0.514314 175.51 65.03 187.89 83.41
sheep 0.514286 160.82 16.03 175.78 31.18
dog 0.514264 106.48 59.84 120.82 82.36
aeroplane 0.514261 78.68 25.56 164.59 172.39
sheep 0.514248 129.98 45.84 136.68 66.69
dog 0.514244 65.15 77.07 85.57 103.66
person 0.514206 188.95 106.01 212.51 142.78
sheep 0.514197 118.53 58.49 128.55 80.15
dog 0.514138 86.07 27.62 98.65 53.93
sheep 0.514101 53.04 18.78 71.51 53.99
aeroplane 0.514061 23.17 0.00 45.94 25.93
aeroplane 0.514048 60.37 209.64 93.27 224.00
car 0.514007 143.67 28.30 196.54 128.28
sheep 0.513962 61.23 28.48 83.22 63.95
aeroplane 0.513959 30.64 0.00 116.74 74.32
car 0.513958 94.44 181.47 119.56 215.59
person 0.513946 208.37 93.32 222.66 119.59
dog 0.513925 167.62 51.63 179.63 73.25
dog 0.513892 212.00 18.43 221.56 45.47
dog 0.513889 210.93 9.34 221.77 33.66
sheep 0.513888 16.54 0.00 52.40 16.13
aeroplane 0.513882 78.61 0.00 142.13 103.51
sheep 0.513862 160.55 9.44 175.88 21.44
sheep 0.513784 102.83 39.23 111.46 59.71
sheep 0.513782 42.43 18.34 65.86 55.51
dog 0.513736 94.96 39.50 103.64 62.65
sheep 0.513633 207.90 85.84 222.04 108.87
aeroplane 0.513614 117.56 35.53 165.22 129.58
dog 0.513605 176.26 52.65 188.96 72.24
cow 0.513535 0.00 0.00 26.95 18.73
sheep 0.513516 57.88 19.23 76.10 52.63
aeroplane 0.513499 19.12 0.00 38.11 23.71
dog 0.513495 60.57 40.78 83.71 75.50
dog 0.513483 211.48 25.88 221.04 56.78
sheep 0.513386 33.02 11.01 54.12 43.35
aeroplane 0.513351 86.62 185.10 108.79 216.24
dog 0.513335 61.96 53.29 84.26 82.39
sheep 0.513328 122.36 46.42 127.92 67.25
sheep 0.513316 75.11 18.51 92.18 46.26
dog 0.513278 44.30 50.07 71.95 84.63
dog 0.513264 71.85 28.01 90.81 59.35
dog 0.513233 27.90 46.45 60.40 90.77
sheep 0.513195 205.85 79.06 220.53 101.58
car 0.513145 106.01 177.62 144.35 208.65
cow 0.513134 0.00 0.00 21.28 28.52
sheep 0.513065 64.17 19.30 83.28 50.67
person 0.513053 168.24 66.71 181.37 85.61
sheep 0.513040 186.88 75.11 205.61 95.08
person 0.513020 191.19 119.09 221.62 161.79
dog 0.512973 205.65 0.00 221.81 22.45
car 0.512968 89.72 171.54 112.97 201.28
sheep 0.512901 78.50 12.08 94.36 33.41
car 0.512879 156.17 20.07 210.38 128.47
sheep 0.512846 147.27 0.00 169.91 14.07
car 0.512832 135.55 0.00 197.24 70.11
car 0.512823 143.32 39.98 210.75 159.90
train 0.512810 132.90 40.20 212.02 177.44
aeroplane 0.512756 87.95 27.53 140.87 132.88
sheep 0.512747 69.48 0.00 88.07 24.99
dog 0.512702 192.04 55.33 206.89 76.73
bus 0.512590 153.43 0.00 224.00 157.86
sheep 0.512583 78.52 0.00 99.04 22.81
aeroplane 0.512571 7.71 0.00 93.78 83.66
dog 0.512543 84.36 39.56 96.72 66.77
sheep 0.512541 110.50 48.12 119.19 70.05
dog 0.512474 91.69 51.79 102.38 75.76
person 0.512438 203.98 104.71 222.45 139.39
aeroplane 0.512431 54.15 125.15 122.22 192.58
dog 0.512430 82.95 52.13 96.82 78.47
sheep 0.512418 68.02 13.22 84.45 37.19
sheep 0.512396 61.90 13.13 76.34 38.88
sheep 0.512363 62.39 0.00 77.22 26.00
sheep 0.512266 99.01 50.66 110.01 73.12
dog 0.512229 71.80 52.81 91.62 81.15
car 0.512177 159.61 33.01 224.00 154.69
aeroplane 0.512170 14.00 0.00 29.39 22.50
sheep 0.512129 56.23 12.68 70.94 40.01
dog 0.512061 70.65 40.25 90.66 71.97
sheep 0.512024 28.85 0.00 52.63 27.37
dog 0.511948 202.06 50.89 216.69 76.99
sheep 0.511934 44.43 12.68 63.79 42.07
car 0.511903 175.68 11.46 224.00 126.85
aeroplane 0.511881 58.69 164.38 140.14 224.00
train 0.511657 109.66 0.00 203.37 153.20
aeroplane 0.511462 101.52 0.00 174.26 68.00
cow 0.511384 8.89 0.00 36.03 15.96
sheep 0.511179 70.94 0.00 106.57 15.29
sheep 0.511127 55.84 0.00 71.08 26.47
sheep 0.511094 63.55 0.00 94.88 15.29
sheep 0.511086 202.60 70.82 218.55 94.64
sheep 0.510896 186.98 64.21 205.39 86.68
aeroplane 0.510673 68.94 0.00 148.88 68.54
sheep 0.510611 41.63 0.00 63.14 27.21
sheep 0.510511 56.14 0.00 81.26 15.69
sheep 0.510023 34.46 0.00 65.73 16.22
sheep 0.509972 48.17 0.00 73.62 16.23
sheep 0.509911 200.33 59.53 216.95 86.21
