cat 0.656195 3.96 7.39 203.55 220.05
sheep 0.585180 10.77 13.54 194.64 220.56
cat 0.553521 0.00 144.87 55.69 217.99
cat 0.545467 9.47 33.24 130.70 214.16
cat 0.544762 156.70 0.00 218.17 153.29
cat 0.543819 64.58 0.00 197.33 164.79
cat 0.543369 182.67 0.00 224.00 150.25
cat 0.541990 32.94 80.67 178.22 224.00
cat 0.541091 100.63 14.70 172.42 87.05
cat 0.540962 0.00 101.81 38.81 219.35
sheep 0.540366 158.47 0.00 220.49 157.21
sheep 0.539425 98.35 208.65 132.02 224.00
sheep 0.539214 107.66 208.05 140.32 224.00
cat 0.538596 0.00 47.42 80.41 209.04
sheep 0.538206 0.00 147.89 57.29 217.82
sheep 0.537555 83.27 208.69 119.07 224.00
sheep 0.536125 122.89 208.45 155.90 224.00
cat 0.535157 0.00 61.40 51.19 204.55
cat 0.534564 161.53 4.87 208.43 93.87
cat 0.534387 105.22 0.00 205.99 147.68
cat 0.534143 0.00 85.96 106.58 216.40
sheep 0.533861 47.14 180.79 139.02 224.00
sheep 0.533449 200.26 61.46 224.00 189.64
sheep 0.533271 137.82 209.08 171.35 224.00
sheep 0.533251 68.51 208.24 104.42 224.00
cat 0.533238 208.11 0.00 224.00 26.59
cat 0.533067 165.35 0.00 224.00 80.97
cat 0.532976 38.07 176.54 123.74 224.00
sheep 0.532193 189.19 14.76 224.00 167.97
pottedplant 0.531878 165.96 0.00 224.00 110.54
sheep 0.531398 191.07 180.96 224.00 224.00
sheep 0.531293 99.25 6.89 200.73 181.51
sheep 0.531083 153.46 209.54 188.25 224.00
sheep 0.530680 169.85 209.82 204.07 224.00
sheep 0.530593 61.64 36.72 188.39 212.42
cat 0.530590 217.16 8.73 224.00 82.44
sheep 0.530432 26.69 80.23 173.66 224.00
cat 0.530202 1.24 14.58 99.57 172.35
cat 0.529960 99.46 28.29 158.83 69.44
pottedplant 0.529576 147.81 0.00 222.66 74.36
sheep 0.529395 59.17 209.01 94.20 224.00
bottle 0.529048 0.00 205.97 26.24 224.00
bottle 0.528707 0.02 57.04 25.00 103.42
dog 0.528570 206.96 207.35 224.00 224.00
sheep 0.528231 219.99 0.00 224.00 54.73
cat 0.527793 220.00 47.66 224.00 106.91
cat 0.527790 13.63 24.31 177.63 175.24
sheep 0.527658 204.46 97.59 224.00 224.00
bottle 0.527600 0.00 46.93 10.70 99.55
pottedplant 0.527554 121.33 0.00 210.88 66.11
bottle 0.527436 1.86 67.08 27.67 120.52
sheep 0.527336 101.29 0.00 208.51 112.08
sheep 0.527267 187.13 210.88 218.44 224.00
sheep 0.527150 112.57 72.82 166.05 97.98
sheep 0.527119 115.45 81.47 162.67 99.94
cat 0.527069 8.61 167.64 97.71 224.00
sheep 0.526957 104.03 35.22 166.34 92.77
bottle 0.526929 0.00 209.77 37.74 224.00
cat 0.526811 220.00 74.47 224.00 125.85
sheep 0.526601 74.44 72.41 118.44 96.83
sheep 0.526546 0.00 0.00 47.15 49.34
dog 0.526450 213.92 0.00 224.00 41.35
bottle 0.526056 2.44 81.57 26.96 133.10
dog 0.525844 51.13 56.56 84.61 91.67
sheep 0.525731 40.59 142.45 155.77 224.00
cat 0.525687 119.36 7.66 183.07 86.78
sheep 0.525542 79.26 63.68 129.41 90.02
sheep 0.525475 9.25 152.43 69.95 209.95
dog 0.525434 59.52 61.27 96.08 90.23
bottle 0.525400 0.00 58.38 11.70 112.31
sheep 0.525368 0.00 40.88 10.29 92.41
dog 0.525347 0.00 137.71 39.77 206.99
dog 0.525301 0.00 105.78 23.75 158.86
cat 0.525209 104.40 0.00 201.08 60.93
cat 0.525190 157.73 0.00 195.31 18.38
dog 0.525181 26.70 51.74 60.74 97.54
dog 0.525164 0.00 110.23 14.83 168.42
sheep 0.525138 0.00 0.00 19.29 21.87
sheep 0.525105 49.78 209.82 86.81 224.00
cat 0.524924 52.38 0.00 144.52 45.93
dog 0.524868 29.08 86.34 56.63 126.12
sheep 0.524863 0.00 46.84 24.90 90.96
sheep 0.524799 156.15 54.60 224.00 190.83
sheep 0.524759 107.71 56.08 164.44 99.30
sheep 0.524734 70.94 181.41 168.19 224.00
sheep 0.524471 57.41 177.64 87.38 201.37
dog 0.524415 18.03 59.17 50.98 105.23
dog 0.524401 0.00 154.27 46.71 219.81
sheep 0.524365 113.57 13.39 178.88 83.06
sheep 0.524341 86.72 188.01 114.88 216.85
bottle 0.524337 6.61 74.65 30.77 125.03
dog 0.524324 6.51 80.95 30.83 131.00
cat 0.524203 220.00 97.08 224.00 146.00
sheep 0.524196 42.21 170.62 81.26 202.84
chair 0.524175 141.87 0.00 180.67 17.32
dog 0.524109 37.61 90.61 63.15 123.41
cat 0.524100 52.93 39.02 86.45 64.90
sheep 0.524047 65.03 64.33 109.65 89.06
cat 0.524044 173.66 0.00 209.54 18.27
sheep 0.524038 131.46 182.77 210.32 224.00
sheep 0.523980 162.49 183.95 224.00 224.00
cat 0.523574 79.38 0.00 180.33 54.49
sheep 0.523425 163.13 0.60 215.69 87.04
cat 0.523410 193.21 0.00 224.00 20.83
cat 0.523405 220.00 112.80 224.00 159.45
sheep 0.523380 52.73 65.54 82.66 98.75
bottle 0.523346 0.00 73.22 14.21 126.74
sheep 0.523335 54.44 181.34 89.80 210.06
sheep 0.523328 29.42 91.80 56.58 134.00
sheep 0.523266 116.86 133.38 150.31 147.72
sheep 0.523237 26.33 162.08 75.67 204.48
dog 0.523225 3.67 115.37 31.15 167.56
sheep 0.523174 0.00 1.03 61.99 119.65
sheep 0.523139 62.02 69.35 95.27 97.15
dog 0.523121 38.69 52.66 75.79 93.62
dog 0.523119 4.51 98.40 29.78 146.14
sheep 0.523106 73.62 186.82 107.98 215.14
sheep 0.523087 85.70 71.24 138.10 96.78
dog 0.523063 0.00 118.29 20.31 179.78
sheep 0.523037 113.71 86.44 157.22 104.62
cat 0.523023 36.06 144.90 140.48 224.00
cat 0.523007 140.76 8.41 192.51 87.72
bottle 0.522973 6.25 62.22 31.27 108.67
sheep 0.522953 133.74 2.23 192.94 86.37
cat 0.522907 183.91 4.35 222.81 87.95
dog 0.522744 31.98 59.06 66.22 101.09
dog 0.522718 0.00 95.81 14.58 151.59
sheep 0.522662 0.00 26.50 8.23 73.92
aeroplane 0.522589 151.46 0.00 196.91 57.82
sheep 0.522563 38.82 61.38 73.43 100.23
bottle 0.522528 10.10 212.64 50.17 224.00
cat 0.522484 55.13 34.04 93.66 59.77
bottle 0.522473 0.00 88.12 15.55 142.77
sheep 0.522466 62.69 184.61 98.95 211.91
cat 0.522458 80.46 37.11 131.97 65.74
dog 0.522453 27.60 66.58 57.62 108.76
sheep 0.522438 78.96 52.30 129.77 81.53
sheep 0.522351 160.07 137.26 191.49 169.07
cat 0.522306 29.80 0.00 108.09 36.02
sheep 0.522259 115.60 124.48 151.76 143.16
dog 0.522212 14.66 83.46 46.46 130.39
sheep 0.522166 16.70 0.00 90.43 37.43
dog 0.522153 50.78 47.30 85.32 81.67
dog 0.522072 0.00 128.49 30.52 194.24
cat 0.522065 47.52 0.00 188.93 113.92
sheep 0.522063 65.40 180.56 94.71 200.06
sheep 0.522045 107.79 172.36 137.84 192.19
dog 0.522022 6.63 57.11 31.56 100.80
sheep 0.521899 107.97 165.77 140.94 184.86
dog 0.521806 57.40 50.73 94.87 79.79
sheep 0.521788 114.45 91.74 158.89 110.52
sheep 0.521767 153.20 0.00 199.17 75.88
cat 0.521599 74.27 0.00 107.95 15.90
sheep 0.521570 35.19 211.02 73.46 224.00
sheep 0.521500 11.80 7.27 101.87 128.16
sheep 0.521474 99.02 72.52 151.90 97.37
bottle 0.521235 26.71 212.26 63.63 224.00
sheep 0.521163 46.42 185.68 85.21 224.00
sheep 0.521127 0.00 0.00 28.28 17.94
sheep 0.521127 114.83 110.68 154.02 134.68
sheep 0.521079 97.24 189.66 127.38 214.01
cat 0.521062 60.85 0.00 92.83 15.35
sheep 0.521048 164.43 132.39 198.79 162.82
sheep 0.521038 95.77 60.98 152.06 91.45
cat 0.520970 0.00 164.81 32.32 220.39
sheep 0.520900 55.26 190.31 92.89 224.00
sheep 0.520900 105.00 189.45 135.44 213.31
sheep 0.520894 121.15 131.72 161.94 146.89
dog 0.520889 36.24 79.93 62.87 114.45
sheep 0.520788 3.41 0.00 71.69 42.40
sheep 0.520733 57.32 43.71 93.49 69.40
sheep 0.520710 106.64 180.94 135.10 200.89
chair 0.520683 128.85 0.00 164.34 15.27
cat 0.520658 86.24 30.46 143.10 60.90
cat 0.520622 59.08 39.54 107.90 63.71
sheep 0.520604 59.18 171.15 85.94 194.90
sheep 0.520524 27.71 0.00 59.74 16.15
cat 0.520520 67.17 32.56 123.28 60.82
sheep 0.520516 75.92 78.91 116.07 102.41
chair 0.520454 95.45 0.00 129.52 15.75
sheep 0.520448 101.98 57.56 199.13 209.90
sheep 0.520422 184.32 86.45 211.44 125.01
sheep 0.520359 64.82 192.95 102.97 224.00
sheep 0.520358 74.94 195.13 111.70 224.00
sheep 0.520340 114.14 99.24 156.41 122.03
sheep 0.520245 45.41 93.46 69.38 120.95
sheep 0.520216 88.42 181.46 110.26 201.57
sheep 0.520212 150.94 0.00 196.95 33.66
dog 0.520012 10.38 66.59 39.61 115.92
cat 0.519966 87.50 0.00 122.46 15.68
sheep 0.519936 163.38 14.69 200.12 89.71
sheep 0.519840 94.56 181.25 117.78 201.26
sheep 0.519834 38.15 178.96 77.38 224.00
sheep 0.519807 12.87 89.78 45.54 138.24
sheep 0.519757 79.53 42.87 130.42 71.32
sheep 0.519719 42.70 157.72 80.18 192.98
sheep 0.519622 46.48 33.38 83.52 60.19
sheep 0.519596 60.87 53.03 107.94 79.44
sheep 0.519513 0.00 32.19 22.39 72.12
sheep 0.519505 220.00 128.53 224.00 172.85
sheep 0.519488 186.52 0.00 223.06 83.32
sheep 0.519461 74.47 182.06 102.45 200.82
sheep 0.519418 84.70 197.10 117.71 224.00
sheep 0.519374 162.35 146.65 189.61 185.47
sheep 0.519332 173.15 39.93 202.90 105.25
sheep 0.519220 36.28 0.00 67.00 15.84
sheep 0.519185 6.70 52.53 32.45 95.49
sheep 0.519153 167.42 22.81 207.88 101.22
chair 0.519153 120.24 0.00 153.60 14.45
cat 0.519067 53.89 0.00 84.28 15.76
sheep 0.518981 20.16 0.00 51.80 15.79
chair 0.518922 111.51 0.00 145.47 14.83
sheep 0.518920 60.03 163.74 84.84 187.94
sheep 0.518914 40.19 44.68 77.68 85.26
dog 0.518884 40.46 70.72 70.82 105.70
cat 0.518848 32.12 44.98 67.69 90.23
sheep 0.518845 67.00 173.78 91.30 192.56
sheep 0.518719 30.73 36.19 59.71 76.92
sheep 0.518718 0.18 136.58 47.13 199.87
sheep 0.518691 39.36 101.13 62.14 137.78
sheep 0.518666 46.60 98.79 68.40 127.78
sheep 0.518654 0.00 0.00 7.93 41.67
sheep 0.518631 116.74 137.31 148.98 152.24
sheep 0.518629 112.13 188.02 143.52 212.12
sheep 0.518556 129.13 130.65 170.03 148.13
sheep 0.518539 220.00 149.78 224.00 190.68
sheep 0.518492 55.12 95.68 78.13 118.90
sheep 0.518477 103.38 80.07 151.74 100.56
cat 0.518440 46.42 0.00 75.62 15.75
sheep 0.518430 22.61 41.08 52.83 89.85
sheep 0.518421 28.29 148.95 73.29 194.66
sheep 0.518421 0.00 11.94 6.93 52.76
sheep 0.518342 156.08 142.08 185.81 176.13
sheep 0.518299 177.33 103.56 209.69 136.86
dog 0.518242 43.09 82.56 69.43 112.96
dog 0.518234 8.68 88.60 35.91 138.46
cat 0.518157 0.00 186.22 25.60 224.00
sheep 0.518138 111.65 179.67 142.52 199.10
cat 0.518108 168.91 25.31 211.76 101.05
sheep 0.518102 59.45 157.00 83.80 180.12
sheep 0.518073 167.51 123.89 199.84 153.12
sheep 0.518021 63.80 97.37 88.43 117.44
sheep 0.518017 119.95 78.72 164.84 109.95
sheep 0.517976 178.73 65.53 205.04 117.11
sheep 0.517920 170.24 56.10 196.94 108.11
sheep 0.517913 77.69 87.58 115.13 109.35
cat 0.517910 192.86 22.65 223.32 93.80
sheep 0.517881 37.55 37.64 72.44 70.00
sheep 0.517850 164.30 144.35 195.42 176.08
sheep 0.517787 194.20 0.00 224.00 57.72
sheep 0.517780 172.53 116.18 201.87 143.65
sheep 0.517748 89.25 78.52 137.46 101.29
sheep 0.517740 70.28 77.86 105.88 101.03
sheep 0.517715 94.71 46.90 151.52 81.71
sheep 0.517659 78.41 97.96 113.90 116.30
sheep 0.517626 25.83 29.04 52.74 70.30
sheep 0.517625 63.99 105.27 86.53 125.30
sheep 0.517615 108.97 156.65 145.35 177.21
sheep 0.517571 54.29 74.23 80.39 103.83
sheep 0.517555 134.58 0.00 182.03 28.21
sheep 0.517510 55.84 101.97 76.89 126.22
sheep 0.517452 160.90 0.00 208.69 61.03
sheep 0.517431 95.76 173.08 120.06 192.14
sheep 0.517420 88.64 173.84 108.79 192.34
sheep 0.517397 70.24 98.30 100.61 116.33
sheep 0.517386 164.64 157.80 188.32 193.34
sheep 0.517342 13.81 144.41 62.21 199.93
aeroplane 0.517308 131.53 0.00 181.29 52.71
dog 0.517284 13.81 49.47 47.84 95.37
sheep 0.517282 220.00 188.08 224.00 224.00
sheep 0.517263 26.29 111.31 54.73 150.07
sheep 0.517225 36.67 112.38 61.39 147.68
cat 0.517179 44.24 39.89 80.14 74.60
sheep 0.517165 114.15 112.82 201.74 224.00
aeroplane 0.517139 63.82 7.95 87.43 25.98
sheep 0.517130 127.67 121.52 169.23 143.07
sheep 0.517122 24.50 126.64 55.10 165.16
sheep 0.517082 86.07 105.56 187.05 224.00
sheep 0.517061 6.78 109.47 34.66 154.37
sheep 0.517046 162.27 121.93 224.00 224.00
sheep 0.517029 151.60 131.80 186.53 158.65
sheep 0.516995 80.67 22.51 130.75 53.20
sheep 0.516949 75.63 174.77 98.71 192.07
sheep 0.516934 12.27 0.00 43.27 14.68
sheep 0.516926 78.62 105.50 110.10 124.16
sheep 0.516825 69.86 106.77 96.55 124.08
dog 0.516794 0.00 0.00 12.89 28.61
sheep 0.516794 172.98 77.19 196.79 117.42
sheep 0.516791 51.97 24.97 87.03 53.83
sheep 0.516780 96.45 199.79 128.07 224.00
dog 0.516764 4.79 126.66 39.79 183.99
sheep 0.516760 176.12 50.46 208.20 113.24
sheep 0.516759 197.82 72.78 222.74 124.98
dog 0.516733 54.93 84.78 79.10 110.88
sheep 0.516724 150.36 56.79 184.48 106.24
sheep 0.516715 220.00 165.70 224.00 206.44
sheep 0.516704 64.24 76.39 93.02 101.70
sheep 0.516702 33.98 127.94 61.21 161.99
sheep 0.516673 87.17 96.16 123.53 115.99
sheep 0.516647 87.65 103.40 119.43 124.35
sheep 0.516562 128.58 60.17 172.44 103.63
sheep 0.516463 164.58 0.00 208.18 35.19
sheep 0.516463 0.00 24.15 20.83 61.34
sheep 0.516437 47.36 147.65 75.81 176.63
sheep 0.516383 164.46 186.75 188.95 212.25
sheep 0.516358 9.56 123.14 43.92 167.27
sheep 0.516355 163.79 117.40 196.04 143.03
sheep 0.516335 59.61 150.55 82.56 171.43
aeroplane 0.516327 69.28 7.84 99.46 24.13
sheep 0.516282 70.69 86.61 103.68 108.46
sheep 0.516274 67.07 166.42 89.23 185.32
sheep 0.516216 147.87 153.48 176.22 185.10
sheep 0.516206 166.14 172.97 188.27 201.22
aeroplane 0.516204 75.65 5.92 109.82 23.29
sheep 0.516167 157.01 159.36 181.44 192.68
sheep 0.516133 10.33 0.00 88.25 88.27
sheep 0.516118 61.25 143.41 82.25 161.68
sheep 0.516077 25.26 170.50 68.62 224.00
sheep 0.516001 20.14 137.21 58.11 184.23
sheep 0.515983 62.95 134.92 83.37 151.57
sheep 0.515947 157.68 186.97 183.17 213.11
sheep 0.515945 110.07 162.93 150.43 183.19
sheep 0.515942 119.86 135.94 160.82 153.55
sheep 0.515922 152.32 75.02 180.56 114.89
sheep 0.515918 104.69 200.18 136.81 224.00
sheep 0.515916 135.27 75.38 170.49 112.25
sheep 0.515916 140.27 128.96 177.76 149.44
sheep 0.515863 35.12 5.99 55.01 31.26
sheep 0.515831 146.53 145.31 178.67 176.69
sheep 0.515770 128.80 134.66 170.57 154.95
sheep 0.515711 154.07 86.94 179.70 120.41
sheep 0.515638 63.66 113.55 85.04 133.87
sheep 0.515638 64.40 85.75 90.96 108.90
sheep 0.515590 213.01 202.41 224.00 224.00
sheep 0.515502 95.88 166.82 123.55 183.84
sheep 0.515486 139.55 120.64 176.59 143.29
sheep 0.515434 26.61 22.22 51.44 58.41
sheep 0.515424 32.66 23.57 59.59 57.14
sheep 0.515409 150.94 126.40 186.07 150.23
sheep 0.515390 88.08 167.20 108.60 184.10
sheep 0.515389 0.00 3.26 18.54 36.01
cat 0.515367 202.43 43.83 223.66 107.74
sheep 0.515360 179.89 98.59 207.02 128.02
sheep 0.515340 33.76 145.06 69.76 184.39
sheep 0.515339 110.33 169.06 149.49 189.16
sheep 0.515289 29.57 138.29 62.45 179.18
sheep 0.515246 141.38 133.70 179.27 156.95
sheep 0.515222 169.40 159.52 194.46 192.28
sheep 0.515155 139.43 85.58 170.49 118.62
sheep 0.515137 157.49 173.27 181.21 200.59
sheep 0.515119 87.51 112.56 115.82 134.18
sheep 0.515086 126.80 108.55 168.34 136.59
sheep 0.515064 55.41 108.25 75.64 134.38
sheep 0.515052 94.49 86.21 136.61 106.44
sheep 0.515051 97.70 134.73 124.89 146.69
sheep 0.515045 123.08 85.85 164.24 117.21
cat 0.515044 25.04 0.00 149.98 93.95
sheep 0.514949 69.43 115.65 93.13 132.87
sheep 0.514912 63.38 124.11 84.53 142.52
sheep 0.514863 0.00 17.26 19.06 48.14
sheep 0.514859 150.88 119.49 185.02 143.00
sheep 0.514836 163.57 140.46 203.10 169.52
sheep 0.514780 140.37 108.76 175.25 136.42
sheep 0.514767 143.24 138.57 179.77 166.78
sheep 0.514766 166.92 108.50 197.26 135.04
sheep 0.514727 151.94 109.22 183.27 136.13
sheep 0.514717 141.20 96.97 172.88 126.96
sheep 0.514711 125.90 95.83 166.47 126.54
sheep 0.514686 14.76 44.41 47.19 88.90
sheep 0.514672 6.07 40.97 31.62 80.39
sheep 0.514614 153.43 98.60 180.80 127.94
sheep 0.514596 58.13 24.62 106.86 52.88
sheep 0.514592 70.20 135.97 90.02 149.05
sheep 0.514540 48.82 142.36 74.22 166.56
sheep 0.514534 78.42 114.39 106.53 133.19
sheep 0.514530 107.60 133.06 142.24 144.16
sheep 0.514478 75.50 167.78 97.06 184.46
sheep 0.514455 113.76 144.48 148.34 165.13
sheep 0.514450 53.89 119.27 75.51 144.47
sheep 0.514431 66.12 159.29 88.38 177.57
sheep 0.514422 132.15 157.62 166.49 184.62
sheep 0.514381 146.30 162.55 174.16 191.52
sheep 0.514373 124.52 186.38 158.80 212.73
sheep 0.514357 35.35 16.49 57.47 44.40
sheep 0.514307 96.69 125.07 125.38 140.53
sheep 0.514221 119.16 167.16 157.33 189.78
sheep 0.514221 40.99 130.48 66.67 158.16
sheep 0.514221 37.58 139.70 67.01 171.80
sheep 0.514177 87.81 125.48 114.42 142.59
sheep 0.514155 44.03 114.67 66.89 145.50
sheep 0.514155 147.21 187.44 175.96 213.24
sheep 0.514140 51.50 133.41 74.86 155.28
sheep 0.514118 69.51 144.24 88.78 158.58
sheep 0.514114 98.02 94.29 135.38 112.68
sheep 0.514053 40.06 24.96 70.10 54.32
sheep 0.514033 190.20 85.59 221.99 132.78
sheep 0.513981 170.31 99.25 196.65 127.65
sheep 0.513940 171.21 174.28 194.59 201.12
sheep 0.513938 43.96 6.19 60.83 28.92
sheep 0.513924 112.53 200.28 145.40 224.00
sheep 0.513922 125.72 30.96 174.26 93.41
sheep 0.513891 41.80 201.49 78.64 224.00
sheep 0.513867 135.57 187.26 166.71 212.67
sheep 0.513861 58.44 16.93 90.00 42.31
sheep 0.513846 69.47 126.35 91.33 141.38
sheep 0.513826 17.45 31.27 44.82 69.50
sheep 0.513812 120.71 175.40 156.69 198.07
sheep 0.513782 28.21 5.97 47.19 30.49
aeroplane 0.513769 60.10 6.80 80.60 26.25
bottle 0.513739 0.00 183.49 36.85 224.00
sheep 0.513689 5.84 33.54 30.77 69.89
sheep 0.513675 173.57 116.27 212.14 152.08
sheep 0.513634 79.70 136.04 102.91 148.19
sheep 0.513619 119.96 161.67 203.28 224.00
sheep 0.513602 132.65 165.45 165.62 190.29
sheep 0.513601 89.17 134.96 113.89 148.36
sheep 0.513532 28.88 16.13 49.34 43.72
sheep 0.513501 145.87 174.37 173.86 199.54
sheep 0.513484 96.48 156.00 188.49 224.00
sheep 0.513436 78.61 126.27 104.53 141.40
sheep 0.513344 167.68 153.87 200.09 183.07
sheep 0.513294 98.34 101.17 131.64 120.98
sheep 0.513288 129.26 148.61 168.04 177.80
aeroplane 0.513273 82.84 15.64 123.92 38.22
sheep 0.513268 43.65 16.51 65.07 42.55
sheep 0.513242 172.95 125.35 211.31 160.67
aeroplane 0.513191 98.38 19.45 147.96 57.01
sheep 0.513172 194.95 102.32 221.37 147.45
sheep 0.513114 106.94 123.56 143.86 138.76
sheep 0.513109 149.07 27.68 188.11 93.50
sheep 0.513082 133.05 175.19 164.83 198.51
sheep 0.513052 96.95 111.21 127.37 131.33
aeroplane 0.513042 90.03 0.00 127.56 16.92
sheep 0.513027 87.07 159.65 109.22 176.42
sheep 0.512973 67.01 152.03 87.99 168.76
sheep 0.512820 175.91 188.11 200.19 209.60
sheep 0.512630 95.80 159.15 126.44 175.89
aeroplane 0.512531 64.02 16.37 103.95 38.59
sheep 0.512483 114.52 151.46 157.45 177.81
sheep 0.512468 18.13 23.78 41.36 56.68
sheep 0.512400 79.64 142.77 100.78 156.21
aeroplane 0.512396 84.11 2.03 122.81 24.51
aeroplane 0.512387 99.21 0.51 138.69 37.50
aeroplane 0.512379 90.18 1.34 130.71 30.01
sheep 0.512379 127.49 139.66 169.58 166.59
aeroplane 0.512371 99.21 0.00 136.47 19.13
aeroplane 0.512327 119.25 0.00 166.53 51.83
sheep 0.512310 52.60 16.40 78.59 41.63
sheep 0.512238 75.01 160.18 96.93 176.76
sheep 0.512130 102.93 17.66 162.11 70.09
sheep 0.512125 98.71 138.84 124.82 152.38
aeroplane 0.512081 89.71 18.14 141.74 48.51
sheep 0.512074 189.33 185.27 209.38 206.20
sheep 0.512008 90.23 139.97 112.47 154.63
sheep 0.511992 6.14 25.56 28.97 57.49
sheep 0.511838 160.14 199.51 191.69 224.00
sheep 0.511814 174.65 135.77 209.55 167.48
sheep 0.511692 88.53 148.25 110.44 165.64
dog 0.511587 9.40 185.34 51.60 224.00
sheep 0.511569 54.23 6.68 73.31 26.43
sheep 0.511479 108.16 136.93 142.48 149.92
sheep 0.511442 21.53 17.44 38.21 40.78
sheep 0.511438 107.16 109.21 145.75 129.74
sheep 0.511433 9.44 18.29 26.10 41.82
sheep 0.511370 10.67 3.97 24.30 28.25
sheep 0.511337 189.92 198.30 213.04 224.00
sheep 0.511322 21.39 5.39 36.56 26.98
sheep 0.511278 198.32 118.69 220.26 161.74
sheep 0.511256 31.80 196.47 70.26 224.00
sheep 0.511179 76.61 150.86 97.99 167.13
sheep 0.511008 97.55 146.72 126.75 164.21
aeroplane 0.510791 123.68 0.00 165.97 23.73
sheep 0.510786 176.12 200.73 203.17 224.00
sheep 0.510755 183.96 165.18 207.53 189.03
sheep 0.510718 126.23 201.73 161.07 224.00
sheep 0.510701 144.60 201.94 177.49 224.00
sheep 0.510633 187.52 175.27 207.92 196.19
sheep 0.510609 50.40 0.00 72.67 16.34
aeroplane 0.510587 107.93 0.00 155.10 49.50
sheep 0.510586 179.90 156.50 207.22 182.06
sheep 0.510433 176.54 146.62 207.79 174.39
sheep 0.510430 198.22 207.18 222.78 224.00
sheep 0.510402 18.55 190.49 59.36 224.00
sheep 0.509623 207.87 192.79 223.26 224.00
sheep 0.509563 199.71 128.76 219.24 168.71
aeroplane 0.509452 112.90 0.00 152.93 21.62
sheep 0.508768 202.45 153.34 218.35 184.82
sheep 0.508729 204.98 162.19 219.29 191.89
sheep 0.508676 209.18 180.00 221.51 208.80
sheep 0.508594 200.77 141.39 218.43 176.65
sheep 0.508225 208.00 170.97 220.19 198.88
