sheep 0.582496 103.71 45.46 198.16 125.71
pottedplant 0.566672 0.46 69.02 110.35 195.93
cat 0.565615 120.28 45.96 202.73 136.87
pottedplant 0.564996 9.71 69.61 49.04 124.20
cow 0.563769 25.40 71.97 85.50 122.03
car 0.562197 27.77 75.64 84.87 127.61
pottedplant 0.561522 9.96 42.14 134.71 167.66
bicycle 0.560047 0.00 55.76 116.63 201.30
sheep 0.559942 101.91 55.45 171.63 114.30
sheep 0.559378 119.85 61.25 189.53 129.68
cow 0.559001 40.50 75.97 80.34 123.76
car 0.556942 13.21 69.96 96.14 124.22
pottedplant 0.553195 7.39 61.27 63.54 128.81
cat 0.553020 139.38 59.02 197.88 130.34
pottedplant 0.552312 13.69 72.63 94.86 131.49
pottedplant 0.551988 5.36 58.49 79.22 156.30
cat 0.551432 59.96 76.95 171.17 166.32
sheep 0.550228 98.76 109.83 172.32 164.62
sheep 0.546863 99.81 66.47 152.12 111.60
pottedplant 0.546412 33.27 77.01 83.64 136.26
sheep 0.545299 0.31 58.30 139.31 187.28
cow 0.544756 13.14 120.46 70.30 170.11
sheep 0.543881 27.03 76.80 172.84 183.23
sheep 0.542325 16.19 164.27 44.57 203.17
sheep 0.542269 0.00 163.47 16.08 210.88
pottedplant 0.541418 58.17 76.43 80.77 116.96
pottedplant 0.539776 0.00 30.74 47.35 141.76
cow 0.539527 13.91 112.57 54.25 157.72
cat 0.539342 193.48 48.47 224.00 159.83
sheep 0.538465 7.32 166.28 32.97 205.34
sheep 0.537733 94.71 121.22 147.21 158.45
pottedplant 0.537717 9.52 86.77 59.94 149.99
pottedplant 0.537457 0.00 0.00 33.49 118.92
sheep 0.537137 189.27 40.92 224.00 148.14
cow 0.536998 65.20 74.72 85.61 116.07
sheep 0.536607 99.36 86.50 135.56 126.59
cat 0.535971 91.22 69.11 175.47 150.76
pottedplant 0.535640 15.94 65.98 54.69 115.64
pottedplant 0.535402 0.00 62.42 27.86 120.68
sheep 0.535075 20.90 164.18 55.39 201.32
sheep 0.534372 216.19 119.83 224.00 158.51
sheep 0.534310 102.90 63.49 139.45 104.48
sheep 0.533978 209.24 206.22 224.00 224.00
sheep 0.533652 128.43 26.59 172.80 51.23
sheep 0.533467 218.02 162.61 224.00 195.72
sheep 0.533406 137.96 211.43 171.07 224.00
sheep 0.533373 14.52 123.76 60.72 165.54
sheep 0.532979 146.51 210.98 179.60 224.00
sheep 0.532590 59.32 141.09 85.15 195.95
cow 0.532554 88.02 125.14 128.44 156.12
sheep 0.532484 130.21 212.06 163.10 224.00
cat 0.532209 198.20 76.31 224.00 188.93
sheep 0.532137 103.64 73.69 180.55 155.71
sheep 0.532068 94.09 127.19 130.38 159.77
sheep 0.531761 216.22 75.38 224.00 128.48
sheep 0.531719 143.72 61.17 196.10 123.22
sheep 0.531562 82.04 210.36 119.83 224.00
sheep 0.531528 155.54 210.79 189.76 224.00
person 0.531257 0.00 201.96 18.90 224.00
sheep 0.530916 186.96 211.25 218.68 224.00
sheep 0.530904 66.46 75.04 85.88 111.73
boat 0.530897 0.00 0.00 20.81 23.24
motorbike 0.530877 37.61 91.95 78.24 129.39
motorbike 0.530514 26.74 104.40 76.68 150.57
sheep 0.530508 67.65 140.25 93.67 196.52
car 0.530497 15.88 85.80 88.26 134.58
sheep 0.530485 0.00 163.48 70.29 224.00
sheep 0.530407 95.96 210.38 135.32 224.00
cat 0.530296 106.64 104.20 164.88 162.56
sheep 0.530269 170.85 20.27 200.99 64.49
sheep 0.530265 119.42 56.81 183.25 108.25
pottedplant 0.530173 0.00 9.27 79.70 180.25
sheep 0.530138 94.40 71.14 134.69 111.23
person 0.530070 0.00 0.00 91.32 144.07
sheep 0.530063 11.97 69.43 111.87 163.66
sheep 0.530019 100.65 60.52 127.58 96.98
sheep 0.529970 76.58 73.36 99.84 112.48
sheep 0.529900 83.82 141.97 112.93 191.00
sheep 0.529799 186.51 178.12 224.00 224.00
boat 0.529775 0.00 22.82 15.10 69.00
sheep 0.529768 101.92 80.03 157.04 130.93
chair 0.529717 0.00 36.67 78.78 195.15
sheep 0.529669 114.04 211.06 149.43 224.00
sheep 0.529598 215.47 103.46 224.00 150.36
car 0.529373 14.20 101.70 81.33 154.30
sheep 0.529351 67.49 179.26 160.80 224.00
sheep 0.529223 170.33 211.34 206.45 224.00
sheep 0.529223 197.73 209.36 224.00 224.00
sheep 0.529154 89.77 144.99 120.01 189.76
pottedplant 0.529003 76.13 30.73 92.71 54.23
sheep 0.528917 66.37 211.43 101.36 224.00
sheep 0.528870 126.81 30.86 172.08 61.80
sheep 0.528837 147.33 106.71 224.00 224.00
boat 0.528792 19.15 9.80 36.44 33.28
sheep 0.528770 130.36 23.25 175.59 43.29
cow 0.528737 0.00 116.65 16.57 161.00
sheep 0.528679 0.00 205.43 30.26 224.00
pottedplant 0.528324 29.75 67.37 70.34 115.68
sheep 0.528316 17.66 145.77 62.15 191.35
car 0.528227 0.82 66.31 32.88 127.80
sheep 0.528174 198.10 96.70 224.00 206.67
car 0.528075 0.00 106.44 17.43 156.69
chair 0.527947 0.00 105.15 92.37 224.00
sheep 0.527928 10.97 210.36 45.85 224.00
sheep 0.527860 25.30 210.66 59.84 224.00
sheep 0.527827 98.58 99.82 136.79 138.31
sheep 0.527778 14.82 133.53 57.71 178.83
sheep 0.527731 0.00 124.06 48.42 224.00
car 0.527656 1.43 82.64 77.67 142.31
sheep 0.527568 75.02 140.92 104.81 193.67
pottedplant 0.527515 70.02 31.31 86.46 54.97
sheep 0.527403 214.09 68.31 224.00 118.72
sheep 0.527328 50.65 212.70 85.33 224.00
cow 0.527280 207.73 12.07 224.00 53.73
sheep 0.527276 209.29 16.61 224.00 61.03
sheep 0.527164 130.29 18.22 171.94 35.06
sheep 0.527124 186.74 165.07 204.89 193.87
car 0.526944 0.00 93.99 20.88 149.43
cat 0.526905 160.03 86.10 200.78 134.03
cow 0.526865 65.90 91.04 87.47 126.15
cow 0.526821 35.76 119.62 73.20 168.70
chair 0.526706 132.32 34.36 224.00 199.49
cow 0.526658 73.53 120.09 95.48 157.97
motorbike 0.526591 33.73 114.87 74.10 160.26
sheep 0.526575 150.88 52.59 212.10 146.23
cow 0.526532 56.41 120.82 83.34 167.80
person 0.526173 205.05 0.00 224.00 20.31
sheep 0.526104 42.22 212.29 75.94 224.00
aeroplane 0.526098 161.77 0.00 224.00 61.29
car 0.526062 0.62 82.41 26.69 141.31
sheep 0.526045 94.50 112.80 134.26 148.00
sheep 0.526020 53.90 152.56 76.04 198.52
pottedplant 0.525957 46.23 69.62 79.85 114.55
sheep 0.525927 216.83 170.11 224.00 208.07
sheep 0.525924 92.69 79.62 127.11 119.46
sheep 0.525769 15.89 153.13 48.55 197.25
sheep 0.525582 93.19 155.84 118.56 196.31
motorbike 0.525574 52.91 115.68 83.04 158.99
sheep 0.525550 25.09 172.83 92.16 224.00
sheep 0.525477 194.46 136.87 224.00 224.00
sheep 0.525457 83.72 29.29 102.04 52.95
cow 0.525334 209.42 1.30 224.00 37.39
sheep 0.525279 88.78 131.68 122.70 177.91
boat 0.525154 6.40 26.61 30.48 64.40
sheep 0.525152 75.73 120.73 194.24 224.00
sheep 0.525141 37.60 157.39 65.83 197.47
sheep 0.525108 48.66 143.66 75.41 193.04
sheep 0.525019 182.71 158.01 203.69 190.54
sheep 0.524960 100.19 95.78 159.29 146.15
boat 0.524956 18.48 15.91 35.48 42.12
cow 0.524816 83.24 128.14 117.40 160.30
sheep 0.524771 75.92 36.30 91.59 61.16
boat 0.524731 17.85 34.84 41.03 79.24
bird 0.524724 21.62 11.86 41.58 34.63
sheep 0.524513 33.35 145.93 66.89 191.15
sheep 0.524467 217.07 132.76 224.00 175.50
sheep 0.524410 154.22 184.01 209.54 224.00
chair 0.524410 54.02 69.66 143.28 184.30
sheep 0.524376 98.92 24.24 115.47 43.88
sheep 0.524374 29.33 133.25 68.71 182.43
boat 0.524354 16.56 25.56 38.34 63.00
sheep 0.524330 65.26 155.71 85.28 203.26
sheep 0.524267 5.11 122.33 78.44 218.79
sheep 0.524240 159.33 18.90 203.13 56.47
sheep 0.524036 192.88 166.34 208.63 192.31
boat 0.523999 0.00 10.19 15.08 52.82
person 0.523843 132.35 0.00 166.66 17.40
sheep 0.523838 91.39 24.34 109.68 45.78
boat 0.523758 0.00 1.59 15.86 40.28
sheep 0.523749 99.71 51.25 122.51 84.91
sheep 0.523743 111.50 112.08 159.88 169.33
bird 0.523739 0.00 0.00 18.36 30.75
sheep 0.523717 217.31 145.48 224.00 186.90
pottedplant 0.523662 64.75 61.15 83.15 92.65
boat 0.523658 11.64 79.75 66.80 137.63
sheep 0.523593 41.38 174.39 116.30 224.00
pottedplant 0.523579 0.00 54.33 20.55 112.81
cow 0.523573 0.00 130.00 14.70 174.79
sheep 0.523571 0.00 139.90 13.37 189.31
sheep 0.523532 59.34 75.02 167.27 155.37
sheep 0.523517 216.21 45.82 224.00 96.22
pottedplant 0.523457 70.03 37.45 85.36 62.70
cat 0.523448 180.98 119.61 204.51 152.06
sheep 0.523419 109.16 57.19 153.37 99.81
boat 0.523417 14.77 0.00 42.29 19.26
chair 0.523408 49.58 119.25 166.25 224.00
chair 0.523369 23.28 56.13 117.93 189.89
sheep 0.523316 27.57 170.57 61.54 204.35
sheep 0.523228 92.87 89.73 123.61 124.88
sheep 0.523219 91.89 28.69 110.70 52.01
sheep 0.523183 213.73 31.50 224.00 79.97
boat 0.523136 6.58 34.90 31.56 75.50
motorbike 0.522984 68.37 100.71 87.37 132.26
boat 0.522901 20.78 18.07 41.21 43.19
sheep 0.522861 122.69 42.52 174.30 86.11
sheep 0.522860 176.67 154.37 197.39 189.56
sheep 0.522779 83.48 35.40 102.16 61.09
sheep 0.522739 129.85 184.94 194.28 224.00
pottedplant 0.522707 0.00 0.00 40.93 70.77
sheep 0.522588 100.35 21.49 115.18 37.87
sheep 0.522582 40.77 97.15 136.42 206.59
sheep 0.522513 131.56 150.47 152.56 186.67
sheep 0.522496 91.62 182.27 180.35 224.00
sheep 0.522483 95.85 167.29 119.13 200.94
sheep 0.522385 130.06 0.00 169.26 24.12
cow 0.522357 168.86 21.22 224.00 129.26
boat 0.522355 16.41 19.94 35.92 51.96
bird 0.522350 43.95 21.69 69.39 43.89
pottedplant 0.522328 59.16 60.12 79.94 94.49
sheep 0.522265 183.18 126.75 204.50 159.74
bird 0.522241 43.90 25.25 69.93 52.77
cat 0.522208 118.37 80.22 185.44 146.06
sheep 0.522093 76.32 132.61 110.09 183.22
boat 0.522013 111.07 0.00 173.06 46.54
cow 0.521997 12.61 92.92 64.87 147.61
sheep 0.521939 99.04 29.89 116.34 52.44
boat 0.521934 7.51 0.00 35.59 19.56
sheep 0.521926 206.14 165.03 220.16 191.39
sheep 0.521925 95.91 178.68 121.26 209.21
sheep 0.521892 181.60 145.35 203.24 184.34
car 0.521877 73.53 0.00 139.40 42.33
cat 0.521851 158.35 60.57 212.64 155.55
boat 0.521837 94.69 0.00 158.59 44.96
cow 0.521794 73.25 127.78 97.11 174.82
chair 0.521759 88.88 62.33 185.13 182.93
cat 0.521646 171.43 104.31 201.35 141.94
tvmonitor 0.521636 0.00 41.84 15.84 94.35
sheep 0.521552 72.01 153.65 92.70 202.82
sheep 0.521507 167.34 27.19 197.84 77.62
sheep 0.521449 89.43 161.71 111.79 200.95
sheep 0.521446 77.46 69.32 98.91 100.69
motorbike 0.521384 72.13 110.97 90.86 146.20
sheep 0.521383 46.04 0.00 77.04 19.08
motorbike 0.521360 51.31 106.77 81.39 144.34
pottedplant 0.521356 0.00 80.95 62.83 174.55
pottedplant 0.521341 68.27 47.08 83.92 75.53
pottedplant 0.521313 63.36 31.60 82.27 56.69
boat 0.521187 126.19 0.00 189.52 46.14
sheep 0.521186 133.25 164.57 150.77 193.49
bird 0.521156 38.28 0.00 68.89 18.21
sheep 0.521153 93.20 59.18 120.47 90.86
cow 0.521143 10.20 119.92 45.10 155.05
car 0.521119 57.78 0.00 121.05 43.42
sheep 0.521107 0.00 101.52 56.99 202.88
sheep 0.521063 54.88 0.00 84.47 19.88
sheep 0.521020 180.00 0.00 211.86 16.03
sheep 0.520987 74.44 46.07 89.73 73.69
pottedplant 0.520972 10.83 62.76 43.87 112.67
person 0.520972 118.52 0.00 150.39 18.57
bird 0.520938 27.83 19.18 50.72 43.85
pottedplant 0.520933 17.11 48.89 44.06 97.27
sheep 0.520917 172.91 14.51 207.67 55.29
sheep 0.520877 172.29 71.51 207.92 127.87
sheep 0.520862 217.56 181.22 224.00 220.29
sheep 0.520846 23.98 175.09 56.73 211.47
cow 0.520798 78.71 81.59 101.68 121.32
sheep 0.520740 43.98 133.97 74.46 185.30
sheep 0.520727 178.23 8.07 207.25 44.13
person 0.520680 29.25 0.00 151.15 142.42
sheep 0.520657 99.51 39.66 118.72 67.92
cow 0.520628 80.49 92.09 103.39 126.36
sheep 0.520617 199.82 74.51 224.00 128.16
sheep 0.520616 105.48 24.56 121.03 43.07
pottedplant 0.520614 32.16 61.10 65.08 104.83
pottedplant 0.520594 13.42 3.49 69.54 120.07
sheep 0.520589 71.24 60.77 87.87 90.44
sheep 0.520544 185.86 121.70 209.86 153.24
sheep 0.520477 206.39 0.00 224.00 28.05
sheep 0.520473 123.21 17.73 157.09 28.53
sheep 0.520437 199.24 121.47 224.00 154.05
cat 0.520399 113.32 92.61 173.72 154.76
sheep 0.520337 164.52 150.34 184.13 189.28
cow 0.520189 183.00 6.33 211.46 39.26
cow 0.520188 185.56 0.00 217.76 17.12
sheep 0.520181 133.61 182.03 147.76 205.22
sheep 0.520177 123.02 128.14 155.31 178.21
boat 0.520152 21.40 0.00 49.95 19.36
sheep 0.520095 82.78 45.11 101.96 73.35
sheep 0.520048 56.36 153.61 160.60 224.00
sheep 0.519970 100.90 17.98 115.34 32.82
pottedplant 0.519920 78.70 23.72 94.89 44.05
sheep 0.519909 92.05 36.73 112.91 63.82
bottle 0.519908 63.99 0.00 92.16 20.58
sheep 0.519900 213.25 198.30 224.00 224.00
bird 0.519854 29.12 0.00 59.55 18.53
sheep 0.519831 92.37 101.17 125.08 135.27
sheep 0.519800 107.14 21.55 120.56 35.61
sheep 0.519711 105.36 43.18 124.94 73.20
pottedplant 0.519697 47.82 60.59 75.71 98.72
person 0.519694 111.87 0.00 140.43 19.90
person 0.519643 143.59 0.00 179.73 16.85
sheep 0.519605 18.28 87.25 106.77 186.64
sheep 0.519598 80.66 59.03 100.76 87.95
sheep 0.519569 134.24 174.19 149.28 198.74
sheep 0.519540 85.21 23.17 103.33 42.91
sheep 0.519481 55.16 26.10 78.25 52.28
car 0.519411 38.66 0.00 103.42 46.06
cow 0.519388 173.15 0.00 207.85 15.29
sheep 0.519270 83.64 70.31 188.14 188.26
sheep 0.519270 118.91 148.75 147.03 187.58
sheep 0.519183 108.51 18.14 121.13 30.81
sheep 0.519166 135.05 23.06 190.29 53.40
bird 0.519146 24.99 22.85 51.40 53.99
person 0.519100 104.80 0.00 130.94 20.68
bird 0.519093 26.76 12.90 49.82 35.77
horse 0.519076 157.31 0.00 224.00 81.80
bottle 0.519000 71.40 22.92 88.15 44.44
cow 0.518996 81.41 114.96 112.45 148.09
sheep 0.518987 92.57 47.29 115.99 78.08
sheep 0.518954 182.61 133.28 203.27 170.23
sheep 0.518946 116.25 17.69 139.12 27.88
sheep 0.518925 80.25 156.79 103.45 200.98
bird 0.518873 42.11 13.84 67.75 35.72
sheep 0.518870 88.99 174.59 113.59 207.32
person 0.518859 96.70 0.00 123.84 20.56
aeroplane 0.518812 136.07 0.00 204.68 47.61
sheep 0.518805 123.12 163.72 144.50 194.41
chair 0.518805 41.71 0.00 149.32 155.36
sheep 0.518753 136.51 182.68 153.26 205.73
sheep 0.518641 92.10 194.35 124.03 224.00
bottle 0.518624 73.16 0.00 100.82 21.39
sheep 0.518557 100.78 171.29 125.14 200.45
boat 0.518557 12.89 48.76 39.00 94.17
sheep 0.518548 43.06 31.58 68.22 63.35
sheep 0.518527 81.64 128.85 115.34 168.06
sheep 0.518505 40.39 172.85 65.20 203.60
person 0.518504 163.64 0.00 199.84 15.71
cow 0.518460 81.45 102.78 106.72 134.72
car 0.518449 10.05 72.95 58.63 127.70
sheep 0.518447 55.31 21.21 77.93 44.54
sheep 0.518416 182.67 0.00 214.36 25.91
sheep 0.518398 105.40 32.09 121.69 55.18
pottedplant 0.518256 63.43 38.51 80.56 66.00
sheep 0.518245 81.42 0.00 110.14 20.95
sheep 0.518241 18.28 171.47 48.80 210.60
sheep 0.518239 119.57 1.78 152.75 21.63
sheep 0.518227 88.98 0.00 117.63 20.66
sheep 0.518207 0.00 184.93 16.09 224.00
sheep 0.518196 177.86 162.13 196.81 199.20
sheep 0.518183 55.18 31.83 77.56 59.93
sheep 0.518056 174.15 122.08 196.51 161.15
pottedplant 0.518024 61.34 48.19 79.39 78.83
sheep 0.517973 125.34 21.73 163.12 34.78
person 0.517966 151.44 0.00 189.77 16.34
sheep 0.517956 154.64 136.47 200.29 215.97
sheep 0.517853 55.95 170.50 74.85 204.56
sheep 0.517839 63.64 21.30 83.08 44.55
sheep 0.517826 176.28 25.39 209.75 67.64
sheep 0.517824 125.65 181.60 143.00 205.56
cat 0.517817 170.10 76.86 206.73 130.11
sheep 0.517804 115.31 24.33 143.72 41.78
sheep 0.517707 93.00 17.49 110.98 34.65
car 0.517680 9.66 96.70 49.95 146.09
bird 0.517666 20.25 0.00 44.20 26.32
cat 0.517633 169.01 113.31 197.90 152.29
sheep 0.517623 167.11 74.09 215.59 170.48
sheep 0.517610 163.95 10.15 203.40 44.52
sheep 0.517598 135.17 15.59 177.20 40.41
pottedplant 0.517469 23.03 28.36 51.18 65.35
pottedplant 0.517462 12.29 73.62 96.26 167.67
sheep 0.517442 24.11 195.34 56.54 224.00
sheep 0.517408 113.20 44.59 146.35 79.58
sheep 0.517384 54.86 14.17 76.94 36.87
boat 0.517294 6.89 15.01 28.76 46.60
car 0.517281 13.11 0.00 86.05 52.44
pottedplant 0.517257 0.00 0.00 64.82 60.67
sheep 0.517248 63.19 14.85 82.23 36.70
sheep 0.517240 64.35 187.66 86.16 222.93
sheep 0.517203 116.29 21.14 142.15 32.61
sheep 0.517192 181.84 112.11 208.99 145.29
sheep 0.517175 17.56 193.38 48.64 224.00
pottedplant 0.517129 23.81 38.81 52.26 85.84
sheep 0.517116 125.65 174.29 143.73 199.15
sheep 0.517038 157.14 116.19 187.42 163.87
sheep 0.517030 86.21 18.42 105.44 36.11
sheep 0.517003 109.38 181.05 135.50 207.18
sheep 0.516963 130.07 194.89 148.70 224.00
sheep 0.516856 111.43 64.76 219.26 191.54
sheep 0.516789 158.54 42.94 195.14 93.12
pottedplant 0.516714 22.30 52.51 52.17 102.08
boat 0.516710 4.44 7.03 29.19 34.44
pottedplant 0.516680 25.04 8.89 88.12 122.45
sheep 0.516677 98.78 146.48 135.45 188.66
chair 0.516663 113.06 0.00 224.00 167.74
cat 0.516651 65.75 99.57 165.27 181.13
pottedplant 0.516629 41.84 11.82 98.47 117.87
sheep 0.516606 85.16 192.69 115.89 224.00
sheep 0.516529 107.03 2.87 125.84 23.96
sheep 0.516527 11.74 190.96 40.26 224.00
sheep 0.516502 104.17 161.77 133.30 195.50
bottle 0.516491 71.03 17.11 88.64 37.25
sheep 0.516391 113.86 2.98 139.20 22.12
sheep 0.516379 166.83 161.06 182.56 198.60
sheep 0.516347 99.05 1.86 119.36 24.90
sheep 0.516332 108.43 173.21 134.36 199.72
sheep 0.516317 163.22 137.33 185.88 184.43
sheep 0.516309 151.66 30.53 192.95 83.00
bottle 0.516306 79.46 18.32 96.85 36.91
sheep 0.516297 80.63 170.92 105.58 205.46
chair 0.516219 13.02 91.18 122.90 224.00
sheep 0.516101 133.55 197.26 155.45 224.00
cat 0.516090 128.35 102.47 176.12 158.45
sheep 0.516035 57.51 18.16 120.53 111.79
sheep 0.515985 70.19 190.36 95.42 224.00
sheep 0.515972 185.06 17.95 217.10 59.18
sheep 0.515895 43.05 145.46 121.75 224.00
sheep 0.515852 192.32 171.19 208.85 200.54
sheep 0.515834 95.60 124.71 142.87 176.97
sheep 0.515763 119.04 30.39 175.42 110.23
pottedplant 0.515733 28.88 46.53 95.20 145.58
cat 0.515722 176.64 98.76 208.27 137.83
sheep 0.515694 198.53 103.37 224.00 145.87
sheep 0.515692 115.65 0.00 173.98 83.08
sheep 0.515648 142.63 47.69 189.85 101.11
sheep 0.515634 80.96 25.91 150.44 105.29
sheep 0.515567 177.77 115.42 224.00 215.04
sheep 0.515543 114.79 32.43 143.42 57.57
sheep 0.515509 182.81 168.56 201.75 203.32
sheep 0.515508 56.24 184.59 75.60 216.10
sheep 0.515472 148.87 158.86 170.33 194.87
sheep 0.515458 175.18 95.77 221.76 192.02
sheep 0.515277 146.51 148.79 169.85 189.32
sheep 0.515254 122.32 208.47 153.78 224.00
sheep 0.515235 175.77 130.21 197.21 171.61
cat 0.515200 149.93 106.19 190.26 154.89
sheep 0.515187 11.06 132.29 44.10 165.65
sheep 0.515163 142.95 13.27 191.42 42.21
sheep 0.515160 41.27 181.23 65.44 210.85
cat 0.515095 145.05 113.28 196.59 198.74
pottedplant 0.515087 40.01 41.87 65.88 81.46
sheep 0.515013 55.13 100.00 161.95 220.84
sheep 0.514972 175.69 206.58 210.96 224.00
sheep 0.514912 205.30 170.37 217.68 201.79
cow 0.514839 189.56 4.18 215.97 35.12
sheep 0.514835 121.61 193.63 143.55 224.00
pottedplant 0.514810 49.52 50.64 74.30 86.08
sheep 0.514792 77.13 191.50 107.23 224.00
pottedplant 0.514743 53.10 40.36 75.37 72.84
sheep 0.514729 159.41 54.74 198.52 104.47
sheep 0.514655 71.83 207.96 109.37 224.00
sheep 0.514634 60.91 207.38 91.02 224.00
sheep 0.514513 106.92 194.14 137.60 224.00
sheep 0.514477 183.06 184.91 205.39 221.16
sheep 0.514453 162.32 206.77 197.53 224.00
cat 0.514449 135.32 94.93 194.01 174.75
sheep 0.514414 161.72 125.04 186.24 173.80
cat 0.514315 142.54 92.63 194.66 142.86
sheep 0.514312 3.53 185.71 27.43 224.00
sheep 0.514296 56.68 0.00 120.73 75.45
sheep 0.514273 40.28 0.00 68.14 25.43
sheep 0.514225 185.68 204.61 215.61 224.00
sheep 0.514170 10.66 143.61 42.63 182.13
sheep 0.514012 118.53 130.28 180.99 206.74
sheep 0.513986 171.35 169.81 222.75 224.00
bottle 0.513894 38.74 0.00 103.11 80.86
sheep 0.513822 72.88 0.00 141.74 73.39
sheep 0.513708 191.11 183.00 210.43 217.35
sheep 0.513610 139.00 163.24 160.15 195.29
pottedplant 0.513550 12.84 0.00 87.30 86.40
sheep 0.513520 54.60 204.78 80.93 224.00
sheep 0.513296 176.63 50.58 209.75 100.01
bird 0.513239 26.74 0.00 53.72 26.48
person 0.513222 43.77 49.60 116.70 135.69
sheep 0.513199 200.00 47.92 224.00 96.65
sheep 0.513180 202.43 148.09 224.00 184.03
sheep 0.513147 136.05 150.08 159.07 187.97
sheep 0.513042 162.70 0.00 201.90 28.03
sheep 0.513012 42.51 201.01 70.26 224.00
cat 0.512918 102.57 107.85 176.05 183.81
sheep 0.512886 140.77 180.25 159.74 205.99
sheep 0.512880 76.98 52.36 156.81 125.81
sheep 0.512816 199.70 133.51 224.00 171.06
sheep 0.512768 201.58 202.21 222.04 224.00
sheep 0.512736 138.55 197.69 163.21 224.00
sheep 0.512684 194.47 31.85 221.18 75.76
sheep 0.512597 142.99 133.26 169.89 182.91
sheep 0.512375 206.78 181.69 218.67 216.56
sheep 0.512236 113.00 0.00 224.00 178.74
sheep 0.512235 139.01 119.99 170.31 173.10
sheep 0.512169 145.57 0.00 190.36 27.28
sheep 0.512099 172.62 185.86 194.11 224.00
sheep 0.511964 128.43 0.00 199.67 85.48
sheep 0.511929 162.10 190.37 182.89 224.00
sheep 0.511850 149.18 174.97 169.51 204.77
sheep 0.511609 147.44 195.46 172.43 224.00
aeroplane 0.511458 135.21 0.00 212.20 82.13
aeroplane 0.510876 137.06 24.36 204.12 112.29
aeroplane 0.510628 150.66 13.54 217.34 109.10
