boat 0.595725 11.43 34.02 224.00 188.14
aeroplane 0.581445 21.75 40.81 222.82 177.01
sofa 0.581440 174.45 110.42 219.79 159.53
car 0.580224 8.48 55.37 220.42 200.86
bus 0.573810 16.51 40.50 221.16 181.36
pottedplant 0.563955 201.05 18.31 224.00 66.63
sofa 0.563896 190.66 116.86 222.12 161.37
sofa 0.558743 171.88 123.54 221.97 173.64
sofa 0.551151 7.29 44.18 220.97 178.70
bus 0.549363 13.76 74.12 184.39 197.60
car 0.547583 127.36 31.45 155.18 54.26
bottle 0.543947 201.24 24.25 224.00 143.62
car 0.543835 27.40 86.97 84.99 112.61
car 0.543518 17.10 97.45 90.92 135.33
pottedplant 0.542694 185.90 22.14 222.21 61.00
dog 0.542491 217.72 155.39 224.00 211.85
tvmonitor 0.541370 212.90 38.50 224.00 100.72
tvmonitor 0.540227 215.30 51.71 224.00 108.56
dog 0.539842 212.99 146.19 224.00 207.79
aeroplane 0.539610 191.83 22.83 223.44 66.50
sofa 0.539315 200.12 127.94 223.68 175.64
motorbike 0.538855 180.04 20.16 216.51 61.31
bottle 0.538636 188.25 36.01 224.00 168.40
tvmonitor 0.537902 170.32 121.23 221.14 167.80
motorbike 0.536813 173.09 17.40 208.03 63.31
sofa 0.536689 175.20 126.37 212.80 165.99
car 0.536613 75.17 10.67 107.01 27.05
bottle 0.536381 209.37 24.83 224.00 86.75
person 0.536061 163.62 15.88 195.88 63.86
bus 0.535182 1.36 71.79 78.37 166.50
bus 0.535137 11.16 76.97 115.69 173.06
bus 0.534648 57.17 40.93 75.21 58.63
car 0.534006 20.36 92.37 83.34 126.25
person 0.533979 194.32 0.00 224.00 58.19
tvmonitor 0.533866 0.00 75.40 7.06 117.68
boat 0.533797 4.30 190.19 49.23 205.42
car 0.533312 32.15 210.66 78.44 224.00
boat 0.533234 35.49 206.78 74.55 224.00
bottle 0.533201 182.26 24.63 220.98 142.29
car 0.533084 14.09 68.64 164.47 185.69
bottle 0.533015 102.00 44.47 212.84 178.18
dog 0.532984 212.40 199.13 224.00 224.00
car 0.532756 128.06 24.94 155.44 47.51
person 0.532712 176.87 54.35 224.00 174.89
tvmonitor 0.532592 0.60 78.33 17.11 114.18
boat 0.532158 8.05 198.45 52.91 211.37
car 0.531955 6.35 191.74 50.01 206.31
sofa 0.531413 206.25 135.08 224.00 194.00
boat 0.531396 7.20 210.13 62.52 224.00
sheep 0.531204 91.92 212.46 124.30 224.00
car 0.531017 52.70 35.04 220.60 170.05
car 0.530808 71.00 0.00 108.82 22.37
car 0.530670 29.88 199.89 67.97 214.03
bus 0.530559 51.76 36.85 72.42 56.98
car 0.530545 153.53 19.86 186.80 59.74
dog 0.530387 216.89 173.10 224.00 216.93
car 0.530253 134.66 29.05 169.65 55.79
bottle 0.530147 153.04 39.17 216.27 171.15
tvmonitor 0.529739 211.37 78.07 224.00 129.33
bottle 0.529715 205.66 37.85 224.00 98.40
boat 0.529590 0.00 205.54 46.37 224.00
car 0.529571 39.48 198.10 72.46 215.57
tvmonitor 0.529451 0.00 46.70 7.00 81.29
diningtable 0.529421 99.27 213.15 130.55 224.00
car 0.529217 11.27 199.63 56.40 211.90
bird 0.529211 78.04 51.58 219.21 175.29
sheep 0.529170 78.25 213.03 116.08 224.00
car 0.529133 25.58 124.79 76.13 164.96
boat 0.529090 66.21 36.94 215.31 166.76
person 0.529029 39.50 210.53 84.14 224.00
person 0.528918 0.00 0.00 17.81 24.37
person 0.528793 179.01 167.97 224.00 224.00
sheep 0.528643 54.85 211.46 94.94 224.00
tvmonitor 0.528284 205.07 93.50 224.00 144.61
car 0.528219 132.03 10.09 153.07 29.58
car 0.528143 87.86 13.77 112.51 31.41
person 0.528137 156.53 18.39 190.69 56.43
car 0.528112 3.14 182.65 47.44 202.33
boat 0.528016 0.72 51.80 16.42 77.57
tvmonitor 0.527888 10.25 81.08 37.08 111.41
tvmonitor 0.527686 196.79 107.98 224.00 153.80
sofa 0.527655 187.17 126.54 221.43 169.21
boat 0.527428 0.00 0.00 48.16 40.60
aeroplane 0.527125 202.72 12.20 223.46 57.02
diningtable 0.527027 108.05 213.60 141.05 224.00
sheep 0.527006 158.70 179.10 217.91 224.00
boat 0.526979 30.43 163.87 151.85 224.00
bottle 0.526912 199.06 0.00 224.00 81.56
car 0.526790 14.42 174.05 117.02 224.00
car 0.526731 162.80 16.50 194.72 66.93
tvmonitor 0.526672 207.44 50.53 224.00 105.91
car 0.526543 66.15 163.36 84.48 183.00
motorbike 0.526338 166.22 15.65 198.18 62.38
boat 0.526315 10.80 96.57 172.22 199.49
dog 0.526297 175.23 174.76 201.43 202.84
boat 0.526287 1.09 181.84 42.74 203.11
bottle 0.526221 187.90 16.88 224.00 116.20
bus 0.526217 52.80 44.37 73.83 63.37
car 0.526205 48.15 98.68 97.17 139.67
aeroplane 0.526201 203.51 0.00 224.00 32.16
boat 0.526180 129.77 63.57 150.21 89.09
car 0.526136 130.62 16.80 154.09 39.06
bottle 0.526085 128.70 30.15 215.10 149.94
bottle 0.525930 191.97 47.04 216.31 92.97
dog 0.525784 181.32 205.83 215.16 224.00
car 0.525775 11.77 104.34 157.22 198.11
dog 0.525769 84.62 107.47 109.85 142.25
car 0.525760 104.11 14.41 124.70 32.24
car 0.525731 24.29 106.66 78.23 138.78
car 0.525645 21.46 100.78 74.75 131.73
car 0.525637 32.02 141.78 74.95 174.14
sheep 0.525616 201.39 202.00 223.64 224.00
car 0.525549 133.14 0.00 163.39 17.96
sheep 0.525516 97.78 108.58 115.26 140.74
tvmonitor 0.525491 176.47 101.19 219.79 147.17
bottle 0.525471 184.94 58.74 210.17 91.78
sheep 0.525337 43.64 206.04 80.37 224.00
boat 0.525336 0.00 161.94 13.81 196.43
boat 0.525320 131.61 76.03 149.08 97.87
car 0.525248 90.16 17.29 112.99 36.31
dog 0.525231 215.38 186.49 224.00 224.00
car 0.525215 58.10 162.50 79.46 183.47
tvmonitor 0.525169 0.00 87.66 8.25 132.90
car 0.525036 82.87 25.30 204.76 127.36
chair 0.524971 180.35 88.41 224.00 189.78
aeroplane 0.524943 178.50 17.92 212.90 63.56
car 0.524886 73.14 163.39 92.24 181.94
aeroplane 0.524837 46.13 165.51 164.67 224.00
car 0.524828 117.89 0.00 189.92 49.78
boat 0.524827 0.00 0.00 68.18 32.09
car 0.524823 48.65 83.25 97.10 111.78
boat 0.524787 57.30 29.84 75.49 52.66
car 0.524756 3.33 172.28 43.19 197.24
dog 0.524743 166.18 207.76 205.69 224.00
car 0.524677 0.00 170.70 65.00 224.00
bus 0.524668 35.42 76.20 83.68 109.29
car 0.524660 106.11 19.86 127.45 38.50
tvmonitor 0.524604 11.49 85.41 43.17 115.99
car 0.524541 141.10 0.00 202.11 50.61
aeroplane 0.524469 68.16 103.30 104.24 141.52
sheep 0.524429 116.74 214.08 151.11 224.00
aeroplane 0.524392 47.38 197.68 77.96 215.44
boat 0.524365 0.00 163.65 33.63 192.45
dog 0.524348 146.49 178.74 214.52 224.00
boat 0.524290 0.18 173.15 37.05 198.73
sheep 0.524272 131.26 213.96 163.83 224.00
boat 0.524228 9.93 53.88 27.77 73.68
bottle 0.524221 162.17 0.00 212.62 53.39
boat 0.524213 133.34 82.81 149.78 107.70
car 0.524173 44.65 162.70 73.57 181.94
boat 0.524054 0.00 175.56 86.99 224.00
dog 0.523998 100.29 155.22 117.51 199.43
sheep 0.523967 108.55 143.29 124.15 197.08
sheep 0.523931 135.12 99.11 148.85 131.89
car 0.523930 28.75 153.07 65.76 177.47
boat 0.523922 3.60 61.47 188.80 224.00
tvmonitor 0.523899 0.00 58.94 6.79 98.64
bottle 0.523820 180.47 0.00 224.00 58.59
boat 0.523787 10.76 58.28 27.49 80.27
bottle 0.523780 156.98 19.38 217.10 112.69
boat 0.523758 0.16 45.44 16.66 71.16
bus 0.523726 0.00 56.67 61.76 146.88
boat 0.523725 0.00 171.24 17.97 201.69
car 0.523671 21.43 132.48 62.15 158.46
chair 0.523653 191.15 125.87 224.00 224.00
sheep 0.523568 138.52 212.98 171.38 224.00
car 0.523402 39.17 154.63 74.72 177.98
boat 0.523396 34.00 0.00 107.24 31.63
car 0.523386 78.79 12.97 107.79 33.80
aeroplane 0.523364 68.89 83.81 104.17 109.52
car 0.523345 24.82 115.04 73.38 149.99
aeroplane 0.523312 82.15 83.36 109.94 107.28
aeroplane 0.523312 140.50 86.85 157.96 117.55
sheep 0.523240 146.88 211.31 182.02 224.00
car 0.523216 129.30 0.00 155.14 21.04
aeroplane 0.523181 134.35 87.15 150.22 115.13
car 0.523180 141.23 0.00 171.60 19.35
dog 0.523087 181.28 165.52 212.72 204.74
sheep 0.523020 135.16 109.39 149.52 147.51
boat 0.522969 0.00 152.00 11.71 188.78
dog 0.522953 106.13 153.95 123.86 202.23
boat 0.522902 36.32 126.74 80.59 162.95
aeroplane 0.522898 143.13 100.20 161.95 134.08
car 0.522822 23.17 140.92 61.31 169.81
dog 0.522783 162.71 116.45 197.54 160.85
aeroplane 0.522778 61.42 94.72 104.01 135.71
car 0.522769 4.46 163.70 42.97 190.51
car 0.522734 77.01 33.89 102.66 62.71
boat 0.522719 44.99 39.31 69.66 55.75
aeroplane 0.522641 92.99 83.16 115.50 105.44
boat 0.522637 0.00 182.94 29.35 207.70
car 0.522607 126.13 12.29 148.94 28.86
aeroplane 0.522605 141.44 93.49 159.86 125.27
boat 0.522561 139.38 82.53 156.13 109.68
boat 0.522557 137.56 76.43 154.63 96.72
dog 0.522550 94.69 175.43 201.40 224.00
car 0.522460 23.53 83.69 68.30 112.18
bus 0.522423 46.59 45.03 71.30 59.10
car 0.522416 78.03 25.98 104.91 55.51
boat 0.522407 134.55 65.99 154.97 89.02
dog 0.522391 204.42 156.11 224.00 208.70
bus 0.522383 0.00 0.00 168.47 179.94
car 0.522318 58.22 41.47 78.86 58.36
aeroplane 0.522315 96.31 198.25 115.00 213.67
boat 0.522312 123.33 62.50 142.70 89.55
boat 0.522302 148.62 88.57 169.35 118.84
aeroplane 0.522292 115.75 143.36 133.02 198.23
car 0.522211 115.51 13.80 141.84 30.36
bottle 0.522206 0.00 0.00 11.15 29.24
aeroplane 0.522204 90.06 198.77 110.84 213.76
car 0.522198 84.93 21.34 109.98 54.64
sheep 0.522181 134.80 93.54 149.76 123.52
dog 0.522180 173.85 156.87 210.86 198.06
car 0.522111 65.47 157.76 84.87 178.71
boat 0.522057 0.00 96.61 8.69 140.32
sheep 0.522034 144.13 106.75 163.86 141.19
car 0.522011 11.95 163.52 50.99 187.48
dog 0.521988 155.10 209.45 193.15 224.00
sheep 0.521984 89.72 114.60 109.08 146.99
car 0.521959 119.20 26.15 151.03 45.83
tvmonitor 0.521903 0.00 30.45 6.24 64.54
sheep 0.521900 81.39 158.88 101.19 182.70
bottle 0.521844 0.00 1.02 6.99 36.88
motorbike 0.521837 158.19 16.56 190.23 55.41
boat 0.521806 124.21 75.66 142.03 98.23
car 0.521777 50.48 0.00 120.91 36.74
boat 0.521728 126.11 82.99 142.79 105.42
boat 0.521720 71.10 168.40 92.45 188.99
car 0.521689 108.93 23.66 131.42 45.77
aeroplane 0.521676 105.19 83.07 123.04 104.22
aeroplane 0.521661 107.11 87.71 122.59 109.90
car 0.521602 29.98 162.43 64.49 181.88
car 0.521574 54.88 155.83 80.84 179.04
tvmonitor 0.521527 83.18 31.37 213.58 148.48
car 0.521525 67.27 39.31 91.70 60.76
boat 0.521488 116.29 83.78 133.59 103.82
boat 0.521488 33.74 73.64 87.01 107.83
dog 0.521473 197.36 145.65 224.00 205.15
tvmonitor 0.521471 179.29 90.63 215.98 132.11
car 0.521447 117.67 20.76 146.71 38.92
car 0.521420 119.73 0.00 150.72 18.06
bottle 0.521417 191.83 58.83 212.95 101.54
boat 0.521404 20.79 115.66 141.96 196.16
bottle 0.521396 130.87 3.27 205.53 71.45
boat 0.521385 1.80 91.43 21.92 128.65
sheep 0.521382 133.88 115.39 149.12 160.89
dog 0.521363 91.40 157.58 111.22 195.26
sheep 0.521354 88.07 206.86 113.93 224.00
car 0.521323 95.53 22.56 116.25 54.09
aeroplane 0.521320 190.70 15.03 219.30 53.30
boat 0.521317 128.59 46.25 153.34 74.75
boat 0.521308 0.59 0.00 29.34 19.54
sofa 0.521279 174.46 159.57 206.36 196.12
car 0.521275 111.27 28.03 134.18 53.24
boat 0.521236 0.00 154.30 30.62 184.39
car 0.521236 104.10 0.54 199.19 80.32
car 0.521227 15.14 153.65 53.98 178.71
car 0.521227 150.62 0.00 180.20 22.75
bottle 0.521156 109.08 22.31 208.52 115.15
boat 0.521147 0.00 38.19 50.74 132.52
aeroplane 0.521143 191.45 0.00 217.49 29.06
boat 0.521110 0.00 4.52 43.34 100.70
sheep 0.521092 59.36 198.70 85.20 214.68
sheep 0.521051 129.28 103.95 139.90 136.82
boat 0.521042 78.88 164.17 101.81 190.27
boat 0.520992 20.87 54.18 38.97 69.97
bottle 0.520962 184.22 39.21 213.74 80.11
sheep 0.520923 153.34 126.06 212.95 212.13
boat 0.520920 155.88 89.21 177.12 120.08
aeroplane 0.520911 190.28 5.49 217.61 38.97
aeroplane 0.520906 180.94 63.73 204.93 89.97
dog 0.520847 102.41 144.73 116.44 185.42
sheep 0.520824 107.99 107.43 120.96 140.14
car 0.520808 110.91 0.00 141.96 18.09
car 0.520787 143.86 13.20 171.33 35.03
boat 0.520771 0.39 34.91 16.49 60.84
aeroplane 0.520719 78.82 97.55 108.75 135.48
tvmonitor 0.520717 180.28 109.33 223.26 155.95
sheep 0.520673 127.68 88.17 142.82 112.48
car 0.520672 93.28 0.00 170.53 41.62
boat 0.520651 198.76 0.00 224.00 30.20
car 0.520625 39.13 189.25 72.21 211.05
car 0.520613 67.19 32.26 94.66 55.22
boat 0.520579 9.51 46.89 27.70 66.56
car 0.520557 101.50 0.00 130.70 20.35
aeroplane 0.520542 124.97 159.22 142.92 201.19
boat 0.520521 46.76 48.61 72.65 63.42
car 0.520499 92.89 18.49 114.98 44.61
boat 0.520480 21.57 59.55 41.27 77.23
car 0.520439 140.93 18.90 172.46 44.97
bottle 0.520428 0.00 10.54 5.96 44.39
bottle 0.520365 185.65 69.04 208.06 101.51
tvmonitor 0.520338 9.74 73.40 32.25 104.34
sheep 0.520327 118.19 88.71 133.06 110.17
bottle 0.520325 192.31 30.80 221.00 79.53
sheep 0.520247 82.09 200.12 104.65 213.17
car 0.520244 129.09 37.36 155.31 61.79
tvmonitor 0.520229 2.81 62.48 15.30 94.51
boat 0.520193 46.68 143.78 80.66 174.08
tvmonitor 0.520159 0.00 19.21 5.81 53.63
aeroplane 0.520158 150.29 95.98 172.27 127.69
dog 0.520149 94.08 99.32 114.41 134.21
tvmonitor 0.520129 189.87 94.68 224.00 146.80
boat 0.520120 48.72 74.84 96.75 106.50
boat 0.520069 113.76 76.08 133.23 98.23
car 0.520052 64.36 168.29 83.75 190.34
aeroplane 0.520042 98.96 171.15 117.37 205.33
sheep 0.519990 80.94 208.33 109.21 224.00
aeroplane 0.519962 166.69 15.34 194.19 48.78
car 0.519915 84.97 0.00 115.04 25.28
dog 0.519897 71.93 157.39 91.52 177.54
car 0.519855 121.58 33.39 148.23 56.36
sheep 0.519845 143.68 115.80 162.92 159.32
dog 0.519828 174.01 182.85 195.55 203.95
boat 0.519798 19.64 138.23 157.09 218.74
sheep 0.519767 72.99 207.89 101.18 224.00
sheep 0.519755 128.51 109.74 139.75 146.01
boat 0.519742 37.02 39.97 62.49 55.89
sheep 0.519722 72.71 199.80 95.49 213.62
boat 0.519682 157.47 98.28 179.52 130.26
boat 0.519576 0.00 141.06 9.77 177.22
aeroplane 0.519574 132.90 163.33 150.37 198.91
dog 0.519541 178.12 179.59 205.81 206.69
boat 0.519537 47.80 51.31 75.83 73.96
boat 0.519530 13.26 88.72 50.08 120.30
car 0.519458 84.60 15.47 110.75 43.76
boat 0.519432 0.00 109.03 9.07 148.96
aeroplane 0.519408 68.14 75.05 105.02 103.61
aeroplane 0.519353 97.62 186.83 116.27 208.32
boat 0.519320 39.71 65.12 77.13 95.45
aeroplane 0.519267 132.18 123.54 148.17 170.52
car 0.519238 17.97 124.39 58.10 146.91
car 0.519237 99.88 27.78 116.03 61.21
tvmonitor 0.519178 198.68 79.71 224.00 130.23
boat 0.519165 113.81 63.36 132.56 90.41
boat 0.519162 29.23 0.00 60.44 13.52
boat 0.519151 178.33 91.66 215.97 129.48
sheep 0.519133 116.69 139.11 132.42 189.90
aeroplane 0.519123 139.28 175.65 155.48 201.64
car 0.519116 69.37 0.00 143.86 39.50
boat 0.519109 148.25 83.74 167.34 109.73
bus 0.519081 0.00 92.46 71.39 185.88
aeroplane 0.519062 90.39 187.91 111.78 208.06
car 0.519004 27.57 191.93 66.63 209.17
aeroplane 0.518987 180.83 0.00 207.07 30.17
sheep 0.518958 118.59 105.71 129.89 138.53
boat 0.518949 1.65 5.56 76.53 105.30
sheep 0.518910 109.94 138.53 121.98 175.72
aeroplane 0.518883 103.06 197.96 120.80 212.26
motorbike 0.518876 157.46 14.35 184.84 43.61
boat 0.518847 38.83 45.83 66.56 60.50
boat 0.518824 2.51 44.27 83.73 142.35
boat 0.518796 103.26 75.31 122.73 98.74
boat 0.518757 57.71 0.00 93.54 18.02
aeroplane 0.518754 92.72 75.09 115.01 99.80
boat 0.518684 3.06 99.72 24.85 134.73
sheep 0.518677 129.27 94.87 141.82 122.01
aeroplane 0.518672 46.10 93.30 191.67 201.62
aeroplane 0.518654 80.15 74.81 110.12 100.92
boat 0.518639 0.00 121.21 9.46 157.20
aeroplane 0.518600 89.57 171.50 112.25 203.34
sheep 0.518550 70.45 190.80 94.60 207.63
dog 0.518532 94.21 148.19 109.55 180.14
boat 0.518531 7.96 0.00 38.51 16.49
car 0.518529 161.51 0.00 190.63 26.96
boat 0.518520 0.00 130.90 9.39 165.85
dog 0.518500 176.33 186.84 199.61 211.70
boat 0.518488 20.76 46.72 38.39 62.63
aeroplane 0.518474 175.39 15.01 203.89 51.26
sheep 0.518472 80.10 190.31 104.24 207.41
aeroplane 0.518439 75.93 110.43 102.99 144.96
sheep 0.518438 101.17 123.28 114.06 154.77
car 0.518414 15.83 143.88 51.63 168.31
car 0.518387 57.22 167.42 78.73 191.48
boat 0.518384 6.62 154.15 42.98 181.69
dog 0.518353 147.19 177.85 164.84 200.98
boat 0.518301 68.96 177.18 93.44 199.11
boat 0.518242 0.00 195.65 33.92 224.00
car 0.518238 65.90 44.18 91.27 66.36
aeroplane 0.518227 140.92 183.23 154.72 206.00
boat 0.518153 1.96 21.98 16.55 48.15
dog 0.518150 208.67 174.34 221.83 213.75
boat 0.518134 30.51 52.73 53.18 67.55
boat 0.518128 39.75 50.65 69.67 65.52
dog 0.518112 157.66 179.12 176.49 201.26
boat 0.518096 165.06 91.09 186.33 120.97
sheep 0.518061 93.44 122.43 108.79 153.55
aeroplane 0.518060 77.59 174.95 103.72 200.03
boat 0.518056 47.28 188.01 77.90 210.21
boat 0.518032 147.51 78.34 165.48 95.26
aeroplane 0.518026 133.73 173.27 149.36 202.83
aeroplane 0.518015 142.53 121.33 160.93 166.51
sheep 0.518007 126.43 117.33 139.07 159.88
aeroplane 0.517996 104.98 170.42 123.14 206.47
boat 0.517988 182.60 72.97 204.01 99.62
aeroplane 0.517960 138.98 166.15 156.50 196.36
boat 0.517916 47.28 0.00 77.80 16.79
boat 0.517895 174.12 101.22 213.00 138.02
boat 0.517844 13.21 133.82 40.94 155.16
sheep 0.517843 124.03 140.48 140.69 190.75
car 0.517752 74.17 40.46 101.16 67.76
dog 0.517742 149.26 185.02 163.75 204.83
boat 0.517710 29.23 39.10 50.44 54.92
car 0.517702 45.24 167.89 72.37 191.50
car 0.517691 39.95 86.57 95.60 127.07
dog 0.517690 167.71 178.37 188.78 201.30
boat 0.517685 1.45 143.15 28.29 170.94
boat 0.517683 10.22 37.22 27.46 56.74
boat 0.517666 45.09 32.48 67.95 51.47
sheep 0.517658 124.24 126.24 138.72 170.23
boat 0.517646 55.92 105.29 95.48 141.15
bird 0.517626 159.92 107.21 185.01 142.75
boat 0.517606 0.00 137.62 65.80 212.33
tvmonitor 0.517588 10.94 64.97 27.88 92.40
sheep 0.517522 102.63 134.07 114.74 164.68
boat 0.517503 30.07 46.05 51.71 61.43
dog 0.517372 153.56 104.08 176.85 138.34
boat 0.517311 58.51 188.89 84.64 208.76
boat 0.517235 2.71 133.10 28.67 158.31
boat 0.517233 157.03 68.72 175.43 87.88
aeroplane 0.517166 114.06 169.72 132.19 206.04
car 0.517159 18.81 112.16 63.74 138.13
aeroplane 0.517159 101.27 206.99 124.03 224.00
boat 0.517146 21.12 38.16 38.70 53.90
car 0.517109 59.21 27.63 82.67 50.82
aeroplane 0.517102 181.16 7.27 208.65 39.15
boat 0.517100 3.50 111.74 27.47 142.99
car 0.517096 13.17 125.70 43.23 147.17
sheep 0.517065 119.58 100.68 130.77 131.65
sofa 0.517063 174.89 137.61 211.62 181.12
boat 0.517060 0.00 112.89 69.82 198.99
dog 0.517040 95.15 142.72 109.32 170.76
boat 0.517032 3.18 124.65 28.95 150.80
aeroplane 0.517029 103.60 185.44 121.54 207.89
boat 0.516980 31.55 58.25 54.71 75.99
sheep 0.516965 107.80 93.55 121.18 121.11
boat 0.516922 144.26 69.15 163.67 88.14
boat 0.516910 166.93 67.01 185.43 87.43
sheep 0.516879 119.95 94.88 131.76 120.75
boat 0.516839 14.99 0.00 47.23 13.95
aeroplane 0.516827 91.60 91.73 113.20 122.51
dog 0.516813 95.61 134.02 109.12 162.34
boat 0.516807 166.48 100.96 190.18 133.61
boat 0.516800 157.81 82.94 176.71 110.57
boat 0.516795 37.07 32.68 60.41 50.84
boat 0.516770 63.74 10.36 89.92 30.38
sheep 0.516760 115.95 129.09 129.33 167.56
boat 0.516759 174.89 66.15 197.63 87.18
boat 0.516728 61.29 19.44 80.27 44.04
boat 0.516728 124.60 44.93 146.69 73.89
sheep 0.516718 109.40 131.58 120.29 165.99
aeroplane 0.516681 77.26 90.27 107.07 124.25
boat 0.516678 4.81 2.70 20.14 28.24
aeroplane 0.516657 132.28 141.11 148.53 188.09
boat 0.516652 61.00 147.15 84.69 173.62
boat 0.516636 159.23 77.34 176.87 95.69
bottle 0.516630 183.14 80.26 209.89 117.33
car 0.516623 173.34 0.00 200.87 30.31
sheep 0.516609 103.60 77.80 213.46 185.00
aeroplane 0.516600 141.44 192.26 155.16 213.22
boat 0.516584 4.31 12.33 17.55 36.55
boat 0.516530 13.19 102.04 50.27 131.45
boat 0.516443 43.84 111.29 87.28 148.02
dog 0.516436 159.28 185.63 175.51 203.99
aeroplane 0.516322 139.47 153.10 155.94 190.84
boat 0.516308 105.11 63.57 122.03 91.04
boat 0.516308 60.04 176.28 83.70 200.96
dog 0.516292 155.63 111.01 181.71 148.37
sheep 0.516276 206.77 189.57 220.52 224.00
bottle 0.516273 132.86 78.11 215.77 176.65
sofa 0.516213 163.69 116.50 198.37 163.04
boat 0.516178 35.20 5.94 54.92 27.09
aeroplane 0.516155 146.33 167.70 165.34 195.93
aeroplane 0.516142 66.71 60.62 103.14 94.31
tvmonitor 0.516116 187.49 72.35 213.26 113.93
boat 0.516094 52.08 129.98 85.66 160.88
boat 0.516090 4.89 132.65 100.77 200.83
sheep 0.516072 108.84 121.64 119.51 155.84
car 0.516030 67.82 22.31 100.27 47.26
aeroplane 0.516001 135.10 181.56 148.28 205.91
boat 0.515951 52.32 58.93 94.13 95.55
car 0.515944 13.23 113.36 46.65 139.48
boat 0.515936 11.03 159.04 116.82 224.00
boat 0.515935 11.15 142.93 41.20 168.02
boat 0.515913 39.25 55.45 70.90 74.11
sofa 0.515865 191.31 133.55 223.87 189.92
boat 0.515836 94.19 62.92 113.62 91.44
boat 0.515805 155.52 47.50 176.52 79.82
boat 0.515661 41.22 177.72 71.49 205.12
boat 0.515621 168.98 75.80 185.58 95.65
aeroplane 0.515572 149.75 191.92 163.19 211.40
sheep 0.515427 117.28 119.95 128.81 157.72
dog 0.515425 85.13 144.91 101.69 170.91
sheep 0.515396 163.89 23.00 192.30 70.82
dog 0.515390 86.30 133.83 102.93 161.01
boat 0.515378 55.54 21.60 71.20 45.99
dog 0.515376 157.15 167.09 177.07 195.80
boat 0.515337 165.57 43.91 187.81 79.62
aeroplane 0.515325 114.49 195.36 130.28 210.39
pottedplant 0.515322 177.61 24.09 211.68 66.21
boat 0.515319 28.50 3.43 47.40 23.19
dog 0.515266 185.08 180.43 209.88 210.95
car 0.515266 15.05 170.22 53.53 192.94
car 0.515249 28.62 169.00 63.88 191.07
sheep 0.515210 174.97 159.08 224.00 224.00
aeroplane 0.515087 77.89 61.91 108.47 92.09
boat 0.515022 59.50 48.87 91.79 76.47
boat 0.515011 181.59 82.64 207.65 115.66
boat 0.515006 69.15 48.49 100.94 77.59
boat 0.514981 29.88 30.43 49.92 47.86
boat 0.514971 167.49 82.88 185.20 110.07
dog 0.514968 73.64 148.01 92.58 172.50
sheep 0.514955 81.73 119.78 102.93 151.42
boat 0.514865 0.40 0.00 74.84 51.26
boat 0.514853 12.33 25.10 27.23 44.27
boat 0.514849 177.09 75.33 198.23 96.22
boat 0.514826 117.98 45.69 136.57 74.75
boat 0.514789 50.42 175.91 77.67 203.38
boat 0.514761 82.31 37.03 106.69 67.47
dog 0.514751 71.28 133.39 94.83 160.13
boat 0.514671 6.31 103.72 109.28 188.68
boat 0.514659 139.79 49.90 163.86 78.22
bird 0.514632 167.41 110.50 197.07 148.40
boat 0.514569 37.33 22.01 57.87 41.88
car 0.514539 64.72 16.48 91.79 40.15
aeroplane 0.514526 134.97 192.50 148.68 212.90
sofa 0.514509 167.50 164.25 191.04 194.57
chair 0.514471 152.71 101.50 215.48 190.62
boat 0.514467 22.35 27.41 38.92 44.05
aeroplane 0.514453 140.73 139.47 156.82 181.79
aeroplane 0.514391 163.97 5.14 192.38 34.68
aeroplane 0.514301 114.03 182.78 131.16 206.58
boat 0.514223 101.13 35.56 115.06 66.27
boat 0.514210 30.17 19.10 47.98 36.95
dog 0.514130 170.35 198.66 199.83 224.00
dog 0.514119 159.66 191.15 174.85 210.69
dog 0.514082 156.00 115.58 186.09 158.73
aeroplane 0.514017 53.90 142.14 181.49 223.29
boat 0.513957 152.97 27.58 180.28 69.28
boat 0.513954 23.51 78.34 60.41 106.82
boat 0.513851 56.33 11.41 74.63 33.22
boat 0.513848 97.80 47.88 112.86 77.04
sheep 0.513783 172.99 42.43 199.95 78.32
aeroplane 0.513781 111.06 206.76 134.15 224.00
aeroplane 0.513725 127.26 181.29 141.53 205.16
boat 0.513534 63.55 115.84 94.72 147.88
boat 0.513453 23.40 67.87 48.24 92.36
boat 0.513451 46.52 23.57 66.29 44.17
boat 0.513365 111.14 47.33 125.30 75.83
boat 0.513318 23.68 16.64 38.20 31.93
aeroplane 0.513254 126.64 193.33 140.75 210.17
dog 0.513208 168.75 188.81 188.74 210.31
sheep 0.513158 87.14 151.37 200.11 224.00
boat 0.513149 78.60 48.21 106.15 77.10
car 0.513147 26.16 180.44 64.75 203.95
boat 0.513133 15.40 14.70 27.64 31.73
boat 0.513034 44.38 9.83 64.65 30.03
boat 0.512944 31.47 68.36 58.53 92.61
boat 0.512843 176.57 83.67 201.93 111.54
sheep 0.512778 136.37 207.30 158.30 224.00
sheep 0.512762 183.20 194.65 210.70 224.00
sheep 0.512760 156.00 117.86 183.04 161.43
boat 0.512736 22.24 2.35 39.47 20.28
boat 0.512700 48.41 0.00 121.07 49.80
boat 0.512586 62.03 16.00 168.27 110.22
aeroplane 0.512568 148.73 150.63 166.48 187.38
boat 0.512551 37.65 0.00 64.51 16.58
bus 0.512520 38.53 40.83 162.00 158.97
boat 0.512376 15.04 2.65 29.71 21.92
dog 0.512239 155.66 123.86 177.14 167.05
sheep 0.512211 122.15 206.84 144.96 224.00
car 0.512171 115.32 35.76 131.20 62.86
boat 0.512170 134.78 34.19 165.17 64.23
sofa 0.512163 170.11 127.03 202.73 169.64
aeroplane 0.511699 152.64 134.29 171.30 174.26
dog 0.511617 144.21 206.32 165.68 224.00
boat 0.511551 26.85 43.82 145.37 154.98
boat 0.511470 66.49 0.00 150.82 58.29
sofa 0.511053 162.39 130.06 187.12 171.20
boat 0.511034 51.79 12.53 137.13 103.85
boat 0.510768 23.85 4.01 111.93 97.96
dog 0.510740 153.48 204.34 177.48 224.00
sofa 0.510549 160.19 146.71 180.63 184.80
dog 0.510531 161.49 201.19 189.94 224.00
sofa 0.509664 169.72 142.30 197.13 181.89
