person 0.689166 157.11 55.10 215.93 211.73
person 0.628768 137.18 67.65 199.93 216.94
person 0.584972 122.34 67.23 182.06 214.31
person 0.581678 126.17 95.35 149.97 196.38
person 0.581354 40.29 70.33 129.38 224.00
person 0.575885 169.80 74.76 223.81 219.06
person 0.575543 87.95 116.55 140.64 185.03
chair 0.571370 167.91 68.92 210.32 185.58
person 0.570787 110.58 98.06 148.93 194.50
bus 0.569284 146.26 37.34 206.76 107.81
person 0.569087 172.79 94.29 207.92 202.15
car 0.569011 0.00 116.01 15.54 151.58
person 0.567965 62.24 73.46 167.63 221.10
car 0.565999 0.00 125.02 14.11 170.09
bus 0.563990 161.85 56.00 218.18 169.22
car 0.560675 197.35 5.91 222.82 36.72
train 0.560487 173.69 12.74 221.40 38.92
person 0.560473 168.62 48.09 217.37 164.21
person 0.559609 0.00 144.25 66.88 218.06
car 0.559237 0.00 104.79 16.25 138.15
person 0.557747 171.94 27.00 224.00 189.32
car 0.556751 184.65 7.85 218.89 34.37
person 0.556509 0.00 148.81 46.80 208.00
car 0.556187 0.00 133.48 15.98 189.61
person 0.555045 130.88 100.40 157.81 207.57
car 0.554444 0.00 111.83 19.13 144.35
sofa 0.554427 217.89 41.94 224.00 107.71
car 0.553957 15.52 144.59 132.32 224.00
person 0.553888 161.73 104.24 193.61 210.43
person 0.553439 148.90 105.80 182.36 212.11
person 0.553404 133.95 95.93 152.84 181.18
car 0.552095 0.00 100.19 18.90 130.02
car 0.551622 0.00 142.47 59.24 209.81
person 0.551262 70.20 111.32 121.43 192.08
person 0.551040 154.00 42.59 214.38 143.17
person 0.550442 107.42 54.54 177.39 191.28
car 0.549792 0.52 170.80 97.51 224.00
person 0.549748 135.89 103.05 167.70 210.17
person 0.548410 214.57 46.54 224.00 121.03
car 0.548383 0.24 139.36 21.49 197.86
bottle 0.548368 166.71 117.39 195.22 214.92
person 0.548365 132.06 98.15 148.00 172.92
bus 0.547862 218.86 38.41 223.48 104.53
person 0.547822 163.47 73.84 210.54 185.18
car 0.547357 3.71 155.43 85.70 215.88
person 0.547150 17.69 109.16 140.94 224.00
person 0.547120 109.21 94.30 195.61 224.00
bottle 0.546730 132.98 108.26 157.89 210.53
person 0.546549 211.08 53.21 224.00 134.80
person 0.546143 5.61 145.13 40.81 195.90
train 0.545861 166.47 4.12 219.27 44.07
bottle 0.545664 137.08 110.03 167.80 213.93
person 0.545573 59.70 117.97 113.23 204.87
chair 0.545560 208.65 59.89 224.00 143.69
car 0.545156 0.00 149.78 30.16 202.72
person 0.545036 151.13 82.40 189.75 182.74
tvmonitor 0.544905 159.49 59.99 221.41 165.83
person 0.544313 71.97 52.56 142.07 187.11
car 0.544092 57.99 206.68 111.09 224.00
bottle 0.543942 148.09 120.77 179.15 215.43
car 0.543600 73.80 6.43 138.73 52.34
train 0.543329 218.44 30.41 223.05 95.50
chair 0.543114 164.23 92.59 202.17 199.22
car 0.542730 103.94 10.34 180.71 35.23
chair 0.542078 185.09 52.81 224.00 153.76
person 0.542076 209.98 115.56 224.00 189.49
horse 0.541945 57.84 119.13 117.36 205.99
person 0.541721 16.61 146.84 78.11 212.89
horse 0.541559 32.12 130.86 98.83 208.78
car 0.540800 202.23 6.53 221.32 47.88
car 0.540423 43.76 58.85 103.16 128.61
bottle 0.540375 174.33 118.91 208.27 213.11
person 0.539814 0.00 135.15 26.49 192.52
train 0.539422 215.89 20.20 222.44 77.63
person 0.539291 139.45 91.66 162.67 181.39
bottle 0.539154 128.70 127.73 151.52 208.68
train 0.539066 160.38 20.67 213.89 75.17
car 0.539030 114.18 28.36 177.78 96.32
chair 0.538911 207.69 111.72 224.00 186.41
person 0.538778 14.45 148.96 57.77 204.21
person 0.538761 81.60 129.50 124.92 192.68
horse 0.538554 15.24 145.63 85.92 215.85
person 0.538292 134.99 52.77 197.69 158.75
car 0.537794 15.44 0.00 44.69 18.83
person 0.537652 180.72 42.38 218.12 138.40
person 0.537620 34.68 136.90 89.47 203.87
car 0.537454 0.00 23.35 37.75 137.15
person 0.537396 153.49 101.24 208.47 224.00
car 0.537236 16.33 193.25 86.81 224.00
person 0.537198 118.82 112.75 146.86 202.09
bottle 0.537184 162.31 130.48 186.83 216.75
bus 0.537148 96.16 60.23 154.11 94.16
person 0.537110 51.08 49.07 122.65 190.07
train 0.536647 165.48 13.33 217.79 58.06
person 0.536599 10.98 139.69 38.19 179.41
person 0.536488 52.57 67.92 106.76 130.28
person 0.536486 195.29 47.43 224.00 143.45
car 0.536278 0.00 0.00 24.27 22.23
bus 0.535968 113.54 31.30 179.66 95.23
car 0.535630 41.25 199.82 98.58 224.00
train 0.535550 209.11 12.64 221.17 59.90
person 0.535395 125.27 101.69 144.76 174.53
train 0.535038 147.60 27.48 208.52 95.42
person 0.534882 0.00 20.02 93.90 198.69
chair 0.534728 209.19 89.93 224.00 169.03
person 0.534636 69.39 80.23 108.97 140.26
person 0.534313 209.70 204.77 224.00 224.00
person 0.534157 82.22 208.16 125.53 224.00
chair 0.534080 184.56 105.12 220.33 192.69
car 0.533708 94.87 10.79 174.48 49.29
car 0.533286 96.55 17.63 179.12 73.56
person 0.532895 46.93 129.67 156.34 224.00
person 0.532881 128.89 208.55 162.65 224.00
bus 0.532741 101.20 51.25 161.51 88.46
diningtable 0.532740 94.76 63.29 148.27 99.41
person 0.532707 118.39 207.60 153.31 224.00
car 0.532525 1.15 119.84 25.58 149.66
person 0.532416 48.73 65.42 94.20 107.14
person 0.532314 152.77 66.83 203.63 158.31
car 0.532269 70.32 4.85 106.92 45.14
person 0.532203 0.00 72.35 104.54 224.00
bottle 0.532137 135.93 146.80 157.60 212.74
car 0.532056 94.58 0.00 173.50 30.64
car 0.532048 2.95 126.07 25.76 157.83
car 0.532007 0.00 204.57 35.09 224.00
car 0.532006 0.00 27.85 66.38 144.59
car 0.531926 0.00 201.40 21.80 224.00
person 0.531761 0.00 0.00 88.85 143.01
car 0.531650 89.25 0.00 185.47 62.93
person 0.531626 96.86 208.67 132.79 224.00
person 0.531489 44.57 67.63 72.77 100.28
person 0.531268 137.96 209.15 171.44 224.00
person 0.530962 215.66 128.40 224.00 201.05
person 0.530931 67.05 91.89 99.84 155.46
car 0.530894 12.65 132.36 35.98 160.37
person 0.530869 107.58 117.22 137.58 196.82
sofa 0.530774 96.68 56.52 153.38 89.92
car 0.530765 4.42 132.65 28.45 174.25
person 0.530734 109.02 206.97 145.66 224.00
bottle 0.530686 141.03 142.77 165.82 214.01
person 0.530627 185.62 0.00 224.00 56.60
car 0.530491 49.18 77.20 87.38 122.02
person 0.530448 103.69 105.89 138.04 172.97
car 0.530381 83.96 17.23 130.29 65.62
person 0.530161 143.81 84.85 166.98 165.62
person 0.530131 119.48 48.08 183.62 141.22
sofa 0.530117 211.27 41.15 224.00 114.60
person 0.529820 75.05 18.85 154.63 161.44
person 0.529810 146.68 209.04 180.75 224.00
person 0.529749 54.49 205.36 109.37 224.00
person 0.529711 76.87 96.19 108.96 157.21
person 0.529658 57.83 157.90 107.80 219.23
car 0.529658 0.00 59.48 22.24 87.63
car 0.529604 61.16 178.38 106.36 224.00
person 0.529592 0.00 53.51 23.09 79.53
person 0.529449 51.06 131.74 89.83 188.77
car 0.529306 0.00 0.00 39.68 44.37
bus 0.529297 154.08 31.53 218.35 96.86
person 0.529224 73.83 74.09 116.16 131.18
person 0.528803 0.90 44.32 21.47 67.78
tvmonitor 0.528624 151.57 56.69 206.15 136.26
person 0.528518 219.11 142.94 224.00 208.13
person 0.528503 52.47 80.29 90.47 132.45
car 0.528355 49.10 87.41 80.09 128.23
person 0.528259 33.26 142.31 74.78 194.44
car 0.528123 110.83 0.00 181.37 24.36
person 0.527956 147.37 0.00 218.12 161.61
person 0.527808 196.09 207.48 224.00 224.00
car 0.527755 34.67 183.34 95.62 224.00
car 0.527738 26.38 0.00 56.78 18.23
train 0.527708 150.72 6.63 215.23 52.41
person 0.527603 80.93 66.75 120.39 120.13
car 0.527595 103.88 35.48 167.48 87.47
sofa 0.527595 186.22 38.44 215.66 113.69
car 0.527548 5.23 205.29 48.55 224.00
car 0.527477 8.50 131.07 95.05 205.10
motorbike 0.527458 51.22 202.95 108.24 224.00
car 0.527409 24.18 94.95 46.84 120.24
person 0.527324 130.72 44.23 194.75 118.55
person 0.527231 70.26 113.95 100.71 175.50
person 0.527157 155.51 208.84 190.73 224.00
car 0.527016 44.33 84.56 73.54 118.52
bottle 0.527009 172.37 146.74 191.99 214.75
chair 0.526975 178.57 149.57 198.63 214.80
person 0.526953 88.65 105.33 126.88 164.66
car 0.526923 37.24 89.01 57.86 118.43
person 0.526920 185.24 209.50 217.62 224.00
person 0.526887 109.65 0.00 192.27 150.45
person 0.526880 0.86 36.34 20.97 60.46
person 0.526868 26.55 140.67 55.53 182.40
person 0.526865 38.84 67.07 57.55 96.28
car 0.526838 43.09 93.44 68.70 125.37
car 0.526811 49.99 0.00 118.26 40.80
car 0.526796 72.85 1.72 153.28 41.49
car 0.526773 133.25 32.15 210.99 98.88
person 0.526773 162.42 33.17 207.55 103.50
car 0.526751 35.43 97.15 55.82 125.94
dog 0.526687 220.00 158.53 224.00 214.67
car 0.526677 92.78 26.34 155.36 76.06
diningtable 0.526676 88.08 66.56 133.61 112.86
person 0.526576 100.76 43.00 173.02 126.22
person 0.526545 70.85 127.00 106.54 188.84
bottle 0.526543 137.93 165.07 156.01 211.69
horse 0.526519 26.82 155.26 97.88 222.24
person 0.526497 124.58 83.10 148.61 146.20
bus 0.526244 130.18 44.93 195.49 99.79
person 0.526204 81.50 118.69 114.96 177.55
bottle 0.526197 130.34 171.05 147.89 211.33
bottle 0.526037 123.83 156.38 142.39 208.15
car 0.525942 10.01 123.95 34.69 150.48
bottle 0.525926 184.93 142.51 212.24 213.44
diningtable 0.525921 89.15 28.48 130.70 68.98
person 0.525871 56.29 91.09 92.23 151.55
person 0.525766 105.69 134.06 184.66 224.00
chair 0.525708 182.32 82.29 221.50 176.23
horse 0.525409 60.80 157.41 113.44 220.71
car 0.525364 0.00 164.32 24.51 213.69
car 0.525341 0.00 95.65 54.37 194.16
person 0.525206 6.72 45.64 26.04 65.91
car 0.525173 115.33 179.17 133.97 211.15
train 0.525073 185.77 6.25 218.02 42.24
person 0.525037 96.01 0.00 183.57 58.28
person 0.525014 100.14 94.60 136.83 158.38
car 0.525012 30.70 0.00 92.03 36.91
car 0.524989 113.76 190.16 132.81 222.08
car 0.524923 0.00 68.04 20.39 99.49
person 0.524913 142.54 75.84 174.33 152.48
bottle 0.524850 122.86 175.43 140.92 210.97
person 0.524835 39.59 7.71 129.83 153.82
person 0.524819 112.26 138.74 136.21 201.58
person 0.524776 83.83 87.66 122.76 146.86
car 0.524748 161.85 24.13 217.01 79.09
person 0.524729 220.00 182.35 224.00 224.00
person 0.524728 113.86 82.95 144.50 142.48
car 0.524688 22.81 102.20 45.69 128.08
car 0.524666 84.65 11.04 162.63 67.14
person 0.524663 19.12 133.73 43.51 163.63
person 0.524624 175.45 210.94 212.09 224.00
train 0.524590 174.84 0.90 217.93 34.46
diningtable 0.524584 96.95 48.52 152.03 85.06
car 0.524583 0.00 79.35 16.98 113.53
person 0.524437 56.99 111.95 88.73 171.03
bottle 0.524261 138.51 181.63 156.32 213.92
bottle 0.524171 121.86 188.16 139.56 218.13
car 0.524160 21.71 72.27 120.64 188.43
car 0.524117 0.00 0.00 35.46 76.59
person 0.523998 86.24 77.44 130.89 133.58
bottle 0.523902 152.01 152.08 173.76 214.01
person 0.523873 104.83 68.41 147.94 115.95
person 0.523833 4.84 51.84 25.77 73.12
car 0.523806 34.30 0.00 66.32 19.46
person 0.523702 47.19 130.20 76.94 174.30
bottle 0.523636 130.23 185.75 147.18 215.27
boat 0.523600 98.93 0.00 185.62 73.19
boat 0.523587 120.72 30.51 187.67 87.09
horse 0.523571 52.60 177.01 107.85 224.00
car 0.523560 0.00 7.64 51.13 121.39
car 0.523500 9.18 0.00 71.02 37.41
car 0.523452 103.05 192.12 124.46 224.00
person 0.523380 132.67 81.04 157.08 148.87
car 0.523260 51.51 54.26 97.94 112.01
person 0.523215 13.07 111.15 98.97 201.99
car 0.523169 5.85 99.85 32.11 124.50
person 0.523132 31.24 66.49 51.52 91.73
person 0.523115 145.36 33.05 196.46 97.42
person 0.523111 179.77 26.66 223.13 109.67
car 0.523100 15.55 201.68 65.83 224.00
person 0.523091 214.98 195.86 224.00 224.00
car 0.522864 45.80 75.97 77.64 114.00
person 0.522808 46.84 71.86 79.27 110.33
car 0.522808 76.66 10.18 118.23 58.29
person 0.522750 147.91 0.00 209.70 57.05
car 0.522694 115.27 160.96 134.49 206.66
person 0.522689 64.35 60.85 109.08 117.77
person 0.522555 0.00 23.31 16.77 52.34
person 0.522458 53.09 95.28 82.51 146.99
car 0.522350 69.25 14.86 100.56 58.76
person 0.522323 8.90 36.52 26.24 56.80
person 0.522310 60.48 189.35 108.48 224.00
person 0.522258 2.60 62.85 26.84 87.50
person 0.522220 49.26 101.40 73.65 142.04
person 0.522168 29.33 133.25 54.72 168.27
car 0.522139 0.00 181.85 19.19 224.00
person 0.522116 65.56 45.96 136.71 128.43
car 0.521981 35.83 37.09 91.41 113.72
car 0.521858 12.38 57.72 107.66 155.56
bus 0.521808 85.72 41.92 170.34 120.88
person 0.521784 53.34 113.49 80.53 165.92
car 0.521620 101.34 182.29 124.33 212.32
car 0.521571 74.03 26.12 143.93 90.08
bottle 0.521558 114.65 68.58 151.66 119.97
person 0.521542 26.57 44.60 42.61 63.40
diningtable 0.521519 94.16 44.36 132.87 81.17
person 0.521456 48.45 118.22 73.14 161.36
car 0.521384 39.54 80.54 59.56 111.30
person 0.521317 38.89 132.85 69.07 171.52
tvmonitor 0.521259 139.76 63.74 184.04 130.35
person 0.521254 13.73 45.23 33.72 63.70
car 0.521182 6.34 105.82 33.03 132.16
person 0.521173 95.16 142.48 124.87 202.37
car 0.521161 49.24 0.00 80.63 25.08
car 0.521034 19.36 123.46 43.73 151.00
car 0.521018 7.20 114.85 33.42 142.26
bottle 0.520990 144.44 177.05 164.89 214.24
bottle 0.520974 191.22 161.24 211.46 213.09
car 0.520973 26.52 86.11 48.06 112.47
car 0.520947 0.00 69.22 93.38 184.15
person 0.520825 27.32 33.71 41.71 53.13
bottle 0.520797 133.90 196.08 158.08 224.00
car 0.520785 67.30 0.00 102.05 33.54
chair 0.520772 173.36 169.62 192.81 222.48
person 0.520733 0.00 11.32 16.96 40.30
car 0.520617 0.09 95.74 22.51 122.84
car 0.520460 67.89 25.23 96.45 68.46
car 0.520419 57.68 28.57 111.38 99.30
car 0.520412 73.71 0.00 118.47 37.43
car 0.520374 77.19 190.25 115.13 224.00
bottle 0.520364 194.70 181.24 214.02 220.54
diningtable 0.520332 89.82 41.56 121.39 83.22
bottle 0.520173 185.69 175.99 207.56 221.58
car 0.520152 133.51 9.64 200.20 35.78
person 0.520146 68.36 141.13 115.98 207.82
bus 0.520084 119.83 56.17 172.05 105.40
car 0.520019 75.42 20.56 110.34 65.34
car 0.519978 42.72 106.03 65.13 139.08
chair 0.519937 179.28 172.09 199.54 222.22
person 0.519922 7.57 66.24 37.21 88.29
car 0.519852 34.01 108.17 54.19 138.68
car 0.519842 61.11 45.39 99.37 97.81
car 0.519634 26.09 0.00 42.22 22.42
person 0.519624 125.01 3.94 192.53 76.53
person 0.519605 41.21 74.39 59.66 106.55
diningtable 0.519508 88.31 55.29 122.06 100.65
car 0.519490 10.51 0.00 35.62 16.99
person 0.519476 124.43 198.70 148.12 224.00
bottle 0.519432 29.20 12.96 42.15 31.35
car 0.519419 21.13 111.98 44.39 139.85
car 0.519392 60.57 0.00 91.72 31.18
person 0.519367 28.56 54.98 46.43 76.87
person 0.519302 8.83 60.20 37.54 81.13
car 0.519234 113.72 13.50 183.14 62.91
car 0.519228 63.53 6.40 111.91 66.95
bottle 0.519205 141.76 193.78 167.49 224.00
car 0.519168 72.17 180.48 114.83 216.58
train 0.519152 212.00 31.21 221.54 95.15
car 0.519104 98.96 164.06 124.79 206.82
person 0.519090 29.20 22.28 41.61 41.69
person 0.519065 11.13 53.36 35.06 73.20
car 0.519034 31.11 121.47 54.18 153.40
person 0.519019 16.85 34.74 33.65 54.40
person 0.518988 36.40 45.67 49.45 65.63
bottle 0.518961 164.80 168.66 186.15 221.52
bottle 0.518913 125.84 67.57 164.17 125.01
person 0.518863 38.04 57.27 52.57 81.77
train 0.518569 177.76 29.09 214.78 92.37
person 0.518561 36.21 34.41 48.93 53.09
car 0.518530 40.70 121.23 66.06 157.29
car 0.518481 140.27 0.00 194.90 25.21
car 0.518375 40.72 9.93 87.51 78.28
car 0.518363 63.98 38.50 94.71 87.09
person 0.518210 44.98 57.02 60.68 83.74
diningtable 0.518183 74.42 40.82 110.88 88.72
person 0.518096 114.93 200.27 139.85 224.00
car 0.517972 79.75 27.57 116.66 72.95
car 0.517917 136.65 20.00 202.24 73.35
boat 0.517882 3.26 11.26 21.88 34.69
person 0.517744 106.97 202.04 133.29 224.00
bottle 0.517650 197.40 136.35 220.84 208.29
car 0.517227 160.05 0.00 210.29 30.43
car 0.517176 70.47 32.31 103.79 80.40
train 0.517144 206.13 18.43 220.16 73.79
sheep 0.517141 34.49 13.38 48.31 33.29
sheep 0.516978 35.56 22.88 48.13 42.55
car 0.516887 6.65 93.81 31.36 118.61
train 0.516848 194.27 10.52 217.76 52.78
person 0.516777 44.82 44.62 57.72 66.49
person 0.516764 29.99 77.52 49.05 106.17
person 0.516693 166.74 0.00 217.56 71.83
bottle 0.516585 149.92 192.41 178.65 224.00
bottle 0.516562 203.85 154.56 219.79 212.77
person 0.516481 11.98 24.23 26.98 43.76
car 0.516439 58.17 1.54 82.54 35.35
person 0.516142 31.39 0.00 48.20 24.50
person 0.516084 22.44 22.01 35.02 41.35
boat 0.515938 4.89 0.00 24.79 22.15
bottle 0.515912 208.02 184.42 219.08 220.29
dog 0.515873 44.73 33.09 58.03 53.81
car 0.515570 1.77 181.60 45.96 224.00
person 0.515560 201.81 199.79 219.74 224.00
car 0.515082 8.05 72.54 34.15 98.04
bottle 0.514980 22.75 0.00 36.63 20.00
car 0.514881 134.30 13.08 199.97 58.28
dog 0.514816 44.28 21.32 58.27 44.68
dog 0.514787 43.00 11.83 59.19 35.74
bottle 0.514787 24.85 11.28 36.17 28.72
person 0.514624 54.16 50.07 86.19 84.67
car 0.514544 1.81 0.00 65.05 58.68
bottle 0.514359 208.13 169.65 218.54 213.98
bottle 0.514268 159.74 194.95 189.67 224.00
person 0.514266 39.80 0.00 60.12 27.43
car 0.514102 11.42 181.45 67.55 224.00
car 0.513951 60.00 9.07 84.82 42.17
person 0.513723 166.43 199.21 197.79 224.00
boat 0.513676 14.86 11.79 28.72 29.19
person 0.513552 189.75 202.73 214.91 224.00
car 0.513190 58.14 25.90 86.54 57.28
car 0.513125 56.76 36.59 85.63 67.44
boat 0.512885 14.65 0.00 30.47 20.00
car 0.512406 7.58 83.28 31.70 111.31
person 0.511832 179.01 203.72 210.02 224.00
