car 0.658317 0.00 27.66 213.20 192.95
train 0.578167 0.00 30.23 208.93 168.79
person 0.562752 206.20 46.80 223.00 171.59
car 0.552935 82.77 179.12 102.51 201.45
person 0.548209 200.17 73.92 224.00 192.19
person 0.546601 216.56 32.57 224.00 70.34
car 0.543590 47.76 181.86 72.02 209.58
person 0.542257 100.88 44.95 213.16 166.37
car 0.541051 10.45 76.73 165.50 211.53
car 0.538649 0.00 38.82 9.07 76.69
person 0.538294 204.73 21.02 224.00 144.63
person 0.538018 197.47 43.98 222.16 166.41
cow 0.537542 38.77 88.03 60.89 115.81
car 0.537476 0.00 21.49 10.49 54.48
person 0.537363 0.00 53.71 8.58 96.36
car 0.536755 84.41 185.60 104.74 204.30
pottedplant 0.536482 0.00 16.21 11.24 49.29
person 0.536394 185.88 103.00 224.00 223.88
person 0.536325 81.86 174.95 101.55 197.17
bottle 0.536308 217.12 24.23 224.00 65.39
person 0.536288 91.92 210.29 122.78 224.00
person 0.536180 165.24 46.25 214.09 163.20
person 0.536027 215.90 94.37 224.00 154.46
dog 0.535691 204.66 208.47 224.00 224.00
person 0.535459 76.90 206.09 109.87 224.00
person 0.535442 83.50 208.74 115.84 224.00
person 0.535435 159.07 94.36 168.13 119.75
car 0.535288 29.48 60.18 224.00 224.00
person 0.534512 159.31 99.73 168.19 128.38
motorbike 0.534246 0.00 208.49 32.93 224.00
person 0.534198 0.00 205.14 21.23 224.00
car 0.534033 195.70 0.00 224.00 64.35
person 0.534029 220.00 74.24 224.00 127.62
person 0.533765 98.97 211.14 131.29 224.00
person 0.533695 47.01 201.36 81.25 224.00
dog 0.533573 194.68 211.37 224.00 224.00
cow 0.533471 35.10 82.23 56.40 110.40
person 0.533384 0.00 69.15 8.69 111.12
person 0.533311 0.00 162.32 34.91 224.00
person 0.533176 56.44 203.74 90.65 224.00
person 0.532788 158.83 105.29 168.52 136.17
person 0.532633 217.09 40.20 224.00 83.35
car 0.532419 0.00 43.19 29.58 152.41
person 0.532382 92.75 85.06 107.58 103.64
person 0.532260 0.00 0.00 38.62 44.45
car 0.532209 58.94 180.73 84.83 204.53
car 0.532118 26.16 150.91 145.96 224.00
person 0.532002 158.04 111.00 169.35 142.03
motorbike 0.531875 38.79 200.57 74.76 224.00
person 0.531820 189.82 66.96 221.26 182.91
car 0.531776 10.02 145.99 30.57 170.00
person 0.531761 85.69 84.20 98.71 104.53
person 0.531713 0.00 0.00 17.50 28.80
person 0.531679 0.00 122.89 24.22 224.00
person 0.531588 82.34 156.90 98.81 177.10
person 0.531489 68.90 81.36 83.98 105.91
person 0.531318 93.87 45.44 108.27 62.86
person 0.531138 197.83 98.81 217.13 158.48
person 0.531063 122.59 210.71 155.71 224.00
dog 0.531037 180.19 210.78 214.00 224.00
car 0.530938 35.35 51.57 52.94 69.42
person 0.530875 219.33 59.20 224.00 110.67
person 0.530772 82.61 166.68 99.77 189.23
person 0.530617 77.93 82.89 90.21 105.03
person 0.530605 127.34 115.75 139.82 139.16
car 0.530579 3.77 146.30 26.51 170.97
person 0.530299 166.33 153.04 224.00 224.00
person 0.530216 158.78 88.89 168.38 111.73
person 0.530210 90.92 77.59 107.72 96.82
car 0.530125 34.32 44.81 53.19 63.32
bottle 0.530120 200.72 0.00 224.00 97.59
car 0.530019 41.43 52.83 58.94 69.72
car 0.529650 0.00 25.51 16.38 51.49
person 0.529604 218.26 49.41 224.00 97.06
person 0.529579 84.80 77.13 98.89 97.84
person 0.529493 98.93 45.50 113.61 61.50
dog 0.529465 218.41 18.04 223.90 60.39
person 0.529365 170.33 108.06 190.06 153.50
person 0.529326 0.00 93.95 34.40 214.08
person 0.529319 78.10 154.82 92.64 176.63
dog 0.529108 212.20 0.00 224.00 29.81
person 0.529021 0.00 166.71 56.86 224.00
person 0.528988 93.76 90.35 107.02 109.25
person 0.528968 128.38 122.08 139.02 143.26
dog 0.528823 162.56 210.64 197.70 224.00
person 0.528788 161.74 106.40 176.44 145.50
pottedplant 0.528758 0.23 20.37 16.69 46.32
car 0.528741 0.00 142.72 13.84 174.83
person 0.528705 163.04 91.35 174.21 118.66
sheep 0.528644 92.21 38.20 108.70 58.31
person 0.528624 127.95 85.78 140.18 105.53
bottle 0.528541 121.07 116.58 134.13 138.97
car 0.528520 11.49 126.56 163.37 224.00
person 0.528336 129.26 91.08 139.77 111.26
person 0.528311 156.00 94.61 166.10 120.80
person 0.528207 54.17 82.36 76.76 109.41
pottedplant 0.528092 85.50 125.81 97.24 143.04
person 0.528068 98.53 85.41 113.32 103.57
dog 0.528017 144.89 212.24 179.64 224.00
person 0.527965 182.10 106.12 203.19 154.22
person 0.527915 0.00 88.06 7.93 124.60
person 0.527913 136.70 212.18 170.00 224.00
bottle 0.527791 210.40 28.35 221.99 66.00
motorbike 0.527661 196.08 110.44 217.13 166.66
pottedplant 0.527661 0.00 0.00 14.17 36.71
person 0.527652 100.26 91.15 113.17 109.45
person 0.527649 77.85 75.93 90.41 98.30
person 0.527620 69.16 74.11 84.01 98.54
dog 0.527586 7.19 34.85 183.18 173.79
dog 0.527573 219.27 7.57 224.00 48.24
car 0.527545 38.17 51.41 214.60 171.88
person 0.527485 213.88 104.92 224.00 163.82
person 0.527467 207.76 96.60 224.00 157.70
pottedplant 0.527392 79.30 124.17 90.25 143.34
car 0.527379 26.73 43.79 44.46 61.94
car 0.527321 15.68 143.71 36.62 170.43
cow 0.527281 43.05 88.93 66.69 117.50
person 0.527139 0.00 18.55 23.12 119.68
sheep 0.526945 35.36 74.03 56.43 102.21
person 0.526889 95.58 50.73 107.39 66.43
person 0.526832 82.46 183.48 103.85 209.24
person 0.526804 13.67 163.75 95.22 224.00
car 0.526803 28.43 49.99 44.52 67.94
person 0.526670 210.63 32.45 221.97 67.52
car 0.526643 0.00 62.09 41.21 183.75
person 0.526629 77.96 164.44 94.64 189.79
bottle 0.526619 164.61 6.04 208.09 130.16
bottle 0.526603 122.91 122.75 133.51 143.03
car 0.526602 7.37 40.49 149.61 171.09
cow 0.526574 38.69 96.62 62.23 126.26
car 0.526548 40.49 45.36 59.04 63.17
sheep 0.526531 33.67 140.85 52.59 170.30
sheep 0.526517 97.52 38.83 114.03 57.26
car 0.526417 33.09 37.01 52.26 55.58
car 0.526392 19.52 28.02 37.00 48.04
person 0.526334 156.00 112.39 165.25 141.72
bottle 0.526329 128.37 107.24 139.65 132.42
car 0.526324 25.75 36.26 43.80 54.34
person 0.526317 108.03 159.67 219.72 224.00
person 0.526277 92.13 66.53 107.33 86.36
person 0.526272 156.27 122.47 170.98 152.21
sheep 0.526245 86.90 46.35 99.98 63.03
pottedplant 0.526231 85.58 132.59 96.25 149.33
person 0.526089 83.19 148.22 97.69 167.29
person 0.526063 161.69 116.50 179.72 156.03
person 0.526031 156.00 99.94 165.60 129.74
person 0.526029 25.46 28.74 43.63 47.27
sheep 0.526021 59.41 45.93 75.53 63.55
pottedplant 0.525963 84.93 117.77 98.10 137.60
dog 0.525884 220.00 151.89 224.00 195.59
car 0.525749 11.63 28.18 29.72 48.44
bottle 0.525694 164.13 99.63 222.45 218.66
pottedplant 0.525608 78.45 116.35 90.68 137.97
cow 0.525559 63.41 142.06 77.12 167.68
person 0.525507 162.95 85.98 174.10 110.46
pottedplant 0.525477 71.09 121.09 83.66 143.17
person 0.525423 86.86 88.45 98.09 109.30
sheep 0.525407 32.09 132.08 53.00 164.61
motorbike 0.525349 64.91 172.34 198.88 224.00
person 0.525347 155.71 89.71 165.99 113.55
sheep 0.525261 41.50 141.70 60.53 169.39
sheep 0.525233 41.51 57.16 58.48 74.79
boat 0.525206 99.23 11.60 115.64 28.74
sheep 0.525196 60.80 52.63 75.21 68.77
person 0.525194 79.88 146.38 91.89 166.93
sheep 0.525191 58.20 116.65 76.79 144.27
person 0.525175 120.13 91.01 131.85 111.15
person 0.525136 69.09 153.16 84.02 175.55
person 0.525119 0.00 111.96 59.18 224.00
car 0.525101 0.00 0.00 66.59 39.07
person 0.525067 95.81 77.59 113.27 96.66
pottedplant 0.525031 61.65 150.68 76.36 177.49
pottedplant 0.524999 81.10 130.32 89.69 148.79
car 0.524966 160.09 0.00 210.29 58.04
sheep 0.524950 68.68 46.38 81.47 63.01
dog 0.524948 216.73 0.00 224.00 38.22
person 0.524854 87.00 66.00 98.35 86.65
person 0.524756 70.04 112.65 83.83 136.79
person 0.524732 99.73 50.64 112.92 65.31
car 0.524721 38.28 185.49 65.30 211.13
sheep 0.524669 19.27 20.54 36.51 41.74
person 0.524632 130.07 97.93 139.03 121.60
pottedplant 0.524626 93.05 126.33 104.32 142.01
bottle 0.524608 92.42 118.39 105.44 136.28
person 0.524597 192.91 103.26 213.11 156.75
bottle 0.524496 110.19 118.24 122.70 137.23
car 0.524491 126.67 46.10 137.66 61.65
sheep 0.524479 133.78 186.85 147.34 207.00
person 0.524449 0.00 185.31 11.42 224.00
sheep 0.524435 51.16 142.18 68.04 168.68
sheep 0.524419 49.07 53.72 65.46 69.67
person 0.524402 134.48 115.78 144.93 137.89
pottedplant 0.524400 71.13 144.48 83.53 166.08
person 0.524398 118.30 86.10 131.69 105.67
person 0.524395 80.36 191.87 105.24 224.00
car 0.524390 11.20 21.36 29.13 43.13
person 0.524371 135.82 87.23 147.37 104.61
person 0.524335 201.71 89.39 218.15 148.97
person 0.524331 105.72 45.27 119.55 61.82
cow 0.524323 31.91 88.65 52.94 115.56
person 0.524317 55.09 74.02 76.77 101.30
person 0.524315 130.25 127.26 137.74 147.97
sheep 0.524249 38.86 131.93 60.94 162.26
person 0.524238 158.88 80.36 168.28 102.49
person 0.524224 155.14 123.63 163.27 148.95
person 0.524193 169.59 99.14 187.70 142.82
person 0.524163 79.54 86.83 89.99 109.44
person 0.524131 94.90 55.99 106.58 73.25
person 0.524108 94.05 97.54 106.71 118.33
car 0.524088 20.49 34.63 36.48 54.06
sheep 0.524024 134.25 180.13 146.69 198.53
person 0.523948 42.31 83.13 66.70 110.97
car 0.523919 21.50 40.81 36.29 61.12
person 0.523916 52.61 108.21 75.95 136.54
bottle 0.523892 193.56 5.62 224.00 130.14
diningtable 0.523887 0.00 189.06 22.66 224.00
sheep 0.523862 62.71 124.08 76.93 151.03
cow 0.523857 52.85 149.54 68.03 178.82
sheep 0.523808 64.45 132.74 76.95 159.14
sheep 0.523786 32.24 29.09 51.46 47.43
bottle 0.523771 121.15 107.65 133.47 131.96
bottle 0.523763 92.91 108.27 106.85 129.09
person 0.523760 84.58 139.76 95.58 157.81
sheep 0.523690 25.17 20.74 42.96 40.29
cow 0.523687 39.02 110.51 62.71 142.17
car 0.523663 125.86 106.06 215.18 219.21
bottle 0.523630 112.46 124.74 123.00 141.67
cow 0.523628 34.64 146.04 53.41 178.15
car 0.523626 19.55 141.11 43.53 170.44
sheep 0.523593 116.62 45.43 129.70 62.19
car 0.523588 22.71 46.70 36.88 68.05
person 0.523571 135.52 122.12 144.38 142.42
sheep 0.523446 84.91 38.88 100.21 58.89
sheep 0.523392 78.33 47.70 90.79 62.27
boat 0.523374 105.22 12.20 121.77 28.04
person 0.523319 160.43 60.35 168.85 77.17
person 0.523317 148.00 114.24 158.96 138.27
car 0.523263 17.14 93.64 124.77 218.72
car 0.523199 1.26 35.86 15.29 64.01
sheep 0.523182 85.45 106.43 98.45 130.44
sheep 0.523147 132.81 193.63 149.52 219.41
person 0.523121 108.25 91.09 119.82 109.97
person 0.523094 71.14 63.88 81.99 86.77
bottle 0.523056 100.71 118.54 112.86 136.35
motorbike 0.523028 180.71 112.68 202.10 162.96
sheep 0.522992 36.86 54.93 53.78 73.83
boat 0.522981 124.81 40.02 137.76 56.10
person 0.522972 160.13 69.67 168.44 90.20
sheep 0.522967 140.17 180.21 154.31 198.06
sheep 0.522953 70.62 52.25 81.20 67.21
pottedplant 0.522952 72.65 127.67 82.65 148.84
person 0.522949 136.83 92.29 146.34 110.45
sheep 0.522942 39.88 64.53 59.15 89.40
sheep 0.522918 47.57 46.56 65.56 63.54
sheep 0.522916 139.15 187.39 154.27 206.27
bottle 0.522913 127.92 77.56 140.74 98.48
person 0.522910 148.00 120.18 157.98 142.09
person 0.522892 89.18 51.55 99.25 66.53
person 0.522885 0.00 0.00 29.88 64.73
person 0.522855 71.15 92.04 82.31 118.01
dog 0.522855 161.61 162.14 179.94 185.40
car 0.522855 0.13 41.74 14.66 73.08
person 0.522842 81.64 137.12 90.06 156.86
person 0.522834 148.00 94.01 160.75 114.38
sheep 0.522830 162.84 170.65 180.07 192.50
car 0.522812 134.58 47.57 144.38 61.43
motorbike 0.522807 12.45 208.02 54.23 224.00
sheep 0.522782 36.86 62.34 54.89 88.07
sheep 0.522743 18.38 12.21 36.23 36.65
sheep 0.522732 23.62 12.14 42.54 34.80
dog 0.522725 217.47 127.21 224.00 181.34
person 0.522718 50.31 92.26 73.66 120.16
sheep 0.522684 59.11 37.23 76.79 58.00
person 0.522673 61.09 56.59 74.51 75.61
person 0.522672 80.19 65.24 89.18 86.77
sheep 0.522664 47.74 132.14 67.46 160.88
bottle 0.522637 102.17 125.74 112.71 141.45
car 0.522613 74.12 0.00 177.25 54.87
person 0.522596 71.99 55.64 81.06 73.82
person 0.522575 169.64 94.40 185.05 128.48
person 0.522569 169.16 89.11 183.75 117.37
person 0.522565 7.35 69.67 110.76 206.04
person 0.522529 201.12 35.83 214.80 66.94
car 0.522513 136.70 0.00 198.21 54.51
person 0.522489 155.11 163.81 171.16 183.62
boat 0.522483 174.38 0.00 203.60 19.83
person 0.522478 95.98 67.37 112.79 87.41
person 0.522475 70.32 101.79 82.62 128.19
cow 0.522455 37.64 100.73 58.18 132.71
person 0.522420 150.82 66.98 214.96 174.90
person 0.522415 147.13 89.40 160.09 108.66
bottle 0.522344 124.00 127.62 132.26 147.57
motorbike 0.522342 29.23 202.59 66.25 224.00
person 0.522341 148.75 164.11 162.36 181.89
cow 0.522310 43.71 148.21 60.71 178.83
diningtable 0.522230 0.00 202.95 29.09 224.00
person 0.522195 1.17 88.11 80.45 214.07
person 0.522187 141.20 172.40 154.11 189.46
person 0.522154 89.68 55.73 98.56 72.96
motorbike 0.522146 191.36 111.89 210.45 165.28
person 0.522133 155.47 171.88 171.07 191.04
boat 0.522114 166.41 0.00 195.75 19.27
person 0.522071 134.65 172.70 145.81 189.58
person 0.522043 105.98 85.55 119.60 104.55
cow 0.522043 20.32 83.12 42.80 109.75
boat 0.522028 44.71 187.59 70.66 220.89
sheep 0.522008 113.75 40.11 129.23 56.89
car 0.521992 0.00 0.00 24.92 27.59
car 0.521938 60.36 174.75 85.22 199.09
person 0.521925 147.91 172.43 162.36 189.75
sheep 0.521885 38.94 37.52 58.48 55.53
person 0.521870 101.23 98.62 112.69 118.84
pottedplant 0.521842 72.79 134.74 82.51 156.71
sheep 0.521841 38.55 119.58 61.88 152.47
boat 0.521826 93.53 10.12 110.10 27.84
cow 0.521817 30.41 73.94 49.36 101.95
dog 0.521816 200.74 31.13 216.11 63.84
sheep 0.521796 68.22 38.22 82.31 58.51
dog 0.521766 211.28 24.51 221.87 64.09
sheep 0.521766 78.62 104.79 89.52 129.73
person 0.521725 49.46 98.89 74.07 127.86
person 0.521725 0.00 177.47 19.57 217.26
sheep 0.521716 197.05 124.44 217.33 175.31
person 0.521687 58.69 63.62 75.44 88.75
aeroplane 0.521672 131.04 8.69 146.78 28.87
person 0.521631 86.92 95.06 98.00 118.53
sheep 0.521621 103.39 39.61 119.69 56.91
bottle 0.521621 121.64 98.21 131.79 121.04
sheep 0.521596 33.99 118.74 55.05 154.94
person 0.521557 0.00 64.72 13.30 100.77
car 0.521534 13.39 34.18 30.31 53.61
cow 0.521508 40.46 104.53 67.55 135.24
sheep 0.521436 10.78 13.97 28.58 38.43
person 0.521422 152.14 55.39 161.61 67.58
sheep 0.521421 137.44 195.47 155.49 219.43
bottle 0.521413 100.55 108.88 113.15 129.02
person 0.521393 0.00 162.36 8.48 212.01
sheep 0.521383 92.23 27.03 109.92 50.55
person 0.521372 168.36 57.43 176.18 76.78
person 0.521355 164.25 77.31 174.40 100.41
car 0.521349 144.22 54.77 151.86 66.37
cow 0.521336 22.37 89.57 43.18 114.24
boat 0.521326 95.40 0.00 123.99 19.01
person 0.521326 142.28 163.98 153.92 181.05
cow 0.521285 51.67 159.94 68.05 194.94
car 0.521274 50.05 174.14 74.30 204.14
person 0.521267 153.91 60.69 161.58 76.53
pottedplant 0.521255 92.45 133.15 103.08 148.64
person 0.521208 195.76 94.75 214.29 146.99
person 0.521170 160.85 53.83 169.32 68.90
person 0.521162 134.57 164.96 145.25 181.26
person 0.521142 98.58 56.51 112.31 74.11
person 0.521137 64.99 163.71 84.00 189.40
sheep 0.521130 31.85 21.40 50.11 39.32
person 0.521111 48.92 58.29 64.97 75.94
car 0.521092 0.30 130.90 24.55 164.69
car 0.521071 0.00 126.46 12.18 164.40
person 0.521069 135.54 107.48 144.71 131.50
sheep 0.521057 126.70 187.02 138.91 205.44
sheep 0.521030 0.00 90.73 15.21 119.20
sheep 0.521010 80.43 52.81 89.67 66.33
person 0.520998 0.00 113.98 9.88 153.62
cow 0.520977 20.02 73.06 40.69 100.78
car 0.520945 141.77 48.90 152.15 60.77
person 0.520945 87.38 158.76 103.49 175.77
person 0.520929 81.75 55.90 89.24 73.10
person 0.520885 87.31 187.51 108.98 205.97
boat 0.520849 22.22 0.00 51.44 19.96
sheep 0.520847 97.84 28.65 115.62 50.24
aeroplane 0.520835 137.59 8.39 154.26 28.35
sheep 0.520831 164.47 178.22 179.54 198.88
dog 0.520804 160.78 147.33 179.39 178.67
boat 0.520800 132.97 40.82 144.74 55.89
boat 0.520793 156.79 0.00 186.89 17.78
boat 0.520741 71.73 0.00 101.23 17.73
aeroplane 0.520723 131.18 0.00 162.20 16.74
sheep 0.520705 76.81 40.01 90.63 58.38
person 0.520653 168.71 83.31 183.29 109.39
person 0.520652 166.52 66.70 175.41 88.38
sheep 0.520635 127.59 180.50 138.19 196.86
person 0.520610 79.72 93.47 89.40 118.18
sheep 0.520594 170.71 186.83 188.34 208.56
boat 0.520587 14.06 0.00 44.15 22.47
boat 0.520587 183.03 0.00 211.41 21.05
sheep 0.520515 125.58 192.71 141.60 217.15
dog 0.520515 203.81 0.00 224.00 26.97
person 0.520514 202.58 77.81 215.92 123.73
person 0.520502 181.21 86.54 199.09 116.55
bottle 0.520459 131.17 133.56 137.05 154.73
bottle 0.520449 91.37 29.58 203.06 154.11
sheep 0.520446 44.37 121.01 67.06 151.79
person 0.520423 148.00 107.13 159.34 132.83
boat 0.520405 123.11 9.38 138.95 28.24
car 0.520401 0.00 103.22 8.21 141.06
person 0.520398 56.73 162.07 74.44 193.16
boat 0.520395 113.08 11.02 129.80 27.43
sheep 0.520376 137.47 52.28 143.46 65.59
boat 0.520357 64.08 0.00 93.14 17.79
person 0.520351 155.03 81.51 164.51 104.75
sheep 0.520327 10.80 94.24 27.79 117.75
sheep 0.520278 129.74 50.14 136.60 65.32
person 0.520273 0.00 48.97 13.58 83.10
boat 0.520260 102.19 0.00 130.93 17.79
person 0.520256 137.37 98.46 144.69 121.05
sheep 0.520237 168.86 169.93 187.86 193.33
person 0.520223 148.00 99.49 159.83 123.96
person 0.520217 0.00 81.31 14.54 113.37
person 0.520183 148.00 125.35 156.36 146.24
person 0.520181 211.87 42.55 221.70 79.43
sheep 0.520142 147.71 179.80 162.05 197.19
person 0.520140 137.20 127.55 143.27 147.29
aeroplane 0.520139 138.52 0.00 169.60 16.08
car 0.520137 24.41 0.00 95.51 37.56
person 0.520124 180.62 80.29 198.53 108.65
bottle 0.520085 109.71 108.89 121.76 129.84
sheep 0.520080 30.08 12.51 48.92 32.81
person 0.520069 154.72 129.67 162.84 154.65
person 0.520048 155.52 150.97 170.99 175.99
person 0.520027 0.00 152.42 9.26 200.03
bottle 0.520009 114.62 129.54 122.37 146.55
sheep 0.520009 46.69 38.26 65.99 56.80
person 0.520005 161.20 131.01 179.64 170.51
boat 0.519998 192.35 0.00 217.43 22.40
person 0.519997 85.86 169.00 103.05 186.80
dog 0.519985 220.00 165.99 224.00 207.44
car 0.519963 14.08 39.32 29.79 60.65
person 0.519949 182.42 92.70 200.77 129.64
sheep 0.519945 99.51 18.08 114.96 37.62
boat 0.519936 0.00 117.46 21.48 152.88
car 0.519919 7.97 130.92 30.85 165.12
person 0.519889 202.37 46.85 214.11 79.56
person 0.519876 136.05 78.88 147.39 98.09
bottle 0.519800 0.00 0.00 20.19 35.32
person 0.519797 89.47 201.18 117.39 224.00
dog 0.519793 1.96 28.17 118.17 139.11
sheep 0.519757 167.51 160.92 187.84 187.36
sheep 0.519747 166.03 184.70 180.18 206.89
person 0.519735 102.89 194.43 123.35 215.64
dog 0.519718 197.81 155.46 214.97 188.64
dog 0.519712 189.31 155.86 208.57 188.93
car 0.519708 104.03 64.83 212.19 170.03
sheep 0.519696 78.10 6.44 95.59 28.19
bottle 0.519690 107.69 142.43 215.74 224.00
person 0.519677 212.00 86.93 224.00 149.01
boat 0.519654 31.21 0.00 58.51 18.03
dog 0.519591 19.55 17.44 156.64 144.10
sheep 0.519588 37.58 29.85 58.08 47.98
sheep 0.519585 11.24 101.05 28.34 125.50
sheep 0.519572 70.23 3.67 87.90 29.56
sheep 0.519563 35.28 153.29 56.66 192.65
bottle 0.519553 103.12 131.47 112.34 147.22
person 0.519549 150.63 152.63 162.20 173.63
person 0.519543 41.35 75.56 65.88 103.42
person 0.519541 169.49 50.28 176.51 68.56
sheep 0.519531 177.33 187.42 198.00 209.96
sheep 0.519531 30.78 60.99 46.70 86.95
boat 0.519514 56.41 0.00 84.67 17.38
person 0.519509 156.44 136.58 171.33 167.16
sheep 0.519508 156.74 179.08 170.72 197.53
sheep 0.519501 20.98 60.61 38.06 87.48
car 0.519478 0.00 98.18 16.19 126.92
aeroplane 0.519473 40.26 189.66 65.94 222.27
person 0.519467 195.65 83.09 211.90 120.04
dog 0.519464 192.31 34.06 210.49 60.02
person 0.519458 37.25 168.85 63.04 207.79
boat 0.519457 5.36 0.00 35.72 24.78
person 0.519443 155.44 70.34 162.66 91.60
boat 0.519422 80.32 0.00 109.76 18.52
sheep 0.519414 176.31 159.30 198.31 188.25
car 0.519404 13.67 45.29 29.86 68.98
sheep 0.519383 21.59 0.00 45.93 27.73
sheep 0.519372 114.79 194.23 133.06 216.03
boat 0.519287 117.49 0.00 148.46 17.00
dog 0.519276 219.45 177.48 224.00 216.07
cow 0.519273 33.23 95.77 54.33 124.93
sheep 0.519232 128.52 155.43 137.35 172.88
sheep 0.519230 115.53 189.09 130.89 205.39
sheep 0.519222 30.60 53.28 45.49 72.73
dog 0.519213 215.83 193.62 224.00 224.00
person 0.519204 128.42 165.31 137.34 180.44
cow 0.519196 45.11 157.37 62.93 195.02
sheep 0.519157 9.20 86.59 28.56 112.67
person 0.519155 115.55 78.39 131.75 99.30
bottle 0.519145 109.95 98.83 120.14 119.53
bottle 0.519137 174.97 26.66 187.63 51.98
car 0.519126 150.72 49.13 161.39 60.99
car 0.519113 49.42 0.00 128.59 46.07
dog 0.519112 174.44 7.24 190.47 36.57
sheep 0.519088 169.82 178.73 187.31 199.60
sheep 0.519067 130.54 64.93 138.62 86.51
car 0.519057 0.00 164.75 19.78 207.54
person 0.519052 103.76 189.49 121.63 207.06
sheep 0.519019 0.00 106.09 18.32 138.01
person 0.518999 107.02 49.74 118.83 65.69
sheep 0.518992 86.67 8.36 103.73 26.90
boat 0.518974 47.53 0.00 74.21 16.91
person 0.518973 194.69 44.22 207.40 69.98
person 0.518890 212.00 74.52 224.00 125.09
cow 0.518883 23.59 98.96 40.93 125.30
cow 0.518876 76.22 189.27 101.92 223.98
person 0.518864 193.61 39.14 208.62 63.32
sheep 0.518808 130.01 143.41 137.27 164.01
sheep 0.518782 23.21 51.98 37.68 75.14
person 0.518769 181.91 71.71 198.41 99.86
horse 0.518758 206.03 110.32 224.00 168.60
sheep 0.518753 119.20 49.24 129.14 65.92
person 0.518753 194.89 50.31 207.41 79.68
person 0.518725 135.07 155.09 144.40 172.77
dog 0.518723 8.03 118.49 30.91 152.55
person 0.518722 147.01 59.14 152.27 73.80
bottle 0.518712 124.00 133.69 131.05 154.88
person 0.518699 128.49 172.97 137.42 187.98
bottle 0.518689 175.48 33.66 185.81 55.78
sheep 0.518677 176.98 168.26 197.13 194.24
person 0.518649 170.48 74.38 183.36 99.27
person 0.518555 45.86 65.31 65.72 90.63
person 0.518553 0.00 146.38 11.29 186.73
bottle 0.518523 160.99 46.53 169.44 62.18
dog 0.518521 168.52 26.43 180.21 51.87
sheep 0.518520 7.51 70.12 28.21 99.22
boat 0.518506 38.82 0.00 65.31 16.84
bottle 0.518502 183.88 34.93 197.55 55.93
boat 0.518500 90.78 0.00 113.99 21.73
sheep 0.518463 147.22 186.51 161.51 204.53
sheep 0.518391 197.89 143.07 217.48 184.24
bottle 0.518382 169.05 34.46 178.73 56.69
person 0.518376 144.29 153.25 153.77 172.36
bottle 0.518365 141.37 132.07 221.83 224.00
boat 0.518365 109.06 0.00 139.41 16.95
car 0.518333 16.26 132.79 106.18 224.00
cow 0.518297 179.90 123.98 200.90 171.93
cow 0.518280 167.95 125.62 188.89 172.22
sheep 0.518269 58.66 26.97 77.28 50.80
dog 0.518232 191.46 123.75 210.66 173.90
aeroplane 0.518228 8.37 182.68 31.49 210.48
sheep 0.518205 7.72 78.87 28.96 107.05
diningtable 0.518202 9.02 191.60 33.00 221.45
person 0.518187 194.38 68.49 211.03 103.28
person 0.518183 153.13 139.14 162.54 164.00
sheep 0.518170 9.56 108.44 29.58 136.95
person 0.518154 194.79 58.66 209.16 92.23
boat 0.518129 124.65 30.29 138.08 47.97
sheep 0.518123 170.82 196.36 192.81 224.00
sheep 0.518117 88.13 149.81 102.49 167.76
dog 0.518110 186.22 185.32 206.77 211.50
dog 0.518075 166.99 4.28 183.05 34.57
dog 0.518066 183.36 28.58 199.20 52.89
bottle 0.518059 170.02 42.65 177.33 62.25
dog 0.518041 0.00 2.40 96.59 105.80
dog 0.518032 188.87 163.65 206.10 194.07
sheep 0.518010 115.59 182.72 129.62 197.22
dog 0.517983 175.63 19.64 189.29 45.33
car 0.517978 49.77 106.99 212.50 223.28
boat 0.517971 51.41 186.66 75.67 220.03
person 0.517968 146.63 81.17 158.07 101.65
cow 0.517930 31.25 100.56 52.82 134.06
person 0.517904 44.50 173.08 67.95 208.71
sheep 0.517902 157.56 185.00 170.93 204.77
sheep 0.517876 139.35 41.63 151.66 54.97
dog 0.517837 166.93 144.15 188.02 180.99
person 0.517828 102.15 78.54 119.24 98.38
aeroplane 0.517827 126.02 0.00 152.11 20.54
person 0.517802 87.34 191.34 110.64 211.20
sheep 0.517801 62.65 2.59 80.49 29.42
dog 0.517793 177.46 142.82 199.75 181.56
sheep 0.517787 14.25 0.00 39.42 30.07
person 0.517758 173.60 63.74 183.63 87.10
dog 0.517754 199.06 13.20 214.90 42.07
car 0.517749 80.06 181.20 101.56 208.80
person 0.517714 86.62 182.92 108.00 200.56
boat 0.517697 124.12 0.00 197.88 100.41
dog 0.517688 181.94 12.75 199.19 37.31
person 0.517641 202.47 55.00 214.59 91.62
train 0.517636 24.30 1.79 191.22 135.35
sheep 0.517619 90.19 140.35 102.05 158.07
dog 0.517599 198.83 161.49 212.31 192.89
sheep 0.517597 20.69 105.05 39.03 136.77
sheep 0.517524 104.98 20.55 120.47 37.93
dog 0.517519 168.62 18.63 181.43 43.82
dog 0.517493 195.98 0.00 216.14 30.11
person 0.517491 176.05 54.82 183.48 75.63
sheep 0.517465 69.28 27.11 83.58 51.98
dog 0.517456 190.60 141.90 210.75 183.12
sheep 0.517442 138.78 66.24 144.82 86.60
dog 0.517428 177.64 0.00 200.65 26.31
car 0.517416 48.42 154.79 204.56 224.00
sheep 0.517393 9.09 60.53 28.03 88.94
aeroplane 0.517393 9.36 169.17 32.03 203.14
sheep 0.517372 112.72 30.75 129.22 49.31
person 0.517366 184.00 61.57 197.20 88.66
person 0.517364 202.30 64.17 215.61 104.95
sheep 0.517351 45.12 29.57 66.14 49.54
sheep 0.517318 121.31 155.93 129.81 172.80
sheep 0.517299 85.11 26.64 101.45 50.87
sheep 0.517265 93.54 15.89 109.31 37.02
sheep 0.517234 177.38 177.46 196.48 200.39
person 0.517154 148.00 131.07 155.32 152.40
dog 0.517126 211.81 9.96 220.25 46.04
sheep 0.517125 103.21 30.80 120.56 50.34
person 0.517098 212.00 51.71 223.01 92.67
sheep 0.517087 139.85 56.22 142.94 71.85
bottle 0.517084 123.71 143.78 130.34 164.43
dog 0.517083 186.45 0.00 209.62 27.88
aeroplane 0.517062 144.92 6.66 162.82 27.49
sheep 0.517038 36.95 22.25 56.84 39.96
dog 0.517036 160.29 37.83 170.46 55.52
sheep 0.517025 165.01 194.42 184.75 224.00
boat 0.516991 132.67 30.74 144.99 48.13
sheep 0.516973 178.11 198.37 202.19 224.00
sheep 0.516919 132.00 54.30 136.59 71.90
bottle 0.516884 114.98 135.59 121.39 154.71
person 0.516883 177.05 47.56 183.49 67.03
person 0.516856 148.00 68.70 154.65 89.40
person 0.516838 137.86 133.74 142.79 153.70
person 0.516836 212.00 61.32 224.00 107.42
dog 0.516825 208.55 0.00 221.58 35.69
dog 0.516814 170.17 0.00 193.15 25.80
car 0.516806 32.12 178.97 59.99 211.71
dog 0.516774 190.79 14.52 209.10 39.58
sheep 0.516770 21.73 148.83 47.49 187.43
person 0.516769 185.54 40.66 196.11 59.87
dog 0.516765 0.00 0.00 77.71 66.99
sheep 0.516757 5.60 0.00 31.18 32.39
person 0.516749 185.64 53.15 195.73 76.61
person 0.516742 177.06 40.40 184.41 60.42
car 0.516739 22.51 175.24 47.99 207.15
dog 0.516663 27.84 164.19 55.03 203.90
sheep 0.516647 119.44 166.31 129.13 180.34
aeroplane 0.516621 10.73 154.47 32.64 191.16
car 0.516596 33.44 0.00 191.02 125.35
boat 0.516548 113.72 20.85 128.80 37.98
sheep 0.516511 37.62 10.22 56.57 31.28
sheep 0.516502 12.09 52.22 29.45 78.27
dog 0.516499 195.86 182.26 213.16 210.61
sheep 0.516488 136.86 143.13 143.42 163.19
person 0.516455 186.22 46.60 195.13 66.93
boat 0.516428 125.23 20.25 138.12 37.56
person 0.516412 101.90 184.28 120.09 200.19
person 0.516391 147.32 140.51 154.26 162.32
aeroplane 0.516385 154.33 4.43 173.34 30.69
dog 0.516380 186.16 198.13 209.92 224.00
sheep 0.516350 22.07 120.74 46.26 160.27
boat 0.516295 133.53 20.39 145.27 37.74
car 0.516293 17.09 147.01 39.25 181.10
dog 0.516289 193.77 197.76 215.03 224.00
sheep 0.516287 30.35 0.00 52.51 24.32
sheep 0.516229 49.47 5.46 67.06 30.29
car 0.516221 0.00 152.22 23.95 193.43
cow 0.516142 58.24 187.69 85.35 221.76
dog 0.516092 183.73 22.35 199.59 46.89
sheep 0.516083 148.14 41.19 160.95 54.48
dog 0.516083 19.46 158.88 44.29 196.89
person 0.516046 108.92 206.37 137.11 224.00
dog 0.516020 210.47 153.86 224.00 190.80
sheep 0.516007 144.51 195.76 162.88 219.74
sheep 0.515982 26.89 108.25 49.99 145.92
sheep 0.515976 102.15 138.21 112.31 156.42
sheep 0.515877 61.07 15.25 78.54 39.80
car 0.515783 12.36 126.60 35.84 164.55
dog 0.515776 15.61 114.07 37.17 151.44
sheep 0.515754 117.25 174.69 128.88 188.44
sheep 0.515753 71.23 14.41 85.77 39.68
sheep 0.515715 60.35 0.00 83.26 20.02
car 0.515688 23.85 185.32 48.54 209.67
sheep 0.515676 77.48 27.83 91.43 51.47
person 0.515675 118.69 205.64 145.49 224.00
dog 0.515623 208.56 125.78 224.00 178.02
sheep 0.515585 116.75 65.80 129.84 88.39
dog 0.515460 22.01 0.00 133.90 105.88
dog 0.515441 187.96 173.49 205.21 200.60
sheep 0.515395 108.79 157.52 120.71 174.25
sheep 0.515308 46.42 19.99 66.00 40.93
dog 0.515288 160.20 28.73 172.10 49.28
sheep 0.515204 112.54 145.52 121.22 165.27
dog 0.515075 15.60 0.00 106.98 77.88
person 0.514971 131.71 208.68 159.48 224.00
sheep 0.514957 155.13 194.60 174.13 223.09
motorbike 0.514919 24.19 190.52 49.09 216.18
sheep 0.514788 120.33 54.51 128.74 73.75
sheep 0.514752 106.38 55.66 118.02 74.99
sheep 0.514720 102.07 67.48 118.11 89.10
sheep 0.514664 95.93 159.49 111.12 176.42
aeroplane 0.514614 139.21 21.16 151.70 37.16
dog 0.514597 198.53 170.37 211.77 199.54
dog 0.514592 192.53 22.93 210.85 50.66
dog 0.514547 158.38 19.94 172.57 39.91
dog 0.514397 160.94 0.00 185.79 23.79
sheep 0.514390 105.37 168.09 119.66 183.85
boat 0.514366 52.39 0.00 188.99 110.49
dog 0.514341 201.13 21.67 216.15 54.31
boat 0.514298 138.25 31.70 151.50 48.36
sheep 0.514084 98.95 148.42 111.87 167.19
sheep 0.514034 49.65 0.00 70.67 19.86
sheep 0.513998 38.54 0.00 60.64 21.42
sheep 0.513825 87.13 14.76 101.99 36.30
sheep 0.513748 79.75 14.93 93.25 38.06
dog 0.513605 172.50 209.21 206.69 224.00
person 0.513404 102.15 176.83 119.15 192.93
dog 0.513393 205.65 195.53 222.99 224.00
sheep 0.513285 147.31 30.89 161.41 47.80
aeroplane 0.513151 146.90 20.78 161.09 36.56
aeroplane 0.513058 147.20 0.00 175.30 20.48
person 0.512777 87.02 177.87 108.00 195.09
person 0.512559 91.80 169.77 108.45 187.02
dog 0.512507 156.68 208.30 190.21 224.00
dog 0.512344 137.76 209.33 166.58 224.00
motorbike 0.512101 17.94 200.83 52.25 224.00
dog 0.511879 210.26 179.45 224.00 212.19
dog 0.511631 212.00 167.68 224.00 202.04
aeroplane 0.510859 28.16 196.60 63.37 224.00
