person 0.616583 19.37 50.90 135.92 196.44
person 0.608618 72.00 51.94 193.68 209.03
person 0.591924 49.80 66.69 133.66 181.09
motorbike 0.588381 30.89 67.28 145.26 211.45
person 0.588275 39.21 68.95 105.07 192.08
motorbike 0.584737 94.20 74.72 193.54 176.16
bottle 0.581304 51.26 66.46 134.02 178.01
bicycle 0.575060 105.10 77.33 189.86 182.54
person 0.572357 106.37 77.19 185.56 183.33
bicycle 0.565115 46.11 85.52 102.99 190.84
person 0.563882 65.27 49.77 140.71 146.76
cow 0.563495 33.53 70.87 140.05 198.90
bottle 0.561927 44.34 85.53 94.38 192.29
diningtable 0.560362 77.61 53.37 199.98 200.79
motorbike 0.558500 117.36 71.65 208.21 159.36
bottle 0.557464 111.59 125.97 175.75 216.10
person 0.557428 124.03 70.07 210.92 151.74
sheep 0.556525 55.30 59.64 139.23 161.02
person 0.552996 57.35 58.63 165.24 188.61
sofa 0.551952 20.28 65.85 139.86 212.16
person 0.551717 104.70 59.97 173.01 157.79
person 0.550485 111.50 98.96 174.63 195.51
person 0.549748 188.01 30.54 220.41 71.27
bottle 0.549405 69.42 142.23 129.81 224.00
person 0.548752 39.80 93.19 84.96 194.07
person 0.548570 182.60 81.34 224.00 126.96
person 0.548153 37.96 96.70 148.03 212.60
person 0.547657 194.44 34.70 224.00 82.74
diningtable 0.547343 156.66 65.14 224.00 205.50
person 0.547021 190.71 29.85 224.00 148.66
motorbike 0.546754 79.23 147.17 135.73 224.00
person 0.546381 88.35 40.43 175.47 170.06
sheep 0.546118 49.33 69.79 102.79 168.95
diningtable 0.545972 124.40 53.88 214.98 199.89
person 0.545722 148.17 73.31 214.82 131.94
dog 0.545587 41.03 79.79 95.50 172.80
motorbike 0.545454 114.14 61.35 210.95 219.26
bottle 0.545256 52.00 110.08 87.36 199.12
person 0.545195 0.00 89.50 9.20 128.49
bicycle 0.544718 55.01 111.30 93.68 197.44
person 0.544420 169.87 53.48 224.00 189.47
person 0.543712 102.28 59.90 214.75 191.12
person 0.543603 89.81 39.46 144.27 124.21
person 0.543144 162.18 79.77 221.10 124.55
bottle 0.542670 60.83 87.94 125.44 187.95
person 0.541773 197.96 70.33 224.00 130.64
bottle 0.541616 212.94 127.44 224.00 172.91
tvmonitor 0.541549 17.47 75.10 126.00 203.61
person 0.541273 180.87 23.10 224.00 79.03
diningtable 0.541057 8.95 69.20 128.88 218.19
person 0.540951 108.06 39.58 163.52 122.87
person 0.540715 79.82 149.60 123.77 219.86
person 0.540684 34.16 103.80 66.48 191.41
bottle 0.540563 38.57 104.69 75.69 201.92
person 0.539982 64.00 109.33 116.34 200.02
person 0.539839 200.34 43.18 224.00 98.45
car 0.539604 7.85 67.09 127.10 211.32
bottle 0.539302 93.06 78.48 171.02 179.98
bottle 0.539283 215.52 164.11 224.00 210.71
dog 0.538722 34.63 87.55 79.22 168.26
person 0.538353 45.30 132.81 147.72 224.00
bottle 0.538274 57.19 134.50 81.99 210.42
person 0.537999 201.89 55.65 224.00 118.85
person 0.537831 202.37 7.63 224.00 112.61
dog 0.537475 48.02 65.98 111.88 160.19
bottle 0.537280 30.49 118.95 52.98 208.06
person 0.537034 110.39 124.25 164.19 206.98
tvmonitor 0.536963 207.66 203.66 224.00 224.00
person 0.536300 0.00 93.80 15.52 125.42
car 0.536208 0.00 36.54 130.37 140.34
bottle 0.536138 63.62 136.71 88.36 210.26
bottle 0.536054 37.06 126.34 65.17 211.90
bottle 0.535905 48.62 126.17 79.72 208.17
person 0.535790 3.93 71.65 160.81 215.05
bottle 0.535773 116.03 104.67 178.30 197.78
aeroplane 0.535713 12.91 62.89 131.63 186.49
person 0.535586 134.29 100.43 183.69 186.80
diningtable 0.535337 31.58 133.75 136.16 224.00
aeroplane 0.535252 0.00 46.43 127.19 142.90
person 0.535236 116.54 50.25 181.78 132.69
dog 0.535191 67.35 59.54 133.49 139.66
bottle 0.535107 78.21 156.24 143.24 217.43
person 0.534882 181.99 42.21 213.13 80.68
bottle 0.534654 167.60 147.18 195.07 206.21
person 0.534386 28.95 116.18 47.90 185.26
bottle 0.533934 79.84 91.94 135.88 184.85
bottle 0.533899 214.09 153.67 224.00 200.86
bottle 0.533873 22.74 131.47 44.06 207.80
bottle 0.533730 138.95 138.46 183.25 211.22
chair 0.533712 191.02 166.27 224.00 224.00
bicycle 0.533436 77.37 145.60 131.91 220.22
bottle 0.533270 165.97 209.40 195.91 224.00
person 0.533267 184.25 20.37 218.26 60.07
person 0.533238 193.41 0.00 224.00 57.00
person 0.532739 129.83 57.42 192.40 127.56
person 0.532411 0.00 128.16 12.17 165.28
tvmonitor 0.532240 9.24 196.10 62.12 224.00
bottle 0.532122 157.86 209.26 187.92 224.00
bottle 0.532041 172.62 209.64 205.75 224.00
person 0.531977 127.19 42.35 172.83 111.57
chair 0.531951 181.16 95.52 224.00 220.27
tvmonitor 0.531767 0.00 152.79 13.63 195.46
person 0.531517 0.00 54.94 9.44 92.05
tvmonitor 0.531492 11.06 152.13 30.97 195.27
bottle 0.531488 188.85 208.12 222.70 224.00
tvmonitor 0.531419 1.59 198.80 44.41 224.00
person 0.531397 0.00 0.00 115.09 183.29
bottle 0.531305 118.91 151.11 169.96 218.65
diningtable 0.531085 0.00 132.67 113.33 224.00
dog 0.531081 50.86 75.98 87.72 147.59
chair 0.531070 157.19 106.80 189.02 181.19
bottle 0.530991 203.85 123.44 224.00 164.85
bottle 0.530969 138.43 112.31 184.28 195.51
person 0.530869 0.00 72.25 9.45 110.70
person 0.530618 183.88 13.68 213.02 43.97
person 0.530581 4.82 131.60 21.89 164.46
bottle 0.530545 97.84 144.38 139.88 209.42
person 0.530481 203.49 8.82 224.00 49.75
bottle 0.530457 179.28 154.08 203.59 202.72
bottle 0.530290 164.31 118.89 191.66 190.37
bottle 0.530220 0.00 197.01 28.95 224.00
chair 0.529974 79.89 131.68 175.65 224.00
bottle 0.529906 6.69 194.65 66.95 224.00
tvmonitor 0.529843 2.86 179.67 41.81 223.20
person 0.529837 1.18 85.57 14.90 117.31
person 0.529836 140.77 49.01 180.46 104.11
person 0.529770 201.37 109.70 224.00 160.05
car 0.529674 27.68 118.87 45.78 194.72
person 0.529610 119.46 0.00 224.00 173.73
diningtable 0.529569 28.74 193.01 91.10 224.00
chair 0.529434 197.34 128.08 219.22 165.79
person 0.529391 159.53 55.77 198.30 97.11
bottle 0.529362 138.85 207.73 179.28 224.00
tvmonitor 0.529244 0.00 179.01 23.69 224.00
chair 0.529131 121.03 76.98 199.65 202.96
sofa 0.529058 7.55 109.16 117.81 216.10
tvmonitor 0.528874 27.66 133.28 53.68 213.99
person 0.528842 168.20 51.93 203.99 91.86
car 0.528841 12.75 130.61 28.35 164.40
person 0.528786 115.98 34.98 152.96 111.15
tvmonitor 0.528781 42.61 163.58 89.18 216.85
bottle 0.528628 214.45 179.96 224.00 224.00
bottle 0.528626 74.12 170.39 136.64 224.00
tvmonitor 0.528610 12.24 178.86 58.72 219.13
tvmonitor 0.528590 18.73 141.86 38.57 200.42
tvmonitor 0.528570 55.87 142.83 83.80 214.25
bottle 0.528467 186.60 161.38 206.63 201.93
bottle 0.528349 194.17 163.26 211.62 200.90
chair 0.528345 50.27 158.07 94.17 217.22
person 0.528336 147.54 56.97 195.48 108.73
person 0.528140 139.14 27.14 176.21 91.89
person 0.528063 105.48 37.21 142.78 112.93
sofa 0.528046 20.13 138.03 44.62 211.26
car 0.528006 6.74 135.00 22.22 168.68
sheep 0.528003 60.76 60.07 118.79 136.58
dog 0.527945 55.23 59.08 81.02 104.02
bottle 0.527943 205.50 162.04 219.32 202.84
bottle 0.527932 209.97 196.56 224.00 224.00
sofa 0.527672 37.33 171.89 89.18 216.43
car 0.527609 21.45 126.12 39.34 175.48
dog 0.527505 28.66 97.27 62.21 158.37
chair 0.527469 188.54 125.54 211.08 167.76
chair 0.527373 169.54 116.63 198.13 174.90
bottle 0.527328 98.27 144.08 164.08 217.45
person 0.527282 190.24 92.32 224.00 142.21
person 0.527170 101.15 23.23 169.52 146.43
person 0.527167 126.97 0.00 181.62 52.33
car 0.527076 0.00 0.00 19.54 23.09
person 0.527050 20.57 126.20 39.05 169.63
person 0.526923 0.69 76.98 14.93 108.27
aeroplane 0.526870 34.06 176.12 93.57 215.00
bicycle 0.526845 67.64 133.64 104.97 205.27
bottle 0.526798 124.11 206.30 167.03 224.00
person 0.526733 206.04 0.00 224.00 29.78
person 0.526550 0.00 59.49 15.15 89.17
boat 0.526545 110.80 0.00 166.96 55.05
person 0.526504 68.15 0.00 168.57 166.57
bottle 0.526477 70.22 140.01 108.27 211.86
person 0.526420 74.27 135.13 117.33 209.01
dog 0.526407 55.95 63.16 84.63 120.00
tvmonitor 0.526373 36.91 136.00 68.23 214.28
dog 0.526254 51.68 62.53 75.98 95.99
aeroplane 0.526205 38.76 39.85 62.71 50.62
person 0.526142 146.02 95.02 188.14 175.10
person 0.526085 0.00 67.68 14.94 98.13
chair 0.526000 174.66 126.24 199.03 184.42
person 0.525916 0.00 105.38 9.20 147.21
sheep 0.525900 29.26 91.72 58.83 144.22
dog 0.525776 50.87 56.82 75.97 84.58
chair 0.525770 187.46 132.83 224.00 224.00
person 0.525689 182.68 4.18 213.31 35.59
person 0.525483 131.12 26.98 167.74 96.48
motorbike 0.525482 135.26 81.31 190.78 163.53
person 0.525333 186.66 43.25 215.52 97.27
aeroplane 0.525323 35.39 37.27 57.79 51.61
person 0.525045 149.95 46.21 187.19 95.28
aeroplane 0.525032 39.45 31.84 61.80 44.90
person 0.524978 26.87 105.97 59.55 169.91
person 0.524910 183.29 0.00 211.30 26.61
sheep 0.524871 0.00 52.53 15.43 81.83
aeroplane 0.524723 45.28 37.87 69.39 52.15
chair 0.524722 153.02 147.84 211.83 224.00
dog 0.524647 54.53 59.46 97.23 129.61
tvmonitor 0.524588 0.00 159.86 20.29 212.13
aeroplane 0.524567 108.20 12.57 126.00 27.26
person 0.524545 174.35 11.93 205.29 36.57
dog 0.524533 39.33 83.30 67.21 136.00
boat 0.524504 93.11 0.00 152.84 54.40
person 0.524351 146.56 30.32 185.12 87.69
person 0.524265 168.07 0.00 198.33 23.64
car 0.524225 0.00 0.00 70.04 65.68
boat 0.524100 0.00 11.50 6.37 54.86
diningtable 0.524079 0.00 145.80 78.55 224.00
bottle 0.524053 75.18 186.37 125.03 224.00
aeroplane 0.523965 34.86 30.27 57.21 45.93
motorbike 0.523903 148.45 77.72 208.64 142.16
person 0.523874 106.93 114.80 151.78 195.41
chair 0.523787 66.31 145.68 117.91 220.60
person 0.523784 28.22 0.00 147.12 173.01
bottle 0.523664 19.48 136.79 39.07 196.88
person 0.523633 142.02 0.00 198.70 50.76
aeroplane 0.523546 112.23 17.98 130.81 35.11
tvmonitor 0.523530 9.09 168.81 48.74 215.14
person 0.523528 0.00 18.64 6.50 60.62
bottle 0.523506 122.57 171.56 166.37 224.00
chair 0.523495 93.92 97.78 184.38 208.95
boat 0.523425 159.37 0.00 187.64 21.71
person 0.523416 102.85 135.46 144.54 205.26
aeroplane 0.523299 46.88 44.89 71.52 60.96
person 0.523268 161.38 107.33 199.12 169.30
aeroplane 0.523117 46.62 29.91 68.88 45.04
boat 0.523020 110.54 0.41 166.34 104.89
sofa 0.523002 28.68 184.98 93.78 224.00
person 0.522983 171.10 17.09 210.64 52.14
motorbike 0.522967 192.23 111.02 224.00 156.28
person 0.522964 6.79 96.01 24.36 124.74
person 0.522963 172.86 47.23 208.84 101.77
person 0.522931 142.55 18.21 176.10 71.45
sheep 0.522905 49.32 51.11 73.87 72.93
person 0.522851 0.00 38.59 8.00 76.22
person 0.522789 162.69 58.18 208.14 124.32
person 0.522772 158.83 16.77 195.83 52.34
person 0.522505 181.70 56.92 216.59 121.35
person 0.522431 153.20 34.96 194.76 83.24
person 0.522431 165.74 12.40 192.03 35.24
aeroplane 0.522330 52.45 35.62 76.63 54.72
sheep 0.522232 52.74 50.55 77.55 78.80
boat 0.522218 151.36 0.00 178.48 20.95
sheep 0.522098 0.00 43.26 16.02 73.98
car 0.522066 0.00 13.66 104.93 112.30
person 0.522052 0.00 139.72 12.57 179.97
sheep 0.521991 27.69 87.99 52.11 129.35
aeroplane 0.521973 40.86 46.06 65.92 56.84
sheep 0.521951 36.09 43.51 57.96 57.15
person 0.521890 3.25 110.41 17.31 148.44
person 0.521880 121.62 0.00 175.51 103.94
aeroplane 0.521875 51.34 43.68 76.38 64.38
dog 0.521809 63.41 57.65 107.70 121.23
person 0.521764 146.78 15.93 175.21 54.32
chair 0.521719 58.80 188.58 108.44 224.00
chair 0.521699 155.39 80.54 224.00 207.10
aeroplane 0.521628 112.80 21.08 132.61 46.12
boat 0.521587 0.00 0.00 7.70 47.01
person 0.521582 191.22 11.71 218.23 48.83
person 0.521527 153.60 22.40 194.95 66.39
person 0.521493 152.12 15.65 184.51 53.18
aeroplane 0.521461 40.73 23.46 61.77 38.85
boat 0.521413 69.39 0.00 135.96 52.18
bottle 0.521347 86.60 191.54 142.79 224.00
boat 0.521304 0.00 23.03 16.12 56.59
boat 0.521276 143.72 0.00 170.35 19.88
tvmonitor 0.521229 18.02 167.21 70.93 217.93
sheep 0.521216 0.00 31.53 15.96 64.67
bottle 0.521053 100.39 197.57 154.17 224.00
aeroplane 0.521048 0.00 15.96 15.48 50.37
person 0.521024 136.25 19.47 167.54 74.31
aeroplane 0.521020 20.17 187.33 88.72 224.00
chair 0.520950 187.93 133.45 207.76 178.77
boat 0.520943 140.01 16.81 166.14 55.09
bottle 0.520896 206.75 143.62 222.88 191.60
aeroplane 0.520824 34.66 22.29 57.23 40.71
person 0.520822 16.92 96.13 38.16 130.88
person 0.520778 85.49 120.44 130.11 198.49
person 0.520761 174.19 87.24 219.31 137.47
bottle 0.520728 207.60 133.74 224.00 177.96
person 0.520708 169.35 24.44 211.54 64.56
car 0.520697 13.16 140.50 28.32 179.90
dog 0.520636 77.39 53.17 115.54 110.50
dog 0.520550 86.06 48.61 132.44 112.32
sofa 0.520539 8.74 141.89 24.55 178.99
motorbike 0.520498 182.43 105.18 216.33 156.03
boat 0.520458 157.80 12.88 180.46 35.08
tvmonitor 0.520449 15.55 151.87 51.66 222.65
dog 0.520353 39.08 63.87 56.56 85.03
aeroplane 0.520291 0.00 0.00 27.81 18.61
person 0.520266 159.27 0.00 217.40 49.81
bottle 0.520167 184.88 148.07 205.89 195.63
person 0.520167 171.78 2.67 203.14 30.25
person 0.520116 18.00 104.30 40.29 144.78
motorbike 0.520057 152.84 91.67 202.45 158.36
tvmonitor 0.520002 7.24 161.47 39.36 210.59
dog 0.519991 40.35 71.73 58.13 97.15
person 0.519990 12.27 126.99 27.06 161.81
person 0.519983 168.82 36.68 211.07 78.23
person 0.519928 7.91 103.74 25.25 135.97
boat 0.519922 143.67 17.31 164.11 44.05
boat 0.519843 150.84 16.62 173.31 43.73
aeroplane 0.519734 63.72 0.00 93.04 15.39
aeroplane 0.519724 102.38 0.00 128.42 20.92
boat 0.519666 136.19 0.00 161.89 18.52
person 0.519572 156.54 15.34 183.21 42.53
dog 0.519569 40.45 78.66 61.92 114.67
bottle 0.519428 198.04 135.31 216.44 175.81
aeroplane 0.519405 55.31 26.58 76.81 45.75
dog 0.519398 45.61 57.89 74.63 76.37
boat 0.519306 128.83 19.30 150.05 52.74
bottle 0.519289 206.04 179.21 223.26 220.48
bottle 0.519243 193.97 179.51 213.56 220.24
sheep 0.519196 130.52 18.80 150.63 40.37
tvmonitor 0.519133 31.42 152.07 76.69 222.67
boat 0.519109 163.75 1.07 190.30 28.12
chair 0.519017 61.60 162.15 111.56 215.77
dog 0.518974 37.55 56.07 56.70 73.58
bottle 0.518966 194.26 147.68 213.19 191.99
dog 0.518878 37.05 49.23 57.64 63.47
aeroplane 0.518876 0.00 0.00 89.38 62.96
aeroplane 0.518701 28.61 0.00 62.22 14.78
sheep 0.518689 151.30 14.14 171.00 34.81
dog 0.518681 80.99 47.95 108.58 96.80
bottle 0.518657 202.05 199.76 224.00 224.00
boat 0.518650 114.47 21.15 136.88 49.11
dog 0.518642 49.33 70.58 78.29 100.25
boat 0.518601 114.84 19.38 135.55 36.93
person 0.518595 109.53 34.35 134.24 99.13
dog 0.518548 49.78 76.83 82.06 117.04
boat 0.518547 0.00 0.00 12.64 34.33
dog 0.518411 64.04 54.38 98.17 105.67
boat 0.518339 104.80 0.00 131.16 21.08
dog 0.518246 43.28 51.60 70.81 65.33
aeroplane 0.518237 48.42 21.79 68.87 36.87
dog 0.518212 28.37 64.42 44.42 86.23
person 0.518201 125.52 22.85 149.02 74.20
sheep 0.518143 26.83 82.35 47.32 113.61
aeroplane 0.518126 33.49 9.71 56.23 32.03
boat 0.518122 36.97 0.00 118.38 50.23
bottle 0.518094 95.76 173.95 154.58 221.48
person 0.518068 19.58 115.28 40.55 158.66
aeroplane 0.518061 5.49 0.00 37.31 16.57
dog 0.517992 27.70 73.77 45.26 98.36
sheep 0.517972 143.75 14.33 162.08 34.22
sheep 0.517919 130.03 14.61 149.91 30.98
aeroplane 0.517839 93.48 0.00 125.44 15.40
aeroplane 0.517819 0.00 0.00 113.33 92.84
person 0.517754 14.46 91.12 34.64 121.20
bottle 0.517692 180.36 203.83 210.02 224.00
train 0.517684 0.00 0.00 91.88 92.59
aeroplane 0.517681 30.61 35.74 53.00 51.27
aeroplane 0.517556 41.76 13.07 62.54 30.79
sheep 0.517477 114.05 14.68 134.74 28.82
bottle 0.517386 122.05 193.06 164.52 224.00
dog 0.517348 29.36 55.85 45.62 74.68
aeroplane 0.517246 77.49 0.00 108.07 14.21
dog 0.517243 29.79 42.64 51.29 58.23
person 0.517182 146.99 18.10 209.64 126.18
person 0.517155 192.97 1.45 219.35 38.64
person 0.517147 10.70 115.22 26.19 152.27
aeroplane 0.517146 0.00 0.56 15.29 42.27
dog 0.517142 93.14 43.70 125.88 102.44
aeroplane 0.517123 104.01 14.53 123.90 24.55
bottle 0.516991 181.99 160.60 199.92 207.19
dog 0.516979 29.91 48.63 48.50 65.08
chair 0.516904 137.83 104.34 200.47 217.30
boat 0.516674 107.07 35.24 130.21 96.25
aeroplane 0.516667 14.72 0.00 47.88 14.67
aeroplane 0.516635 55.66 44.48 80.57 68.83
aeroplane 0.516612 54.87 50.56 81.49 84.88
boat 0.516518 125.02 0.00 152.27 17.94
bottle 0.516433 171.55 156.85 191.21 209.07
aeroplane 0.516406 57.61 34.97 80.88 56.95
bottle 0.516406 159.97 201.44 185.90 224.00
boat 0.516339 112.89 26.65 132.88 69.77
bottle 0.516332 150.61 153.30 181.02 211.42
person 0.516325 133.76 0.00 190.30 98.44
aeroplane 0.516313 46.07 0.00 79.08 14.88
sheep 0.516244 4.57 54.33 25.36 77.23
person 0.516173 4.93 85.94 20.82 114.63
aeroplane 0.516154 58.98 17.64 76.90 35.04
aeroplane 0.516113 65.04 50.40 92.62 91.11
bottle 0.516108 186.17 181.19 205.75 220.08
boat 0.515930 65.95 0.00 139.71 99.16
sheep 0.515900 4.38 61.25 23.13 86.02
dog 0.515864 5.32 36.27 30.49 58.48
aeroplane 0.515839 76.17 12.12 88.31 20.00
aeroplane 0.515814 106.10 17.84 124.75 31.53
dog 0.515793 4.85 46.06 28.48 68.18
aeroplane 0.515736 5.67 27.80 30.57 50.14
aeroplane 0.515717 68.09 16.63 82.26 33.19
aeroplane 0.515656 70.20 10.50 83.37 21.18
sheep 0.515563 140.60 0.00 161.01 25.95
sheep 0.515317 4.21 69.19 22.05 95.72
aeroplane 0.515252 6.02 19.76 28.96 43.19
dog 0.515159 16.87 53.04 40.37 69.13
sheep 0.515072 4.40 78.00 21.09 105.78
aeroplane 0.515067 62.55 25.14 81.69 45.67
person 0.515015 188.29 0.00 224.00 83.60
bottle 0.514965 133.26 195.83 176.32 224.00
bottle 0.514943 173.52 179.63 190.54 218.93
bottle 0.514796 158.19 176.80 181.47 218.98
bottle 0.514690 180.85 181.04 199.09 218.83
sheep 0.514681 15.69 60.26 36.50 79.56
boat 0.514544 111.70 0.00 141.54 18.85
aeroplane 0.514437 74.97 17.79 86.74 31.17
dog 0.514335 17.65 45.73 43.79 60.53
aeroplane 0.514293 96.72 13.86 116.81 22.51
sheep 0.514201 13.93 68.52 33.67 91.14
aeroplane 0.514100 0.00 0.00 21.57 29.33
aeroplane 0.514081 109.69 26.70 128.57 66.36
sheep 0.514055 125.49 0.00 149.88 22.98
sheep 0.514041 12.75 85.99 31.87 113.51
aeroplane 0.513932 85.75 12.98 99.61 20.00
aeroplane 0.513932 51.92 13.24 71.63 27.20
aeroplane 0.513740 19.31 37.25 46.76 52.01
person 0.513538 154.87 0.00 213.59 87.61
sheep 0.513533 12.84 77.73 31.96 102.46
aeroplane 0.513494 66.14 44.64 89.60 73.54
aeroplane 0.513431 20.05 29.92 46.97 45.10
aeroplane 0.513429 28.48 7.18 50.88 30.30
aeroplane 0.513389 99.54 17.64 117.79 29.74
aeroplane 0.513366 62.96 10.64 78.99 23.91
aeroplane 0.513365 86.66 17.81 98.31 28.99
aeroplane 0.513327 19.86 21.82 45.37 39.24
boat 0.513265 18.35 0.00 118.74 95.13
aeroplane 0.512806 36.80 0.00 66.83 18.93
aeroplane 0.512786 105.62 20.18 125.26 41.81
dog 0.512773 83.59 41.84 104.29 78.89
sheep 0.512726 109.06 0.00 135.91 21.81
sheep 0.512724 106.28 34.79 128.49 91.72
aeroplane 0.512520 5.93 2.53 27.43 34.02
dog 0.512167 99.74 36.76 121.52 84.98
aeroplane 0.512130 59.83 0.00 83.16 16.10
aeroplane 0.511509 66.12 34.91 87.03 57.83
aeroplane 0.511416 19.61 5.05 43.47 29.39
aeroplane 0.511404 24.30 0.00 53.23 18.70
aeroplane 0.510771 69.31 24.98 85.87 44.35
aeroplane 0.510579 100.00 20.61 118.79 40.49
aeroplane 0.509844 83.55 22.88 98.43 41.05
aeroplane 0.509764 82.96 32.04 100.90 58.03
dog 0.509360 100.00 27.48 119.65 59.75
