person 0.649629 2.58 94.56 58.96 195.96
chair 0.605639 0.00 100.38 189.07 213.84
person 0.599986 1.04 99.03 36.46 185.99
diningtable 0.592320 0.00 105.53 187.15 209.84
chair 0.588957 157.55 127.54 204.31 207.30
person 0.588818 0.00 94.57 22.08 170.96
chair 0.586626 33.93 128.29 109.78 222.74
person 0.577958 0.00 92.72 14.86 158.32
person 0.571030 8.17 89.31 76.88 180.92
chair 0.570506 92.30 137.19 173.99 224.00
chair 0.568392 0.00 101.09 53.00 202.81
chair 0.567680 179.32 140.20 206.36 193.59
person 0.567073 33.27 84.40 90.46 168.66
chair 0.565761 167.87 130.66 205.61 191.41
chair 0.565372 130.12 83.55 208.25 172.54
chair 0.563366 60.45 77.78 108.83 164.83
chair 0.563184 6.75 110.16 40.42 208.51
person 0.562663 99.55 74.22 182.46 152.22
person 0.562571 132.47 69.91 214.90 159.57
chair 0.562401 162.60 121.75 215.79 195.99
person 0.562163 62.92 76.91 110.44 164.04
chair 0.559883 5.77 101.58 127.77 205.56
person 0.559817 27.39 99.79 87.98 188.79
chair 0.559060 151.79 97.94 210.24 184.73
person 0.558003 26.97 91.67 127.80 179.89
chair 0.557683 1.89 116.15 24.38 206.45
horse 0.556856 28.72 94.49 131.80 179.73
person 0.556853 141.37 89.27 204.32 172.14
horse 0.556374 18.81 106.27 143.30 201.09
dog 0.556223 123.59 78.73 212.97 161.14
chair 0.555749 8.10 101.02 88.40 191.43
chair 0.555137 194.54 139.58 214.46 189.68
sofa 0.554651 16.48 132.95 191.34 206.45
chair 0.554343 36.94 86.62 94.71 160.61
chair 0.553718 208.55 139.48 224.00 190.47
person 0.553084 50.42 82.79 100.07 170.35
chair 0.552703 14.58 124.08 44.39 220.58
chair 0.551899 100.06 75.72 165.46 156.20
chair 0.551838 27.71 118.53 83.21 215.65
person 0.551013 3.06 104.04 151.95 209.63
dog 0.550989 143.56 54.96 209.83 102.85
chair 0.550784 35.47 111.28 97.22 190.43
diningtable 0.550720 21.86 132.05 193.45 200.69
bicycle 0.550359 189.96 185.61 220.00 214.51
chair 0.550016 12.70 115.28 56.70 214.60
horse 0.549925 4.03 114.49 166.39 222.21
chair 0.549904 162.46 106.46 204.75 178.41
person 0.549739 14.90 108.33 61.38 185.47
diningtable 0.549366 10.58 112.27 133.67 202.57
chair 0.548594 133.21 135.88 192.11 216.85
bicycle 0.548113 9.98 115.90 87.33 200.41
person 0.548003 70.70 102.88 106.26 166.67
chair 0.546306 0.63 136.97 13.89 215.10
person 0.545841 6.87 110.48 49.09 187.66
person 0.545703 191.63 75.94 224.00 182.87
chair 0.544689 100.94 132.66 166.34 201.29
person 0.544197 77.85 94.76 192.90 178.54
diningtable 0.543906 54.34 98.35 198.29 186.70
person 0.543536 81.60 106.96 109.55 164.50
chair 0.543440 77.13 76.37 122.64 156.86
person 0.542682 48.00 115.05 103.39 188.44
person 0.542472 47.44 98.49 200.63 197.77
chair 0.542394 211.89 108.59 224.00 168.31
chair 0.542380 179.02 112.39 207.18 176.60
bicycle 0.542330 201.26 177.16 224.00 216.38
person 0.542151 180.65 58.55 207.35 97.48
chair 0.541839 49.68 158.19 102.85 224.00
chair 0.541831 93.79 71.80 138.29 154.98
person 0.541774 113.58 86.15 192.44 167.48
chair 0.541075 110.39 143.58 182.06 214.59
person 0.540625 5.25 101.01 30.78 169.06
bicycle 0.540550 183.82 176.86 211.79 212.63
person 0.540074 64.17 81.35 138.72 159.14
chair 0.539388 10.54 131.71 33.38 217.19
dog 0.539347 128.31 55.33 213.02 123.47
person 0.539012 76.98 83.87 115.74 155.87
chair 0.538935 0.00 163.02 11.68 224.00
person 0.538571 159.30 54.37 203.06 98.01
dog 0.538005 138.76 56.78 188.43 92.38
chair 0.537634 176.87 149.07 210.67 205.63
bicycle 0.537465 176.27 157.11 208.20 208.34
person 0.537391 0.00 77.42 10.82 137.88
bicycle 0.536885 7.16 111.00 55.49 200.20
chair 0.536781 57.68 126.55 106.57 199.50
person 0.536591 189.09 118.10 224.00 205.66
chair 0.536504 20.72 134.15 50.92 222.84
bicycle 0.535978 184.10 194.08 222.65 224.00
chair 0.535867 107.05 123.52 161.02 187.29
chair 0.535609 204.48 163.65 224.00 214.21
sheep 0.535531 142.91 53.60 200.64 100.33
person 0.535260 211.86 61.11 224.00 99.60
person 0.535235 89.26 111.86 119.77 168.52
person 0.535195 100.25 82.60 148.26 154.01
chair 0.534913 0.00 128.90 63.42 224.00
chair 0.534615 0.00 187.56 15.48 224.00
person 0.534614 87.14 119.40 110.97 173.17
person 0.534275 33.81 101.58 77.20 174.01
chair 0.534159 95.24 85.71 128.06 161.10
chair 0.534084 17.15 155.87 39.40 223.73
chair 0.534055 197.27 116.21 213.59 176.82
chair 0.533538 191.30 159.65 216.31 209.43
chair 0.533448 143.22 130.14 188.95 197.62
person 0.533371 87.28 83.34 130.07 154.88
chair 0.532974 108.61 102.26 160.58 171.93
chair 0.532847 81.87 144.70 116.85 207.93
chair 0.532624 94.47 124.07 126.04 176.48
person 0.531969 200.23 60.71 215.24 95.97
person 0.531726 0.00 0.00 119.59 147.62
person 0.531620 48.30 92.89 85.00 163.05
dog 0.531564 132.69 57.36 167.43 90.04
person 0.531322 97.08 100.83 125.91 168.14
chair 0.531266 59.88 99.58 193.03 189.43
chair 0.531239 100.71 146.13 139.81 204.61
chair 0.531217 43.17 132.70 172.63 220.65
bottle 0.531062 13.70 194.49 43.13 224.00
car 0.531045 191.80 0.00 224.00 50.23
person 0.530714 185.71 166.28 224.00 224.00
sofa 0.530699 59.57 127.16 219.05 221.59
horse 0.530637 13.64 103.22 97.58 184.03
chair 0.530635 97.95 132.89 132.66 188.05
chair 0.530284 88.60 129.39 113.25 188.01
person 0.530129 134.74 77.27 193.10 147.83
diningtable 0.530032 63.15 125.69 224.00 224.00
car 0.530016 213.10 39.46 224.00 81.20
chair 0.529877 7.24 144.36 26.91 215.22
chair 0.529713 0.00 1.22 38.54 127.76
person 0.529571 49.58 64.06 125.06 150.02
person 0.529456 0.00 20.21 37.43 149.87
chair 0.529197 2.51 190.02 27.84 224.00
chair 0.528899 100.51 116.41 134.44 177.52
person 0.528665 134.71 115.38 200.92 189.05
person 0.528619 187.88 44.85 224.00 139.56
dog 0.528344 141.74 67.85 204.67 131.83
person 0.528300 0.00 62.90 9.27 122.28
person 0.528210 55.25 84.65 91.57 154.92
train 0.528153 181.88 13.55 202.93 34.78
chair 0.528039 113.61 188.29 177.96 224.00
person 0.527910 168.90 97.17 205.55 159.92
chair 0.527908 32.70 208.44 72.69 224.00
bottle 0.527543 24.35 203.55 58.51 224.00
car 0.527447 208.85 0.00 224.00 21.06
person 0.527410 2.39 61.31 42.26 177.95
diningtable 0.527400 1.33 36.94 133.15 190.00
chair 0.527353 53.53 210.53 98.52 224.00
chair 0.527037 212.61 86.79 224.00 139.42
train 0.526941 215.03 7.63 224.00 31.12
person 0.526800 0.00 52.15 18.03 108.66
car 0.526754 215.16 22.01 224.00 60.61
dog 0.526309 115.71 78.55 178.01 134.00
sheep 0.526293 0.00 45.47 18.58 100.80
person 0.526251 162.48 114.74 211.38 193.11
person 0.526239 0.00 43.35 8.93 101.15
boat 0.526155 156.83 0.00 214.42 47.92
train 0.525908 191.43 11.34 209.06 31.21
person 0.525826 5.20 22.87 60.03 156.60
chair 0.525739 0.00 0.00 57.38 56.75
person 0.525616 213.04 70.52 224.00 116.37
person 0.525598 151.14 82.02 202.69 150.81
person 0.525406 187.01 189.46 224.00 224.00
boat 0.525249 141.56 0.00 202.42 45.18
person 0.525229 70.41 76.99 104.28 146.03
car 0.525167 40.80 0.00 135.36 47.50
chair 0.525107 129.08 160.49 183.07 216.93
person 0.525046 0.00 0.00 17.67 22.34
boat 0.525046 175.44 0.00 224.00 49.13
train 0.524975 215.18 14.62 224.00 43.40
chair 0.524943 69.36 119.42 180.57 202.07
pottedplant 0.524914 23.64 0.00 122.99 46.43
chair 0.524870 0.00 0.00 62.79 132.43
person 0.524831 18.62 3.96 90.55 131.38
chair 0.524725 34.62 140.28 76.68 222.56
person 0.524704 11.56 100.31 39.51 158.65
sheep 0.524546 72.08 209.97 112.54 224.00
boat 0.524397 121.13 0.00 190.16 42.19
bottle 0.524208 15.12 175.22 40.18 224.00
person 0.524174 20.82 100.55 49.80 159.28
chair 0.524141 158.69 157.90 209.68 224.00
sheep 0.524112 61.25 164.90 108.08 221.84
car 0.524096 7.56 0.00 117.19 46.21
person 0.523997 141.39 0.00 224.00 150.89
dog 0.523958 132.97 64.49 192.55 108.76
aeroplane 0.523920 174.68 15.93 198.27 37.33
train 0.523892 211.75 0.00 224.00 23.65
person 0.523826 28.99 99.24 58.27 160.69
sheep 0.523785 82.88 208.83 120.18 224.00
person 0.523703 31.48 15.28 115.44 132.52
person 0.523700 79.49 65.17 142.09 138.85
chair 0.523644 4.80 0.00 99.86 47.99
dog 0.523532 7.86 49.65 27.09 105.19
aeroplane 0.523516 42.59 23.42 76.39 81.99
person 0.523360 191.21 17.27 224.00 109.81
aeroplane 0.523262 47.53 35.18 74.15 91.18
chair 0.523150 50.85 189.27 96.46 224.00
person 0.523140 22.70 34.01 94.39 157.19
bottle 0.523135 74.68 0.00 117.42 34.67
sheep 0.523123 91.21 207.64 129.50 224.00
boat 0.523044 164.73 21.01 192.97 46.29
dog 0.523019 126.03 68.90 173.02 110.17
dog 0.522967 126.78 58.43 157.37 87.99
sofa 0.522959 95.49 88.38 220.43 206.48
person 0.522917 4.41 91.68 25.97 147.43
car 0.522898 89.56 0.00 170.79 41.37
chair 0.522737 77.60 0.00 117.89 21.79
train 0.522717 183.39 6.73 205.24 28.87
person 0.522680 156.27 68.33 204.90 123.69
dog 0.522647 106.06 81.13 160.97 142.09
sheep 0.522643 7.36 44.13 27.81 98.89
diningtable 0.522616 55.09 53.94 73.48 109.24
aeroplane 0.522593 52.66 46.15 73.50 100.08
aeroplane 0.522580 35.93 16.21 72.87 72.93
sheep 0.522352 112.72 163.57 167.34 215.50
sheep 0.522299 160.78 23.82 194.43 56.01
sheep 0.522287 0.00 16.18 5.83 64.61
train 0.522283 189.50 4.05 211.14 26.58
motorbike 0.522237 59.96 55.15 80.26 113.33
chair 0.522132 117.09 131.16 188.53 201.14
sheep 0.522055 105.63 42.55 126.01 79.65
aeroplane 0.521971 167.30 19.75 194.33 44.21
person 0.521920 153.25 136.12 203.04 205.33
person 0.521874 0.00 26.92 7.85 85.75
motorbike 0.521855 65.13 58.51 89.38 117.86
dog 0.521735 15.19 41.06 35.97 98.82
aeroplane 0.521643 131.00 0.00 163.26 19.62
chair 0.521537 13.56 0.00 93.92 110.04
boat 0.521271 123.18 0.00 155.71 18.56
sheep 0.521259 116.23 49.62 139.53 79.90
train 0.521242 162.37 22.65 194.87 55.60
sheep 0.521211 14.38 35.43 38.26 92.71
chair 0.521204 107.90 155.59 160.64 209.36
chair 0.521160 149.05 162.73 191.08 214.97
aeroplane 0.521157 29.15 24.68 60.43 83.14
sheep 0.521103 105.27 25.59 122.76 55.68
person 0.521098 65.30 66.89 91.61 130.82
aeroplane 0.521068 40.28 34.79 66.97 90.56
person 0.521046 42.53 90.73 74.81 147.13
sheep 0.520973 109.75 197.69 156.41 224.00
chair 0.520880 10.81 176.48 33.29 224.00
sheep 0.520864 21.07 25.63 49.20 84.06
aeroplane 0.520814 141.59 0.00 172.55 21.84
sheep 0.520790 99.99 203.83 143.16 224.00
person 0.520783 173.79 137.61 216.13 213.64
chair 0.520690 195.42 102.38 213.52 157.54
person 0.520661 142.20 66.43 192.13 132.35
aeroplane 0.520619 21.41 33.54 45.20 91.37
sheep 0.520593 100.25 22.80 120.08 58.80
bicycle 0.520557 145.69 192.46 194.22 224.00
sheep 0.520551 106.25 53.83 126.87 88.25
person 0.520544 73.89 69.24 100.18 131.33
person 0.520539 59.79 65.05 82.97 126.74
motorbike 0.520527 75.01 61.32 98.32 118.63
car 0.520364 193.40 0.00 224.00 82.75
person 0.520307 80.45 70.87 106.13 129.66
train 0.520271 178.12 16.30 202.55 40.17
train 0.520217 170.18 18.13 197.54 42.59
aeroplane 0.520071 42.51 0.00 78.72 47.87
person 0.520038 32.97 91.57 57.72 146.78
aeroplane 0.520022 44.43 44.21 65.02 98.84
sheep 0.519942 0.00 30.79 23.28 86.63
sheep 0.519918 0.00 21.27 20.45 62.77
sheep 0.519874 105.67 33.98 124.24 71.14
dog 0.519858 145.03 47.20 201.07 88.46
sheep 0.519839 117.30 57.49 143.90 85.71
aeroplane 0.519798 153.55 0.00 180.58 25.11
dog 0.519723 25.27 45.16 42.30 106.50
person 0.519709 170.78 167.18 206.47 213.81
sheep 0.519702 8.51 31.20 33.24 85.75
bottle 0.519701 23.53 0.00 132.74 72.99
dog 0.519700 118.64 71.11 163.94 116.08
sheep 0.519630 99.41 160.36 136.84 209.63
person 0.519598 55.45 65.74 76.32 121.91
aeroplane 0.519593 178.32 8.05 201.15 30.05
sheep 0.519591 99.18 39.11 117.52 81.66
pottedplant 0.519552 6.90 0.00 122.15 72.03
sheep 0.519531 0.00 0.00 7.80 43.72
diningtable 0.519527 46.93 52.25 65.70 108.00
car 0.519523 200.31 0.00 223.71 22.08
train 0.519383 203.53 9.36 217.53 28.14
person 0.519372 52.68 78.67 81.08 137.21
aeroplane 0.519349 184.45 0.00 208.96 25.75
sheep 0.519339 100.70 30.28 118.63 72.64
chair 0.519266 92.50 0.00 131.64 22.81
bicycle 0.519228 170.01 192.38 215.35 224.00
boat 0.519206 90.20 0.00 117.94 43.67
boat 0.519204 114.58 0.00 147.82 18.13
person 0.519117 9.05 60.61 26.35 116.70
dog 0.519096 69.67 0.00 113.11 32.02
sofa 0.519060 120.23 51.65 224.00 196.73
aeroplane 0.519019 178.15 0.00 203.00 25.51
sheep 0.518987 201.30 52.16 213.49 89.39
dog 0.518939 125.70 63.54 161.06 95.75
person 0.518910 114.63 67.16 178.62 133.11
car 0.518856 14.09 0.00 105.40 106.12
aeroplane 0.518852 43.01 8.97 80.99 64.55
aeroplane 0.518850 84.47 0.00 113.64 43.48
person 0.518695 86.89 73.09 112.06 129.13
sheep 0.518688 10.44 23.45 34.44 61.56
boat 0.518672 0.00 0.00 25.56 17.08
dog 0.518651 89.81 0.00 128.61 33.97
aeroplane 0.518641 32.27 40.78 52.87 98.26
sheep 0.518632 30.49 13.64 66.66 62.82
aeroplane 0.518576 19.23 0.00 54.06 13.45
person 0.518548 11.41 0.00 107.93 103.18
boat 0.518484 131.44 22.32 149.80 41.88
sheep 0.518483 153.04 34.60 196.11 75.23
boat 0.518472 104.21 0.00 140.46 19.74
aeroplane 0.518469 85.87 15.70 109.28 61.68
aeroplane 0.518404 161.90 0.00 188.61 25.72
sheep 0.518404 98.08 52.37 116.77 91.80
sheep 0.518344 56.34 189.41 101.64 224.00
boat 0.518295 99.33 0.00 123.90 42.01
person 0.518265 13.86 0.00 165.54 176.32
car 0.518232 184.01 45.78 207.53 83.79
sheep 0.518225 123.21 36.31 141.58 63.24
sheep 0.518166 84.17 171.43 119.20 219.46
bottle 0.518146 105.39 17.15 123.34 49.60
sheep 0.518140 115.17 41.29 134.98 72.20
chair 0.518110 1.61 0.00 107.07 77.99
train 0.518019 190.48 14.63 209.80 37.77
sheep 0.518018 0.00 0.00 11.49 31.01
sheep 0.517989 113.43 33.59 129.94 61.88
dog 0.517935 34.68 47.88 52.22 107.41
sheep 0.517910 121.51 28.35 138.28 49.48
boat 0.517862 62.19 0.00 107.41 17.85
sheep 0.517738 24.50 16.70 56.50 62.44
boat 0.517733 133.04 29.05 151.00 50.49
sheep 0.517718 18.30 20.69 47.28 61.88
car 0.517717 202.21 44.13 216.18 81.83
person 0.517677 94.99 74.75 119.83 130.47
boat 0.517676 97.72 12.83 119.08 53.02
cow 0.517670 95.44 23.66 117.34 66.90
aeroplane 0.517658 170.15 0.00 196.66 25.54
aeroplane 0.517528 11.81 0.00 44.27 12.70
sheep 0.517519 112.40 28.00 128.09 52.46
train 0.517468 200.73 0.00 218.95 23.03
person 0.517454 173.74 69.47 206.18 116.75
boat 0.517448 184.89 32.79 209.22 74.52
aeroplane 0.517402 84.02 5.56 107.57 53.13
person 0.517321 97.06 65.06 117.38 111.30
aeroplane 0.517301 39.58 0.00 80.59 14.35
cow 0.517269 93.12 39.22 112.40 85.60
aeroplane 0.517247 36.84 0.00 82.08 32.79
aeroplane 0.517223 130.17 7.97 151.52 36.21
sheep 0.517171 106.37 65.48 129.53 107.48
chair 0.517143 17.92 57.77 36.02 116.81
motorbike 0.517096 82.83 52.71 104.17 102.47
boat 0.517068 91.49 9.04 115.31 54.35
person 0.517034 46.33 79.56 73.06 134.37
sheep 0.517004 159.34 46.21 201.12 86.15
cow 0.517003 86.47 27.05 107.89 78.28
boat 0.516970 4.35 0.00 34.35 13.45
sheep 0.516941 106.89 169.65 153.28 214.19
person 0.516861 36.27 77.71 55.86 134.31
sheep 0.516859 125.03 46.48 147.96 76.86
boat 0.516772 160.83 0.00 208.90 75.09
aeroplane 0.516750 69.97 11.31 98.03 62.19
person 0.516698 88.78 64.33 110.89 113.14
car 0.516681 203.19 33.30 220.33 74.12
cow 0.516631 85.23 39.32 105.23 90.22
person 0.516572 5.78 78.44 24.95 135.99
chair 0.516563 26.80 57.35 43.82 117.62
sheep 0.516529 97.65 173.25 132.36 216.22
cow 0.516495 90.20 52.61 110.49 96.80
person 0.516458 48.15 64.70 69.08 119.33
boat 0.516386 141.93 24.20 166.52 43.95
aeroplane 0.516356 157.48 29.16 202.11 104.35
person 0.516338 25.48 76.25 45.74 134.47
sheep 0.516271 104.28 75.27 135.72 128.97
person 0.516243 48.25 0.00 193.70 146.02
bottle 0.516146 23.05 183.02 53.27 224.00
train 0.516040 172.21 21.05 202.64 57.06
aeroplane 0.515989 124.52 0.00 154.40 27.88
motorbike 0.515959 70.89 38.60 96.53 94.70
dog 0.515943 112.15 74.58 155.78 122.89
person 0.515891 62.03 0.00 142.00 100.65
boat 0.515887 164.73 33.60 201.81 74.89
person 0.515862 149.88 52.36 195.30 120.37
aeroplane 0.515836 139.40 13.17 164.41 38.02
chair 0.515830 32.72 188.41 70.23 224.00
person 0.515797 78.39 36.03 144.15 122.59
person 0.515783 164.75 47.91 205.33 120.04
boat 0.515717 120.71 22.31 138.08 42.78
chair 0.515699 36.72 60.72 53.47 118.48
aeroplane 0.515652 172.11 8.75 196.65 32.11
sheep 0.515631 117.22 65.79 149.59 100.60
aeroplane 0.515539 31.62 0.00 70.87 47.54
train 0.515401 204.38 14.86 219.19 38.59
sheep 0.515363 0.00 3.20 17.15 41.07
aeroplane 0.515344 68.81 24.12 97.28 81.45
boat 0.515324 187.33 20.80 210.41 57.60
sheep 0.515312 133.94 48.34 158.27 81.13
sheep 0.515269 134.91 38.09 153.83 67.80
boat 0.515226 128.48 0.00 194.78 65.94
aeroplane 0.515154 26.12 12.49 59.88 53.78
motorbike 0.514967 55.41 36.07 86.65 95.78
sheep 0.514948 108.79 12.25 178.90 95.59
person 0.514939 171.52 25.83 216.55 109.20
aeroplane 0.514919 59.31 0.00 107.28 31.48
aeroplane 0.514769 50.07 21.51 86.27 83.25
person 0.514767 14.45 76.91 35.93 135.52
bottle 0.514743 112.96 21.12 129.49 45.92
sheep 0.514729 86.77 0.00 174.48 65.31
boat 0.514725 177.40 0.00 224.00 82.56
aeroplane 0.514697 53.05 2.84 86.76 54.87
aeroplane 0.514650 47.16 0.00 95.62 32.74
car 0.514525 204.39 22.74 221.49 59.12
dog 0.514443 102.31 0.00 137.05 30.24
sheep 0.514434 198.11 70.07 213.52 112.63
sheep 0.514432 141.49 49.16 181.71 83.80
boat 0.514419 118.86 4.43 140.09 36.94
person 0.514361 117.98 46.37 178.30 114.29
aeroplane 0.514286 66.86 0.00 99.62 41.37
chair 0.514255 146.51 181.46 190.04 223.58
sheep 0.514145 143.91 31.09 172.33 54.89
boat 0.514110 109.06 0.75 131.55 39.28
sheep 0.514073 111.89 183.42 161.86 224.00
aeroplane 0.514040 165.60 7.24 189.96 34.19
boat 0.514023 160.72 17.86 186.30 42.80
aeroplane 0.513849 142.21 25.39 195.12 92.98
sheep 0.513828 83.86 193.75 117.58 224.00
aeroplane 0.513640 145.59 0.00 174.98 33.15
boat 0.513405 152.99 24.31 183.33 47.65
sheep 0.513278 195.66 88.14 213.02 140.71
aeroplane 0.513172 27.03 0.00 70.11 30.08
sheep 0.513133 0.00 0.00 20.44 26.39
aeroplane 0.513074 150.69 16.75 178.21 40.86
sheep 0.512958 93.98 193.80 128.75 224.00
sheep 0.512738 152.91 29.65 189.98 58.17
aeroplane 0.512568 158.67 3.40 183.00 35.75
sofa 0.512194 36.45 79.87 188.79 200.78
sheep 0.512185 9.16 1.53 30.59 40.05
sheep 0.511842 144.72 39.81 178.00 71.69
sheep 0.511758 102.83 189.68 146.30 224.00
aeroplane 0.511372 19.58 0.00 49.30 43.61
sheep 0.509842 5.48 0.00 31.80 22.77
sofa 0.509620 91.32 18.01 217.51 184.91
aeroplane 0.509572 15.04 0.00 47.41 24.74
