train 0.668169 0.00 6.94 223.54 220.48
bus 0.559346 0.00 3.55 214.02 216.76
aeroplane 0.554460 35.57 0.00 195.10 158.55
train 0.552606 0.84 31.63 136.06 207.69
person 0.551293 197.32 61.16 224.00 214.31
train 0.549746 23.29 66.31 199.24 222.46
person 0.548006 182.09 49.50 224.00 216.22
dog 0.545511 195.84 72.39 224.00 212.98
train 0.542593 105.93 29.14 222.72 223.62
train 0.542176 0.42 38.96 78.49 197.53
train 0.540023 193.92 25.98 224.00 189.56
person 0.539944 87.03 19.71 220.50 222.31
car 0.538979 220.00 107.87 224.00 177.45
person 0.538382 159.26 30.77 224.00 216.17
boat 0.536245 34.12 0.00 181.52 153.06
dog 0.535728 0.00 44.62 85.06 197.19
car 0.535721 0.00 0.00 211.43 224.00
dog 0.535512 119.46 210.38 160.33 224.00
dog 0.535326 0.00 58.59 52.20 200.77
car 0.534965 220.00 90.15 224.00 148.85
train 0.534439 37.78 143.41 178.76 224.00
dog 0.534324 0.00 168.86 34.33 224.00
train 0.534323 142.45 60.08 221.00 219.20
aeroplane 0.533900 189.72 1.25 224.00 159.30
aeroplane 0.533714 179.94 0.00 224.00 50.37
car 0.533446 0.00 38.00 48.90 172.25
dog 0.533124 106.68 209.65 145.19 224.00
dog 0.533013 220.00 124.38 224.00 191.89
dog 0.532996 88.63 209.25 124.62 224.00
dog 0.532698 132.06 209.79 171.70 224.00
car 0.531608 220.00 72.95 224.00 124.40
dog 0.531457 71.65 210.76 109.89 224.00
dog 0.531444 0.00 206.17 20.42 224.00
dog 0.531391 0.00 82.98 36.91 210.72
dog 0.531299 139.81 210.98 181.60 224.00
dog 0.530853 209.47 203.75 224.00 224.00
train 0.530646 86.38 62.81 114.79 91.23
sheep 0.530602 0.00 210.28 31.71 224.00
boat 0.530358 4.09 43.10 80.54 182.54
dog 0.530204 0.00 44.79 10.52 96.54
car 0.529957 0.00 25.35 37.34 147.40
aeroplane 0.529549 210.96 0.00 224.00 26.10
dog 0.529334 158.18 212.41 208.58 224.00
bottle 0.529267 0.00 41.22 10.55 88.04
dog 0.529120 56.74 211.44 93.78 224.00
dog 0.528918 35.79 155.16 144.95 224.00
boat 0.528861 73.76 0.00 159.95 35.78
car 0.528821 13.45 82.28 56.81 136.69
dog 0.528432 64.87 153.24 97.21 205.06
boat 0.528266 92.37 9.69 214.82 197.36
dog 0.528153 220.00 150.19 224.00 208.77
boat 0.527836 52.07 0.00 176.45 87.65
boat 0.527775 0.00 7.00 33.72 119.42
car 0.527765 0.00 0.00 39.27 61.40
person 0.527714 178.05 154.66 224.00 224.00
boat 0.527474 156.03 12.37 224.00 188.72
person 0.527401 0.00 0.00 19.07 24.76
train 0.527377 23.13 16.39 176.40 175.29
sheep 0.527308 7.14 115.22 30.04 169.26
boat 0.526989 126.37 0.00 199.47 32.32
dog 0.526958 22.77 78.29 158.87 219.27
boat 0.526943 12.31 79.20 48.49 130.28
dog 0.526668 7.69 84.99 40.41 132.24
dog 0.526560 0.00 139.18 30.33 224.00
dog 0.526553 13.26 172.37 79.91 224.00
dog 0.526436 0.00 52.08 11.73 112.55
sheep 0.526070 0.00 114.60 23.21 173.39
dog 0.525988 19.19 212.14 51.22 224.00
dog 0.525959 96.19 178.04 117.64 203.06
car 0.525914 30.08 58.12 56.83 87.06
dog 0.525910 3.49 211.69 36.35 224.00
dog 0.525886 144.55 78.21 220.43 217.89
aeroplane 0.525828 220.00 57.51 224.00 106.04
dog 0.525818 0.00 77.89 18.20 132.45
car 0.525796 156.87 0.00 224.00 36.20
aeroplane 0.525739 220.00 8.18 224.00 49.82
dog 0.525634 42.29 211.50 83.90 224.00
sheep 0.525551 5.60 95.22 34.25 149.75
dog 0.525549 73.78 77.11 216.49 220.40
bottle 0.525511 0.00 16.94 12.58 49.68
sheep 0.525350 13.13 116.02 36.01 168.16
dog 0.525341 73.51 169.80 205.47 224.00
dog 0.525252 111.79 66.99 135.07 88.76
dog 0.525049 26.66 211.45 60.06 224.00
dog 0.525010 171.54 208.43 218.22 224.00
sheep 0.524869 0.00 115.45 10.47 175.67
car 0.524840 189.97 108.70 213.14 170.41
sheep 0.524836 5.17 47.45 22.11 90.29
boat 0.524748 44.69 0.00 123.04 38.07
dog 0.524693 195.26 207.15 224.00 224.00
boat 0.524593 10.39 89.07 42.01 139.20
dog 0.524579 99.16 66.16 122.53 88.41
boat 0.524457 0.00 14.27 55.27 126.60
aeroplane 0.524452 168.48 76.02 187.02 93.88
aeroplane 0.524432 189.29 113.16 213.82 179.70
boat 0.524388 0.00 8.99 13.20 43.64
sheep 0.524386 1.37 84.06 36.01 133.98
boat 0.524355 90.14 0.00 202.15 142.20
boat 0.524317 32.05 0.00 103.98 44.05
car 0.524272 30.08 49.25 55.09 81.65
car 0.524271 80.51 59.84 114.14 88.58
aeroplane 0.524204 220.00 38.52 224.00 89.73
boat 0.524070 19.98 21.62 37.86 45.94
dog 0.523991 34.32 211.39 71.49 224.00
dog 0.523924 121.84 66.52 143.90 89.53
dog 0.523917 12.99 94.31 90.30 218.61
aeroplane 0.523868 178.01 0.00 224.00 88.54
dog 0.523862 0.00 89.94 16.05 146.60
dog 0.523817 118.69 172.03 213.93 224.00
dog 0.523813 220.00 176.19 224.00 224.00
dog 0.523727 0.00 98.05 12.72 158.14
boat 0.523590 5.19 21.93 23.24 45.05
boat 0.523585 26.38 49.37 48.35 79.68
car 0.523463 212.00 103.25 224.00 175.95
aeroplane 0.523421 162.70 74.85 179.60 93.48
car 0.523411 8.50 89.20 47.02 142.39
dog 0.523403 212.00 109.71 224.00 184.09
dog 0.523394 220.00 2.00 224.00 42.43
dog 0.523386 129.98 67.05 149.47 89.28
bottle 0.523294 6.21 44.75 22.03 81.76
aeroplane 0.523289 72.03 79.82 105.99 117.16
aeroplane 0.523282 156.96 0.00 224.00 173.93
dog 0.523267 80.74 94.26 109.22 125.87
sheep 0.523263 0.00 185.49 13.02 224.00
dog 0.523250 67.11 142.53 100.65 195.77
sheep 0.523234 0.00 189.52 23.98 221.28
boat 0.523192 10.44 38.69 124.44 185.76
dog 0.523181 0.00 101.75 55.95 218.08
sheep 0.523111 3.99 52.52 25.00 108.72
boat 0.523080 13.80 0.00 42.61 19.13
aeroplane 0.523027 160.37 68.11 180.63 88.24
aeroplane 0.523011 165.55 68.76 187.58 88.56
boat 0.522923 17.76 0.00 75.24 51.66
boat 0.522913 20.50 27.83 37.56 51.80
boat 0.522815 13.35 22.65 30.83 43.95
boat 0.522734 24.80 27.14 44.80 55.14
car 0.522680 35.42 55.05 61.64 84.12
aeroplane 0.522632 220.00 17.82 224.00 69.75
aeroplane 0.522631 50.62 90.03 88.31 129.71
car 0.522623 54.10 61.57 87.88 86.60
sheep 0.522612 138.36 68.28 156.53 88.20
boat 0.522542 18.21 14.64 37.67 39.95
sheep 0.522459 3.91 71.04 33.12 125.20
boat 0.522396 21.40 0.00 50.03 18.72
dog 0.522232 187.87 140.82 213.60 202.08
dog 0.522229 91.52 182.20 112.25 206.67
dog 0.522121 217.20 0.00 224.00 35.17
dog 0.522005 68.22 182.74 90.40 213.43
car 0.521924 65.18 36.24 86.30 58.79
boat 0.521880 0.00 0.00 27.77 21.58
aeroplane 0.521863 26.19 86.70 70.79 133.08
aeroplane 0.521776 156.83 73.74 173.10 92.87
boat 0.521742 26.05 42.73 46.19 71.54
boat 0.521734 3.91 14.97 24.37 40.77
dog 0.521659 73.50 183.82 95.12 210.33
aeroplane 0.521656 10.66 95.93 52.97 153.95
aeroplane 0.521647 154.44 68.35 173.86 88.36
car 0.521638 29.77 34.29 52.87 64.87
boat 0.521605 25.26 34.85 44.98 62.65
dog 0.521599 189.50 121.69 214.63 189.98
car 0.521593 55.02 34.70 76.68 59.27
boat 0.521581 24.44 20.54 43.99 47.69
car 0.521572 29.57 26.63 52.68 57.24
dog 0.521530 72.12 177.86 96.68 204.19
boat 0.521486 0.00 0.00 14.88 34.12
dog 0.521481 53.69 95.36 85.63 134.76
dog 0.521472 65.29 28.98 83.34 48.32
car 0.521468 67.06 62.57 107.40 87.57
car 0.521422 40.89 61.50 68.89 87.63
aeroplane 0.521387 147.11 68.60 166.20 88.09
sheep 0.521285 0.00 166.00 11.97 213.29
boat 0.521267 22.05 22.96 154.31 167.96
dog 0.521253 182.91 148.69 209.62 197.43
dog 0.521213 66.98 176.35 92.54 207.60
dog 0.521091 55.18 27.78 74.97 50.25
dog 0.521063 35.77 26.35 59.66 56.84
dog 0.521063 7.91 128.51 28.78 183.00
sheep 0.521060 9.24 106.47 43.56 162.11
aeroplane 0.521049 10.87 71.18 40.58 122.20
boat 0.521046 6.78 0.00 34.93 20.25
dog 0.521003 93.42 190.47 120.04 224.00
dog 0.520934 9.71 192.22 30.50 219.76
sheep 0.520901 140.11 71.96 155.58 92.02
car 0.520859 35.02 41.44 59.67 73.94
aeroplane 0.520829 170.84 81.80 186.14 99.72
dog 0.520822 16.15 128.24 35.04 181.67
car 0.520770 35.56 33.53 59.64 64.85
boat 0.520756 24.82 13.51 98.42 128.41
car 0.520731 53.32 50.26 82.29 78.43
dog 0.520676 0.00 198.57 16.33 224.00
car 0.520660 24.21 58.65 53.76 93.46
dog 0.520655 69.31 167.06 98.72 203.78
boat 0.520614 6.98 95.71 44.90 150.95
sheep 0.520603 18.59 124.62 43.41 173.59
boat 0.520588 29.90 0.00 58.52 18.37
bottle 0.520587 0.00 27.98 10.67 63.77
dog 0.520583 215.12 192.67 224.00 224.00
boat 0.520578 23.18 47.69 41.74 75.92
boat 0.520563 12.00 15.81 31.46 39.59
boat 0.520545 45.65 0.00 76.52 18.11
dog 0.520493 131.92 183.79 159.71 207.01
car 0.520491 64.70 43.88 90.68 71.86
aeroplane 0.520489 91.26 60.52 116.43 87.47
person 0.520436 148.42 160.39 224.00 224.00
dog 0.520409 136.28 176.14 158.26 196.56
aeroplane 0.520407 16.59 89.04 61.57 147.79
car 0.520392 64.34 52.23 96.35 82.02
aeroplane 0.520391 148.22 0.00 179.49 16.55
dog 0.520389 66.72 92.32 101.20 127.92
dog 0.520365 9.11 184.57 28.74 210.94
car 0.520343 72.69 37.81 94.38 59.57
car 0.520335 41.96 49.05 67.69 79.01
sheep 0.520282 0.00 131.32 10.73 190.69
car 0.520271 54.00 42.53 78.79 70.03
dog 0.520263 149.26 72.96 165.56 92.06
boat 0.520191 38.52 0.00 68.13 18.45
car 0.520171 72.22 45.34 100.84 75.31
dog 0.520141 44.41 26.88 66.52 53.70
car 0.520109 29.31 20.13 51.05 48.33
dog 0.520078 90.83 103.73 111.89 130.85
dog 0.520053 67.53 109.38 90.34 148.87
dog 0.519995 72.68 30.88 90.32 47.26
aeroplane 0.519941 155.46 0.00 187.66 17.08
aeroplane 0.519907 141.10 0.00 170.88 16.86
boat 0.519824 15.61 49.49 32.57 82.82
dog 0.519814 75.42 100.88 101.35 129.13
sheep 0.519793 0.00 171.68 23.11 211.70
car 0.519787 31.44 64.40 61.54 94.56
aeroplane 0.519777 163.35 0.00 195.41 17.88
dog 0.519722 16.68 140.04 34.28 194.57
aeroplane 0.519702 184.16 117.73 207.57 164.11
dog 0.519679 36.98 19.98 58.82 46.99
car 0.519658 53.60 0.00 84.87 17.36
boat 0.519639 23.95 0.00 86.07 96.53
car 0.519623 43.99 33.75 66.86 61.91
dog 0.519596 7.09 157.97 28.81 201.79
dog 0.519572 99.13 108.08 115.99 129.81
dog 0.519547 80.64 179.32 106.35 202.75
car 0.519544 42.86 41.56 66.88 71.32
bottle 0.519522 16.75 46.12 32.24 75.41
boat 0.519512 13.24 54.55 34.87 101.12
boat 0.519427 15.07 27.81 30.79 48.66
boat 0.519384 6.94 26.09 22.19 49.72
dog 0.519368 18.06 117.64 50.35 169.27
dog 0.519340 99.80 151.03 117.67 180.46
aeroplane 0.519322 173.47 77.97 193.64 93.00
aeroplane 0.519304 172.11 0.00 202.04 18.49
dog 0.519301 73.05 109.87 95.98 147.06
dog 0.519291 24.48 185.74 44.15 212.73
dog 0.519288 183.89 123.13 208.69 173.79
car 0.519285 62.22 0.00 92.85 16.30
car 0.519284 21.15 54.23 46.75 85.47
dog 0.519208 56.75 107.57 82.10 150.78
car 0.519203 22.68 66.97 56.65 107.85
dog 0.519165 18.18 184.92 34.74 209.97
boat 0.519139 12.49 61.61 37.62 113.32
dog 0.519134 68.26 119.51 89.38 161.22
aeroplane 0.519129 191.52 0.00 216.92 20.93
dog 0.519115 100.08 183.48 122.47 208.58
aeroplane 0.519074 175.97 84.38 193.41 100.10
dog 0.519052 16.79 159.54 34.21 201.60
dog 0.519044 8.04 174.97 28.58 207.19
aeroplane 0.519029 190.63 104.81 211.74 147.54
dog 0.519007 67.31 20.99 81.46 38.16
dog 0.518988 88.70 64.41 115.15 89.25
sheep 0.518970 0.00 129.27 21.86 188.96
boat 0.518856 21.85 34.50 37.46 58.72
dog 0.518854 18.53 193.16 37.75 220.03
boat 0.518838 16.01 0.00 38.88 30.05
dog 0.518816 167.63 194.82 208.10 224.00
aeroplane 0.518812 164.60 80.00 178.50 98.37
dog 0.518771 34.17 193.95 58.03 224.00
dog 0.518750 84.63 104.44 106.17 134.97
aeroplane 0.518740 92.62 0.00 124.61 15.06
boat 0.518740 22.90 41.59 38.89 67.16
dog 0.518670 212.00 130.36 224.00 199.44
dog 0.518642 138.70 168.42 156.88 187.89
person 0.518638 139.38 101.27 218.51 217.59
aeroplane 0.518622 201.35 0.00 223.34 24.03
bottle 0.518585 7.22 38.82 21.54 68.50
dog 0.518581 32.64 185.10 54.76 217.94
dog 0.518540 98.77 159.88 117.37 190.89
dog 0.518498 67.98 101.42 92.54 138.15
dog 0.518494 180.00 113.26 196.52 138.56
aeroplane 0.518462 48.04 78.82 89.28 120.34
dog 0.518398 25.59 194.67 47.62 223.03
dog 0.518337 57.43 20.10 73.87 40.20
dog 0.518290 124.91 194.24 158.87 224.00
dog 0.518255 173.87 113.47 187.25 136.00
car 0.518216 81.39 38.29 103.31 62.37
dog 0.518206 177.93 155.98 202.12 191.53
aeroplane 0.518200 152.25 10.33 174.36 34.31
dog 0.518194 92.24 147.34 112.45 185.48
dog 0.518158 172.83 182.00 205.31 215.27
dog 0.518142 43.71 193.19 67.45 224.00
dog 0.518120 68.34 129.74 91.71 173.00
aeroplane 0.518119 170.35 70.51 193.46 87.69
dog 0.518098 90.92 169.68 113.97 200.26
dog 0.518081 46.29 20.36 65.85 43.76
aeroplane 0.518004 178.95 90.08 193.52 108.74
car 0.517972 17.35 62.53 48.94 109.88
boat 0.517944 27.28 13.12 49.63 38.54
aeroplane 0.517923 182.24 0.00 209.48 19.18
dog 0.517898 140.90 170.21 162.94 191.25
dog 0.517896 180.17 117.47 197.29 147.72
dog 0.517890 132.82 117.03 147.27 144.21
dog 0.517839 134.06 124.08 146.56 150.92
dog 0.517834 81.10 31.86 99.78 47.86
dog 0.517764 105.26 113.21 121.23 134.50
dog 0.517761 54.18 183.92 79.98 218.16
dog 0.517759 149.02 127.45 162.95 151.21
dog 0.517747 149.61 119.94 164.10 143.70
dog 0.517694 13.80 136.52 81.22 224.00
train 0.517682 75.59 64.06 110.59 90.30
aeroplane 0.517651 143.53 61.66 166.49 84.05
dog 0.517635 124.09 116.01 140.10 144.66
car 0.517605 80.19 45.38 108.66 79.91
aeroplane 0.517587 132.71 0.00 162.38 16.31
dog 0.517568 212.00 91.04 224.00 143.21
dog 0.517563 91.94 157.69 112.75 194.95
dog 0.517561 60.95 118.30 81.49 160.72
dog 0.517551 119.70 60.33 144.66 85.37
dog 0.517537 17.44 175.70 34.15 205.63
aeroplane 0.517514 135.14 62.36 156.83 84.37
dog 0.517502 68.00 6.57 82.65 27.10
dog 0.517499 35.25 101.75 70.86 152.46
aeroplane 0.517489 151.24 60.22 174.12 83.27
dog 0.517485 20.52 161.45 41.35 205.14
dog 0.517477 140.08 161.45 156.21 181.75
dog 0.517463 120.95 111.50 140.91 139.45
dog 0.517451 19.06 140.92 40.94 197.10
dog 0.517422 95.16 203.91 128.61 224.00
dog 0.517414 59.14 8.26 75.17 28.81
dog 0.517395 100.11 144.72 116.13 171.08
aeroplane 0.517361 157.15 59.39 180.70 82.57
dog 0.517346 73.48 23.05 88.38 37.48
sheep 0.517340 127.47 61.08 149.61 84.87
dog 0.517318 144.29 154.41 162.38 177.29
boat 0.517315 36.61 0.00 124.81 92.53
dog 0.517285 143.11 162.28 162.49 184.70
dog 0.517267 37.33 12.23 58.29 36.46
dog 0.517150 74.88 154.82 106.17 199.50
aeroplane 0.517140 107.58 0.00 140.41 14.68
dog 0.517131 83.40 109.92 104.34 143.95
dog 0.517127 175.79 171.88 203.09 207.32
aeroplane 0.517123 115.52 0.00 148.40 15.30
aeroplane 0.517112 162.73 59.77 187.27 83.76
dog 0.517092 212.00 79.67 222.05 124.96
boat 0.517078 9.23 0.00 32.14 30.73
dog 0.517070 66.08 192.45 89.51 224.00
aeroplane 0.516986 76.92 0.00 107.53 14.41
aeroplane 0.516954 109.54 36.46 138.49 66.86
dog 0.516935 91.03 37.99 110.45 64.90
dog 0.516930 23.24 108.41 59.58 163.23
dog 0.516918 47.67 10.88 66.33 32.89
dog 0.516910 179.67 106.97 195.72 129.96
dog 0.516906 179.37 122.47 197.99 157.95
car 0.516895 26.42 77.89 69.55 121.86
aeroplane 0.516864 183.59 111.91 205.12 143.44
dog 0.516848 91.44 32.26 109.14 49.79
dog 0.516799 23.08 177.42 42.50 208.33
aeroplane 0.516774 172.69 88.83 185.30 109.13
aeroplane 0.516763 158.28 78.24 172.62 97.73
aeroplane 0.516756 148.83 12.97 166.48 32.44
dog 0.516720 173.20 118.41 187.62 144.01
aeroplane 0.516688 154.35 21.09 174.38 41.67
dog 0.516666 141.16 126.38 154.35 150.94
boat 0.516659 21.52 0.00 44.66 28.92
dog 0.516625 103.88 153.30 122.73 178.48
dog 0.516619 139.79 154.39 156.00 176.11
dog 0.516546 140.89 119.09 155.37 143.90
aeroplane 0.516537 154.99 27.37 174.97 49.18
aeroplane 0.516489 180.74 84.89 201.24 100.71
dog 0.516473 77.47 168.87 106.69 202.38
dog 0.516431 122.85 176.88 148.90 197.35
dog 0.516429 80.65 75.78 111.00 113.79
dog 0.516419 156.28 120.14 169.16 142.63
dog 0.516355 147.15 136.43 162.39 160.65
dog 0.516300 125.32 122.51 139.07 151.49
dog 0.516266 130.76 111.49 148.10 138.88
dog 0.516238 133.97 133.82 146.71 160.32
dog 0.516225 149.29 113.21 165.30 138.15
dog 0.516202 102.27 114.24 114.72 138.44
dog 0.516174 94.95 100.37 115.23 125.20
dog 0.516174 145.33 145.96 162.43 169.74
aeroplane 0.516165 192.27 86.64 209.75 114.83
dog 0.516152 92.88 140.76 111.21 175.87
dog 0.516141 173.93 107.27 186.32 128.92
aeroplane 0.516131 191.96 81.66 209.22 105.33
dog 0.516101 99.05 170.42 121.71 197.56
dog 0.516090 111.71 112.71 130.67 138.01
bottle 0.516088 17.05 40.31 31.74 64.24
dog 0.516067 156.77 113.28 169.96 136.13
dog 0.516063 53.78 142.85 210.09 224.00
aeroplane 0.516062 179.88 98.34 194.10 120.09
boat 0.516036 83.93 0.00 192.34 71.06
dog 0.516017 102.15 160.81 122.34 188.78
aeroplane 0.516009 196.40 12.08 207.77 32.12
person 0.515957 157.45 128.85 220.96 224.00
dog 0.515935 178.30 129.98 198.80 168.09
bottle 0.515920 8.01 31.63 21.44 57.32
dog 0.515916 170.50 167.31 193.01 193.63
dog 0.515909 123.61 183.06 154.08 206.59
dog 0.515900 79.10 205.02 116.34 224.00
dog 0.515861 124.69 152.71 142.71 177.83
aeroplane 0.515730 100.14 33.09 117.30 51.20
dog 0.515728 112.08 153.43 132.43 178.70
dog 0.515713 170.87 175.61 197.57 202.05
dog 0.515703 106.57 178.15 131.73 200.77
dog 0.515699 180.03 155.47 209.74 213.59
dog 0.515686 169.49 160.04 190.83 186.06
aeroplane 0.515640 183.31 90.88 202.43 110.44
dog 0.515639 107.69 183.30 134.08 207.18
dog 0.515627 139.99 135.60 154.29 160.29
dog 0.515562 94.84 111.22 110.06 141.08
aeroplane 0.515525 99.62 39.00 116.98 65.51
dog 0.515497 134.16 168.12 152.21 187.77
dog 0.515496 154.82 127.80 167.95 151.22
dog 0.515486 62.95 135.84 88.64 181.59
dog 0.515482 139.29 145.91 155.38 169.64
dog 0.515465 76.64 138.57 105.49 182.44
dog 0.515442 42.64 113.55 70.94 160.68
dog 0.515440 30.13 177.76 52.48 212.37
dog 0.515435 39.47 178.24 63.45 214.64
dog 0.515428 164.20 113.39 175.41 134.93
dog 0.515397 207.99 152.72 224.00 214.02
dog 0.515389 108.49 108.61 131.90 133.41
aeroplane 0.515377 105.71 39.55 129.72 65.96
dog 0.515376 73.20 5.78 88.67 26.74
dog 0.515351 124.05 160.31 143.46 184.53
dog 0.515350 63.36 128.65 83.74 169.66
dog 0.515347 81.22 23.97 97.77 38.39
dog 0.515330 158.35 85.65 172.29 108.61
aeroplane 0.515303 88.14 45.32 112.13 82.43
dog 0.515283 117.40 106.74 141.57 134.60
aeroplane 0.515280 106.05 44.40 136.41 78.08
aeroplane 0.515267 178.02 78.37 200.33 93.22
boat 0.515251 124.67 0.00 208.30 72.58
dog 0.515227 122.64 168.95 145.15 191.09
aeroplane 0.515225 164.87 87.55 177.12 108.36
aeroplane 0.515211 85.39 52.78 114.07 92.36
aeroplane 0.515144 154.21 33.11 175.37 57.87
aeroplane 0.515074 155.90 8.59 180.60 35.82
dog 0.515072 178.11 139.07 200.39 176.89
aeroplane 0.515070 191.03 93.38 210.37 126.23
aeroplane 0.515060 79.88 62.70 112.52 97.88
dog 0.515042 139.84 112.75 156.52 138.72
dog 0.515013 124.56 133.06 138.83 160.96
aeroplane 0.514986 183.03 106.25 204.67 133.07
boat 0.514968 16.74 33.44 30.89 55.34
dog 0.514952 157.74 96.41 171.79 120.91
aeroplane 0.514928 164.38 26.87 187.32 50.03
dog 0.514928 124.29 144.56 140.74 170.44
sofa 0.514904 147.21 0.00 224.00 78.93
dog 0.514863 134.26 153.38 149.85 175.77
aeroplane 0.514828 168.62 60.99 193.17 83.52
dog 0.514786 134.88 160.66 150.96 181.26
dog 0.514760 157.35 105.62 171.20 129.25
dog 0.514745 110.55 161.02 132.02 187.40
dog 0.514736 25.94 161.93 50.42 207.89
dog 0.514714 6.77 205.96 33.44 224.00
dog 0.514704 173.43 98.53 184.96 120.66
aeroplane 0.514697 173.93 25.97 192.88 47.96
aeroplane 0.514686 150.98 22.43 166.47 39.85
dog 0.514685 133.62 144.73 148.27 169.44
aeroplane 0.514599 196.49 17.96 206.12 37.95
dog 0.514586 149.20 105.73 166.59 131.96
dog 0.514585 103.60 147.07 120.99 169.28
dog 0.514567 107.89 191.72 137.37 224.00
aeroplane 0.514558 185.52 13.27 198.84 33.09
aeroplane 0.514556 151.70 40.54 175.51 68.79
dog 0.514551 31.54 126.29 57.60 173.45
car 0.514531 49.43 68.07 89.17 104.43
dog 0.514525 171.36 124.64 187.29 153.88
aeroplane 0.514496 183.87 98.14 203.59 122.70
aeroplane 0.514459 112.42 31.41 139.08 54.40
dog 0.514453 77.95 191.52 102.70 224.00
aeroplane 0.514442 149.55 50.50 174.43 78.00
dog 0.514427 101.93 134.42 114.41 158.14
aeroplane 0.514422 91.07 23.99 107.42 40.40
dog 0.514417 128.83 105.51 149.07 133.34
sheep 0.514410 133.13 74.05 149.03 97.05
aeroplane 0.514401 106.98 34.02 130.13 52.31
dog 0.514392 150.04 76.66 164.76 96.99
dog 0.514371 164.85 106.77 176.15 128.11
dog 0.514360 49.96 124.68 72.78 166.65
aeroplane 0.514334 190.54 75.27 208.50 97.51
aeroplane 0.514327 183.48 0.00 203.25 24.81
dog 0.514246 149.64 96.19 166.97 123.18
dog 0.514216 20.39 128.49 47.62 183.61
aeroplane 0.514192 151.30 27.83 167.32 47.62
dog 0.514161 107.36 170.29 131.18 195.08
aeroplane 0.514149 175.66 70.72 199.79 87.73
boat 0.514142 29.08 0.00 52.79 27.16
dog 0.514072 163.07 119.65 174.62 142.54
dog 0.514060 82.55 119.80 103.37 154.93
dog 0.514032 168.80 152.44 189.88 179.39
sheep 0.514017 115.56 98.25 141.75 127.86
dog 0.513926 53.13 166.23 83.63 207.97
dog 0.513924 111.88 146.34 130.53 170.36
dog 0.513905 106.82 101.19 132.27 128.27
aeroplane 0.513856 159.73 48.03 187.22 77.44
dog 0.513851 47.44 0.00 72.29 22.41
dog 0.513849 150.08 84.09 165.91 109.69
dog 0.513845 172.85 167.33 209.36 221.16
aeroplane 0.513831 164.88 20.61 187.08 43.57
dog 0.513822 164.77 98.02 176.29 120.47
aeroplane 0.513803 105.08 53.79 135.45 85.36
aeroplane 0.513803 142.90 52.02 166.75 79.71
sheep 0.513799 127.47 95.97 149.00 125.27
sheep 0.513779 123.07 73.24 143.32 97.43
aeroplane 0.513775 185.06 21.42 198.34 39.41
dog 0.513767 103.29 122.26 114.40 145.39
dog 0.513759 138.95 105.93 157.77 133.24
dog 0.513754 152.07 136.96 166.83 161.05
aeroplane 0.513732 112.85 41.69 143.51 75.10
aeroplane 0.513680 99.97 24.57 115.78 42.35
aeroplane 0.513642 98.53 3.77 116.20 30.88
aeroplane 0.513556 67.74 66.67 110.32 103.54
dog 0.513548 154.94 175.81 179.70 196.36
dog 0.513540 52.81 132.13 75.89 174.84
aeroplane 0.513533 80.81 4.44 97.50 27.74
dog 0.513519 157.60 183.16 185.41 204.29
dog 0.513497 64.59 0.00 88.77 17.74
dog 0.513491 153.42 168.88 176.03 189.81
aeroplane 0.513483 150.08 33.14 168.11 56.79
aeroplane 0.513479 174.96 61.58 199.84 82.48
aeroplane 0.513472 90.33 3.74 107.75 29.55
dog 0.513462 37.06 164.43 61.80 209.22
aeroplane 0.513446 182.78 26.21 198.61 46.25
dog 0.513426 211.93 69.41 219.98 107.69
dog 0.513406 62.89 207.23 98.00 224.00
aeroplane 0.513405 167.56 48.33 193.31 76.11
dog 0.513389 101.74 103.22 122.04 125.70
dog 0.513382 141.09 177.13 167.46 196.08
aeroplane 0.513353 189.27 66.70 207.80 90.55
dog 0.513350 80.74 130.96 104.27 169.16
car 0.513332 31.01 69.73 67.88 104.87
aeroplane 0.513315 175.09 20.51 192.04 41.43
aeroplane 0.513292 146.58 41.08 167.66 68.88
aeroplane 0.513257 141.03 14.64 156.51 30.50
aeroplane 0.513237 162.38 31.67 187.17 57.66
dog 0.513210 95.07 131.74 110.25 162.22
dog 0.513137 138.48 96.11 157.42 124.50
aeroplane 0.513134 189.05 57.50 207.47 83.20
aeroplane 0.513098 171.01 30.74 192.63 55.51
dog 0.513094 56.44 0.00 81.16 19.07
aeroplane 0.513031 174.43 50.29 199.87 74.40
dog 0.513023 169.18 133.76 187.35 163.61
sheep 0.513016 130.18 83.00 149.14 111.01
aeroplane 0.512987 163.06 8.05 187.04 36.74
sheep 0.512883 119.38 84.34 143.15 113.30
dog 0.512878 154.29 161.90 174.88 183.94
dog 0.512874 15.36 207.13 41.17 224.00
aeroplane 0.512872 188.19 47.45 206.75 75.25
dog 0.512779 82.09 61.54 112.34 97.05
dog 0.512779 96.42 120.38 110.00 149.05
dog 0.512708 168.50 143.60 188.52 171.92
aeroplane 0.512707 167.64 37.44 192.84 65.68
aeroplane 0.512683 174.26 10.11 191.89 34.82
aeroplane 0.512679 210.65 6.77 216.15 35.93
aeroplane 0.512677 99.79 47.59 125.14 79.06
aeroplane 0.512662 174.65 39.56 198.95 64.67
sheep 0.512652 139.63 82.91 155.58 109.88
aeroplane 0.512611 159.61 37.81 187.22 67.53
aeroplane 0.512596 114.83 51.60 144.41 82.75
dog 0.512581 51.93 207.42 88.85 224.00
aeroplane 0.512554 171.48 0.00 195.82 25.31
dog 0.512531 158.75 194.22 192.17 224.00
aeroplane 0.512472 118.02 28.28 143.13 53.39
dog 0.512458 139.26 183.32 168.15 203.42
aeroplane 0.512432 210.69 11.29 214.93 40.94
aeroplane 0.512394 211.62 60.61 219.14 98.63
dog 0.512384 207.07 0.00 218.85 31.35
dog 0.512361 160.95 126.89 173.47 152.14
dog 0.512336 203.30 175.28 224.00 224.00
aeroplane 0.512299 194.67 21.68 205.19 45.40
dog 0.512272 53.22 138.11 80.44 186.59
aeroplane 0.512270 105.97 5.43 125.65 31.21
aeroplane 0.512232 107.49 25.56 127.48 42.39
dog 0.512208 70.51 0.00 94.29 16.76
aeroplane 0.512207 211.34 51.74 218.65 90.43
aeroplane 0.512181 178.64 31.69 198.26 54.50
dog 0.512135 155.50 154.26 174.37 177.34
aeroplane 0.512063 161.19 0.00 190.72 25.73
sheep 0.512054 111.76 71.31 132.09 95.75
aeroplane 0.512002 133.46 53.60 156.89 80.89
sheep 0.511890 109.80 84.64 132.46 113.84
dog 0.511870 105.99 123.60 118.91 145.98
dog 0.511833 104.51 135.91 118.96 157.95
dog 0.511745 112.15 134.97 128.29 160.53
dog 0.511728 113.42 123.10 128.20 150.03
aeroplane 0.511667 114.25 7.52 135.80 32.51
aeroplane 0.511643 188.50 36.92 205.58 66.43
aeroplane 0.511625 140.65 28.55 156.74 45.95
aeroplane 0.511621 96.09 56.32 122.11 86.69
dog 0.511587 53.92 149.78 83.34 200.04
aeroplane 0.511582 138.32 33.87 157.07 56.30
aeroplane 0.511558 114.76 24.27 138.09 42.91
aeroplane 0.511502 141.59 23.49 156.28 37.51
dog 0.511413 197.48 195.12 224.00 224.00
aeroplane 0.511401 210.52 42.19 218.06 82.65
aeroplane 0.511370 135.59 42.27 157.34 69.79
aeroplane 0.511363 130.02 13.10 147.24 31.43
dog 0.511211 156.36 145.77 173.34 170.16
aeroplane 0.511164 123.59 32.86 146.88 59.97
dog 0.511159 89.37 79.41 113.16 111.70
aeroplane 0.511154 121.59 9.69 141.74 33.01
dog 0.511115 158.19 136.15 172.81 161.86
aeroplane 0.511036 120.83 41.09 147.32 72.20
dog 0.510958 138.39 193.43 170.61 224.00
aeroplane 0.510735 191.39 27.76 204.78 55.63
aeroplane 0.510523 127.23 27.91 146.65 49.22
aeroplane 0.510486 120.80 22.18 142.38 42.17
aeroplane 0.510481 125.43 0.00 150.68 19.13
dog 0.510460 33.53 145.17 58.56 199.15
aeroplane 0.510317 88.17 0.00 113.61 17.16
aeroplane 0.510297 101.86 0.00 128.22 17.61
aeroplane 0.510001 209.89 31.00 217.11 73.71
aeroplane 0.509970 129.43 23.00 146.61 39.32
sheep 0.509770 101.78 83.83 120.92 111.64
aeroplane 0.509764 209.92 20.75 215.79 61.49
sheep 0.509318 99.81 67.93 119.92 92.69
