bus 0.631851 10.81 47.22 224.00 175.31
car 0.628997 11.18 54.89 224.00 180.75
train 0.602054 17.19 48.81 222.35 182.99
boat 0.554464 59.23 44.74 223.83 193.12
car 0.542937 22.32 52.70 64.33 68.08
dog 0.542885 0.00 182.36 50.10 224.00
dog 0.539240 10.77 190.17 66.47 224.00
car 0.538728 44.69 201.35 143.27 224.00
car 0.538203 24.55 56.59 64.34 71.71
car 0.537627 153.75 62.10 194.85 105.91
car 0.537566 3.40 46.01 45.36 59.25
train 0.537519 35.95 198.67 130.63 224.00
dog 0.536820 25.03 195.60 105.47 224.00
car 0.535821 11.49 100.75 37.76 118.76
aeroplane 0.535272 157.04 71.22 191.22 109.72
car 0.535139 123.30 58.00 223.50 204.84
dog 0.535112 71.17 211.75 116.58 224.00
dog 0.534583 152.51 137.90 198.67 192.53
car 0.534477 12.00 107.16 37.31 123.19
bottle 0.533986 220.00 149.14 224.00 200.33
train 0.533434 4.87 49.15 40.07 63.94
car 0.533428 7.72 151.64 43.47 192.66
car 0.533261 68.33 196.47 164.94 224.00
train 0.532950 21.51 69.43 174.91 163.02
bus 0.532922 8.12 99.66 33.34 118.12
dog 0.532748 89.08 211.34 133.56 224.00
car 0.532703 3.12 41.18 46.97 56.73
car 0.532679 169.87 0.00 224.00 48.15
aeroplane 0.532529 149.16 60.59 196.23 105.32
dog 0.532341 220.00 153.69 224.00 206.44
car 0.532037 0.00 95.01 22.54 194.79
aeroplane 0.531884 151.85 42.51 196.26 97.98
dog 0.531628 0.00 159.06 31.61 224.00
car 0.531564 16.75 100.79 46.18 120.35
boat 0.531561 76.39 133.91 115.40 176.22
bus 0.531418 9.32 105.28 34.53 122.37
dog 0.531084 0.00 117.68 25.27 211.12
car 0.530982 142.35 44.40 224.00 175.21
sheep 0.530965 36.18 210.23 73.46 224.00
sheep 0.530790 150.22 136.07 199.98 194.53
car 0.530551 0.00 46.75 34.05 65.42
train 0.530490 8.54 92.37 32.86 112.97
person 0.530429 213.11 203.02 224.00 224.00
boat 0.530022 87.96 112.49 134.96 155.13
boat 0.529936 111.50 115.52 142.26 153.82
chair 0.529816 220.00 143.40 224.00 193.37
car 0.529755 20.91 48.27 63.45 63.85
car 0.529702 11.74 92.50 37.82 112.67
boat 0.529393 91.61 104.77 133.39 143.78
boat 0.529269 111.00 107.10 140.57 141.65
aeroplane 0.529032 171.82 11.17 206.93 24.36
car 0.528960 10.77 51.38 53.16 63.99
car 0.528631 0.00 0.00 25.96 22.90
aeroplane 0.528619 158.84 101.29 189.39 140.72
boat 0.528530 111.54 102.43 137.32 131.14
sheep 0.528525 62.16 209.28 108.80 224.00
bus 0.528442 24.05 64.79 218.05 220.50
car 0.528352 0.00 201.71 26.83 224.00
chair 0.528334 80.77 158.67 107.54 185.64
bottle 0.528213 122.92 137.33 139.15 163.49
dog 0.528205 9.90 109.68 35.08 128.01
dog 0.528193 158.70 119.30 192.59 168.06
car 0.528150 0.00 144.23 27.29 190.37
cow 0.528096 220.00 113.31 224.00 155.26
bird 0.528067 0.00 205.41 39.76 224.00
dog 0.527996 101.99 211.93 145.24 224.00
boat 0.527969 76.85 120.28 117.64 169.08
sheep 0.527954 77.53 144.05 113.68 179.66
bottle 0.527811 121.34 129.12 140.08 157.54
car 0.527754 0.00 101.42 37.80 188.18
car 0.527744 2.21 91.17 48.64 177.95
person 0.527680 147.69 153.43 224.00 224.00
tvmonitor 0.527668 0.00 138.96 23.75 185.26
aeroplane 0.527663 205.03 0.00 224.00 18.38
boat 0.527657 115.13 125.50 141.16 160.13
boat 0.527533 3.87 149.70 42.38 197.90
sheep 0.527486 160.43 116.61 195.80 169.71
boat 0.527401 96.33 101.74 130.97 134.28
car 0.527211 22.79 99.38 52.96 122.06
car 0.527154 0.00 68.42 24.44 170.13
car 0.527080 13.05 111.24 38.35 129.12
car 0.527008 0.00 0.00 49.08 41.74
bottle 0.527000 118.80 150.90 217.20 224.00
boat 0.526864 112.42 98.21 136.08 123.00
sheep 0.526810 80.19 98.68 104.91 130.87
sofa 0.526791 99.90 184.73 193.56 224.00
sheep 0.526743 73.87 99.14 94.17 128.21
dog 0.526708 70.79 100.84 91.17 136.65
car 0.526697 20.26 105.89 51.23 126.92
aeroplane 0.526506 159.97 89.28 188.68 126.46
chair 0.526476 220.00 126.57 224.00 172.20
car 0.526337 137.52 106.75 224.00 216.94
sheep 0.526255 5.84 208.39 45.00 224.00
sheep 0.526222 74.38 102.99 97.55 135.66
cow 0.526216 162.10 112.01 195.59 161.05
bus 0.526143 2.85 92.52 27.21 113.69
boat 0.526095 113.40 91.07 136.98 113.78
bottle 0.526071 118.92 119.33 140.77 151.25
boat 0.525983 77.87 109.95 112.45 156.05
dog 0.525913 0.00 138.09 41.26 214.98
cow 0.525912 220.00 99.43 224.00 139.17
dog 0.525909 145.64 145.00 180.91 182.72
sheep 0.525889 84.59 98.19 113.55 133.80
train 0.525872 8.49 84.04 31.05 106.69
bottle 0.525838 118.39 110.77 139.95 141.14
bus 0.525808 81.80 91.68 224.00 197.48
person 0.525694 120.26 99.92 138.18 121.72
person 0.525556 25.16 68.62 159.46 166.45
boat 0.525545 116.55 133.13 139.18 165.70
car 0.525541 1.95 85.04 25.60 108.55
aeroplane 0.525532 220.00 84.77 224.00 123.50
person 0.525525 119.09 105.02 138.32 130.69
person 0.525491 121.16 92.16 139.53 112.85
boat 0.525485 79.95 152.41 114.39 181.94
dog 0.525434 158.38 212.48 205.27 224.00
person 0.525325 119.26 170.42 214.58 224.00
car 0.525201 21.68 87.62 86.91 162.79
aeroplane 0.525037 88.99 133.97 133.38 169.07
car 0.524986 19.97 41.27 60.74 58.71
tvmonitor 0.524986 0.00 128.69 20.29 175.81
sheep 0.524975 41.08 192.94 61.12 215.65
car 0.524946 15.94 91.62 47.39 113.86
car 0.524713 119.26 0.00 205.01 44.77
person 0.524708 121.51 84.37 140.06 104.40
boat 0.524621 81.39 104.32 116.84 147.56
boat 0.524589 114.15 83.54 137.26 104.45
sheep 0.524586 20.70 208.57 59.13 224.00
bottle 0.524533 124.97 143.14 139.03 171.03
sheep 0.524455 79.22 104.90 109.76 145.08
bus 0.524409 4.60 107.88 33.66 130.63
car 0.524379 26.21 63.22 65.34 77.26
boat 0.524309 121.90 77.25 139.94 95.85
dog 0.524276 2.05 0.00 42.90 19.18
dog 0.524200 120.04 211.16 160.24 224.00
dog 0.524198 0.00 106.40 21.03 136.98
chair 0.524189 82.10 164.26 105.10 190.70
dog 0.524173 145.04 212.10 189.94 224.00
sheep 0.524150 154.55 117.78 185.78 156.32
aeroplane 0.523997 76.48 192.37 107.50 220.31
boat 0.523963 0.00 150.67 30.33 199.72
sheep 0.523906 6.10 155.68 41.52 202.10
sheep 0.523903 74.47 133.07 117.07 175.85
car 0.523895 8.87 137.08 37.43 176.95
sheep 0.523792 155.85 102.42 185.00 137.53
car 0.523790 84.22 0.00 172.27 30.53
boat 0.523778 86.17 101.73 124.76 139.07
sofa 0.523733 9.25 114.73 34.24 138.17
car 0.523671 0.00 37.24 25.90 60.99
car 0.523642 169.09 0.00 205.87 15.77
sheep 0.523566 176.60 210.13 219.44 224.00
sheep 0.523528 38.77 205.14 66.86 224.00
car 0.523469 7.96 0.00 46.94 19.56
bus 0.523467 0.00 89.53 18.30 115.86
car 0.523387 67.83 0.00 149.00 26.49
train 0.523385 12.81 82.83 36.81 104.25
sheep 0.523357 148.44 120.97 179.05 153.45
car 0.523320 123.21 0.00 156.63 13.81
sheep 0.523274 114.81 76.72 137.21 95.90
tvmonitor 0.523260 5.61 146.27 43.10 187.11
car 0.523185 96.14 92.45 218.03 200.90
sheep 0.523148 71.69 103.84 92.49 143.22
car 0.523138 9.94 0.00 74.59 32.17
aeroplane 0.523127 78.99 180.90 105.02 208.29
aeroplane 0.523108 170.79 0.00 206.90 18.77
car 0.522991 88.84 0.00 125.22 13.88
sheep 0.522955 199.18 206.18 224.00 224.00
sofa 0.522948 0.00 111.17 19.96 148.04
car 0.522902 12.96 115.81 38.23 139.88
train 0.522877 6.68 53.20 34.85 69.77
dog 0.522837 60.89 101.52 83.20 134.62
sheep 0.522809 85.60 92.15 111.50 121.29
aeroplane 0.522702 4.01 0.00 46.62 21.98
dog 0.522694 13.46 143.52 56.30 213.81
sheep 0.522637 79.83 93.43 102.66 120.22
car 0.522604 0.00 82.73 18.13 109.51
car 0.522565 63.23 21.71 224.00 146.94
dog 0.522542 0.00 0.00 24.41 27.74
bus 0.522510 0.00 101.39 20.69 128.18
aeroplane 0.522446 4.93 9.48 43.99 29.69
aeroplane 0.522395 159.71 32.26 198.10 75.05
boat 0.522385 126.57 149.72 138.84 185.12
aeroplane 0.522377 172.25 13.60 207.75 33.66
dog 0.522323 154.37 130.17 190.45 173.37
dog 0.522278 73.91 191.67 104.49 217.32
aeroplane 0.522260 72.66 22.54 221.44 148.61
aeroplane 0.522258 77.29 133.34 123.32 173.49
dog 0.522239 65.19 68.59 83.76 85.84
boat 0.522228 80.96 171.40 104.21 198.98
sheep 0.522196 47.38 194.12 72.51 215.06
aeroplane 0.522153 161.86 107.76 194.14 150.01
aeroplane 0.522148 220.00 70.01 224.00 107.85
car 0.522103 152.55 20.61 224.00 144.13
aeroplane 0.522087 3.37 32.82 46.26 51.05
sofa 0.522066 0.00 117.70 19.06 161.52
aeroplane 0.522041 215.67 13.21 224.00 42.08
sheep 0.521994 66.51 118.40 97.17 165.55
bus 0.521982 0.00 95.77 19.65 121.59
aeroplane 0.521975 83.82 0.00 117.41 33.16
aeroplane 0.521955 220.00 42.31 224.00 83.74
sheep 0.521895 66.81 74.75 83.36 93.01
car 0.521842 54.28 0.00 129.03 24.08
car 0.521836 18.65 110.08 50.56 134.58
car 0.521823 0.00 38.73 27.90 127.98
car 0.521774 18.80 95.97 67.30 172.47
sheep 0.521763 69.99 108.86 95.08 153.28
sheep 0.521638 7.66 181.63 36.34 215.65
sheep 0.521628 100.81 92.48 129.43 115.12
car 0.521611 22.31 89.91 55.59 114.98
sheep 0.521604 72.77 94.10 92.38 118.89
bus 0.521514 36.77 103.64 180.66 216.92
boat 0.521511 0.00 167.16 25.35 211.25
car 0.521500 5.79 77.44 69.00 166.44
car 0.521486 0.00 50.86 29.59 72.18
boat 0.521467 122.78 68.91 139.67 87.48
sheep 0.521418 66.08 152.71 94.42 183.82
sheep 0.521402 64.76 131.90 98.13 173.92
dog 0.521399 63.88 61.94 83.63 78.65
sheep 0.521334 33.30 204.08 59.06 224.00
boat 0.521253 80.43 166.70 110.04 192.47
bottle 0.521207 133.20 150.11 144.17 185.54
train 0.521206 0.00 0.00 44.57 20.78
aeroplane 0.521189 163.79 24.49 201.53 62.81
sheep 0.521164 32.88 190.47 53.58 215.34
sofa 0.521119 3.35 112.26 31.55 141.14
dog 0.521055 69.49 91.45 87.40 118.38
sofa 0.521036 4.11 134.20 35.45 176.08
car 0.520999 17.29 80.59 48.67 103.47
car 0.520998 0.00 0.00 163.10 163.36
car 0.520992 87.78 0.00 120.70 32.90
aeroplane 0.520953 220.00 24.23 224.00 65.68
aeroplane 0.520879 214.11 6.01 224.00 31.29
aeroplane 0.520878 217.44 17.64 224.00 53.66
car 0.520866 23.44 78.17 59.04 102.78
sheep 0.520827 0.00 178.74 22.20 219.00
sofa 0.520818 9.42 123.28 34.07 156.73
dog 0.520814 69.67 205.69 111.62 224.00
car 0.520804 28.89 104.29 56.40 129.67
aeroplane 0.520743 34.02 114.25 164.63 217.62
sheep 0.520739 57.57 194.09 90.98 216.14
sheep 0.520734 90.40 92.21 122.09 118.44
dog 0.520707 25.75 178.81 111.06 224.00
car 0.520703 160.43 0.00 224.00 113.66
sheep 0.520684 103.43 85.05 130.52 104.41
sheep 0.520655 87.50 85.27 111.45 107.84
train 0.520650 24.23 78.27 117.55 158.23
boat 0.520537 68.60 159.21 92.75 186.86
aeroplane 0.520519 85.94 147.06 130.01 180.26
car 0.520501 39.74 0.00 105.72 25.26
sheep 0.520466 217.98 193.79 224.00 224.00
sheep 0.520445 40.22 180.50 59.22 208.06
car 0.520371 25.03 67.25 61.94 87.84
cow 0.520370 196.28 120.26 212.30 153.12
car 0.520328 15.33 116.74 57.78 196.48
sheep 0.520319 150.01 104.71 178.14 133.55
sheep 0.520297 149.42 135.19 180.29 167.57
cow 0.520264 197.62 114.88 212.10 144.35
sheep 0.520263 140.41 132.73 156.61 158.48
sheep 0.520215 45.10 206.47 79.19 224.00
car 0.520200 18.53 113.98 50.17 148.52
car 0.520177 1.54 74.28 24.77 99.03
dog 0.520129 0.00 23.67 32.20 105.42
sheep 0.520050 68.45 82.75 83.74 104.44
car 0.520045 18.76 32.08 58.44 49.88
dog 0.520023 220.00 178.67 224.00 224.00
sheep 0.519957 71.58 77.20 88.88 92.77
car 0.519948 32.07 0.00 67.07 17.29
bottle 0.519947 140.03 147.62 156.62 178.70
train 0.519902 14.70 54.70 49.49 68.58
aeroplane 0.519900 181.94 0.00 216.06 17.11
car 0.519862 25.12 0.00 89.12 27.45
train 0.519835 0.00 25.53 183.39 167.74
car 0.519833 108.15 0.00 146.49 13.82
sheep 0.519817 41.62 0.00 75.01 16.14
sheep 0.519815 71.20 70.45 88.36 85.50
aeroplane 0.519752 199.14 80.43 212.51 103.92
sheep 0.519725 88.11 77.97 111.60 96.32
cow 0.519691 199.15 109.79 212.80 136.31
sheep 0.519686 0.00 192.52 23.31 224.00
sheep 0.519684 79.89 86.17 100.97 107.22
train 0.519683 27.79 129.45 115.05 215.27
train 0.519655 34.27 180.75 145.96 224.00
aeroplane 0.519653 115.89 144.16 137.10 179.04
chair 0.519647 57.06 156.39 78.20 188.03
sofa 0.519578 38.09 180.13 157.35 224.00
aeroplane 0.519540 156.41 81.08 186.60 112.50
car 0.519434 0.00 28.46 21.77 55.11
dog 0.519433 114.98 68.98 136.46 88.65
dog 0.519414 134.14 179.42 150.41 211.70
train 0.519366 0.52 31.63 40.37 52.35
train 0.519264 8.95 72.89 30.36 96.07
sheep 0.519263 93.98 85.20 123.98 106.23
sheep 0.519201 105.42 78.62 131.94 95.46
boat 0.519201 13.22 123.93 37.82 158.74
car 0.519198 22.62 0.00 60.09 18.96
sheep 0.519160 51.49 0.00 84.86 15.42
aeroplane 0.519146 81.55 158.23 119.86 186.14
sheep 0.519128 139.61 107.88 153.85 131.70
boat 0.519119 133.69 156.45 145.77 193.59
sheep 0.519061 72.02 86.15 89.82 105.23
car 0.519035 61.19 0.00 96.16 15.43
bottle 0.519011 142.37 138.97 157.87 164.65
aeroplane 0.518996 193.13 0.00 223.03 16.93
sheep 0.518954 138.54 124.87 155.57 154.20
aeroplane 0.518936 82.86 7.88 114.31 46.48
dog 0.518885 155.80 156.56 197.44 207.55
car 0.518868 85.51 0.00 124.23 21.49
aeroplane 0.518846 199.37 86.47 212.27 111.21
bottle 0.518842 130.92 139.97 141.39 162.72
boat 0.518813 134.23 167.92 148.35 203.34
dog 0.518811 70.79 63.10 88.48 78.28
sheep 0.518806 156.91 91.17 185.29 123.10
dog 0.518780 57.14 88.80 79.86 116.26
aeroplane 0.518755 72.81 0.00 107.69 33.05
car 0.518707 99.66 0.00 217.37 92.60
sheep 0.518676 139.16 116.22 155.22 144.86
aeroplane 0.518614 179.72 78.32 205.29 103.34
boat 0.518580 104.76 0.00 211.96 90.46
aeroplane 0.518576 169.80 16.39 206.37 46.58
person 0.518567 112.49 126.97 214.60 224.00
dog 0.518554 62.45 54.15 83.29 71.05
car 0.518520 151.15 0.00 183.82 12.42
boat 0.518464 76.72 180.44 103.16 206.75
bottle 0.518447 132.51 145.30 141.99 170.49
car 0.518444 29.52 113.61 56.23 150.67
bottle 0.518417 128.54 132.92 141.42 157.73
cow 0.518400 199.70 103.08 213.00 128.49
boat 0.518339 19.94 122.56 48.37 163.74
sheep 0.518315 96.31 78.58 124.73 96.13
car 0.518290 159.20 0.00 197.81 12.61
boat 0.518287 31.70 122.55 55.34 162.76
car 0.518211 141.57 0.00 172.28 12.50
aeroplane 0.518196 132.53 42.17 147.45 64.37
sheep 0.518195 79.10 77.80 98.99 94.66
boat 0.518159 57.82 183.36 88.92 208.04
aeroplane 0.518146 131.59 34.75 149.52 58.54
cow 0.518140 194.81 127.12 213.22 163.89
boat 0.518132 13.11 150.80 48.75 190.92
person 0.518103 128.16 85.56 142.48 104.83
sheep 0.518098 47.06 182.52 70.52 207.36
boat 0.518093 34.16 148.97 57.01 188.15
sheep 0.518078 191.34 147.84 214.59 192.24
cow 0.518034 178.64 119.86 204.85 158.14
person 0.518009 128.42 78.39 142.71 96.20
dog 0.518009 0.00 0.00 37.93 75.70
car 0.517991 28.25 108.91 55.88 137.99
aeroplane 0.517974 5.72 21.80 45.59 41.91
dog 0.517946 0.00 4.21 20.74 35.38
aeroplane 0.517867 124.91 58.02 139.86 79.28
dog 0.517860 87.08 71.15 111.35 87.97
boat 0.517846 127.97 157.15 140.90 193.66
sheep 0.517829 54.37 206.44 96.90 224.00
boat 0.517761 90.03 11.47 221.73 132.90
car 0.517760 20.37 68.56 51.31 89.26
car 0.517701 75.08 0.00 116.20 13.53
dog 0.517624 130.61 188.85 153.25 224.00
aeroplane 0.517616 166.01 79.38 198.23 111.75
car 0.517597 0.76 59.95 26.18 84.43
person 0.517585 127.83 93.37 141.89 113.12
dog 0.517552 81.21 19.92 112.71 55.97
boat 0.517537 33.08 132.82 54.89 172.40
sheep 0.517534 0.00 0.00 45.98 21.80
dog 0.517515 39.58 66.33 73.52 81.85
car 0.517471 16.96 146.02 48.35 186.02
sheep 0.517456 139.84 100.28 153.19 120.20
cow 0.517452 199.74 94.38 212.53 120.34
dog 0.517447 46.67 71.67 74.28 89.82
sheep 0.517447 155.98 154.80 198.20 208.12
sheep 0.517425 7.64 199.64 40.28 224.00
dog 0.517382 35.60 60.74 72.43 75.38
person 0.517371 139.43 81.78 158.37 103.16
dog 0.517345 140.97 151.48 174.16 196.54
aeroplane 0.517341 198.23 73.96 212.45 97.99
sheep 0.517321 212.00 146.84 224.00 196.71
aeroplane 0.517300 130.66 24.18 150.21 49.29
aeroplane 0.517241 154.64 32.57 190.43 64.46
boat 0.517231 20.05 134.40 47.32 176.44
person 0.517221 127.40 101.33 140.66 121.70
cow 0.517211 184.81 84.37 205.83 110.34
dog 0.517172 70.05 54.55 89.30 71.03
boat 0.517149 57.62 162.40 79.67 194.33
aeroplane 0.517121 132.22 49.64 145.53 70.43
train 0.517070 15.26 70.91 38.48 91.76
train 0.517067 8.63 60.38 31.61 80.73
sheep 0.517062 151.60 74.69 186.32 102.63
dog 0.516962 52.55 78.72 76.61 101.60
cow 0.516928 185.11 114.96 205.22 148.24
car 0.516925 22.53 59.05 56.01 76.07
sheep 0.516903 37.81 166.89 58.13 201.90
dog 0.516897 79.38 13.73 108.51 45.07
cow 0.516893 188.50 110.02 205.91 138.35
sheep 0.516826 139.15 90.68 154.49 111.50
sheep 0.516819 27.11 175.57 51.83 207.79
sheep 0.516775 57.09 111.86 79.49 152.29
dog 0.516729 77.45 26.78 103.78 54.11
sheep 0.516714 53.86 121.73 76.70 163.43
sheep 0.516684 78.49 70.59 97.58 86.00
cow 0.516680 190.58 103.07 206.88 129.11
train 0.516666 31.88 87.97 133.60 190.77
aeroplane 0.516659 127.13 47.67 140.41 71.75
dog 0.516627 161.14 176.11 200.36 215.64
bottle 0.516604 126.18 107.22 140.61 131.49
motorbike 0.516600 210.62 113.32 220.24 148.51
aeroplane 0.516569 128.33 40.09 142.04 65.52
aeroplane 0.516557 139.10 35.13 159.91 58.95
aeroplane 0.516557 150.47 47.13 187.13 76.84
car 0.516536 0.00 16.73 19.42 45.78
boat 0.516462 129.38 69.82 143.03 87.37
aeroplane 0.516409 127.51 32.84 143.40 59.34
cow 0.516408 169.70 125.46 204.47 169.32
aeroplane 0.516357 148.18 34.36 174.19 61.77
dog 0.516357 71.29 31.09 93.94 52.88
boat 0.516326 46.36 153.23 65.58 189.18
dog 0.516296 70.29 43.98 90.24 62.71
aeroplane 0.516291 140.77 43.03 162.13 64.70
car 0.516274 7.96 63.30 87.56 148.65
dog 0.516244 95.78 71.53 123.71 89.63
dog 0.516243 160.09 194.13 203.15 224.00
boat 0.516222 57.65 171.79 84.54 201.94
dog 0.516165 105.40 71.48 132.12 88.97
aeroplane 0.516161 173.23 70.51 204.17 98.53
person 0.516145 139.82 74.23 164.36 95.25
sheep 0.516117 52.24 143.04 76.44 178.32
aeroplane 0.516115 149.98 41.96 179.78 69.23
cow 0.515958 171.80 108.90 198.59 144.55
sheep 0.515910 16.03 185.66 46.79 213.72
dog 0.515894 72.61 18.92 99.10 45.01
cow 0.515884 188.91 92.83 206.39 120.14
boat 0.515883 69.93 171.95 96.75 200.72
bottle 0.515831 125.38 124.15 141.57 153.43
aeroplane 0.515809 125.70 21.86 143.08 48.98
aeroplane 0.515798 64.74 0.24 97.44 33.84
aeroplane 0.515778 74.06 11.68 103.87 38.53
dog 0.515772 137.15 155.32 153.18 194.70
aeroplane 0.515745 131.12 59.16 144.08 78.15
aeroplane 0.515744 138.94 24.40 158.40 49.51
aeroplane 0.515696 150.76 52.78 194.03 85.60
bottle 0.515637 124.71 115.11 140.58 143.73
aeroplane 0.515636 148.08 23.62 171.65 50.90
dog 0.515630 61.12 33.94 84.42 54.21
car 0.515619 97.34 0.00 126.95 28.03
sheep 0.515605 26.67 21.47 62.31 43.95
boat 0.515601 128.65 169.60 143.55 202.32
dog 0.515595 61.11 44.64 82.73 62.42
aeroplane 0.515527 195.18 63.68 212.17 91.64
aeroplane 0.515527 84.89 13.28 118.00 56.13
sheep 0.515514 151.56 94.61 178.67 119.65
aeroplane 0.515476 211.10 79.69 221.46 109.77
dog 0.515475 61.85 23.31 88.11 47.09
aeroplane 0.515416 112.59 157.47 135.42 192.03
motorbike 0.515407 211.04 86.06 221.37 117.28
aeroplane 0.515365 25.62 7.75 61.45 35.25
sheep 0.515364 151.67 83.85 181.30 109.50
aeroplane 0.515307 141.29 49.41 165.44 70.68
aeroplane 0.515297 155.02 22.10 192.15 52.44
dog 0.515289 39.01 103.03 63.91 132.91
aeroplane 0.515159 79.51 164.74 116.95 191.77
motorbike 0.515133 211.35 100.85 220.53 133.52
dog 0.515117 0.00 0.00 47.81 44.94
aeroplane 0.515071 129.36 11.00 149.05 35.44
dog 0.515061 77.40 62.96 97.61 78.45
aeroplane 0.515059 13.59 10.03 54.45 32.60
aeroplane 0.515051 15.15 0.00 57.15 23.66
cow 0.515043 172.60 101.34 199.16 133.95
boat 0.514943 46.02 169.79 68.42 201.80
dog 0.514939 75.94 40.49 100.74 63.64
sheep 0.514865 18.97 161.60 50.23 201.46
aeroplane 0.514863 123.01 0.00 144.68 23.11
dog 0.514842 129.12 180.69 144.39 209.52
dog 0.514822 135.94 166.23 153.46 203.35
aeroplane 0.514811 189.34 52.33 211.10 81.41
aeroplane 0.514784 124.27 9.24 142.30 34.72
dog 0.514780 81.36 33.04 111.05 64.90
aeroplane 0.514746 115.90 15.53 134.76 47.23
motorbike 0.514718 211.27 93.21 220.82 125.79
aeroplane 0.514696 15.79 21.62 56.05 40.72
aeroplane 0.514673 169.93 88.81 198.25 122.39
dog 0.514664 116.62 58.48 136.21 81.04
dog 0.514616 85.20 62.35 110.90 80.40
sofa 0.514597 53.95 158.17 175.28 224.00
dog 0.514586 32.93 54.56 71.50 69.35
sheep 0.514553 64.28 14.52 92.74 40.39
cow 0.514532 194.16 135.29 215.17 177.25
boat 0.514482 42.55 141.75 63.43 177.19
cow 0.514437 211.67 126.55 222.78 167.34
aeroplane 0.514288 96.17 7.22 123.42 46.88
sheep 0.514283 62.50 0.00 99.42 26.48
aeroplane 0.514274 137.25 177.81 165.79 211.94
sheep 0.514249 4.67 3.75 65.72 74.17
aeroplane 0.514220 118.05 26.99 136.67 58.63
sheep 0.514185 26.20 0.00 64.42 24.52
dog 0.514172 137.45 189.87 168.72 224.00
dog 0.514154 75.54 52.56 98.58 71.51
dog 0.514143 149.20 177.15 186.90 212.88
car 0.514128 94.50 0.00 130.64 17.51
train 0.514113 16.45 59.87 43.57 77.17
car 0.514082 71.09 0.00 192.31 75.51
aeroplane 0.514076 97.66 16.33 125.20 56.80
dog 0.514013 149.19 192.40 187.86 224.00
aeroplane 0.513972 211.12 72.56 221.02 102.45
boat 0.513961 42.09 132.82 62.20 169.24
aeroplane 0.513955 90.09 170.76 124.75 199.27
aeroplane 0.513899 75.55 0.00 121.11 23.01
aeroplane 0.513897 141.27 57.12 168.57 78.94
dog 0.513894 82.27 47.70 109.78 73.11
aeroplane 0.513756 165.88 57.39 201.90 94.20
car 0.513750 140.48 66.39 168.79 87.80
dog 0.513707 41.41 123.71 61.86 161.66
dog 0.513690 88.33 25.67 118.09 65.01
aeroplane 0.513645 78.37 173.02 114.37 199.59
dog 0.513626 138.36 163.53 168.30 204.50
dog 0.513586 6.11 31.78 76.03 106.25
sheep 0.513544 0.00 4.51 43.99 27.99
sheep 0.513528 162.71 131.40 205.96 182.55
sheep 0.513474 47.33 3.36 80.05 34.72
aeroplane 0.513473 116.35 4.26 136.79 33.67
aeroplane 0.513466 114.14 170.71 136.20 199.33
sheep 0.513443 3.37 0.00 65.72 39.26
sheep 0.513435 49.17 0.00 84.22 25.69
dog 0.513404 124.80 189.97 146.31 224.00
aeroplane 0.513375 138.54 11.89 157.65 35.28
aeroplane 0.513340 182.62 42.85 209.50 70.64
sheep 0.513277 161.17 146.51 205.23 198.23
aeroplane 0.513234 105.72 3.08 222.84 123.71
aeroplane 0.513186 161.32 45.56 200.60 85.16
aeroplane 0.513150 115.45 182.22 136.23 208.09
dog 0.513138 94.76 61.39 122.32 82.91
dog 0.513112 121.98 204.73 156.09 224.00
sheep 0.513020 38.80 108.44 62.59 141.31
aeroplane 0.512972 211.06 63.70 221.07 94.56
bus 0.512958 90.17 145.87 203.42 224.00
sheep 0.512910 37.28 0.00 72.14 25.41
dog 0.512875 34.95 89.27 63.92 118.05
sheep 0.512840 212.00 135.95 224.00 179.95
dog 0.512767 31.01 31.03 69.25 52.89
sheep 0.512742 35.33 5.39 68.62 36.41
aeroplane 0.512741 120.67 35.88 137.33 66.21
dog 0.512702 105.81 60.65 131.45 82.57
aeroplane 0.512695 90.78 182.29 123.19 209.66
aeroplane 0.512692 210.17 54.10 221.43 85.41
sheep 0.512655 39.67 114.85 61.72 152.00
dog 0.512649 32.86 77.74 66.03 102.64
sheep 0.512636 0.00 18.59 41.37 40.60
aeroplane 0.512575 150.44 12.88 171.29 35.39
sheep 0.512459 188.65 155.85 211.32 201.83
sheep 0.512369 37.28 29.11 73.72 50.68
car 0.512278 115.41 0.00 142.64 22.59
aeroplane 0.512194 102.65 27.56 127.11 66.05
dog 0.512180 119.90 45.65 136.74 73.27
sheep 0.512085 42.45 19.91 75.94 43.58
aeroplane 0.512067 74.50 195.56 118.61 224.00
aeroplane 0.512053 134.79 0.00 157.76 22.13
aeroplane 0.512013 206.68 44.65 221.19 76.57
dog 0.511995 91.93 42.85 119.93 74.48
aeroplane 0.511833 192.15 8.76 215.19 24.62
aeroplane 0.511801 177.13 34.62 207.73 61.50
aeroplane 0.511746 168.07 6.52 212.27 20.28
dog 0.511733 135.51 205.68 174.18 224.00
train 0.511651 24.55 60.13 140.70 138.33
dog 0.511600 21.55 9.89 84.85 76.19
dog 0.511364 184.34 168.04 211.77 210.48
aeroplane 0.511355 162.65 0.00 204.56 12.61
aeroplane 0.511296 149.79 1.14 170.29 21.47
aeroplane 0.511191 191.16 14.39 215.17 33.24
aeroplane 0.511182 158.05 12.51 194.00 35.22
dog 0.511154 25.91 48.67 155.60 127.15
dog 0.511039 32.67 38.69 71.61 57.17
dog 0.511029 105.91 42.89 129.95 74.80
dog 0.510930 24.17 41.82 114.65 113.72
aeroplane 0.510841 41.05 18.40 172.54 115.76
dog 0.510770 31.17 47.15 70.91 63.25
aeroplane 0.510659 174.60 20.03 207.11 40.55
aeroplane 0.510576 159.28 3.79 191.52 20.96
aeroplane 0.510556 201.36 35.22 219.99 67.77
aeroplane 0.510468 173.76 26.42 206.68 51.84
aeroplane 0.510460 110.58 194.19 137.88 224.00
aeroplane 0.510335 154.67 0.00 186.34 12.00
dog 0.510255 212.00 162.73 224.00 212.04
sheep 0.510219 178.06 185.22 213.32 224.00
dog 0.510182 32.21 13.70 117.72 86.83
sheep 0.510079 204.95 196.68 224.00 224.00
dog 0.509996 158.01 206.18 213.23 224.00
aeroplane 0.509881 144.20 0.00 170.29 12.00
sheep 0.509527 212.00 177.37 224.00 224.00
aeroplane 0.509406 191.55 18.06 216.75 44.08
aeroplane 0.509273 195.28 25.43 218.57 57.04
car 0.508541 50.04 0.00 143.64 53.08
sheep 0.508512 28.54 0.00 92.53 33.70
boat 0.508217 41.82 0.00 115.03 42.69
