person 0.616346 11.75 30.28 194.28 224.00
person 0.596270 30.07 22.01 137.77 218.22
pottedplant 0.579947 27.57 29.98 224.00 224.00
bird 0.574269 34.60 19.29 224.00 223.56
chair 0.571823 29.90 15.05 224.00 211.22
chair 0.571206 55.54 0.00 146.76 70.60
cat 0.569898 4.97 3.02 224.00 210.75
tvmonitor 0.569018 54.52 0.00 143.13 70.87
chair 0.565927 37.74 31.71 154.60 192.69
bottle 0.561224 64.46 76.20 150.01 144.10
sheep 0.557770 7.42 69.91 202.53 217.41
person 0.557506 22.24 34.64 100.65 220.31
chair 0.555504 147.08 126.94 204.66 217.69
chair 0.555429 21.03 0.00 178.00 73.29
boat 0.552803 64.13 14.63 218.10 197.84
pottedplant 0.552363 75.33 53.39 211.13 219.93
chair 0.552158 77.11 0.00 155.03 88.46
dog 0.551984 63.23 96.93 139.07 170.11
dog 0.550955 19.23 53.49 178.42 221.54
sofa 0.550584 47.27 0.00 200.28 73.77
dog 0.550099 64.51 80.34 144.68 148.06
pottedplant 0.549805 143.46 120.94 207.70 211.26
aeroplane 0.549582 69.40 12.51 217.91 184.00
chair 0.549262 37.51 0.00 120.88 71.92
sheep 0.548252 64.53 106.48 135.35 180.39
dog 0.546689 88.64 6.62 166.93 92.03
chair 0.546180 8.19 0.00 101.10 60.19
sheep 0.545821 0.56 0.00 92.35 58.52
boat 0.545613 158.83 66.79 221.97 125.51
bottle 0.544488 79.81 80.92 162.19 135.59
cat 0.543674 76.27 14.51 217.63 172.85
boat 0.543180 140.09 115.45 210.31 199.20
bottle 0.542758 91.81 12.95 171.44 92.89
chair 0.542527 90.28 0.00 172.01 58.64
sheep 0.542518 148.45 136.85 200.86 216.17
aeroplane 0.542173 0.00 0.00 74.93 55.08
dog 0.541775 67.73 80.40 118.18 140.17
dog 0.541725 21.14 61.80 105.59 219.08
tvmonitor 0.541657 64.49 0.00 134.22 53.38
bottle 0.541115 64.16 40.73 134.39 119.17
dog 0.540793 64.79 84.95 99.64 139.90
chair 0.540385 60.82 0.00 132.02 51.91
person 0.539919 0.00 33.96 57.14 205.58
dog 0.539408 33.61 86.88 55.08 156.93
bird 0.539363 0.00 204.82 18.39 224.00
bird 0.538474 0.00 208.48 32.06 224.00
cat 0.538419 179.41 98.04 224.00 215.29
chair 0.538205 49.59 0.00 163.71 134.24
dog 0.537712 41.67 87.11 61.85 156.90
boat 0.537522 129.79 108.86 202.47 172.78
person 0.537345 0.00 0.00 112.40 191.85
bird 0.537343 92.53 84.17 166.67 130.00
pottedplant 0.537152 0.00 0.00 102.65 42.76
sheep 0.536705 60.61 129.37 124.68 199.43
person 0.536671 65.88 43.93 131.53 118.48
pottedplant 0.536499 166.69 83.32 224.00 213.25
sofa 0.536363 90.46 0.00 194.18 63.69
chair 0.536209 104.71 4.94 164.48 85.86
pottedplant 0.536120 91.47 16.42 219.99 173.46
cow 0.535939 7.22 96.33 195.53 216.10
chair 0.535835 103.12 0.00 170.43 42.28
sheep 0.535740 67.43 92.31 142.33 156.01
boat 0.535524 131.45 68.77 207.60 112.61
dog 0.535047 26.26 0.00 101.39 67.51
bottle 0.535015 73.22 10.14 153.06 95.76
sofa 0.534907 60.58 2.67 214.63 170.49
chair 0.534795 49.21 0.00 113.83 42.50
chair 0.534793 25.21 35.63 100.29 179.50
chair 0.534740 133.68 128.85 194.71 201.82
person 0.534640 58.71 0.00 190.59 207.05
boat 0.534534 134.42 124.67 195.55 189.74
chair 0.534139 68.61 10.76 138.28 96.35
sheep 0.533902 56.68 140.09 100.98 204.37
pottedplant 0.533887 17.97 97.29 201.34 217.84
cat 0.533804 160.69 0.00 224.00 65.85
aeroplane 0.533678 65.09 120.38 131.62 185.39
tvmonitor 0.533658 0.00 0.00 45.27 49.90
chair 0.533652 84.13 0.00 146.72 44.37
pottedplant 0.533633 129.70 23.79 224.00 151.19
sheep 0.533617 59.02 151.98 120.67 209.06
dog 0.533612 50.57 84.04 87.32 149.12
bird 0.533462 121.87 94.78 187.73 145.95
aeroplane 0.533341 133.57 119.54 194.82 178.48
aeroplane 0.532839 105.60 157.65 165.03 213.98
bottle 0.532774 106.16 36.74 174.80 98.01
dog 0.532757 0.32 0.00 76.12 63.79
dog 0.532676 64.36 54.80 109.15 113.01
boat 0.532653 119.23 95.22 194.90 154.21
sheep 0.532569 81.49 84.52 157.09 140.12
chair 0.532322 28.36 0.00 93.41 36.41
dog 0.532313 0.00 50.23 67.68 224.00
pottedplant 0.532312 133.86 49.69 224.00 189.88
sheep 0.532216 58.64 121.01 99.51 187.60
bird 0.531665 115.11 89.02 181.95 130.68
bottle 0.531651 69.94 52.60 153.41 131.93
sheep 0.531334 32.15 106.90 53.45 173.37
pottedplant 0.531332 96.60 128.44 203.53 224.00
boat 0.531325 0.00 0.00 68.98 48.24
cat 0.531237 180.41 151.14 224.00 224.00
chair 0.531120 0.00 0.00 78.17 49.78
bird 0.531083 23.31 209.41 62.48 224.00
boat 0.530929 115.61 46.99 178.76 101.07
bird 0.530880 38.39 208.52 83.13 224.00
cat 0.530835 49.56 51.16 224.00 224.00
dog 0.530777 0.00 54.19 10.61 119.07
chair 0.530776 209.92 0.00 224.00 25.39
bottle 0.530666 87.71 38.89 162.45 111.66
bird 0.530605 130.92 112.01 192.88 165.93
sheep 0.530329 103.63 160.40 164.99 215.72
dog 0.530240 143.20 9.17 201.80 81.26
bird 0.530075 8.50 209.80 49.13 224.00
cat 0.530067 137.61 8.34 224.00 142.69
pottedplant 0.530055 218.97 123.43 224.00 178.21
chair 0.529875 128.24 141.12 185.97 214.81
sheep 0.529862 207.71 206.06 224.00 224.00
boat 0.529734 0.00 0.00 41.49 43.16
dog 0.529731 29.01 89.95 48.74 152.48
dog 0.529267 115.08 14.39 169.81 86.36
bird 0.528963 0.00 190.11 11.97 224.00
boat 0.528784 121.56 76.57 188.54 118.03
sheep 0.528770 219.68 141.34 224.00 200.78
dog 0.528411 46.09 65.35 90.70 115.11
sheep 0.528269 56.65 167.67 102.05 209.90
sheep 0.528218 57.52 106.27 89.68 177.43
sheep 0.528189 0.00 193.74 24.09 224.00
sofa 0.528167 141.19 0.00 224.00 61.16
pottedplant 0.528115 109.97 78.93 216.80 213.15
dog 0.528107 0.44 137.62 116.15 224.00
bottle 0.528040 0.00 49.76 12.67 114.59
dog 0.527950 0.00 100.50 8.14 151.09
chair 0.527938 122.15 0.00 172.11 28.95
bird 0.527917 52.33 208.52 98.18 224.00
car 0.527828 203.29 67.36 224.00 131.39
boat 0.527774 156.56 116.29 207.29 179.81
dog 0.527728 130.63 16.09 191.76 86.06
chair 0.527510 20.83 25.12 90.95 139.71
boat 0.527492 126.09 60.74 194.04 107.62
chair 0.527338 12.05 0.00 92.36 93.00
sheep 0.527287 74.29 163.42 129.32 210.62
cow 0.527254 1.64 122.94 155.53 224.00
aeroplane 0.527143 80.91 156.45 133.35 209.42
sheep 0.527138 0.00 184.79 22.48 215.04
sheep 0.526984 28.13 112.11 47.05 170.43
dog 0.526829 37.65 67.32 74.76 117.76
bird 0.526598 0.00 180.77 10.91 217.64
sheep 0.526533 155.81 209.82 191.29 224.00
aeroplane 0.526520 128.86 130.16 176.11 185.22
dog 0.526519 32.02 60.72 54.55 132.62
aeroplane 0.526441 118.06 142.34 157.82 209.73
chair 0.526421 145.69 0.00 224.00 127.48
sheep 0.526418 196.03 209.70 224.00 224.00
dog 0.526286 4.11 55.62 25.67 121.52
sheep 0.526214 185.55 210.90 218.42 224.00
sheep 0.526119 49.74 103.58 77.21 174.31
sheep 0.526103 91.83 162.99 145.63 210.04
chair 0.526046 0.00 18.88 51.64 122.14
dog 0.526006 26.72 57.81 48.25 131.31
sheep 0.525948 39.78 103.49 59.97 173.30
sheep 0.525767 147.45 211.11 180.73 224.00
chair 0.525611 40.37 12.63 125.75 138.20
dog 0.525604 30.79 67.37 59.83 119.49
boat 0.525334 164.74 80.19 213.41 141.22
sheep 0.524973 61.57 95.76 99.95 160.78
sheep 0.524879 169.73 209.65 205.37 224.00
sheep 0.524774 138.04 212.18 170.93 224.00
person 0.524680 0.00 89.65 8.32 146.04
dog 0.524671 54.84 59.07 98.36 108.97
sheep 0.524665 124.51 148.95 179.00 214.47
bird 0.524646 72.68 210.41 113.99 224.00
pottedplant 0.524612 217.51 112.93 224.00 163.24
tvmonitor 0.524577 0.00 40.21 13.84 104.06
aeroplane 0.524341 127.41 124.69 163.24 171.36
bottle 0.524339 102.33 75.71 174.87 124.23
chair 0.524312 0.00 0.00 64.64 84.96
tvmonitor 0.524293 208.80 44.01 224.00 98.11
dog 0.524274 0.00 117.25 7.39 164.15
dog 0.524202 21.48 61.30 43.55 120.96
dog 0.524132 0.00 63.23 8.36 131.52
chair 0.523909 220.00 7.29 224.00 64.83
pottedplant 0.523810 112.68 210.31 153.86 224.00
sheep 0.523796 104.81 210.05 146.51 224.00
bird 0.523791 0.00 154.77 8.14 195.71
dog 0.523768 14.60 55.26 34.37 122.53
boat 0.523697 167.24 53.45 220.34 107.05
dog 0.523690 9.66 21.36 55.78 85.38
dog 0.523657 23.90 92.03 43.09 147.52
dog 0.523625 86.09 116.25 151.41 175.14
chair 0.523573 143.94 0.00 186.18 22.80
car 0.523570 212.06 83.67 224.00 142.64
pottedplant 0.523446 154.91 115.37 207.28 182.69
sheep 0.523426 81.98 210.72 121.38 224.00
pottedplant 0.523425 138.15 139.34 223.24 224.00
sheep 0.523345 82.90 106.32 150.31 164.55
chair 0.523325 218.29 16.36 224.00 73.86
aeroplane 0.523306 117.74 129.95 157.76 183.78
sheep 0.523293 220.00 156.22 224.00 211.38
chair 0.523253 197.20 0.00 224.00 21.35
dog 0.523241 67.20 15.56 131.65 95.91
aeroplane 0.523170 74.46 132.64 139.52 194.71
sheep 0.523160 0.00 147.12 7.62 188.09
sheep 0.523142 0.00 127.12 7.59 172.33
sheep 0.522955 15.44 195.75 42.03 224.00
sheep 0.522806 54.84 190.25 103.44 224.00
chair 0.522780 187.02 0.00 217.94 20.01
sheep 0.522748 23.80 186.60 45.79 212.33
sheep 0.522687 7.60 195.31 33.79 224.00
sheep 0.522649 17.07 186.91 39.41 213.16
tvmonitor 0.522530 0.00 4.13 53.46 65.83
sheep 0.522512 52.90 181.63 97.99 211.04
sheep 0.522437 8.22 186.79 32.00 213.68
chair 0.522418 157.04 0.00 193.92 19.97
sheep 0.522324 215.37 27.46 224.00 81.50
dog 0.522276 160.31 21.74 212.55 89.28
sheep 0.522268 137.79 151.19 188.39 219.05
sheep 0.522232 0.00 175.69 21.68 208.46
chair 0.522112 216.21 0.00 224.00 33.73
aeroplane 0.522054 4.38 9.40 63.06 70.17
sofa 0.521991 124.93 0.00 224.00 93.65
chair 0.521957 167.46 0.00 201.42 19.37
car 0.521955 216.10 99.32 224.00 152.15
chair 0.521953 177.16 0.00 209.78 19.76
aeroplane 0.521944 129.03 114.34 182.13 159.36
aeroplane 0.521861 89.72 125.62 152.84 183.84
bottle 0.521639 101.49 55.24 175.57 114.62
sheep 0.521407 29.97 187.57 51.55 211.06
sheep 0.521358 160.57 174.12 199.00 224.00
sheep 0.521333 29.15 141.88 45.30 176.92
sheep 0.521321 0.79 59.49 19.96 130.25
tvmonitor 0.521292 0.00 29.12 17.97 89.30
boat 0.521259 126.03 86.24 202.27 141.55
dog 0.521133 68.58 41.09 119.75 105.09
sheep 0.521112 28.05 155.38 44.59 184.47
aeroplane 0.520955 95.18 146.66 155.29 205.83
sheep 0.520782 28.87 196.90 54.56 224.00
bottle 0.520758 162.34 115.59 212.18 174.96
chair 0.520735 220.00 0.00 224.00 43.79
tvmonitor 0.520726 0.00 9.28 33.32 67.00
boat 0.520630 146.40 35.20 209.60 92.75
sheep 0.520517 95.21 172.86 144.48 224.00
sheep 0.520458 43.95 202.61 93.51 224.00
boat 0.520437 165.65 100.95 207.78 156.29
sheep 0.520410 0.00 166.47 19.79 200.54
sheep 0.520380 35.05 138.57 51.39 176.78
sheep 0.520243 13.01 96.85 30.88 144.98
sheep 0.520207 112.46 170.67 161.94 224.00
sheep 0.520125 0.00 102.42 16.09 147.92
sheep 0.520062 125.74 114.32 166.45 157.45
tvmonitor 0.520050 0.00 19.24 24.61 76.64
sheep 0.520029 51.39 130.29 84.93 184.58
sheep 0.519957 162.73 117.37 210.63 185.57
dog 0.519948 13.24 83.71 32.80 141.33
dog 0.519911 53.69 16.15 107.60 87.87
sheep 0.519902 24.82 167.43 45.16 196.87
bird 0.519789 120.60 101.95 168.72 143.76
dog 0.519782 15.17 42.77 46.21 104.30
dog 0.519779 1.40 40.40 30.33 106.31
sheep 0.519725 18.12 168.01 38.32 196.38
dog 0.519657 111.34 0.00 178.20 67.18
sheep 0.519615 37.23 188.57 63.43 210.26
sheep 0.519439 0.00 158.99 18.09 192.66
sheep 0.519341 20.25 157.95 36.88 184.23
sheep 0.519339 107.20 99.04 158.56 145.34
sheep 0.519322 171.48 138.67 210.31 204.53
pottedplant 0.519204 191.96 119.45 224.00 178.15
dog 0.519200 61.48 42.62 105.06 101.54
sheep 0.519029 17.02 178.34 39.85 206.40
sheep 0.518997 8.27 178.01 32.60 206.65
sheep 0.518980 36.28 197.36 67.02 224.00
sheep 0.518901 15.72 205.70 53.38 224.00
sheep 0.518819 8.37 168.21 30.94 196.74
dog 0.518740 113.13 110.95 157.76 159.25
sheep 0.518734 22.98 178.00 45.79 206.09
sheep 0.518666 20.84 133.13 37.38 172.42
aeroplane 0.518621 11.01 39.41 41.45 103.22
sheep 0.518589 21.55 118.73 38.16 166.83
sheep 0.518583 204.21 144.88 224.00 203.00
sheep 0.518448 29.84 205.92 69.83 224.00
bottle 0.518301 163.45 25.48 216.30 90.56
sheep 0.518205 219.61 179.14 224.00 224.00
sheep 0.518160 21.02 146.56 36.83 176.39
aeroplane 0.518086 7.47 21.89 52.39 84.42
boat 0.518081 172.20 17.30 220.04 81.44
sheep 0.518070 49.78 159.30 88.79 202.60
sheep 0.518016 22.99 106.10 38.90 157.69
sheep 0.517928 107.81 193.40 154.47 224.00
sheep 0.517904 46.96 174.71 88.59 208.08
chair 0.517805 129.36 0.00 184.88 33.54
boat 0.517790 173.25 37.11 224.00 94.57
sheep 0.517631 0.00 141.98 16.96 177.84
sheep 0.517583 212.71 198.21 224.00 224.00
sheep 0.517563 33.69 153.47 50.47 184.42
bird 0.517500 58.72 201.62 106.48 224.00
sheep 0.517485 9.29 159.80 29.39 186.46
dog 0.517442 0.00 26.05 37.26 88.41
sheep 0.517356 0.00 119.52 15.69 160.87
sheep 0.517274 0.00 130.34 16.54 169.30
sheep 0.517207 67.26 179.68 118.48 222.58
sheep 0.516733 137.99 171.89 180.05 224.00
sheep 0.516635 195.39 126.60 224.00 192.10
sheep 0.516585 29.87 167.42 50.38 197.06
sheep 0.516465 95.19 193.67 137.86 224.00
sheep 0.516454 42.22 134.23 58.76 177.13
sheep 0.516016 9.49 150.91 28.59 178.59
boat 0.515769 187.99 112.63 223.67 166.83
sheep 0.515768 79.40 175.72 128.04 223.88
aeroplane 0.515238 180.14 11.27 218.62 72.63
sheep 0.515082 9.67 139.33 28.21 172.10
sheep 0.515050 12.72 113.95 27.83 156.87
dog 0.514990 193.94 7.10 224.00 68.21
boat 0.514969 180.98 97.17 223.08 153.30
dog 0.514963 37.84 19.24 88.92 85.85
sheep 0.514934 35.41 179.24 60.62 205.43
sheep 0.514612 68.26 198.39 114.03 224.00
dog 0.514594 23.17 47.31 61.38 102.64
aeroplane 0.514560 187.95 0.00 218.13 28.94
sheep 0.514550 10.83 126.10 27.76 165.10
dog 0.514450 170.45 10.42 212.35 75.33
sheep 0.514440 152.75 202.06 191.30 224.00
sheep 0.514154 41.50 149.51 58.80 184.57
sheep 0.514099 37.68 165.50 59.05 196.96
sheep 0.514030 162.28 204.36 200.01 224.00
sheep 0.514017 79.31 195.41 122.14 224.00
dog 0.513720 41.78 46.45 84.65 101.18
sheep 0.513455 180.55 156.04 209.29 212.67
aeroplane 0.513357 175.74 0.00 209.14 29.45
sheep 0.513038 163.11 151.60 202.05 216.18
sheep 0.512591 119.75 196.01 162.68 224.00
sheep 0.512517 207.96 160.87 224.00 211.72
sheep 0.512394 141.57 199.38 179.77 224.00
aeroplane 0.512292 161.25 0.00 198.76 28.69
dog 0.512035 203.26 1.69 224.00 57.43
dog 0.511982 138.48 0.00 190.90 51.28
aeroplane 0.511818 191.42 0.00 217.59 46.47
aeroplane 0.511750 206.44 0.00 224.00 43.20
dog 0.511733 160.88 0.67 201.73 67.70
sheep 0.511513 184.30 180.46 212.62 224.00
sheep 0.511183 170.47 179.76 205.80 224.00
aeroplane 0.510743 178.19 0.00 208.36 49.24
sheep 0.510716 206.87 179.87 224.00 224.00
aeroplane 0.510283 159.96 0.00 197.51 49.76
