person 0.692442 12.44 2.47 215.74 216.38
bottle 0.565252 24.34 46.20 172.73 224.00
person 0.556752 0.00 26.48 49.61 198.20
person 0.555088 5.17 14.75 135.02 214.73
person 0.553286 0.68 16.16 84.95 204.40
chair 0.553019 14.22 3.46 172.44 185.80
person 0.550271 32.27 87.79 152.74 224.00
person 0.550007 0.00 58.15 60.93 224.00
person 0.548828 65.53 38.54 213.44 213.45
person 0.544935 46.67 4.97 210.85 160.79
person 0.544340 0.00 13.30 38.99 160.05
dog 0.541749 91.06 207.31 147.94 224.00
sheep 0.540760 146.69 130.63 183.68 153.14
person 0.539941 0.00 81.23 42.11 224.00
dog 0.539061 156.87 209.94 193.16 224.00
bird 0.538184 109.16 89.41 163.57 112.35
person 0.537956 5.76 103.12 70.86 224.00
chair 0.537640 2.33 12.44 92.38 174.35
bottle 0.537388 150.47 209.32 186.70 224.00
chair 0.537169 22.63 5.93 71.60 77.85
bird 0.536901 125.22 95.99 173.39 119.54
person 0.536888 33.29 186.31 128.79 224.00
chair 0.536007 0.00 5.96 39.85 136.06
cat 0.535960 152.11 151.54 223.71 202.69
person 0.535883 3.31 180.92 78.40 224.00
bird 0.535289 144.79 130.86 185.23 152.96
person 0.535244 14.85 181.74 108.18 224.00
bird 0.535066 110.58 95.94 167.72 114.99
cat 0.534909 216.16 153.11 224.00 202.74
bottle 0.534723 27.71 0.00 183.91 144.45
person 0.534402 0.00 168.08 42.56 224.00
person 0.534160 64.22 192.01 164.93 224.00
dog 0.533998 108.29 208.22 159.52 224.00
dog 0.533763 153.09 153.50 220.07 202.36
bottle 0.533745 137.65 209.27 178.77 224.00
person 0.533701 0.00 99.39 10.84 147.11
bird 0.533655 108.37 69.34 163.95 106.10
bottle 0.533358 119.13 209.09 162.83 224.00
person 0.533123 146.02 102.62 224.00 208.50
car 0.533047 0.00 209.80 42.40 224.00
bottle 0.532942 170.41 210.81 204.94 224.00
bottle 0.532880 20.37 0.00 66.97 50.25
dog 0.532722 16.27 10.52 69.66 83.69
cat 0.532658 217.34 129.24 224.00 167.82
person 0.532373 0.00 206.62 25.88 224.00
dog 0.532357 18.26 210.50 60.26 224.00
bird 0.532304 118.92 62.87 180.57 105.76
person 0.531981 0.00 142.60 60.20 224.00
dog 0.531631 30.47 210.93 74.09 224.00
dog 0.531622 174.30 0.00 224.00 50.63
bottle 0.531252 59.25 0.00 211.46 167.72
sofa 0.531236 0.00 160.59 45.73 215.64
bird 0.531064 103.42 79.93 170.16 111.92
cat 0.530821 217.25 94.21 224.00 126.06
person 0.530489 0.00 0.00 48.47 48.98
bird 0.530427 137.39 55.24 182.14 94.90
dog 0.530278 168.75 0.00 224.00 138.22
dog 0.530182 4.25 210.58 50.21 224.00
cat 0.530176 55.15 0.00 159.60 52.73
dog 0.530163 46.75 210.32 91.53 224.00
bottle 0.530000 188.76 210.07 219.03 224.00
person 0.529967 123.43 74.20 224.00 211.45
cat 0.529942 217.81 116.09 224.00 152.65
dog 0.529935 73.50 209.59 123.54 224.00
bottle 0.529798 39.33 0.00 179.19 93.64
cat 0.529764 216.23 139.43 224.00 186.75
person 0.529724 33.62 152.44 139.64 224.00
chair 0.529625 15.91 0.00 57.98 29.65
chair 0.529159 24.11 0.00 155.33 135.24
sheep 0.529135 151.10 145.96 218.45 202.79
bottle 0.529103 81.59 194.39 178.20 224.00
dog 0.529038 209.55 206.35 224.00 224.00
person 0.528955 169.02 6.35 224.00 155.90
bottle 0.528950 154.82 172.39 224.00 224.00
dog 0.528893 0.00 164.87 51.80 213.05
aeroplane 0.528885 52.28 0.00 106.89 32.37
chair 0.528849 0.00 157.37 29.31 212.82
bird 0.528782 107.93 94.04 142.88 112.60
bird 0.528705 109.00 59.91 151.36 91.45
person 0.528637 180.22 159.23 224.00 224.00
cat 0.528321 171.89 143.46 224.00 194.56
dog 0.528274 0.00 100.85 18.24 144.79
pottedplant 0.528241 46.81 0.00 139.43 44.44
bird 0.527913 70.40 0.00 187.58 70.19
person 0.527858 0.00 106.93 18.78 150.60
bottle 0.527838 138.34 85.83 224.00 205.04
bird 0.527776 111.58 57.69 171.36 96.61
dog 0.527774 0.00 113.08 19.00 153.17
dog 0.527636 124.73 13.61 172.74 28.68
bird 0.527469 165.70 124.48 216.55 160.88
bird 0.527458 149.57 126.51 200.69 157.91
bird 0.527449 144.60 97.53 175.90 121.56
chair 0.527290 27.60 0.00 111.82 36.70
dog 0.527233 209.26 0.00 224.00 23.46
bird 0.526424 132.39 79.32 173.88 114.29
person 0.526340 0.00 82.65 10.49 136.81
cat 0.526337 170.77 126.12 219.38 170.83
dog 0.526142 29.78 33.13 70.76 95.49
dog 0.526120 49.41 21.85 86.25 74.94
bird 0.525815 60.08 61.47 86.26 91.35
bird 0.525764 65.50 70.76 86.98 97.25
dog 0.525667 33.78 58.80 64.79 105.15
sheep 0.525601 132.78 12.51 173.48 28.73
bottle 0.525480 199.81 208.40 224.00 224.00
boat 0.525474 0.00 163.07 48.73 215.05
person 0.525430 145.32 38.62 224.00 191.11
aeroplane 0.525328 54.84 0.00 102.34 21.82
dog 0.525323 34.95 131.61 52.25 151.15
bottle 0.525282 218.20 78.35 224.00 113.95
bottle 0.525227 124.61 179.79 209.99 224.00
bird 0.525200 137.62 102.18 177.12 129.47
bottle 0.525097 218.78 70.64 224.00 106.63
person 0.525090 0.00 114.77 9.95 160.67
car 0.525079 0.00 119.61 19.48 157.51
person 0.524989 0.00 0.00 20.98 23.01
sheep 0.524748 98.06 137.80 121.68 163.68
sheep 0.524656 105.69 143.81 131.74 167.33
person 0.524572 67.63 89.65 189.13 224.00
dog 0.524519 32.49 18.82 76.53 82.43
bottle 0.524425 191.63 96.47 213.39 121.25
dog 0.524405 63.86 0.00 209.17 140.57
dog 0.524396 99.01 10.88 152.62 28.72
boat 0.524302 0.00 10.78 9.43 73.49
cat 0.524302 183.77 121.45 219.61 159.59
sheep 0.524289 105.10 137.23 132.82 162.09
bird 0.524184 179.68 98.90 203.45 120.07
sheep 0.524171 125.37 173.61 154.54 215.45
dog 0.524117 94.57 0.00 197.23 60.80
bottle 0.524066 185.06 98.10 209.55 121.25
bottle 0.524056 164.34 46.04 197.49 79.71
dog 0.523945 166.88 0.00 224.00 84.21
chair 0.523806 0.00 0.00 68.95 40.68
aeroplane 0.523716 138.02 0.00 174.68 20.36
aeroplane 0.523692 105.73 51.39 146.26 79.80
sheep 0.523683 131.27 173.44 161.96 212.53
dog 0.523628 83.98 196.31 144.69 224.00
dog 0.523627 94.08 0.00 144.49 24.44
dog 0.523475 99.98 42.33 139.29 70.06
dog 0.523442 9.14 0.55 62.39 64.03
dog 0.523316 63.31 26.30 98.26 69.20
bird 0.523248 171.46 99.40 196.89 120.51
sheep 0.523214 147.36 160.14 196.21 201.79
sheep 0.523149 96.42 129.46 121.98 157.75
dog 0.523140 63.74 0.00 120.89 26.22
dog 0.523130 34.24 123.50 52.78 145.06
bird 0.523077 69.66 73.30 91.51 95.82
boat 0.523053 46.05 0.00 93.83 23.61
dog 0.523052 114.80 15.88 167.93 33.56
aeroplane 0.522915 95.98 0.00 137.61 20.64
aeroplane 0.522896 43.88 0.00 92.91 45.96
bird 0.522877 153.02 51.59 185.91 87.40
dog 0.522746 97.05 31.78 140.35 61.77
dog 0.522694 220.00 7.41 224.00 47.47
dog 0.522687 0.00 70.65 9.52 125.97
chair 0.522651 0.00 139.46 16.53 196.82
dog 0.522631 36.23 136.80 51.18 156.10
boat 0.522617 0.00 9.43 19.47 72.05
dog 0.522532 0.00 51.09 9.31 104.50
aeroplane 0.522487 67.11 0.00 115.47 20.52
dog 0.522481 3.29 119.27 31.56 150.13
sheep 0.522377 147.74 126.93 202.50 163.36
aeroplane 0.522310 120.11 0.00 161.15 19.47
dog 0.522274 51.98 12.22 92.09 65.48
bird 0.522255 104.40 95.03 126.11 113.95
sheep 0.522240 146.98 133.34 188.23 165.14
chair 0.522233 0.00 0.00 48.01 77.32
sheep 0.522199 133.06 0.00 175.06 24.21
boat 0.522196 0.00 0.00 13.81 49.04
bottle 0.522171 207.10 93.69 221.85 122.91
dog 0.522122 218.99 11.00 224.00 58.53
bottle 0.522014 219.30 55.82 224.00 94.02
aeroplane 0.521992 109.40 0.00 151.37 20.81
bottle 0.521990 158.70 50.94 190.17 84.95
chair 0.521979 89.54 0.00 131.95 20.29
sheep 0.521975 166.60 0.00 196.75 20.30
bird 0.521869 132.27 130.40 165.69 150.81
bottle 0.521836 191.16 88.44 212.88 115.60
cat 0.521795 203.12 149.00 224.00 198.75
sheep 0.521740 146.97 0.00 182.02 21.14
bird 0.521719 71.98 89.42 91.11 109.11
dog 0.521709 0.00 180.25 50.87 224.00
boat 0.521707 0.00 143.04 32.29 201.46
dog 0.521704 159.26 181.46 198.95 220.26
sheep 0.521680 114.76 142.56 145.01 167.04
bird 0.521677 153.11 98.69 182.71 120.65
dog 0.521671 103.68 51.80 140.83 78.62
dog 0.521638 79.07 36.35 109.03 68.63
dog 0.521583 76.54 29.02 113.42 63.14
sheep 0.521577 171.37 8.02 191.63 28.53
bird 0.521569 67.91 77.27 86.42 102.84
aeroplane 0.521557 55.17 2.61 99.44 50.79
chair 0.521556 33.77 0.00 148.00 73.77
sheep 0.521524 139.20 171.20 176.47 208.31
dog 0.521482 155.52 165.76 210.00 208.93
aeroplane 0.521475 99.90 41.42 144.15 71.91
cat 0.521431 219.27 168.39 224.00 216.60
bottle 0.521415 179.04 91.47 203.16 116.22
bird 0.521329 177.38 117.53 216.63 154.92
bird 0.521308 66.82 65.31 90.65 91.02
cat 0.521285 206.97 121.73 224.00 157.65
sheep 0.521268 190.50 0.00 219.19 19.04
sheep 0.521226 103.64 128.41 134.12 155.14
chair 0.521164 0.00 0.00 35.53 20.34
aeroplane 0.521101 218.72 27.75 224.00 80.23
bird 0.521040 70.33 80.56 91.22 101.52
bottle 0.521036 166.49 32.87 206.99 76.42
sheep 0.521030 104.57 0.00 157.68 24.63
dog 0.521014 126.55 51.79 175.80 88.79
boat 0.521010 0.00 127.56 11.35 181.84
bird 0.521003 53.45 46.52 84.42 87.08
bird 0.520997 128.41 120.24 167.37 145.24
sheep 0.520996 115.37 136.17 146.10 160.50
bird 0.520977 74.56 98.48 90.50 115.13
sheep 0.520948 140.92 189.25 171.30 222.57
dog 0.520889 34.47 112.52 53.34 136.86
bottle 0.520862 220.00 43.46 224.00 88.22
person 0.520834 57.32 162.66 172.18 224.00
bird 0.520783 50.86 55.54 79.64 93.33
dog 0.520740 200.66 0.00 224.00 20.60
dog 0.520728 219.31 0.00 224.00 37.89
sheep 0.520721 152.76 187.81 181.87 220.36
chair 0.520711 31.78 0.00 79.64 27.45
bird 0.520677 190.97 102.32 213.50 127.19
boat 0.520653 9.32 0.00 62.46 47.80
boat 0.520640 0.00 40.31 9.53 95.22
dog 0.520606 0.00 85.33 17.66 136.53
sheep 0.520582 156.96 0.00 189.33 21.19
bird 0.520560 120.86 117.42 156.41 143.70
boat 0.520523 0.00 2.36 29.42 52.85
sheep 0.520515 180.26 0.00 211.70 19.58
dog 0.520473 43.18 40.06 78.37 90.09
bird 0.520466 96.47 116.08 122.40 145.56
dog 0.520464 29.45 129.51 48.30 151.61
bird 0.520376 107.57 70.03 149.95 99.10
dog 0.520300 89.05 31.15 125.21 59.57
boat 0.520252 0.00 123.71 20.19 165.84
dog 0.520157 112.04 51.50 167.44 85.79
sheep 0.520148 101.09 147.96 120.31 171.86
sheep 0.520146 177.59 6.69 198.17 28.91
sheep 0.520145 121.00 146.31 150.55 176.58
bottle 0.520114 206.74 86.03 222.65 117.27
bird 0.520079 107.05 79.15 148.24 106.17
sheep 0.520060 138.24 51.64 180.30 88.68
cat 0.520060 208.22 100.12 221.06 128.90
chair 0.520045 4.19 0.00 51.47 23.60
bird 0.520000 69.76 85.59 86.14 109.23
bird 0.519997 170.02 93.05 194.85 116.54
bird 0.519984 123.46 128.61 154.11 152.13
dog 0.519963 26.95 122.13 47.62 146.37
bird 0.519963 178.54 104.15 204.54 127.16
dog 0.519962 41.44 3.52 87.27 56.29
sheep 0.519957 143.73 10.71 178.69 27.43
dog 0.519937 13.70 122.54 42.60 147.11
dog 0.519855 214.74 0.00 224.00 29.04
bottle 0.519850 165.95 132.32 224.00 224.00
aeroplane 0.519846 0.00 147.76 40.27 199.40
boat 0.519782 0.00 175.18 25.83 224.00
sheep 0.519693 122.63 140.00 152.02 165.88
dog 0.519642 92.06 39.30 121.28 65.92
dog 0.519579 39.05 77.70 62.08 111.51
sheep 0.519577 114.69 148.49 144.11 175.32
sheep 0.519552 114.07 128.36 145.95 153.27
sheep 0.519509 147.33 139.33 193.92 183.03
sheep 0.519374 124.17 191.62 154.48 224.00
bird 0.519357 102.89 70.14 128.03 96.80
sheep 0.519345 151.27 175.21 189.31 211.14
sheep 0.519326 120.49 165.01 151.57 206.42
dog 0.519321 22.02 0.00 73.26 52.43
dog 0.519244 39.71 95.50 59.98 118.30
sheep 0.519226 67.35 183.99 89.59 217.02
dog 0.519209 90.67 182.71 147.39 224.00
bird 0.519200 94.55 72.44 114.34 95.01
aeroplane 0.519184 106.90 39.26 163.36 80.65
bottle 0.519177 177.37 81.26 202.10 109.97
sheep 0.519131 54.08 185.12 81.32 218.43
dog 0.519088 38.12 134.82 56.55 149.20
dog 0.519069 36.47 102.19 54.12 127.22
sheep 0.519059 120.19 154.78 149.38 193.18
bird 0.519019 103.41 63.75 129.85 88.56
sheep 0.518983 123.98 134.50 153.30 158.58
chair 0.518977 19.88 0.00 109.10 69.25
sheep 0.518973 131.42 189.79 161.12 224.00
aeroplane 0.518968 118.35 15.60 167.84 46.38
aeroplane 0.518908 105.54 24.22 162.63 67.12
dog 0.518838 0.00 0.00 18.05 37.33
sheep 0.518827 142.99 152.45 184.61 197.66
bird 0.518806 169.58 103.36 198.25 129.29
sheep 0.518803 167.35 20.80 194.23 53.54
sheep 0.518750 166.56 30.03 199.62 69.48
sheep 0.518744 0.00 53.96 18.23 100.97
bird 0.518728 56.69 65.56 80.30 97.64
dog 0.518714 119.50 38.56 169.70 83.33
boat 0.518693 0.00 130.83 23.88 184.21
bottle 0.518644 172.05 67.68 199.63 99.51
bottle 0.518632 166.83 57.05 197.41 89.36
bottle 0.518619 171.17 51.83 206.00 83.16
bird 0.518602 76.28 103.83 89.78 120.64
dog 0.518573 62.11 14.32 104.81 59.48
bird 0.518530 140.02 124.16 182.53 149.72
bottle 0.518455 191.73 79.75 213.06 109.01
sheep 0.518421 196.27 2.15 213.43 30.75
bird 0.518395 120.13 102.25 167.75 130.80
bird 0.518385 112.55 116.53 147.54 143.75
bird 0.518344 142.06 63.92 182.39 102.95
sheep 0.518334 55.87 179.87 80.53 208.50
sheep 0.518328 12.97 179.13 60.17 222.10
bottle 0.518286 176.90 40.95 214.58 81.71
bird 0.518284 78.24 73.52 98.85 95.16
dog 0.518278 1.12 103.71 28.41 142.64
bird 0.518194 71.74 95.24 85.74 115.55
bird 0.518193 140.71 111.36 180.43 143.08
bird 0.518185 102.41 80.25 127.21 105.90
bottle 0.518167 188.85 63.17 214.68 92.82
dog 0.518139 170.01 24.86 207.46 69.47
sheep 0.518137 82.01 0.00 207.12 98.98
dog 0.518120 6.40 65.13 28.36 103.88
bottle 0.518105 156.84 65.54 190.57 101.14
cat 0.518094 208.60 106.70 221.56 139.60
bottle 0.518091 191.62 70.95 214.10 100.64
sheep 0.517918 170.80 14.71 192.73 37.29
dog 0.517918 167.53 205.10 203.94 224.00
bird 0.517903 93.82 64.55 114.03 85.93
sheep 0.517879 132.90 133.24 165.29 154.83
sheep 0.517844 0.00 74.37 17.48 125.47
sheep 0.517842 158.61 9.16 185.59 26.97
dog 0.517805 40.14 58.28 73.26 98.83
sheep 0.517760 70.67 127.44 84.76 148.82
bottle 0.517753 176.41 18.22 212.74 68.91
bottle 0.517751 164.17 81.12 192.49 111.28
sheep 0.517735 68.61 178.63 89.10 208.19
sheep 0.517715 71.13 135.22 84.01 157.65
sheep 0.517676 219.16 182.14 224.00 224.00
dog 0.517653 0.00 128.39 32.76 160.90
bottle 0.517649 180.06 69.87 207.64 99.76
bottle 0.517639 208.45 70.61 224.00 103.53
cat 0.517635 204.36 137.31 224.00 185.67
bird 0.517598 151.28 93.62 180.84 116.67
bird 0.517598 103.75 115.09 137.66 143.76
bottle 0.517592 207.57 77.77 223.26 110.60
bird 0.517574 91.71 118.74 114.53 147.64
dog 0.517489 24.93 111.72 47.34 139.40
bird 0.517437 181.01 109.78 213.26 142.59
sheep 0.517420 183.64 5.24 206.04 28.89
dog 0.517393 97.94 15.57 151.89 36.38
bird 0.517332 112.30 102.53 150.14 128.28
dog 0.517300 7.88 55.64 30.00 93.59
bird 0.517276 102.64 58.26 130.18 81.97
sheep 0.517274 26.34 183.68 65.87 222.06
sheep 0.517246 71.01 143.16 83.81 166.79
bird 0.517190 79.65 82.46 100.20 102.11
dog 0.517168 11.30 113.89 40.89 144.11
bird 0.517166 94.64 82.32 115.48 104.38
dog 0.517138 15.09 173.95 56.85 212.74
dog 0.517129 38.18 141.80 55.87 155.28
aeroplane 0.517128 11.47 8.82 45.29 66.48
bottle 0.517089 174.77 60.02 206.30 90.04
chair 0.517052 0.00 0.00 79.81 74.96
sheep 0.517030 109.14 172.76 149.76 215.38
dog 0.517019 61.33 2.46 110.47 45.10
bird 0.517009 63.75 52.49 89.70 85.97
bird 0.516919 77.16 66.15 98.81 88.98
bird 0.516916 152.05 102.83 184.05 130.63
sheep 0.516899 75.65 130.52 92.38 149.75
dog 0.516842 185.89 14.22 212.00 56.58
dog 0.516831 34.78 185.16 71.47 220.26
sheep 0.516759 62.48 40.67 90.68 79.82
bird 0.516750 82.30 91.91 101.48 108.35
dog 0.516728 100.08 50.46 130.02 75.47
sheep 0.516725 175.10 15.18 198.68 40.27
dog 0.516723 37.26 125.81 56.63 143.85
bird 0.516716 76.28 110.34 90.04 129.17
dog 0.516706 128.00 15.97 172.85 46.89
sheep 0.516693 96.02 144.25 117.49 166.97
dog 0.516680 160.80 30.07 186.54 68.42
dog 0.516671 95.84 20.39 142.74 50.61
sheep 0.516611 70.53 152.01 83.82 175.67
sheep 0.516589 214.03 198.93 224.00 224.00
sheep 0.516571 76.75 138.67 91.83 157.37
sheep 0.516541 193.33 11.23 212.06 41.87
dog 0.516523 34.87 141.83 50.79 164.86
dog 0.516469 161.06 19.36 187.61 50.84
dog 0.516450 83.17 0.60 132.04 29.53
bird 0.516444 96.49 91.62 116.42 109.93
bird 0.516415 75.32 120.18 91.29 140.24
sheep 0.516344 132.37 153.70 172.32 198.10
sheep 0.516311 79.75 44.88 104.90 75.19
bottle 0.516308 184.07 54.55 215.20 86.02
bird 0.516246 85.37 99.91 101.38 113.25
sheep 0.516222 175.63 18.83 207.06 57.37
sheep 0.516199 75.87 184.04 102.34 217.92
sheep 0.516128 71.13 117.79 85.98 139.90
cat 0.516081 170.24 159.94 216.11 209.73
sheep 0.516061 129.91 137.37 163.52 161.99
dog 0.516005 157.47 41.73 185.75 79.71
dog 0.515980 11.45 0.00 57.22 41.27
dog 0.515936 89.77 173.51 134.29 220.25
sheep 0.515905 78.82 194.85 126.53 224.00
sheep 0.515864 77.51 146.01 91.06 164.86
bird 0.515821 73.13 100.91 85.89 121.62
aeroplane 0.515787 0.00 135.01 34.79 180.87
sheep 0.515742 85.05 133.10 107.18 154.49
sheep 0.515723 0.00 200.95 45.39 224.00
sheep 0.515719 30.34 177.98 62.66 210.64
dog 0.515683 72.91 16.51 118.57 54.17
boat 0.515675 0.00 27.11 16.52 84.20
dog 0.515587 143.47 13.93 179.23 34.16
sheep 0.515545 94.35 57.16 115.34 79.20
bird 0.515544 160.93 110.51 198.59 145.16
sheep 0.515450 69.82 161.60 86.20 187.86
sheep 0.515423 93.93 47.77 118.10 72.47
dog 0.515419 13.89 131.03 42.35 157.32
dog 0.515417 21.29 168.95 54.28 203.48
bird 0.515362 98.32 96.86 116.20 113.04
dog 0.515316 22.61 60.56 53.36 98.24
bird 0.515316 83.56 121.30 103.44 143.99
dog 0.515300 30.46 150.23 51.02 177.20
dog 0.515296 121.02 0.00 222.89 89.63
sheep 0.515281 63.07 136.19 77.08 155.98
dog 0.515251 26.90 160.52 52.13 190.14
dog 0.515209 11.16 158.16 49.18 196.81
sheep 0.515199 62.07 129.74 78.21 148.19
sheep 0.515196 62.54 194.31 92.47 224.00
bird 0.515174 146.06 80.61 180.42 112.64
dog 0.515100 86.04 18.65 129.17 51.07
sheep 0.515098 69.16 171.07 89.15 199.45
dog 0.515094 82.34 183.42 124.69 222.88
sheep 0.515091 180.78 14.10 205.56 41.11
aeroplane 0.514976 6.84 26.21 34.15 78.91
sheep 0.514962 87.63 140.52 110.76 159.52
sheep 0.514940 71.62 194.45 106.60 224.00
bird 0.514897 72.65 107.84 86.28 130.06
dog 0.514891 128.36 24.21 173.62 66.95
sheep 0.514874 159.86 14.02 186.41 34.54
dog 0.514831 46.32 79.55 69.11 108.97
bird 0.514829 101.07 101.68 124.13 127.94
bird 0.514787 86.53 103.74 99.98 118.22
sheep 0.514780 207.68 8.68 222.51 43.53
sheep 0.514760 57.12 171.65 79.91 199.00
dog 0.514741 148.47 27.31 181.70 67.27
dog 0.514704 26.41 101.59 48.87 130.09
sheep 0.514691 78.68 56.11 100.93 82.89
dog 0.514677 145.71 17.70 181.12 49.11
boat 0.514657 0.00 0.00 38.90 35.37
bird 0.514605 85.24 109.69 100.55 129.28
sheep 0.514603 61.93 143.28 75.64 165.69
bird 0.514584 106.15 101.15 140.47 126.67
bottle 0.514549 174.04 204.81 211.71 224.00
sheep 0.514440 58.43 161.84 77.25 187.11
sheep 0.514411 77.23 178.03 98.22 208.18
bird 0.514410 60.50 72.25 80.81 101.66
sheep 0.514387 78.24 153.45 90.68 173.01
bottle 0.514385 206.10 57.32 224.00 91.30
sheep 0.514375 209.56 0.00 223.86 33.16
dog 0.514354 7.07 41.42 31.04 86.35
sheep 0.514281 201.62 11.23 222.44 56.86
sheep 0.514274 136.06 141.50 179.42 176.31
dog 0.514245 101.65 18.40 158.11 47.63
sheep 0.514229 101.21 154.00 122.33 181.91
sheep 0.514226 60.14 152.02 75.22 175.40
dog 0.514123 180.36 179.26 214.64 222.42
sheep 0.514067 49.23 195.14 83.50 224.00
dog 0.513924 47.75 95.49 67.42 116.39
dog 0.513916 1.41 74.63 27.50 116.66
bird 0.513861 95.75 104.77 114.59 129.73
dog 0.513790 36.46 147.76 55.36 164.63
sheep 0.513762 32.18 171.89 59.31 199.51
sheep 0.513753 96.29 163.71 127.27 205.07
dog 0.513719 24.11 51.98 58.49 91.85
bottle 0.513645 200.13 43.70 224.00 86.27
bottle 0.513620 193.97 26.72 223.83 79.24
sheep 0.513483 107.37 154.86 135.31 182.69
sheep 0.513388 33.13 163.95 56.78 187.24
sheep 0.513369 89.59 145.54 113.40 163.99
sheep 0.513344 61.13 120.33 78.77 140.83
dog 0.513274 194.86 15.61 223.31 69.53
dog 0.513211 18.60 147.15 49.26 182.48
sheep 0.513210 34.02 194.88 74.44 224.00
dog 0.513184 0.00 85.73 27.12 130.16
dog 0.513177 10.74 96.04 41.39 131.36
bird 0.513171 62.35 82.90 80.63 106.99
dog 0.513112 44.97 133.91 62.84 150.06
person 0.513031 91.55 143.46 187.50 224.00
sheep 0.512983 33.89 154.75 55.68 175.66
dog 0.512944 63.82 207.41 111.39 224.00
dog 0.512865 9.50 136.94 42.69 174.56
dog 0.512813 69.43 4.51 122.01 40.15
cat 0.512778 205.44 164.80 224.00 212.20
dog 0.512659 85.35 175.74 119.92 211.47
sheep 0.512624 78.29 170.68 95.61 197.68
dog 0.512617 46.82 104.19 66.20 125.85
dog 0.512575 28.85 92.58 51.42 121.48
dog 0.512567 46.01 140.67 62.30 156.65
dog 0.512499 19.38 69.21 48.51 107.58
sheep 0.512440 64.08 94.65 80.67 113.31
sheep 0.512419 78.73 161.98 92.94 185.02
sheep 0.512260 103.05 163.72 139.41 203.47
sheep 0.511927 62.83 109.64 79.83 131.39
dog 0.511911 84.37 8.03 131.59 37.29
dog 0.511869 27.29 137.86 48.59 167.45
dog 0.511758 43.51 124.89 63.22 144.98
sheep 0.511739 37.85 172.88 65.44 198.08
sheep 0.511635 64.58 101.40 80.48 121.10
sheep 0.511619 208.12 181.20 224.00 223.53
dog 0.511537 44.65 113.90 64.63 136.95
bottle 0.511205 120.38 131.06 208.82 224.00
bottle 0.511197 205.15 201.64 224.00 224.00
dog 0.510947 30.97 78.92 55.49 113.31
sheep 0.510863 39.13 164.29 62.68 186.54
sheep 0.510532 41.43 155.23 61.60 175.92
dog 0.510524 13.58 81.92 44.14 119.54
sheep 0.510481 91.18 150.54 114.63 170.23
sheep 0.510328 43.67 147.38 61.19 165.65
sheep 0.510004 89.45 167.11 116.16 197.98
sheep 0.508422 91.83 157.88 115.19 181.51
