aeroplane 0.568361 55.08 108.85 223.42 224.00
aeroplane 0.566621 62.62 50.22 205.46 129.02
aeroplane 0.555860 112.49 70.54 170.71 89.14
aeroplane 0.548406 66.67 69.82 203.69 186.93
boat 0.548387 0.00 56.87 8.85 102.76
aeroplane 0.548285 17.75 46.83 185.39 121.68
aeroplane 0.547073 62.25 67.90 89.10 88.53
boat 0.545413 0.00 81.06 8.67 131.99
aeroplane 0.542588 58.67 143.32 93.44 175.66
aeroplane 0.540732 122.79 102.34 149.61 134.74
aeroplane 0.537606 112.32 103.23 145.45 130.08
aeroplane 0.536726 106.48 69.84 150.42 87.30
boat 0.536304 0.00 42.54 8.97 88.19
aeroplane 0.536185 93.04 103.39 133.34 129.18
aeroplane 0.535881 71.29 104.78 110.92 130.92
aeroplane 0.535622 49.95 146.74 85.43 174.13
aeroplane 0.535600 40.20 69.13 66.85 89.35
aeroplane 0.535329 50.02 70.28 80.61 87.42
boat 0.535279 0.00 23.28 8.81 70.91
aeroplane 0.534945 32.96 67.83 58.79 89.92
car 0.534634 0.00 0.00 19.21 25.50
aeroplane 0.534590 44.24 186.40 71.89 205.79
aeroplane 0.534154 204.81 59.85 224.00 161.27
aeroplane 0.534151 42.87 0.00 167.73 52.61
boat 0.533514 46.03 192.79 71.40 210.80
aeroplane 0.533390 81.73 103.19 124.73 132.40
aeroplane 0.532806 127.80 115.03 151.38 174.20
aeroplane 0.532490 67.67 145.48 98.72 179.54
aeroplane 0.532434 102.77 100.22 147.25 126.51
aeroplane 0.532311 220.00 49.95 224.00 80.35
aeroplane 0.532213 109.60 72.07 162.59 96.78
aeroplane 0.532136 64.82 72.59 92.75 90.79
aeroplane 0.532118 14.11 75.95 158.91 155.24
aeroplane 0.531976 192.09 95.34 224.00 211.63
aeroplane 0.531934 43.56 177.73 71.42 200.33
aeroplane 0.531922 74.59 69.27 102.63 87.29
boat 0.531890 186.19 182.71 224.00 224.00
aeroplane 0.531782 193.97 0.00 224.00 45.56
aeroplane 0.531310 73.34 152.46 98.80 197.08
aeroplane 0.531244 98.71 69.41 132.55 87.90
person 0.531036 213.17 203.81 224.00 224.00
aeroplane 0.530968 169.11 95.06 193.69 120.03
aeroplane 0.530931 87.53 69.69 118.62 87.54
aeroplane 0.530585 47.12 193.32 76.78 212.56
aeroplane 0.530550 220.00 125.40 224.00 176.57
aeroplane 0.530524 64.45 102.60 105.29 124.12
aeroplane 0.530473 168.47 100.49 192.71 126.58
pottedplant 0.530274 0.00 202.46 21.55 224.00
boat 0.530209 0.00 96.98 8.48 148.40
aeroplane 0.530156 81.57 34.94 224.00 179.40
boat 0.530097 43.52 187.09 68.98 202.71
aeroplane 0.530089 52.71 106.48 91.94 122.35
bird 0.529837 0.00 206.52 31.81 224.00
boat 0.529742 0.00 7.56 8.82 52.02
aeroplane 0.529643 220.00 116.69 224.00 157.37
aeroplane 0.529466 0.00 32.83 49.66 136.22
aeroplane 0.529372 46.22 153.77 78.64 178.67
aeroplane 0.529288 206.18 33.41 224.00 131.19
boat 0.529163 93.97 163.22 115.62 212.02
person 0.529022 64.09 79.47 224.00 224.00
aeroplane 0.529019 125.73 134.01 149.73 191.97
aeroplane 0.528992 220.00 103.88 224.00 137.68
aeroplane 0.528985 50.55 68.67 209.65 145.48
aeroplane 0.528906 58.20 101.16 97.37 120.80
boat 0.528891 42.21 178.66 68.15 198.76
aeroplane 0.528757 0.00 0.00 40.80 50.39
aeroplane 0.528620 21.04 54.94 147.21 137.64
aeroplane 0.528603 63.88 208.87 98.26 224.00
aeroplane 0.528488 184.02 56.67 200.76 72.11
aeroplane 0.528431 68.52 142.64 197.21 224.00
aeroplane 0.528398 80.25 0.00 118.55 16.31
aeroplane 0.528367 96.89 165.85 116.20 216.64
aeroplane 0.528266 0.00 115.94 108.05 224.00
aeroplane 0.528259 0.00 0.00 118.55 119.00
aeroplane 0.528254 122.20 119.34 147.27 170.37
aeroplane 0.528086 207.89 0.00 224.00 19.25
aeroplane 0.528005 59.38 0.00 94.43 16.92
aeroplane 0.527908 136.97 100.05 165.74 134.23
boat 0.527829 177.28 210.76 210.80 224.00
aeroplane 0.527821 102.10 169.73 123.39 217.70
aeroplane 0.527762 122.26 146.14 148.24 203.35
aeroplane 0.527627 183.95 59.94 201.65 77.57
aeroplane 0.527550 121.10 94.28 155.55 132.70
boat 0.527459 84.80 159.85 106.02 207.70
aeroplane 0.527387 32.95 101.32 162.79 178.48
boat 0.527322 0.00 0.00 10.08 40.26
aeroplane 0.527235 74.45 210.16 107.63 224.00
aeroplane 0.527146 96.35 0.00 135.37 16.14
aeroplane 0.527090 128.03 98.99 150.76 144.31
aeroplane 0.527006 220.00 136.36 224.00 193.72
boat 0.526982 186.60 210.17 218.39 224.00
aeroplane 0.526939 149.77 93.05 184.89 119.64
boat 0.526901 0.00 107.64 7.90 161.20
aeroplane 0.526899 169.16 88.79 194.31 112.37
boat 0.526898 0.00 0.00 14.22 30.64
aeroplane 0.526895 108.73 173.43 133.51 218.32
aeroplane 0.526885 115.15 175.10 141.08 219.79
aeroplane 0.526753 175.89 95.54 197.31 119.01
aeroplane 0.526715 106.08 62.59 163.80 89.06
aeroplane 0.526585 42.74 168.93 71.82 194.01
aeroplane 0.526539 153.49 97.54 182.91 126.60
aeroplane 0.526463 196.20 128.69 224.00 224.00
aeroplane 0.526367 29.56 0.00 124.07 46.43
boat 0.526352 0.00 128.69 7.07 183.22
bird 0.526291 52.02 206.51 89.09 224.00
car 0.526285 0.00 170.10 50.08 224.00
aeroplane 0.526078 65.32 10.77 88.41 43.08
aeroplane 0.526033 112.05 0.00 150.49 15.73
aeroplane 0.525957 55.76 65.04 84.78 84.80
aeroplane 0.525915 103.85 168.74 209.57 224.00
aeroplane 0.525903 16.10 99.22 132.74 169.95
aeroplane 0.525886 23.54 68.39 53.13 91.41
boat 0.525849 4.01 209.28 39.61 224.00
boat 0.525803 44.28 203.70 78.21 224.00
aeroplane 0.525747 63.53 122.85 102.75 176.64
aeroplane 0.525723 31.49 31.19 50.97 61.22
aeroplane 0.525696 64.35 153.87 92.57 194.39
aeroplane 0.525621 45.74 99.76 90.36 117.05
aeroplane 0.525438 83.84 0.00 187.53 44.91
boat 0.525323 0.00 56.23 13.33 94.58
aeroplane 0.525205 73.25 73.64 103.84 91.25
boat 0.525185 0.00 146.75 8.60 196.39
aeroplane 0.525171 129.91 93.42 168.09 127.45
boat 0.525152 128.31 179.69 221.84 224.00
aeroplane 0.525151 220.00 88.06 224.00 121.43
aeroplane 0.525128 220.00 60.87 224.00 95.93
aeroplane 0.525029 15.22 0.00 91.94 43.26
aeroplane 0.525000 193.55 57.07 206.13 70.28
boat 0.524963 201.20 206.82 224.00 224.00
aeroplane 0.524936 168.81 81.31 194.92 106.37
aeroplane 0.524897 65.49 22.01 87.19 52.43
aeroplane 0.524884 41.12 107.13 83.54 121.97
aeroplane 0.524866 111.83 160.91 142.92 210.29
aeroplane 0.524811 174.63 60.93 195.92 77.94
aeroplane 0.524738 0.00 53.28 69.45 152.14
aeroplane 0.524689 43.98 160.13 74.65 186.31
aeroplane 0.524676 32.35 24.32 50.81 53.50
aeroplane 0.524645 103.17 163.66 135.05 210.42
aeroplane 0.524629 207.63 0.00 224.00 97.70
aeroplane 0.524593 88.28 163.48 107.08 213.13
aeroplane 0.524535 82.82 210.63 119.16 224.00
aeroplane 0.524487 62.65 106.49 107.09 135.68
aeroplane 0.524392 26.29 0.00 190.22 108.87
aeroplane 0.524363 29.34 29.78 44.81 59.87
aeroplane 0.524308 220.00 186.38 224.00 220.62
aeroplane 0.524228 25.89 0.00 60.80 17.86
aeroplane 0.524079 185.68 195.82 202.82 214.57
aeroplane 0.524068 124.14 175.51 147.99 220.92
aeroplane 0.524053 33.23 15.14 50.10 44.98
aeroplane 0.524046 0.00 174.67 76.60 224.00
aeroplane 0.524044 179.73 194.91 198.13 217.15
boat 0.524040 0.00 77.29 12.00 122.55
aeroplane 0.524016 36.57 63.71 62.89 86.95
aeroplane 0.524013 8.72 41.85 94.67 136.41
aeroplane 0.523957 194.70 59.04 206.77 74.49
aeroplane 0.523900 81.88 9.56 120.29 44.40
aeroplane 0.523892 44.60 0.00 77.80 17.30
aeroplane 0.523841 72.16 62.61 100.03 84.08
aeroplane 0.523747 29.42 22.34 44.41 51.24
boat 0.523699 98.77 163.58 123.27 210.24
aeroplane 0.523669 64.43 31.29 86.76 62.07
aeroplane 0.523529 218.12 196.33 224.00 224.00
aeroplane 0.523492 29.49 13.09 43.83 41.04
aeroplane 0.523486 180.81 97.53 203.18 117.57
aeroplane 0.523484 102.93 124.47 135.31 167.48
aeroplane 0.523442 60.19 77.04 90.54 100.36
aeroplane 0.523432 0.00 39.64 119.32 163.61
aeroplane 0.523417 128.12 0.00 167.63 16.06
aeroplane 0.523378 108.10 35.10 149.76 60.57
aeroplane 0.523374 74.33 10.81 109.63 43.73
aeroplane 0.523340 48.21 111.76 89.60 129.94
aeroplane 0.523333 63.90 165.58 92.23 204.59
boat 0.523166 11.38 66.06 31.92 94.73
aeroplane 0.523126 76.30 167.06 98.22 212.26
aeroplane 0.523121 19.36 179.01 106.88 224.00
aeroplane 0.523068 220.00 158.18 224.00 206.32
aeroplane 0.523055 29.91 95.71 68.08 117.19
aeroplane 0.522839 46.74 65.12 75.69 84.73
aeroplane 0.522781 106.72 139.20 135.61 189.10
aeroplane 0.522740 112.71 80.46 156.42 117.07
aeroplane 0.522733 164.34 210.14 200.28 224.00
aeroplane 0.522685 0.00 83.32 66.98 176.67
aeroplane 0.522681 51.78 0.00 193.20 71.72
boat 0.522656 0.00 168.00 11.64 207.32
aeroplane 0.522649 56.15 22.71 79.92 52.99
boat 0.522610 13.74 209.32 48.96 224.00
aeroplane 0.522610 56.18 31.31 80.65 61.65
aeroplane 0.522584 92.26 23.45 129.44 53.64
aeroplane 0.522564 31.39 40.88 51.20 71.87
aeroplane 0.522560 48.56 200.59 77.31 224.00
aeroplane 0.522541 92.17 31.77 129.20 60.47
aeroplane 0.522516 83.73 23.22 119.88 53.49
aeroplane 0.522494 85.08 63.05 115.62 84.05
aeroplane 0.522489 0.00 0.00 37.12 103.17
aeroplane 0.522458 65.13 107.48 107.34 159.49
aeroplane 0.522254 47.64 129.86 88.34 167.00
aeroplane 0.522227 32.60 104.92 68.77 122.82
aeroplane 0.522220 178.85 91.44 202.33 111.62
aeroplane 0.522145 96.62 63.73 128.45 84.98
aeroplane 0.522114 121.08 108.63 147.65 157.26
aeroplane 0.522049 88.99 128.14 122.89 169.38
aeroplane 0.522038 0.00 70.01 111.83 194.54
aeroplane 0.522008 167.29 61.79 191.71 79.11
aeroplane 0.521994 97.06 211.62 137.66 224.00
aeroplane 0.521988 61.66 174.91 90.73 211.63
aeroplane 0.521953 56.35 12.52 80.55 43.60
aeroplane 0.521950 64.09 0.00 91.88 31.78
aeroplane 0.521948 26.06 94.09 56.14 116.87
boat 0.521860 0.00 150.68 16.56 192.27
aeroplane 0.521836 97.91 0.00 224.00 137.52
aeroplane 0.521811 120.53 61.03 223.19 152.28
aeroplane 0.521802 31.88 74.23 61.60 97.36
aeroplane 0.521725 40.08 75.48 73.21 96.26
aeroplane 0.521705 182.95 103.19 203.46 123.09
aeroplane 0.521673 220.00 35.26 224.00 67.02
aeroplane 0.521577 90.63 173.19 109.65 216.79
aeroplane 0.521530 82.28 31.76 118.25 61.62
aeroplane 0.521528 13.94 0.00 47.08 16.75
aeroplane 0.521494 207.88 54.31 216.47 74.22
aeroplane 0.521471 74.04 130.92 112.88 174.12
aeroplane 0.521464 175.00 57.39 195.86 72.26
aeroplane 0.521461 46.81 182.46 82.54 209.38
boat 0.521428 77.90 152.11 104.01 192.63
aeroplane 0.521319 154.23 211.14 192.90 224.00
aeroplane 0.521283 31.75 0.00 50.83 33.22
boat 0.521241 0.48 91.95 12.04 135.56
boat 0.521177 2.41 181.63 20.78 207.86
aeroplane 0.521146 22.46 12.34 37.86 39.53
boat 0.521113 0.00 186.04 13.19 220.31
aeroplane 0.521104 182.66 191.13 201.05 209.15
aeroplane 0.521085 21.08 29.68 39.55 61.29
aeroplane 0.521080 174.30 195.64 194.70 217.73
aeroplane 0.521078 57.75 90.08 94.04 114.13
aeroplane 0.521035 178.38 190.30 197.31 211.62
aeroplane 0.521024 21.20 21.24 38.52 51.62
aeroplane 0.520998 169.73 71.29 195.55 96.49
aeroplane 0.520968 26.33 117.82 125.53 175.79
aeroplane 0.520937 27.75 0.00 44.54 28.90
aeroplane 0.520935 74.63 23.94 107.41 53.01
aeroplane 0.520917 109.43 44.19 152.59 71.77
aeroplane 0.520895 209.25 56.38 218.14 78.86
aeroplane 0.520875 79.54 93.89 115.67 127.87
boat 0.520791 0.00 172.31 19.53 203.19
aeroplane 0.520770 69.94 93.82 107.80 124.20
aeroplane 0.520738 34.35 33.40 57.09 62.16
boat 0.520645 0.00 196.23 16.43 224.00
aeroplane 0.520642 78.87 0.00 121.65 32.16
boat 0.520636 24.06 207.12 60.31 224.00
aeroplane 0.520623 47.72 118.75 89.50 147.68
aeroplane 0.520620 113.17 212.14 150.01 224.00
aeroplane 0.520565 194.99 194.75 209.57 211.97
aeroplane 0.520549 72.04 116.50 114.96 167.08
aeroplane 0.520518 87.87 92.81 126.44 127.00
aeroplane 0.520477 94.11 11.03 136.56 45.79
aeroplane 0.520433 197.46 99.15 213.42 118.74
aeroplane 0.520375 48.22 75.75 86.20 95.11
aeroplane 0.520375 106.03 27.70 147.13 55.38
aeroplane 0.520343 22.59 28.05 123.74 128.90
boat 0.520333 0.00 132.43 14.27 179.49
aeroplane 0.520307 171.97 0.00 205.33 16.86
aeroplane 0.520305 172.89 63.85 195.54 85.15
aeroplane 0.520267 137.63 212.46 177.60 224.00
aeroplane 0.520264 49.13 160.27 84.14 192.70
aeroplane 0.520254 165.77 196.17 188.30 220.22
aeroplane 0.520190 147.42 0.00 182.93 15.08
aeroplane 0.520190 195.72 92.74 212.54 112.20
aeroplane 0.520190 220.00 25.74 224.00 56.32
boat 0.520186 11.94 185.71 29.00 205.25
boat 0.520141 3.83 189.67 22.02 216.86
aeroplane 0.520105 21.35 93.52 48.74 119.26
aeroplane 0.520076 86.35 115.53 124.51 160.07
aeroplane 0.520031 144.23 85.98 185.59 109.96
aeroplane 0.520024 27.56 102.65 54.95 123.15
aeroplane 0.519914 136.93 179.54 158.36 220.38
aeroplane 0.519847 34.89 26.26 56.58 55.10
boat 0.519819 86.74 154.32 111.74 201.02
aeroplane 0.519794 29.30 82.58 65.17 107.24
boat 0.519779 32.76 205.27 69.66 224.00
aeroplane 0.519776 96.13 90.19 138.73 122.68
boat 0.519713 6.70 0.00 37.36 17.85
aeroplane 0.519690 99.89 113.10 136.52 156.22
aeroplane 0.519674 27.59 142.03 112.57 193.19
aeroplane 0.519633 39.17 156.52 64.71 180.08
aeroplane 0.519630 43.61 140.09 82.57 167.11
aeroplane 0.519621 38.13 170.53 64.08 193.46
aeroplane 0.519541 134.05 63.11 177.28 81.54
aeroplane 0.519535 156.85 195.49 180.25 223.37
aeroplane 0.519506 91.57 41.61 126.98 70.75
aeroplane 0.519506 188.01 34.81 198.85 45.63
aeroplane 0.519469 185.62 51.89 199.82 66.70
aeroplane 0.519432 72.49 32.83 104.87 62.18
aeroplane 0.519423 131.60 72.17 182.67 94.11
aeroplane 0.519422 145.73 0.00 220.53 42.54
aeroplane 0.519379 37.42 84.89 78.15 106.88
aeroplane 0.519376 45.09 86.30 88.56 107.59
aeroplane 0.519355 36.53 17.28 55.69 47.28
aeroplane 0.519345 176.44 83.46 201.17 105.73
aeroplane 0.519294 47.36 172.56 83.04 202.93
aeroplane 0.519291 131.42 66.86 180.00 86.96
aeroplane 0.519276 182.78 33.57 194.97 45.90
aeroplane 0.519271 136.15 78.88 184.22 101.21
aeroplane 0.519256 180.45 153.53 197.06 188.17
aeroplane 0.519203 102.16 42.64 142.09 69.71
boat 0.519140 9.50 177.22 28.76 199.84
aeroplane 0.519046 34.56 110.19 68.25 127.28
aeroplane 0.519040 31.02 53.92 53.21 85.39
aeroplane 0.519015 187.61 0.00 217.04 16.82
aeroplane 0.519013 220.00 17.41 224.00 46.06
aeroplane 0.518962 128.93 103.09 224.00 216.43
aeroplane 0.518955 70.07 80.88 103.92 107.11
aeroplane 0.518902 37.60 149.60 64.19 172.06
aeroplane 0.518853 157.46 190.64 180.33 215.51
aeroplane 0.518843 187.54 26.29 198.88 35.32
aeroplane 0.518842 62.78 43.51 86.37 75.03
aeroplane 0.518830 111.00 56.48 157.52 84.59
aeroplane 0.518828 114.73 0.00 206.01 44.28
boat 0.518813 0.00 36.29 12.00 77.31
aeroplane 0.518811 22.09 41.16 41.45 72.44
aeroplane 0.518787 183.81 15.08 199.31 26.17
aeroplane 0.518762 178.93 166.98 196.87 198.81
aeroplane 0.518752 36.13 138.41 64.47 162.99
aeroplane 0.518720 22.35 100.31 46.14 125.08
aeroplane 0.518716 157.45 0.00 193.16 15.19
aeroplane 0.518693 42.73 32.58 67.02 62.52
aeroplane 0.518689 198.98 105.32 214.05 124.48
aeroplane 0.518643 131.98 174.41 155.46 215.21
aeroplane 0.518549 192.40 190.08 208.47 206.15
aeroplane 0.518508 182.46 24.90 195.29 35.77
aeroplane 0.518467 166.97 58.14 191.03 73.27
aeroplane 0.518452 39.32 169.01 145.98 224.00
aeroplane 0.518436 148.62 186.25 169.54 217.14
aeroplane 0.518428 55.42 43.46 81.23 73.90
aeroplane 0.518410 83.60 80.66 117.04 109.75
aeroplane 0.518370 215.38 0.00 224.00 24.30
aeroplane 0.518346 39.51 162.74 64.79 187.38
aeroplane 0.518334 130.54 103.68 151.26 161.81
aeroplane 0.518322 10.32 89.95 27.15 124.19
aeroplane 0.518319 12.45 192.42 29.44 214.01
aeroplane 0.518317 149.61 192.12 171.25 224.00
aeroplane 0.518292 80.17 41.90 115.04 72.13
aeroplane 0.518182 22.62 0.00 39.19 26.53
boat 0.518072 0.00 110.35 13.65 156.57
boat 0.518072 0.47 200.82 26.15 224.00
aeroplane 0.518069 127.22 164.07 151.56 207.03
aeroplane 0.518050 188.10 44.00 198.49 58.32
aeroplane 0.518025 175.47 205.18 199.77 224.00
aeroplane 0.518018 140.23 187.21 160.40 224.00
aeroplane 0.517975 60.54 55.83 85.97 85.02
aeroplane 0.517968 105.90 17.16 149.03 49.39
aeroplane 0.517922 7.32 167.08 28.51 194.04
aeroplane 0.517916 90.96 0.00 136.05 31.51
car 0.517867 0.00 116.77 59.18 204.86
aeroplane 0.517855 29.76 136.75 50.43 160.75
boat 0.517824 20.90 180.82 41.09 197.70
boat 0.517803 31.76 179.63 56.12 197.55
aeroplane 0.517799 12.12 69.03 30.75 98.44
aeroplane 0.517763 183.42 42.63 195.85 58.31
aeroplane 0.517755 43.14 43.22 68.30 73.17
aeroplane 0.517722 220.00 5.96 224.00 35.53
aeroplane 0.517707 0.00 136.11 51.21 221.26
aeroplane 0.517687 93.42 53.89 125.83 81.36
aeroplane 0.517605 42.12 24.78 66.01 55.20
aeroplane 0.517595 120.26 81.93 168.64 113.12
aeroplane 0.517588 179.12 12.31 196.22 26.28
aeroplane 0.517578 56.89 0.00 84.34 31.69
boat 0.517562 23.24 188.27 40.44 202.73
aeroplane 0.517438 62.66 197.84 93.29 224.00
aeroplane 0.517430 104.00 75.96 145.47 102.66
boat 0.517423 181.59 205.78 204.89 224.00
aeroplane 0.517421 35.34 116.15 67.40 135.91
aeroplane 0.517309 104.35 55.05 143.34 81.56
aeroplane 0.517304 188.16 132.44 203.98 163.92
aeroplane 0.517260 186.93 137.20 202.26 172.00
aeroplane 0.517249 180.87 63.43 201.04 84.79
aeroplane 0.517246 36.18 0.00 56.80 35.89
aeroplane 0.517230 95.58 78.64 130.75 107.64
aeroplane 0.517218 35.63 125.99 65.94 150.30
aeroplane 0.517215 50.34 116.47 97.41 157.83
aeroplane 0.517186 80.94 53.60 113.55 81.32
aeroplane 0.517167 19.33 134.50 39.54 160.88
aeroplane 0.517164 0.00 0.00 71.07 106.62
aeroplane 0.517153 193.74 52.00 204.72 65.34
aeroplane 0.517142 43.13 15.84 65.40 46.71
aeroplane 0.517135 194.23 83.93 210.72 104.72
aeroplane 0.517107 17.04 0.00 101.57 65.75
aeroplane 0.517036 29.41 124.23 50.38 147.49
aeroplane 0.516948 196.53 128.44 210.21 163.80
aeroplane 0.516946 176.92 104.43 196.46 128.39
aeroplane 0.516936 0.00 0.00 64.28 69.30
aeroplane 0.516919 29.04 107.90 53.35 128.17
aeroplane 0.516862 6.95 157.24 28.43 187.10
aeroplane 0.516826 31.37 148.10 52.61 170.71
boat 0.516712 34.02 186.63 56.14 201.28
aeroplane 0.516709 184.58 107.93 203.78 128.69
aeroplane 0.516693 82.83 146.24 110.92 188.73
aeroplane 0.516678 173.92 167.02 192.30 200.40
aeroplane 0.516642 182.40 144.65 196.39 180.28
aeroplane 0.516635 20.07 171.07 42.63 192.11
aeroplane 0.516526 137.61 57.01 175.78 75.36
boat 0.516520 0.00 19.51 12.00 60.56
aeroplane 0.516481 175.77 154.11 191.93 188.82
aeroplane 0.516451 21.85 83.01 51.67 110.10
boat 0.516442 42.25 191.24 65.03 205.50
aeroplane 0.516391 103.42 0.00 147.03 32.18
aeroplane 0.516355 22.44 55.84 45.53 85.99
aeroplane 0.516311 32.70 155.79 55.37 178.58
aeroplane 0.516311 188.68 126.26 205.29 154.92
aeroplane 0.516306 184.98 142.08 201.27 181.27
boat 0.516295 115.33 148.13 215.65 224.00
aeroplane 0.516241 194.88 131.71 208.08 172.26
aeroplane 0.516233 69.79 43.67 101.00 73.65
aeroplane 0.516198 95.80 143.61 122.19 190.38
aeroplane 0.516180 21.00 122.30 38.95 148.38
aeroplane 0.516171 29.60 114.27 51.77 135.42
aeroplane 0.516151 31.74 170.36 56.76 192.45
aeroplane 0.516139 99.42 102.67 136.88 139.28
aeroplane 0.516120 47.42 128.36 157.57 192.96
aeroplane 0.516076 73.65 101.78 118.08 149.75
boat 0.515964 43.64 198.97 70.80 222.03
aeroplane 0.515946 19.82 145.87 41.79 170.43
aeroplane 0.515874 69.19 54.88 98.39 82.19
aeroplane 0.515852 212.00 98.46 224.00 124.99
aeroplane 0.515818 176.79 72.24 200.71 96.66
aeroplane 0.515781 182.98 165.78 201.65 197.57
aeroplane 0.515776 211.53 91.11 224.00 117.16
aeroplane 0.515774 6.57 148.52 28.27 180.53
aeroplane 0.515770 75.55 195.92 102.45 224.00
aeroplane 0.515742 20.74 162.04 43.73 185.15
aeroplane 0.515713 178.05 182.13 196.65 208.11
aeroplane 0.515649 210.88 188.71 222.59 213.68
aeroplane 0.515631 32.95 162.38 56.84 186.04
aeroplane 0.515624 44.39 56.15 70.67 83.41
aeroplane 0.515603 24.68 74.27 54.13 99.53
aeroplane 0.515558 117.91 28.74 158.02 55.76
aeroplane 0.515547 208.06 49.38 214.62 68.99
aeroplane 0.515534 24.14 193.42 40.31 210.10
aeroplane 0.515515 194.71 62.56 207.25 81.56
boat 0.515500 6.51 127.95 26.18 164.91
aeroplane 0.515487 176.04 50.93 195.18 66.17
aeroplane 0.515478 23.04 105.04 43.05 129.98
aeroplane 0.515470 176.34 34.14 191.18 44.67
boat 0.515456 5.64 139.33 27.22 173.84
aeroplane 0.515430 199.98 110.81 214.50 131.37
aeroplane 0.515418 184.02 126.10 200.07 154.71
aeroplane 0.515402 20.77 154.53 43.51 177.72
aeroplane 0.515269 212.00 105.07 224.00 132.23
aeroplane 0.515265 155.15 182.95 178.73 212.01
aeroplane 0.515197 184.70 133.40 199.13 163.08
aeroplane 0.515170 10.68 12.86 26.28 42.23
aeroplane 0.515169 196.75 34.22 204.57 44.49
aeroplane 0.515133 44.88 0.00 67.83 34.76
aeroplane 0.515102 187.99 115.72 205.25 140.67
aeroplane 0.515024 193.85 15.29 205.16 24.86
aeroplane 0.514980 196.14 44.00 204.00 57.67
aeroplane 0.514967 0.00 137.44 91.79 209.58
aeroplane 0.514919 151.91 169.63 174.69 200.81
aeroplane 0.514893 22.71 112.17 40.29 137.20
aeroplane 0.514888 94.15 194.02 124.27 224.00
aeroplane 0.514870 197.54 123.63 212.23 153.72
aeroplane 0.514853 33.00 0.00 64.36 23.39
aeroplane 0.514837 11.77 0.00 28.09 28.49
aeroplane 0.514808 167.78 167.03 187.04 201.15
aeroplane 0.514779 143.69 180.43 164.86 211.89
aeroplane 0.514747 184.18 138.82 197.42 170.61
boat 0.514737 7.82 203.71 33.48 224.00
aeroplane 0.514734 151.26 104.02 175.63 142.87
aeroplane 0.514733 169.60 154.47 186.32 188.99
boat 0.514730 191.51 203.90 213.39 224.00
aeroplane 0.514711 169.40 123.00 187.70 154.60
aeroplane 0.514690 176.52 42.64 193.20 57.59
aeroplane 0.514663 167.19 50.87 189.80 66.57
aeroplane 0.514609 181.67 181.90 200.53 205.19
aeroplane 0.514573 167.33 108.81 187.56 141.12
aeroplane 0.514568 211.84 61.38 219.08 86.90
boat 0.514548 9.83 52.15 30.16 85.68
aeroplane 0.514511 86.16 194.11 114.06 224.00
aeroplane 0.514506 150.39 114.57 173.37 155.75
aeroplane 0.514439 193.98 71.93 209.10 94.40
aeroplane 0.514407 143.81 39.89 171.35 58.39
aeroplane 0.514350 176.62 25.54 191.50 33.58
aeroplane 0.514341 211.81 182.88 224.00 206.40
aeroplane 0.514333 177.01 127.03 194.95 154.34
aeroplane 0.514311 181.21 112.74 198.69 139.97
boat 0.514300 207.21 199.46 223.96 224.00
aeroplane 0.514249 196.77 25.75 204.41 33.50
aeroplane 0.514224 177.89 145.75 192.07 180.45
aeroplane 0.514206 166.92 41.74 187.05 56.59
aeroplane 0.514171 166.64 33.32 184.39 43.87
aeroplane 0.514170 199.50 116.88 214.02 141.63
boat 0.514144 11.68 98.18 26.44 133.52
aeroplane 0.514121 211.86 82.21 222.94 108.64
aeroplane 0.514096 140.74 48.07 174.13 67.47
boat 0.514092 9.76 116.22 25.83 152.41
aeroplane 0.514004 191.49 180.21 208.15 201.82
aeroplane 0.513921 171.65 132.14 187.24 162.66
aeroplane 0.513858 173.48 112.13 193.51 140.61
boat 0.513768 8.37 39.16 27.80 74.73
aeroplane 0.513676 123.42 37.53 161.98 61.98
aeroplane 0.513648 134.70 101.07 158.74 147.05
aeroplane 0.513636 178.97 134.71 194.23 162.56
aeroplane 0.513635 151.76 156.32 173.07 190.75
aeroplane 0.513593 152.90 125.01 173.40 164.88
boat 0.513565 35.48 191.45 55.77 206.80
aeroplane 0.513529 115.10 35.83 207.27 123.40
aeroplane 0.513497 146.49 33.22 170.02 48.93
aeroplane 0.513460 166.66 181.88 189.33 212.39
aeroplane 0.513434 7.96 20.74 25.72 55.21
aeroplane 0.513428 116.45 0.00 158.05 34.03
boat 0.513369 6.98 28.91 26.20 64.86
aeroplane 0.513242 212.00 126.11 224.00 178.05
aeroplane 0.513168 171.53 145.81 186.50 180.85
aeroplane 0.513148 117.38 18.89 156.57 48.28
aeroplane 0.513099 191.93 147.62 207.72 187.88
aeroplane 0.513075 192.07 163.33 208.47 195.31
aeroplane 0.512819 7.83 0.00 34.37 20.49
aeroplane 0.512762 212.00 116.05 224.00 150.91
aeroplane 0.512735 83.56 11.33 194.16 107.51
aeroplane 0.512691 179.28 139.93 193.16 170.63
aeroplane 0.512651 212.00 71.01 220.96 98.82
boat 0.512594 18.91 203.88 43.47 224.00
aeroplane 0.512526 136.34 169.48 158.73 202.96
aeroplane 0.512493 172.00 138.72 186.73 171.25
aeroplane 0.512470 128.59 31.08 160.54 54.25
aeroplane 0.512373 106.53 196.12 139.78 224.00
aeroplane 0.512350 153.67 144.77 172.93 182.14
aeroplane 0.512334 209.87 41.01 213.78 61.32
aeroplane 0.512312 167.86 24.79 184.23 33.76
aeroplane 0.512252 154.62 135.03 173.25 172.95
aeroplane 0.512203 150.23 208.72 181.61 224.00
aeroplane 0.512074 204.50 0.00 220.39 20.97
aeroplane 0.511868 174.41 11.01 193.98 23.59
aeroplane 0.511486 209.51 11.32 216.37 28.89
aeroplane 0.511479 147.86 24.18 169.86 40.23
aeroplane 0.511353 210.65 30.86 214.57 48.95
aeroplane 0.511324 123.81 7.40 209.49 103.16
aeroplane 0.511243 143.48 207.62 174.35 224.00
aeroplane 0.511118 212.00 144.31 224.00 194.83
aeroplane 0.511044 132.00 0.00 213.66 72.30
boat 0.511033 30.24 201.34 57.25 224.00
aeroplane 0.510751 211.25 22.17 214.75 37.68
aeroplane 0.510634 128.69 21.63 159.18 46.61
aeroplane 0.510212 147.65 2.96 172.74 28.27
aeroplane 0.510154 135.34 204.97 164.10 224.00
aeroplane 0.510092 123.94 201.18 153.39 224.00
aeroplane 0.509890 132.12 154.45 156.21 195.77
aeroplane 0.509880 167.18 6.81 187.95 23.13
aeroplane 0.509202 132.46 127.85 156.00 178.53
