aeroplane 0.669270 0.41 64.21 224.00 153.17
aeroplane 0.565973 6.59 85.17 215.03 173.49
boat 0.559359 0.00 90.61 13.43 139.10
aeroplane 0.547221 33.19 95.43 56.43 126.61
boat 0.545876 0.00 140.84 11.87 194.35
boat 0.542862 0.00 125.37 11.31 178.29
boat 0.541763 0.00 114.47 12.73 167.14
boat 0.539970 0.00 104.07 14.43 154.85
aeroplane 0.539083 76.30 91.18 108.61 117.50
bird 0.538740 70.23 108.64 108.40 140.72
aeroplane 0.537155 73.22 96.40 109.28 125.89
aeroplane 0.536677 37.13 1.41 224.00 157.41
boat 0.536216 0.00 155.24 11.48 205.47
boat 0.535470 37.09 213.09 65.92 224.00
boat 0.534265 29.35 213.05 58.27 224.00
aeroplane 0.534026 44.62 213.29 75.40 224.00
aeroplane 0.533882 35.64 102.29 57.13 134.31
aeroplane 0.533735 2.44 93.97 24.19 133.68
boat 0.533725 0.00 85.16 20.30 128.12
boat 0.533189 0.00 64.53 11.05 107.93
pottedplant 0.533180 0.00 203.78 20.22 224.00
aeroplane 0.532644 78.95 86.22 106.81 110.78
boat 0.532310 0.00 208.67 30.90 224.00
bird 0.532016 71.74 120.85 105.41 157.98
boat 0.531976 0.00 74.73 12.56 119.10
aeroplane 0.531794 30.64 178.29 138.24 224.00
cow 0.531173 209.05 208.09 224.00 224.00
aeroplane 0.531088 26.89 97.32 51.52 128.59
aeroplane 0.531059 52.42 214.00 86.28 224.00
aeroplane 0.529984 7.70 55.55 153.70 159.07
aeroplane 0.529891 182.22 0.00 224.00 42.68
aeroplane 0.529887 59.76 214.67 94.65 224.00
aeroplane 0.529753 35.48 128.14 56.93 158.71
aeroplane 0.529626 16.92 106.40 200.95 187.36
aeroplane 0.529472 66.16 98.86 114.23 134.38
aeroplane 0.529387 98.19 20.03 115.92 41.40
boat 0.529103 0.00 67.28 18.02 103.53
aeroplane 0.529079 72.58 153.19 99.72 174.16
aeroplane 0.529037 71.95 161.21 98.52 181.21
aeroplane 0.528914 74.45 214.25 107.27 224.00
aeroplane 0.528878 0.00 162.49 39.59 224.00
aeroplane 0.528852 209.27 0.00 224.00 19.63
aeroplane 0.528851 34.88 118.03 57.09 150.42
boat 0.528758 0.00 62.87 91.53 169.52
aeroplane 0.528622 91.93 19.48 109.58 40.47
aeroplane 0.528277 74.11 142.36 104.90 170.87
cow 0.528247 188.10 213.34 217.50 224.00
aeroplane 0.528229 0.00 71.24 121.17 173.09
aeroplane 0.528203 91.80 47.80 108.62 71.80
aeroplane 0.528167 11.17 99.18 34.32 134.75
aeroplane 0.528128 84.63 49.53 101.12 71.20
sheep 0.528127 196.70 212.10 224.00 224.00
bird 0.528083 75.75 96.59 114.35 120.51
aeroplane 0.528056 71.52 130.95 100.93 161.43
boat 0.528001 4.90 211.51 39.28 224.00
aeroplane 0.527893 103.94 20.79 123.25 41.73
aeroplane 0.527831 188.66 189.64 224.00 224.00
bird 0.527765 74.03 102.04 114.74 128.99
aeroplane 0.527670 220.00 95.00 224.00 122.60
aeroplane 0.527584 84.00 56.13 101.54 78.77
boat 0.527463 13.49 212.37 45.87 224.00
aeroplane 0.527429 95.23 14.12 116.47 35.07
aeroplane 0.527378 59.36 176.77 175.77 224.00
aeroplane 0.527296 219.31 109.53 224.00 135.31
aeroplane 0.527283 36.34 136.53 56.26 165.38
boat 0.527145 0.00 0.00 44.32 40.35
aeroplane 0.527106 37.20 112.49 59.37 143.66
aeroplane 0.526964 219.53 102.00 224.00 128.37
aeroplane 0.526890 128.95 88.70 150.15 115.12
boat 0.526888 0.00 0.00 22.35 21.18
aeroplane 0.526812 89.99 14.49 110.93 34.42
aeroplane 0.526684 6.42 174.28 89.80 224.00
aeroplane 0.526625 83.54 214.19 115.60 224.00
cow 0.526567 179.30 213.85 211.13 224.00
aeroplane 0.526564 32.43 87.36 54.38 117.49
aeroplane 0.526395 90.61 54.33 109.25 79.89
aeroplane 0.526380 118.13 133.27 148.22 162.97
aeroplane 0.526367 99.21 187.42 200.25 224.00
aeroplane 0.526304 134.13 90.14 157.77 114.54
aeroplane 0.526286 91.53 41.50 107.32 64.19
aeroplane 0.526276 36.33 70.20 51.59 94.31
boat 0.526098 0.00 48.02 9.86 86.25
aeroplane 0.526065 76.89 51.27 92.58 70.46
aeroplane 0.526003 81.47 78.65 104.47 103.15
aeroplane 0.525923 99.07 41.82 113.99 63.63
aeroplane 0.525796 71.39 168.04 96.47 188.77
boat 0.525776 0.00 59.60 17.51 91.98
boat 0.525698 3.42 96.11 23.10 138.12
aeroplane 0.525574 99.36 14.06 124.15 35.57
aeroplane 0.525525 128.93 96.65 150.04 123.39
aeroplane 0.525383 98.64 25.86 114.90 47.69
aeroplane 0.525360 84.55 42.82 100.23 64.10
aeroplane 0.525287 173.87 113.87 189.31 132.10
aeroplane 0.525274 117.70 142.90 145.74 168.80
aeroplane 0.525266 98.97 47.45 114.80 71.19
aeroplane 0.525240 219.74 117.56 224.00 142.98
aeroplane 0.525191 128.84 81.89 149.81 107.81
aeroplane 0.525125 83.48 67.02 101.82 91.16
aeroplane 0.524934 133.43 97.61 157.09 123.22
aeroplane 0.524906 121.94 121.22 150.33 149.44
aeroplane 0.524899 85.81 19.76 102.55 39.06
aeroplane 0.524841 106.43 42.19 121.74 63.42
aeroplane 0.524798 124.68 115.15 149.82 142.14
aeroplane 0.524741 104.61 26.98 122.09 48.81
aeroplane 0.524702 220.00 80.99 224.00 112.03
aeroplane 0.524692 76.90 57.46 92.40 77.20
bird 0.524645 68.59 115.91 100.53 144.14
boat 0.524522 0.00 177.27 11.63 221.26
aeroplane 0.524463 213.35 91.21 224.00 178.08
aeroplane 0.524437 91.31 213.93 123.98 224.00
aeroplane 0.524355 92.33 24.52 108.44 46.69
aeroplane 0.524313 107.29 47.10 122.58 71.10
aeroplane 0.524313 34.90 78.93 52.62 107.20
aeroplane 0.524277 22.34 63.93 224.00 213.51
sheep 0.524211 145.16 212.99 179.27 224.00
sheep 0.524198 137.90 213.12 169.60 224.00
aeroplane 0.524076 29.31 126.29 49.89 157.10
aeroplane 0.524043 69.79 51.80 82.94 70.23
aeroplane 0.523998 178.64 90.91 194.68 108.63
aeroplane 0.523977 173.04 89.57 190.65 108.83
aeroplane 0.523952 177.22 84.71 194.56 102.78
aeroplane 0.523796 83.78 15.12 104.29 33.36
boat 0.523769 36.68 143.66 55.21 172.65
aeroplane 0.523660 133.92 83.38 157.48 107.02
aeroplane 0.523655 127.57 106.19 149.68 132.42
bird 0.523614 67.41 121.36 98.53 152.18
aeroplane 0.523557 109.51 21.80 131.13 41.57
aeroplane 0.523554 220.00 65.09 224.00 96.50
aeroplane 0.523513 36.63 62.96 50.77 83.16
aeroplane 0.523476 77.34 44.78 92.02 63.82
aeroplane 0.523451 140.22 196.14 217.55 224.00
aeroplane 0.523427 87.86 65.49 108.58 93.56
boat 0.523299 36.68 153.52 54.38 182.22
aeroplane 0.523254 124.17 74.58 144.60 103.13
aeroplane 0.523235 71.34 187.87 93.06 205.90
aeroplane 0.523231 99.25 33.59 114.17 55.42
aeroplane 0.523208 28.25 107.14 49.76 141.56
aeroplane 0.523193 122.46 64.92 143.42 95.48
aeroplane 0.523170 113.97 46.67 131.57 72.91
aeroplane 0.523147 84.94 0.00 115.29 17.90
boat 0.523072 0.00 39.48 8.78 75.22
boat 0.523071 30.27 136.41 49.49 163.82
aeroplane 0.523018 172.64 83.24 190.93 102.87
aeroplane 0.523014 121.22 47.00 140.10 74.70
boat 0.523009 36.48 165.73 53.08 191.42
aeroplane 0.522968 145.29 90.49 171.38 112.05
aeroplane 0.522947 25.30 70.51 44.37 95.88
boat 0.522912 43.07 166.61 59.77 191.02
boat 0.522876 42.04 154.39 59.49 182.19
bird 0.522839 51.22 110.33 79.20 138.87
boat 0.522834 0.00 193.72 15.05 224.00
boat 0.522832 0.00 87.58 64.82 179.59
boat 0.522819 28.21 164.39 45.72 191.39
aeroplane 0.522777 0.00 53.04 84.25 152.07
aeroplane 0.522772 41.34 70.82 55.99 93.17
aeroplane 0.522722 61.60 0.00 135.59 40.72
aeroplane 0.522715 220.00 133.48 224.00 160.73
aeroplane 0.522700 121.06 54.78 141.60 84.79
aeroplane 0.522675 173.18 105.26 189.62 124.02
sheep 0.522659 128.91 213.68 161.36 224.00
aeroplane 0.522645 141.75 114.89 166.71 135.67
boat 0.522629 0.00 145.19 34.09 224.00
aeroplane 0.522567 105.54 34.90 121.40 56.10
aeroplane 0.522560 71.63 176.46 94.10 196.40
aeroplane 0.522546 92.23 32.70 107.55 55.75
aeroplane 0.522546 84.62 83.63 115.46 112.57
aeroplane 0.522525 181.16 115.25 195.41 130.57
aeroplane 0.522475 160.75 0.00 224.00 35.21
aeroplane 0.522380 70.41 57.40 83.08 76.74
aeroplane 0.522357 220.00 125.69 224.00 151.96
cow 0.522330 220.00 140.56 224.00 168.60
sheep 0.522289 162.73 213.29 198.38 224.00
aeroplane 0.522274 77.60 0.00 107.03 18.07
aeroplane 0.522248 110.64 28.54 129.94 49.70
aeroplane 0.522230 127.31 66.99 148.10 93.43
aeroplane 0.522215 92.35 0.00 123.74 17.69
aeroplane 0.522184 144.63 97.78 168.97 120.25
aeroplane 0.522166 112.66 42.06 130.06 64.41
aeroplane 0.522166 77.52 67.48 93.03 87.41
aeroplane 0.522117 118.15 86.68 142.23 114.75
aeroplane 0.522110 77.40 79.70 99.19 99.34
aeroplane 0.522094 0.00 0.00 70.76 32.14
bird 0.522045 69.79 129.63 109.82 164.81
bird 0.521983 52.48 104.40 79.15 131.55
aeroplane 0.521963 173.23 96.26 190.34 115.59
boat 0.521952 14.44 160.29 36.25 194.61
aeroplane 0.521934 85.99 24.95 101.42 46.21
boat 0.521923 42.70 197.12 58.53 215.24
boat 0.521919 0.00 30.51 8.74 64.53
aeroplane 0.521901 99.26 0.00 132.81 17.27
aeroplane 0.521883 97.30 53.73 114.85 80.29
boat 0.521880 28.48 153.00 47.00 182.09
aeroplane 0.521844 70.27 45.73 83.13 63.64
aeroplane 0.521842 114.21 53.79 134.32 83.17
aeroplane 0.521816 99.02 83.21 126.14 108.19
aeroplane 0.521780 176.25 76.97 194.16 96.23
aeroplane 0.521758 38.42 96.48 63.08 127.08
aeroplane 0.521749 206.81 64.55 224.00 153.82
aeroplane 0.521707 120.59 213.78 153.57 224.00
aeroplane 0.521685 102.06 161.61 123.26 182.01
boat 0.521658 2.85 154.12 26.34 196.68
boat 0.521634 0.00 122.25 41.68 209.97
aeroplane 0.521616 106.70 53.37 123.73 80.73
aeroplane 0.521604 120.79 42.14 138.60 65.32
aeroplane 0.521573 115.00 64.56 137.06 95.59
boat 0.521568 13.21 150.92 36.04 187.23
aeroplane 0.521550 51.70 131.06 79.53 160.69
aeroplane 0.521532 22.06 0.00 88.92 33.76
aeroplane 0.521532 174.24 120.23 189.90 138.44
aeroplane 0.521503 118.16 151.75 143.54 173.49
aeroplane 0.521478 68.73 92.16 101.24 113.21
aeroplane 0.521391 143.56 106.82 167.48 128.43
aeroplane 0.521391 102.58 0.00 193.37 36.43
boat 0.521355 67.62 141.95 96.49 166.47
boat 0.521328 35.29 197.09 51.13 215.46
aeroplane 0.521322 70.83 198.51 93.10 217.26
aeroplane 0.521280 49.78 197.46 66.33 214.82
aeroplane 0.521212 106.50 0.00 142.10 16.58
aeroplane 0.521190 88.50 161.36 116.00 181.91
aeroplane 0.521155 103.99 214.18 138.86 224.00
aeroplane 0.521150 119.48 29.53 138.64 49.10
aeroplane 0.521143 76.55 15.02 95.90 31.87
aeroplane 0.521123 93.79 86.87 126.54 114.71
aeroplane 0.521108 0.00 53.22 16.00 83.16
aeroplane 0.521108 101.87 170.22 122.50 190.21
aeroplane 0.521103 80.06 0.00 168.13 40.68
aeroplane 0.521092 43.09 130.80 65.59 161.76
boat 0.521088 29.84 144.34 48.06 172.12
boat 0.521073 17.51 135.38 37.88 167.78
boat 0.521067 51.10 166.83 67.63 189.92
aeroplane 0.521040 25.47 63.11 43.33 83.92
aeroplane 0.521039 44.36 0.00 113.96 37.85
cow 0.521015 220.00 148.40 224.00 176.81
bird 0.521004 50.84 122.56 79.73 154.21
aeroplane 0.520993 69.88 0.00 98.58 17.60
aeroplane 0.520983 179.26 97.51 194.98 115.42
aeroplane 0.520979 64.88 198.08 85.03 215.36
aeroplane 0.520973 126.70 57.58 147.62 84.42
aeroplane 0.520938 104.54 13.43 132.75 34.68
aeroplane 0.520932 84.98 34.02 100.15 56.32
aeroplane 0.520929 176.30 69.62 193.78 89.34
boat 0.520924 54.17 140.65 79.47 166.84
aeroplane 0.520893 168.20 113.46 185.18 130.90
aeroplane 0.520893 64.15 120.72 208.79 212.10
cow 0.520880 220.00 156.68 224.00 184.85
bird 0.520866 52.70 98.34 78.85 124.59
aeroplane 0.520835 115.89 75.68 139.99 102.72
aeroplane 0.520823 62.81 52.48 74.57 68.84
boat 0.520819 44.23 176.88 58.56 197.55
aeroplane 0.520804 24.67 138.81 176.73 223.44
aeroplane 0.520779 179.78 106.53 195.21 123.20
boat 0.520768 43.88 186.55 57.79 205.25
aeroplane 0.520763 43.03 62.90 56.02 81.76
aeroplane 0.520675 44.86 138.38 66.06 167.25
aeroplane 0.520659 185.82 93.41 202.38 108.29
aeroplane 0.520627 133.87 76.61 156.86 100.63
boat 0.520578 0.00 21.26 9.51 54.66
boat 0.520576 16.15 123.38 37.55 159.53
aeroplane 0.520573 78.63 20.47 94.40 38.24
boat 0.520529 0.50 0.00 31.11 17.05
boat 0.520515 49.76 155.38 67.43 181.42
aeroplane 0.520503 67.35 87.01 95.28 107.03
aeroplane 0.520448 57.49 198.16 75.95 214.17
boat 0.520431 0.00 181.63 19.49 217.35
boat 0.520410 59.30 157.61 79.26 179.93
aeroplane 0.520372 69.89 65.96 83.59 86.12
aeroplane 0.520361 216.00 119.17 224.00 216.71
aeroplane 0.520356 183.23 86.75 201.33 102.12
boat 0.520350 36.65 186.24 50.56 205.17
aeroplane 0.520344 198.91 0.00 224.00 16.34
aeroplane 0.520334 127.23 48.61 146.87 74.93
boat 0.520319 37.14 176.62 51.50 197.77
aeroplane 0.520270 119.84 36.81 137.98 57.02
aeroplane 0.520265 67.68 166.29 91.59 186.78
aeroplane 0.520260 39.81 106.79 63.67 138.35
aeroplane 0.520246 90.28 168.34 115.61 189.63
boat 0.520243 28.32 197.14 45.06 215.06
aeroplane 0.520234 63.63 46.49 75.34 61.03
aeroplane 0.520226 23.69 87.56 48.48 119.53
aeroplane 0.520166 111.40 36.13 129.27 57.04
boat 0.520158 29.07 175.67 44.46 197.75
boat 0.520139 0.00 167.66 16.37 207.51
aeroplane 0.520100 0.00 44.78 15.42 71.94
aeroplane 0.520080 68.06 77.20 88.31 97.54
aeroplane 0.520078 117.90 22.70 139.24 40.58
boat 0.520068 59.89 167.02 78.32 187.97
boat 0.520065 56.90 148.69 78.97 172.45
aeroplane 0.520061 24.42 79.05 45.62 108.78
aeroplane 0.520010 115.07 0.00 150.13 15.77
aeroplane 0.519975 61.93 0.00 89.81 16.85
boat 0.519962 15.76 143.67 36.72 177.19
aeroplane 0.519950 76.21 167.13 109.02 188.83
boat 0.519941 29.08 185.90 43.93 204.75
aeroplane 0.519921 220.00 27.06 224.00 68.58
aeroplane 0.519917 65.97 186.85 84.52 204.57
aeroplane 0.519905 145.85 84.11 173.26 104.92
aeroplane 0.519896 163.37 0.00 195.52 12.93
aeroplane 0.519888 86.17 152.82 115.83 174.60
aeroplane 0.519840 171.67 0.00 202.50 12.52
aeroplane 0.519813 66.28 89.99 117.10 126.54
aeroplane 0.519813 104.05 64.42 124.14 93.69
aeroplane 0.519810 88.57 75.99 113.51 104.11
aeroplane 0.519806 194.10 50.46 224.00 141.10
aeroplane 0.519768 0.00 35.08 16.29 60.28
aeroplane 0.519733 158.67 113.73 177.72 130.95
aeroplane 0.519731 118.18 162.06 142.28 181.24
aeroplane 0.519708 92.88 64.55 113.43 93.72
aeroplane 0.519680 197.48 92.59 210.87 109.24
aeroplane 0.519636 213.69 141.90 224.00 224.00
boat 0.519626 0.00 199.32 25.19 224.00
aeroplane 0.519608 101.60 76.40 125.39 101.97
aeroplane 0.519587 68.74 13.99 84.73 30.78
aeroplane 0.519583 61.06 58.57 74.33 77.55
aeroplane 0.519551 118.82 93.06 142.58 122.72
boat 0.519511 46.89 145.14 66.31 173.11
aeroplane 0.519504 70.16 28.44 82.03 47.79
aeroplane 0.519501 128.04 42.30 145.62 65.37
boat 0.519496 17.48 171.15 36.13 199.55
aeroplane 0.519493 99.04 125.22 131.97 152.30
aeroplane 0.519489 103.10 151.90 125.50 173.75
aeroplane 0.519445 133.20 69.14 155.91 93.44
aeroplane 0.519416 20.49 37.19 188.74 143.73
boat 0.519400 50.96 186.69 65.45 205.03
aeroplane 0.519378 128.27 37.14 145.24 56.76
aeroplane 0.519366 70.49 21.18 83.43 38.64
aeroplane 0.519338 182.27 121.60 195.61 136.57
aeroplane 0.519329 101.72 132.75 131.57 159.85
aeroplane 0.519328 75.74 176.38 101.82 197.57
aeroplane 0.519300 38.11 54.85 48.98 72.42
aeroplane 0.519294 63.19 29.94 73.59 46.31
aeroplane 0.519294 127.80 30.63 145.62 48.66
aeroplane 0.519277 63.41 38.84 74.79 54.28
aeroplane 0.519266 78.13 26.88 92.62 46.91
aeroplane 0.519223 138.91 119.39 165.42 142.77
boat 0.519199 51.68 176.62 66.23 196.77
aeroplane 0.519191 51.50 92.63 77.80 117.97
aeroplane 0.519189 110.57 171.68 131.19 189.85
aeroplane 0.519184 77.78 36.59 91.22 56.90
aeroplane 0.519151 157.92 89.96 181.15 109.37
aeroplane 0.519151 70.48 37.85 82.31 56.91
aeroplane 0.519146 49.89 0.00 175.46 94.59
aeroplane 0.519119 41.80 121.88 65.02 154.72
aeroplane 0.519091 220.00 46.70 224.00 84.32
boat 0.519022 0.00 12.67 10.71 44.06
aeroplane 0.519015 111.10 161.69 132.80 181.11
boat 0.518990 4.96 131.32 24.99 171.73
aeroplane 0.518970 117.98 171.78 140.99 190.15
aeroplane 0.518926 187.72 0.00 216.94 13.24
boat 0.518925 19.48 182.26 36.21 205.68
boat 0.518894 20.41 194.57 38.71 215.61
aeroplane 0.518846 167.78 105.53 185.67 123.03
aeroplane 0.518840 0.00 24.87 17.46 49.97
aeroplane 0.518821 0.00 0.00 57.87 106.21
aeroplane 0.518817 0.44 84.75 24.42 124.63
aeroplane 0.518809 41.00 114.06 64.48 146.49
aeroplane 0.518741 58.73 186.96 75.31 204.23
aeroplane 0.518704 82.81 142.12 115.98 169.87
aeroplane 0.518670 181.54 36.22 224.00 128.73
boat 0.518664 24.65 209.37 48.60 224.00
aeroplane 0.518608 167.88 96.68 186.47 115.20
aeroplane 0.518598 14.00 110.63 36.00 150.36
aeroplane 0.518547 52.63 80.10 209.80 158.40
aeroplane 0.518541 123.63 0.00 157.00 14.82
aeroplane 0.518533 168.67 119.11 185.53 137.93
aeroplane 0.518529 195.62 86.17 210.88 102.67
aeroplane 0.518502 53.62 0.00 81.45 16.33
boat 0.518437 4.39 118.25 24.57 161.39
aeroplane 0.518401 103.70 177.92 121.63 197.71
aeroplane 0.518362 63.69 22.48 73.95 37.41
aeroplane 0.518245 27.45 54.65 41.35 73.14
aeroplane 0.518244 50.76 86.30 76.28 110.70
sheep 0.518240 217.29 0.00 224.00 29.99
boat 0.518236 0.00 2.36 12.74 33.63
aeroplane 0.518217 71.85 154.44 199.09 224.00
boat 0.518187 3.41 140.01 24.84 181.24
aeroplane 0.518176 45.41 0.00 74.27 16.33
aeroplane 0.518167 53.09 77.44 75.11 100.80
aeroplane 0.518159 57.62 67.16 74.30 88.79
boat 0.518135 10.22 188.49 30.04 215.90
aeroplane 0.518123 157.96 97.21 179.38 116.35
aeroplane 0.518096 103.07 142.00 128.97 167.02
aeroplane 0.518091 29.73 37.70 40.50 51.25
aeroplane 0.518068 67.27 174.80 87.13 194.47
aeroplane 0.518056 187.71 99.80 203.00 115.07
aeroplane 0.518050 174.43 126.77 191.09 146.06
boat 0.518028 211.13 89.78 220.59 113.11
aeroplane 0.517996 132.94 60.59 155.45 84.92
aeroplane 0.517987 181.19 0.00 224.00 95.09
aeroplane 0.517979 86.92 90.80 126.99 121.98
aeroplane 0.517974 181.18 78.89 200.02 95.82
aeroplane 0.517923 158.13 106.17 178.50 123.85
aeroplane 0.517883 29.50 20.10 40.74 34.83
aeroplane 0.517882 131.88 0.00 163.86 13.88
aeroplane 0.517874 29.28 29.21 40.67 43.91
aeroplane 0.517874 93.80 175.79 114.77 196.88
aeroplane 0.517851 37.05 0.00 67.24 16.26
aeroplane 0.517844 220.00 0.00 224.00 43.35
aeroplane 0.517838 61.94 13.62 74.37 28.61
aeroplane 0.517809 211.44 95.92 220.32 117.83
aeroplane 0.517793 2.37 68.09 24.37 99.82
aeroplane 0.517791 94.77 117.80 131.13 145.24
aeroplane 0.517790 59.82 175.94 76.46 195.10
aeroplane 0.517783 21.28 0.00 54.16 16.04
aeroplane 0.517780 199.09 98.54 211.00 115.09
aeroplane 0.517730 45.81 54.99 55.77 70.81
aeroplane 0.517715 29.60 45.59 40.35 60.77
boat 0.517710 7.90 174.88 27.03 206.39
aeroplane 0.517709 176.23 62.68 193.83 82.41
aeroplane 0.517701 56.08 46.64 65.64 59.10
aeroplane 0.517685 190.46 115.96 203.13 128.94
aeroplane 0.517677 38.61 46.31 47.89 60.37
aeroplane 0.517662 159.71 118.48 177.42 137.74
aeroplane 0.517631 56.09 39.24 65.62 51.58
aeroplane 0.517604 148.11 0.00 180.49 12.61
sheep 0.517507 214.80 202.61 224.00 224.00
aeroplane 0.517487 37.94 38.56 47.93 51.03
aeroplane 0.517439 48.30 52.94 215.83 139.33
aeroplane 0.517420 146.07 70.76 171.38 92.43
aeroplane 0.517413 54.19 53.71 65.17 69.02
cow 0.517398 220.00 169.93 224.00 200.46
aeroplane 0.517355 28.63 9.93 41.74 25.05
aeroplane 0.517350 55.89 30.77 64.87 44.50
aeroplane 0.517346 113.11 11.49 140.81 33.30
aeroplane 0.517309 146.53 77.82 173.24 98.99
boat 0.517287 3.61 105.32 23.53 150.30
boat 0.517272 14.11 0.00 46.60 15.68
aeroplane 0.517241 139.96 0.00 171.94 12.90
aeroplane 0.517212 112.66 150.55 136.55 172.57
aeroplane 0.517154 37.22 30.39 47.86 43.69
aeroplane 0.517122 19.73 37.56 32.43 52.73
aeroplane 0.517114 50.44 60.90 64.30 80.02
aeroplane 0.517111 175.50 135.81 191.02 154.63
aeroplane 0.517022 125.77 23.61 145.50 40.32
aeroplane 0.517002 89.54 108.22 129.74 138.25
aeroplane 0.516994 211.34 110.46 219.59 130.04
aeroplane 0.516991 20.29 28.54 33.10 44.34
aeroplane 0.516951 47.20 46.94 55.61 59.38
aeroplane 0.516921 37.27 21.42 47.58 34.71
aeroplane 0.516907 119.48 102.09 145.45 131.74
aeroplane 0.516903 1.64 15.23 19.05 38.45
aeroplane 0.516857 98.58 0.00 128.79 25.88
aeroplane 0.516800 189.11 108.02 203.40 122.29
aeroplane 0.516795 46.84 39.34 55.85 50.51
aeroplane 0.516791 9.95 27.15 25.23 45.97
boat 0.516784 193.69 78.61 210.59 95.26
aeroplane 0.516768 180.59 71.62 199.35 89.36
aeroplane 0.516762 158.51 83.88 183.40 103.19
aeroplane 0.516761 75.78 187.49 99.64 206.67
aeroplane 0.516754 133.22 51.30 154.17 75.00
aeroplane 0.516690 211.36 102.96 219.82 123.49
boat 0.516688 0.00 147.46 58.70 224.00
aeroplane 0.516681 8.75 36.97 24.58 55.72
aeroplane 0.516672 220.00 189.74 224.00 223.53
aeroplane 0.516652 46.52 69.26 63.23 92.45
aeroplane 0.516642 1.71 76.96 24.13 112.76
aeroplane 0.516635 7.96 86.11 32.94 122.43
aeroplane 0.516579 36.34 10.85 48.14 25.18
aeroplane 0.516558 56.44 22.78 64.47 35.72
aeroplane 0.516549 144.87 62.84 169.50 84.78
aeroplane 0.516517 123.07 170.71 148.32 190.37
aeroplane 0.516515 85.30 98.07 128.18 130.06
aeroplane 0.516511 21.27 19.14 33.67 34.34
aeroplane 0.516507 111.63 180.01 129.90 197.59
boat 0.516465 192.81 71.59 210.66 88.31
aeroplane 0.516448 105.82 185.74 120.92 205.61
aeroplane 0.516436 168.67 125.44 186.20 146.48
aeroplane 0.516411 46.44 31.08 55.84 43.33
aeroplane 0.516361 200.46 113.50 210.31 127.71
aeroplane 0.516340 55.01 12.51 64.68 26.61
aeroplane 0.516306 1.43 61.24 24.13 87.93
aeroplane 0.516294 110.12 132.01 155.27 160.34
aeroplane 0.516232 11.25 70.40 33.02 98.66
aeroplane 0.516186 199.96 105.97 210.81 121.36
boat 0.516181 211.31 83.07 221.19 107.09
boat 0.516076 7.76 204.87 34.77 224.00
aeroplane 0.516046 12.05 17.37 25.76 35.12
aeroplane 0.516027 159.56 124.28 177.30 146.78
aeroplane 0.516025 119.07 180.77 139.28 197.87
aeroplane 0.516006 46.87 22.34 55.54 34.61
aeroplane 0.516003 198.64 176.09 224.00 224.00
aeroplane 0.515909 96.78 185.05 114.11 205.47
aeroplane 0.515886 134.05 43.62 152.05 64.93
aeroplane 0.515872 191.46 122.15 202.79 134.85
sheep 0.515857 220.00 178.47 224.00 209.96
aeroplane 0.515843 20.98 8.95 34.90 23.90
boat 0.515813 0.00 116.29 73.27 198.25
aeroplane 0.515755 133.88 124.51 164.04 151.35
aeroplane 0.515732 45.75 11.40 55.92 25.42
aeroplane 0.515608 17.55 46.07 31.67 63.45
aeroplane 0.515531 68.47 211.75 96.55 224.00
boat 0.515482 210.36 67.76 222.44 92.43
aeroplane 0.515475 11.11 63.38 32.70 86.54
aeroplane 0.515412 183.01 127.97 196.54 143.54
aeroplane 0.515391 6.24 46.06 23.49 67.47
aeroplane 0.515389 76.41 198.69 99.91 218.70
aeroplane 0.515383 41.37 78.47 61.88 105.31
aeroplane 0.515363 169.15 134.46 185.25 155.19
aeroplane 0.515339 114.37 140.57 154.36 164.41
aeroplane 0.515264 3.77 5.29 21.59 27.20
aeroplane 0.515262 134.92 32.44 151.24 48.71
aeroplane 0.515256 168.34 76.88 190.13 96.57
aeroplane 0.515247 134.54 38.32 151.03 56.31
aeroplane 0.515236 13.18 7.48 27.19 24.01
aeroplane 0.515235 211.83 118.05 219.60 136.88
aeroplane 0.515120 184.10 136.64 196.90 152.20
boat 0.515065 211.36 75.28 221.94 99.96
aeroplane 0.515023 201.00 120.49 209.87 133.72
aeroplane 0.515005 144.75 52.99 167.32 75.76
aeroplane 0.514953 132.32 133.34 162.63 158.91
aeroplane 0.514950 179.27 202.25 198.06 220.61
aeroplane 0.514943 113.23 188.09 129.20 206.08
aeroplane 0.514886 168.02 70.50 190.07 90.64
aeroplane 0.514806 159.51 133.56 176.12 155.50
aeroplane 0.514726 9.68 78.56 32.56 111.57
aeroplane 0.514653 179.74 31.29 196.37 47.57
aeroplane 0.514647 180.51 37.66 194.66 54.84
aeroplane 0.514547 37.25 86.52 61.21 115.23
aeroplane 0.514480 2.59 54.77 22.84 79.34
aeroplane 0.514469 191.90 137.52 202.53 150.94
aeroplane 0.514334 185.92 202.49 204.04 219.90
aeroplane 0.514306 177.41 23.63 197.54 40.51
aeroplane 0.514272 120.37 190.66 137.82 206.84
aeroplane 0.514267 174.80 53.64 190.50 74.83
aeroplane 0.514226 13.30 55.52 31.33 76.36
aeroplane 0.514099 134.70 24.75 151.48 40.05
aeroplane 0.514084 159.14 71.34 183.83 91.77
aeroplane 0.514011 159.59 77.81 184.73 97.70
aeroplane 0.514010 179.01 44.76 193.46 65.16
boat 0.513990 191.42 63.99 211.22 82.54
aeroplane 0.513929 200.21 137.35 208.84 149.80
aeroplane 0.513901 172.94 202.70 193.16 220.75
aeroplane 0.513866 145.06 44.02 163.17 64.51
aeroplane 0.513835 179.03 64.31 199.39 83.06
aeroplane 0.513727 14.47 113.78 122.57 189.76
aeroplane 0.513722 184.33 30.35 203.77 48.51
aeroplane 0.513615 191.74 128.93 203.00 141.93
aeroplane 0.513607 123.01 8.77 147.47 31.83
aeroplane 0.513588 11.58 148.60 101.64 224.00
aeroplane 0.513569 172.44 24.30 190.58 39.24
aeroplane 0.513556 193.48 33.85 211.96 55.75
aeroplane 0.513545 98.23 199.00 117.75 224.00
aeroplane 0.513447 177.89 144.80 189.94 161.00
aeroplane 0.513440 192.79 146.01 200.97 158.34
boat 0.513416 210.42 59.62 223.45 86.36
aeroplane 0.513343 175.61 32.19 190.28 46.07
aeroplane 0.513308 157.62 64.39 182.59 85.14
aeroplane 0.513302 183.07 191.13 192.83 203.62
aeroplane 0.513296 144.25 32.55 159.65 46.64
aeroplane 0.513278 194.17 27.36 213.89 48.85
aeroplane 0.513244 134.72 142.30 160.78 163.69
aeroplane 0.513147 126.02 180.69 146.31 198.89
aeroplane 0.513131 183.33 37.29 201.68 56.32
aeroplane 0.513095 144.41 38.36 160.16 54.51
aeroplane 0.513084 167.08 64.11 189.68 84.14
aeroplane 0.513077 200.83 145.91 207.11 157.42
aeroplane 0.513067 200.59 128.18 209.69 140.79
aeroplane 0.512950 117.97 149.98 153.11 169.77
aeroplane 0.512913 106.40 200.18 125.47 224.00
aeroplane 0.512907 178.02 37.77 189.77 52.67
aeroplane 0.512897 177.27 44.26 189.44 63.40
aeroplane 0.512876 185.96 145.46 195.97 159.26
aeroplane 0.512862 168.63 5.59 191.77 28.40
aeroplane 0.512772 189.20 190.46 198.57 202.25
aeroplane 0.512711 144.35 24.38 159.75 37.95
aeroplane 0.512691 182.97 22.75 205.40 41.78
aeroplane 0.512687 191.77 41.66 211.23 65.65
aeroplane 0.512650 85.91 0.00 207.71 75.90
aeroplane 0.512629 83.17 199.19 107.53 221.82
aeroplane 0.512607 158.11 31.59 171.12 43.79
boat 0.512588 0.00 0.00 61.22 62.38
aeroplane 0.512560 212.00 135.03 221.80 154.03
aeroplane 0.512549 165.26 203.08 186.44 221.67
aeroplane 0.512477 212.00 126.25 220.62 144.93
aeroplane 0.512435 194.16 172.37 197.42 182.03
aeroplane 0.512402 36.75 0.00 133.76 79.77
aeroplane 0.512371 174.37 5.03 198.42 29.22
aeroplane 0.512370 0.00 15.31 104.76 126.96
aeroplane 0.512145 194.11 164.88 198.05 173.85
aeroplane 0.512137 171.07 143.15 183.59 161.22
cow 0.512064 212.00 143.01 221.43 161.78
aeroplane 0.512048 122.10 160.15 152.57 178.60
aeroplane 0.512042 119.91 203.41 141.83 224.00
aeroplane 0.512030 158.55 54.44 180.71 76.43
aeroplane 0.512021 113.00 201.86 133.80 224.00
aeroplane 0.511949 176.51 192.83 187.67 204.01
aeroplane 0.511935 160.96 142.77 174.21 161.25
aeroplane 0.511934 119.26 174.65 214.24 224.00
aeroplane 0.511920 16.24 0.00 41.71 15.90
aeroplane 0.511919 166.32 23.98 181.64 36.93
aeroplane 0.511919 156.73 23.81 170.96 36.23
aeroplane 0.511908 188.00 171.82 192.14 182.89
aeroplane 0.511876 190.72 53.08 211.27 76.32
aeroplane 0.511865 193.77 154.87 199.35 165.77
aeroplane 0.511861 134.28 7.17 153.88 30.13
aeroplane 0.511837 98.73 62.11 221.90 149.33
aeroplane 0.511762 127.03 191.60 144.28 207.95
aeroplane 0.511689 9.28 0.00 33.56 16.30
aeroplane 0.511681 194.35 200.69 209.95 218.14
aeroplane 0.511662 159.40 37.51 172.45 52.41
aeroplane 0.511646 169.35 31.67 181.74 43.68
aeroplane 0.511644 194.06 19.77 215.99 42.31
aeroplane 0.511623 179.88 154.59 189.01 168.19
aeroplane 0.511582 180.39 45.03 200.41 66.60
aeroplane 0.511568 138.99 134.47 224.00 224.00
aeroplane 0.511552 180.00 165.36 187.83 175.79
aeroplane 0.511470 188.00 164.73 193.40 174.58
aeroplane 0.511458 154.45 204.00 175.17 222.53
aeroplane 0.511375 172.00 164.16 180.13 176.39
aeroplane 0.511373 98.91 89.53 217.92 165.08
sheep 0.511370 212.00 28.19 224.00 60.69
aeroplane 0.511359 180.00 172.33 186.70 183.56
aeroplane 0.511338 136.86 151.82 158.80 169.33
sheep 0.511253 189.57 212.00 214.56 224.00
sheep 0.511246 212.00 36.75 224.00 70.29
aeroplane 0.511220 162.24 164.16 169.88 175.91
aeroplane 0.511185 86.50 18.38 216.81 107.72
aeroplane 0.511164 187.84 154.66 195.04 166.59
aeroplane 0.511157 162.86 5.51 184.09 27.12
aeroplane 0.511151 178.51 55.49 199.51 77.06
aeroplane 0.511134 159.99 44.34 176.63 64.09
aeroplane 0.511132 172.00 171.30 178.87 184.09
aeroplane 0.511128 186.90 179.70 191.87 192.48
aeroplane 0.511095 0.00 0.00 75.74 61.91
aeroplane 0.511054 172.00 153.28 181.72 168.43
boat 0.511045 211.66 48.65 224.00 80.07
aeroplane 0.511014 201.49 154.50 205.50 164.77
sheep 0.510983 174.39 212.00 202.47 224.00
aeroplane 0.510920 125.93 203.59 148.17 224.00
aeroplane 0.510899 168.85 54.46 188.32 75.65
aeroplane 0.510865 162.11 153.23 171.77 168.00
aeroplane 0.510864 201.79 164.30 204.29 172.94
sheep 0.510843 201.93 171.62 204.00 180.57
aeroplane 0.510805 192.94 179.98 197.42 191.40
aeroplane 0.510751 181.72 3.95 207.45 31.77
aeroplane 0.510721 140.43 162.42 158.09 177.35
aeroplane 0.510569 144.37 5.60 162.50 27.32
aeroplane 0.510560 162.57 171.52 168.65 183.48
aeroplane 0.510526 144.47 0.00 222.00 64.08
aeroplane 0.510488 154.64 5.25 173.71 26.30
aeroplane 0.510453 194.15 1.95 218.79 33.60
aeroplane 0.510427 171.80 37.64 182.78 51.76
aeroplane 0.510425 152.39 180.28 224.00 224.00
aeroplane 0.510422 169.19 192.84 180.67 204.37
cow 0.510346 212.00 151.18 221.26 169.53
aeroplane 0.510244 179.62 180.80 186.53 193.23
aeroplane 0.510217 15.28 0.00 100.39 68.36
dog 0.510091 172.04 0.00 198.98 13.31
cow 0.509999 212.00 160.14 221.74 177.58
aeroplane 0.509835 144.28 171.62 157.71 186.02
sheep 0.509825 212.00 166.73 222.04 184.79
aeroplane 0.509784 171.49 44.44 185.14 63.49
aeroplane 0.509772 197.60 188.23 205.24 199.96
aeroplane 0.509765 142.34 204.00 162.65 223.69
aeroplane 0.509759 132.69 204.00 154.32 224.00
aeroplane 0.509434 158.70 192.85 169.55 203.58
aeroplane 0.509424 171.92 180.42 178.99 193.75
sheep 0.509349 208.17 194.40 222.50 219.53
aeroplane 0.509314 179.45 0.00 206.87 15.06
sheep 0.509213 206.22 0.00 224.00 25.36
sheep 0.509153 212.00 13.79 224.00 45.78
aeroplane 0.509069 125.24 5.34 224.00 100.14
sheep 0.509003 200.91 178.64 204.00 189.29
aeroplane 0.508956 131.75 181.60 150.07 198.88
aeroplane 0.508851 117.67 109.43 222.89 199.76
aeroplane 0.508793 132.42 192.97 148.92 207.88
aeroplane 0.508761 212.00 0.00 224.00 37.67
aeroplane 0.508528 161.81 180.52 168.59 192.61
sheep 0.508367 158.65 0.00 186.20 12.75
aeroplane 0.508231 143.38 193.60 157.03 205.40
aeroplane 0.507772 145.64 181.57 157.18 195.31
sheep 0.507637 212.00 172.92 222.68 192.60
sheep 0.507620 212.00 182.08 222.40 202.84
aeroplane 0.507500 100.21 212.00 130.72 224.00
aeroplane 0.507489 130.14 212.00 158.33 224.00
aeroplane 0.507125 113.81 212.00 144.75 224.00
