aeroplane 0.586125 1.02 96.70 163.59 184.06
cow 0.580359 61.19 112.26 159.84 166.62
cow 0.563133 65.40 122.66 133.94 162.43
person 0.561386 125.31 206.55 174.32 224.00
horse 0.558200 10.29 105.81 150.47 180.43
dog 0.552093 139.15 207.87 183.62 224.00
horse 0.550274 105.16 59.76 179.06 135.80
dog 0.547436 151.66 209.99 194.66 224.00
cow 0.547311 163.79 211.67 205.92 224.00
person 0.546915 107.91 208.52 162.27 224.00
horse 0.544015 85.30 77.12 167.19 143.78
cow 0.543804 32.54 128.61 106.74 186.25
cow 0.541747 177.42 212.88 214.20 224.00
aeroplane 0.540388 13.50 0.00 49.98 54.13
aeroplane 0.539534 62.82 104.09 155.94 170.27
cow 0.539400 53.37 130.21 103.04 167.27
horse 0.539055 67.26 101.43 163.86 171.82
train 0.538972 106.78 192.21 211.68 224.00
cow 0.538715 206.92 207.89 224.00 224.00
aeroplane 0.538101 36.32 135.92 102.98 189.58
sheep 0.537858 174.78 170.71 204.91 189.16
cow 0.537567 99.38 208.82 150.49 224.00
horse 0.537249 30.77 127.85 103.41 181.95
horse 0.536764 178.34 28.76 224.00 172.94
cow 0.536709 193.59 211.81 224.00 224.00
sheep 0.536430 84.22 162.93 154.11 196.52
aeroplane 0.536429 0.00 86.69 10.88 137.50
sofa 0.536396 113.27 190.28 217.69 224.00
cow 0.536228 40.42 144.17 89.91 196.30
person 0.536107 210.80 63.18 224.00 123.77
horse 0.535828 170.19 65.35 224.00 189.92
car 0.535414 0.00 81.06 144.45 190.52
aeroplane 0.535308 100.88 185.61 207.88 224.00
horse 0.535293 214.79 79.06 224.00 137.30
horse 0.535190 193.22 62.04 211.99 123.84
motorbike 0.534908 34.93 130.14 101.90 183.07
cow 0.534712 86.76 207.05 134.61 224.00
aeroplane 0.534305 162.73 82.24 224.00 193.86
horse 0.534096 30.01 135.54 91.19 195.23
sheep 0.533891 173.29 165.66 206.03 185.13
horse 0.533513 216.57 95.30 224.00 144.34
cow 0.533216 0.00 109.69 8.97 164.64
sheep 0.533212 75.88 107.25 150.68 163.97
cow 0.532778 84.98 163.81 156.84 201.44
motorbike 0.532542 20.54 84.14 159.94 180.54
cow 0.532157 0.00 95.00 9.73 151.88
train 0.531838 172.72 57.74 224.00 194.42
horse 0.531723 134.06 68.42 179.26 128.10
person 0.531639 161.46 107.35 224.00 224.00
pottedplant 0.531619 0.00 205.16 18.00 224.00
horse 0.531529 165.32 129.92 194.50 155.60
dog 0.531003 86.63 111.08 150.76 163.02
person 0.530826 211.65 50.43 224.00 103.88
horse 0.530750 216.02 112.57 224.00 155.10
aeroplane 0.530674 79.93 177.31 184.13 220.67
cow 0.530647 76.73 204.55 124.72 224.00
dog 0.530544 146.12 181.65 224.00 224.00
pottedplant 0.530528 0.00 209.57 29.15 224.00
aeroplane 0.530408 9.51 0.00 53.61 28.37
dog 0.530336 111.35 63.08 175.41 124.77
car 0.530313 0.00 0.00 22.25 29.92
horse 0.529911 0.00 81.50 143.53 195.91
dog 0.529862 158.81 130.08 185.38 156.35
aeroplane 0.529847 29.30 128.69 85.54 176.70
sheep 0.529749 79.11 148.71 156.92 192.43
aeroplane 0.529551 3.92 74.12 91.67 166.33
aeroplane 0.529412 0.00 65.21 9.79 118.53
aeroplane 0.529286 0.00 0.00 19.26 55.64
dog 0.529264 150.90 126.80 176.67 157.40
car 0.529238 0.00 54.19 8.76 110.61
aeroplane 0.529146 0.00 0.00 62.70 69.22
horse 0.529033 166.32 135.63 195.14 162.24
horse 0.529011 70.56 88.46 149.52 147.56
horse 0.528977 178.15 165.42 206.76 186.41
train 0.528949 69.60 185.09 169.92 224.00
sheep 0.528778 93.08 171.78 139.28 205.04
aeroplane 0.528480 179.53 0.00 224.00 58.20
motorbike 0.528422 46.57 206.98 93.17 224.00
motorbike 0.528385 63.52 201.39 106.59 224.00
motorbike 0.528380 28.38 125.48 83.88 177.41
sheep 0.528287 176.26 174.91 204.58 193.62
train 0.528263 150.31 0.00 224.00 149.58
motorbike 0.528167 3.25 90.68 18.64 133.54
aeroplane 0.528136 38.27 84.43 162.55 170.92
horse 0.528082 196.66 75.15 214.25 132.07
horse 0.528052 218.12 156.56 224.00 187.24
person 0.528033 216.55 121.45 224.00 164.07
horse 0.527980 175.89 127.29 201.95 154.74
sheep 0.527968 104.11 159.15 159.23 193.92
horse 0.527915 152.50 68.41 187.52 123.93
cow 0.527892 0.00 122.52 8.29 175.71
cow 0.527692 38.19 209.25 84.83 224.00
sheep 0.527675 121.97 154.00 162.27 188.56
sheep 0.527621 110.30 63.91 173.68 121.83
person 0.527601 0.00 0.00 105.70 130.05
horse 0.527597 176.61 133.32 202.80 162.07
sheep 0.527447 125.80 119.84 166.72 159.92
horse 0.527411 51.51 181.46 147.35 224.00
aeroplane 0.527087 15.03 17.54 48.78 65.91
aeroplane 0.526994 2.62 86.57 19.69 128.74
aeroplane 0.526750 206.10 0.00 224.00 17.36
aeroplane 0.526675 0.00 44.89 122.51 179.40
aeroplane 0.526666 0.00 162.80 52.97 224.00
dog 0.526622 86.65 74.56 166.79 142.85
aeroplane 0.526591 72.72 76.23 128.37 106.15
horse 0.526587 136.15 112.47 219.12 224.00
horse 0.526578 34.07 129.70 156.03 195.08
person 0.526544 0.00 92.03 136.59 224.00
horse 0.526539 199.76 61.22 214.32 124.62
motorbike 0.526531 37.24 172.49 126.11 224.00
sheep 0.526429 163.28 167.75 201.45 184.96
sheep 0.526421 71.75 126.47 151.34 180.43
sheep 0.526402 160.40 134.84 185.74 161.74
aeroplane 0.526360 139.54 89.69 215.43 188.64
horse 0.526246 72.99 80.75 131.51 116.03
aeroplane 0.526203 0.45 92.37 79.61 187.79
cow 0.526177 211.34 47.72 223.70 98.85
cow 0.526073 2.32 111.89 16.79 159.70
horse 0.526066 94.51 117.69 191.53 224.00
aeroplane 0.525939 0.00 14.37 64.61 101.04
aeroplane 0.525932 71.79 142.00 170.95 196.37
sheep 0.525928 140.70 160.43 172.70 187.34
motorbike 0.525791 32.47 114.37 148.29 195.88
horse 0.525621 140.03 65.40 216.47 181.92
aeroplane 0.525559 2.14 53.51 80.47 144.70
horse 0.525558 52.13 127.32 94.40 165.78
aeroplane 0.525349 0.00 59.47 22.76 106.78
dog 0.525242 105.69 113.21 156.64 161.09
dog 0.525141 123.80 57.36 173.85 109.99
aeroplane 0.525027 69.79 77.02 158.75 158.27
aeroplane 0.524944 24.30 129.50 61.15 170.90
horse 0.524860 194.27 53.26 214.31 103.74
person 0.524840 198.78 56.23 214.43 119.31
aeroplane 0.524825 147.63 121.86 224.00 211.93
person 0.524811 192.31 56.15 211.86 112.75
cow 0.524742 91.92 173.68 139.90 205.22
aeroplane 0.524724 1.35 71.26 21.17 114.75
aeroplane 0.524718 0.82 32.51 71.32 124.43
motorbike 0.524638 43.32 125.46 89.44 164.90
horse 0.524610 187.83 123.75 206.21 152.44
horse 0.524607 170.07 67.48 199.78 120.96
boat 0.524587 0.00 158.93 7.16 214.25
sheep 0.524560 154.65 132.18 176.80 162.18
aeroplane 0.524537 1.87 1.40 43.62 58.12
horse 0.524502 95.01 69.67 164.61 125.19
motorbike 0.524496 3.22 98.36 16.33 148.63
person 0.524415 217.42 133.04 224.00 174.40
cow 0.524413 0.00 149.57 7.35 207.93
cow 0.524309 73.98 123.53 155.35 177.84
person 0.524284 218.32 146.12 224.00 182.73
aeroplane 0.524251 8.94 88.35 116.26 189.31
train 0.524200 86.00 70.48 165.80 154.37
sheep 0.524165 94.64 183.66 135.44 217.26
motorbike 0.524157 41.61 160.23 144.62 218.50
horse 0.524003 65.21 77.24 153.93 129.97
motorbike 0.523969 49.86 170.77 89.52 206.58
horse 0.523927 41.67 146.61 90.99 207.27
aeroplane 0.523894 98.54 155.18 199.22 207.62
aeroplane 0.523886 45.21 159.86 94.23 199.37
motorbike 0.523869 26.19 103.03 65.01 136.25
cow 0.523810 24.08 212.11 66.44 224.00
aeroplane 0.523799 186.38 9.18 224.00 119.02
cow 0.523771 217.81 171.45 224.00 200.52
cow 0.523738 0.61 212.09 36.92 224.00
cow 0.523714 94.51 200.91 138.89 224.00
motorbike 0.523680 27.43 111.32 69.14 149.03
car 0.523649 24.99 64.61 53.77 89.82
sheep 0.523611 155.94 164.67 185.64 186.31
horse 0.523601 32.25 103.19 69.42 136.54
horse 0.523588 34.85 115.95 165.21 224.00
aeroplane 0.523540 75.24 68.83 143.67 104.73
dog 0.523528 80.04 90.81 158.91 157.56
diningtable 0.523486 25.58 94.10 61.49 124.31
horse 0.523479 30.50 93.37 65.03 124.54
horse 0.523420 74.53 81.88 121.89 106.02
horse 0.523393 198.26 118.87 211.43 149.82
car 0.523385 0.00 8.52 17.86 71.64
aeroplane 0.523347 113.87 96.71 191.69 178.91
person 0.523115 140.31 94.41 209.37 204.97
sheep 0.523109 121.21 107.01 168.06 151.27
horse 0.523079 198.71 100.61 212.72 138.66
sheep 0.523022 174.71 181.16 205.03 203.15
motorbike 0.523008 27.49 117.75 73.64 162.44
sheep 0.522975 173.32 157.22 205.97 180.61
cow 0.522967 73.83 186.41 111.93 215.02
aeroplane 0.522935 0.00 125.21 56.66 218.15
horse 0.522933 205.31 76.27 217.38 134.66
cow 0.522932 80.44 146.37 160.26 194.37
car 0.522924 27.81 72.59 54.93 96.33
horse 0.522867 187.79 62.76 206.60 117.54
diningtable 0.522844 26.25 86.56 59.32 115.44
car 0.522817 11.57 7.53 51.11 67.28
aeroplane 0.522730 0.00 0.00 41.40 28.61
car 0.522566 0.00 31.00 9.55 91.66
cow 0.522500 61.24 184.30 97.76 214.79
aeroplane 0.522495 101.79 64.49 159.00 108.87
aeroplane 0.522444 92.20 0.00 168.20 35.30
horse 0.522443 165.08 117.57 192.71 148.36
dog 0.522416 120.75 198.03 178.43 224.00
sheep 0.522397 102.65 103.56 158.70 154.62
horse 0.522219 208.21 88.19 219.32 136.78
aeroplane 0.522202 73.43 0.00 142.21 33.30
horse 0.522153 71.22 102.43 140.06 157.18
car 0.522131 0.00 0.00 116.07 158.28
cow 0.522121 92.86 183.34 134.64 213.08
horse 0.522041 187.09 130.22 206.64 160.01
cow 0.522039 215.48 194.14 224.00 223.72
cow 0.522001 8.56 213.13 47.40 224.00
cow 0.521957 217.89 181.59 224.00 210.08
sheep 0.521930 194.43 50.93 215.68 98.54
sheep 0.521917 146.83 210.39 195.74 224.00
motorbike 0.521897 51.47 184.28 89.86 215.20
horse 0.521894 177.11 117.94 201.60 146.86
horse 0.521855 112.44 76.23 189.11 172.65
sheep 0.521837 113.25 58.58 161.36 103.29
aeroplane 0.521827 69.80 73.00 149.27 114.99
person 0.521778 130.13 61.18 177.85 122.62
car 0.521774 0.00 18.60 13.34 81.34
sheep 0.521768 144.46 112.68 175.84 149.01
cow 0.521754 1.79 124.61 17.10 170.72
horse 0.521729 58.90 154.28 112.11 208.19
sheep 0.521711 169.17 212.00 210.74 224.00
aeroplane 0.521650 17.90 31.39 49.52 75.66
motorbike 0.521634 7.16 98.13 25.54 136.68
horse 0.521618 41.04 87.46 71.07 113.64
aeroplane 0.521615 72.86 73.29 113.40 94.90
horse 0.521589 189.05 115.86 206.03 145.00
aeroplane 0.521576 47.45 172.91 90.72 205.16
motorbike 0.521527 20.76 109.40 58.56 147.26
aeroplane 0.521487 82.17 121.66 169.03 181.60
cow 0.521424 201.37 51.98 216.98 106.00
aeroplane 0.521420 0.00 162.53 15.96 209.91
aeroplane 0.521399 119.35 0.00 187.82 45.30
horse 0.521351 175.79 143.23 203.26 172.76
motorbike 0.521348 22.72 120.51 62.44 167.47
aeroplane 0.521303 10.32 120.61 26.61 161.63
aeroplane 0.521302 141.87 149.12 224.00 224.00
cow 0.521292 63.96 195.31 101.32 224.00
diningtable 0.521288 27.65 79.32 56.68 104.82
sheep 0.521239 138.13 146.95 169.46 180.13
diningtable 0.521218 22.51 72.73 51.25 97.50
aeroplane 0.521214 0.00 46.27 26.54 97.33
aeroplane 0.521162 18.15 129.62 43.43 167.40
person 0.521146 155.80 51.48 181.51 104.30
sheep 0.521111 166.72 145.81 196.92 171.93
person 0.521096 33.77 92.23 159.92 183.23
horse 0.521057 118.54 81.10 169.92 139.73
aeroplane 0.521047 148.97 0.00 180.52 16.93
horse 0.521027 69.78 84.96 101.70 109.29
diningtable 0.521011 31.57 73.51 59.19 95.23
person 0.520984 93.94 106.24 181.77 199.91
cow 0.520845 46.45 185.41 87.07 217.97
dog 0.520792 159.22 46.37 181.18 95.10
cow 0.520747 69.69 176.31 110.99 211.30
horse 0.520740 156.57 116.34 183.45 148.48
horse 0.520705 70.75 81.51 100.87 101.54
horse 0.520658 42.98 117.02 82.76 151.51
car 0.520651 20.15 49.26 50.05 82.86
cow 0.520633 72.25 196.26 112.20 224.00
sheep 0.520629 118.14 138.28 158.08 181.30
boat 0.520618 52.39 0.00 122.19 35.49
sheep 0.520573 161.50 144.09 188.07 170.53
person 0.520558 85.50 85.88 180.55 177.84
aeroplane 0.520546 174.31 0.00 203.66 16.62
sheep 0.520505 124.31 165.88 166.37 198.54
aeroplane 0.520465 122.43 132.00 214.17 204.11
person 0.520463 141.74 69.43 213.22 180.87
horse 0.520455 197.79 0.00 224.00 15.86
aeroplane 0.520377 101.75 128.92 197.69 191.57
motorbike 0.520351 13.02 101.54 45.29 134.55
aeroplane 0.520349 189.66 0.00 218.68 15.82
aeroplane 0.520328 140.19 0.00 172.60 16.10
boat 0.520326 0.00 176.73 9.01 224.00
aeroplane 0.520311 181.68 0.00 211.31 16.23
horse 0.520309 208.43 106.71 224.00 144.06
aeroplane 0.520288 157.88 0.00 188.14 16.85
dog 0.520279 144.77 48.84 177.20 98.64
diningtable 0.520241 27.92 67.32 58.13 88.70
person 0.520215 73.36 92.22 124.69 130.81
person 0.520187 95.35 203.06 151.46 224.00
aeroplane 0.520183 166.51 0.00 195.64 16.95
bird 0.520079 0.00 192.90 12.59 224.00
sheep 0.520053 155.31 139.65 176.66 169.78
aeroplane 0.519987 178.30 9.83 195.69 29.09
person 0.519972 165.96 50.14 189.07 102.74
motorbike 0.519916 55.76 196.17 95.29 224.00
horse 0.519873 178.55 155.88 206.21 181.20
aeroplane 0.519873 8.00 62.17 40.71 97.71
aeroplane 0.519869 7.89 87.90 31.68 122.43
horse 0.519859 43.97 81.41 70.63 102.93
sheep 0.519819 155.10 153.89 181.01 179.83
car 0.519803 22.21 0.00 64.15 21.68
sheep 0.519718 212.17 42.21 223.28 92.90
horse 0.519623 56.51 87.15 85.08 109.88
motorbike 0.519588 13.52 94.82 47.71 124.59
sheep 0.519576 123.88 177.63 173.73 216.49
person 0.519568 149.11 59.83 181.61 120.59
horse 0.519564 69.99 77.27 97.73 96.37
aeroplane 0.519549 172.42 9.40 189.45 28.19
sheep 0.519520 132.37 23.83 161.99 53.93
aeroplane 0.519511 26.05 155.09 54.14 191.16
sheep 0.519485 167.39 174.37 202.08 189.80
aeroplane 0.519463 23.58 123.21 129.62 202.81
car 0.519443 40.86 0.00 74.56 16.64
sheep 0.519414 173.27 197.46 205.49 224.00
diningtable 0.519382 45.08 75.42 69.56 93.93
sheep 0.519353 130.92 197.13 178.41 224.00
dog 0.519321 188.68 50.17 212.42 95.95
motorbike 0.519314 13.50 107.39 43.69 145.53
horse 0.519304 53.60 93.55 82.97 121.34
horse 0.519294 59.13 82.11 84.99 101.48
sheep 0.519222 133.89 19.24 162.62 41.78
horse 0.519217 55.69 137.83 113.34 194.94
sheep 0.519182 127.84 20.10 153.62 42.64
sheep 0.519181 126.00 25.55 153.20 52.76
sheep 0.519166 162.19 158.11 196.49 180.79
dog 0.519138 131.98 40.27 172.48 92.16
dog 0.519131 167.44 45.71 188.73 93.53
aeroplane 0.519116 91.90 66.18 173.16 142.87
aeroplane 0.519108 27.02 169.69 51.79 199.13
boat 0.519061 131.98 0.00 164.58 14.71
boat 0.519051 71.40 0.00 98.60 11.41
cow 0.519029 54.14 171.49 94.47 211.39
sheep 0.519002 110.61 115.51 155.94 163.99
horse 0.518932 54.49 119.54 88.48 154.21
motorbike 0.518916 16.20 118.81 44.65 159.34
horse 0.518892 68.02 91.88 100.41 122.65
aeroplane 0.518877 0.00 180.93 19.15 223.41
diningtable 0.518867 14.02 88.23 49.82 117.72
diningtable 0.518863 43.42 69.43 68.72 86.70
dog 0.518838 177.15 47.55 201.87 93.13
horse 0.518838 53.37 105.76 83.23 136.92
motorbike 0.518837 7.62 109.67 24.58 152.78
horse 0.518835 134.63 85.22 174.34 137.54
diningtable 0.518799 68.78 71.46 92.70 90.75
aeroplane 0.518772 25.49 141.88 56.85 181.75
dog 0.518738 118.00 52.47 161.27 98.72
horse 0.518731 196.00 126.79 210.27 158.28
sheep 0.518711 122.89 25.79 145.32 50.33
aeroplane 0.518703 27.72 180.12 50.34 206.67
horse 0.518702 59.99 76.22 82.85 94.39
aeroplane 0.518669 16.62 156.65 35.77 194.48
aeroplane 0.518642 8.63 73.60 38.27 106.09
sheep 0.518639 159.35 172.58 188.53 193.35
aeroplane 0.518620 16.60 63.91 48.25 92.04
sheep 0.518614 127.80 9.28 152.61 31.56
aeroplane 0.518594 179.20 18.09 195.22 36.08
horse 0.518571 177.27 52.17 201.88 101.17
aeroplane 0.518565 33.87 152.03 77.78 189.12
aeroplane 0.518564 70.96 24.08 82.86 43.36
aeroplane 0.518563 70.70 32.66 82.46 51.62
diningtable 0.518525 59.33 69.99 80.38 87.38
sheep 0.518494 122.15 32.35 145.83 62.50
boat 0.518480 124.82 0.00 155.93 13.51
sheep 0.518441 141.32 21.51 169.40 53.61
aeroplane 0.518438 6.79 154.87 25.87 198.53
sheep 0.518426 135.20 130.54 166.60 171.23
horse 0.518425 190.61 102.15 206.31 137.84
aeroplane 0.518279 16.24 49.24 47.92 84.00
car 0.518274 55.17 0.00 84.49 13.37
sheep 0.518271 142.62 169.72 175.03 196.77
aeroplane 0.518247 7.90 122.88 99.35 207.57
aeroplane 0.518228 7.82 167.55 25.45 204.57
sheep 0.518225 129.36 30.75 162.43 70.47
aeroplane 0.518216 0.00 15.60 39.30 73.75
aeroplane 0.518201 8.14 81.98 35.10 115.27
dog 0.518197 137.17 28.32 170.38 71.97
aeroplane 0.518166 174.01 17.69 189.50 34.83
person 0.518154 67.88 122.02 124.27 165.38
aeroplane 0.518124 11.54 134.05 27.14 174.97
aeroplane 0.518118 17.66 170.49 34.05 201.72
car 0.518101 78.12 69.81 180.27 169.74
cow 0.518088 47.17 158.50 90.72 212.70
aeroplane 0.518088 183.83 9.96 202.41 29.02
person 0.518083 161.80 59.13 189.12 118.51
horse 0.518061 219.13 1.44 224.00 32.39
horse 0.518023 64.27 121.61 102.07 159.59
boat 0.517985 64.81 0.00 92.10 12.65
horse 0.517941 58.06 122.50 117.25 173.08
sheep 0.517901 142.84 18.29 169.50 40.49
aeroplane 0.517892 145.07 0.00 215.70 55.92
aeroplane 0.517892 73.73 34.62 88.11 52.56
car 0.517877 14.61 33.98 51.05 76.37
sheep 0.517804 220.00 20.18 224.00 60.94
horse 0.517727 66.57 106.11 99.78 140.87
sheep 0.517697 134.52 9.95 163.48 31.63
aeroplane 0.517695 164.07 9.64 183.53 28.49
aeroplane 0.517676 0.00 30.06 32.85 84.89
horse 0.517663 220.00 12.04 224.00 43.83
sheep 0.517597 139.36 178.58 179.41 211.59
sheep 0.517582 216.02 31.32 224.00 80.79
boat 0.517559 73.63 26.57 87.74 44.56
horse 0.517380 191.38 88.89 208.97 131.50
aeroplane 0.517346 153.52 9.36 177.59 30.70
aeroplane 0.517330 70.12 40.75 83.15 61.06
car 0.517307 16.46 73.79 49.70 99.54
car 0.517290 0.00 47.95 92.45 140.39
car 0.517267 141.09 51.24 215.22 168.73
sheep 0.517252 116.26 51.14 154.89 93.84
sheep 0.517250 119.62 31.50 138.70 58.35
aeroplane 0.517224 7.74 47.48 43.44 87.93
horse 0.517197 211.27 0.00 224.00 20.73
aeroplane 0.517196 18.18 142.80 39.31 183.18
sheep 0.517194 119.53 41.45 148.84 80.21
aeroplane 0.517141 81.77 61.23 136.71 99.19
horse 0.517081 206.80 123.16 223.61 158.53
boat 0.517071 117.85 0.00 146.55 13.51
sheep 0.517066 124.02 19.63 145.01 41.23
boat 0.516997 77.37 0.00 106.29 11.01
car 0.516959 0.55 0.00 79.24 46.77
sheep 0.516957 142.66 9.84 170.92 31.78
aeroplane 0.516956 35.65 166.65 74.19 196.49
aeroplane 0.516935 165.46 17.75 182.53 35.63
boat 0.516892 72.16 14.23 83.54 33.47
sheep 0.516864 96.07 188.54 165.94 224.00
diningtable 0.516859 15.07 81.46 50.25 109.10
aeroplane 0.516858 26.82 189.96 50.31 224.00
train 0.516782 86.19 0.00 196.47 132.40
car 0.516778 23.44 0.00 100.28 40.55
sheep 0.516752 103.33 32.49 121.35 59.68
aeroplane 0.516747 36.08 177.96 70.66 204.39
aeroplane 0.516735 19.19 179.32 33.89 207.09
sheep 0.516672 89.18 34.96 110.99 58.61
aeroplane 0.516662 72.61 65.97 105.94 88.46
dog 0.516642 154.45 17.47 175.82 38.68
aeroplane 0.516634 73.94 42.57 90.98 63.79
aeroplane 0.516587 60.22 30.76 75.70 53.51
diningtable 0.516559 68.46 63.22 88.23 83.00
horse 0.516498 139.96 38.03 214.93 141.65
aeroplane 0.516463 60.19 22.21 76.03 45.97
dog 0.516456 153.88 20.36 174.99 52.60
diningtable 0.516454 58.83 61.67 78.23 80.22
aeroplane 0.516435 9.13 142.16 26.57 187.60
bird 0.516428 0.00 198.59 23.89 224.00
sheep 0.516294 90.20 169.94 159.84 208.40
horse 0.516281 196.65 162.31 218.39 184.39
boat 0.516247 74.52 16.94 87.41 34.74
sheep 0.516240 120.23 24.93 137.86 47.41
aeroplane 0.516229 178.16 23.11 196.32 50.55
aeroplane 0.516227 0.00 141.05 15.67 194.48
sheep 0.516194 154.13 178.65 189.25 205.24
sheep 0.516189 162.78 179.10 200.56 199.84
boat 0.516154 102.41 0.00 131.28 14.70
boat 0.516127 111.87 0.00 139.23 14.48
aeroplane 0.516091 173.29 22.57 189.60 49.24
diningtable 0.516053 40.45 60.07 67.44 80.27
sheep 0.515991 122.72 7.86 142.61 30.16
dog 0.515990 152.48 28.23 176.46 73.33
aeroplane 0.515982 69.07 51.93 84.73 73.18
aeroplane 0.515981 193.84 7.23 211.58 26.50
aeroplane 0.515977 183.87 18.86 201.23 36.92
sheep 0.515972 113.00 31.33 127.72 57.60
aeroplane 0.515932 164.96 21.63 181.52 50.30
horse 0.515901 178.39 99.93 200.05 136.98
sheep 0.515841 154.72 195.22 195.07 224.00
train 0.515833 104.46 54.50 182.43 138.58
boat 0.515753 90.42 0.00 122.02 13.02
aeroplane 0.515730 59.71 38.99 75.32 61.76
aeroplane 0.515703 33.85 188.69 66.69 223.34
aeroplane 0.515665 9.00 184.68 27.11 220.74
aeroplane 0.515589 112.48 0.00 187.59 77.58
car 0.515492 35.81 23.92 65.14 60.02
sheep 0.515488 117.60 39.39 141.03 74.17
car 0.515451 36.33 0.00 172.51 123.57
boat 0.515400 75.64 2.53 88.29 23.10
sheep 0.515381 113.80 24.44 126.28 47.50
horse 0.515362 149.15 90.96 179.82 136.45
aeroplane 0.515345 58.90 50.10 75.92 71.62
sheep 0.515324 103.03 25.77 119.13 49.84
aeroplane 0.515323 73.35 54.16 97.28 78.64
horse 0.515282 193.96 166.96 216.76 187.63
aeroplane 0.515282 18.83 188.29 36.56 221.99
aeroplane 0.515243 11.17 65.81 141.68 147.52
aeroplane 0.515067 41.57 186.43 82.47 219.28
train 0.515009 137.48 39.04 212.02 169.49
aeroplane 0.514978 69.97 19.76 154.61 107.25
sheep 0.514959 88.02 28.16 108.70 49.42
dog 0.514904 163.51 30.70 181.62 73.26
aeroplane 0.514888 60.98 12.29 76.51 36.64
boat 0.514867 72.66 1.08 84.65 22.67
aeroplane 0.514821 182.91 24.68 203.11 53.05
horse 0.514725 162.49 95.02 188.77 136.59
aeroplane 0.514679 2.27 148.13 93.99 224.00
cow 0.514677 33.61 202.91 77.45 224.00
aeroplane 0.514651 24.62 151.32 123.02 224.00
horse 0.514558 176.55 84.69 200.38 126.77
car 0.514389 25.17 62.44 153.98 171.62
dog 0.514355 170.77 32.56 189.11 72.82
horse 0.514316 190.41 138.78 208.05 171.38
sheep 0.514252 121.39 18.08 136.96 37.99
aeroplane 0.514213 37.77 5.67 64.67 46.27
aeroplane 0.514161 59.42 54.74 165.18 133.53
sheep 0.514115 79.14 35.11 95.91 54.82
dog 0.514100 176.09 33.40 198.22 73.35
dog 0.513973 182.45 35.39 206.65 75.44
aeroplane 0.513962 36.17 33.81 65.11 66.24
cow 0.513898 25.99 205.17 64.89 224.00
aeroplane 0.513893 100.12 39.55 123.57 75.01
sheep 0.513856 141.43 0.00 172.20 20.88
aeroplane 0.513838 37.67 46.21 66.05 73.63
aeroplane 0.513833 97.34 26.11 178.65 109.31
sheep 0.513783 185.32 199.20 208.80 222.69
sheep 0.513751 115.32 15.98 125.07 37.14
horse 0.513727 204.15 135.72 220.98 170.94
aeroplane 0.513565 20.27 10.00 110.55 94.13
sheep 0.513526 119.46 6.07 134.36 27.03
aeroplane 0.513503 80.92 53.48 123.67 92.81
aeroplane 0.513471 39.64 0.00 65.48 35.00
sheep 0.513451 114.09 2.68 124.24 25.88
aeroplane 0.513398 87.37 42.18 115.39 74.31
sheep 0.513320 78.34 27.82 94.48 46.79
sheep 0.513218 110.54 38.35 130.53 72.22
aeroplane 0.513176 20.14 206.05 53.60 224.00
sheep 0.513150 103.94 15.76 116.30 38.56
aeroplane 0.513095 76.56 54.97 110.29 85.88
sheep 0.513078 133.20 0.00 164.33 19.22
aeroplane 0.513075 61.80 0.00 77.68 25.62
aeroplane 0.513059 79.07 42.88 100.49 68.28
sheep 0.513042 125.81 0.00 153.80 18.16
horse 0.513000 199.80 152.34 219.21 180.65
aeroplane 0.512996 50.75 0.00 128.78 62.87
sheep 0.512826 200.30 197.56 217.87 222.11
aeroplane 0.512807 17.47 0.00 102.90 61.81
aeroplane 0.512742 193.37 17.98 210.15 36.53
aeroplane 0.512710 71.70 0.00 146.03 62.68
sheep 0.512567 201.67 46.01 218.79 94.73
aeroplane 0.512554 144.61 38.10 213.01 129.94
cow 0.512463 195.04 172.67 216.40 193.74
sheep 0.512408 199.28 182.39 217.32 204.60
aeroplane 0.512342 89.89 0.00 172.54 63.47
sheep 0.512292 191.41 36.54 212.74 77.32
sheep 0.512176 101.35 0.00 114.57 25.94
car 0.512174 0.00 28.19 90.78 111.27
sheep 0.512148 88.49 18.24 105.70 39.62
sheep 0.512104 119.55 0.00 143.51 17.75
aeroplane 0.512068 102.88 48.54 136.56 87.62
sheep 0.512008 106.33 0.00 127.57 16.59
car 0.512008 37.87 0.00 69.99 23.12
aeroplane 0.511891 208.17 3.61 224.00 27.42
aeroplane 0.511793 3.68 202.10 31.80 224.00
aeroplane 0.511763 1.71 0.00 148.60 149.57
aeroplane 0.511721 192.11 25.42 211.11 55.14
sheep 0.511573 114.95 0.00 136.09 16.85
aeroplane 0.511560 122.73 22.05 187.04 111.03
aeroplane 0.511504 169.53 0.00 224.00 91.79
sheep 0.511481 78.45 18.47 93.19 38.04
aeroplane 0.511267 12.43 204.77 42.35 224.00
boat 0.511165 57.23 0.00 81.46 15.74
car 0.511157 17.99 43.07 125.93 118.19
boat 0.511032 79.51 1.87 94.11 25.66
aeroplane 0.510992 113.70 49.32 184.50 130.09
sheep 0.510610 87.60 0.00 104.90 26.42
sheep 0.510328 92.10 0.00 117.84 14.45
sheep 0.510294 203.76 35.51 220.26 81.13
aeroplane 0.509899 208.74 14.64 223.16 38.09
sheep 0.509803 82.71 0.00 109.76 13.37
sheep 0.509529 206.98 23.55 222.26 58.15
