horse 0.617011 42.55 34.42 224.00 204.83
dog 0.582647 35.63 58.16 224.00 214.60
horse 0.581767 110.08 107.69 213.23 202.82
horse 0.571604 93.90 115.46 187.15 212.09
horse 0.567343 7.73 92.05 41.10 202.78
horse 0.562410 19.77 85.05 52.78 197.25
horse 0.562147 51.79 6.48 193.87 176.32
horse 0.560684 0.00 91.39 31.21 205.93
horse 0.557712 77.98 70.35 218.24 202.44
dog 0.554544 94.22 118.14 166.33 206.87
horse 0.554149 34.87 74.33 188.58 202.41
cow 0.553081 49.56 0.00 220.58 178.50
horse 0.552965 20.36 114.45 61.75 210.36
dog 0.552466 64.12 137.59 129.67 205.40
person 0.552386 73.69 110.45 129.42 200.58
horse 0.551369 72.63 118.65 132.38 208.74
horse 0.550182 133.47 110.44 205.21 187.65
dog 0.550053 71.30 116.12 144.75 205.57
person 0.549634 103.71 121.51 169.97 204.15
horse 0.549360 35.32 60.19 131.67 198.06
horse 0.547581 59.35 0.00 215.48 124.53
dog 0.547516 13.15 96.27 53.16 200.03
person 0.546319 13.59 90.22 52.28 193.62
horse 0.542263 0.00 141.44 15.18 211.34
cow 0.542157 13.97 84.92 52.38 182.22
person 0.541553 73.86 99.17 116.27 188.00
horse 0.541007 92.06 0.00 122.64 77.66
horse 0.540777 17.04 75.25 53.97 161.38
horse 0.540601 2.10 53.51 155.28 214.39
dog 0.540350 0.00 132.13 18.29 206.80
horse 0.540056 23.14 53.45 61.91 176.52
cow 0.539782 8.53 75.65 51.14 152.74
person 0.539335 82.22 75.93 106.79 143.29
horse 0.539011 0.00 58.05 45.47 177.01
horse 0.538916 0.00 126.26 29.50 224.00
horse 0.538200 107.54 142.19 162.87 218.32
horse 0.538030 46.52 109.26 198.63 224.00
horse 0.537662 97.94 0.00 133.03 70.64
person 0.537217 90.54 121.89 140.84 198.22
person 0.537014 66.65 98.32 98.51 185.64
cow 0.536787 115.43 2.21 173.96 76.55
person 0.535570 133.28 76.94 173.74 138.88
cow 0.535510 12.34 56.72 37.92 96.04
motorbike 0.535311 109.51 0.05 155.81 75.19
dog 0.535256 26.41 138.41 60.45 214.40
horse 0.535238 65.45 107.30 106.76 192.71
dog 0.535134 0.00 119.42 39.95 198.80
sheep 0.535111 0.00 102.93 52.30 189.84
cow 0.534983 220.00 107.06 224.00 157.61
horse 0.534971 45.24 31.52 130.27 170.72
horse 0.534886 70.43 0.11 111.09 71.80
horse 0.534675 74.30 0.00 178.92 95.03
horse 0.534340 76.78 74.15 103.69 145.64
horse 0.534209 103.88 0.00 154.20 71.87
person 0.533648 85.93 57.01 109.62 118.85
person 0.533399 82.09 88.36 110.17 161.35
horse 0.533224 0.00 148.50 51.58 224.00
cow 0.533163 0.00 47.81 12.92 99.42
motorbike 0.533155 127.70 74.64 173.92 142.52
horse 0.533129 58.44 8.57 158.10 137.75
cow 0.533079 114.77 8.92 155.91 80.77
cow 0.533075 93.64 51.30 219.90 206.29
person 0.533024 85.23 117.25 123.05 189.89
person 0.532979 105.23 122.65 150.76 189.05
person 0.532517 80.77 56.08 104.15 115.96
sheep 0.532343 126.03 0.00 193.32 62.05
cow 0.532282 68.98 71.12 92.74 146.49
cow 0.532098 83.79 48.37 109.45 111.80
cow 0.531684 129.80 12.78 224.00 163.10
horse 0.531635 0.00 40.33 31.84 150.47
horse 0.531581 66.79 7.73 95.59 68.83
person 0.531519 0.00 199.20 19.10 224.00
cow 0.531304 148.69 108.99 209.72 175.30
cow 0.531211 66.76 51.72 90.76 106.74
sheep 0.531180 0.00 80.03 16.15 142.46
aeroplane 0.531129 0.00 43.57 13.58 96.01
cow 0.531030 130.23 64.82 168.05 132.35
sheep 0.530864 0.00 80.90 39.78 146.58
dog 0.530755 123.40 0.00 185.97 63.07
cow 0.530571 72.99 51.17 97.73 107.86
cow 0.530520 3.38 54.47 30.90 94.95
horse 0.530408 128.17 95.35 191.36 170.85
person 0.530183 95.69 0.00 133.74 21.07
horse 0.530127 129.34 83.51 180.72 153.67
cow 0.530060 0.00 203.59 27.35 224.00
car 0.529997 161.01 0.00 224.00 66.65
dog 0.529868 0.00 108.44 28.82 183.99
cow 0.529774 136.50 129.62 209.17 202.91
horse 0.529746 20.77 150.21 75.29 224.00
person 0.529709 87.79 79.83 113.32 134.87
car 0.529638 0.00 0.00 41.85 45.14
cow 0.529561 59.42 50.70 82.28 105.46
horse 0.529549 131.98 128.30 212.46 201.22
person 0.529424 209.45 204.80 224.00 224.00
dog 0.529359 0.00 86.63 18.39 151.73
horse 0.529312 94.05 0.00 133.84 32.33
horse 0.529301 30.71 146.06 100.87 224.00
cow 0.529194 171.40 107.05 214.64 166.85
sheep 0.529171 0.00 89.21 49.42 165.11
horse 0.528998 53.49 0.00 133.27 72.86
horse 0.528952 38.44 136.46 139.27 224.00
cow 0.528792 220.00 96.14 224.00 143.66
person 0.528753 74.00 57.28 97.15 112.48
cow 0.528692 220.00 124.98 224.00 178.37
cow 0.528613 130.46 55.23 163.67 112.72
horse 0.528547 12.61 129.76 52.37 209.61
horse 0.528356 29.18 72.21 57.85 154.07
dog 0.528318 66.37 152.35 118.61 202.70
horse 0.528258 87.75 0.00 207.27 68.79
horse 0.528148 0.07 0.00 142.90 171.77
aeroplane 0.528103 0.00 0.00 21.62 22.78
horse 0.528095 5.44 134.15 32.69 209.58
motorbike 0.528045 90.49 17.34 116.09 90.77
cow 0.528027 220.00 58.80 224.00 108.01
horse 0.527596 13.17 57.50 41.23 96.88
cow 0.527556 0.00 169.46 14.18 220.68
cow 0.527527 105.27 149.85 169.64 219.31
horse 0.527372 41.91 99.44 76.58 186.16
cow 0.527294 65.37 212.07 104.61 224.00
motorbike 0.527229 80.76 19.29 109.46 89.67
cow 0.527175 63.31 152.89 109.41 211.85
cow 0.527170 123.53 25.73 159.55 88.66
aeroplane 0.527129 209.41 0.00 224.00 23.01
cow 0.527080 135.01 210.72 175.23 224.00
cow 0.526654 220.00 45.41 224.00 94.25
cow 0.526591 127.31 41.00 158.99 101.15
cow 0.526549 48.39 211.40 92.81 224.00
cow 0.526484 133.33 1.26 194.14 75.21
aeroplane 0.526431 10.79 54.14 37.89 91.61
horse 0.526261 63.29 17.58 87.94 70.61
cow 0.526171 220.00 76.05 224.00 122.19
horse 0.526166 26.29 33.28 70.86 143.79
cow 0.526159 115.98 211.13 161.57 224.00
cow 0.526128 3.60 207.19 36.90 224.00
person 0.526127 130.01 96.72 185.26 165.49
motorbike 0.526077 136.27 76.86 184.38 150.52
cow 0.526066 89.67 33.99 114.36 103.82
horse 0.526058 59.90 0.00 93.39 15.85
cow 0.526024 147.40 0.00 224.00 125.20
horse 0.525908 82.31 0.00 129.43 19.29
horse 0.525749 149.96 79.46 193.87 152.99
person 0.525740 116.04 112.39 158.73 176.36
dog 0.525714 32.64 211.35 71.69 224.00
person 0.525643 112.14 80.93 149.09 128.67
cow 0.525567 109.22 19.50 145.13 87.53
cow 0.525554 50.00 71.95 80.01 147.62
dog 0.525448 78.86 211.82 120.10 224.00
horse 0.525376 64.80 145.44 121.00 203.32
person 0.525316 107.51 114.31 145.26 174.78
cow 0.525313 77.62 0.00 213.22 100.74
horse 0.525304 6.82 65.47 47.90 137.43
aeroplane 0.525200 0.00 6.57 13.06 52.35
cow 0.525063 75.58 38.21 102.55 101.23
horse 0.524984 157.14 62.81 191.47 125.88
horse 0.524935 145.83 139.27 224.00 224.00
dog 0.524884 102.02 210.06 151.48 224.00
cow 0.524860 0.00 0.00 57.34 43.30
cow 0.524750 112.53 46.79 149.06 111.57
cow 0.524719 149.64 210.02 195.58 224.00
aeroplane 0.524677 0.00 51.34 31.55 90.97
cow 0.524671 18.87 210.62 56.15 224.00
horse 0.524595 26.65 54.50 49.74 101.29
cow 0.524512 0.00 69.49 40.30 133.29
car 0.524199 105.49 0.00 211.26 60.68
aeroplane 0.524161 0.00 27.75 12.19 80.72
horse 0.524039 70.29 0.00 114.75 16.27
chair 0.523993 220.00 19.35 224.00 72.93
cow 0.523981 8.97 0.00 77.96 48.40
sheep 0.523897 0.00 57.55 13.92 111.85
person 0.523817 25.31 54.77 50.72 105.85
cow 0.523796 63.20 171.06 104.37 224.00
dog 0.523783 56.15 149.69 108.29 214.61
person 0.523689 95.97 84.49 121.36 131.13
cow 0.523677 48.05 50.79 68.90 104.93
cow 0.523662 220.00 141.67 224.00 195.50
cow 0.523572 97.74 16.57 123.58 89.41
horse 0.523565 168.34 58.30 200.28 111.97
dog 0.523520 111.16 60.55 148.48 119.40
aeroplane 0.523447 145.83 2.68 196.49 78.40
person 0.523446 126.64 81.44 163.22 131.76
cow 0.523424 183.68 211.08 220.38 224.00
dog 0.523356 220.00 13.17 224.00 65.19
aeroplane 0.523298 146.78 0.00 188.88 17.28
horse 0.523295 98.98 0.00 137.56 20.29
horse 0.523257 138.59 62.46 181.62 129.45
horse 0.523255 67.79 23.59 95.55 84.41
horse 0.523237 33.89 0.00 109.44 62.06
cow 0.523212 194.84 208.94 224.00 224.00
sheep 0.523149 141.07 0.00 181.30 15.79
cow 0.523015 38.98 52.20 58.45 104.66
motorbike 0.522994 130.12 59.89 174.66 122.54
sheep 0.522879 0.00 69.42 32.25 132.32
aeroplane 0.522876 9.27 0.00 47.68 15.78
person 0.522828 30.45 63.56 56.55 143.18
cow 0.522805 97.15 46.98 122.34 114.02
person 0.522804 122.78 97.67 159.10 158.19
cow 0.522688 169.53 56.08 207.97 109.53
cow 0.522660 220.00 180.40 224.00 224.00
horse 0.522500 49.10 12.09 123.76 130.16
chair 0.522392 148.58 0.00 224.00 98.01
horse 0.522352 88.85 0.00 129.39 53.24
cow 0.522320 220.00 27.77 224.00 80.19
horse 0.522298 59.69 20.04 80.34 69.15
cow 0.522261 220.00 160.59 224.00 210.15
cow 0.522226 0.00 0.00 33.09 100.48
cow 0.522135 0.00 51.98 20.55 100.01
cow 0.522105 82.36 137.41 157.12 208.57
cow 0.522082 54.09 0.00 87.90 16.32
cow 0.522024 95.98 0.00 145.59 56.55
cow 0.521966 21.86 157.63 51.07 213.10
horse 0.521924 0.00 33.26 51.52 139.75
aeroplane 0.521904 0.00 0.00 32.55 18.95
cow 0.521887 166.73 210.90 209.43 224.00
cow 0.521670 193.37 106.89 223.43 163.89
cow 0.521573 3.65 156.64 27.73 213.70
person 0.521523 39.92 52.53 58.56 111.09
person 0.521458 109.66 98.93 143.06 158.56
horse 0.521375 43.16 119.83 90.62 201.80
cow 0.521335 46.00 89.07 77.44 167.64
aeroplane 0.521182 166.92 0.00 203.57 17.75
cow 0.521110 151.65 9.88 196.39 83.15
horse 0.521060 105.87 193.47 158.07 224.00
sheep 0.520999 125.60 0.00 166.08 13.38
sheep 0.520971 131.02 0.00 187.81 38.80
cow 0.520875 9.91 58.58 40.44 109.38
horse 0.520854 149.93 96.67 201.95 166.20
cow 0.520737 176.90 48.76 213.96 97.85
cow 0.520732 0.00 0.00 39.48 66.29
cow 0.520708 146.40 55.81 186.87 109.28
cow 0.520476 149.76 175.11 210.30 224.00
cow 0.520471 152.97 150.68 207.41 211.00
aeroplane 0.520290 25.29 0.00 61.77 16.83
cow 0.520288 128.82 23.88 177.64 90.26
cow 0.520173 132.02 43.35 176.08 101.05
cow 0.520042 181.51 99.16 214.91 155.29
cow 0.519892 215.65 195.64 224.00 224.00
cow 0.519825 203.04 101.43 223.61 156.69
dog 0.519706 33.79 153.98 63.34 212.85
cow 0.519569 2.16 59.44 33.29 108.61
aeroplane 0.519560 185.32 0.00 217.35 16.14
dog 0.519543 86.35 152.04 150.84 216.73
cow 0.519469 13.07 158.68 40.34 213.18
aeroplane 0.519418 0.00 20.69 30.76 53.33
cow 0.519299 159.67 99.37 208.94 163.17
cow 0.519287 32.40 79.22 63.83 158.93
aeroplane 0.519215 0.00 10.61 23.38 50.51
aeroplane 0.519100 36.73 0.00 70.46 16.49
dog 0.519082 31.01 177.05 57.95 221.67
cow 0.518972 162.77 42.63 196.70 96.97
cow 0.518963 112.58 0.00 155.17 14.87
cow 0.518958 55.80 18.00 76.39 62.51
aeroplane 0.518904 220.00 0.00 224.00 42.92
horse 0.518896 39.96 0.00 118.31 97.38
cow 0.518798 58.68 28.65 79.77 83.01
aeroplane 0.518761 194.85 0.00 223.96 18.09
horse 0.518713 67.48 0.00 93.24 47.53
person 0.518640 89.05 89.71 120.85 142.40
cow 0.518633 23.20 176.69 50.37 218.69
cow 0.518608 164.88 67.45 206.66 129.79
horse 0.518565 48.92 139.08 100.98 205.36
cow 0.518444 181.31 69.05 214.31 122.29
person 0.518421 35.86 54.32 56.48 124.62
cow 0.518404 0.00 187.27 22.28 224.00
dog 0.518290 144.33 0.00 197.67 36.62
aeroplane 0.518268 6.64 18.07 35.90 45.84
cow 0.518104 14.93 175.11 39.00 217.02
aeroplane 0.518082 151.32 0.00 202.41 53.28
aeroplane 0.518079 0.00 33.48 29.36 75.01
horse 0.518043 9.20 57.92 43.12 111.36
aeroplane 0.518025 217.41 0.00 224.00 32.28
cow 0.517956 25.37 54.37 47.59 97.29
cow 0.517873 142.08 22.70 187.32 89.41
cow 0.517821 60.58 0.00 92.42 23.50
cow 0.517819 183.27 85.62 214.64 141.30
dog 0.517777 62.05 170.00 111.94 224.00
cow 0.517776 163.18 83.26 207.62 149.00
horse 0.517734 64.86 5.33 84.25 54.76
dog 0.517708 35.50 143.84 76.49 208.67
aeroplane 0.517506 2.83 27.08 35.90 59.57
horse 0.517480 66.63 0.00 115.04 28.34
cow 0.517414 185.28 117.83 222.36 180.14
dog 0.517323 158.61 9.78 207.07 76.46
horse 0.517267 60.52 0.00 97.91 25.61
aeroplane 0.517093 0.00 21.11 22.47 64.95
cow 0.517035 46.61 21.88 62.83 60.51
cow 0.516999 62.34 196.94 102.24 224.00
cow 0.516959 0.00 6.95 52.52 111.68
cow 0.516896 167.65 27.36 202.01 89.06
aeroplane 0.516818 167.70 12.44 211.81 72.83
sheep 0.516716 105.45 0.00 215.92 100.14
dog 0.516593 90.65 171.81 146.35 224.00
horse 0.516519 124.45 146.14 190.84 211.02
cow 0.516516 95.15 0.00 143.92 34.51
dog 0.516495 100.63 195.63 156.25 224.00
cow 0.516466 174.62 29.12 213.02 85.11
cow 0.516186 151.81 202.62 205.35 224.00
horse 0.516038 12.70 0.00 75.40 78.93
horse 0.516024 115.86 167.48 167.48 224.00
cow 0.515786 36.73 63.65 64.43 141.64
sheep 0.515686 117.98 0.00 171.35 36.57
aeroplane 0.515572 156.61 0.00 202.35 33.49
cow 0.515485 113.06 191.94 164.58 224.00
cow 0.515189 126.64 169.86 186.55 224.00
cow 0.514862 200.10 53.70 223.72 104.93
aeroplane 0.514799 47.03 19.22 64.72 54.18
cow 0.514782 5.86 191.38 31.17 224.00
cow 0.514738 43.30 53.82 65.33 124.66
cow 0.514702 44.94 27.75 60.32 72.36
aeroplane 0.514633 4.99 1.81 36.09 33.33
cow 0.514549 21.26 199.00 52.19 224.00
dog 0.514543 27.78 201.00 60.42 224.00
cow 0.514475 208.28 85.82 223.99 134.09
aeroplane 0.514394 159.30 8.79 206.49 62.38
cow 0.514128 207.65 72.26 224.00 119.70
cow 0.514067 132.06 196.49 184.74 224.00
aeroplane 0.513992 0.00 0.00 23.92 37.53
cow 0.513985 14.11 195.78 41.92 224.00
dog 0.513801 184.89 13.89 218.94 72.95
cow 0.513755 48.84 198.50 94.70 224.00
aeroplane 0.513741 7.01 24.33 39.03 52.15
dog 0.513711 64.26 196.28 108.08 224.00
aeroplane 0.513556 23.77 22.73 48.97 53.28
cow 0.513519 49.34 33.72 68.19 86.53
cow 0.513315 195.73 41.35 221.80 92.47
cow 0.513227 59.46 9.34 79.71 50.04
dog 0.513104 38.82 200.61 80.05 224.00
cow 0.512995 178.87 133.27 221.94 196.90
dog 0.512952 41.08 175.35 80.09 220.35
cow 0.512938 187.83 175.52 224.00 224.00
dog 0.512916 90.23 197.88 141.74 224.00
sheep 0.512312 187.02 21.97 219.88 79.69
dog 0.512054 79.84 197.32 126.45 224.00
aeroplane 0.511903 5.74 37.29 37.16 71.86
cow 0.511840 63.59 0.00 85.81 37.64
cow 0.511815 190.72 197.61 224.00 224.00
cow 0.511812 175.09 200.39 218.28 224.00
aeroplane 0.511806 176.44 0.00 211.27 42.38
cow 0.511679 183.32 160.43 224.00 215.01
aeroplane 0.511445 178.58 0.00 213.40 25.65
cow 0.510814 38.22 41.44 55.97 92.57
aeroplane 0.510604 193.92 7.42 218.26 54.87
cow 0.510578 22.96 33.72 46.79 74.11
aeroplane 0.509339 196.47 0.00 219.33 39.99
aeroplane 0.508823 22.46 0.00 49.40 32.43
aeroplane 0.508148 45.74 0.00 65.47 31.48
aeroplane 0.507731 58.69 0.00 82.22 33.53
