person 0.692558 7.56 3.06 223.29 224.00
sofa 0.591115 40.02 0.00 214.90 176.00
bottle 0.580845 36.97 15.35 220.84 224.00
chair 0.572330 27.35 36.05 208.58 224.00
person 0.569278 36.98 0.00 214.66 162.07
person 0.560476 23.57 0.00 167.18 196.08
bottle 0.551188 37.82 77.93 194.99 224.00
bottle 0.550750 51.91 0.00 213.44 157.18
cat 0.536804 108.05 211.53 170.21 224.00
cat 0.536474 151.25 212.02 202.80 224.00
person 0.536473 0.00 205.43 17.64 224.00
person 0.536414 7.83 2.06 124.00 179.16
person 0.535536 133.76 14.79 224.00 191.91
bottle 0.535294 62.32 188.06 160.94 224.00
person 0.535157 153.83 0.00 224.00 74.49
person 0.535040 0.00 184.64 83.70 224.00
person 0.534790 87.10 0.00 219.02 204.59
bottle 0.534562 51.93 144.22 171.96 224.00
dog 0.534059 0.00 208.95 37.32 224.00
chair 0.533973 39.61 78.38 168.91 224.00
dog 0.533965 206.11 206.96 224.00 224.00
cat 0.533724 170.33 211.62 212.69 224.00
person 0.533588 67.22 0.00 193.33 88.59
cat 0.533376 122.87 211.70 186.30 224.00
sheep 0.532412 179.81 210.69 219.21 224.00
cat 0.532332 210.66 0.00 224.00 25.81
bottle 0.532036 97.07 211.25 154.28 224.00
bottle 0.532025 88.02 196.80 180.72 224.00
chair 0.532016 18.03 50.98 136.74 224.00
person 0.531816 38.00 182.29 133.78 224.00
cat 0.531629 142.20 209.37 194.15 224.00
chair 0.531543 175.13 51.44 224.00 204.05
person 0.530621 182.15 189.32 224.00 224.00
cat 0.530561 138.49 136.23 178.12 148.65
person 0.530453 136.20 0.00 224.00 126.84
cat 0.530060 163.37 208.26 204.54 224.00
bottle 0.529882 26.46 0.00 186.90 125.43
person 0.529700 0.00 0.00 68.28 57.71
chair 0.529108 105.95 35.08 221.24 216.57
dog 0.528779 6.99 111.03 33.96 140.40
aeroplane 0.528501 142.80 135.94 181.95 149.51
person 0.528471 144.33 201.45 219.92 224.00
person 0.528165 121.13 201.40 202.22 224.00
chair 0.528164 11.34 0.00 130.84 145.73
bottle 0.528120 106.59 0.00 223.81 138.97
chair 0.527836 0.00 0.00 19.12 21.37
person 0.527830 35.90 0.00 166.57 82.47
person 0.527651 10.89 36.35 117.37 224.00
bottle 0.527513 81.90 210.32 133.17 224.00
person 0.527512 114.94 0.00 215.62 67.25
dog 0.527195 7.73 211.62 52.44 224.00
dog 0.526878 0.00 108.22 26.93 144.21
chair 0.526825 191.71 77.06 224.00 212.26
bottle 0.526681 62.62 210.16 113.51 224.00
tvmonitor 0.526628 111.46 198.39 159.66 218.07
dog 0.526527 8.74 117.66 33.72 151.01
person 0.526272 1.54 110.72 97.02 224.00
sheep 0.526182 216.82 155.53 224.00 184.16
aeroplane 0.526148 49.08 49.62 95.59 99.35
person 0.525960 11.55 0.00 120.39 61.11
bottle 0.525875 25.82 0.00 144.41 72.29
dog 0.525849 23.26 209.84 68.06 224.00
sheep 0.525842 0.00 195.80 27.20 222.79
bottle 0.525808 106.79 198.52 151.77 217.46
cat 0.525793 153.57 164.55 186.61 175.46
dog 0.525398 0.00 97.65 26.80 132.29
bottle 0.525312 48.36 209.57 96.49 224.00
cat 0.525153 152.04 199.86 188.98 217.36
bottle 0.524964 220.00 88.44 224.00 127.84
aeroplane 0.524946 54.38 137.80 98.81 176.26
dog 0.524874 33.47 209.16 80.44 224.00
dog 0.524813 15.15 56.83 56.37 95.49
aeroplane 0.524789 56.43 120.30 102.51 150.85
dog 0.524765 56.90 147.31 94.47 181.41
aeroplane 0.524749 52.33 128.65 102.83 169.62
aeroplane 0.524738 13.48 63.28 54.72 103.16
aeroplane 0.524733 220.00 30.04 224.00 83.88
person 0.524708 0.00 0.00 92.37 124.13
dog 0.524684 6.36 99.21 35.50 128.28
aeroplane 0.524317 151.90 103.97 177.47 115.29
cat 0.524265 139.93 141.79 177.75 151.55
person 0.524122 198.42 101.02 224.00 224.00
dog 0.523965 0.00 191.18 10.70 224.00
dog 0.523929 0.00 57.17 35.16 87.11
dog 0.523915 187.95 0.00 218.14 17.69
dog 0.523909 11.11 138.86 33.80 171.31
dog 0.523735 49.46 138.44 88.17 175.78
sheep 0.523678 218.85 148.21 224.00 178.29
dog 0.523665 48.69 129.37 92.46 169.05
dog 0.523660 12.48 105.27 40.94 133.79
cat 0.523550 157.41 159.40 190.33 172.34
bottle 0.523387 171.65 207.74 210.94 224.00
dog 0.523261 0.00 100.10 6.93 143.72
dog 0.523247 10.27 66.23 49.46 100.62
cat 0.523187 168.20 198.39 199.95 218.48
sheep 0.523080 220.00 124.27 224.00 156.80
cat 0.523075 165.38 164.79 195.97 177.98
dog 0.523032 59.58 0.00 92.01 16.31
aeroplane 0.523021 109.34 41.69 140.78 60.83
aeroplane 0.522825 84.37 121.36 115.03 143.94
bottle 0.522756 71.99 166.74 181.65 224.00
aeroplane 0.522714 46.39 119.10 83.12 149.68
aeroplane 0.522693 159.11 135.60 188.96 150.49
dog 0.522628 197.45 0.00 224.00 21.38
dog 0.522625 15.07 144.06 40.96 176.50
dog 0.522611 10.35 125.75 35.07 161.17
chair 0.522587 53.12 0.00 84.24 16.28
bottle 0.522566 220.00 71.40 224.00 118.20
dog 0.522548 18.54 138.44 47.12 172.05
aeroplane 0.522523 17.79 52.13 61.61 97.54
chair 0.522513 1.55 0.00 121.57 97.99
dog 0.522504 6.46 59.65 46.82 90.03
dog 0.522497 220.00 25.00 224.00 76.98
bottle 0.522476 119.18 59.58 222.61 220.80
aeroplane 0.522403 42.89 59.08 84.55 105.25
sheep 0.522400 102.70 40.48 132.44 60.30
aeroplane 0.522348 35.89 48.34 77.95 98.10
dog 0.522344 63.58 150.01 104.80 179.51
dog 0.522329 59.81 156.99 90.85 185.62
aeroplane 0.522253 71.59 139.25 112.62 171.88
dog 0.522244 18.09 111.15 47.10 141.31
dog 0.522079 220.00 12.27 224.00 61.97
aeroplane 0.522075 125.29 0.00 157.02 17.01
dog 0.522062 217.71 0.00 224.00 36.13
person 0.522034 0.00 159.75 76.32 224.00
dog 0.522023 17.17 116.47 47.01 153.24
dog 0.522009 13.65 133.64 41.07 165.96
bottle 0.521986 5.98 0.00 139.93 106.71
bottle 0.521969 220.00 115.63 224.00 150.77
cat 0.521946 145.66 142.49 184.93 154.79
cat 0.521906 171.48 165.89 201.61 178.80
sheep 0.521878 132.69 0.00 163.71 16.40
aeroplane 0.521792 50.05 123.64 94.33 160.76
aeroplane 0.521636 49.40 115.47 91.69 143.33
chair 0.521634 45.83 0.00 75.64 16.61
aeroplane 0.521619 166.45 0.00 195.26 16.73
dog 0.521596 174.00 0.00 203.35 16.63
aeroplane 0.521548 60.49 63.32 101.62 104.54
aeroplane 0.521521 163.19 103.81 186.33 115.61
aeroplane 0.521482 38.64 114.36 68.49 141.67
aeroplane 0.521424 55.12 43.83 102.20 87.91
chair 0.521418 20.40 0.00 51.11 15.54
dog 0.521370 7.16 197.72 33.10 222.00
sheep 0.521365 102.84 32.91 133.12 53.06
cat 0.521298 139.36 199.16 179.59 216.41
dog 0.521264 54.02 157.70 80.24 185.83
aeroplane 0.521231 138.68 128.11 179.14 143.69
sheep 0.521209 216.70 189.35 224.00 224.00
aeroplane 0.521147 82.66 115.98 114.54 139.07
aeroplane 0.521137 39.65 119.07 69.65 150.60
aeroplane 0.521103 156.83 142.54 188.92 157.58
aeroplane 0.521102 69.53 128.21 113.13 160.71
aeroplane 0.521079 151.29 96.86 178.54 110.07
aeroplane 0.521059 172.59 136.41 194.75 150.30
sheep 0.521046 209.96 201.49 224.00 224.00
dog 0.521041 0.00 54.30 7.26 93.30
dog 0.520986 48.05 147.89 73.82 179.42
tvmonitor 0.520965 129.03 199.45 174.02 216.68
cat 0.520962 166.59 158.97 195.34 172.85
sheep 0.520927 220.00 139.95 224.00 172.67
aeroplane 0.520856 141.61 52.20 185.11 73.94
cat 0.520820 148.92 158.74 184.02 168.75
dog 0.520781 0.00 125.47 7.51 170.49
dog 0.520759 4.61 129.97 33.39 167.49
dog 0.520695 0.00 188.88 25.46 213.85
sheep 0.520641 109.71 33.50 141.10 52.55
dog 0.520632 4.17 91.65 35.20 120.45
aeroplane 0.520629 25.90 112.41 54.94 142.09
aeroplane 0.520566 159.40 0.00 188.12 17.08
aeroplane 0.520558 92.11 122.55 117.89 141.38
dog 0.520500 220.00 0.00 224.00 45.99
aeroplane 0.520441 141.36 0.00 171.29 15.98
sheep 0.520432 109.55 0.00 142.97 15.99
aeroplane 0.520409 120.20 41.90 147.42 61.37
cat 0.520382 155.81 150.92 189.52 165.69
aeroplane 0.520326 136.47 4.24 155.55 28.07
sheep 0.520308 93.18 0.00 123.77 15.31
dog 0.520289 9.65 78.15 44.07 109.78
chair 0.520268 36.82 0.00 66.67 15.86
chair 0.520260 28.10 0.00 58.17 15.23
bottle 0.520251 95.40 165.44 114.62 182.40
dog 0.520240 0.00 68.25 30.65 105.82
tvmonitor 0.520213 107.97 191.62 145.45 209.20
aeroplane 0.520194 130.79 3.83 149.71 27.68
aeroplane 0.520173 46.44 45.33 86.33 88.57
bottle 0.520155 87.38 113.81 198.39 224.00
aeroplane 0.520153 72.79 56.56 108.78 93.78
aeroplane 0.520128 153.47 48.40 191.10 75.63
cat 0.520099 185.31 165.24 208.98 179.69
aeroplane 0.520097 135.17 44.34 172.92 63.05
aeroplane 0.520078 71.33 123.51 112.52 151.53
aeroplane 0.520035 141.33 45.11 187.20 67.58
aeroplane 0.520033 76.40 0.00 108.98 16.63
aeroplane 0.519985 146.46 98.47 171.87 109.64
aeroplane 0.519973 150.62 0.00 179.73 16.55
sheep 0.519971 85.68 0.00 116.33 16.12
aeroplane 0.519943 220.00 44.37 224.00 100.78
dog 0.519896 0.00 110.53 7.16 156.35
sheep 0.519851 101.23 0.00 134.02 15.24
dog 0.519847 0.00 87.13 7.78 127.60
dog 0.519840 14.61 54.22 49.22 79.33
aeroplane 0.519822 37.04 107.26 67.30 136.44
bottle 0.519786 96.56 172.89 115.18 189.94
sheep 0.519736 107.09 4.36 129.45 27.95
cat 0.519723 145.80 150.17 182.60 161.21
aeroplane 0.519691 91.23 116.63 118.15 136.49
dog 0.519683 47.77 123.32 84.09 158.22
aeroplane 0.519655 181.20 136.85 200.81 149.54
aeroplane 0.519565 150.23 108.48 177.47 123.05
aeroplane 0.519559 63.45 117.33 108.19 142.50
chair 0.519538 7.11 0.00 36.55 17.27
dog 0.519531 25.32 117.72 54.48 153.31
aeroplane 0.519517 13.71 76.59 50.04 110.99
aeroplane 0.519480 110.23 47.68 138.83 69.49
dog 0.519455 12.61 198.79 42.23 221.70
dog 0.519446 0.00 80.30 27.09 116.24
bottle 0.519400 102.73 191.66 133.13 208.43
dog 0.519341 16.14 152.93 39.49 181.85
sheep 0.519325 104.39 23.02 130.84 44.36
dog 0.519270 68.42 159.44 102.72 183.23
cat 0.519248 154.82 167.10 185.62 180.45
aeroplane 0.519208 76.51 152.47 111.84 178.85
aeroplane 0.519205 129.49 42.35 155.79 61.22
aeroplane 0.519176 169.86 143.49 194.22 158.34
aeroplane 0.519171 44.93 107.31 79.37 137.82
chair 0.519136 0.00 48.05 7.43 84.59
sheep 0.519046 99.54 37.70 121.99 60.04
aeroplane 0.518984 163.23 94.34 188.13 111.09
aeroplane 0.518948 112.04 57.96 138.55 79.96
sheep 0.518913 100.22 3.29 118.22 29.69
bottle 0.518883 52.74 195.78 86.74 224.00
sheep 0.518875 174.98 198.47 207.27 220.06
dog 0.518866 16.30 98.37 47.30 129.97
bottle 0.518821 89.04 162.82 112.77 184.23
bottle 0.518807 96.62 195.93 128.15 217.69
sheep 0.518796 99.42 30.71 121.46 53.53
cat 0.518781 170.70 185.63 200.54 209.40
aeroplane 0.518770 151.27 85.50 179.58 104.39
aeroplane 0.518755 148.95 57.69 184.83 82.12
sheep 0.518749 218.94 176.61 224.00 210.48
aeroplane 0.518716 135.75 50.79 170.49 70.08
dog 0.518709 55.62 166.92 79.24 192.86
aeroplane 0.518623 171.74 103.98 193.80 115.77
aeroplane 0.518620 150.99 74.86 181.99 97.35
dog 0.518613 50.12 157.53 70.28 184.00
aeroplane 0.518612 44.70 99.01 75.96 131.76
aeroplane 0.518598 61.81 16.51 86.34 50.02
cat 0.518593 166.40 151.14 194.39 166.23
sheep 0.518585 115.36 3.93 138.53 26.82
dog 0.518584 61.13 166.80 88.28 192.65
dog 0.518574 39.56 139.62 65.43 170.64
sheep 0.518547 107.16 15.72 128.85 34.86
aeroplane 0.518517 37.59 74.97 73.93 110.82
bottle 0.518475 97.19 189.40 121.32 208.12
aeroplane 0.518470 145.66 87.14 171.67 102.76
aeroplane 0.518443 27.25 48.53 68.10 90.41
cat 0.518396 142.36 148.23 179.80 158.90
aeroplane 0.518386 65.27 7.45 85.08 43.83
sheep 0.518269 217.74 166.42 224.00 197.27
aeroplane 0.518255 60.26 26.66 87.01 56.85
aeroplane 0.518250 189.97 41.22 213.80 76.04
tvmonitor 0.518232 120.25 189.58 160.74 209.61
aeroplane 0.518229 190.83 98.43 209.73 117.76
sheep 0.518192 99.97 21.88 119.26 45.61
cat 0.518167 137.57 127.47 179.64 140.70
aeroplane 0.518163 172.52 94.55 196.12 111.63
aeroplane 0.518162 59.64 17.79 78.36 49.73
sheep 0.518139 101.22 15.23 117.91 36.84
aeroplane 0.518116 180.83 82.87 206.80 106.87
aeroplane 0.518113 123.96 3.37 145.05 26.83
aeroplane 0.518086 96.64 67.20 116.88 89.14
sheep 0.518030 111.63 22.84 139.02 43.30
aeroplane 0.517992 179.51 70.60 207.92 100.41
dog 0.517991 48.80 194.88 80.72 224.00
dog 0.517988 54.24 186.89 83.76 215.45
aeroplane 0.517968 45.91 76.29 82.35 111.56
aeroplane 0.517919 150.05 65.48 184.24 89.85
dog 0.517918 26.82 138.87 52.86 171.22
aeroplane 0.517909 65.46 0.00 85.54 33.35
aeroplane 0.517887 104.27 70.07 126.46 87.68
aeroplane 0.517787 180.79 102.88 202.43 116.24
aeroplane 0.517758 75.50 68.80 108.68 101.22
aeroplane 0.517737 173.26 83.69 198.09 107.41
bottle 0.517722 91.63 206.06 140.42 224.00
person 0.517709 22.73 152.05 131.80 224.00
aeroplane 0.517701 62.26 8.78 77.67 42.47
aeroplane 0.517682 145.30 76.45 175.92 94.46
aeroplane 0.517672 121.36 48.43 146.42 70.25
aeroplane 0.517669 103.21 56.62 127.33 78.72
aeroplane 0.517654 177.10 144.20 199.51 157.76
aeroplane 0.517646 113.95 70.29 137.76 87.48
aeroplane 0.517617 54.68 40.19 91.24 76.21
aeroplane 0.517585 57.69 28.17 78.26 57.07
aeroplane 0.517582 119.89 33.01 147.10 52.38
bottle 0.517571 90.60 170.15 112.67 191.25
aeroplane 0.517562 190.75 135.29 207.57 150.64
dog 0.517546 40.80 146.27 62.10 175.92
aeroplane 0.517532 97.68 76.37 117.00 96.63
cat 0.517531 144.49 156.50 181.62 166.72
cat 0.517526 132.90 132.29 170.77 144.17
aeroplane 0.517499 188.87 88.43 210.83 111.91
dog 0.517480 15.43 206.96 56.28 224.00
bottle 0.517454 96.77 182.03 117.80 199.42
dog 0.517437 23.66 50.51 57.94 82.28
cat 0.517431 173.05 168.68 202.17 183.74
tvmonitor 0.517377 103.73 165.97 122.38 180.25
dog 0.517373 38.75 131.78 67.83 164.95
tvmonitor 0.517320 103.34 173.41 122.35 189.23
dog 0.517311 55.45 177.63 81.25 206.21
cat 0.517308 161.62 185.56 192.95 208.30
aeroplane 0.517306 73.57 46.20 107.34 83.49
aeroplane 0.517301 102.84 46.05 129.08 67.59
aeroplane 0.517296 130.15 49.20 152.48 68.85
aeroplane 0.517294 181.18 93.36 204.54 111.55
cat 0.517290 153.50 185.22 185.61 206.90
aeroplane 0.517285 88.81 62.86 111.84 90.83
aeroplane 0.517268 185.61 77.89 212.30 105.71
sheep 0.517199 186.22 158.29 207.67 173.65
dog 0.517195 0.00 177.82 26.30 206.70
aeroplane 0.517182 162.46 109.17 185.10 121.97
aeroplane 0.517182 141.86 36.26 182.42 59.65
aeroplane 0.517166 91.97 156.50 115.00 175.78
aeroplane 0.517102 123.45 69.37 143.58 87.44
aeroplane 0.517081 25.47 74.28 65.34 111.77
aeroplane 0.517066 158.77 127.55 188.10 143.82
aeroplane 0.517050 58.70 34.97 87.85 65.11
aeroplane 0.517028 176.42 186.45 206.55 210.29
aeroplane 0.516989 135.21 36.13 168.37 55.74
dog 0.516979 16.44 165.23 38.48 188.64
aeroplane 0.516952 122.36 57.97 145.01 80.09
dog 0.516862 12.38 190.40 39.40 209.75
aeroplane 0.516853 106.09 79.16 126.46 94.15
aeroplane 0.516839 131.92 70.48 147.62 85.81
aeroplane 0.516825 48.88 100.92 84.88 134.48
cat 0.516821 145.38 162.31 180.23 173.05
dog 0.516811 0.00 67.59 7.02 109.78
aeroplane 0.516758 66.28 24.46 95.55 56.21
sheep 0.516723 127.04 0.00 154.40 19.86
bottle 0.516697 103.05 183.66 127.55 200.11
aeroplane 0.516697 101.40 116.73 126.50 132.45
dog 0.516693 95.20 19.46 111.96 45.92
aeroplane 0.516679 131.18 59.02 149.46 78.50
aeroplane 0.516665 172.62 151.72 199.35 165.55
aeroplane 0.516665 61.48 0.00 78.39 31.48
aeroplane 0.516663 67.89 14.68 94.22 49.74
aeroplane 0.516661 181.60 128.50 201.44 142.84
sheep 0.516650 94.59 0.16 112.03 30.26
aeroplane 0.516645 72.49 6.72 93.89 43.05
aeroplane 0.516640 43.60 91.03 73.97 118.63
dog 0.516627 4.43 140.53 36.44 177.06
aeroplane 0.516621 174.02 70.92 199.76 99.92
sheep 0.516604 114.95 15.05 137.08 33.60
sheep 0.516570 96.08 12.76 111.80 38.01
aeroplane 0.516561 64.84 32.63 96.83 63.34
bottle 0.516536 58.79 187.04 89.43 214.23
dog 0.516534 83.40 16.29 104.18 47.21
chair 0.516528 0.00 43.74 31.44 68.45
aeroplane 0.516479 23.95 99.40 55.27 131.75
aeroplane 0.516474 137.35 16.78 155.03 34.41
bottle 0.516470 89.98 193.56 118.74 219.04
aeroplane 0.516468 129.17 33.65 155.12 52.99
aeroplane 0.516451 171.68 127.99 194.35 142.97
aeroplane 0.516446 86.32 9.12 104.61 39.86
aeroplane 0.516426 15.04 90.00 47.49 120.06
aeroplane 0.516411 191.64 105.75 208.79 123.89
aeroplane 0.516393 145.11 3.43 164.94 28.51
aeroplane 0.516391 137.66 59.28 168.87 78.36
aeroplane 0.516370 97.26 54.42 118.29 79.09
sheep 0.516363 198.45 161.02 216.77 179.93
dog 0.516352 41.68 195.79 71.52 224.00
dog 0.516348 7.26 190.01 31.04 211.46
dog 0.516343 19.05 198.44 50.46 222.14
aeroplane 0.516323 145.86 116.01 178.99 136.11
aeroplane 0.516277 125.08 77.54 142.79 93.27
dog 0.516261 94.67 28.35 112.31 53.40
aeroplane 0.516213 180.99 109.19 201.30 122.00
dog 0.516142 16.30 46.26 44.49 68.75
dog 0.516141 0.00 137.77 8.10 182.64
aeroplane 0.516134 116.14 78.84 137.40 93.51
chair 0.516132 0.00 0.00 8.09 37.84
aeroplane 0.516123 89.44 73.16 112.21 98.57
aeroplane 0.516112 55.41 36.56 79.13 66.87
dog 0.516086 0.00 174.98 7.87 211.65
sheep 0.516077 190.94 206.62 224.00 224.00
bottle 0.516076 70.88 168.15 100.54 190.30
aeroplane 0.516050 73.14 0.00 95.42 32.81
dog 0.516033 29.18 197.22 58.60 223.61
aeroplane 0.516011 89.42 127.54 117.05 147.07
chair 0.516007 0.00 39.35 7.20 73.85
aeroplane 0.516005 174.95 47.07 204.71 75.85
dog 0.516003 81.93 25.58 104.78 54.19
aeroplane 0.515998 80.91 108.82 113.41 133.34
aeroplane 0.515992 179.88 56.34 208.69 92.63
bottle 0.515992 91.39 186.35 114.55 207.98
aeroplane 0.515990 142.87 105.38 168.30 113.43
sheep 0.515977 94.56 35.27 111.79 59.70
dog 0.515942 11.71 151.59 32.82 181.75
aeroplane 0.515922 101.29 123.41 126.11 137.63
aeroplane 0.515901 53.75 77.34 91.36 112.82
aeroplane 0.515884 189.33 142.06 206.75 158.32
aeroplane 0.515874 133.18 78.41 147.15 91.41
aeroplane 0.515868 160.52 51.58 195.23 81.97
bottle 0.515864 59.86 178.20 87.77 205.79
aeroplane 0.515856 183.58 48.85 210.03 82.84
cat 0.515795 137.90 146.13 180.76 156.59
dog 0.515757 43.97 204.11 87.13 224.00
aeroplane 0.515742 90.75 50.98 111.59 80.59
aeroplane 0.515734 160.91 40.84 197.43 72.70
bottle 0.515727 68.38 194.66 102.56 223.81
aeroplane 0.515700 131.81 14.66 148.76 33.42
dog 0.515668 52.09 166.38 70.46 191.90
sheep 0.515641 184.96 168.39 209.10 184.18
aeroplane 0.515639 98.58 85.27 117.89 103.11
tvmonitor 0.515633 109.11 183.46 142.05 201.18
aeroplane 0.515622 85.89 0.00 105.44 30.88
cat 0.515604 137.86 154.24 179.30 164.97
aeroplane 0.515583 187.94 15.88 206.85 41.36
aeroplane 0.515567 136.10 25.29 160.30 44.86
aeroplane 0.515532 163.00 82.58 189.89 105.89
aeroplane 0.515513 143.61 26.03 173.06 46.87
aeroplane 0.515510 138.80 69.35 166.08 84.97
aeroplane 0.515509 81.13 32.87 104.96 60.57
bottle 0.515468 80.97 193.49 112.23 220.55
aeroplane 0.515463 98.74 92.06 119.26 109.31
aeroplane 0.515456 196.17 12.72 214.51 41.66
aeroplane 0.515438 139.80 77.76 162.49 91.16
aeroplane 0.515426 190.24 126.14 208.03 144.04
sheep 0.515404 121.49 21.80 145.29 42.66
dog 0.515383 14.75 179.03 38.53 201.36
bottle 0.515326 91.04 178.95 113.44 199.67
bottle 0.515321 74.53 204.97 120.95 224.00
aeroplane 0.515309 107.45 95.07 128.32 107.61
aeroplane 0.515275 141.54 98.58 164.80 107.39
dog 0.515271 43.53 155.76 59.96 180.22
dog 0.515262 18.46 34.85 39.74 56.10
aeroplane 0.515251 126.38 94.10 143.29 107.39
sheep 0.515240 181.85 197.08 213.22 222.31
aeroplane 0.515235 107.30 87.91 127.13 100.96
aeroplane 0.515234 172.39 15.84 190.36 38.85
tvmonitor 0.515199 130.71 153.47 171.07 166.28
aeroplane 0.515169 90.70 108.56 118.71 129.66
cat 0.515167 132.85 125.39 168.25 139.34
aeroplane 0.515155 179.51 15.92 197.38 39.43
aeroplane 0.515131 32.09 90.98 65.20 120.07
aeroplane 0.515111 134.21 96.45 150.69 106.29
aeroplane 0.515110 188.85 23.72 208.36 50.00
bottle 0.515102 69.02 186.76 98.91 211.20
aeroplane 0.515101 169.95 22.75 191.75 48.06
dog 0.515070 0.00 162.07 7.71 201.13
aeroplane 0.515070 99.58 43.78 120.45 67.52
aeroplane 0.515042 45.13 43.44 76.79 78.95
tvmonitor 0.515009 129.47 160.08 166.87 174.72
aeroplane 0.514979 126.01 85.79 142.45 99.96
aeroplane 0.514963 145.17 17.81 166.63 35.91
aeroplane 0.514932 70.92 110.16 110.55 136.52
aeroplane 0.514928 117.59 94.90 137.94 108.01
aeroplane 0.514916 140.48 87.78 161.50 99.38
aeroplane 0.514898 130.24 22.65 151.57 43.09
aeroplane 0.514888 171.62 109.36 192.50 121.07
dog 0.514875 9.09 178.13 30.74 202.91
chair 0.514856 0.00 11.33 6.64 47.02
aeroplane 0.514851 196.10 20.85 214.64 49.95
aeroplane 0.514837 134.91 103.29 154.54 113.81
tvmonitor 0.514823 114.96 182.02 152.59 201.53
aeroplane 0.514821 115.74 116.02 140.08 131.43
sheep 0.514820 124.19 13.81 144.00 32.92
aeroplane 0.514817 133.83 87.03 147.61 98.38
aeroplane 0.514763 102.80 108.70 128.06 125.17
dog 0.514761 27.96 0.00 42.20 24.07
aeroplane 0.514715 102.05 158.23 124.08 173.02
aeroplane 0.514703 117.32 87.28 137.19 100.60
aeroplane 0.514685 64.13 79.22 100.08 111.50
chair 0.514656 0.00 29.59 7.05 63.58
aeroplane 0.514619 150.46 33.50 189.21 61.63
aeroplane 0.514551 88.49 91.04 111.95 111.92
tvmonitor 0.514494 131.17 188.09 168.87 207.32
dog 0.514494 21.77 23.05 36.86 43.74
tvmonitor 0.514493 111.59 171.73 140.56 189.00
dog 0.514481 10.65 163.57 31.46 189.47
aeroplane 0.514467 116.58 108.21 139.06 123.90
aeroplane 0.514464 58.15 9.24 70.37 39.86
aeroplane 0.514439 55.83 17.42 71.58 49.61
tvmonitor 0.514413 142.13 185.92 174.59 205.56
aeroplane 0.514384 77.94 38.09 105.31 70.38
aeroplane 0.514383 194.07 0.00 215.50 33.35
aeroplane 0.514375 126.87 101.21 144.84 115.51
aeroplane 0.514363 172.60 0.00 191.26 30.98
chair 0.514327 0.00 33.42 28.00 57.30
dog 0.514324 25.32 14.34 35.66 33.53
aeroplane 0.514313 185.36 0.00 207.12 32.64
bottle 0.514306 82.29 185.64 108.98 207.93
bottle 0.514286 186.84 149.70 206.48 166.73
dog 0.514285 191.34 114.61 208.52 134.76
aeroplane 0.514279 178.47 0.00 197.73 31.30
aeroplane 0.514270 178.95 23.82 199.46 48.49
dog 0.514240 0.00 163.11 30.53 193.94
aeroplane 0.514222 163.05 70.28 192.13 98.11
dog 0.514216 27.84 15.47 42.78 34.20
aeroplane 0.514212 89.55 83.34 112.15 105.31
cat 0.514186 154.25 172.44 184.93 190.78
aeroplane 0.514114 142.75 109.81 172.19 121.62
dog 0.514108 2.11 149.44 34.94 184.28
bottle 0.514095 83.18 168.94 110.11 189.40
aeroplane 0.514080 154.11 24.42 183.27 46.97
aeroplane 0.514055 181.43 117.82 201.28 133.08
aeroplane 0.514012 87.14 144.48 115.39 167.74
aeroplane 0.514000 162.90 22.57 187.10 47.46
tvmonitor 0.513989 122.64 179.84 159.85 199.67
dog 0.513981 24.00 23.75 44.07 44.66
bottle 0.513894 105.97 184.42 198.21 224.00
aeroplane 0.513876 77.53 81.67 107.71 108.03
dog 0.513821 67.99 0.00 98.77 22.13
aeroplane 0.513816 106.04 101.49 129.37 115.92
bottle 0.513805 153.12 125.44 224.00 224.00
tvmonitor 0.513798 114.09 163.01 143.90 177.38
aeroplane 0.513795 127.07 107.71 146.45 124.49
aeroplane 0.513764 126.53 115.39 149.46 133.24
aeroplane 0.513758 93.93 41.06 111.50 68.14
bottle 0.513736 70.16 178.50 98.88 202.24
dog 0.513727 56.85 0.00 82.38 20.43
aeroplane 0.513703 117.43 101.43 139.16 115.69
aeroplane 0.513694 95.62 99.66 120.03 119.40
aeroplane 0.513587 160.34 116.57 185.76 134.73
aeroplane 0.513572 84.34 99.71 112.51 124.20
aeroplane 0.513559 195.02 28.64 214.44 60.17
aeroplane 0.513526 135.18 108.65 158.85 122.45
sheep 0.513474 200.87 153.72 216.73 174.39
sheep 0.513459 203.68 130.12 217.27 153.83
sheep 0.513443 142.55 0.00 168.06 19.29
aeroplane 0.513437 161.14 57.94 193.74 90.48
tvmonitor 0.513416 126.85 168.25 162.47 186.50
dog 0.513403 47.60 10.81 60.30 35.60
aeroplane 0.513383 165.10 31.68 194.23 63.28
dog 0.513375 10.88 44.55 38.73 66.31
aeroplane 0.513355 156.98 17.86 179.71 36.94
dog 0.513328 34.56 13.70 49.27 34.00
dog 0.513314 35.79 0.00 49.14 24.07
dog 0.513306 29.76 153.04 50.42 178.31
dog 0.513283 22.28 164.86 43.88 187.15
aeroplane 0.513283 166.42 16.25 185.85 38.28
aeroplane 0.513280 53.33 28.30 72.14 58.88
aeroplane 0.513254 134.05 116.08 163.23 132.69
tvmonitor 0.513233 122.61 160.89 157.51 175.99
aeroplane 0.513212 116.47 123.91 144.25 136.87
aeroplane 0.513194 85.75 133.98 116.12 156.41
aeroplane 0.513189 188.76 31.47 209.81 61.87
tvmonitor 0.513184 119.20 169.75 153.98 188.52
sheep 0.513120 79.49 0.00 108.00 21.84
aeroplane 0.513075 126.69 123.94 155.68 138.92
aeroplane 0.513070 55.19 92.41 91.56 120.68
chair 0.513061 0.00 23.48 25.03 48.17
tvmonitor 0.512995 123.97 154.63 160.61 168.02
aeroplane 0.512979 49.92 37.62 73.62 70.10
aeroplane 0.512970 57.05 0.00 70.90 29.17
cat 0.512893 168.21 172.09 198.45 192.85
aeroplane 0.512872 99.76 129.15 125.91 143.29
aeroplane 0.512844 157.45 2.53 178.59 29.99
dog 0.512844 45.92 165.21 60.74 187.94
aeroplane 0.512784 171.48 116.91 192.96 132.85
sheep 0.512738 194.76 193.73 221.44 223.85
bottle 0.512731 82.99 177.98 109.64 199.05
aeroplane 0.512724 72.48 101.64 108.40 129.73
dog 0.512715 41.57 187.95 67.64 213.44
dog 0.512702 24.87 0.00 35.91 23.92
cat 0.512692 145.72 166.84 177.31 180.02
sheep 0.512680 203.79 136.35 216.40 160.25
aeroplane 0.512647 47.32 0.00 60.56 25.69
cat 0.512626 174.99 173.70 203.95 194.47
aeroplane 0.512620 115.23 156.14 147.63 169.50
aeroplane 0.512618 76.10 92.35 107.13 115.91
aeroplane 0.512611 99.89 147.02 125.94 164.72
dog 0.512560 23.20 0.00 46.80 15.66
sheep 0.512548 183.04 184.66 211.11 210.11
aeroplane 0.512537 127.06 130.52 159.93 143.76
sheep 0.512467 201.98 0.00 224.00 30.80
aeroplane 0.512439 202.81 31.48 218.36 78.77
dog 0.512417 182.07 0.00 209.87 22.60
dog 0.512301 12.91 33.35 33.16 54.91
person 0.512286 132.56 184.89 214.37 224.00
aeroplane 0.512234 64.14 93.20 100.21 120.02
aeroplane 0.512216 125.08 146.15 161.72 160.14
aeroplane 0.512196 167.17 0.76 186.85 31.22
aeroplane 0.512120 43.35 18.33 61.53 47.18
dog 0.512043 15.64 22.63 30.69 43.65
aeroplane 0.512030 61.65 103.18 102.80 135.42
dog 0.512010 0.00 14.41 22.09 39.07
tvmonitor 0.511967 136.68 167.31 170.33 182.59
dog 0.511952 27.58 188.96 54.81 211.56
aeroplane 0.511860 177.10 32.37 202.18 62.39
aeroplane 0.511748 23.88 43.95 54.19 71.33
aeroplane 0.511742 98.56 136.25 126.19 153.00
bottle 0.511700 205.15 91.73 216.59 122.54
tvmonitor 0.511669 134.10 176.90 168.28 195.07
aeroplane 0.511667 116.34 147.06 149.54 161.41
sheep 0.511613 210.58 5.61 222.69 47.00
dog 0.511585 20.09 178.39 44.37 200.51
aeroplane 0.511581 117.08 130.41 147.95 142.57
dog 0.511459 28.99 21.56 50.14 45.33
person 0.511458 158.69 181.27 224.00 224.00
dog 0.511433 18.62 14.77 30.40 33.37
aeroplane 0.511374 126.66 137.19 161.55 150.56
dog 0.511346 31.79 163.95 49.92 185.58
dog 0.511327 51.10 0.00 74.37 19.76
bottle 0.511309 204.13 120.48 217.55 147.35
sheep 0.511298 208.77 0.00 224.00 39.77
sheep 0.511258 202.32 144.38 216.08 168.50
cat 0.511155 144.61 173.90 174.90 190.95
bottle 0.511146 202.41 83.14 217.14 117.38
dog 0.511140 44.56 176.99 64.32 202.51
bottle 0.511069 205.85 99.05 216.35 128.52
dog 0.511043 210.21 13.03 221.55 54.64
aeroplane 0.511031 206.33 26.93 218.82 71.28
dog 0.510932 30.82 0.00 53.75 15.68
aeroplane 0.510833 117.32 137.64 149.80 151.11
aeroplane 0.510736 36.85 41.44 64.41 72.45
bottle 0.510525 197.49 72.03 217.44 111.34
aeroplane 0.510509 197.97 35.75 217.07 86.49
dog 0.510341 41.07 0.00 64.52 17.14
aeroplane 0.510321 208.73 20.02 220.03 62.68
aeroplane 0.510258 39.53 30.33 62.50 59.15
sheep 0.510232 184.28 172.91 209.45 194.49
bottle 0.510121 205.56 108.63 217.08 138.11
aeroplane 0.509963 24.58 32.99 51.22 57.57
sheep 0.509816 196.53 179.68 218.67 208.59
dog 0.509624 18.13 0.00 30.47 24.23
dog 0.509592 29.71 177.17 51.80 200.61
sheep 0.509122 197.20 168.67 216.42 193.10
aeroplane 0.508795 194.23 58.40 217.20 104.29
dog 0.508269 12.90 0.00 34.58 16.53
