dog 0.662216 13.54 17.81 219.89 151.10
dog 0.577463 7.50 49.15 201.21 179.69
dog 0.573899 49.38 6.52 148.82 89.83
dog 0.563586 55.08 78.36 148.31 153.72
dog 0.558758 59.21 96.67 149.94 172.98
sheep 0.556421 62.80 115.01 148.87 187.56
dog 0.555380 51.27 60.24 145.19 130.27
dog 0.552089 44.97 24.99 131.80 102.15
dog 0.550037 64.20 114.56 143.52 188.29
dog 0.549436 42.47 14.47 190.65 127.04
dog 0.549136 45.54 46.12 133.83 118.81
dog 0.547225 0.00 52.28 27.98 143.22
sheep 0.546168 59.94 91.28 144.46 162.94
bird 0.545447 18.36 146.26 95.65 217.58
sheep 0.543645 61.07 2.44 216.04 166.91
sheep 0.543466 33.66 115.34 97.64 190.18
dog 0.541744 18.90 68.33 168.74 199.71
sheep 0.541695 84.95 48.16 162.70 105.04
sheep 0.541575 25.76 144.41 110.70 212.59
dog 0.541312 75.67 30.69 154.28 94.80
sheep 0.541190 83.42 5.54 163.98 75.02
sheep 0.540183 92.01 124.49 158.84 184.79
sheep 0.539757 48.84 135.93 129.13 208.75
dog 0.539691 60.65 135.57 133.80 205.13
sheep 0.539550 99.71 42.21 178.44 97.92
dog 0.539041 76.18 57.97 154.17 114.27
sheep 0.538533 84.91 25.15 161.89 89.05
dog 0.538199 0.78 56.57 46.54 142.75
dog 0.538062 86.15 4.63 165.75 69.62
sheep 0.537950 85.95 66.95 158.44 111.90
dog 0.537345 31.22 34.23 179.17 160.11
sheep 0.537308 103.14 8.40 175.99 63.33
dog 0.536891 63.19 40.77 151.47 109.29
bird 0.536250 117.91 210.33 157.04 224.00
sheep 0.536226 1.44 47.93 42.91 133.98
sheep 0.535630 48.56 114.65 114.37 187.87
person 0.535338 0.00 46.25 14.06 103.20
dog 0.534833 58.12 99.78 122.56 164.10
bird 0.534232 101.99 210.78 147.06 224.00
dog 0.534148 0.00 58.75 15.11 124.45
dog 0.534103 0.00 81.01 14.87 146.71
sheep 0.533992 105.92 61.16 173.92 103.67
sheep 0.533910 48.21 106.89 97.12 168.98
dog 0.533570 56.26 64.41 120.90 124.98
sheep 0.533445 0.00 80.31 24.11 146.05
dog 0.533350 47.59 53.42 109.38 109.27
dog 0.532713 0.00 49.63 22.05 100.70
sheep 0.532608 107.94 23.09 177.39 82.14
sheep 0.532557 0.00 87.67 13.24 153.16
sheep 0.532530 27.88 112.71 77.75 175.03
sheep 0.532423 118.71 2.05 173.74 50.30
sheep 0.532377 0.00 31.83 24.57 128.88
sheep 0.532241 7.27 82.17 29.44 142.83
dog 0.532229 118.94 17.70 224.00 153.91
sheep 0.532021 84.33 108.37 156.04 171.68
dog 0.531547 24.39 82.47 58.72 131.63
dog 0.531244 5.72 62.22 27.77 122.83
sheep 0.531193 24.64 90.09 59.84 139.15
bird 0.531191 211.27 206.76 224.00 224.00
person 0.531070 0.00 179.66 36.67 224.00
sheep 0.531001 118.94 19.37 224.00 162.55
dog 0.530994 0.00 78.49 50.14 181.23
sheep 0.530932 11.91 38.64 216.59 183.08
bird 0.530891 138.03 210.21 170.82 224.00
dog 0.530435 50.25 101.56 98.59 159.47
sheep 0.530150 113.05 71.77 169.12 107.20
sheep 0.530045 69.72 74.44 141.35 135.50
sheep 0.529825 26.93 105.82 68.99 162.13
dog 0.529781 50.86 22.38 113.54 82.21
sheep 0.529728 69.94 130.83 143.89 198.87
sheep 0.529321 104.78 75.31 159.88 113.48
sheep 0.529116 120.73 50.83 187.62 102.00
sheep 0.528995 0.00 45.72 21.95 96.08
sheep 0.528890 112.29 113.20 166.29 167.58
bird 0.528684 0.00 0.00 38.12 48.96
dog 0.528625 73.79 14.25 148.67 76.74
dog 0.528379 28.13 69.36 56.77 119.81
dog 0.528300 19.31 58.91 112.53 163.76
bird 0.528221 0.00 10.69 25.45 111.19
sheep 0.528177 106.45 136.44 164.69 188.61
bird 0.527983 147.06 210.10 183.66 224.00
sheep 0.527794 119.52 136.96 177.58 180.18
bird 0.527787 0.00 200.53 45.17 224.00
bird 0.527786 188.65 213.26 217.78 224.00
aeroplane 0.527670 205.57 0.00 224.00 17.36
dog 0.527634 7.07 68.31 82.72 172.64
sheep 0.527622 35.91 99.41 85.72 156.53
sheep 0.527541 3.85 53.37 26.34 94.37
bird 0.527320 0.00 174.29 30.07 218.72
bird 0.527256 13.96 162.73 75.98 219.73
bird 0.527140 88.33 211.89 135.08 224.00
sheep 0.527060 62.41 60.51 224.00 174.92
sheep 0.527039 16.08 82.22 50.27 133.30
bird 0.526976 0.00 159.07 17.04 212.90
dog 0.526945 4.53 56.14 26.31 101.66
dog 0.526845 49.87 67.78 101.91 121.04
sheep 0.526791 135.20 140.54 193.05 177.04
sheep 0.526762 133.35 2.05 184.80 45.71
dog 0.526625 73.93 0.00 207.02 113.95
bird 0.526595 170.50 174.74 224.00 224.00
bird 0.526576 199.07 211.04 224.00 224.00
bird 0.526566 0.00 177.74 65.97 224.00
aeroplane 0.526560 182.33 10.23 206.95 30.89
dog 0.526449 22.52 42.32 109.93 135.49
sheep 0.526445 101.06 144.39 156.98 200.41
sheep 0.526277 7.25 102.31 28.60 158.90
dog 0.526217 147.01 0.00 224.00 71.71
sheep 0.526103 0.00 101.30 21.36 162.35
person 0.525941 0.00 32.09 11.05 90.63
dog 0.525937 113.12 22.90 184.22 80.06
sheep 0.525925 119.14 80.29 164.27 112.61
bird 0.525894 36.80 141.08 159.68 224.00
dog 0.525889 24.17 129.45 143.40 224.00
dog 0.525722 0.00 105.16 46.18 202.88
bird 0.525671 33.25 207.87 83.08 224.00
bird 0.525664 114.35 169.88 206.02 224.00
bird 0.525643 0.00 0.00 19.86 20.33
bird 0.525537 55.01 209.39 98.86 224.00
dog 0.525525 96.36 5.68 152.10 59.88
sheep 0.525463 172.32 87.52 206.48 112.76
bird 0.525263 154.62 209.57 194.90 224.00
sheep 0.525239 152.33 144.35 203.50 174.39
bird 0.525223 56.95 75.69 224.00 179.60
dog 0.525203 34.27 55.25 57.44 90.70
dog 0.525192 31.92 73.64 64.89 123.77
sheep 0.525132 87.09 88.37 152.27 148.78
bird 0.525003 0.51 175.68 50.43 215.53
sheep 0.524978 109.49 93.36 160.51 145.41
sheep 0.524938 136.96 73.31 183.60 106.69
sheep 0.524855 62.72 152.98 125.68 209.05
sheep 0.524807 17.34 95.65 51.15 146.23
aeroplane 0.524724 220.00 12.68 224.00 41.95
sheep 0.524692 170.88 79.00 207.57 107.45
sheep 0.524509 11.53 78.30 38.17 134.67
dog 0.524481 44.58 57.78 91.79 105.91
aeroplane 0.524472 182.82 16.98 205.69 37.19
sheep 0.524467 0.00 103.61 11.19 164.82
sheep 0.524445 137.92 64.61 198.53 102.86
sheep 0.524424 88.13 77.89 151.08 130.07
sheep 0.524420 161.03 151.73 204.06 176.10
sheep 0.524226 121.63 11.57 186.02 58.55
aeroplane 0.524192 181.28 0.00 211.59 16.45
sheep 0.524156 152.29 38.25 198.66 80.61
bird 0.524154 73.56 210.22 118.94 224.00
dog 0.524040 42.56 53.25 74.80 90.65
sheep 0.523979 152.19 57.79 202.62 99.05
bird 0.523927 171.81 211.39 207.83 224.00
dog 0.523796 10.74 71.84 35.75 128.82
bird 0.523785 148.84 105.66 224.00 212.11
bird 0.523716 0.00 0.00 29.86 80.13
sheep 0.523657 128.21 34.98 192.18 85.72
bird 0.523630 0.00 0.00 67.15 48.82
person 0.523510 0.00 21.60 8.42 80.11
dog 0.523503 18.22 68.84 46.18 121.50
aeroplane 0.523490 218.69 4.30 224.00 33.15
bird 0.523484 87.14 162.44 194.43 224.00
aeroplane 0.523475 220.00 143.52 224.00 174.22
dog 0.523375 46.82 49.68 94.38 92.82
sheep 0.523370 44.09 160.69 111.40 218.73
sheep 0.523325 128.75 73.07 224.00 199.89
sheep 0.523308 0.00 20.29 52.76 113.62
dog 0.523095 39.63 60.56 72.17 106.55
aeroplane 0.522871 187.99 0.00 217.65 14.91
sheep 0.522816 13.50 91.22 38.28 146.23
sheep 0.522800 169.04 60.95 206.43 97.75
bird 0.522753 15.81 201.30 70.26 224.00
sheep 0.522614 110.25 82.54 158.33 125.76
dog 0.522575 132.98 17.47 194.30 64.26
dog 0.522540 33.92 88.64 79.91 143.65
aeroplane 0.522503 0.20 179.74 51.18 217.42
sheep 0.522447 154.86 4.03 198.55 39.48
sheep 0.522403 220.00 75.45 224.00 110.30
sheep 0.522395 152.84 157.12 206.35 192.51
sheep 0.522366 167.58 41.07 202.86 77.50
dog 0.522337 12.48 84.10 120.76 193.02
sheep 0.522243 97.01 157.49 149.89 207.51
bird 0.522195 44.41 98.76 193.17 195.33
dog 0.522075 39.20 71.35 80.15 121.13
sheep 0.522031 166.77 30.75 202.65 67.00
bird 0.522019 155.26 157.91 204.74 191.54
sheep 0.521955 23.51 128.35 73.04 187.03
dog 0.521920 57.32 17.33 106.35 67.70
sheep 0.521830 0.00 154.27 25.38 213.00
sheep 0.521755 219.84 136.67 224.00 167.77
sheep 0.521635 123.43 106.18 172.23 151.51
aeroplane 0.521600 170.97 6.87 201.59 32.30
bird 0.521582 0.00 138.42 10.70 197.67
sheep 0.521549 157.78 19.67 199.67 57.89
dog 0.521459 45.61 36.65 96.18 85.06
sheep 0.521410 168.44 51.16 204.86 87.98
sheep 0.521397 18.04 0.00 104.47 59.10
bird 0.521327 0.00 120.92 40.49 216.56
sheep 0.521299 115.59 0.00 147.07 13.20
sheep 0.521292 153.27 166.44 204.21 201.17
sheep 0.521289 15.06 104.73 42.68 160.17
dog 0.521285 142.20 13.09 197.39 53.40
dog 0.521282 84.39 11.43 137.32 62.05
aeroplane 0.520947 188.62 10.55 210.14 28.48
dog 0.520920 99.43 0.00 129.88 14.09
sheep 0.520917 107.94 0.00 138.23 13.70
sheep 0.520896 131.30 123.61 187.59 169.24
sheep 0.520893 117.22 0.00 161.15 37.65
sheep 0.520877 40.76 40.25 71.53 81.04
sheep 0.520857 0.00 24.61 17.52 80.55
bird 0.520835 116.00 110.31 218.98 202.71
aeroplane 0.520795 166.12 0.00 196.67 15.32
dog 0.520720 26.46 150.66 116.13 224.00
sheep 0.520687 60.04 0.00 88.66 17.01
sheep 0.520667 220.00 57.83 224.00 96.38
sheep 0.520665 20.41 56.47 45.06 90.34
aeroplane 0.520649 220.00 153.01 224.00 191.69
bird 0.520597 5.08 0.00 35.57 14.37
sheep 0.520594 79.67 154.80 138.66 207.34
bird 0.520560 0.00 13.25 7.54 66.61
bird 0.520495 0.00 0.00 10.26 40.51
sheep 0.520491 84.87 0.00 113.84 14.87
sheep 0.520490 175.23 94.00 205.67 116.93
sheep 0.520479 168.58 148.22 206.44 169.55
aeroplane 0.520468 146.36 0.00 178.55 13.25
sheep 0.520450 129.72 0.00 161.74 13.81
dog 0.520418 34.33 0.00 130.39 74.10
aeroplane 0.520407 220.00 23.88 224.00 60.02
sheep 0.520383 51.67 0.00 81.14 16.36
sheep 0.520367 219.97 127.59 224.00 161.35
aeroplane 0.520361 156.14 0.00 188.28 13.95
sheep 0.520360 70.06 0.00 97.26 16.58
sheep 0.520350 122.39 87.53 162.61 124.06
sheep 0.520348 42.47 28.33 69.58 71.50
sheep 0.520322 91.67 0.00 122.42 14.31
sheep 0.520300 78.37 0.00 106.24 15.57
sheep 0.520251 49.00 26.04 96.27 75.51
sheep 0.520152 136.94 0.00 170.03 13.38
sheep 0.520122 220.00 88.04 224.00 123.72
sheep 0.520058 159.83 139.45 203.03 165.65
sheep 0.519996 35.63 0.00 65.93 14.32
sheep 0.519954 43.40 0.00 73.47 15.03
sheep 0.519860 30.55 42.08 55.78 80.43
sheep 0.519853 22.09 139.92 76.48 203.84
sheep 0.519819 20.45 63.31 44.04 110.07
bird 0.519759 0.00 151.15 36.20 224.00
sheep 0.519733 132.18 115.74 184.09 157.33
sheep 0.519612 170.63 13.44 201.19 38.17
dog 0.519551 71.10 14.87 123.75 64.17
sheep 0.519538 165.73 15.16 200.82 46.45
bird 0.519520 0.00 188.02 34.11 224.00
bird 0.519515 158.18 153.86 204.72 181.33
sheep 0.519463 168.55 122.90 203.95 146.57
dog 0.519448 10.63 61.44 31.34 109.97
sheep 0.519431 27.85 0.00 58.60 13.89
sheep 0.519414 93.85 175.73 143.44 215.54
bird 0.519389 11.89 0.00 42.65 13.22
sheep 0.519359 24.53 21.62 120.11 112.36
sheep 0.519357 160.48 131.02 201.36 158.66
sheep 0.519331 31.77 30.03 54.64 71.74
aeroplane 0.519253 211.29 0.00 224.00 22.47
sheep 0.519221 173.93 72.64 208.84 101.74
aeroplane 0.519189 189.01 17.48 209.03 34.59
sheep 0.519100 0.00 0.00 65.01 84.96
bird 0.519094 216.92 201.16 224.00 224.00
dog 0.518952 112.11 0.00 154.84 36.25
sheep 0.518915 141.10 81.20 178.73 110.95
sheep 0.518911 0.44 30.42 25.07 75.86
sheep 0.518907 176.43 16.80 203.74 44.12
sheep 0.518875 170.75 21.65 203.62 54.72
sheep 0.518837 71.69 168.72 121.93 216.48
bird 0.518806 28.38 166.85 85.93 224.00
bird 0.518783 98.67 196.17 144.36 224.00
bird 0.518712 0.00 125.21 9.87 183.00
aeroplane 0.518594 220.00 169.01 224.00 208.40
sheep 0.518513 220.00 116.71 224.00 153.25
aeroplane 0.518394 220.00 189.48 224.00 220.75
sheep 0.518339 186.13 149.52 211.82 169.77
bird 0.518261 159.57 166.20 205.05 200.96
sheep 0.518240 9.68 56.41 32.08 91.50
dog 0.518232 68.24 14.35 104.78 54.82
sheep 0.517982 170.65 110.67 203.17 136.49
sheep 0.517915 120.83 148.74 179.93 194.72
aeroplane 0.517844 176.13 0.00 204.03 20.86
sheep 0.517818 220.00 38.16 224.00 79.42
sheep 0.517610 70.99 8.29 91.16 35.61
sheep 0.517581 36.93 170.15 96.36 224.00
sheep 0.517497 126.67 97.27 169.82 137.56
dog 0.517283 77.27 9.29 107.17 41.52
sheep 0.517280 127.99 0.00 171.84 32.25
sheep 0.517249 173.89 100.28 204.06 124.66
dog 0.517216 80.34 11.24 122.49 50.83
sheep 0.517164 153.52 177.18 200.54 208.34
sheep 0.517049 220.00 105.10 224.00 143.50
sheep 0.516871 154.78 119.43 197.12 150.21
sheep 0.516866 52.10 175.60 108.90 224.00
bird 0.516843 12.96 155.48 58.75 213.69
sheep 0.516733 153.97 193.36 197.29 223.94
sheep 0.516709 133.84 107.19 179.66 145.15
sheep 0.516677 67.79 181.61 117.76 224.00
sheep 0.516652 22.08 0.00 119.71 90.03
dog 0.516632 97.01 0.00 134.71 34.57
sheep 0.516551 107.55 175.81 151.58 213.44
bird 0.516531 8.61 2.23 26.95 28.73
bird 0.516504 161.76 193.74 202.42 222.33
sheep 0.516471 18.64 31.81 44.09 73.38
sheep 0.516451 204.38 147.51 222.23 171.20
sheep 0.516184 154.09 81.38 194.64 109.11
sheep 0.516173 45.46 19.59 65.54 56.06
bird 0.516160 45.08 192.90 96.76 224.00
bird 0.516125 0.00 0.00 19.39 36.52
sheep 0.516107 186.28 141.94 211.77 162.94
sheep 0.516103 16.33 125.78 50.15 181.10
sheep 0.516023 53.22 19.06 90.77 60.64
sheep 0.515990 174.23 131.85 207.33 154.66
bird 0.515982 26.86 188.27 80.24 224.00
sheep 0.515982 14.98 140.50 54.23 200.17
sheep 0.515899 175.45 140.54 207.55 162.79
sheep 0.515801 182.88 153.23 212.11 174.79
sheep 0.515659 16.48 44.25 44.27 82.19
sheep 0.515582 85.58 0.00 117.95 31.48
bird 0.515573 0.00 15.74 16.44 64.25
sheep 0.515537 35.36 20.21 52.32 54.88
bird 0.515493 7.15 15.32 24.57 40.35
sheep 0.515489 64.05 8.51 82.33 31.69
sheep 0.515485 140.33 0.00 181.77 28.07
sheep 0.515481 80.98 0.00 109.70 27.44
bird 0.515407 11.11 106.51 95.85 203.93
bird 0.515400 57.82 197.21 108.17 224.00
sheep 0.515352 204.43 141.12 221.97 165.75
sheep 0.515303 0.00 126.30 20.71 184.77
sheep 0.515234 63.52 14.85 92.56 47.51
sheep 0.515207 180.22 65.99 212.41 93.80
sheep 0.515166 4.61 125.50 30.85 181.12
sheep 0.515084 0.69 141.99 34.22 201.08
sheep 0.515017 46.23 4.84 59.95 25.06
sheep 0.514899 37.69 3.15 51.53 25.21
bird 0.514859 3.32 20.84 24.64 57.44
bird 0.514661 177.66 193.83 206.73 218.48
aeroplane 0.514641 186.42 20.37 208.65 40.11
sheep 0.514536 8.38 32.81 31.54 73.89
bird 0.514512 125.65 144.31 213.19 224.00
bird 0.514475 17.88 3.13 33.14 25.19
aeroplane 0.514468 199.73 14.98 218.77 35.45
sheep 0.514440 39.15 14.67 50.48 35.35
bird 0.514426 27.06 3.04 42.09 24.97
sheep 0.514366 125.04 160.17 176.72 201.74
aeroplane 0.514333 198.88 7.51 219.97 28.43
bird 0.514324 164.24 178.71 203.94 207.99
bird 0.514309 70.96 201.38 118.44 224.00
bird 0.514282 85.62 192.72 131.28 224.00
bird 0.514282 190.51 194.35 211.21 216.28
sheep 0.514275 55.41 7.18 72.89 27.57
sheep 0.514186 48.23 14.94 61.40 36.92
sheep 0.514162 23.22 21.94 42.11 55.00
sheep 0.513957 155.87 0.00 193.61 24.57
sheep 0.513812 158.34 109.07 193.44 137.45
sheep 0.513809 28.09 15.94 40.83 35.96
bird 0.513619 80.58 204.97 126.24 224.00
sheep 0.513542 201.61 131.60 222.51 159.05
sheep 0.513477 194.39 70.63 222.66 100.36
sheep 0.513457 137.33 98.10 175.37 132.53
sheep 0.513245 120.73 197.47 158.37 224.00
bird 0.513224 17.38 16.41 31.46 37.04
sheep 0.513216 181.07 56.77 212.49 84.97
sheep 0.513178 140.85 89.05 174.97 119.52
sheep 0.513054 56.91 15.38 80.69 41.49
sheep 0.512999 192.13 78.17 221.99 105.93
sheep 0.512934 6.88 45.65 30.85 83.47
sheep 0.512889 196.71 62.26 223.62 93.39
aeroplane 0.512690 195.80 0.00 220.53 18.65
sheep 0.512488 12.63 22.63 31.37 55.09
sheep 0.512438 132.15 198.49 168.83 224.00
sheep 0.512217 128.98 176.67 171.61 209.45
sheep 0.511718 160.72 88.66 192.36 114.72
bird 0.511700 204.41 205.88 220.63 224.00
sheep 0.511596 184.01 180.46 209.40 203.82
sheep 0.511524 181.96 46.08 211.08 74.79
sheep 0.511468 172.28 159.18 211.54 189.37
sheep 0.511358 181.83 35.63 209.56 63.03
sheep 0.511286 182.98 26.53 208.51 50.43
sheep 0.511134 161.38 98.24 191.54 125.23
sheep 0.511090 175.56 154.38 211.36 180.11
sheep 0.511013 176.54 168.90 210.25 196.89
sheep 0.510777 209.19 192.42 220.42 216.23
sheep 0.510580 199.03 52.42 224.00 84.90
sheep 0.510555 21.20 0.00 45.85 13.38
sheep 0.510333 196.50 119.21 223.39 149.51
sheep 0.510016 199.86 152.50 223.68 182.92
sheep 0.509881 206.56 180.48 221.49 206.17
sheep 0.509713 200.08 24.82 219.98 52.15
sheep 0.509698 198.55 158.89 224.00 192.85
sheep 0.509506 201.91 169.27 223.05 200.02
sheep 0.509369 190.09 88.86 222.22 116.12
sheep 0.509217 200.89 32.40 221.41 63.25
sheep 0.509079 201.05 41.47 223.58 74.53
sheep 0.508133 190.68 94.79 222.97 125.13
sheep 0.508095 192.39 105.43 223.54 137.39
