bird 0.560621 33.18 79.88 190.81 224.00
bird 0.552533 69.72 120.78 131.31 216.47
sheep 0.551302 127.75 129.18 181.41 217.68
bird 0.550712 49.25 97.11 150.16 224.00
bird 0.545798 63.78 117.09 117.11 194.51
bird 0.544756 100.42 87.77 184.83 224.00
sheep 0.541402 93.32 103.66 147.71 188.64
bird 0.540644 13.89 49.08 93.64 190.97
bird 0.539704 199.26 108.94 224.00 224.00
bird 0.539511 159.20 67.31 224.00 224.00
bird 0.538925 0.00 52.44 158.97 224.00
bird 0.538075 103.23 70.60 145.39 119.72
bird 0.536835 0.00 38.09 67.71 187.01
bird 0.536774 30.62 58.84 116.62 196.90
bird 0.536685 85.51 118.13 144.49 208.97
sheep 0.535654 131.05 105.71 179.12 187.93
bird 0.534991 48.55 27.82 138.78 224.00
bird 0.534111 96.06 63.19 222.13 224.00
sheep 0.533837 211.58 65.31 224.00 98.90
sheep 0.533694 192.19 83.90 224.00 207.62
bird 0.533285 211.88 203.10 224.00 224.00
bird 0.533249 38.77 210.51 92.69 224.00
bird 0.533175 0.00 10.69 102.12 224.00
bottle 0.533081 190.03 0.00 224.00 40.34
bird 0.532828 195.59 29.16 224.00 160.55
bird 0.532740 147.67 0.00 224.00 177.38
bird 0.532476 68.79 159.89 137.85 224.00
bird 0.532140 0.00 30.19 32.80 162.48
bird 0.532045 78.66 48.77 171.08 220.51
bottle 0.531878 196.89 21.90 224.00 149.28
bird 0.531829 194.52 175.44 224.00 224.00
bird 0.531649 74.09 137.05 181.70 224.00
bird 0.531595 73.29 104.99 109.91 159.14
bird 0.531566 0.00 205.52 23.21 224.00
sheep 0.530871 108.25 124.97 175.42 210.15
sheep 0.530769 0.00 209.41 39.19 224.00
bird 0.530364 0.00 182.10 44.38 224.00
sheep 0.530106 93.65 123.31 155.45 211.22
bird 0.529870 25.44 211.68 76.50 224.00
sheep 0.529529 97.87 95.95 144.36 165.01
bird 0.528956 0.00 135.79 23.96 163.16
bird 0.528883 78.42 205.36 133.55 224.00
bird 0.528815 0.00 0.00 42.01 38.84
bird 0.528737 0.00 0.00 94.47 127.96
bird 0.528575 62.28 206.00 119.37 224.00
sheep 0.528564 213.16 57.16 224.00 92.70
aeroplane 0.528239 209.22 0.00 224.00 24.43
bird 0.528153 127.37 21.80 213.19 201.30
bird 0.527951 0.00 0.00 20.69 21.84
bird 0.527676 132.12 83.66 193.95 224.00
sheep 0.527198 141.71 71.38 177.10 114.81
bird 0.527136 94.51 96.16 137.67 159.90
bird 0.527128 132.62 24.37 189.10 178.91
bird 0.527031 34.41 144.88 64.16 169.94
sheep 0.526975 0.00 128.49 24.39 157.74
bird 0.526941 66.40 112.39 107.17 171.76
sheep 0.526882 220.00 140.43 224.00 188.95
aeroplane 0.526696 220.00 147.15 224.00 196.13
sheep 0.526662 218.73 189.36 224.00 223.44
sheep 0.526613 203.07 63.69 220.20 92.80
sheep 0.526574 161.65 94.14 223.67 220.21
bird 0.526484 0.00 74.84 32.93 199.47
sheep 0.526366 219.72 116.49 224.00 161.90
bird 0.526291 74.37 101.99 128.38 185.41
bird 0.526260 0.00 126.76 18.97 157.82
bird 0.526230 11.76 212.22 59.89 224.00
sheep 0.526093 196.62 69.40 214.69 96.89
sheep 0.525944 100.05 110.38 169.77 193.10
sheep 0.525893 123.52 103.96 168.92 178.09
bird 0.525842 67.14 0.00 152.34 26.66
sheep 0.525529 154.60 72.53 183.94 111.44
bird 0.525439 0.00 137.62 32.43 224.00
sheep 0.525413 0.00 59.34 17.00 96.94
bird 0.525231 124.86 161.36 204.02 224.00
bird 0.525163 114.43 48.92 178.71 205.57
bird 0.525152 191.47 207.29 217.53 224.00
sheep 0.525141 140.00 130.62 191.40 207.29
bird 0.525089 94.92 0.00 179.29 26.68
bird 0.525063 122.56 157.97 173.16 222.50
sheep 0.524953 0.00 140.48 23.82 167.29
sheep 0.524827 203.22 205.01 224.00 224.00
bird 0.524719 157.14 172.46 224.00 224.00
sheep 0.524687 219.26 98.22 224.00 141.92
sheep 0.524564 0.00 116.92 18.28 150.58
sheep 0.524421 164.26 73.67 189.91 108.61
sheep 0.524408 216.58 87.52 224.00 132.88
bottle 0.524405 164.74 0.00 224.00 32.81
sheep 0.524395 136.74 95.51 172.77 171.53
bird 0.524340 35.30 150.74 62.63 174.72
bottle 0.524310 203.71 0.00 224.00 106.52
bird 0.524213 4.23 138.91 28.33 160.27
bird 0.524199 92.67 203.47 148.66 224.00
bird 0.524172 0.00 134.67 66.57 224.00
sheep 0.524120 32.03 74.65 52.34 94.28
bird 0.524078 56.50 181.21 129.09 224.00
sheep 0.524026 184.49 115.78 204.98 166.00
sheep 0.524018 219.61 178.97 224.00 215.91
bottle 0.523967 198.53 0.00 224.00 65.70
sheep 0.523938 186.32 91.43 205.87 132.70
bird 0.523711 100.00 84.42 140.51 144.42
bird 0.523677 0.00 9.29 29.49 130.32
sheep 0.523638 208.37 71.27 224.00 113.53
bottle 0.523632 141.11 0.00 212.40 28.86
bird 0.523597 120.73 198.74 172.11 224.00
sheep 0.523573 211.54 77.88 224.00 123.75
bird 0.523434 181.75 207.88 212.36 224.00
bird 0.523420 13.80 182.97 89.72 224.00
sheep 0.523381 78.63 98.76 109.30 138.06
bird 0.523359 69.92 191.84 134.25 224.00
bird 0.523349 6.49 0.00 75.21 28.58
sheep 0.523028 177.13 113.55 200.11 171.62
sheep 0.522948 0.00 26.50 16.49 62.47
sheep 0.522926 159.25 138.59 197.10 202.59
sheep 0.522899 125.01 70.53 171.57 114.38
bird 0.522891 163.16 205.59 200.94 224.00
sheep 0.522890 186.35 83.07 208.08 120.64
sheep 0.522827 195.45 193.43 213.60 220.31
bird 0.522826 28.53 0.00 154.56 121.37
bird 0.522763 77.60 74.87 149.36 202.30
bird 0.522757 37.33 0.00 117.45 25.99
sheep 0.522710 0.00 157.87 15.43 195.94
sheep 0.522683 137.03 73.98 173.40 134.40
sheep 0.522577 181.64 0.00 212.76 16.94
bird 0.522551 77.13 0.00 196.26 138.88
sheep 0.522544 190.35 73.65 208.72 101.52
sheep 0.522530 30.06 68.65 52.29 88.67
sheep 0.522515 5.12 144.35 27.88 164.81
bird 0.522486 120.08 0.00 200.21 27.39
bird 0.522474 143.88 39.55 199.38 201.57
sheep 0.522444 187.18 102.22 205.13 143.56
sheep 0.522295 0.00 62.76 27.26 94.64
bird 0.522280 144.15 202.34 191.21 224.00
sheep 0.522278 86.56 34.31 112.64 56.79
sheep 0.522267 196.38 60.80 216.84 90.09
bird 0.522131 31.85 136.62 61.34 164.90
sheep 0.522131 189.14 117.60 209.32 162.27
bird 0.522113 26.85 33.89 93.63 155.28
sheep 0.522110 0.00 167.21 14.60 204.20
bird 0.522110 0.00 91.12 74.58 216.32
bird 0.522074 26.97 105.62 108.73 219.64
aeroplane 0.522017 217.61 7.69 224.00 44.24
aeroplane 0.522010 57.31 0.00 93.24 15.36
sheep 0.521966 158.75 104.65 192.50 168.25
sheep 0.521961 0.00 148.36 16.71 186.20
sheep 0.521945 192.35 76.51 213.96 109.09
sheep 0.521921 0.00 105.69 17.75 141.30
sheep 0.521813 0.00 40.30 16.31 79.57
sheep 0.521808 117.83 149.36 176.27 221.09
bird 0.521801 0.00 141.73 17.93 176.17
sheep 0.521757 0.00 72.83 18.38 109.44
sheep 0.521704 141.84 81.94 177.28 154.41
sheep 0.521635 201.13 70.46 219.73 102.08
sheep 0.521629 148.43 116.36 191.93 189.87
sheep 0.521624 178.54 74.49 199.98 103.69
sheep 0.521596 137.52 0.00 174.26 15.14
sheep 0.521428 27.19 73.30 47.36 94.02
aeroplane 0.521376 217.23 0.00 224.00 35.33
sheep 0.521361 220.00 166.34 224.00 210.47
aeroplane 0.521310 216.80 12.60 224.00 55.92
bird 0.521285 80.04 96.81 125.77 153.78
bird 0.521284 107.91 43.71 166.53 177.34
bird 0.521171 0.00 0.20 15.55 37.38
bird 0.521113 118.15 16.65 183.77 138.90
aeroplane 0.521091 81.03 0.00 116.50 15.25
sheep 0.521086 0.00 90.75 17.64 124.33
sheep 0.521011 0.00 11.04 15.75 47.53
sheep 0.520998 213.62 0.00 224.00 28.44
bird 0.520961 130.87 0.00 169.50 14.95
bird 0.520947 59.86 153.40 121.26 221.03
bird 0.520945 33.22 105.38 57.23 134.40
sheep 0.520888 0.00 160.76 25.91 194.15
bird 0.520848 42.33 189.47 107.40 224.00
sheep 0.520809 31.99 97.26 55.05 122.43
sheep 0.520704 170.05 128.41 198.26 190.58
bird 0.520687 45.26 137.19 93.64 181.73
sheep 0.520657 217.02 21.28 224.00 69.32
sheep 0.520639 0.00 185.83 14.14 222.43
aeroplane 0.520624 48.27 0.00 83.75 15.53
sheep 0.520622 194.36 182.80 212.42 212.52
sheep 0.520597 217.31 35.98 224.00 81.45
bird 0.520584 89.65 74.96 118.59 119.91
bird 0.520564 79.89 175.42 146.93 224.00
sheep 0.520550 195.81 0.00 224.00 20.09
sheep 0.520510 94.95 149.58 160.40 224.00
sheep 0.520398 0.00 83.82 24.51 115.22
sheep 0.520382 181.76 129.54 203.12 182.18
sheep 0.520353 175.26 142.43 202.71 197.32
sheep 0.520341 191.01 103.43 209.20 141.52
sheep 0.520271 178.89 100.09 199.71 148.73
sheep 0.520256 186.22 193.82 207.70 220.75
bird 0.520213 0.00 12.80 52.72 140.07
sheep 0.520210 181.21 23.95 224.00 168.52
sheep 0.520133 38.89 0.00 73.92 16.58
sheep 0.520130 1.55 171.20 28.61 202.03
sheep 0.520097 155.23 0.00 188.51 15.41
bird 0.520090 84.04 73.77 110.79 111.08
sheep 0.520063 84.35 81.17 111.82 121.97
bottle 0.520040 181.25 18.32 224.00 157.65
bird 0.520015 57.33 35.16 114.67 148.81
bird 0.519884 62.91 15.53 118.01 116.52
sheep 0.519833 145.46 74.41 182.85 130.15
sheep 0.519778 71.69 106.34 106.44 143.51
sheep 0.519772 30.28 0.00 65.71 17.11
aeroplane 0.519756 95.70 0.00 131.88 16.55
sheep 0.519755 0.00 99.29 23.18 130.51
sheep 0.519746 32.38 79.26 52.74 100.42
bird 0.519746 34.13 166.45 118.57 224.00
sheep 0.519672 0.00 0.00 33.03 17.63
bird 0.519590 32.48 120.08 61.15 152.91
sheep 0.519582 166.31 0.00 198.31 15.82
sheep 0.519533 13.46 0.00 50.93 15.87
bird 0.519504 33.37 112.43 59.77 144.13
sheep 0.519472 31.48 86.75 53.30 110.66
sheep 0.519467 0.00 53.59 28.15 86.87
sheep 0.519429 19.28 28.75 53.18 54.65
sheep 0.519396 175.22 89.25 198.72 136.50
sheep 0.519386 208.69 191.61 222.60 219.93
sheep 0.519349 189.98 68.15 211.89 94.65
bird 0.519342 106.61 0.00 185.01 96.68
sheep 0.519301 181.66 180.14 206.31 213.85
sheep 0.519271 60.29 76.83 80.56 96.56
sheep 0.519271 6.08 96.61 27.49 119.32
sheep 0.519251 188.91 145.05 208.15 193.65
sheep 0.519021 173.08 80.89 199.04 121.67
aeroplane 0.519001 105.74 0.00 141.54 16.04
bird 0.518981 54.91 197.03 123.73 224.00
sheep 0.518946 58.10 110.16 87.45 145.05
sheep 0.518847 3.06 178.76 31.47 207.31
aeroplane 0.518827 116.09 0.00 152.47 15.32
sheep 0.518678 156.14 76.99 189.89 125.75
sheep 0.518661 83.06 37.27 107.49 59.47
bird 0.518646 95.55 73.78 133.53 120.43
sheep 0.518621 189.58 131.52 208.08 178.46
bird 0.518548 79.65 21.04 134.45 118.57
sheep 0.518531 76.45 33.46 102.01 54.50
bird 0.518530 0.00 171.76 64.99 224.00
sheep 0.518458 3.51 188.35 32.67 218.42
sheep 0.518416 81.33 90.00 110.75 130.99
sheep 0.518415 54.60 0.00 92.00 41.66
sheep 0.518312 8.44 66.85 33.79 89.38
sheep 0.518273 57.26 70.68 79.06 90.55
sheep 0.518229 31.65 182.19 72.11 208.70
sheep 0.518213 6.42 87.20 28.93 111.76
bird 0.518193 64.29 0.00 126.73 76.53
sheep 0.518173 82.20 66.72 109.50 102.85
bird 0.518163 32.85 127.49 63.69 159.74
sheep 0.518160 0.68 121.44 27.63 148.74
bird 0.518143 50.99 119.94 89.21 166.51
bird 0.518118 13.29 140.55 42.06 159.28
sheep 0.518103 157.83 85.15 190.05 143.26
bird 0.518059 125.46 70.69 169.06 117.60
bird 0.518056 98.14 178.44 160.86 224.00
bottle 0.517987 112.10 0.00 195.27 102.48
sheep 0.517933 152.54 167.77 191.56 216.48
sheep 0.517899 68.18 31.48 90.69 54.30
sheep 0.517894 32.03 174.06 65.55 202.18
bird 0.517876 28.21 145.68 57.62 166.10
sheep 0.517865 8.62 72.83 32.33 95.40
sheep 0.517851 70.06 76.71 94.15 101.67
sheep 0.517821 27.18 78.27 47.27 100.04
sheep 0.517795 77.85 75.96 106.48 105.07
sheep 0.517783 162.37 155.52 198.47 211.81
sheep 0.517756 8.72 164.54 32.18 192.79
sheep 0.517752 67.38 70.21 91.24 95.10
sheep 0.517732 26.26 97.59 47.89 120.24
sheep 0.517708 167.43 66.50 192.34 101.07
bird 0.517704 55.91 113.83 88.13 154.52
bird 0.517665 90.66 54.44 149.04 173.98
sheep 0.517653 177.83 191.79 202.03 220.58
sheep 0.517649 58.79 29.18 79.08 54.27
bird 0.517610 15.02 146.27 42.68 163.47
sheep 0.517594 10.46 174.80 37.07 200.87
sheep 0.517583 6.70 153.99 28.64 181.36
sheep 0.517576 25.99 86.71 47.27 109.41
sheep 0.517567 158.38 65.69 185.89 105.19
bird 0.517536 118.24 128.74 198.49 224.00
sheep 0.517522 81.42 27.20 109.51 53.19
bird 0.517502 69.31 56.38 129.18 177.45
bottle 0.517497 137.44 12.88 207.48 144.14
sheep 0.517479 21.81 57.03 48.28 81.45
sheep 0.517455 17.79 67.83 41.58 87.43
bird 0.517440 98.51 40.34 152.26 145.59
bird 0.517428 77.47 39.16 129.28 144.59
sheep 0.517391 43.13 0.00 79.33 40.72
sheep 0.517390 4.66 103.35 26.40 127.43
bird 0.517348 152.97 142.50 221.81 224.00
sheep 0.517343 148.96 65.23 180.53 108.53
bird 0.517298 33.59 155.15 59.28 182.33
sheep 0.517276 23.86 190.45 66.91 219.45
sheep 0.517256 180.63 27.70 212.43 58.91
sheep 0.517247 75.53 69.05 103.22 97.94
sheep 0.517243 130.99 31.16 157.20 55.44
bird 0.517157 38.50 204.57 105.57 224.00
sheep 0.517114 175.15 161.95 204.44 209.80
sheep 0.517070 171.22 175.20 200.11 214.57
sheep 0.517045 21.46 0.00 61.41 39.94
sheep 0.517017 120.28 31.31 142.81 54.61
bird 0.517005 77.19 0.00 143.90 80.34
sheep 0.516987 44.11 76.82 64.50 93.71
sheep 0.516974 65.50 23.19 91.17 51.01
sheep 0.516967 120.56 39.28 142.72 62.08
bird 0.516910 161.93 186.30 194.37 222.11
sheep 0.516900 11.13 181.72 41.23 205.85
sheep 0.516815 191.66 166.38 210.91 207.34
sheep 0.516813 197.26 73.53 218.79 110.28
sheep 0.516799 111.82 38.87 135.22 60.97
sheep 0.516795 126.09 31.40 149.93 54.69
sheep 0.516782 37.00 183.33 85.28 211.70
bird 0.516778 27.29 105.81 49.61 130.74
bird 0.516728 135.42 178.41 183.95 224.00
sheep 0.516720 74.76 26.36 103.31 51.90
sheep 0.516717 179.18 68.79 202.54 96.72
sheep 0.516667 35.35 192.73 88.25 223.13
sheep 0.516639 138.64 30.63 165.40 55.43
sheep 0.516626 7.45 78.67 30.57 102.96
sheep 0.516622 18.88 73.70 40.81 93.30
sheep 0.516505 53.93 19.94 78.68 51.31
sheep 0.516488 0.00 28.36 37.50 57.05
sheep 0.516476 16.84 97.99 37.19 117.67
sheep 0.516447 19.74 175.81 52.50 200.63
sheep 0.516443 64.41 0.00 102.36 42.11
sheep 0.516430 131.30 40.02 157.25 65.07
bird 0.516430 62.71 140.71 112.56 206.95
sheep 0.516425 42.09 71.41 64.28 88.53
sheep 0.516410 15.81 16.32 55.12 51.57
sheep 0.516408 110.13 31.72 134.99 54.96
sheep 0.516342 209.44 182.53 221.35 212.43
sheep 0.516331 203.59 117.97 216.52 161.02
sheep 0.516315 11.10 189.99 43.94 216.97
sheep 0.516249 19.37 182.27 56.61 206.46
bird 0.516174 11.77 132.30 40.20 154.17
sheep 0.516120 140.30 40.11 165.96 66.25
bird 0.516071 30.83 15.27 89.42 121.92
sheep 0.516071 125.82 39.89 149.49 63.16
sheep 0.516070 183.13 41.41 212.00 75.05
sheep 0.516040 209.43 147.58 220.43 193.38
sheep 0.516030 7.29 56.88 35.09 81.95
sheep 0.516027 36.44 173.82 77.22 205.39
sheep 0.515987 123.97 74.04 165.17 131.82
sheep 0.515974 0.00 41.76 30.95 75.74
sheep 0.515933 204.76 125.85 217.36 169.67
sheep 0.515930 67.16 57.15 89.46 83.99
sheep 0.515926 185.20 6.57 210.44 26.48
sheep 0.515917 19.31 205.84 70.03 224.00
sheep 0.515904 1.90 111.15 26.43 138.76
sheep 0.515900 0.00 34.01 34.37 64.90
bird 0.515849 53.05 0.00 139.52 34.62
sheep 0.515846 131.41 22.82 159.05 47.35
sheep 0.515800 59.45 105.62 86.19 134.80
sheep 0.515799 193.28 203.32 215.27 224.00
sheep 0.515788 124.56 84.04 162.47 152.53
sheep 0.515760 15.39 0.00 57.61 25.98
sheep 0.515752 203.98 52.61 220.05 88.34
sheep 0.515747 32.17 163.68 60.88 193.24
sheep 0.515737 61.21 35.08 78.03 59.45
sheep 0.515735 194.27 53.37 215.86 85.05
sheep 0.515709 177.22 41.56 202.68 70.65
sheep 0.515697 16.88 88.18 38.09 109.11
bird 0.515692 30.76 149.74 57.25 171.45
sheep 0.515672 96.69 32.56 125.50 55.05
sheep 0.515652 87.75 54.56 113.24 89.89
sheep 0.515600 86.70 25.42 118.55 54.43
bird 0.515593 91.54 0.00 163.07 84.60
sheep 0.515582 60.07 11.37 91.60 48.37
bottle 0.515542 173.20 0.00 224.00 109.54
bird 0.515540 98.59 0.00 188.15 51.11
sheep 0.515511 138.08 22.40 166.39 46.91
sheep 0.515494 184.92 15.12 211.22 35.61
bird 0.515487 25.42 130.82 55.96 156.19
bird 0.515401 78.53 0.00 169.04 41.26
sheep 0.515363 136.32 5.25 170.01 25.20
sheep 0.515352 17.09 36.17 48.16 57.91
bird 0.515310 49.11 164.08 102.65 215.83
bird 0.515257 38.26 112.96 68.03 145.57
sheep 0.515253 62.28 81.20 80.73 102.92
sheep 0.515209 140.79 58.61 172.82 102.87
sheep 0.515153 87.57 41.24 111.41 67.30
sheep 0.515145 57.21 58.14 76.92 81.43
sheep 0.515131 138.09 14.56 168.35 36.46
sheep 0.515128 182.41 20.09 211.87 45.56
sheep 0.515114 99.14 38.47 125.24 58.81
sheep 0.514999 39.32 26.64 66.09 55.12
bird 0.514976 25.05 122.02 53.60 149.81
sheep 0.514953 47.70 9.64 78.37 47.47
bird 0.514890 26.80 113.37 51.79 140.78
sheep 0.514881 16.24 105.22 37.24 126.57
sheep 0.514812 75.53 55.96 102.11 84.79
sheep 0.514790 32.44 0.00 71.08 28.89
sheep 0.514773 206.88 133.90 218.58 178.92
sheep 0.514766 141.12 49.84 168.62 84.03
bird 0.514746 107.66 58.16 141.57 102.39
sheep 0.514743 19.22 165.86 48.27 192.08
sheep 0.514678 16.79 150.06 43.72 169.57
sheep 0.514668 72.85 81.08 98.56 108.32
sheep 0.514659 0.00 21.48 39.36 50.42
bird 0.514633 35.11 162.67 67.66 195.15
sheep 0.514590 70.14 14.73 103.43 49.77
sheep 0.514569 35.39 16.64 66.37 52.05
sheep 0.514565 200.31 89.11 216.21 131.10
sheep 0.514536 40.28 107.07 67.80 135.86
sheep 0.514495 18.11 79.49 39.63 100.37
bird 0.514492 41.17 169.91 91.08 210.47
sheep 0.514349 187.48 55.17 211.85 84.18
sheep 0.514320 203.69 101.12 215.33 140.29
sheep 0.514315 149.70 30.43 174.97 53.40
sheep 0.514298 119.63 22.65 143.89 48.99
sheep 0.514283 18.99 42.45 49.09 70.71
sheep 0.514168 6.87 206.18 47.51 224.00
sheep 0.514156 151.22 40.46 175.54 65.63
bird 0.514142 6.91 0.00 67.91 89.99
sheep 0.514038 178.35 55.20 202.75 82.01
sheep 0.513953 151.49 51.22 176.97 83.84
bird 0.513952 11.26 122.95 38.74 147.88
sheep 0.513949 108.04 22.83 135.86 51.00
sheep 0.513858 18.62 14.98 56.34 39.67
sheep 0.513804 128.18 58.35 163.90 102.23
sheep 0.513784 62.14 87.35 81.30 113.00
sheep 0.513712 42.48 34.53 65.32 60.35
bird 0.513710 36.55 150.84 72.32 184.70
bottle 0.513707 108.72 0.00 198.80 53.52
sheep 0.513686 130.58 48.83 159.52 82.18
sheep 0.513669 18.67 155.99 45.65 180.44
sheep 0.513648 111.59 46.38 137.52 74.88
bottle 0.513624 164.40 0.00 224.00 61.37
bird 0.513570 33.45 0.00 91.74 79.70
sheep 0.513557 74.28 85.85 102.89 116.39
sheep 0.513537 127.49 14.71 155.02 37.83
sheep 0.513528 117.37 47.35 143.66 78.10
sheep 0.513487 148.03 22.28 174.76 44.48
sheep 0.513480 60.49 97.15 83.73 124.28
bird 0.513479 177.19 202.93 205.01 224.00
sheep 0.513463 8.45 43.61 39.11 69.99
sheep 0.513458 78.09 16.15 110.41 50.82
sheep 0.513440 171.65 40.39 194.07 66.25
sheep 0.513371 94.61 55.98 121.32 92.47
aeroplane 0.513328 84.53 0.00 120.31 41.38
sheep 0.513315 28.48 59.14 55.99 81.76
bird 0.513273 42.61 144.62 131.30 224.00
sheep 0.513222 210.98 168.96 220.24 207.10
sheep 0.513216 174.00 29.83 197.94 52.00
sheep 0.513190 30.37 155.15 56.67 181.05
sheep 0.513188 169.46 52.82 192.52 81.29
sheep 0.513162 13.93 113.31 37.88 138.17
sheep 0.513151 102.60 58.04 134.74 97.55
aeroplane 0.513140 128.11 3.61 159.35 26.11
sheep 0.513126 78.52 0.00 114.46 41.47
bird 0.513078 0.00 0.00 55.83 51.92
bird 0.512850 50.80 148.77 99.88 203.44
sheep 0.512830 161.55 51.62 185.05 82.19
sheep 0.512798 12.93 23.58 51.75 45.70
sheep 0.512775 145.99 14.20 175.11 34.85
sheep 0.512725 92.43 42.76 116.87 66.35
sheep 0.512692 44.27 80.73 63.77 100.44
aeroplane 0.512685 90.20 0.00 129.50 25.96
sheep 0.512682 70.46 0.00 110.62 26.45
sheep 0.512657 162.91 39.97 185.92 64.68
sheep 0.512605 59.88 42.21 76.74 68.27
sheep 0.512601 122.66 48.14 150.45 79.64
bird 0.512542 38.95 157.58 80.52 198.94
sheep 0.512525 41.67 98.53 66.25 124.15
sheep 0.512505 41.02 59.66 63.63 81.33
sheep 0.512419 74.28 94.65 106.05 126.38
sheep 0.512418 120.78 13.96 146.07 40.92
sheep 0.512406 0.00 13.40 39.75 41.90
sheep 0.512328 117.19 58.09 153.48 102.29
sheep 0.512259 162.97 29.96 187.68 51.68
sheep 0.512248 197.35 37.80 219.58 79.19
sheep 0.512159 68.58 40.32 88.91 67.88
sheep 0.512089 194.28 1.19 218.03 28.21
sheep 0.511892 101.84 44.83 128.16 69.57
sheep 0.511856 0.00 2.33 38.74 31.09
sheep 0.511738 176.02 23.26 201.31 42.56
sheep 0.511733 24.40 33.35 56.30 60.47
sheep 0.511649 107.38 13.08 136.39 44.82
sheep 0.511608 43.38 87.94 64.26 112.10
aeroplane 0.511589 120.10 1.32 148.72 28.99
sheep 0.511502 101.27 83.30 147.22 149.15
sheep 0.511502 94.03 13.54 127.10 49.57
sheep 0.511426 161.82 22.84 188.29 42.93
sheep 0.511239 42.06 44.21 64.04 70.32
sheep 0.511142 191.64 9.70 217.26 36.89
aeroplane 0.511102 105.22 0.00 137.03 33.40
sheep 0.511037 189.40 22.15 219.01 65.36
sheep 0.510824 76.58 40.03 101.59 67.12
bird 0.510707 22.07 0.00 97.23 34.44
sheep 0.510621 159.01 15.03 187.16 33.59
sheep 0.510573 176.38 16.02 202.72 33.15
sheep 0.510470 187.77 13.75 217.96 49.60
sheep 0.510059 155.72 3.98 185.04 22.53
sheep 0.509044 174.51 5.14 201.48 22.39
