bird 0.638751 30.66 24.41 224.00 137.35
bird 0.605404 26.94 55.66 222.00 166.08
bird 0.567159 2.59 61.02 171.85 180.28
bird 0.562161 27.63 130.04 120.77 194.33
bird 0.560724 64.54 53.60 171.20 117.41
bird 0.556031 66.00 75.42 167.13 128.87
bird 0.553677 68.14 28.36 200.14 122.99
bird 0.551273 83.02 66.29 181.83 121.59
bird 0.550480 75.53 34.29 167.82 102.57
aeroplane 0.549780 82.28 21.24 163.40 86.08
bird 0.548437 64.72 89.12 158.09 139.31
bird 0.545160 68.78 0.00 210.32 100.63
sheep 0.544777 13.37 118.36 107.52 178.07
bird 0.544444 22.07 92.58 145.04 178.67
bird 0.544240 83.04 87.93 182.23 130.27
sheep 0.543809 87.30 58.45 185.91 118.99
bird 0.542231 19.02 117.02 111.50 174.22
bird 0.541190 38.56 123.30 126.73 177.58
bird 0.540980 47.57 46.19 189.52 137.86
sheep 0.540028 12.55 108.66 92.90 161.13
sheep 0.538706 91.59 80.00 185.74 126.84
bird 0.537041 3.09 106.29 137.39 196.28
bird 0.536263 70.24 110.28 147.94 142.97
dog 0.536219 0.00 210.65 36.63 224.00
dog 0.536015 12.61 130.42 87.10 190.20
dog 0.534716 16.75 213.90 59.54 224.00
sheep 0.534518 15.51 135.84 97.45 196.06
dog 0.533811 0.00 207.04 19.59 224.00
dog 0.533405 29.37 212.46 69.08 224.00
dog 0.533222 159.55 35.37 224.00 152.25
bird 0.532724 40.11 212.16 78.65 224.00
bird 0.532640 4.54 141.80 130.54 224.00
dog 0.532496 206.62 209.32 224.00 224.00
bird 0.532456 49.08 114.05 133.64 159.11
dog 0.532172 2.85 213.18 48.52 224.00
bird 0.532102 56.11 64.27 137.39 117.62
sheep 0.531435 13.35 93.53 98.05 146.76
bird 0.531385 51.01 72.23 103.39 122.02
sheep 0.531366 83.34 44.22 178.05 105.61
bird 0.531154 49.04 211.94 88.96 224.00
bird 0.530384 63.39 60.58 111.32 101.88
bird 0.530057 76.75 0.00 195.86 69.12
sheep 0.529489 187.51 214.18 218.10 224.00
sheep 0.529010 213.52 135.38 224.00 159.80
aeroplane 0.528973 209.05 0.00 224.00 22.04
sheep 0.528960 196.20 213.10 224.00 224.00
bird 0.528916 27.47 101.08 104.45 159.42
person 0.528818 184.87 183.11 224.00 224.00
bird 0.528815 55.17 72.87 141.55 136.28
bird 0.528566 33.41 86.32 101.60 147.79
bird 0.528355 6.80 161.30 105.19 224.00
sheep 0.528297 195.98 140.03 210.64 155.46
bird 0.528180 63.53 212.30 104.81 224.00
dog 0.528053 0.00 169.62 61.77 224.00
sheep 0.528033 30.48 82.42 104.60 134.94
dog 0.528017 217.45 79.00 224.00 108.76
person 0.527675 0.00 0.00 43.54 37.59
bird 0.527610 48.50 173.57 165.06 224.00
bird 0.527593 52.13 100.34 138.10 150.65
person 0.527360 158.60 0.00 224.00 69.32
sheep 0.527337 153.49 22.78 207.61 81.28
dog 0.527247 179.99 213.81 212.30 224.00
bird 0.527075 19.31 117.69 174.23 208.57
sheep 0.527066 18.16 92.07 83.40 133.67
bird 0.526812 95.58 153.76 134.23 179.35
dog 0.526812 7.50 145.24 72.37 193.30
aeroplane 0.526770 91.52 23.20 151.91 70.95
sheep 0.526745 194.59 134.42 210.92 151.52
sheep 0.526384 104.41 93.23 181.15 135.93
aeroplane 0.526361 108.08 17.30 180.91 72.39
sheep 0.526354 21.77 84.66 93.02 124.60
bird 0.526336 60.31 139.29 127.33 181.33
bird 0.526226 91.02 146.12 137.17 174.70
sheep 0.526223 133.35 16.13 198.84 73.83
sheep 0.526199 0.00 165.86 90.31 224.00
sheep 0.526172 214.77 140.90 224.00 165.90
bird 0.526116 71.88 182.33 181.47 224.00
bird 0.525988 80.62 212.25 117.18 224.00
dog 0.525959 164.42 213.76 197.95 224.00
bird 0.525934 0.00 54.05 204.86 224.00
bird 0.525849 33.51 82.59 207.95 189.33
dog 0.525798 147.96 1.66 224.00 133.09
sheep 0.525699 165.35 19.85 205.69 69.32
bird 0.525434 7.27 15.69 173.71 156.54
sheep 0.525284 12.46 151.30 74.33 198.91
bird 0.525234 33.72 0.00 127.88 32.27
sheep 0.525231 123.55 80.39 200.74 127.17
dog 0.525108 155.48 214.11 188.64 224.00
sheep 0.525077 216.07 121.19 224.00 150.33
bird 0.524555 18.39 0.00 101.70 24.90
bird 0.524539 50.25 0.00 154.87 45.29
sheep 0.524471 0.00 0.00 24.21 19.29
cow 0.523956 0.00 56.12 51.03 147.94
person 0.523857 0.00 43.06 42.73 137.36
aeroplane 0.523810 189.05 105.30 224.00 222.76
bird 0.523801 122.68 213.60 159.64 224.00
bird 0.523778 97.94 212.51 134.38 224.00
bird 0.523704 114.14 212.85 150.98 224.00
sheep 0.523681 147.29 214.51 181.17 224.00
sheep 0.523566 189.80 140.32 206.03 155.93
bird 0.523550 36.43 145.61 109.68 200.61
dog 0.523543 168.88 29.97 206.47 75.98
boat 0.523263 0.00 0.00 62.83 28.80
bird 0.523256 74.77 134.49 138.27 175.23
sheep 0.523228 21.20 74.39 61.73 98.50
cow 0.523162 0.00 83.48 72.84 159.82
sheep 0.523157 197.12 132.00 224.00 224.00
bird 0.523074 131.12 214.36 167.55 224.00
sheep 0.523063 0.00 120.06 35.86 151.26
dog 0.523040 220.00 13.02 224.00 44.16
dog 0.523004 80.11 26.37 209.47 145.89
aeroplane 0.522932 21.02 66.89 56.52 90.40
dog 0.522806 218.03 64.65 224.00 93.00
sheep 0.522793 0.00 94.88 75.97 165.44
sheep 0.522677 99.16 29.75 181.30 92.81
sheep 0.522655 188.38 134.73 206.44 151.92
aeroplane 0.522640 31.14 33.53 54.49 53.58
dog 0.522627 219.57 4.90 224.00 36.12
bird 0.522485 66.27 52.19 102.91 94.34
dog 0.522367 188.88 81.79 210.68 103.42
bird 0.522360 97.22 160.40 131.77 184.10
sheep 0.522303 40.60 76.50 108.68 119.29
sheep 0.522197 18.16 86.79 72.99 118.84
aeroplane 0.522132 181.90 0.00 210.54 19.36
dog 0.522100 220.00 27.31 224.00 62.56
sheep 0.522067 203.57 138.11 218.67 155.89
dog 0.522053 218.62 90.55 224.00 125.27
sheep 0.521971 4.90 122.35 51.04 150.76
dog 0.521915 8.09 169.62 59.11 200.60
bird 0.521895 24.19 71.82 134.17 158.65
sheep 0.521875 218.50 111.74 224.00 144.38
sheep 0.521859 22.23 80.31 73.95 111.52
dog 0.521845 218.93 55.21 224.00 84.02
aeroplane 0.521839 23.70 33.84 47.26 52.86
dog 0.521799 215.24 0.00 224.00 28.48
dog 0.521719 4.16 166.42 51.98 191.52
sheep 0.521719 0.00 105.92 32.07 141.35
aeroplane 0.521699 173.91 0.00 203.52 19.29
aeroplane 0.521665 69.71 84.88 206.57 201.26
aeroplane 0.521594 175.19 79.11 224.00 200.37
bird 0.521521 116.15 139.38 164.62 182.52
sheep 0.521521 179.59 80.03 207.73 105.83
sheep 0.521463 216.71 146.67 224.00 174.99
person 0.521392 0.00 0.95 37.79 101.04
aeroplane 0.521363 15.70 67.30 49.50 87.02
sheep 0.521318 0.00 63.63 27.15 88.76
bird 0.521293 29.25 151.29 165.80 224.00
sheep 0.521267 25.89 66.47 63.14 93.79
sheep 0.521244 202.59 133.06 219.12 152.71
sheep 0.521217 0.00 30.12 27.13 53.95
sheep 0.521208 7.46 66.74 38.00 85.68
aeroplane 0.521186 190.39 0.00 217.59 19.02
aeroplane 0.521173 7.92 33.36 33.46 51.59
aeroplane 0.521130 36.99 34.07 62.13 54.03
dog 0.521031 9.88 182.25 54.13 206.45
dog 0.521007 0.00 89.49 11.78 129.33
dog 0.520978 220.00 45.77 224.00 76.61
sheep 0.520967 197.38 143.39 210.30 158.84
dog 0.520957 200.39 0.00 224.00 20.34
sheep 0.520940 154.87 77.92 204.61 116.61
sheep 0.520884 10.01 114.92 73.30 150.82
sheep 0.520853 167.92 40.27 205.88 82.47
bird 0.520800 117.12 184.56 205.88 224.00
aeroplane 0.520639 65.43 32.14 88.57 59.20
sheep 0.520631 127.83 31.11 199.69 89.78
sheep 0.520585 219.28 100.15 224.00 135.51
sheep 0.520564 193.87 126.56 210.21 146.59
sheep 0.520552 217.49 185.07 224.00 208.38
aeroplane 0.520527 142.97 17.35 194.78 64.84
sheep 0.520455 0.00 164.60 38.86 190.65
bird 0.520454 69.30 42.38 96.63 78.37
sheep 0.520443 179.83 74.87 207.48 98.34
sheep 0.520401 4.39 110.04 50.03 141.02
dog 0.520366 0.00 60.43 12.73 92.96
bird 0.520362 49.33 0.00 170.37 79.98
sheep 0.520360 0.00 132.54 73.50 213.77
aeroplane 0.520353 16.41 34.14 40.46 51.87
bird 0.520300 68.85 122.66 141.33 163.85
aeroplane 0.520267 165.35 0.00 196.01 17.89
sheep 0.520253 215.97 194.39 224.00 217.69
dog 0.520241 188.44 76.70 209.63 96.43
bird 0.520220 68.01 49.31 118.92 96.74
aeroplane 0.520200 5.62 0.00 39.23 13.99
sheep 0.520165 0.19 0.00 33.93 15.17
dog 0.520084 4.90 176.50 48.50 197.89
aeroplane 0.520073 31.86 40.01 54.04 59.40
bird 0.520058 78.74 103.81 165.79 138.98
sheep 0.520046 219.15 176.62 224.00 202.25
sheep 0.520023 0.00 91.63 28.73 126.55
aeroplane 0.520023 130.26 0.00 163.74 12.76
aeroplane 0.519973 156.07 0.00 187.57 16.64
sheep 0.519970 10.85 197.21 52.75 217.78
dog 0.519949 4.28 156.04 55.47 184.02
sheep 0.519941 210.66 205.47 224.00 224.00
sheep 0.519845 136.01 184.55 218.93 224.00
sheep 0.519743 110.39 105.47 175.34 144.79
dog 0.519738 0.00 103.53 16.81 143.25
bird 0.519738 105.53 103.11 177.11 141.01
sheep 0.519581 0.00 134.99 39.45 164.10
sheep 0.519579 0.00 54.80 26.92 80.69
sheep 0.519577 220.00 166.19 224.00 195.29
aeroplane 0.519525 43.84 34.10 71.76 55.73
sheep 0.519511 124.48 65.92 198.62 113.31
sheep 0.519466 219.35 154.97 224.00 186.48
sheep 0.519464 4.66 136.55 53.69 165.93
sheep 0.519454 4.61 102.95 48.69 133.45
bird 0.519391 56.61 68.58 113.60 111.93
aeroplane 0.519391 146.35 0.00 179.24 15.14
sheep 0.519331 182.79 12.89 202.26 33.97
aeroplane 0.519313 98.60 0.00 131.53 12.26
sheep 0.519302 0.00 154.32 41.03 182.21
sheep 0.519298 12.07 165.30 66.46 202.96
aeroplane 0.519263 65.63 0.00 99.23 14.04
sheep 0.519245 8.90 73.07 40.58 91.82
aeroplane 0.519134 98.95 9.57 138.00 40.95
sheep 0.519131 0.00 38.01 26.97 61.97
sheep 0.519081 28.49 73.79 85.76 107.43
aeroplane 0.519077 50.08 0.00 84.26 14.32
sheep 0.519072 0.00 27.13 16.55 57.47
sheep 0.519057 189.77 164.26 224.00 224.00
aeroplane 0.519036 8.39 40.75 33.71 58.67
sheep 0.519002 5.96 57.02 36.14 77.44
aeroplane 0.519001 73.96 0.00 106.74 13.52
sheep 0.518975 31.54 66.04 78.90 97.50
sheep 0.518957 7.40 126.11 73.57 163.98
aeroplane 0.518887 105.85 0.00 139.86 11.59
aeroplane 0.518855 54.64 33.35 81.11 57.93
bird 0.518842 70.00 9.87 91.27 24.20
aeroplane 0.518821 90.83 0.00 123.45 12.84
aeroplane 0.518813 34.69 0.00 68.73 14.40
sheep 0.518798 178.72 68.29 206.58 90.98
sheep 0.518793 0.00 52.05 13.57 84.55
aeroplane 0.518761 24.06 40.07 46.98 58.20
sheep 0.518760 4.48 146.07 55.55 175.52
sheep 0.518752 0.00 144.59 41.27 172.88
sheep 0.518712 150.75 89.33 203.00 132.40
sheep 0.518683 0.00 69.76 27.93 95.79
sheep 0.518645 0.00 110.75 21.19 148.83
sheep 0.518626 0.24 174.28 37.29 197.46
sheep 0.518594 0.00 206.45 35.99 224.00
aeroplane 0.518541 9.75 9.64 34.86 20.86
aeroplane 0.518540 94.15 19.16 141.79 54.15
sheep 0.518534 11.96 102.81 70.34 137.13
aeroplane 0.518526 88.97 117.02 202.01 218.99
aeroplane 0.518514 17.24 0.00 53.20 13.93
aeroplane 0.518489 36.57 40.77 62.97 60.64
sheep 0.518481 0.00 117.14 77.63 190.58
dog 0.518408 0.00 73.19 12.16 109.37
sheep 0.518377 0.00 22.39 28.16 44.23
aeroplane 0.518318 95.24 9.60 129.62 33.80
dog 0.518279 174.27 19.43 203.45 55.36
aeroplane 0.518271 64.17 23.47 86.24 46.15
sheep 0.518255 4.71 95.05 47.31 123.67
sheep 0.518249 13.19 95.14 68.12 126.34
sheep 0.518222 182.74 0.00 205.75 25.15
dog 0.518216 199.64 81.17 218.91 104.27
dog 0.518216 6.62 133.42 72.36 171.97
aeroplane 0.518145 82.30 0.00 114.91 13.07
aeroplane 0.518126 20.63 56.03 53.12 80.72
sheep 0.518088 169.76 84.07 208.18 120.71
aeroplane 0.518069 7.58 24.64 33.89 41.75
sheep 0.518021 195.87 198.08 210.61 214.37
sheep 0.518008 0.00 83.02 28.37 116.32
bird 0.517986 116.74 131.69 169.95 166.96
aeroplane 0.517950 8.76 17.04 34.42 31.10
aeroplane 0.517948 14.65 56.92 46.04 77.96
dog 0.517947 5.91 185.91 45.60 204.65
sheep 0.517885 160.96 188.86 180.12 206.65
sheep 0.517805 162.28 198.37 182.47 219.09
aeroplane 0.517779 17.00 41.06 40.72 57.72
aeroplane 0.517776 43.75 160.18 105.61 214.50
sheep 0.517730 187.98 127.00 206.57 147.63
sheep 0.517698 46.06 65.17 99.03 101.06
sheep 0.517697 196.56 190.21 208.45 202.64
sheep 0.517668 0.00 35.16 15.58 65.68
bird 0.517651 123.67 154.24 160.42 193.38
bird 0.517634 80.08 62.23 212.71 179.44
sheep 0.517628 0.00 15.39 29.51 33.98
aeroplane 0.517623 78.41 10.44 101.46 25.23
sheep 0.517549 154.71 198.41 174.51 219.59
sheep 0.517522 175.90 57.75 205.75 83.65
bird 0.517479 62.47 10.15 84.68 23.44
bird 0.517478 125.19 145.68 167.51 188.30
aeroplane 0.517392 30.85 24.69 55.65 44.39
sheep 0.517364 0.00 19.65 17.69 48.31
sheep 0.517311 180.68 98.33 206.67 129.73
dog 0.517283 124.51 0.00 218.13 71.88
sheep 0.517276 150.88 187.49 171.48 206.30
sheep 0.517269 0.00 45.34 26.99 70.73
sheep 0.517216 205.79 141.98 218.39 159.60
bird 0.517165 66.26 149.44 124.27 187.31
sheep 0.517158 188.75 170.85 203.61 188.86
dog 0.517149 190.59 12.17 207.60 32.11
dog 0.517104 0.00 161.95 17.78 192.89
sheep 0.517099 131.42 156.84 166.60 194.44
sheep 0.517075 204.17 125.36 219.10 148.36
sheep 0.517072 0.00 124.93 25.41 159.96
bird 0.517052 73.21 41.09 115.81 82.70
sheep 0.517051 0.79 192.93 34.68 216.55
aeroplane 0.516996 23.47 24.96 48.26 43.23
dog 0.516961 170.61 44.69 205.22 78.25
dog 0.516952 181.12 19.47 202.63 43.08
aeroplane 0.516947 54.27 10.76 77.04 22.97
sheep 0.516945 0.00 190.29 12.00 220.79
sheep 0.516908 196.51 182.01 208.01 194.71
sheep 0.516902 1.43 182.86 36.40 204.37
sheep 0.516899 28.12 152.25 100.92 201.57
aeroplane 0.516853 105.24 7.88 150.78 48.33
sheep 0.516810 0.00 43.03 14.72 74.57
sheep 0.516795 11.17 65.13 110.35 155.66
aeroplane 0.516775 46.02 10.88 68.92 22.53
aeroplane 0.516749 6.94 47.32 34.77 66.97
aeroplane 0.516736 112.77 21.89 163.84 64.42
aeroplane 0.516710 76.42 32.13 114.18 65.23
aeroplane 0.516710 16.01 25.26 40.67 42.04
dog 0.516706 0.00 171.83 14.68 200.85
sheep 0.516689 152.03 68.72 206.64 105.73
aeroplane 0.516683 54.63 24.19 79.29 46.57
sheep 0.516669 194.03 115.16 209.62 139.67
bird 0.516646 86.55 35.90 214.93 146.33
dog 0.516636 187.06 70.14 208.16 89.21
bird 0.516632 98.33 143.41 162.22 177.79
sheep 0.516617 0.00 75.46 28.31 104.52
sheep 0.516592 5.49 86.10 45.66 111.99
aeroplane 0.516534 38.65 11.02 61.55 22.10
sheep 0.516526 11.50 179.83 59.63 208.19
sheep 0.516488 2.24 7.00 31.13 23.59
bird 0.516456 43.26 21.08 154.50 117.74
sheep 0.516446 190.97 0.00 212.04 24.03
aeroplane 0.516367 36.85 25.02 62.02 45.30
dog 0.516275 0.00 180.25 12.96 208.59
sheep 0.516226 195.60 171.11 208.05 186.73
sheep 0.516181 185.24 114.13 206.02 141.76
sheep 0.516178 189.46 158.13 205.07 178.17
aeroplane 0.516175 87.33 10.92 116.38 27.65
sheep 0.516168 0.00 12.83 18.21 38.49
sheep 0.516164 32.70 56.35 73.35 87.09
dog 0.516056 0.00 151.67 21.86 184.06
aeroplane 0.516007 16.07 17.70 40.63 30.58
bird 0.515958 55.71 41.71 86.39 69.27
sheep 0.515912 7.72 78.42 43.43 99.99
sheep 0.515902 45.22 56.97 92.31 89.87
aeroplane 0.515892 30.31 10.95 54.18 21.52
aeroplane 0.515889 44.20 24.87 70.08 46.32
bird 0.515848 116.47 123.23 173.04 156.26
sheep 0.515846 124.00 97.52 190.70 140.59
aeroplane 0.515831 71.15 17.22 90.67 33.53
sheep 0.515796 0.00 37.45 80.98 136.23
aeroplane 0.515748 14.72 11.24 40.03 20.00
sheep 0.515725 171.72 198.61 192.67 217.53
aeroplane 0.515709 43.09 41.20 75.98 63.51
sheep 0.515702 159.67 51.10 208.88 90.16
sheep 0.515680 178.96 17.85 201.40 43.74
aeroplane 0.515658 64.31 17.01 84.86 33.42
sheep 0.515575 0.00 141.75 24.82 175.01
sheep 0.515523 189.16 182.20 203.39 196.73
dog 0.515428 199.39 76.42 218.01 97.65
sheep 0.515415 156.93 178.13 180.63 200.11
aeroplane 0.515402 56.59 191.30 107.94 224.00
sheep 0.515394 191.44 100.89 210.40 127.50
aeroplane 0.515354 23.44 17.50 47.85 31.33
aeroplane 0.515340 129.91 19.71 172.60 56.43
sheep 0.515239 188.51 198.82 205.69 215.67
sheep 0.515186 190.45 147.84 206.10 167.11
sheep 0.515184 158.13 62.35 209.19 97.51
sheep 0.515175 189.20 190.59 203.71 203.89
sheep 0.515171 0.00 4.47 19.13 28.86
aeroplane 0.515146 31.32 17.36 55.23 32.91
sheep 0.515070 0.00 8.13 70.79 110.19
sheep 0.515034 171.87 189.91 191.26 205.02
aeroplane 0.514927 77.48 24.01 111.71 51.08
aeroplane 0.514919 15.61 47.20 43.02 65.98
dog 0.514910 190.48 19.51 206.39 39.29
sheep 0.514898 143.21 174.71 171.55 199.44
bird 0.514846 31.63 13.04 122.40 111.61
aeroplane 0.514837 20.92 11.27 46.70 20.20
aeroplane 0.514739 55.60 17.38 77.46 33.75
bird 0.514734 32.69 0.00 140.94 67.85
bird 0.514698 31.54 51.09 136.09 140.63
dog 0.514655 93.54 0.00 206.54 118.30
aeroplane 0.514654 38.42 17.63 61.85 33.76
sheep 0.514588 19.70 11.11 90.90 106.47
sheep 0.514575 147.24 198.68 168.76 219.51
sheep 0.514557 206.68 196.62 219.36 214.35
aeroplane 0.514522 22.29 45.90 49.77 67.21
aeroplane 0.514515 88.85 18.96 128.27 43.35
sheep 0.514503 196.82 148.04 210.16 165.30
bird 0.514461 22.38 47.01 104.27 134.97
sheep 0.514429 188.73 89.95 210.81 115.65
aeroplane 0.514353 46.21 17.55 69.13 34.00
aeroplane 0.514330 29.22 45.88 56.68 69.68
dog 0.514321 184.19 60.31 207.43 81.38
sheep 0.514312 144.66 186.24 165.63 205.70
dog 0.514296 206.13 7.92 219.49 32.17
sheep 0.514291 207.79 187.92 218.78 203.53
sheep 0.514211 151.60 165.59 180.38 193.26
bird 0.514147 58.51 49.72 96.80 82.77
bird 0.514094 82.68 128.92 153.63 165.40
aeroplane 0.514074 152.35 17.65 187.03 51.01
sheep 0.514066 195.57 158.52 209.00 176.33
aeroplane 0.514057 79.02 17.71 106.20 36.15
bird 0.514023 78.56 157.38 193.58 224.00
sheep 0.513959 206.86 114.50 219.44 141.30
bird 0.513865 103.55 195.43 138.07 224.00
bird 0.513846 128.66 168.41 159.08 199.32
aeroplane 0.513823 166.74 17.26 196.39 47.32
sheep 0.513775 183.06 169.46 200.18 189.19
sheep 0.513687 181.06 198.88 200.99 215.96
sheep 0.513565 171.40 180.59 192.30 198.49
aeroplane 0.513542 123.40 5.83 160.32 42.43
sheep 0.513452 126.35 149.34 170.73 186.27
sheep 0.513381 187.28 141.35 202.49 159.85
dog 0.513380 207.11 15.76 218.55 38.91
bird 0.513371 98.13 174.05 135.46 203.84
sheep 0.513367 177.83 138.82 197.62 154.62
aeroplane 0.513323 41.18 192.14 92.10 224.00
aeroplane 0.513279 176.22 10.12 197.00 31.94
dog 0.513256 187.10 23.55 206.38 47.88
sheep 0.513230 208.01 179.88 218.72 196.50
bird 0.513170 79.84 115.20 158.73 152.80
dog 0.513166 199.59 69.26 217.41 89.90
sheep 0.513153 181.99 190.28 199.54 203.41
sheep 0.513138 157.42 105.33 201.75 142.06
sheep 0.513131 182.12 211.73 209.36 224.00
aeroplane 0.513097 93.19 195.63 129.45 224.00
sheep 0.513064 152.38 123.73 224.00 224.00
sheep 0.513058 171.68 168.68 192.98 191.14
sheep 0.513018 137.60 198.46 161.69 220.14
bird 0.513006 105.75 155.47 152.43 186.87
aeroplane 0.512951 33.76 46.64 67.21 72.67
sheep 0.512914 123.09 134.21 175.08 162.00
sheep 0.512851 205.25 101.39 220.10 130.32
sheep 0.512824 182.41 181.21 199.80 196.71
sheep 0.512782 26.35 169.78 90.14 210.23
aeroplane 0.512762 60.51 169.48 114.89 210.65
bird 0.512727 124.37 197.10 152.76 222.24
sheep 0.512727 202.19 90.53 220.08 118.52
sheep 0.512708 184.58 156.59 201.14 178.90
sheep 0.512706 157.97 211.41 186.40 224.00
aeroplane 0.512680 91.32 173.90 128.91 204.30
aeroplane 0.512655 42.86 47.70 83.91 76.41
sheep 0.512641 119.55 126.39 176.11 153.48
sheep 0.512626 148.91 137.08 185.19 156.60
sheep 0.512620 207.43 147.15 219.04 167.79
aeroplane 0.512559 138.01 92.41 224.00 215.66
dog 0.512547 200.58 59.31 218.02 81.12
sheep 0.512502 134.59 184.03 158.87 204.87
dog 0.512377 206.70 21.32 218.59 47.78
sheep 0.512373 148.19 153.72 179.89 185.35
sheep 0.512317 173.47 135.67 199.80 150.89
sheep 0.512251 208.20 169.34 219.32 189.29
sheep 0.512221 169.48 0.00 195.48 22.36
dog 0.512116 179.77 48.30 206.87 74.67
sheep 0.512074 186.45 146.07 202.23 167.99
dog 0.511987 180.98 29.57 206.46 58.22
aeroplane 0.511899 102.65 0.00 139.97 18.85
aeroplane 0.511884 120.37 0.00 155.08 19.07
sheep 0.511880 0.00 0.00 66.56 56.04
sheep 0.511811 173.30 155.98 193.65 181.33
sheep 0.511783 142.96 132.01 186.83 150.68
bird 0.511780 19.86 0.00 110.28 55.03
dog 0.511738 204.24 28.73 218.91 57.75
aeroplane 0.511697 78.66 194.34 119.31 224.00
sheep 0.511673 125.86 161.00 211.61 224.00
aeroplane 0.511515 168.17 7.37 190.60 32.50
sheep 0.511464 147.24 143.35 180.67 175.80
sheep 0.511377 207.92 157.07 219.37 179.81
dog 0.511374 176.51 37.45 206.40 67.51
sheep 0.511329 13.11 0.00 84.03 51.95
aeroplane 0.511323 137.05 4.55 169.26 36.63
aeroplane 0.511297 116.62 64.45 224.00 188.49
dog 0.511265 200.75 48.63 218.61 73.67
sheep 0.511140 132.91 116.03 187.83 146.10
dog 0.511013 201.35 37.87 218.86 66.28
aeroplane 0.510965 155.12 4.82 181.30 33.66
sheep 0.510789 175.69 145.13 195.07 170.23
bird 0.510758 117.93 179.18 149.89 202.78
sheep 0.510528 166.78 124.23 201.50 147.22
aeroplane 0.510520 78.10 172.09 122.32 206.03
sheep 0.510392 28.18 194.14 80.67 224.00
sheep 0.510239 160.41 0.00 187.66 20.83
bird 0.510039 109.63 165.19 149.20 193.38
sheep 0.509909 16.21 196.73 64.88 224.00
sheep 0.509878 141.86 212.00 171.87 224.00
bird 0.509581 97.32 164.08 139.28 189.63
bird 0.509404 86.44 160.21 128.58 190.48
aeroplane 0.508925 136.60 0.00 169.32 18.18
