train 0.592996 11.55 36.25 224.00 186.28
bus 0.573605 58.10 26.96 223.43 198.06
tvmonitor 0.565075 183.96 143.35 209.79 195.21
boat 0.561820 76.93 38.48 218.38 205.04
train 0.561043 14.45 61.64 187.06 162.33
pottedplant 0.550143 211.68 123.96 224.00 157.90
person 0.549670 214.52 102.86 224.00 134.64
dog 0.549549 35.70 88.75 58.51 155.36
tvmonitor 0.548259 206.76 149.32 224.00 196.49
pottedplant 0.544643 205.03 124.03 220.44 156.24
person 0.544103 213.52 109.08 224.00 143.28
bottle 0.541127 41.91 100.16 58.43 162.33
chair 0.540338 187.07 127.39 207.05 163.51
boat 0.538722 10.17 72.67 197.86 186.50
dog 0.538300 112.23 207.62 163.85 224.00
dog 0.538196 28.62 84.30 57.58 142.41
tvmonitor 0.538076 208.34 206.15 224.00 224.00
dog 0.537773 174.23 27.17 200.55 64.51
bird 0.537345 215.08 90.29 224.00 122.27
bottle 0.537317 0.00 208.06 26.21 224.00
boat 0.537030 136.95 62.16 223.35 211.57
tvmonitor 0.536782 190.92 209.21 216.66 224.00
pottedplant 0.536273 191.78 126.44 211.12 159.35
bottle 0.536162 0.00 203.76 17.76 224.00
bird 0.535826 216.44 64.51 224.00 91.58
bird 0.535754 216.11 71.71 224.00 99.84
pottedplant 0.535654 201.95 129.10 219.20 165.55
dog 0.535280 185.12 66.84 203.66 86.79
tvmonitor 0.535141 183.61 209.50 209.89 224.00
tvmonitor 0.534819 189.69 144.11 217.50 194.86
dog 0.534819 37.67 104.18 55.47 161.98
person 0.534563 187.92 122.07 207.00 154.39
train 0.534155 10.41 85.06 136.97 179.33
bird 0.533714 215.78 80.97 224.00 111.66
boat 0.533040 0.00 30.83 224.00 200.59
pottedplant 0.532973 207.98 116.94 221.48 149.19
tvmonitor 0.532820 209.25 134.18 224.00 181.78
bottle 0.532578 3.32 211.39 33.82 224.00
dog 0.532570 181.80 64.86 198.50 85.07
train 0.532225 122.02 105.65 162.26 156.30
dog 0.532067 63.37 188.96 129.91 224.00
person 0.532053 212.00 101.85 221.63 132.26
tvmonitor 0.531984 0.79 155.28 20.40 190.53
car 0.531768 210.08 0.00 224.00 22.37
tvmonitor 0.531491 0.00 152.30 12.37 194.09
sheep 0.531135 217.41 58.01 224.00 87.12
boat 0.530998 98.99 9.00 142.11 27.47
dog 0.530855 33.54 180.94 114.73 224.00
dog 0.530768 4.27 90.71 25.23 119.53
sheep 0.530624 192.31 67.01 208.92 87.86
sheep 0.530300 186.11 71.35 203.39 89.58
sheep 0.530087 177.86 40.85 199.82 74.70
dog 0.530063 220.00 28.41 224.00 69.41
bottle 0.530022 38.32 108.84 54.77 168.48
train 0.529864 14.39 112.67 118.61 202.33
dog 0.529855 91.86 193.47 157.04 224.00
tvmonitor 0.529703 176.52 208.14 202.79 224.00
tvmonitor 0.529671 191.93 169.73 224.00 224.00
dog 0.529436 23.75 87.13 53.15 126.31
dog 0.529108 0.00 88.22 16.10 123.15
person 0.529010 190.06 107.62 205.18 133.30
person 0.529003 189.38 114.21 206.06 145.59
car 0.528993 0.00 119.15 10.09 160.13
dog 0.528793 127.21 181.21 165.25 209.77
dog 0.528784 11.15 89.33 34.13 117.97
person 0.528698 210.98 107.99 221.40 141.28
sheep 0.528610 26.56 82.46 57.54 126.57
bottle 0.528576 21.42 175.85 100.24 224.00
tvmonitor 0.528496 0.00 125.42 10.52 168.56
car 0.528447 179.23 0.00 224.00 54.60
boat 0.528363 174.79 80.26 224.00 212.98
tvmonitor 0.528305 209.79 159.73 224.00 205.64
tvmonitor 0.528280 0.00 163.96 12.72 203.11
tvmonitor 0.528023 193.14 105.48 224.00 224.00
bird 0.527874 0.00 0.00 40.47 45.61
bottle 0.527745 10.94 212.37 46.35 224.00
boat 0.527619 57.97 0.00 137.74 31.50
boat 0.527601 100.25 13.70 135.50 32.63
person 0.527388 189.02 101.24 204.95 124.31
chair 0.527308 0.00 171.95 50.39 224.00
car 0.527200 0.00 176.74 73.02 224.00
person 0.527187 194.29 120.93 212.10 151.64
sheep 0.527117 218.86 48.89 223.62 82.86
dog 0.526525 123.91 189.02 159.16 216.35
tvmonitor 0.526496 1.93 167.62 19.56 198.36
aeroplane 0.526319 121.55 103.04 161.51 154.76
dog 0.526286 42.15 97.01 60.41 156.98
bottle 0.526206 0.00 170.45 12.69 209.76
bottle 0.526123 44.01 113.20 60.42 178.42
sheep 0.526105 0.00 59.80 22.67 94.39
car 0.526101 24.09 95.26 146.05 173.80
aeroplane 0.526006 44.83 146.18 85.46 200.66
tvmonitor 0.525815 0.70 122.26 18.96 154.91
bird 0.525788 0.00 0.00 51.27 113.34
tvmonitor 0.525715 210.89 196.00 224.00 224.00
person 0.525669 198.25 104.79 211.93 131.02
bottle 0.525636 19.27 211.49 58.19 224.00
dog 0.525595 179.40 54.59 199.52 80.38
sheep 0.525500 206.59 64.88 216.63 89.17
bottle 0.525489 0.00 181.70 12.05 220.00
dog 0.525388 0.00 54.82 10.04 96.06
bottle 0.525315 2.00 184.75 19.69 216.18
sheep 0.525314 0.00 54.70 58.07 139.57
tvmonitor 0.525285 196.63 135.63 218.11 182.42
boat 0.525265 0.00 0.00 19.58 23.04
aeroplane 0.525236 40.03 153.21 93.36 208.54
bottle 0.525221 37.74 210.62 89.69 224.00
dog 0.525198 167.44 0.00 204.00 15.04
car 0.525142 24.81 117.06 126.32 196.50
tvmonitor 0.524897 213.58 175.10 224.00 214.81
sheep 0.524852 2.06 69.66 23.14 107.49
bird 0.524841 0.00 40.48 62.33 134.83
cat 0.524828 167.88 208.65 197.09 224.00
boat 0.524773 94.02 0.00 131.54 16.82
bottle 0.524767 157.23 183.09 207.71 224.00
dog 0.524683 25.02 106.09 52.52 150.90
boat 0.524644 94.67 0.00 135.98 24.98
dog 0.524627 76.61 113.81 91.89 152.20
bottle 0.524560 136.71 189.73 194.92 224.00
boat 0.524545 91.64 0.00 175.27 33.15
dog 0.524460 220.00 12.26 224.00 51.70
bottle 0.524446 120.01 193.64 184.48 224.00
bottle 0.524441 1.38 174.12 19.32 205.25
tvmonitor 0.524440 0.00 135.10 19.67 173.29
sheep 0.524048 207.24 70.35 217.86 95.59
sheep 0.524035 31.91 58.17 57.40 94.94
dog 0.523993 0.00 64.99 11.56 108.26
car 0.523874 118.84 0.00 191.77 36.42
aeroplane 0.523573 83.40 110.97 98.95 153.74
aeroplane 0.523468 44.85 126.30 66.39 188.34
aeroplane 0.523389 38.60 138.80 59.23 189.75
boat 0.523363 137.09 0.00 202.57 41.14
person 0.523362 197.01 111.88 212.05 142.57
tvmonitor 0.523221 1.48 113.10 19.45 146.29
sheep 0.523136 181.98 55.85 203.69 80.84
tvmonitor 0.523105 3.68 159.30 26.12 188.68
dog 0.523084 215.75 0.00 224.00 28.82
bird 0.522887 0.00 4.45 84.07 124.56
aeroplane 0.522866 95.58 103.23 118.10 156.92
dog 0.522866 95.47 190.11 125.52 222.60
aeroplane 0.522849 88.16 106.45 106.91 155.96
car 0.522784 6.03 124.97 32.17 152.54
dog 0.522784 187.04 126.92 208.36 165.99
dog 0.522655 13.92 123.11 41.77 152.77
dog 0.522428 135.32 209.84 186.64 224.00
car 0.522427 0.04 101.12 12.10 141.70
dog 0.522396 0.28 94.13 13.96 131.87
dog 0.522373 220.00 0.02 224.00 40.02
aeroplane 0.522362 106.99 101.95 139.33 154.39
car 0.522319 182.43 2.19 224.00 95.87
dog 0.522174 141.53 27.03 174.11 59.45
dog 0.522141 24.10 118.99 48.49 163.96
dog 0.522132 116.72 189.59 151.77 219.70
aeroplane 0.522131 22.08 147.05 46.65 187.55
dog 0.522112 10.57 61.39 30.45 92.08
car 0.522093 173.27 17.40 224.00 125.63
person 0.522081 188.01 89.81 204.72 113.58
sheep 0.522026 0.00 52.41 21.88 82.31
aeroplane 0.522011 125.69 59.45 168.15 101.74
bird 0.521938 0.00 0.00 59.01 36.70
car 0.521876 19.94 148.91 108.69 224.00
aeroplane 0.521876 27.01 0.00 59.15 18.36
dog 0.521861 14.60 113.89 45.14 145.85
boat 0.521843 27.93 75.88 133.44 156.83
car 0.521813 157.83 28.52 224.00 154.51
sheep 0.521811 188.96 58.99 208.43 84.06
car 0.521782 75.42 114.51 90.45 157.89
dog 0.521737 84.05 189.76 118.64 221.32
bird 0.521726 23.78 73.92 130.64 161.29
aeroplane 0.521622 119.27 56.24 148.62 108.21
boat 0.521621 60.52 0.00 90.80 15.82
tvmonitor 0.521613 184.75 201.48 207.95 224.00
car 0.521584 133.92 25.60 166.42 56.38
cat 0.521506 0.00 0.00 175.46 177.93
dog 0.521427 0.00 47.15 9.68 84.96
bird 0.521371 0.00 0.00 43.06 80.97
boat 0.521355 106.79 0.00 147.84 16.07
car 0.521339 16.60 32.40 223.67 193.73
dog 0.521330 81.48 110.22 99.15 152.96
aeroplane 0.521318 8.45 0.00 73.21 34.04
bottle 0.521294 49.25 205.70 107.55 224.00
person 0.521284 210.98 90.00 219.85 119.61
dog 0.521280 120.42 103.06 168.24 156.08
aeroplane 0.521277 42.83 182.92 89.96 219.58
person 0.521244 184.11 101.73 200.90 126.75
sheep 0.521226 169.83 13.98 201.47 51.47
pottedplant 0.521218 23.97 0.00 92.96 32.50
dog 0.521154 3.62 80.66 23.44 114.73
boat 0.521107 105.84 12.22 144.42 35.59
person 0.521088 186.16 109.10 203.13 136.43
car 0.521046 4.69 132.39 29.99 161.01
aeroplane 0.521044 118.96 76.04 148.94 128.58
tvmonitor 0.521034 198.27 156.22 219.09 200.93
train 0.521032 70.83 51.38 212.27 187.11
dog 0.520983 103.66 187.15 132.92 221.86
person 0.520973 187.19 76.88 203.18 98.81
tvmonitor 0.520949 191.92 200.91 214.14 224.00
dog 0.520920 6.79 115.27 33.81 144.80
boat 0.520875 125.39 0.00 163.05 12.24
dog 0.520839 0.00 66.30 55.74 146.18
boat 0.520717 99.66 17.65 128.99 38.74
car 0.520700 0.00 135.87 45.64 224.00
boat 0.520646 94.58 7.64 130.60 31.51
aeroplane 0.520587 44.41 167.69 99.99 213.84
aeroplane 0.520551 1.21 0.00 200.11 190.92
dog 0.520540 140.70 50.94 177.01 86.93
dog 0.520504 177.41 64.33 193.56 81.32
tvmonitor 0.520487 2.66 150.29 27.33 181.84
bottle 0.520484 23.49 149.73 108.84 224.00
sheep 0.520472 169.25 4.79 201.62 33.17
aeroplane 0.520465 127.04 48.40 170.52 93.04
aeroplane 0.520409 35.69 0.00 65.92 17.32
tvmonitor 0.520375 203.40 199.44 222.67 224.00
dog 0.520366 140.88 61.54 175.63 92.54
dog 0.520361 0.00 76.22 14.18 116.24
aeroplane 0.520345 12.64 130.53 39.36 161.14
bottle 0.520340 25.02 188.00 51.08 219.82
dog 0.520329 0.00 29.61 8.27 67.86
dog 0.520327 61.92 201.65 114.44 224.00
aeroplane 0.520303 118.79 91.19 151.24 147.73
dog 0.520266 20.15 61.93 43.18 91.34
tvmonitor 0.520261 0.00 156.16 46.86 224.00
aeroplane 0.520227 52.48 0.00 82.51 16.46
car 0.520172 195.35 0.00 223.53 18.92
dog 0.520171 79.04 196.73 126.35 224.00
boat 0.520154 68.07 0.00 100.95 15.50
aeroplane 0.520129 31.92 185.51 64.24 220.80
train 0.520124 0.00 61.06 179.27 224.00
sheep 0.520071 165.15 0.00 202.44 18.51
person 0.520043 196.93 90.48 211.34 115.90
tvmonitor 0.519991 167.60 94.96 224.00 212.85
boat 0.519966 135.92 0.00 171.84 11.51
sheep 0.519960 0.00 43.17 20.56 73.69
sheep 0.519959 207.47 59.57 215.05 86.19
tvmonitor 0.519948 184.58 175.16 205.40 210.09
aeroplane 0.519863 44.13 0.00 73.44 16.73
dog 0.519862 74.89 88.76 91.13 119.01
sheep 0.519837 194.77 78.66 209.82 102.36
train 0.519828 29.84 81.14 127.67 150.62
sheep 0.519754 28.59 66.97 57.53 109.09
dog 0.519753 15.83 101.07 48.99 138.01
dog 0.519700 64.82 111.79 83.00 153.14
sheep 0.519653 209.72 79.57 218.41 107.62
dog 0.519649 167.99 107.65 187.06 136.89
dog 0.519561 151.85 26.26 184.13 60.40
dog 0.519537 10.78 70.20 31.32 106.90
cat 0.519479 148.48 156.70 193.84 200.25
aeroplane 0.519474 51.70 180.84 102.21 217.70
sheep 0.519464 0.00 34.41 19.15 64.84
aeroplane 0.519456 64.72 0.00 88.20 38.55
aeroplane 0.519446 138.85 20.36 175.65 52.85
boat 0.519413 10.81 157.68 34.70 187.71
car 0.519329 145.79 0.00 183.44 12.21
tvmonitor 0.519277 205.22 174.63 219.91 212.38
car 0.519235 177.90 0.00 214.65 17.47
car 0.519234 0.00 66.70 162.81 224.00
car 0.519200 125.57 22.29 152.81 52.59
tvmonitor 0.519149 3.16 140.36 27.94 171.89
aeroplane 0.519114 108.16 6.85 155.61 28.92
sheep 0.519021 0.00 27.54 18.14 55.75
boat 0.519020 78.65 0.00 114.43 17.53
tvmonitor 0.519015 179.07 199.30 200.60 224.00
aeroplane 0.519007 3.46 0.00 34.70 18.15
dog 0.518995 15.20 87.07 49.52 119.67
dog 0.518959 141.33 39.09 176.37 77.44
dog 0.518941 74.78 97.46 91.18 136.37
dog 0.518941 71.95 187.60 112.33 219.25
aeroplane 0.518938 97.27 33.47 119.53 54.38
dog 0.518920 61.62 184.56 105.33 217.53
aeroplane 0.518917 23.63 127.05 47.85 173.95
dog 0.518909 166.65 101.31 185.47 130.05
boat 0.518845 97.64 24.31 122.30 45.40
car 0.518845 157.85 0.00 197.46 13.19
tvmonitor 0.518781 3.12 101.80 20.95 135.42
aeroplane 0.518776 129.36 19.50 167.17 49.19
sheep 0.518684 0.00 8.68 18.10 38.19
aeroplane 0.518581 121.22 45.50 148.14 92.66
dog 0.518489 0.00 3.64 8.60 40.98
train 0.518393 115.78 101.05 153.40 152.54
dog 0.518341 0.00 15.97 7.39 50.07
boat 0.518339 118.90 85.88 207.34 206.29
aeroplane 0.518334 24.83 158.55 49.59 199.03
cat 0.518330 176.39 146.70 209.17 196.43
dog 0.518327 175.54 39.66 196.08 71.29
aeroplane 0.518265 134.45 30.52 167.60 65.63
sheep 0.518250 183.44 74.51 198.24 96.88
aeroplane 0.518246 25.21 172.55 51.11 208.65
sheep 0.518243 32.93 52.10 56.55 81.85
dog 0.518224 178.41 69.62 192.56 85.00
tvmonitor 0.518220 190.78 174.49 211.14 211.09
aeroplane 0.518211 10.79 0.00 42.39 17.18
bottle 0.518204 6.62 187.52 25.50 214.89
sheep 0.518200 0.00 21.77 17.33 46.94
person 0.518152 20.33 157.11 113.11 224.00
sheep 0.518139 164.23 23.22 201.97 59.14
dog 0.518033 0.00 0.00 13.77 29.84
person 0.517901 183.10 88.31 200.00 113.64
dog 0.517898 172.87 13.26 200.77 49.16
dog 0.517869 133.21 170.39 182.49 205.17
boat 0.517867 96.27 12.67 126.44 34.64
aeroplane 0.517823 31.24 27.40 55.65 49.37
aeroplane 0.517765 120.75 70.16 162.92 115.95
boat 0.517733 115.17 20.67 140.69 50.04
dog 0.517716 168.85 64.16 186.56 82.07
tvmonitor 0.517706 0.00 134.11 79.46 210.91
person 0.517706 53.67 169.47 123.05 224.00
dog 0.517686 61.89 89.98 82.12 119.98
boat 0.517672 110.05 15.47 141.50 42.06
aeroplane 0.517610 75.28 0.00 104.52 36.38
tvmonitor 0.517554 179.32 139.71 224.00 224.00
tvmonitor 0.517503 6.17 170.63 24.34 197.89
bottle 0.517449 15.58 188.83 36.96 216.71
car 0.517391 71.14 118.87 89.86 169.12
sheep 0.517389 0.00 0.00 23.66 26.33
dog 0.517380 46.25 106.02 60.53 167.01
aeroplane 0.517375 57.81 0.00 80.66 36.77
aeroplane 0.517337 121.66 27.40 142.59 60.37
person 0.517297 176.22 102.12 194.21 127.59
dog 0.517251 73.54 81.29 89.91 108.53
tvmonitor 0.517228 46.20 114.96 64.95 179.76
aeroplane 0.517227 34.23 168.14 66.66 209.50
aeroplane 0.517183 77.82 115.60 97.43 168.92
dog 0.517174 7.91 103.19 33.99 135.07
dog 0.517164 10.34 54.83 30.49 79.93
sheep 0.517152 0.00 0.00 70.15 81.20
dog 0.517151 159.14 62.66 180.36 86.42
dog 0.517140 27.51 54.50 51.17 81.43
person 0.517090 178.36 109.54 196.45 136.56
aeroplane 0.516965 112.78 12.33 154.54 38.23
aeroplane 0.516964 9.81 149.34 35.75 181.66
aeroplane 0.516947 119.44 16.52 153.37 44.83
dog 0.516933 53.94 173.33 103.52 214.08
sheep 0.516922 149.33 19.96 186.20 54.10
dog 0.516920 157.66 105.24 178.95 145.04
aeroplane 0.516891 82.02 112.46 105.12 168.65
car 0.516874 0.00 109.82 52.06 187.66
dog 0.516836 176.29 53.13 195.75 76.80
aeroplane 0.516820 128.76 28.51 154.44 62.69
sheep 0.516814 166.29 88.81 184.17 116.19
aeroplane 0.516769 130.39 37.32 169.81 79.88
aeroplane 0.516735 37.22 152.40 65.92 200.33
dog 0.516719 169.57 70.28 185.08 86.29
bird 0.516700 7.05 41.28 97.84 143.53
sheep 0.516657 130.52 103.01 171.24 151.50
aeroplane 0.516651 66.98 12.32 85.67 43.25
aeroplane 0.516643 10.94 139.10 37.44 172.34
dog 0.516637 168.21 31.53 194.58 63.31
aeroplane 0.516590 123.83 13.44 167.15 42.49
sofa 0.516577 153.06 151.81 195.22 198.06
dog 0.516566 5.91 30.68 27.13 49.93
sheep 0.516538 182.72 46.53 206.90 77.99
car 0.516521 0.00 117.06 85.62 187.84
aeroplane 0.516497 31.98 21.56 55.03 39.88
dog 0.516492 81.48 96.73 99.58 140.17
aeroplane 0.516430 136.05 13.19 176.66 45.29
sheep 0.516384 137.11 81.67 173.28 124.22
bottle 0.516375 6.04 177.47 24.23 205.51
aeroplane 0.516353 23.71 28.63 46.74 48.13
aeroplane 0.516336 31.31 8.12 56.25 32.36
aeroplane 0.516317 80.55 158.30 109.20 203.78
aeroplane 0.516276 120.31 6.14 165.99 30.52
dog 0.516268 6.73 38.22 29.18 61.78
aeroplane 0.516260 59.41 15.17 78.79 43.05
aeroplane 0.516240 68.21 19.98 84.54 50.53
car 0.516208 64.57 114.08 81.34 158.05
aeroplane 0.516166 67.43 56.90 81.08 78.75
aeroplane 0.516162 60.46 154.16 101.17 204.84
dog 0.516140 61.72 84.38 81.73 110.39
dog 0.516137 159.68 97.68 179.69 134.90
dog 0.516125 20.05 55.78 41.29 79.71
aeroplane 0.516105 98.24 41.89 117.44 63.44
dog 0.516098 158.02 51.69 181.98 81.50
aeroplane 0.516080 139.28 72.45 174.06 108.65
dog 0.516055 45.10 100.90 68.00 151.17
aeroplane 0.516007 66.60 50.21 81.56 72.43
aeroplane 0.515977 89.47 111.18 114.08 168.04
dog 0.515908 18.24 70.47 46.37 106.95
dog 0.515864 82.23 87.18 99.29 122.76
sheep 0.515859 160.37 86.13 179.76 119.79
boat 0.515839 100.43 35.25 212.32 164.88
dog 0.515838 160.90 68.69 179.58 91.23
aeroplane 0.515832 87.69 94.38 108.93 143.67
bottle 0.515815 39.06 201.05 88.48 224.00
aeroplane 0.515782 59.77 22.33 78.20 52.36
aeroplane 0.515774 124.04 35.67 145.92 74.66
aeroplane 0.515772 94.05 162.72 117.93 204.21
dog 0.515763 156.69 39.23 183.25 73.34
person 0.515733 90.58 170.51 153.82 224.00
aeroplane 0.515704 94.11 40.94 109.64 62.67
bottle 0.515689 27.91 204.75 64.86 224.00
sheep 0.515614 208.95 50.48 214.85 81.75
boat 0.515599 67.97 0.00 159.62 39.70
aeroplane 0.515577 111.69 64.65 138.93 110.90
aeroplane 0.515566 100.55 31.06 126.03 55.36
sheep 0.515562 20.16 79.08 53.28 120.26
sheep 0.515546 174.75 36.62 205.49 69.88
aeroplane 0.515543 110.47 57.30 136.73 99.88
aeroplane 0.515524 31.47 36.18 56.16 65.44
aeroplane 0.515507 15.50 30.69 35.94 47.01
train 0.515504 77.71 112.99 159.07 211.08
bottle 0.515501 13.12 205.63 41.24 224.00
aeroplane 0.515441 108.33 78.86 137.80 127.29
aeroplane 0.515382 89.20 84.86 109.27 127.53
aeroplane 0.515270 96.24 91.47 121.61 144.93
aeroplane 0.515252 38.40 20.61 60.93 38.41
boat 0.515251 40.85 35.21 181.56 147.46
dog 0.515240 175.38 88.37 192.87 113.56
aeroplane 0.515235 37.92 26.62 61.57 48.10
dog 0.515234 61.63 104.23 81.75 146.28
bottle 0.515218 15.09 176.75 35.55 206.67
sheep 0.515201 208.24 39.38 216.25 74.17
boat 0.515200 143.05 0.00 204.26 63.47
aeroplane 0.515172 62.68 132.32 91.07 188.07
aeroplane 0.515135 103.20 109.41 131.10 163.31
sheep 0.515119 207.04 29.80 217.78 66.37
boat 0.515092 101.39 20.92 132.90 47.40
aeroplane 0.515037 99.89 64.70 120.32 109.18
aeroplane 0.515036 78.46 46.82 89.18 68.17
boat 0.515019 14.27 167.23 34.86 197.77
aeroplane 0.515001 103.09 165.14 128.10 204.62
dog 0.514992 169.65 113.28 189.24 148.59
aeroplane 0.514992 37.41 6.04 61.73 30.83
dog 0.514961 161.32 74.94 179.45 102.73
aeroplane 0.514946 89.28 4.09 123.91 33.62
dog 0.514943 168.25 52.33 189.59 76.59
sheep 0.514942 39.60 61.27 63.74 90.40
dog 0.514937 95.04 170.65 119.00 213.77
boat 0.514902 140.13 13.91 203.78 92.30
dog 0.514884 8.92 46.92 30.74 72.81
aeroplane 0.514836 89.41 76.02 108.53 116.91
car 0.514803 11.85 102.40 89.95 170.04
boat 0.514785 117.16 0.00 195.14 48.03
aeroplane 0.514782 24.17 37.36 48.62 64.07
tvmonitor 0.514777 17.07 157.19 109.89 224.00
cat 0.514769 170.87 199.24 193.94 224.00
aeroplane 0.514751 45.79 18.70 69.28 39.67
aeroplane 0.514722 16.22 38.98 38.35 61.61
aeroplane 0.514706 53.82 130.97 84.41 189.11
aeroplane 0.514696 78.28 12.58 101.66 39.63
aeroplane 0.514677 78.15 52.65 87.72 75.56
aeroplane 0.514654 126.11 35.41 157.45 77.55
dog 0.514645 6.51 24.42 25.38 40.51
dog 0.514642 167.71 38.85 191.87 69.12
aeroplane 0.514557 98.10 81.73 121.51 128.84
aeroplane 0.514549 95.43 24.09 118.08 45.36
aeroplane 0.514525 99.83 55.93 119.52 94.30
aeroplane 0.514451 108.24 48.83 131.58 82.27
bottle 0.514436 154.39 142.08 203.88 224.00
aeroplane 0.514413 68.00 30.09 83.23 60.19
boat 0.514412 99.72 102.39 188.82 208.60
sheep 0.514401 170.43 30.22 204.32 63.31
person 0.514382 179.99 114.11 199.35 144.82
dog 0.514368 81.25 77.97 97.55 111.91
aeroplane 0.514363 25.25 22.70 46.31 38.38
aeroplane 0.514360 116.50 167.23 144.82 201.86
dog 0.514357 168.31 76.32 183.64 97.83
dog 0.514307 167.09 20.61 199.05 55.23
dog 0.514289 73.10 70.68 88.19 101.84
aeroplane 0.514266 107.44 27.79 134.62 58.07
aeroplane 0.514249 45.36 3.52 70.56 32.25
aeroplane 0.514213 127.33 130.14 159.07 178.91
dog 0.514180 104.81 172.95 128.96 214.20
aeroplane 0.514180 134.90 4.70 176.88 30.62
aeroplane 0.514165 88.37 42.72 101.51 64.37
aeroplane 0.514151 99.16 48.00 117.31 75.75
aeroplane 0.514127 51.37 61.21 71.49 85.45
aeroplane 0.514045 104.60 40.47 127.39 66.69
dog 0.514014 116.84 175.07 145.02 210.23
aeroplane 0.514013 78.81 38.47 91.72 60.52
dog 0.513996 147.93 110.15 179.03 160.29
dog 0.513962 170.53 118.87 190.38 160.06
dog 0.513927 80.19 175.68 113.79 222.35
aeroplane 0.513922 89.00 65.29 107.57 108.03
cat 0.513861 173.04 174.78 195.78 211.53
aeroplane 0.513856 92.89 47.20 107.09 73.83
sheep 0.513820 149.42 12.37 189.92 45.14
dog 0.513813 65.30 64.87 80.32 91.12
sofa 0.513810 135.49 164.87 180.81 204.85
aeroplane 0.513785 90.40 55.18 106.79 92.04
aeroplane 0.513779 66.18 40.95 82.07 67.54
tvmonitor 0.513733 24.00 72.02 112.16 149.23
aeroplane 0.513701 113.96 37.41 138.51 71.24
aeroplane 0.513687 32.15 45.50 56.71 76.46
aeroplane 0.513663 47.33 122.14 73.95 185.27
sofa 0.513627 171.26 125.88 192.12 171.56
aeroplane 0.513611 45.52 24.68 69.12 49.58
aeroplane 0.513597 71.73 129.01 96.84 184.81
aeroplane 0.513576 80.01 145.46 106.01 195.21
boat 0.513544 82.69 0.00 120.96 27.38
aeroplane 0.513538 76.06 60.00 87.34 88.88
boat 0.513538 55.38 0.00 150.06 95.27
sheep 0.513512 177.26 75.11 191.62 95.20
dog 0.513477 180.00 124.29 203.81 163.45
aeroplane 0.513460 50.67 54.11 72.94 78.21
dog 0.513443 180.00 119.17 201.93 152.61
aeroplane 0.513414 25.84 47.33 50.66 76.13
aeroplane 0.513391 79.56 19.20 99.03 44.98
aeroplane 0.513365 124.41 113.18 170.84 168.27
sheep 0.513269 43.58 90.24 68.00 125.33
aeroplane 0.513263 16.70 24.95 35.41 36.84
sheep 0.513253 35.13 68.66 61.85 103.33
aeroplane 0.513235 5.68 10.66 25.54 31.70
dog 0.513219 62.25 75.41 80.63 103.47
boat 0.513166 123.86 29.07 208.03 131.81
dog 0.513161 50.77 195.52 105.81 224.00
aeroplane 0.513129 89.66 34.45 107.77 54.97
aeroplane 0.513121 18.46 48.51 40.78 73.92
cat 0.513095 173.66 157.88 202.14 202.06
aeroplane 0.513049 25.07 10.45 48.34 31.24
boat 0.512991 112.79 22.36 197.45 91.48
car 0.512965 19.66 87.80 95.92 155.66
aeroplane 0.512945 118.03 109.91 151.61 159.20
dog 0.512773 80.71 66.32 95.59 104.45
aeroplane 0.512747 23.00 6.71 111.17 116.39
sheep 0.512731 154.30 0.00 212.01 66.68
sofa 0.512723 167.34 134.66 193.28 184.73
aeroplane 0.512625 86.76 48.98 96.88 74.45
aeroplane 0.512553 91.17 147.27 114.04 193.56
aeroplane 0.512541 79.78 127.11 103.97 182.16
aeroplane 0.512528 79.88 28.32 95.80 52.38
aeroplane 0.512504 134.65 154.35 171.42 194.27
aeroplane 0.512436 57.29 32.16 76.90 64.22
chair 0.512392 180.00 127.87 206.84 173.41
aeroplane 0.512328 83.42 56.26 95.10 90.10
bottle 0.512278 134.37 145.54 195.45 224.00
sheep 0.512211 29.73 77.60 60.63 115.73
dog 0.512121 50.50 107.19 68.00 159.11
sheep 0.512078 197.15 0.00 219.65 22.57
sofa 0.511982 180.00 131.96 210.28 184.61
boat 0.511868 107.90 165.93 176.29 224.00
aeroplane 0.511847 89.08 126.71 112.36 180.07
dog 0.511821 128.34 166.50 157.47 202.51
sheep 0.511769 132.34 0.00 173.07 14.87
aeroplane 0.511753 101.76 148.87 125.65 192.22
aeroplane 0.511719 39.23 55.07 63.98 81.18
aeroplane 0.511715 16.47 12.14 36.59 28.83
sheep 0.511694 150.19 3.77 191.93 29.66
cat 0.511612 160.69 198.52 191.24 224.00
aeroplane 0.511547 146.42 119.31 179.56 171.83
dog 0.511432 135.06 182.39 179.26 212.35
aeroplane 0.511427 22.40 0.00 51.12 23.34
cat 0.511266 159.30 177.20 189.34 213.02
sofa 0.511149 144.50 149.44 183.36 198.15
sheep 0.511133 206.03 13.09 217.92 47.53
dog 0.511084 134.24 199.99 182.61 224.00
aeroplane 0.511025 101.68 125.48 125.91 176.94
boat 0.510988 122.51 154.97 187.63 224.00
sheep 0.510977 202.77 0.29 217.25 33.20
sheep 0.510952 145.69 0.00 187.24 14.81
aeroplane 0.510892 52.25 43.92 74.68 73.33
boat 0.510771 83.72 16.15 187.05 87.71
sheep 0.510716 47.87 69.21 68.11 97.44
aeroplane 0.510675 91.95 16.72 118.78 40.23
aeroplane 0.510479 116.51 152.76 144.26 190.29
pottedplant 0.510476 43.88 0.00 130.37 52.45
aeroplane 0.510447 43.48 34.22 67.77 64.27
aeroplane 0.510383 116.79 127.11 145.47 175.50
sofa 0.510103 145.98 134.10 180.70 187.23
pottedplant 0.509926 18.90 0.00 95.77 65.55
aeroplane 0.509659 128.05 155.24 154.95 192.13
aeroplane 0.509659 132.62 131.47 174.59 184.69
sheep 0.509121 43.94 79.37 68.00 109.74
aeroplane 0.509120 39.88 46.23 64.96 76.15
