person 0.604026 100.65 56.47 182.73 140.96
car 0.602510 87.05 36.74 206.92 118.56
person 0.602508 48.98 107.89 86.92 201.79
car 0.602417 91.11 53.00 176.08 135.80
person 0.588653 57.93 101.08 96.79 192.58
person 0.586368 56.70 103.89 121.18 192.41
person 0.576701 107.41 75.32 148.42 142.59
person 0.574852 76.78 109.09 96.20 180.40
person 0.569940 63.61 110.11 90.17 186.49
person 0.567153 53.70 98.97 80.08 183.49
car 0.564824 98.22 60.02 214.70 134.07
person 0.564283 108.52 65.23 167.33 133.40
person 0.563114 80.21 111.84 102.86 175.26
person 0.560950 0.00 94.15 8.18 169.50
person 0.559574 72.44 105.48 88.39 178.74
person 0.559375 99.79 73.22 128.87 139.64
person 0.559004 111.80 45.08 204.91 120.31
car 0.557178 135.92 40.43 220.68 104.35
person 0.555741 0.00 76.96 9.08 145.26
car 0.555487 123.49 46.84 215.12 121.57
person 0.554328 90.18 113.77 113.58 169.42
person 0.552077 0.00 61.89 23.30 172.88
person 0.552006 58.53 112.49 168.65 194.06
person 0.551489 108.60 112.44 129.19 164.20
person 0.551407 80.31 99.49 96.85 167.62
person 0.549546 146.61 49.20 216.69 111.47
person 0.548687 0.00 48.97 12.26 100.41
person 0.548569 70.12 92.67 151.64 173.49
person 0.548085 60.29 97.60 79.20 167.82
person 0.547574 91.06 79.56 116.68 143.05
person 0.547187 1.78 82.20 12.29 156.73
person 0.546725 0.00 61.69 10.44 120.64
person 0.546717 0.00 113.75 8.98 188.46
person 0.546696 112.89 103.37 168.80 156.07
person 0.546529 2.08 95.71 14.64 178.47
person 0.546165 53.22 90.62 73.63 169.07
person 0.545473 55.02 127.93 149.50 218.07
person 0.545377 81.96 88.24 102.60 147.46
person 0.545273 40.58 156.19 193.33 224.00
person 0.544653 107.40 83.89 172.31 145.89
horse 0.544596 45.78 124.71 76.74 201.19
person 0.544585 0.00 93.94 22.94 192.06
person 0.544056 72.71 93.55 88.74 152.89
sofa 0.542751 46.43 166.48 197.43 224.00
person 0.541518 40.86 117.61 77.26 200.66
car 0.541423 160.02 50.73 214.69 103.42
person 0.540824 73.33 65.59 137.96 147.31
horse 0.540655 68.70 132.70 90.53 199.21
person 0.540489 114.77 117.19 147.73 162.19
person 0.540390 0.56 70.85 14.12 134.19
person 0.539985 118.35 116.41 163.01 159.68
person 0.539780 59.54 127.80 115.16 216.10
person 0.539699 108.81 98.11 135.60 159.71
car 0.539233 195.33 60.45 224.00 101.40
car 0.538499 158.81 49.31 224.00 129.17
person 0.537746 85.38 95.23 106.76 163.82
car 0.537548 38.08 142.57 200.44 224.00
pottedplant 0.537488 0.00 200.87 16.76 224.00
person 0.537235 27.73 121.02 55.36 199.05
person 0.537006 0.00 134.58 8.53 204.52
person 0.536456 0.00 79.89 36.82 182.69
bottle 0.536300 0.00 205.30 25.40 224.00
person 0.536262 60.97 72.49 108.89 156.79
car 0.535905 168.11 124.37 197.47 152.58
person 0.535844 95.19 86.63 121.33 154.90
person 0.534885 51.03 88.37 89.35 177.26
person 0.534732 49.70 89.23 66.53 151.74
person 0.534341 78.50 141.73 96.15 196.93
bird 0.534326 0.00 36.05 12.42 77.22
person 0.534166 32.45 108.97 71.98 192.46
person 0.533819 81.88 78.75 162.61 154.73
person 0.533700 9.64 102.69 28.56 186.02
person 0.533590 166.13 55.24 214.44 106.39
person 0.533556 63.80 90.24 83.12 147.74
car 0.533537 105.49 24.82 224.00 152.04
person 0.533476 0.00 120.46 26.40 215.25
person 0.533341 180.07 178.97 224.00 224.00
person 0.532305 79.93 210.55 122.29 224.00
person 0.532271 0.00 155.80 9.65 215.15
person 0.532237 209.82 206.40 224.00 224.00
person 0.532002 163.88 122.93 196.57 151.74
bird 0.531896 0.00 12.90 12.03 49.95
person 0.531887 0.00 169.13 35.55 224.00
sofa 0.531856 89.60 181.80 208.21 224.00
person 0.531795 44.00 94.83 66.41 164.97
person 0.531787 56.97 88.64 77.75 149.37
person 0.531768 0.00 45.54 16.31 84.20
person 0.531639 41.43 203.57 72.17 224.00
car 0.531457 169.70 72.22 212.93 121.47
person 0.531422 17.88 110.05 40.63 189.32
dog 0.531266 86.69 211.42 128.52 224.00
motorbike 0.531260 0.00 171.74 53.73 224.00
person 0.531108 1.75 105.80 41.60 192.29
person 0.530889 30.21 82.57 71.07 175.70
person 0.530679 48.81 204.73 84.34 224.00
person 0.530335 0.00 22.50 21.90 132.33
bottle 0.530257 0.00 178.89 10.84 224.00
person 0.530253 2.39 118.98 16.11 198.09
horse 0.530220 47.18 146.94 71.87 206.24
horse 0.530196 37.01 132.19 64.83 202.36
person 0.530079 0.00 0.00 18.54 28.33
person 0.529949 27.24 109.47 50.73 184.25
person 0.529871 0.00 0.00 91.52 141.49
person 0.529803 9.07 93.29 23.91 174.68
person 0.529794 120.28 41.31 173.73 111.77
motorbike 0.529735 116.34 142.78 162.86 180.12
person 0.529643 54.02 86.83 70.75 146.46
sheep 0.529638 0.00 40.71 16.25 75.21
person 0.529447 7.78 83.81 20.93 156.25
horse 0.529432 17.67 128.60 42.23 200.79
car 0.529229 172.80 85.14 208.87 132.38
person 0.529182 207.10 51.04 224.00 88.51
horse 0.529088 28.00 137.63 52.44 203.02
person 0.529073 0.00 0.00 40.69 41.73
person 0.529020 44.57 150.04 68.46 206.78
person 0.529001 44.00 89.91 62.18 146.90
person 0.528980 58.92 205.60 98.70 224.00
person 0.528934 43.48 183.22 62.87 214.40
person 0.528908 56.80 153.33 128.61 224.00
person 0.528814 68.04 207.13 108.79 224.00
car 0.528779 177.47 57.87 217.27 100.08
person 0.528768 43.90 168.31 65.05 209.58
person 0.528519 169.53 20.14 191.01 37.54
car 0.528478 209.01 0.00 224.00 19.47
bottle 0.528444 5.23 208.40 39.66 224.00
cow 0.528329 95.21 211.99 137.23 224.00
motorbike 0.528265 20.22 170.84 72.16 224.00
sheep 0.527940 0.00 17.79 16.95 48.09
person 0.527937 187.72 212.53 220.59 224.00
sheep 0.527917 0.00 33.42 16.33 65.74
diningtable 0.527788 28.49 110.11 164.88 224.00
person 0.527770 129.14 38.10 191.92 99.44
car 0.527673 218.00 165.73 224.00 196.17
person 0.527638 0.39 25.71 95.62 191.44
person 0.527545 135.58 212.39 176.05 224.00
horse 0.527542 57.99 140.02 84.31 203.40
person 0.527504 0.00 45.85 35.96 158.85
sheep 0.527476 0.00 0.00 15.03 35.05
person 0.527434 0.08 142.39 16.21 207.67
car 0.527345 167.12 115.27 200.66 148.44
person 0.527283 142.58 118.44 185.17 152.33
person 0.527105 33.89 94.65 52.47 153.15
motorbike 0.527101 118.81 154.50 160.05 188.29
car 0.527048 0.00 100.74 128.14 224.00
person 0.526966 196.59 210.35 224.00 224.00
person 0.526901 145.10 41.47 198.88 94.87
car 0.526715 199.81 68.17 224.00 111.69
bird 0.526633 0.00 25.38 16.52 56.37
car 0.526630 176.47 123.95 205.10 152.71
sheep 0.526618 0.00 10.36 17.32 40.38
person 0.526540 152.75 212.72 192.52 224.00
person 0.526511 176.81 20.32 198.22 36.80
person 0.526447 179.48 213.07 213.18 224.00
person 0.526370 84.68 83.88 109.19 140.23
car 0.526342 61.46 125.44 196.85 211.35
person 0.526305 166.07 24.80 192.17 48.00
person 0.526033 212.08 42.62 224.00 79.91
person 0.525998 83.17 130.59 104.02 184.14
car 0.525977 82.14 44.85 196.63 162.10
person 0.525939 101.09 47.19 118.03 107.62
dog 0.525935 104.80 212.03 147.57 224.00
person 0.525932 217.11 31.97 224.00 68.73
car 0.525842 178.77 0.00 224.00 56.69
person 0.525826 120.54 212.07 162.76 224.00
horse 0.525555 114.74 140.77 159.68 179.34
person 0.525511 36.66 152.88 60.05 207.98
person 0.525452 219.47 22.71 224.00 56.33
person 0.525396 114.24 128.46 157.37 172.68
person 0.525379 183.32 54.59 214.89 93.89
sofa 0.525278 141.11 181.16 224.00 224.00
person 0.525272 30.82 205.47 61.58 224.00
person 0.525271 17.14 102.23 36.18 175.55
person 0.525235 5.45 73.26 22.16 133.21
person 0.525228 74.61 84.27 93.00 137.55
person 0.525223 16.36 91.81 35.44 155.61
aeroplane 0.525173 196.56 152.10 224.00 224.00
horse 0.525139 47.62 165.79 69.61 209.04
car 0.525107 217.46 133.18 224.00 161.29
person 0.525105 39.87 163.08 97.26 224.00
person 0.525054 76.03 58.87 176.06 163.22
car 0.525038 136.28 65.89 199.25 124.31
person 0.524966 21.99 50.67 69.14 155.54
horse 0.524893 9.83 128.36 28.85 201.81
car 0.524876 217.52 125.15 224.00 153.49
person 0.524825 47.63 182.16 68.23 214.57
person 0.524642 102.58 53.21 121.48 121.46
car 0.524595 217.74 150.48 224.00 180.55
person 0.524437 85.13 151.60 103.04 193.04
person 0.524394 0.00 0.00 24.20 103.65
car 0.524337 201.21 127.77 224.00 224.00
person 0.524308 164.44 19.72 186.31 38.32
person 0.524295 47.47 135.80 88.69 215.57
car 0.524293 217.45 141.60 224.00 170.47
car 0.524147 194.89 100.36 224.00 184.86
aeroplane 0.524034 218.91 178.79 224.00 210.03
person 0.523978 32.80 87.60 53.75 133.87
bottle 0.523959 13.16 209.17 51.75 224.00
person 0.523950 113.16 45.80 137.05 113.67
person 0.523790 220.00 15.13 224.00 46.07
person 0.523787 5.49 72.17 131.27 220.33
person 0.523746 185.23 19.70 204.66 36.86
person 0.523598 91.09 52.15 108.14 99.96
car 0.523576 171.82 99.23 205.72 142.33
person 0.523517 173.49 25.59 199.53 47.10
person 0.523510 13.47 81.38 35.81 133.87
car 0.523494 0.00 0.00 58.30 33.30
car 0.523467 8.85 0.00 77.24 28.36
person 0.523254 46.65 55.48 98.52 155.59
person 0.523247 1.72 56.21 21.79 97.04
car 0.523191 179.79 75.96 224.00 155.11
car 0.523132 136.63 26.22 173.15 60.46
person 0.523107 92.52 57.87 111.77 114.90
person 0.523090 41.25 195.38 61.70 224.00
person 0.523050 106.10 0.00 179.21 71.33
car 0.523015 217.54 115.40 224.00 146.16
person 0.522980 170.98 13.60 190.23 28.02
boat 0.522921 60.35 0.00 93.06 17.80
sheep 0.522902 83.80 29.67 97.78 49.89
car 0.522875 34.54 0.00 115.40 30.26
sheep 0.522827 75.19 28.12 91.30 49.74
person 0.522794 127.50 124.28 168.51 164.30
bottle 0.522777 0.00 195.65 20.64 224.00
person 0.522742 161.01 113.55 200.55 150.12
person 0.522622 160.48 43.89 206.12 89.07
boat 0.522554 52.34 0.00 84.14 17.99
horse 0.522491 76.04 154.61 92.08 204.60
dog 0.522453 65.80 56.86 84.35 99.84
person 0.522441 146.08 80.14 197.92 134.93
dog 0.522346 82.41 55.13 99.68 96.84
car 0.522319 122.30 35.96 165.59 96.54
person 0.522246 29.42 155.78 52.54 208.11
car 0.522176 204.88 75.43 224.00 120.06
sheep 0.522149 55.38 9.02 76.62 30.82
person 0.522135 177.85 13.56 196.93 27.82
sheep 0.522064 50.78 10.42 66.43 29.54
car 0.522045 219.48 5.52 224.00 36.45
person 0.522043 152.13 24.09 184.74 53.61
person 0.521999 38.18 185.03 57.80 214.04
car 0.521937 130.22 25.83 161.74 57.76
car 0.521904 197.75 169.82 210.47 189.74
person 0.521882 182.61 25.79 205.95 48.20
bottle 0.521843 0.00 181.36 17.39 219.38
person 0.521838 83.33 61.40 102.00 110.89
person 0.521813 79.61 177.49 101.17 213.53
dog 0.521808 72.82 56.27 91.36 98.91
boat 0.521758 68.60 0.00 100.85 17.51
dog 0.521737 61.38 57.52 78.17 97.49
car 0.521559 215.96 102.71 224.00 138.40
dog 0.521530 0.00 31.01 37.69 143.15
person 0.521507 153.89 32.21 191.83 71.55
person 0.521507 185.69 12.46 203.43 27.62
car 0.521494 39.80 108.07 174.73 217.78
person 0.521486 43.75 47.91 139.28 180.94
horse 0.521461 53.44 160.32 76.22 207.99
person 0.521460 84.53 27.78 194.48 148.98
dog 0.521443 74.77 21.43 91.65 42.71
person 0.521441 86.80 163.70 103.65 198.54
car 0.521399 160.18 149.88 180.66 181.46
car 0.521395 187.03 125.85 209.58 149.96
person 0.521366 80.60 161.43 96.56 204.00
horse 0.521348 63.72 154.31 85.84 205.47
person 0.521344 0.65 146.80 48.61 224.00
car 0.521336 189.97 133.80 209.73 156.74
aeroplane 0.521299 218.97 187.40 224.00 220.97
person 0.521275 137.03 30.96 186.45 77.66
person 0.521176 18.94 155.41 43.83 208.27
car 0.521156 211.44 88.34 224.00 129.61
sheep 0.521127 45.73 0.00 75.36 18.34
person 0.521118 75.94 198.18 110.41 224.00
car 0.521112 137.66 22.91 168.14 47.24
car 0.521089 92.58 0.00 176.38 70.61
car 0.521084 162.84 127.97 187.59 162.50
dog 0.521078 65.34 20.95 83.71 40.21
car 0.521062 129.92 22.09 158.88 46.31
car 0.521044 196.67 160.34 210.88 182.53
person 0.520983 11.91 75.29 35.20 119.01
person 0.520981 76.16 172.51 94.95 211.48
person 0.520966 173.77 45.61 210.83 86.07
sheep 0.520961 84.90 36.76 97.60 58.36
dog 0.520918 62.60 7.20 85.92 32.73
sheep 0.520832 57.94 21.03 74.38 37.95
car 0.520817 174.60 0.00 203.60 15.57
person 0.520816 84.84 72.49 105.82 129.52
car 0.520795 132.66 30.76 177.54 79.04
person 0.520785 214.81 199.61 224.00 224.00
person 0.520723 134.37 106.83 184.15 150.73
dog 0.520670 20.84 36.18 72.26 144.15
sheep 0.520646 5.92 20.89 23.34 45.95
boat 0.520642 77.29 0.00 108.45 16.83
car 0.520580 181.94 0.00 210.67 15.68
dog 0.520509 83.30 23.23 97.60 43.65
person 0.520507 28.98 145.20 67.65 220.96
car 0.520504 166.79 0.00 195.72 15.19
sheep 0.520482 0.00 0.00 25.21 26.15
person 0.520475 149.65 126.15 180.34 162.74
dog 0.520400 65.68 28.20 82.36 49.03
car 0.520347 160.36 163.96 179.78 190.01
person 0.520346 107.04 14.75 193.95 107.99
boat 0.520335 110.17 0.00 142.07 14.52
dog 0.520296 50.09 8.75 120.02 121.08
boat 0.520294 124.56 0.00 156.33 14.15
person 0.520250 49.62 84.14 63.92 131.46
person 0.520224 98.67 157.13 113.01 188.73
horse 0.520205 54.44 178.28 76.58 213.23
person 0.520180 11.88 0.00 131.21 143.92
aeroplane 0.520176 198.46 176.33 209.74 195.81
person 0.520171 71.90 194.49 101.51 224.00
sheep 0.520156 5.79 13.24 23.87 38.55
car 0.520080 189.87 0.00 217.14 15.55
car 0.520074 50.79 0.00 143.15 42.52
car 0.520061 161.29 135.73 183.33 171.50
dog 0.520029 91.20 49.18 106.05 87.44
horse 0.519989 65.91 172.57 88.01 211.32
person 0.519968 59.38 0.00 177.62 138.44
boat 0.519940 85.55 0.00 116.10 16.10
car 0.519862 199.06 0.00 224.00 17.03
person 0.519836 192.78 26.13 211.34 48.84
person 0.519752 96.14 134.81 113.23 180.25
boat 0.519721 94.20 0.00 125.34 15.32
person 0.519714 186.44 47.30 213.29 83.37
person 0.519689 194.60 18.85 210.25 36.63
person 0.519628 42.61 85.24 59.97 129.77
sheep 0.519621 53.34 20.25 64.80 35.50
dog 0.519544 72.04 7.07 93.01 35.37
dog 0.519529 75.53 35.80 90.50 58.59
boat 0.519524 159.27 0.00 188.23 15.18
car 0.519494 192.08 140.47 209.80 164.12
person 0.519483 57.09 43.45 122.77 146.96
boat 0.519469 132.68 0.00 163.47 14.40
car 0.519440 147.88 147.29 174.03 180.64
person 0.519425 156.40 20.68 182.16 41.22
sheep 0.519424 39.46 0.00 67.57 18.85
dog 0.519395 83.50 51.16 98.34 84.26
car 0.519378 214.80 0.00 224.00 25.75
dog 0.519355 44.64 39.17 100.90 146.10
car 0.519326 194.68 149.02 210.12 173.37
cow 0.519317 84.23 183.65 109.45 215.41
dog 0.519224 39.81 2.69 98.79 116.93
sheep 0.519180 58.69 27.86 73.64 47.17
person 0.519156 62.92 193.02 92.51 224.00
person 0.519146 131.06 0.00 196.74 61.17
sheep 0.519129 46.12 10.98 58.53 28.40
car 0.519121 146.24 22.36 176.92 45.44
sheep 0.519115 1.46 43.53 21.24 71.42
aeroplane 0.518993 122.76 167.85 154.52 195.93
sheep 0.518992 0.97 49.57 21.26 80.99
sheep 0.518930 1.96 35.65 21.74 62.35
sheep 0.518914 3.70 27.89 22.49 53.93
person 0.518892 51.77 194.44 78.27 224.00
person 0.518865 119.83 37.28 153.74 92.22
car 0.518859 65.51 69.18 192.78 180.28
cow 0.518859 119.19 167.52 148.59 194.93
person 0.518765 110.89 138.03 131.04 178.06
aeroplane 0.518758 124.69 182.65 152.32 205.40
dog 0.518739 85.43 44.17 98.13 68.89
sheep 0.518724 90.81 30.15 103.55 49.59
car 0.518711 148.74 133.93 176.68 171.68
person 0.518681 166.67 13.86 186.13 29.16
dog 0.518649 57.14 58.69 70.46 92.31
dog 0.518540 73.39 52.55 90.40 86.35
car 0.518529 181.41 135.12 204.32 164.36
car 0.518504 144.71 0.00 210.47 57.10
car 0.518498 194.85 10.72 209.81 26.47
person 0.518448 29.70 73.99 51.11 110.33
car 0.518423 127.97 143.69 168.65 179.59
aeroplane 0.518421 119.22 181.19 144.52 204.17
cow 0.518407 8.52 152.82 28.32 208.28
car 0.518403 206.19 169.14 218.93 191.14
cow 0.518392 115.76 155.56 148.54 184.49
car 0.518357 170.13 131.07 199.20 162.46
dog 0.518335 41.54 56.85 56.78 85.60
dog 0.518322 40.51 51.15 56.23 76.29
boat 0.518319 141.92 0.00 172.01 14.63
sheep 0.518310 30.92 0.00 59.98 18.10
boat 0.518278 151.36 0.00 180.40 15.09
person 0.518243 99.58 169.70 112.97 195.04
sheep 0.518231 22.34 0.00 51.38 17.51
car 0.518192 167.04 165.14 188.58 189.55
person 0.518181 10.52 67.76 33.19 105.44
boat 0.518134 129.37 12.74 155.41 35.36
car 0.518133 47.56 66.80 157.59 191.47
person 0.518133 111.18 158.10 128.79 184.99
sheep 0.518079 14.55 0.00 43.61 19.33
aeroplane 0.518077 161.94 184.87 179.99 205.08
aeroplane 0.518073 169.44 185.55 189.17 205.06
person 0.518072 0.00 0.00 33.67 63.76
aeroplane 0.518018 161.62 174.84 179.59 196.89
dog 0.517984 59.62 45.58 75.16 72.98
dog 0.517961 59.46 36.17 73.57 59.15
car 0.517907 206.02 161.91 219.22 184.46
dog 0.517874 81.31 7.50 99.17 35.98
aeroplane 0.517866 198.96 182.95 209.28 202.06
sheep 0.517842 91.28 37.08 103.60 58.99
car 0.517836 149.67 160.45 172.79 188.52
person 0.517828 154.55 97.47 199.46 146.92
sheep 0.517826 102.00 28.65 116.22 49.72
aeroplane 0.517800 168.41 176.19 188.76 197.19
person 0.517758 67.40 19.01 147.33 124.29
car 0.517737 167.20 135.94 190.00 171.00
dog 0.517718 112.78 27.12 135.57 51.08
sheep 0.517675 23.88 13.16 41.21 31.77
car 0.517656 166.61 150.36 188.44 180.59
person 0.517653 167.37 34.14 201.61 68.35
sheep 0.517646 54.14 26.44 64.43 44.35
sheep 0.517602 91.96 43.88 105.01 71.50
person 0.517597 64.63 71.98 83.17 125.65
cow 0.517595 30.56 172.27 54.58 208.16
car 0.517550 97.38 6.29 191.66 102.36
person 0.517505 35.30 198.01 57.36 224.00
car 0.517495 125.06 29.83 158.23 73.49
car 0.517489 192.24 167.86 205.35 189.07
person 0.517465 27.09 63.82 47.44 97.34
person 0.517434 178.09 35.31 207.59 67.95
person 0.517427 189.86 36.20 211.53 66.86
dog 0.517424 114.05 38.91 133.47 87.78
sheep 0.517372 23.59 56.58 44.12 86.29
dog 0.517367 55.20 35.99 65.78 58.56
sheep 0.517350 52.77 0.00 81.50 22.09
cow 0.517307 98.33 177.38 114.32 202.07
sheep 0.517287 37.25 12.00 52.00 28.24
cow 0.517270 110.73 170.02 123.83 192.67
sheep 0.517254 7.08 0.00 35.22 22.69
boat 0.517178 122.09 10.69 150.65 34.92
person 0.517119 58.00 64.37 69.07 102.90
person 0.517119 59.16 72.12 75.64 124.03
dog 0.517077 65.09 36.33 81.25 59.13
dog 0.517045 19.65 3.23 76.87 114.48
dog 0.517041 75.15 44.49 90.23 69.80
car 0.517019 181.48 113.01 208.68 142.68
car 0.516995 191.16 156.56 205.04 181.32
dog 0.516980 91.23 23.83 104.02 42.86
cow 0.516929 93.93 188.72 118.19 216.33
person 0.516928 195.43 46.98 217.52 81.49
car 0.516897 206.49 175.27 218.52 197.14
dog 0.516875 55.37 46.45 68.27 72.83
sheep 0.516870 60.18 0.00 90.80 22.94
car 0.516855 201.98 135.15 220.41 156.32
sheep 0.516809 102.27 41.22 116.89 79.45
aeroplane 0.516805 192.52 175.38 204.48 195.73
diningtable 0.516796 123.70 198.80 155.88 224.00
dog 0.516770 119.13 25.98 148.59 53.25
car 0.516768 80.33 94.10 219.16 201.17
sheep 0.516764 12.31 14.40 30.87 36.54
boat 0.516741 138.38 14.40 163.16 35.19
car 0.516699 168.67 0.00 224.00 90.74
car 0.516658 186.81 143.56 204.65 172.30
dog 0.516636 117.95 21.40 147.22 43.37
dog 0.516589 0.00 0.00 44.28 113.34
car 0.516570 205.31 152.30 219.36 175.28
sheep 0.516563 48.62 18.93 57.81 33.39
aeroplane 0.516553 114.91 180.44 137.23 201.90
boat 0.516505 183.27 0.00 205.89 18.05
cow 0.516502 109.16 179.79 121.73 201.28
dog 0.516477 64.83 45.33 81.31 71.50
car 0.516416 203.36 143.06 219.82 164.91
sheep 0.516396 102.65 35.07 115.90 62.50
person 0.516307 8.48 61.26 31.12 95.94
aeroplane 0.516245 197.63 191.86 211.02 215.08
dog 0.516212 40.22 44.11 55.16 67.55
dog 0.516195 114.43 33.20 133.65 67.12
dog 0.516186 50.49 53.56 63.45 79.32
person 0.516159 203.18 25.15 217.53 51.78
sheep 0.516152 22.00 51.44 42.07 77.51
aeroplane 0.516146 167.71 196.53 191.66 220.64
aeroplane 0.516116 192.26 183.14 203.60 202.66
aeroplane 0.515963 159.00 197.01 183.34 222.03
car 0.515928 200.14 127.10 220.12 148.90
aeroplane 0.515895 180.48 184.90 197.47 203.37
aeroplane 0.515867 116.04 155.84 209.14 224.00
aeroplane 0.515821 178.91 176.37 197.91 195.47
car 0.515812 176.96 166.88 198.30 187.81
sheep 0.515810 8.99 168.32 29.30 210.29
person 0.515778 90.25 114.65 192.51 191.97
aeroplane 0.515768 190.19 193.29 204.40 216.17
person 0.515765 56.38 73.93 67.91 119.94
cow 0.515710 20.96 171.22 46.35 208.30
sheep 0.515667 39.64 19.49 51.33 34.04
aeroplane 0.515650 131.74 156.09 167.93 186.91
sheep 0.515607 9.78 184.24 30.03 215.46
person 0.515600 176.25 0.00 198.95 18.21
dog 0.515598 51.42 58.68 63.69 87.37
sheep 0.515589 25.27 21.61 40.69 38.99
aeroplane 0.515564 155.02 184.28 172.14 204.49
dog 0.515561 120.55 30.96 149.80 70.10
person 0.515535 42.81 65.52 56.86 100.11
cow 0.515491 31.68 186.13 54.99 212.80
dog 0.515465 39.89 34.20 53.04 55.18
sheep 0.515453 69.44 0.00 97.92 23.76
dog 0.515446 102.48 22.41 118.10 41.43
sheep 0.515423 12.44 22.73 30.30 44.35
dog 0.515380 112.60 21.50 137.55 41.32
person 0.515354 199.54 35.38 217.18 67.43
sheep 0.515251 49.09 25.07 57.66 42.53
person 0.515225 42.59 76.75 58.32 116.49
sheep 0.515211 40.02 24.91 51.57 42.89
person 0.515208 205.53 17.34 217.14 39.81
dog 0.515201 116.40 8.98 145.07 33.63
dog 0.515124 50.14 46.29 61.74 70.56
aeroplane 0.515104 112.36 193.30 140.21 220.15
dog 0.515090 49.72 35.69 59.18 57.22
person 0.515076 169.34 0.00 191.49 17.98
aeroplane 0.515064 179.65 194.85 198.80 217.57
car 0.515060 172.61 139.22 198.17 170.22
cow 0.515048 105.00 191.14 126.19 217.62
dog 0.514978 90.52 7.17 106.94 34.42
bottle 0.514947 8.09 200.40 34.04 224.00
car 0.514927 175.06 153.46 197.76 179.38
aeroplane 0.514877 153.30 172.57 172.20 195.61
person 0.514705 98.82 83.96 197.00 155.41
aeroplane 0.514661 207.22 181.94 218.32 203.75
sheep 0.514598 7.20 56.60 29.99 88.44
sheep 0.514595 22.57 44.23 41.02 67.88
aeroplane 0.514588 142.32 183.98 165.77 204.53
boat 0.514495 148.65 14.88 173.00 33.64
person 0.514469 50.87 75.94 62.38 116.82
boat 0.514397 159.47 14.34 181.37 31.23
diningtable 0.514362 150.66 197.26 174.88 222.59
sheep 0.514260 21.77 185.76 46.87 213.36
aeroplane 0.514214 152.28 156.98 224.00 224.00
car 0.514214 206.54 8.09 217.94 30.12
car 0.514112 142.47 73.39 216.32 140.02
sheep 0.514029 24.40 27.37 40.02 47.44
diningtable 0.514005 140.37 198.69 167.72 224.00
sheep 0.513933 23.28 35.42 40.09 56.87
person 0.513877 52.00 65.78 62.48 100.09
car 0.513876 128.33 8.33 206.40 103.11
sheep 0.513799 10.58 29.09 29.33 52.36
dog 0.513493 33.66 0.00 115.63 66.58
sheep 0.513421 9.23 36.73 28.82 60.62
diningtable 0.513410 191.71 207.15 215.79 224.00
dog 0.513363 79.15 0.00 105.12 23.11
sheep 0.513342 8.26 45.31 28.58 70.58
car 0.513149 196.44 115.63 218.95 141.52
dog 0.513137 101.60 6.97 121.50 32.95
dog 0.513092 50.46 0.00 146.46 78.44
aeroplane 0.513080 207.12 190.20 219.29 216.37
dog 0.512897 97.17 207.59 133.29 224.00
aeroplane 0.512823 137.94 169.62 166.45 194.36
diningtable 0.512541 183.66 208.89 208.57 224.00
person 0.512450 202.00 204.22 222.00 224.00
dog 0.511858 12.59 0.00 79.13 58.22
sheep 0.511797 0.00 0.00 54.29 62.07
car 0.511748 121.90 90.00 204.01 156.62
sheep 0.511725 17.84 202.13 48.95 224.00
sheep 0.511660 118.96 0.00 148.78 19.66
aeroplane 0.511656 122.03 121.64 203.10 199.62
dog 0.511618 88.28 0.00 113.12 21.11
diningtable 0.511568 113.78 210.97 154.03 224.00
car 0.511479 189.57 100.84 218.07 134.37
diningtable 0.511348 174.07 209.82 202.18 224.00
diningtable 0.511327 153.42 211.71 188.22 224.00
diningtable 0.511248 162.54 211.29 195.52 224.00
car 0.511076 181.15 84.26 217.71 125.68
diningtable 0.511064 126.94 212.00 165.67 224.00
diningtable 0.510895 144.11 211.87 179.70 224.00
car 0.510778 160.25 126.39 224.00 213.89
dog 0.510481 98.23 0.00 124.71 19.88
car 0.510198 153.46 94.30 222.22 167.45
sheep 0.509742 107.07 0.00 137.75 19.21
