person 0.651535 17.47 14.90 156.42 210.26
dog 0.620713 0.00 10.41 153.37 202.64
person 0.602504 65.48 26.24 163.78 204.38
chair 0.602187 62.47 28.87 172.01 203.03
person 0.584674 34.31 0.00 138.66 175.79
person 0.584041 104.35 34.97 211.97 210.51
dog 0.578638 0.00 2.22 104.94 182.01
chair 0.573807 127.83 30.81 220.42 212.41
bottle 0.566390 69.66 66.82 126.47 174.63
sheep 0.565023 5.90 30.74 137.00 208.42
bottle 0.564769 100.10 78.24 167.08 177.77
bottle 0.564017 57.38 53.97 121.76 147.49
person 0.562905 0.30 2.61 105.15 198.95
sheep 0.558002 2.98 55.54 61.20 98.68
bottle 0.556565 83.85 70.66 137.74 176.41
bottle 0.555359 37.13 29.77 104.17 68.20
sheep 0.554732 40.79 119.05 78.73 220.61
sheep 0.554298 68.05 75.42 120.39 179.84
sheep 0.554284 74.62 95.39 114.74 201.85
bottle 0.553943 62.70 63.61 111.41 133.49
tvmonitor 0.553410 126.04 24.26 159.33 53.98
sheep 0.553013 85.57 58.10 174.10 205.55
bottle 0.552865 80.04 93.03 118.44 201.46
pottedplant 0.551972 89.19 155.53 178.76 217.22
bottle 0.551870 80.61 56.41 127.61 152.32
sheep 0.549827 22.29 79.49 103.33 219.09
sheep 0.549141 37.75 102.37 74.61 201.56
diningtable 0.548277 0.00 1.25 143.70 128.79
bottle 0.547747 114.91 102.30 167.82 189.05
cat 0.547360 89.34 154.15 177.66 223.60
person 0.546931 145.97 37.60 224.00 207.21
dog 0.546635 3.89 50.80 63.99 104.30
chair 0.545336 5.02 0.00 153.63 131.77
sheep 0.544871 63.48 72.90 106.25 169.49
sheep 0.544482 31.77 120.68 65.09 220.77
diningtable 0.544457 107.29 31.81 207.73 200.12
bottle 0.544431 97.51 67.86 152.64 148.58
bottle 0.544066 5.96 43.07 61.58 100.81
bottle 0.543701 93.52 57.03 133.30 140.29
dog 0.542907 2.07 51.36 98.85 224.00
dog 0.542303 37.20 126.93 71.97 219.06
bottle 0.542102 0.00 0.00 9.71 55.76
sheep 0.542038 75.57 118.28 107.19 214.51
sheep 0.540123 0.00 61.35 52.11 108.78
sheep 0.539680 54.48 87.00 95.58 191.61
person 0.539459 124.27 0.00 224.00 188.88
sheep 0.539115 56.34 80.75 88.74 167.63
sheep 0.539033 64.27 111.77 101.61 211.32
sheep 0.538515 23.97 129.27 54.19 216.48
chair 0.538508 153.86 147.04 208.97 170.24
sheep 0.538354 89.11 116.95 119.92 211.89
sheep 0.538333 87.18 158.92 168.79 221.94
diningtable 0.538247 140.56 28.43 220.50 201.33
diningtable 0.537862 71.80 23.48 183.93 193.01
chair 0.537759 92.56 66.39 211.29 212.78
sheep 0.537390 46.39 90.07 81.93 191.39
dog 0.536995 40.78 49.01 129.47 224.00
bottle 0.536864 23.75 38.16 85.95 94.81
dog 0.536752 6.58 7.19 53.50 73.09
chair 0.536669 216.31 141.50 224.00 173.05
bottle 0.535656 89.84 97.98 129.45 198.36
sheep 0.535601 0.00 152.73 25.82 204.33
bottle 0.535459 6.43 23.90 59.69 89.66
bird 0.535457 0.00 204.12 18.94 224.00
person 0.535401 180.02 6.74 224.00 143.46
bottle 0.535313 116.07 74.71 161.54 152.52
sheep 0.535052 48.86 92.47 75.87 163.09
sheep 0.534983 130.79 138.47 197.93 176.39
sheep 0.534777 39.80 103.22 68.42 168.74
sheep 0.534602 117.64 119.76 177.25 184.91
sheep 0.534552 87.24 134.02 193.91 224.00
bottle 0.534276 59.62 63.37 97.53 120.51
cat 0.534229 97.11 129.85 142.36 214.50
bottle 0.534200 102.35 102.20 155.64 194.10
sheep 0.534081 57.54 64.67 101.91 117.74
chair 0.533941 174.95 89.81 210.48 133.83
bottle 0.533921 53.30 29.66 111.53 62.32
sheep 0.533912 46.19 109.51 88.63 212.35
cat 0.533605 114.47 117.94 170.71 190.75
sheep 0.533322 0.00 97.93 69.17 224.00
bottle 0.533315 0.59 13.62 44.07 81.07
pottedplant 0.533182 104.19 167.71 168.21 215.79
bottle 0.533138 179.57 210.88 212.36 224.00
sheep 0.532866 0.00 149.01 13.80 204.56
tvmonitor 0.532728 2.07 0.00 131.46 101.12
sheep 0.532707 189.22 210.59 218.82 224.00
chair 0.532530 211.46 205.38 224.00 224.00
bottle 0.532494 112.89 59.11 162.33 122.61
cat 0.532399 100.03 138.27 162.20 213.32
bottle 0.532380 151.67 209.87 190.24 224.00
sheep 0.532268 15.42 86.66 41.05 132.30
bottle 0.532248 169.83 210.60 204.60 224.00
bottle 0.532228 43.67 40.29 93.14 101.20
person 0.532171 9.20 0.00 126.74 91.28
chair 0.532135 215.62 89.98 224.00 131.81
bottle 0.532122 114.94 46.81 163.44 106.57
bottle 0.532118 0.00 18.78 11.20 80.41
chair 0.532073 218.43 126.45 224.00 165.85
chair 0.532041 218.57 50.97 224.00 107.12
chair 0.532028 154.95 71.13 224.00 210.87
bird 0.531967 0.00 207.49 37.19 224.00
bicycle 0.531879 70.62 92.55 195.89 216.83
dog 0.531851 14.39 0.00 64.12 22.00
car 0.531839 15.75 0.00 61.35 18.95
chair 0.531793 174.80 34.90 202.34 109.36
bottle 0.531533 0.00 6.45 20.02 76.19
sheep 0.531527 0.00 62.03 32.41 113.66
sheep 0.531265 8.12 71.61 45.23 118.19
bottle 0.531036 99.93 46.11 151.58 108.65
bottle 0.531004 218.63 9.78 224.00 41.44
pottedplant 0.530913 139.83 208.12 183.12 224.00
sheep 0.530883 198.92 208.86 224.00 224.00
sheep 0.530674 2.13 80.00 35.60 135.36
sheep 0.530645 0.00 169.31 26.29 213.16
dog 0.530575 7.56 0.00 118.94 125.74
pottedplant 0.530481 106.12 154.70 178.13 200.00
pottedplant 0.530303 108.11 200.37 165.30 224.00
sheep 0.530281 13.52 141.25 43.69 210.67
sheep 0.530271 92.15 132.65 127.56 217.29
bottle 0.530001 210.19 0.00 224.00 25.96
bottle 0.529880 91.22 51.13 127.88 118.41
sheep 0.529858 21.92 91.71 46.49 130.88
person 0.529855 182.24 0.00 224.00 80.30
sheep 0.529844 33.59 104.47 55.98 145.50
sheep 0.529709 21.18 103.40 81.72 221.04
tvmonitor 0.529536 106.42 29.41 128.87 60.08
sheep 0.529471 5.13 158.15 31.31 205.54
sheep 0.529458 42.61 80.01 133.06 211.68
chair 0.529352 114.78 86.29 169.79 171.70
bottle 0.529283 126.92 59.91 170.54 119.34
tvmonitor 0.529259 0.00 0.00 15.17 29.72
sheep 0.529202 20.03 97.55 39.97 141.55
bird 0.529200 14.91 208.06 62.43 224.00
chair 0.528979 215.79 151.46 224.00 182.47
chair 0.528952 175.52 18.36 199.34 89.95
car 0.528923 58.62 0.00 94.24 17.29
bottle 0.528921 130.21 44.28 173.90 105.72
dog 0.528838 15.94 0.00 55.61 45.69
sheep 0.528830 29.32 94.17 54.21 134.31
sheep 0.528790 0.00 164.99 14.04 214.97
sheep 0.528745 27.11 102.87 46.23 140.44
chair 0.528647 171.21 173.39 224.00 224.00
tvmonitor 0.528629 116.82 27.52 150.67 56.56
tvmonitor 0.528617 218.52 12.47 224.00 51.18
chair 0.528446 217.28 103.86 224.00 148.45
bottle 0.528417 0.00 0.00 16.86 53.78
sheep 0.528286 22.61 154.85 50.16 216.40
chair 0.528283 124.12 117.63 197.88 180.12
chair 0.528117 163.91 32.48 193.28 106.09
bird 0.528106 29.96 207.98 83.42 224.00
tvmonitor 0.528106 99.54 29.50 124.35 62.50
bird 0.528040 88.96 193.91 153.15 224.00
pottedplant 0.527943 144.99 148.82 205.43 172.18
sheep 0.527856 35.03 58.88 77.55 106.53
person 0.527808 134.55 15.39 205.02 158.91
pottedplant 0.527801 100.03 183.06 164.83 224.00
car 0.527795 38.73 0.00 75.03 17.19
bottle 0.527739 52.82 0.00 96.11 51.55
chair 0.527713 126.15 73.62 166.86 147.04
cat 0.527702 101.35 117.44 155.56 199.37
sheep 0.527630 29.91 111.59 52.70 187.17
pottedplant 0.527576 121.52 137.20 187.81 184.35
pottedplant 0.527552 131.90 144.20 197.52 177.76
bird 0.527515 0.00 60.28 32.41 108.16
sheep 0.527488 34.52 106.90 59.80 160.09
bottle 0.527372 0.00 21.79 28.63 84.08
sheep 0.527345 4.37 91.25 32.88 145.88
bird 0.527340 0.00 32.63 16.35 88.82
sheep 0.527316 0.00 75.56 26.15 141.85
sheep 0.527303 91.63 171.94 144.38 224.00
sheep 0.527298 33.75 127.25 103.91 224.00
bottle 0.527271 85.26 29.93 119.09 62.34
tvmonitor 0.527265 217.32 157.75 224.00 191.15
bottle 0.527135 76.89 58.18 118.34 122.24
chair 0.527102 182.74 45.69 211.20 111.74
pottedplant 0.527078 113.85 169.42 215.93 224.00
chair 0.527070 164.48 90.15 209.38 152.18
sheep 0.527053 0.00 126.94 23.81 189.60
bottle 0.526986 100.16 0.00 133.39 22.02
sheep 0.526878 89.57 110.56 167.09 218.19
bird 0.526843 0.00 184.85 12.85 224.00
tvmonitor 0.526698 73.10 0.00 108.92 18.11
sheep 0.526625 0.00 106.94 12.30 171.88
person 0.526621 88.46 15.90 176.53 153.06
tvmonitor 0.526554 127.88 29.69 162.05 68.14
bottle 0.526397 125.45 0.00 156.25 22.44
bottle 0.526317 176.84 14.62 198.08 70.97
sheep 0.526273 1.74 30.92 50.49 91.29
sheep 0.526203 0.00 104.08 21.17 174.06
bottle 0.526194 90.86 0.00 125.63 20.83
tvmonitor 0.526097 81.44 0.00 116.87 19.42
bottle 0.525999 109.80 0.00 141.27 23.01
bird 0.525976 0.00 78.68 13.71 143.53
sheep 0.525896 0.00 127.50 12.75 187.89
tvmonitor 0.525763 219.88 17.78 224.00 65.39
sheep 0.525741 2.51 141.41 33.14 202.24
chair 0.525738 176.88 56.05 207.73 117.04
sheep 0.525695 55.21 131.25 93.19 218.26
chair 0.525669 216.45 69.05 224.00 119.05
sheep 0.525617 1.81 189.36 31.31 224.00
chair 0.525616 140.36 139.01 208.60 173.45
sheep 0.525442 20.34 191.33 55.20 224.00
chair 0.525356 157.69 105.72 210.33 167.45
dog 0.525249 0.00 138.96 62.07 224.00
sheep 0.525201 48.51 130.33 129.56 224.00
tvmonitor 0.525197 125.64 35.94 166.83 85.47
sheep 0.525110 0.00 90.23 11.86 154.07
sheep 0.525092 20.25 77.55 52.72 120.54
diningtable 0.525078 173.50 90.66 211.63 130.91
sheep 0.525073 3.56 104.65 31.52 170.82
bird 0.525003 86.83 201.01 139.39 224.00
bottle 0.524976 99.95 31.66 123.67 65.24
bird 0.524969 45.05 207.55 96.04 224.00
sheep 0.524929 37.74 92.67 62.19 140.59
sheep 0.524799 27.90 148.60 58.58 219.23
sheep 0.524752 0.00 88.35 21.75 153.48
chair 0.524687 170.62 17.89 191.32 86.13
chair 0.524679 150.18 80.43 202.09 135.43
chair 0.524556 131.80 39.46 176.88 106.17
sheep 0.524513 39.22 164.24 74.84 223.49
bird 0.524446 0.00 45.04 23.79 95.47
tvmonitor 0.524428 220.00 27.89 224.00 83.16
sheep 0.524398 39.87 66.51 75.59 118.49
sheep 0.524350 43.68 74.31 74.04 133.26
person 0.524244 92.73 0.00 168.22 67.87
chair 0.524243 180.09 143.98 213.91 168.77
tvmonitor 0.524218 218.40 166.61 224.00 200.90
bottle 0.524215 182.23 0.00 211.36 20.44
bird 0.524191 83.68 179.06 158.22 224.00
bottle 0.524179 132.90 0.00 163.40 21.14
pottedplant 0.524088 115.26 148.53 185.22 191.17
person 0.524083 55.32 0.00 148.66 74.49
sheep 0.524057 17.03 177.13 47.26 219.02
sheep 0.523883 19.41 61.91 57.01 103.57
sheep 0.523812 18.27 122.38 44.33 194.80
sheep 0.523751 190.67 0.00 218.73 21.67
chair 0.523647 135.57 74.72 181.34 141.17
tvmonitor 0.523625 172.87 15.46 190.39 68.57
sheep 0.523523 29.46 106.05 48.55 153.18
chair 0.523516 202.21 142.15 219.53 170.05
person 0.523497 0.00 0.00 81.28 90.77
bottle 0.523475 56.85 0.00 96.36 26.55
pottedplant 0.523458 146.84 174.93 224.00 224.00
bottle 0.523396 20.86 20.78 69.64 76.37
sheep 0.523347 21.45 106.37 41.02 168.21
bottle 0.523264 178.95 12.17 196.31 54.28
sheep 0.523170 175.48 0.00 203.82 20.57
tvmonitor 0.523170 215.33 199.84 224.00 224.00
sheep 0.523010 151.90 0.00 180.13 22.20
sheep 0.522776 8.32 179.49 37.54 217.34
sheep 0.522765 142.05 0.00 171.46 21.28
chair 0.522709 143.87 31.09 180.84 100.19
person 0.522669 118.30 0.00 182.76 66.21
bottle 0.522647 5.28 0.00 44.03 49.89
chair 0.522586 153.69 125.76 209.87 174.30
bird 0.522575 71.31 207.74 120.61 224.00
sheep 0.522563 202.03 0.00 224.00 24.29
chair 0.522536 175.03 72.84 206.83 124.99
bottle 0.522462 196.19 6.60 211.54 30.47
bottle 0.522291 104.90 32.72 128.13 69.70
chair 0.522214 137.31 103.13 220.37 214.41
sheep 0.522201 15.73 0.00 60.62 47.32
sheep 0.522183 28.73 187.60 72.76 224.00
bottle 0.522181 100.75 41.46 131.33 91.19
bottle 0.522180 186.55 7.64 203.71 30.92
person 0.522070 73.91 0.00 168.83 119.62
tvmonitor 0.521927 219.21 189.55 224.00 223.42
tvmonitor 0.521864 174.96 12.12 188.99 52.87
sheep 0.521855 160.06 0.00 188.19 22.27
tvmonitor 0.521708 87.27 26.42 119.89 59.87
chair 0.521672 127.29 88.76 187.68 164.02
chair 0.521657 158.01 51.47 198.79 116.74
chair 0.521579 137.37 63.13 181.17 122.19
diningtable 0.521527 179.68 55.37 210.74 115.44
bottle 0.521419 177.02 20.64 202.76 90.73
sheep 0.521389 9.79 192.09 43.13 224.00
sheep 0.521327 167.99 0.00 196.01 21.39
sofa 0.521288 193.11 90.39 219.73 129.79
tvmonitor 0.521265 219.28 177.20 224.00 211.41
person 0.521257 103.25 0.00 182.37 117.32
bottle 0.521220 181.97 11.89 195.80 40.22
chair 0.521190 199.72 49.31 220.51 109.14
bottle 0.520986 182.22 6.48 196.78 29.26
bottle 0.520904 32.30 27.02 84.07 77.42
bottle 0.520765 35.60 0.00 75.05 22.33
sheep 0.520713 15.04 206.06 60.78 224.00
chair 0.520661 165.40 145.79 224.00 224.00
sheep 0.520523 0.10 202.48 36.13 224.00
pottedplant 0.520416 121.21 192.51 173.06 224.00
bottle 0.520287 111.35 36.81 155.05 84.43
tvmonitor 0.520264 0.00 0.00 23.17 25.38
person 0.520248 155.26 0.00 212.88 71.39
chair 0.520235 150.19 0.00 210.79 112.43
sheep 0.520189 30.16 78.11 59.00 125.36
chair 0.520087 161.28 69.14 204.56 122.32
bottle 0.519921 126.61 16.37 157.91 48.96
chair 0.519869 193.76 94.39 219.89 135.33
bottle 0.519864 20.45 0.00 64.16 31.61
bottle 0.519834 106.13 39.56 143.30 87.58
bottle 0.519736 35.87 0.00 77.21 38.58
bottle 0.519710 6.89 0.00 53.84 26.42
pottedplant 0.519646 105.46 140.09 210.95 224.00
tvmonitor 0.519620 7.69 0.00 50.53 20.68
bottle 0.519502 195.91 12.35 210.24 38.29
bottle 0.519419 185.34 14.00 202.04 41.35
sheep 0.519307 29.35 201.15 80.81 224.00
chair 0.519200 119.88 0.02 193.47 113.99
bottle 0.518942 176.87 11.23 189.41 39.41
bird 0.518834 36.46 197.40 85.56 224.00
tvmonitor 0.518806 155.25 19.71 178.43 61.86
tvmonitor 0.518727 107.54 20.98 132.93 55.71
tvmonitor 0.518462 113.34 30.88 145.67 67.18
tvmonitor 0.518207 159.92 16.74 178.86 51.38
sheep 0.517999 49.41 156.45 95.73 222.36
bottle 0.517939 126.40 0.00 155.94 39.52
sheep 0.517895 74.04 158.01 120.70 219.45
chair 0.517876 204.39 127.02 219.88 164.06
diningtable 0.517873 195.72 57.50 219.48 113.26
bottle 0.517830 102.18 0.00 134.58 36.60
bottle 0.517825 91.22 0.00 126.19 34.08
chair 0.517819 161.28 153.71 204.51 172.28
bottle 0.517691 211.58 9.64 224.00 35.92
bottle 0.517639 68.67 0.00 108.88 29.93
bottle 0.517575 37.51 11.16 90.35 61.15
pottedplant 0.517474 131.21 164.12 184.31 199.65
bottle 0.517425 176.39 7.31 190.26 28.56
bottle 0.517399 82.26 45.63 119.53 99.19
diningtable 0.517279 194.54 83.67 218.87 124.26
bottle 0.517167 63.57 49.35 104.22 102.65
pottedplant 0.517124 132.46 197.39 180.51 224.00
tvmonitor 0.517115 134.25 22.13 167.07 52.58
sheep 0.517088 5.45 205.46 48.81 224.00
bottle 0.517068 124.07 180.84 176.17 218.41
bottle 0.517046 78.99 0.00 117.41 31.49
chair 0.516991 186.74 153.59 213.63 174.40
bottle 0.516863 162.95 14.31 179.98 40.76
chair 0.516812 202.51 152.27 218.31 176.91
bottle 0.516700 98.59 4.47 126.78 46.79
chair 0.516679 172.12 125.26 214.30 165.00
bottle 0.516585 27.40 2.78 71.86 52.63
bottle 0.516510 145.99 202.92 189.48 224.00
bottle 0.516426 67.53 0.00 107.63 50.09
aeroplane 0.516414 177.75 191.86 206.26 217.70
bottle 0.516357 163.42 8.82 181.33 31.09
boat 0.516355 193.34 190.73 214.16 217.49
chair 0.516295 152.35 167.32 192.18 196.55
pottedplant 0.516273 140.19 147.36 223.04 224.00
bottle 0.516164 157.75 206.01 196.32 224.00
tvmonitor 0.516146 202.35 203.05 221.78 224.00
chair 0.516120 190.09 159.09 213.94 182.23
bottle 0.516019 139.59 187.36 184.92 220.49
diningtable 0.515875 151.68 156.44 196.31 184.20
bottle 0.515869 155.57 192.25 192.05 221.90
chair 0.515868 201.56 113.13 220.14 157.10
bottle 0.515834 112.93 0.00 144.04 39.65
tvmonitor 0.515787 210.16 11.92 224.00 45.23
pottedplant 0.515785 132.04 154.25 190.96 187.23
bottle 0.515689 84.17 0.00 118.53 47.86
tvmonitor 0.515524 204.06 158.20 219.24 184.99
chair 0.515469 205.79 40.48 222.58 100.92
bottle 0.515458 192.42 13.64 209.07 49.52
bottle 0.515336 153.64 178.11 190.46 206.08
bottle 0.515248 133.60 173.50 182.43 207.01
tvmonitor 0.515214 129.07 23.94 170.36 78.10
bottle 0.515195 108.17 11.37 135.27 45.49
aeroplane 0.515184 165.25 193.06 197.98 219.87
tvmonitor 0.515119 140.52 19.47 167.92 46.26
bird 0.515089 50.26 191.89 101.52 224.00
diningtable 0.514955 162.22 158.35 201.99 181.95
bottle 0.514865 184.61 24.69 209.30 88.15
aeroplane 0.514590 194.16 166.71 213.33 191.25
chair 0.514555 163.71 167.99 199.75 193.63
chair 0.514299 173.35 158.75 208.42 181.02
bird 0.514275 70.32 192.07 122.88 224.00
aeroplane 0.513925 194.51 176.96 212.87 201.97
bottle 0.513918 187.54 16.64 207.99 63.96
aeroplane 0.513848 164.06 178.88 197.33 204.00
tvmonitor 0.513827 206.52 166.41 219.69 194.73
bottle 0.513685 145.00 11.75 169.15 38.80
tvmonitor 0.513554 209.38 17.50 224.00 60.36
aeroplane 0.513366 177.38 177.33 205.85 201.61
tvmonitor 0.513319 206.82 189.84 221.09 220.03
chair 0.513318 176.59 166.87 207.29 191.07
tvmonitor 0.513271 208.06 28.68 223.74 83.95
sheep 0.513201 136.97 0.00 165.35 34.58
bottle 0.512136 118.22 16.20 149.28 47.36
tvmonitor 0.511606 207.29 176.85 220.01 205.72
