cat 0.631807 19.91 25.94 224.00 220.79
cat 0.567800 46.65 0.00 205.29 190.01
cat 0.558334 43.16 61.25 180.90 220.53
cat 0.553262 8.26 25.91 155.34 211.18
dog 0.550498 0.00 124.53 27.26 224.00
cat 0.550246 55.98 134.74 106.17 211.41
sheep 0.550141 0.00 120.82 25.88 224.00
bottle 0.545023 67.05 162.48 117.87 224.00
sheep 0.543247 0.00 155.35 14.22 218.64
cat 0.542680 105.88 140.12 142.62 169.94
bottle 0.541647 60.74 143.96 109.48 219.71
cat 0.541207 164.95 57.24 224.00 210.39
cat 0.540576 151.19 18.92 224.00 180.57
sheep 0.540449 18.53 80.31 67.46 149.63
cat 0.540028 0.00 111.96 25.49 224.00
chair 0.539778 147.68 26.23 224.00 192.61
dog 0.539095 61.56 159.08 110.66 224.00
sheep 0.537990 0.00 43.81 31.45 144.90
cat 0.537509 101.80 134.11 144.30 161.15
dog 0.537045 206.87 204.08 224.00 224.00
dog 0.536938 187.66 209.02 218.43 224.00
cat 0.536785 0.00 56.34 26.02 157.62
sheep 0.536552 0.00 143.53 12.36 205.16
dog 0.535929 178.94 210.48 212.38 224.00
sheep 0.535531 13.45 51.97 60.51 109.62
dog 0.535429 0.00 204.35 19.83 224.00
cat 0.534816 101.07 120.71 141.91 145.49
sheep 0.534335 0.00 159.77 24.40 220.21
cat 0.534136 50.72 103.30 150.66 224.00
cat 0.534064 150.11 123.25 204.34 173.85
dog 0.533768 0.00 162.94 14.29 222.65
dog 0.533569 196.19 207.01 223.88 224.00
sheep 0.533527 12.44 65.78 60.54 135.93
sheep 0.533486 26.10 100.26 63.06 152.46
sheep 0.533464 219.09 23.52 224.00 59.59
cat 0.533178 95.39 40.35 203.66 204.98
cat 0.533126 190.96 93.02 224.00 223.57
cat 0.533098 217.00 133.95 224.00 196.65
dog 0.532842 188.03 163.24 224.00 224.00
dog 0.532792 164.03 209.89 196.99 224.00
cat 0.532598 100.74 126.84 142.55 152.03
sheep 0.532528 165.27 11.15 224.00 154.41
cat 0.532461 23.75 39.20 171.86 161.31
dog 0.532188 0.00 208.51 34.06 224.00
sheep 0.531916 219.54 13.63 224.00 46.01
dog 0.531745 100.82 105.40 143.41 138.55
sheep 0.531531 96.68 53.40 144.56 89.97
sheep 0.531460 0.00 18.97 40.45 131.88
cat 0.531169 134.63 142.92 167.51 168.98
sheep 0.531049 156.25 209.59 188.46 224.00
cat 0.530947 148.05 135.21 193.18 169.62
sheep 0.530886 76.62 174.39 134.55 224.00
sheep 0.530649 119.90 18.23 161.98 66.43
cat 0.530612 54.13 154.08 100.95 222.80
sheep 0.530475 133.76 8.35 162.25 34.69
cat 0.529894 64.14 132.30 107.86 189.90
sheep 0.529794 6.71 46.98 70.33 142.02
sheep 0.529683 21.55 170.05 49.17 221.22
sheep 0.529536 216.74 174.84 224.00 219.66
bird 0.529512 0.00 0.00 17.01 26.49
sheep 0.529382 185.10 11.38 205.17 34.48
cat 0.529366 114.71 142.51 148.54 168.92
sheep 0.529272 54.16 50.95 111.20 92.26
cat 0.529198 216.46 149.30 224.00 211.87
cat 0.529083 100.90 114.75 146.15 139.41
dog 0.529009 214.37 186.17 224.00 224.00
sheep 0.528969 187.62 28.02 205.82 55.79
sheep 0.528954 0.00 0.00 9.47 48.37
sheep 0.528949 0.00 133.69 9.40 180.83
sheep 0.528903 219.03 7.39 224.00 37.82
sheep 0.528875 187.28 21.42 206.03 48.87
dog 0.528799 0.00 140.83 42.84 224.00
bottle 0.528730 80.96 172.27 131.63 224.00
sheep 0.528660 193.97 145.51 224.00 224.00
sheep 0.528637 8.34 165.24 35.77 220.23
sheep 0.528565 186.66 16.75 205.44 41.50
sheep 0.528258 129.84 8.37 163.90 47.40
sheep 0.527985 79.72 5.17 197.48 151.22
bottle 0.527957 81.38 206.46 130.46 224.00
dog 0.527892 6.36 82.23 31.83 146.41
cat 0.527874 51.06 125.96 100.40 187.07
bottle 0.527773 73.25 183.83 123.38 224.00
sheep 0.527722 0.00 19.23 9.34 69.10
sheep 0.527640 210.47 0.00 224.00 24.23
sheep 0.527534 34.74 140.08 56.61 188.56
sheep 0.527479 94.91 61.17 142.72 99.43
dog 0.527433 0.00 83.94 22.56 147.47
sheep 0.527291 192.77 11.71 210.32 34.11
chair 0.527163 216.61 104.32 224.00 151.39
sheep 0.527145 193.37 17.72 210.20 41.57
dog 0.527141 10.44 73.21 50.60 144.19
sheep 0.527110 98.51 98.92 146.60 134.54
cat 0.527081 214.97 121.64 224.00 181.46
sheep 0.527000 113.07 36.00 143.78 71.10
cat 0.526952 216.03 108.88 224.00 159.39
dog 0.526834 100.04 88.48 144.56 127.16
sheep 0.526730 219.19 32.98 224.00 73.01
bottle 0.526662 71.89 207.42 116.42 224.00
sheep 0.526635 182.52 18.00 200.56 49.58
sheep 0.526600 192.90 191.41 213.68 222.14
sheep 0.526597 174.85 0.00 204.31 21.06
sheep 0.526534 182.95 24.86 199.75 57.08
sheep 0.526520 194.15 28.18 210.04 54.29
cat 0.526447 25.05 81.36 114.38 210.34
sheep 0.526439 194.02 180.79 213.24 212.90
cat 0.526380 23.82 55.40 130.73 187.00
sheep 0.526329 126.93 9.78 214.18 161.37
bottle 0.526195 98.94 208.45 144.65 224.00
sheep 0.526123 23.46 121.60 77.92 224.00
bottle 0.526057 0.00 128.41 9.88 171.13
sheep 0.526054 17.69 47.36 80.19 95.75
sheep 0.525982 20.34 42.01 130.99 147.15
sheep 0.525935 158.44 11.39 183.19 52.97
cat 0.525898 39.73 136.30 60.30 190.90
sheep 0.525871 44.43 54.91 100.84 102.78
sheep 0.525868 181.86 0.00 206.96 26.82
sheep 0.525850 174.64 14.69 193.32 50.83
sheep 0.525817 53.64 91.21 101.77 138.38
cat 0.525759 58.03 107.57 96.38 158.79
tvmonitor 0.525690 91.89 133.91 134.08 174.79
sheep 0.525639 161.53 185.37 182.82 218.03
sheep 0.525630 63.87 36.73 99.54 66.67
sheep 0.525599 178.69 0.00 224.00 60.40
sheep 0.525568 17.87 45.26 57.69 87.37
sheep 0.525568 120.97 209.16 160.39 224.00
sheep 0.525545 106.88 180.01 146.06 224.00
cat 0.525521 44.43 129.36 78.86 187.99
sheep 0.525474 62.21 43.66 104.81 73.53
cat 0.525438 82.71 132.84 116.09 182.17
sheep 0.525431 140.09 209.33 175.01 224.00
sheep 0.525416 161.42 166.67 224.00 224.00
sheep 0.525400 0.00 0.00 42.08 53.18
sheep 0.525390 108.20 43.93 142.41 76.08
cat 0.525379 66.68 154.88 166.31 224.00
sheep 0.525283 130.42 0.00 164.59 24.86
sheep 0.525248 25.97 38.30 47.54 63.48
sheep 0.525224 72.19 52.58 130.72 89.78
sheep 0.525210 120.78 183.62 154.35 224.00
dog 0.525079 138.97 98.07 182.95 137.74
sheep 0.525033 155.16 185.11 177.07 218.36
sheep 0.525003 136.49 12.84 174.20 63.84
sheep 0.524952 74.23 0.00 110.48 15.36
sheep 0.524942 32.76 48.30 93.68 92.12
dog 0.524703 7.32 67.17 32.55 126.79
dog 0.524622 0.00 84.18 10.21 146.90
sheep 0.524591 13.73 157.81 44.11 216.99
sheep 0.524551 31.90 162.28 58.84 223.95
sheep 0.524532 215.68 0.00 224.00 29.87
cat 0.524500 32.45 105.23 64.11 155.22
sheep 0.524431 162.43 192.93 184.68 224.00
cat 0.524418 24.03 113.14 86.97 223.97
sheep 0.524388 135.44 166.44 201.94 224.00
dog 0.524296 8.94 210.68 51.14 224.00
sheep 0.524264 25.87 30.95 46.33 58.30
cat 0.524248 43.12 101.35 87.09 150.14
sheep 0.524237 174.58 9.26 194.63 33.82
cat 0.524178 1.04 96.33 37.84 205.38
sheep 0.524155 184.56 134.22 213.21 197.89
dog 0.524129 152.80 123.16 199.19 154.60
dog 0.524125 0.00 69.74 23.14 128.25
sheep 0.524104 23.36 42.37 51.24 74.63
cat 0.524102 1.85 70.23 48.13 176.74
cat 0.524086 64.18 0.00 198.49 113.62
cat 0.524076 147.46 121.98 200.37 156.82
cat 0.524006 26.06 12.19 186.90 132.69
dog 0.523964 0.00 120.01 10.94 165.08
bottle 0.523940 220.00 39.70 224.00 84.05
sheep 0.523863 97.61 87.92 146.19 125.98
sheep 0.523842 63.56 47.90 113.83 82.08
sheep 0.523835 184.35 184.61 206.18 214.23
chair 0.523797 218.65 89.02 224.00 134.27
dog 0.523741 56.25 167.12 92.20 224.00
sheep 0.523624 28.48 143.89 49.76 185.88
sheep 0.523618 94.00 162.58 181.91 224.00
cat 0.523613 63.68 96.52 105.16 139.03
cat 0.523583 170.37 123.58 211.89 180.52
chair 0.523582 220.00 47.77 224.00 95.23
sheep 0.523578 38.29 140.79 114.07 224.00
sheep 0.523564 32.42 114.78 61.77 160.49
sheep 0.523536 33.88 125.32 60.55 169.19
sheep 0.523519 190.20 0.00 217.68 21.59
dog 0.523414 20.87 210.85 61.78 224.00
sheep 0.523389 10.54 55.40 39.78 102.94
dog 0.523378 110.85 176.81 143.68 223.45
sheep 0.523321 167.87 185.73 189.72 217.30
sheep 0.523304 167.32 0.00 196.70 20.33
sheep 0.523294 0.00 38.82 9.12 90.13
sheep 0.523230 68.48 26.82 98.82 56.52
sheep 0.523215 98.89 48.79 148.98 79.79
sheep 0.523214 0.00 0.00 25.93 24.01
cat 0.523212 0.00 69.74 9.46 128.97
sheep 0.523201 145.33 184.09 169.40 217.84
sheep 0.523161 118.14 15.79 150.47 56.81
dog 0.523161 150.29 114.91 190.35 145.99
sheep 0.523121 86.36 0.00 122.29 16.05
bottle 0.523097 54.93 208.71 99.37 224.00
sheep 0.523067 202.99 189.11 218.70 221.22
sheep 0.523049 71.67 91.84 110.37 134.65
cat 0.523041 48.71 117.15 93.37 173.44
sheep 0.523032 0.00 62.93 24.10 115.87
sheep 0.523012 84.49 94.42 125.82 132.78
sheep 0.522985 189.73 150.39 213.14 205.34
sheep 0.522977 15.07 0.00 44.54 19.82
sheep 0.522951 132.72 182.18 159.58 218.67
sheep 0.522948 61.36 77.34 103.80 127.46
sheep 0.522943 187.85 204.77 216.36 224.00
dog 0.522874 0.00 62.47 9.28 118.79
sheep 0.522854 43.64 160.83 67.68 224.00
sheep 0.522817 141.21 8.25 173.31 45.70
sheep 0.522769 126.23 0.00 160.89 17.91
dog 0.522758 125.68 51.16 172.00 92.32
sheep 0.522719 7.88 0.00 35.51 21.91
sheep 0.522688 168.05 194.00 190.68 224.00
sheep 0.522629 33.29 37.53 53.68 62.79
sheep 0.522611 93.62 0.00 188.99 76.40
sheep 0.522599 183.05 194.36 206.27 224.00
sheep 0.522529 21.35 31.42 41.13 58.50
sheep 0.522513 96.08 73.99 142.90 113.80
sheep 0.522484 62.33 0.00 96.89 15.79
sheep 0.522443 33.36 30.63 53.04 57.30
dog 0.522435 182.51 53.38 207.10 95.60
dog 0.522392 38.23 209.99 78.55 224.00
dog 0.522377 46.77 209.50 89.75 224.00
sheep 0.522319 42.32 97.61 89.05 144.21
sheep 0.522257 143.44 7.56 172.65 33.30
sheep 0.522252 22.75 0.00 52.73 18.64
sheep 0.522211 0.00 1.77 21.53 42.01
sheep 0.522183 15.95 177.34 43.73 224.00
sheep 0.522147 161.25 8.74 184.10 32.99
chair 0.522127 220.00 78.73 224.00 123.65
sheep 0.522045 7.18 0.12 69.73 117.32
sheep 0.522006 199.98 135.55 221.77 202.65
sheep 0.522000 29.47 151.98 53.95 216.93
sheep 0.521983 74.49 36.92 106.28 64.87
sheep 0.521968 30.46 0.00 60.60 17.46
sheep 0.521950 26.22 148.93 49.30 203.67
sheep 0.521929 73.05 44.35 113.22 75.51
sheep 0.521855 201.61 0.00 224.00 23.10
cat 0.521852 81.65 0.00 187.70 71.45
sheep 0.521835 136.08 0.00 170.66 19.14
cat 0.521754 195.94 129.92 221.67 194.39
dog 0.521738 131.06 64.68 173.50 105.54
sheep 0.521728 126.83 6.07 152.86 33.05
dog 0.521708 178.77 60.42 207.09 107.21
sheep 0.521692 174.95 186.68 197.93 215.79
sheep 0.521690 0.00 26.42 21.49 61.35
sheep 0.521647 54.61 64.25 105.51 114.40
sheep 0.521639 163.36 154.37 189.38 201.84
cat 0.521639 47.18 137.35 73.33 203.73
sheep 0.521621 118.53 0.00 149.98 18.16
sheep 0.521581 95.74 0.00 129.93 16.49
sheep 0.521567 160.49 111.57 211.78 224.00
sheep 0.521547 207.00 15.45 216.35 42.45
cat 0.521430 157.67 133.87 191.73 190.93
sheep 0.521416 158.64 156.48 182.55 200.31
sheep 0.521397 197.48 202.05 220.77 224.00
cat 0.521380 173.59 135.28 205.98 194.34
bottle 0.521301 64.40 185.21 109.32 224.00
sheep 0.521298 179.30 153.19 206.00 203.36
sheep 0.521277 25.95 20.91 46.43 52.41
sheep 0.521246 14.20 5.00 31.25 35.77
sheep 0.521226 107.55 0.00 138.96 17.43
cat 0.521203 36.50 122.02 63.24 172.66
cat 0.521152 131.80 137.18 169.73 162.98
bottle 0.521094 74.52 137.15 108.17 201.78
sheep 0.521083 28.26 6.32 46.05 33.07
dog 0.521042 125.44 105.33 175.40 136.46
sheep 0.521039 160.16 176.07 181.58 208.66
sheep 0.521036 42.05 36.98 64.23 61.60
sheep 0.520933 173.55 0.00 224.00 97.47
sheep 0.520870 22.40 6.64 39.52 33.60
sheep 0.520867 26.33 89.93 80.19 143.93
sheep 0.520821 169.71 154.48 196.93 202.32
sheep 0.520814 33.48 0.00 138.48 39.83
sheep 0.520760 42.14 79.45 94.12 131.92
sheep 0.520760 91.04 190.77 141.06 224.00
sheep 0.520756 183.68 172.58 206.21 209.39
cat 0.520751 89.27 136.34 125.02 184.10
sheep 0.520750 154.08 177.59 175.31 208.31
cat 0.520735 102.38 138.37 135.95 177.07
sheep 0.520733 36.79 147.69 57.64 214.39
cat 0.520722 143.95 142.74 180.39 171.62
sheep 0.520696 174.44 195.30 198.52 224.00
dog 0.520617 15.17 96.30 50.27 150.26
sheep 0.520580 18.25 149.76 41.95 202.33
sheep 0.520518 205.17 177.95 218.57 214.77
sheep 0.520491 42.52 29.83 63.78 55.50
sheep 0.520448 154.34 0.00 186.58 19.49
sheep 0.520439 0.00 125.95 17.78 161.45
sheep 0.520432 0.00 49.58 26.23 95.04
sheep 0.520419 124.12 9.62 153.88 45.57
sheep 0.520388 21.60 145.21 40.98 181.77
dog 0.520386 123.66 39.59 170.73 82.23
sheep 0.520376 40.71 45.92 91.35 79.76
sheep 0.520344 78.53 79.57 124.40 123.34
sheep 0.520265 21.51 20.68 41.00 52.74
sheep 0.520236 177.91 207.12 210.03 224.00
sheep 0.520230 166.52 175.11 188.96 209.51
sheep 0.520202 206.72 9.85 217.02 35.11
sheep 0.520194 37.38 0.00 68.40 16.10
sheep 0.520145 69.81 18.34 97.55 46.48
sheep 0.520121 206.40 25.66 217.11 54.78
dog 0.520087 43.09 168.97 69.61 224.00
sheep 0.520066 85.61 30.80 111.51 57.09
sheep 0.520005 54.49 0.00 87.13 15.90
sheep 0.519948 34.93 5.43 53.01 33.13
sheep 0.519937 15.98 30.52 34.50 57.27
bottle 0.519918 103.70 170.29 134.61 222.72
sheep 0.519907 157.52 21.09 181.53 64.82
dog 0.519895 134.79 79.42 177.35 119.59
sheep 0.519882 27.82 13.18 46.03 44.77
sheep 0.519821 202.80 149.20 220.29 209.22
cat 0.519815 38.58 121.25 75.36 179.20
sheep 0.519728 116.16 33.60 162.12 74.10
sheep 0.519675 83.55 46.25 124.24 76.98
sheep 0.519650 32.33 21.33 52.54 51.54
sheep 0.519607 176.53 26.30 191.10 62.24
dog 0.519590 182.05 112.45 212.92 151.99
sheep 0.519581 86.06 40.11 116.12 65.42
dog 0.519576 184.63 56.81 212.40 104.00
sheep 0.519569 84.11 3.86 108.35 25.38
sheep 0.519557 51.34 36.53 83.72 60.60
sheep 0.519556 26.98 45.65 75.37 83.66
bottle 0.519545 116.10 172.94 141.12 218.08
sheep 0.519535 22.79 12.62 40.33 44.14
sheep 0.519533 174.10 175.06 197.41 209.37
sheep 0.519467 48.23 42.43 86.69 68.61
sheep 0.519465 0.00 0.00 64.66 42.07
cat 0.519432 71.99 128.86 112.11 177.29
sheep 0.519400 85.39 20.02 109.29 46.88
cat 0.519371 131.42 105.36 191.21 224.00
sheep 0.519332 78.61 5.21 102.85 26.29
cat 0.519309 42.26 0.00 163.76 56.85
sheep 0.519191 69.33 12.53 92.90 38.54
sheep 0.519040 15.64 19.74 33.08 52.27
cat 0.519039 75.68 95.47 173.78 224.00
cat 0.518972 174.98 116.92 211.10 158.44
sheep 0.518971 36.92 42.30 68.50 70.90
sheep 0.518965 0.00 112.13 19.58 157.35
sheep 0.518890 8.12 149.57 30.95 202.07
dog 0.518879 10.98 176.69 35.09 224.00
sheep 0.518835 46.17 0.00 78.71 15.67
sheep 0.518816 163.91 205.98 195.03 224.00
bottle 0.518814 124.86 176.54 149.00 214.96
sheep 0.518804 153.20 160.13 176.19 198.53
sheep 0.518782 15.93 11.86 32.16 44.84
dog 0.518753 146.76 121.42 184.94 149.07
dog 0.518753 119.53 64.68 165.02 102.61
sheep 0.518746 70.60 5.55 93.03 28.28
dog 0.518718 56.68 187.32 99.09 224.00
sheep 0.518716 189.24 38.03 204.42 66.01
sheep 0.518702 78.78 12.24 102.11 36.72
sheep 0.518678 22.01 140.97 41.58 167.22
sheep 0.518649 10.05 0.00 94.33 33.59
sheep 0.518632 52.58 28.51 84.51 53.85
sheep 0.518619 144.75 179.20 167.13 209.16
sheep 0.518591 0.00 139.39 14.68 174.56
sheep 0.518535 28.26 129.31 54.39 163.99
cat 0.518487 87.60 126.79 122.83 168.41
sheep 0.518407 33.88 13.49 52.19 44.59
sheep 0.518383 108.77 33.31 138.55 60.97
sheep 0.518379 41.88 21.24 63.79 49.55
cat 0.518379 66.14 123.08 105.05 170.77
cat 0.518367 107.17 70.23 190.86 217.56
sheep 0.518270 25.27 61.90 84.72 115.84
sheep 0.518239 0.75 37.21 22.35 73.85
cat 0.518205 66.42 110.04 103.74 153.19
dog 0.518195 94.89 61.87 143.19 100.19
sheep 0.518165 17.26 37.39 37.31 61.53
sheep 0.518153 9.81 126.53 26.76 155.50
dog 0.518090 100.97 119.47 145.35 147.90
bottle 0.518079 108.54 157.11 132.76 205.26
dog 0.518068 189.10 80.48 215.30 124.39
sheep 0.518013 151.63 204.10 181.05 224.00
sheep 0.518010 99.52 41.99 130.51 65.56
cat 0.518004 149.97 142.53 180.10 185.47
dog 0.517969 171.57 62.69 200.51 108.11
sheep 0.517962 44.19 5.34 62.95 31.03
cat 0.517934 140.78 78.61 208.42 215.95
dog 0.517934 186.71 104.97 214.60 145.21
sheep 0.517867 86.92 12.04 108.55 35.63
dog 0.517839 189.95 95.52 215.41 136.04
sheep 0.517830 204.88 0.00 219.98 28.14
sheep 0.517815 98.79 33.58 124.51 58.35
dog 0.517666 197.61 107.78 222.44 152.47
sheep 0.517659 12.31 136.05 26.06 159.09
sheep 0.517654 118.04 0.00 201.16 66.74
sheep 0.517537 109.26 21.59 136.82 51.66
dog 0.517517 8.71 110.90 27.43 152.53
sheep 0.517446 119.42 11.38 145.57 43.12
cat 0.517426 91.29 110.78 127.36 140.95
cat 0.517423 33.83 112.48 71.04 167.55
sheep 0.517383 193.40 111.48 222.33 160.17
bottle 0.517331 94.95 154.00 125.80 212.47
sheep 0.517307 103.72 37.33 151.64 75.24
cat 0.517260 187.43 120.49 221.04 181.92
sheep 0.517230 194.91 38.05 209.82 66.02
sheep 0.517202 14.82 45.46 43.96 80.43
dog 0.517185 187.03 44.37 205.75 79.11
sheep 0.517182 96.97 21.84 120.15 48.16
sheep 0.517178 43.26 14.11 63.03 42.38
sheep 0.517088 12.69 141.12 26.20 167.26
dog 0.517034 162.80 114.97 205.89 150.67
sheep 0.517011 31.81 5.09 160.99 123.93
dog 0.516978 126.38 119.79 170.93 146.47
dog 0.516973 125.31 91.17 174.88 126.19
sheep 0.516894 149.34 0.00 217.36 60.78
sheep 0.516857 53.46 20.10 84.99 46.77
sheep 0.516812 128.52 199.45 164.22 224.00
bottle 0.516760 85.14 139.44 117.70 196.23
sheep 0.516726 10.88 144.82 27.56 182.64
bottle 0.516661 112.09 146.21 136.15 184.29
sheep 0.516627 18.10 107.58 48.86 150.67
dog 0.516610 95.54 51.77 150.62 91.79
sheep 0.516543 74.29 64.13 125.26 107.71
dog 0.516506 191.56 44.04 210.51 79.65
dog 0.516395 0.00 196.75 31.76 224.00
cat 0.516212 23.83 0.00 178.17 93.28
sheep 0.516106 17.08 40.93 41.56 69.75
bottle 0.516046 117.73 159.98 139.05 198.47
sheep 0.516029 118.07 4.97 141.96 30.86
dog 0.515961 122.66 79.06 169.10 114.87
dog 0.515922 96.11 74.86 142.71 112.81
dog 0.515841 141.62 54.50 187.28 95.51
sheep 0.515796 90.93 2.91 114.69 23.35
dog 0.515787 166.22 55.53 194.79 95.54
sheep 0.515782 21.76 133.32 44.61 157.69
cat 0.515732 77.80 106.41 113.53 142.56
sheep 0.515708 64.56 5.79 87.99 29.29
bottle 0.515694 100.68 142.20 128.87 189.15
dog 0.515694 138.67 105.89 194.38 147.51
sheep 0.515692 55.38 13.81 82.17 39.11
sheep 0.515680 132.99 28.40 174.97 72.07
sheep 0.515645 17.33 1.05 108.50 114.90
dog 0.515621 175.48 82.38 208.10 127.89
sheep 0.515534 185.66 35.62 199.02 66.77
dog 0.515377 9.12 197.15 46.18 224.00
sheep 0.515210 25.86 0.00 156.65 77.95
dog 0.515205 201.96 92.31 222.86 134.11
sheep 0.515129 145.76 163.85 167.97 196.23
sheep 0.515115 206.93 35.76 217.66 67.57
sheep 0.515033 20.21 122.11 47.73 152.83
sheep 0.514995 95.76 12.06 116.92 34.63
sheep 0.514900 55.78 5.56 79.34 28.74
sheep 0.514732 136.15 0.00 212.47 101.69
dog 0.514607 168.33 106.74 207.38 145.17
cat 0.514577 144.78 148.65 172.98 181.36
cat 0.514505 129.04 128.38 170.04 156.13
dog 0.514415 158.97 65.08 192.98 108.96
dog 0.514392 173.82 96.75 208.10 137.54
sheep 0.514243 108.81 12.60 133.73 38.44
dog 0.514241 201.99 79.37 223.18 122.08
dog 0.514167 146.77 41.78 184.74 81.23
sheep 0.514093 84.85 68.04 141.50 107.22
dog 0.514027 164.35 71.94 199.98 119.73
dog 0.513898 140.03 65.82 186.07 109.10
dog 0.513868 37.78 190.97 73.05 224.00
dog 0.513750 199.57 47.81 219.45 92.71
cat 0.513692 117.37 148.52 140.76 179.97
dog 0.513610 18.51 193.48 57.63 224.00
cat 0.513599 92.96 121.54 127.00 154.77
bottle 0.513520 125.61 162.92 146.75 194.79
dog 0.513473 173.61 44.00 193.41 80.04
sheep 0.513434 103.34 3.31 128.29 25.57
sheep 0.513319 204.23 41.30 217.95 80.17
cat 0.513224 80.12 122.34 114.93 161.76
dog 0.513031 143.13 88.52 191.62 133.93
bottle 0.512843 136.15 164.86 157.10 194.12
dog 0.512613 156.90 85.61 199.25 130.76
dog 0.512481 199.51 65.50 221.57 111.31
dog 0.512094 150.90 75.75 191.72 122.14
sheep 0.511968 10.41 0.00 105.93 69.97
dog 0.511894 151.80 98.43 199.47 139.83
cat 0.511822 137.01 151.15 160.28 177.95
cat 0.511003 124.16 150.25 147.72 177.82
