car 0.665581 0.00 27.52 221.60 179.61
person 0.561291 50.05 38.90 210.14 174.04
car 0.553871 66.50 45.38 213.66 173.43
person 0.553129 150.32 109.57 179.88 154.09
bird 0.551261 72.17 75.75 119.82 110.05
boat 0.550298 22.69 18.45 221.43 184.32
bottle 0.543531 27.00 8.83 221.13 173.96
car 0.539200 17.24 57.92 188.37 189.37
car 0.539197 112.65 57.33 223.14 172.90
car 0.538921 219.59 99.19 224.00 140.85
person 0.538840 219.63 102.52 224.00 145.60
motorbike 0.538505 34.55 3.85 217.52 153.85
car 0.535974 202.88 0.00 224.00 18.19
person 0.535843 107.95 178.83 142.00 223.07
bird 0.535428 89.59 49.15 121.74 75.77
person 0.535395 158.24 0.00 224.00 66.52
bird 0.535039 86.57 78.06 124.10 105.94
car 0.534989 35.35 0.00 205.58 122.38
person 0.534794 153.89 103.64 189.76 154.51
dog 0.534789 102.95 173.52 146.97 221.58
car 0.534703 179.44 0.00 217.39 13.31
person 0.534327 147.23 83.60 182.18 125.46
bottle 0.534300 146.99 79.11 182.69 116.32
person 0.533273 146.59 206.99 178.61 224.00
bird 0.533220 84.87 55.45 123.84 83.91
pottedplant 0.532947 0.00 181.18 78.91 224.00
person 0.532837 147.23 92.26 179.93 141.58
boat 0.532287 59.13 12.68 79.43 28.80
person 0.531990 0.00 58.59 25.05 162.31
person 0.531657 133.86 201.70 169.05 224.00
person 0.531496 211.88 206.26 224.00 224.00
dog 0.531439 0.00 205.65 22.97 224.00
car 0.531335 190.40 0.00 224.00 14.67
bird 0.531171 71.86 80.54 104.55 110.29
car 0.531146 220.00 31.49 224.00 76.90
person 0.531047 150.51 80.02 194.91 131.25
person 0.530992 154.85 164.19 171.49 185.66
bird 0.530976 76.91 89.44 108.02 130.04
cow 0.530958 0.00 209.51 35.08 224.00
bird 0.530917 77.78 101.45 108.69 140.57
person 0.530859 154.03 209.85 187.14 224.00
boat 0.530037 65.94 13.66 85.88 28.12
bird 0.529813 79.38 72.29 124.30 100.87
bird 0.529743 102.97 80.70 130.45 107.42
car 0.529726 168.13 0.00 205.57 15.88
person 0.529578 0.00 173.28 59.15 224.00
bird 0.529479 91.91 43.21 120.56 70.17
person 0.529373 149.24 163.29 166.65 186.29
dog 0.529368 17.27 211.46 54.75 224.00
bottle 0.529349 117.40 81.72 141.81 108.12
bird 0.529296 76.24 63.95 123.90 95.81
car 0.529136 149.70 0.00 181.21 16.07
bottle 0.528891 101.58 164.16 147.16 217.79
boat 0.528868 80.86 12.79 103.38 27.82
boat 0.528858 16.00 63.91 161.11 169.23
motorbike 0.528840 61.36 0.00 211.65 109.52
person 0.528777 220.00 25.74 224.00 71.44
bird 0.528727 78.55 115.23 108.86 164.66
person 0.528698 219.27 87.88 224.00 129.71
bottle 0.528677 80.93 124.18 107.49 172.72
person 0.528571 191.87 183.84 224.00 224.00
person 0.528515 146.44 115.67 175.55 149.63
boat 0.528446 87.45 12.03 110.20 28.58
bottle 0.528385 140.70 80.22 166.00 105.31
car 0.528330 158.95 0.00 193.07 15.24
car 0.528087 0.00 179.95 91.18 224.00
cow 0.528058 25.11 211.98 63.23 224.00
car 0.527794 67.33 0.00 210.88 89.87
boat 0.527690 0.00 0.00 19.87 23.51
bottle 0.527599 151.38 75.58 195.36 123.41
bottle 0.527598 178.06 30.81 202.34 61.44
bottle 0.527585 95.96 26.93 118.61 51.06
bottle 0.527439 131.97 80.27 155.91 105.99
person 0.527407 115.29 190.13 147.71 224.00
boat 0.527362 57.63 5.16 81.68 24.61
car 0.527329 139.79 0.00 173.77 16.72
boat 0.527182 53.29 11.99 74.58 28.84
bottle 0.527051 60.51 211.45 89.10 224.00
person 0.526996 20.77 65.13 192.41 198.30
car 0.526938 130.16 0.00 165.51 17.69
bottle 0.526916 133.38 46.32 164.18 81.36
boat 0.526852 73.40 13.41 95.59 27.20
sheep 0.526819 128.44 0.00 166.04 39.57
person 0.526794 163.21 211.40 196.39 224.00
person 0.526629 119.84 195.24 158.68 224.00
bottle 0.526568 93.98 36.46 119.44 62.46
boat 0.526500 94.64 9.30 117.94 28.84
bottle 0.526412 43.07 211.25 75.83 224.00
bottle 0.526371 113.72 144.91 136.38 182.23
car 0.526332 180.15 31.79 207.88 60.31
person 0.526246 219.95 119.25 224.00 161.64
boat 0.526065 63.95 5.40 87.78 24.03
person 0.526065 0.00 0.00 43.47 44.84
bottle 0.526040 127.01 47.07 156.20 77.58
bottle 0.526033 176.23 7.74 205.24 46.86
person 0.526002 159.95 165.16 177.19 185.57
boat 0.525990 56.14 0.00 83.78 21.69
person 0.525974 199.73 108.03 211.84 136.22
bottle 0.525971 53.13 210.46 82.21 224.00
bottle 0.525851 132.07 35.17 166.96 73.86
person 0.525844 115.54 136.14 133.63 177.15
boat 0.525657 78.05 0.00 108.51 19.36
person 0.525635 178.45 105.39 201.72 144.35
bottle 0.525625 110.17 151.36 139.20 191.39
bird 0.525604 65.31 78.58 89.81 110.27
person 0.525463 53.03 147.34 162.85 224.00
person 0.525384 139.40 0.00 223.92 128.60
boat 0.525376 95.48 18.77 116.81 38.52
person 0.525293 127.25 111.54 149.67 148.19
boat 0.525276 63.24 0.00 90.91 21.17
person 0.525255 67.36 212.18 96.28 224.00
bottle 0.525184 130.35 18.02 166.73 58.64
bottle 0.525087 119.39 86.10 140.41 114.49
person 0.525066 143.70 161.74 161.67 184.57
boat 0.524968 23.30 50.40 44.01 69.82
person 0.524921 173.89 86.91 205.88 126.87
person 0.524915 88.50 204.05 135.76 224.00
aeroplane 0.524879 18.46 12.91 41.01 29.05
car 0.524842 129.29 0.00 221.88 157.37
car 0.524801 104.38 0.00 212.12 67.51
sheep 0.524768 200.28 209.58 224.00 224.00
bottle 0.524745 125.59 27.44 162.34 62.32
sheep 0.524738 124.98 19.66 161.75 56.01
person 0.524733 219.44 5.12 224.00 55.97
person 0.524712 148.89 155.86 168.19 183.32
person 0.524646 0.00 28.56 25.38 138.46
bottle 0.524639 112.74 58.16 143.10 82.39
boat 0.524621 21.29 44.37 44.36 64.11
person 0.524598 145.38 190.84 216.34 224.00
boat 0.524587 70.56 0.00 100.59 20.33
sheep 0.524586 190.01 212.10 219.41 224.00
bottle 0.524561 108.76 85.87 130.31 112.00
bottle 0.524499 177.24 21.36 204.06 56.40
bird 0.524465 0.00 85.30 9.80 134.13
car 0.524379 220.00 41.46 224.00 94.06
person 0.524335 117.85 126.77 132.20 167.96
bird 0.524293 41.71 95.50 63.20 132.86
person 0.524263 209.52 104.95 216.43 139.85
person 0.524220 128.02 187.11 154.61 219.19
aeroplane 0.524200 21.40 167.11 49.15 190.73
person 0.524176 143.01 188.30 163.48 218.08
person 0.524157 114.83 186.96 198.72 224.00
bottle 0.524124 129.37 58.03 154.61 85.15
bird 0.524056 74.96 107.50 110.48 153.22
car 0.524044 113.22 0.00 151.23 16.70
bottle 0.524028 167.39 57.97 199.47 106.64
bird 0.524022 95.42 82.39 123.70 109.09
bird 0.523952 37.80 85.59 61.23 125.66
car 0.523938 198.14 98.64 213.85 128.65
person 0.523856 0.00 81.19 34.40 178.87
boat 0.523852 0.00 92.21 9.74 141.19
bottle 0.523834 114.43 76.75 142.72 102.15
bird 0.523829 75.01 44.73 97.97 65.38
bottle 0.523817 142.15 85.14 167.60 113.68
person 0.523796 80.79 208.94 125.59 224.00
bottle 0.523747 87.71 132.27 114.05 179.23
car 0.523704 175.70 8.29 209.42 48.67
person 0.523676 199.15 118.10 212.86 147.12
bottle 0.523637 79.89 131.74 100.38 180.44
bottle 0.523633 97.88 155.92 143.61 204.58
bottle 0.523609 112.81 49.91 144.57 75.65
bottle 0.523607 119.44 120.29 131.89 163.16
sheep 0.523592 0.00 88.69 19.15 130.09
person 0.523573 194.11 107.07 209.15 137.96
bird 0.523561 95.53 74.47 129.91 100.81
bottle 0.523540 118.68 109.84 131.92 147.78
car 0.523459 19.87 169.13 113.47 224.00
bottle 0.523456 90.55 155.70 127.40 203.63
aeroplane 0.523446 0.00 0.00 29.43 20.58
person 0.523442 147.49 136.06 169.56 176.27
aeroplane 0.523385 18.94 49.69 37.63 70.24
boat 0.523383 85.21 0.00 116.36 18.37
car 0.523360 209.56 100.99 217.30 135.74
bottle 0.523359 171.82 80.07 204.30 120.21
boat 0.523354 44.91 11.87 68.36 28.85
boat 0.523269 0.00 94.80 19.60 136.17
aeroplane 0.523253 17.40 43.10 39.78 65.71
person 0.523238 161.39 169.71 177.11 190.37
bird 0.523173 0.00 73.00 9.82 118.31
aeroplane 0.523126 10.38 13.25 36.75 29.17
bottle 0.523124 136.50 58.33 161.74 88.37
person 0.523123 122.24 120.08 136.74 164.20
car 0.523108 42.07 156.39 145.18 224.00
bottle 0.523083 69.59 43.84 85.52 63.29
person 0.523050 220.00 79.04 223.97 122.59
bird 0.523042 40.73 79.23 65.76 115.84
bottle 0.523020 155.73 59.20 193.29 109.72
person 0.522972 173.29 211.94 207.85 224.00
boat 0.522910 89.27 17.78 111.31 36.19
car 0.522893 220.00 66.17 224.00 114.08
bottle 0.522892 116.96 102.67 131.69 136.64
person 0.522892 74.23 211.58 110.25 224.00
bird 0.522879 34.88 69.33 60.91 108.71
car 0.522872 55.94 0.00 168.40 57.91
person 0.522844 169.34 188.60 224.00 224.00
boat 0.522832 30.28 0.00 61.73 19.94
aeroplane 0.522800 31.27 53.45 53.03 78.11
person 0.522779 194.09 116.08 209.84 149.61
sheep 0.522770 20.90 184.28 47.70 203.52
bird 0.522713 76.33 52.56 105.42 73.36
sheep 0.522713 123.00 8.62 160.10 46.19
boat 0.522592 18.04 34.65 44.39 57.31
boat 0.522582 28.15 50.34 51.36 69.96
car 0.522569 100.92 0.00 136.72 16.81
bottle 0.522541 112.58 109.51 126.42 145.24
sheep 0.522532 20.93 175.10 48.92 196.52
bottle 0.522519 128.11 93.13 152.63 128.61
bottle 0.522502 77.30 113.85 110.66 163.91
bottle 0.522495 92.50 43.87 120.42 70.78
bottle 0.522495 119.82 93.35 138.38 127.52
bottle 0.522478 114.34 93.19 131.18 123.70
bottle 0.522477 90.50 140.21 118.39 185.95
boat 0.522476 0.00 42.76 13.60 82.07
bottle 0.522415 73.34 136.76 87.40 186.31
person 0.522383 128.76 120.18 147.03 159.90
person 0.522357 143.46 107.06 171.39 141.76
bottle 0.522308 84.51 137.72 108.18 187.16
boat 0.522294 40.10 0.00 71.41 20.41
boat 0.522206 99.54 6.28 124.80 31.31
bird 0.522189 73.76 34.86 94.26 54.87
bottle 0.522189 120.64 110.10 136.94 149.60
person 0.522180 100.51 197.19 146.40 224.00
bird 0.522177 52.61 78.79 74.59 111.16
dog 0.522149 99.29 176.19 136.37 216.80
car 0.522138 220.00 131.29 224.00 170.20
boat 0.522133 31.20 12.96 57.03 30.36
bird 0.522089 71.19 50.34 87.82 70.57
bird 0.522087 48.39 97.25 67.10 139.28
bird 0.522069 91.61 36.11 117.74 60.31
bird 0.522039 91.03 25.92 115.11 48.67
bird 0.522021 40.91 70.85 67.23 107.35
aeroplane 0.522003 16.34 33.21 41.77 58.58
dog 0.521994 91.74 163.82 128.62 210.29
aeroplane 0.521848 18.24 16.78 40.71 35.78
sheep 0.521807 73.99 131.99 92.02 178.91
bottle 0.521788 113.51 121.30 125.33 161.32
bottle 0.521785 0.00 0.00 34.14 102.10
boat 0.521683 0.00 23.25 14.95 68.60
boat 0.521669 18.24 0.00 79.99 32.48
aeroplane 0.521654 33.82 58.66 57.19 92.86
car 0.521630 177.04 21.29 208.96 56.82
bottle 0.521624 113.29 67.85 143.07 93.31
bottle 0.521609 112.75 136.59 130.52 176.61
bottle 0.521487 130.69 68.88 154.92 95.27
person 0.521457 191.62 98.70 211.91 130.24
dog 0.521441 220.00 163.53 224.00 198.04
boat 0.521429 93.10 0.00 127.24 17.47
aeroplane 0.521398 19.58 161.58 45.90 183.66
cow 0.521397 166.26 165.81 184.89 185.10
bottle 0.521397 112.05 41.13 147.75 69.79
aeroplane 0.521355 0.00 11.88 32.27 31.59
bottle 0.521325 119.31 102.11 137.06 139.68
boat 0.521323 0.00 6.76 17.04 35.45
bottle 0.521310 71.93 149.03 82.68 197.94
bottle 0.521250 138.17 68.75 162.06 97.00
person 0.521211 84.22 174.61 186.55 224.00
person 0.521201 38.17 101.43 175.51 224.00
aeroplane 0.521104 26.09 53.14 44.81 75.56
bottle 0.521100 67.82 34.07 84.79 53.04
car 0.521050 220.00 155.75 224.00 190.27
aeroplane 0.521048 5.88 0.00 36.88 19.05
boat 0.521011 22.11 0.00 53.49 19.37
aeroplane 0.520985 7.55 49.25 32.03 72.41
person 0.520952 144.15 122.44 167.76 160.10
person 0.520794 0.00 129.93 10.20 168.38
bottle 0.520786 170.31 43.52 200.10 88.66
sheep 0.520783 112.17 24.74 149.97 53.51
sheep 0.520743 216.73 199.06 224.00 224.00
bird 0.520729 39.07 102.32 56.96 136.57
sheep 0.520723 15.74 192.32 41.01 211.97
car 0.520694 34.40 0.00 105.73 32.26
bottle 0.520661 111.90 32.83 150.04 62.00
car 0.520579 212.87 0.00 224.00 39.24
bird 0.520521 36.93 110.98 55.15 143.84
boat 0.520511 82.54 17.45 105.08 33.02
bird 0.520503 37.86 53.50 60.07 78.73
person 0.520488 153.15 188.80 171.07 216.64
car 0.520479 220.00 144.45 224.00 180.38
bottle 0.520461 141.35 68.86 170.08 100.07
bottle 0.520398 109.93 101.90 126.71 134.56
aeroplane 0.520392 220.00 177.87 224.00 208.67
boat 0.520352 2.32 0.00 65.36 37.38
aeroplane 0.520323 0.00 46.16 23.96 78.20
bird 0.520299 65.57 97.81 81.02 138.19
boat 0.520286 0.00 37.54 26.79 72.54
aeroplane 0.520256 220.00 188.06 224.00 215.58
bottle 0.520217 80.12 105.84 114.22 145.27
person 0.520217 143.21 137.03 163.22 174.07
bird 0.520213 40.50 60.60 63.79 93.40
car 0.520206 47.64 0.00 143.39 42.08
cow 0.520200 169.01 169.83 185.42 190.14
person 0.520177 142.54 95.47 168.98 130.28
boat 0.520163 16.95 24.34 44.01 48.01
person 0.520154 125.45 126.30 145.92 166.02
aeroplane 0.520142 16.46 22.95 41.52 47.34
sheep 0.520121 33.72 123.44 52.53 153.80
aeroplane 0.520093 14.47 0.00 44.85 18.74
bottle 0.520065 131.93 6.57 170.46 50.92
boat 0.520044 67.26 16.91 84.69 30.75
bottle 0.519983 0.00 165.70 82.58 224.00
boat 0.519902 0.00 25.89 30.33 64.74
bottle 0.519870 98.58 19.85 121.01 42.76
person 0.519865 156.11 154.73 176.82 181.43
person 0.519859 144.13 179.25 162.93 209.65
car 0.519833 13.30 79.47 137.38 169.66
person 0.519823 132.04 179.21 154.65 213.83
aeroplane 0.519803 6.06 41.74 35.67 67.27
bottle 0.519711 190.68 92.16 212.35 124.96
bottle 0.519660 177.17 35.33 201.28 72.91
bottle 0.519650 85.65 151.76 114.70 201.29
sheep 0.519644 11.58 204.29 42.14 224.00
person 0.519626 97.85 164.45 144.62 222.33
person 0.519592 150.30 198.95 174.45 224.00
sheep 0.519558 111.96 0.00 149.67 32.57
sheep 0.519553 0.00 77.49 16.71 115.16
bottle 0.519536 100.52 142.58 132.46 184.60
boat 0.519532 34.94 49.22 57.77 70.25
bird 0.519494 77.06 59.65 113.94 84.79
person 0.519482 116.69 150.31 144.13 180.55
bottle 0.519477 80.20 148.30 98.55 199.91
bottle 0.519468 70.69 162.56 81.47 203.61
bird 0.519441 71.59 56.95 92.18 81.66
person 0.519400 121.32 137.78 144.47 175.40
person 0.519363 0.00 110.28 8.97 155.61
bottle 0.519265 162.01 44.21 193.40 91.30
person 0.519236 199.63 125.83 211.98 154.20
bird 0.519208 66.26 89.98 82.71 128.33
bottle 0.519188 140.34 56.79 168.98 90.41
bottle 0.519141 111.87 156.98 144.17 185.18
bird 0.519140 52.26 85.15 70.35 121.60
person 0.519097 178.49 117.61 199.05 159.17
bottle 0.519088 99.15 133.88 124.56 178.83
sheep 0.518983 111.12 13.34 148.47 42.94
aeroplane 0.518945 6.18 30.50 38.47 59.65
sheep 0.518942 179.51 165.25 195.68 181.55
sheep 0.518937 18.91 203.40 49.45 224.00
boat 0.518921 0.00 56.17 11.49 96.85
person 0.518850 151.64 130.12 179.46 176.49
bottle 0.518760 176.05 31.26 194.76 64.10
sheep 0.518749 75.39 123.66 96.45 173.10
sheep 0.518746 65.12 132.91 77.32 173.76
person 0.518730 143.57 165.21 159.42 191.08
sheep 0.518718 0.00 145.33 11.78 180.89
bird 0.518697 31.22 88.38 55.80 121.49
person 0.518680 208.18 114.12 216.73 149.06
car 0.518670 209.73 90.03 219.62 126.12
sheep 0.518637 26.21 193.22 52.44 211.03
sheep 0.518606 0.00 113.57 18.68 151.00
sheep 0.518582 2.51 134.96 23.81 164.78
boat 0.518575 74.70 16.83 93.86 30.89
boat 0.518549 74.04 23.09 93.58 42.20
person 0.518528 0.00 133.86 54.46 224.00
bird 0.518519 65.43 105.46 79.94 149.06
person 0.518503 13.07 65.45 119.75 162.17
car 0.518500 177.33 0.00 212.59 28.83
sheep 0.518486 181.93 170.34 196.16 188.08
bottle 0.518485 87.94 116.51 115.82 162.44
sheep 0.518467 118.89 0.00 161.06 23.46
motorbike 0.518464 175.15 108.42 224.00 214.78
aeroplane 0.518454 11.12 16.04 37.16 34.68
bottle 0.518423 69.52 176.42 80.77 207.76
bottle 0.518410 146.68 62.88 184.42 108.97
boat 0.518404 0.00 95.82 44.30 191.38
bird 0.518392 67.14 82.97 84.69 116.25
car 0.518386 147.12 77.52 224.00 186.64
aeroplane 0.518380 21.00 0.00 50.93 23.45
sheep 0.518354 0.00 190.57 14.77 219.40
bottle 0.518275 94.53 124.12 118.76 169.67
boat 0.518269 0.00 14.89 17.12 55.95
car 0.518236 0.00 127.14 102.48 208.17
bird 0.518230 83.35 25.10 110.43 45.35
bottle 0.518227 104.36 89.92 125.02 120.68
person 0.518219 191.59 153.93 224.00 224.00
boat 0.518206 0.00 132.47 87.28 219.46
person 0.518183 154.29 172.94 169.53 197.29
boat 0.518135 10.31 76.53 116.83 164.81
person 0.518133 152.32 179.87 169.21 206.94
sheep 0.518112 38.03 122.19 58.53 153.69
bottle 0.518078 62.09 179.06 74.98 206.34
bird 0.518002 92.11 65.49 128.05 91.32
bird 0.517975 56.12 54.65 73.79 78.28
aeroplane 0.517958 5.15 93.60 24.95 125.12
person 0.517930 148.00 171.21 163.19 200.42
boat 0.517925 67.18 22.32 84.40 40.39
bottle 0.517905 62.22 189.88 75.16 213.26
sheep 0.517890 1.43 124.81 19.86 158.51
bottle 0.517882 64.70 139.39 75.84 180.55
sheep 0.517856 103.88 2.55 137.69 32.87
bottle 0.517855 68.76 189.44 80.64 212.42
boat 0.517801 32.99 42.99 56.95 63.80
aeroplane 0.517796 21.24 154.18 48.25 180.95
aeroplane 0.517744 29.64 70.29 52.35 104.26
aeroplane 0.517694 0.00 52.26 20.84 84.62
boat 0.517682 56.12 49.29 71.73 68.02
bird 0.517618 71.18 68.64 98.72 100.84
car 0.517528 34.11 110.65 162.69 224.00
bottle 0.517517 61.73 166.40 75.16 200.63
aeroplane 0.517489 10.78 137.20 32.40 164.57
bottle 0.517425 62.86 153.73 75.39 193.30
bottle 0.517408 135.61 25.22 171.03 65.30
sheep 0.517400 4.05 143.97 29.45 171.11
bottle 0.517342 187.70 84.89 210.02 118.80
sheep 0.517278 0.00 203.88 32.25 224.00
sheep 0.517268 47.63 116.86 66.84 155.95
bottle 0.517201 181.77 73.99 206.76 112.34
sheep 0.517184 0.00 67.71 16.88 105.16
bottle 0.517174 79.29 160.43 93.35 204.51
sheep 0.517127 65.70 114.48 79.14 159.75
aeroplane 0.517119 26.01 124.63 45.28 154.77
person 0.517097 161.84 189.19 179.48 216.36
person 0.517068 158.15 201.74 183.63 224.00
boat 0.517049 29.19 17.84 53.66 38.04
bird 0.517034 32.93 97.87 54.99 130.48
aeroplane 0.517025 7.33 54.45 28.19 78.51
boat 0.517020 44.67 14.69 64.68 34.97
bird 0.517000 74.27 84.17 114.63 119.79
person 0.516982 160.82 173.65 176.31 196.95
bottle 0.516977 65.32 43.03 79.44 60.36
sheep 0.516974 25.91 204.84 57.78 224.00
sheep 0.516949 0.00 161.39 12.62 195.91
car 0.516936 15.32 105.14 134.66 198.65
sheep 0.516891 0.00 181.90 14.14 209.88
aeroplane 0.516865 2.79 89.45 24.14 117.71
aeroplane 0.516845 12.48 147.40 37.79 172.99
aeroplane 0.516836 9.27 104.39 26.18 137.62
car 0.516827 180.97 37.19 205.16 70.61
bottle 0.516765 171.54 33.76 194.40 74.61
aeroplane 0.516714 28.85 58.72 48.99 88.67
boat 0.516696 29.34 33.17 175.93 151.53
bottle 0.516674 176.94 59.65 204.19 102.74
aeroplane 0.516667 30.50 134.71 50.18 163.42
bird 0.516606 55.78 64.30 76.35 94.27
boat 0.516557 54.52 42.66 70.59 60.51
boat 0.516500 63.45 32.59 78.80 50.91
boat 0.516489 24.45 24.63 50.44 48.92
sheep 0.516402 193.22 163.11 205.72 178.83
boat 0.516304 29.88 112.34 48.73 143.29
sheep 0.516263 105.32 0.00 146.04 20.90
dog 0.516199 193.65 169.45 205.78 186.77
sheep 0.516130 0.00 171.75 13.30 203.29
aeroplane 0.516119 9.77 114.51 27.07 145.85
dog 0.516101 201.70 167.56 210.95 187.56
aeroplane 0.516057 9.87 126.16 28.72 155.75
car 0.516048 197.09 85.66 213.18 116.83
aeroplane 0.516045 18.47 147.07 43.24 174.94
bird 0.516018 66.79 49.21 81.40 67.68
sheep 0.516011 48.49 127.97 66.27 163.01
aeroplane 0.515976 23.70 135.13 44.65 164.77
aeroplane 0.515975 17.62 137.00 39.01 165.30
boat 0.515856 36.55 10.83 191.35 128.63
boat 0.515856 0.00 16.95 33.89 50.83
sheep 0.515823 16.97 95.56 35.80 123.53
dog 0.515798 201.92 160.40 211.27 179.88
sheep 0.515765 32.65 103.30 52.40 135.01
aeroplane 0.515755 14.35 155.28 42.93 178.31
bird 0.515680 66.68 55.06 84.56 79.16
sheep 0.515661 5.60 151.02 34.95 176.71
car 0.515589 204.05 31.87 223.62 69.10
cow 0.515500 160.41 179.70 176.20 205.18
person 0.515491 162.89 153.60 184.20 180.24
aeroplane 0.515477 17.70 126.65 36.77 155.78
boat 0.515461 62.22 20.83 78.09 39.06
bottle 0.515457 4.15 0.00 74.55 106.14
boat 0.515454 34.24 32.66 57.52 56.68
bottle 0.515329 58.99 202.70 77.60 224.00
aeroplane 0.515293 0.00 58.80 18.15 93.65
aeroplane 0.515291 0.49 83.03 23.16 109.72
sheep 0.515282 137.03 0.00 174.65 23.57
bird 0.515254 65.87 66.40 88.52 97.91
cow 0.515227 169.92 173.20 184.75 196.21
dog 0.515185 93.70 179.59 123.68 214.35
boat 0.515178 0.00 104.22 98.63 192.78
sheep 0.515151 201.17 193.37 210.23 210.83
car 0.515111 200.77 135.70 210.59 161.71
boat 0.515087 24.26 0.00 85.27 56.39
dog 0.515073 201.76 175.56 210.14 194.95
boat 0.515062 53.11 31.51 70.14 51.60
bottle 0.515049 149.92 48.66 183.47 93.12
bottle 0.515043 65.75 203.66 83.14 224.00
sheep 0.515004 178.21 152.30 194.68 174.85
bottle 0.514996 141.83 0.00 179.66 39.34
dog 0.514985 193.78 74.48 211.58 108.76
bottle 0.514976 101.18 18.62 131.82 44.33
sheep 0.514975 36.61 133.61 56.26 162.14
bottle 0.514953 78.50 174.14 89.55 207.90
sheep 0.514922 201.79 149.09 210.48 171.06
dog 0.514902 87.00 173.01 111.53 208.56
aeroplane 0.514898 19.29 114.96 36.07 144.58
bottle 0.514879 160.73 8.29 192.62 47.52
boat 0.514841 0.16 22.11 82.49 136.46
dog 0.514830 93.96 188.20 133.82 224.00
aeroplane 0.514816 19.90 105.62 35.55 135.97
cow 0.514810 173.25 190.70 188.44 215.17
aeroplane 0.514802 45.33 192.80 68.07 212.27
person 0.514765 160.67 128.97 186.55 173.32
bottle 0.514754 107.54 160.56 143.82 196.75
sheep 0.514694 201.88 184.76 209.58 202.17
sheep 0.514693 4.87 191.56 34.09 212.89
aeroplane 0.514687 15.52 84.01 36.29 108.86
motorbike 0.514685 120.62 96.31 213.07 196.74
sheep 0.514638 47.00 138.58 65.21 169.73
aeroplane 0.514638 32.89 194.97 59.97 211.36
bottle 0.514589 4.56 0.00 69.32 65.83
aeroplane 0.514526 26.70 144.51 49.74 173.06
bottle 0.514477 99.67 29.25 129.23 55.21
sheep 0.514435 7.02 157.40 38.40 182.02
bottle 0.514432 77.45 187.93 88.48 211.28
aeroplane 0.514395 27.22 187.60 57.96 201.77
sheep 0.514327 13.56 183.16 43.41 200.83
boat 0.514319 54.47 19.60 70.77 40.23
person 0.514272 138.69 170.34 155.78 206.79
boat 0.514243 39.35 20.84 60.20 45.80
person 0.514239 3.34 42.19 92.68 147.01
sheep 0.514132 33.95 206.11 65.10 224.00
person 0.514111 168.10 204.70 193.38 224.00
person 0.514070 179.12 132.06 196.32 167.24
sheep 0.514069 194.00 151.11 205.28 170.42
bottle 0.514068 161.68 29.63 185.68 68.11
car 0.514003 3.93 148.57 101.75 224.00
aeroplane 0.513945 39.96 184.75 66.03 202.97
car 0.513873 21.45 128.35 130.99 224.00
aeroplane 0.513872 23.99 178.49 57.77 194.63
car 0.513824 211.14 82.54 219.60 118.90
car 0.513773 94.37 96.15 203.44 197.83
boat 0.513750 46.03 0.00 165.99 69.76
sheep 0.513749 183.28 175.17 195.44 194.29
cow 0.513717 171.12 179.48 184.92 203.46
bottle 0.513511 156.74 35.86 183.90 79.54
sheep 0.513506 43.89 148.28 64.56 176.93
aeroplane 0.513483 15.97 72.46 36.17 98.84
sheep 0.513466 16.28 165.81 45.60 186.11
sheep 0.513454 46.13 204.09 71.88 224.00
aeroplane 0.513398 0.00 72.46 23.27 100.28
bottle 0.513316 161.16 19.81 189.45 54.00
sheep 0.513278 206.22 202.88 219.75 224.00
cow 0.513261 194.39 134.54 206.72 162.34
dog 0.513223 188.48 60.27 210.18 99.10
sheep 0.513209 210.66 190.49 217.46 210.89
aeroplane 0.513194 36.78 175.22 65.39 196.21
bottle 0.513159 141.06 39.01 174.46 82.99
aeroplane 0.513132 25.80 163.26 56.19 185.53
dog 0.513125 194.55 176.39 204.86 194.32
boat 0.513057 31.39 2.69 106.17 101.93
sheep 0.512999 7.28 164.00 39.77 188.27
dog 0.512989 185.21 193.75 198.31 211.58
dog 0.512968 212.00 165.25 219.05 190.69
bottle 0.512938 211.82 70.45 220.05 110.42
aeroplane 0.512913 17.76 60.22 35.66 84.95
bottle 0.512890 40.31 156.77 64.64 183.77
car 0.512865 195.47 16.86 223.34 63.16
motorbike 0.512864 189.94 3.71 223.11 53.04
person 0.512775 104.00 147.23 193.53 224.00
sheep 0.512755 195.63 205.91 213.95 224.00
dog 0.512735 86.55 184.81 106.92 211.45
sheep 0.512670 33.70 144.13 55.31 171.43
dog 0.512658 212.00 173.01 218.45 197.27
sheep 0.512651 147.33 0.00 180.44 20.76
aeroplane 0.512616 37.41 165.09 65.11 189.13
car 0.512613 209.77 134.21 217.17 164.32
dog 0.512605 212.00 157.98 218.82 183.74
sheep 0.512604 194.25 194.37 204.60 210.72
aeroplane 0.512579 2.95 61.65 24.53 88.30
dog 0.512543 211.64 181.51 217.61 203.27
sheep 0.512524 73.55 203.75 89.81 224.00
car 0.512523 211.35 56.75 221.24 101.14
sheep 0.512486 15.46 173.38 45.87 192.52
person 0.512410 66.68 90.11 199.85 196.09
car 0.512406 184.28 44.85 209.41 83.23
boat 0.512335 37.94 0.00 121.29 55.77
sheep 0.512330 29.78 154.54 55.53 179.39
car 0.512327 209.18 42.51 222.95 87.31
sheep 0.512322 184.53 183.09 195.69 201.36
car 0.512184 212.00 147.48 217.87 174.88
bottle 0.512154 175.23 0.00 208.83 29.78
dog 0.512078 195.05 185.18 203.99 201.51
person 0.511979 135.41 149.78 209.19 224.00
dog 0.511829 179.60 206.72 204.00 224.00
dog 0.511787 87.04 194.61 123.44 224.00
sheep 0.511686 7.06 173.10 40.07 195.26
boat 0.511602 37.55 5.34 149.87 109.45
bottle 0.511587 162.41 0.00 197.51 33.74
sheep 0.511289 188.08 207.20 208.99 224.00
car 0.510947 186.71 0.00 221.97 33.30
person 0.510901 160.87 150.91 224.00 224.00
bottle 0.510567 161.01 0.00 195.58 16.38
dog 0.510555 81.07 201.10 105.74 224.00
