horse 0.608601 6.49 35.40 203.65 199.85
chair 0.576712 38.80 136.69 140.05 214.10
sheep 0.576683 41.67 132.69 129.47 212.73
chair 0.563586 94.05 53.20 154.00 138.97
horse 0.559072 21.60 72.39 172.44 204.28
sheep 0.553429 93.62 49.71 152.10 137.46
cow 0.550188 0.00 113.50 11.82 177.77
chair 0.549899 91.18 113.90 133.50 203.72
cow 0.548434 21.55 59.08 181.16 197.00
horse 0.547472 15.52 20.03 185.22 152.64
horse 0.546469 0.00 49.34 169.61 169.24
cow 0.546467 94.62 55.61 150.51 139.73
chair 0.545775 34.84 143.45 110.34 211.07
cow 0.545451 96.15 105.49 131.79 188.60
chair 0.545392 0.00 138.95 10.20 206.16
cow 0.544749 86.65 110.94 126.93 197.57
pottedplant 0.544589 0.00 120.00 10.81 190.23
person 0.544321 0.00 38.86 10.30 76.92
cow 0.544246 55.40 123.35 119.96 200.85
person 0.543923 0.00 85.56 10.97 136.14
sheep 0.543494 94.51 108.93 137.50 195.99
boat 0.543114 46.90 127.58 119.81 199.42
motorbike 0.542036 155.04 61.90 224.00 213.04
sheep 0.541451 87.47 123.38 133.38 208.57
person 0.541386 0.00 19.66 11.26 56.78
bicycle 0.540168 21.56 98.87 170.68 210.25
boat 0.539901 40.25 123.60 102.97 189.82
aeroplane 0.539698 165.47 65.86 224.00 211.15
person 0.539286 16.28 91.90 37.96 128.32
boat 0.538721 31.01 117.99 80.57 185.55
sheep 0.538706 51.13 117.74 112.11 187.27
sheep 0.538310 0.00 115.14 19.28 176.52
chair 0.538202 33.22 127.30 91.93 205.30
cow 0.537071 69.30 109.96 120.52 189.41
sheep 0.536659 80.29 55.00 132.93 129.35
person 0.536373 0.00 88.59 19.01 132.49
chair 0.536144 53.06 155.44 115.96 214.13
horse 0.536140 65.91 19.97 216.52 177.64
person 0.536079 0.00 53.56 9.98 94.13
person 0.535906 0.00 75.36 10.91 120.30
chair 0.535887 0.00 161.31 10.77 220.11
pottedplant 0.535392 0.00 199.84 18.85 224.00
person 0.534971 0.00 94.47 10.37 155.23
chair 0.534763 26.10 135.95 73.38 210.36
aeroplane 0.534560 80.19 55.75 130.10 126.02
cow 0.534437 97.23 91.09 132.46 164.93
diningtable 0.534222 89.63 53.06 142.64 127.32
cow 0.534014 95.88 73.11 138.95 148.46
pottedplant 0.533899 36.05 206.55 90.98 224.00
person 0.533815 9.94 91.71 30.28 128.01
bicycle 0.533745 21.87 133.28 162.61 224.00
person 0.533744 0.00 64.10 10.14 105.88
boat 0.533630 23.94 116.74 63.86 174.98
chair 0.533404 0.00 147.91 16.74 210.49
sheep 0.533381 62.42 106.09 113.29 174.46
cow 0.533324 173.51 78.46 224.00 215.38
chair 0.533035 113.55 67.15 163.67 120.21
chair 0.532965 42.81 206.26 98.10 224.00
chair 0.532826 0.00 101.58 22.51 196.76
person 0.532727 220.00 119.61 224.00 171.50
motorbike 0.532218 137.87 31.82 224.00 172.31
sheep 0.532161 45.97 111.64 102.54 172.25
person 0.532153 0.00 81.06 22.83 188.13
pottedplant 0.531814 0.00 205.04 30.91 224.00
horse 0.531475 143.20 21.76 224.00 154.69
chair 0.531386 0.00 165.93 42.14 224.00
sheep 0.531115 98.06 129.50 144.93 203.07
sheep 0.531069 19.07 122.62 47.89 177.62
cow 0.530975 0.00 107.88 19.12 167.23
pottedplant 0.530947 23.39 207.85 77.00 224.00
aeroplane 0.530862 67.51 60.89 120.96 121.78
chair 0.530845 58.32 206.54 110.45 224.00
boat 0.530519 40.66 113.03 88.68 171.04
sheep 0.530436 48.02 95.92 105.98 153.64
sheep 0.530389 39.15 82.44 90.47 142.44
chair 0.530244 0.00 128.11 25.22 217.63
sheep 0.530201 10.21 123.69 37.88 177.73
sheep 0.530062 40.65 69.79 91.53 126.58
chair 0.529927 220.00 132.51 224.00 185.02
chair 0.529822 33.97 160.04 92.90 217.26
person 0.529539 211.02 203.29 224.00 224.00
sheep 0.529420 41.83 67.92 88.36 100.21
person 0.529216 0.00 56.79 25.36 161.86
person 0.529101 185.74 176.55 224.00 224.00
cow 0.528999 220.00 139.42 224.00 192.58
horse 0.528983 45.56 82.10 224.00 219.69
sheep 0.528966 65.22 207.94 115.76 224.00
sheep 0.528871 72.42 94.83 120.03 161.45
chair 0.528605 18.55 127.49 52.97 198.75
boat 0.528575 0.00 10.10 11.69 45.69
sheep 0.528527 1.05 118.54 29.53 171.41
aeroplane 0.528470 58.58 83.91 115.57 137.02
pottedplant 0.528456 11.27 209.11 59.97 224.00
car 0.528383 0.00 0.00 38.79 41.50
chair 0.528311 130.08 66.66 177.30 113.58
person 0.528288 154.33 15.66 224.00 138.87
person 0.528007 220.00 109.80 224.00 156.20
person 0.527970 0.00 0.00 17.91 27.22
sheep 0.527966 87.13 210.75 132.97 224.00
sheep 0.527812 30.35 88.31 62.12 150.14
sheep 0.527776 31.79 82.07 73.52 143.79
motorbike 0.527658 7.15 22.03 177.38 128.69
person 0.527434 20.95 90.42 43.26 129.91
aeroplane 0.527337 46.69 66.16 93.92 101.12
chair 0.527093 22.06 166.08 66.75 216.67
sheep 0.527086 57.15 157.36 119.40 215.05
chair 0.527045 8.47 127.82 38.06 198.21
sheep 0.527028 151.68 212.62 193.51 224.00
chair 0.526950 45.48 143.25 179.25 224.00
chair 0.526810 0.53 168.91 78.87 224.00
person 0.526790 0.00 80.18 17.82 119.33
dog 0.526749 208.24 0.00 224.00 17.81
cow 0.526711 220.00 161.38 224.00 210.26
sheep 0.526490 39.31 105.80 87.84 163.45
sheep 0.526413 29.96 113.05 169.74 212.75
chair 0.526376 19.03 151.84 60.37 211.85
cow 0.526356 159.27 211.95 200.24 224.00
sheep 0.526331 104.49 211.35 146.98 224.00
aeroplane 0.526224 50.47 60.95 111.94 109.91
sheep 0.526210 36.33 69.58 75.94 102.03
chair 0.526180 0.00 189.65 15.55 224.00
aeroplane 0.526179 136.92 65.42 185.05 111.92
sheep 0.526172 137.71 213.14 179.10 224.00
sheep 0.526068 38.76 66.52 76.96 92.58
sheep 0.525982 90.43 72.44 146.45 145.98
person 0.525977 173.02 0.00 224.00 65.96
horse 0.525952 8.38 0.37 181.02 106.54
person 0.525858 17.57 84.33 34.32 118.83
car 0.525539 12.55 30.09 180.95 153.41
sheep 0.525352 31.74 66.75 53.77 92.18
sheep 0.525292 34.19 102.94 71.92 162.03
cow 0.525178 65.76 159.99 192.41 224.00
chair 0.525166 15.14 166.67 54.01 215.28
aeroplane 0.525037 52.63 21.54 85.25 67.50
chair 0.524828 11.31 152.40 43.79 210.89
cow 0.524725 0.00 95.97 18.28 152.09
cow 0.524684 95.06 174.88 203.53 224.00
sheep 0.524645 14.29 96.14 37.29 142.37
boat 0.524511 0.00 0.00 13.04 36.77
dog 0.524496 190.37 110.63 210.30 146.10
chair 0.524496 40.57 172.21 106.20 224.00
sheep 0.524437 23.28 93.91 53.53 151.78
sheep 0.524411 8.96 109.83 37.63 158.86
aeroplane 0.524406 56.68 0.00 94.89 14.52
motorbike 0.524219 0.00 99.72 166.68 224.00
chair 0.524141 0.55 174.64 20.45 222.56
cow 0.524090 186.35 210.31 219.62 224.00
sheep 0.524077 25.30 68.92 43.33 92.51
person 0.523981 0.00 28.21 13.67 60.62
person 0.523965 10.58 83.61 28.56 117.54
cow 0.523928 220.00 176.97 224.00 221.81
dog 0.523922 220.00 50.92 224.00 90.46
sheep 0.523851 220.00 103.38 224.00 147.49
chair 0.523785 3.75 148.94 29.55 209.40
aeroplane 0.523617 14.79 0.00 117.13 48.23
person 0.523594 20.08 77.17 34.64 103.60
person 0.523545 19.38 70.19 35.65 93.05
chair 0.523533 28.13 92.56 167.67 197.02
aeroplane 0.523407 13.52 19.10 170.70 118.93
cow 0.523401 176.33 211.98 213.50 224.00
sheep 0.523388 56.65 173.12 115.63 224.00
sheep 0.523328 123.07 211.57 166.74 224.00
diningtable 0.523160 104.98 65.38 159.33 122.98
person 0.523055 87.50 28.49 206.16 148.59
sheep 0.523025 16.11 107.75 45.16 158.76
aeroplane 0.522895 53.86 13.48 85.28 53.73
sheep 0.522879 29.03 72.62 52.79 104.56
cow 0.522818 197.75 206.67 224.00 224.00
sheep 0.522817 23.87 75.44 40.88 104.20
cow 0.522758 23.43 84.44 145.81 188.23
aeroplane 0.522662 47.90 23.12 76.93 63.11
sheep 0.522543 100.15 151.91 138.00 213.43
sheep 0.522383 19.60 94.60 43.13 143.27
sheep 0.522372 199.75 111.11 215.41 149.15
person 0.522369 0.00 47.16 13.11 81.60
person 0.522123 0.00 67.85 15.79 103.96
sheep 0.522110 24.83 87.21 51.01 136.03
dog 0.521990 180.03 111.79 199.80 141.92
sheep 0.521939 6.08 96.88 28.82 145.95
aeroplane 0.521913 69.53 0.00 108.98 14.00
sheep 0.521882 195.88 54.93 214.82 82.52
chair 0.521694 6.52 164.24 36.04 214.69
sheep 0.521480 155.23 0.00 188.72 16.26
car 0.521403 0.00 0.00 88.99 42.23
dog 0.521390 220.00 94.04 224.00 138.95
sheep 0.521338 25.87 62.19 45.41 84.79
sheep 0.521277 92.72 93.03 141.91 160.92
aeroplane 0.521256 80.23 0.00 117.24 14.50
chair 0.521248 27.17 175.76 79.00 224.00
cow 0.521184 14.35 87.65 98.16 184.72
person 0.521099 18.58 62.80 36.57 83.54
sheep 0.521058 99.01 0.00 134.11 15.40
aeroplane 0.521028 50.74 34.13 86.20 80.63
cow 0.520967 216.09 191.20 224.00 224.00
diningtable 0.520775 87.15 48.56 130.06 113.77
aeroplane 0.520756 3.11 0.00 163.09 92.08
dog 0.520750 220.00 60.41 224.00 105.86
chair 0.520708 32.81 194.65 95.13 224.00
person 0.520685 10.60 74.08 27.61 103.26
aeroplane 0.520633 57.58 6.82 91.08 41.88
horse 0.520601 28.16 0.00 164.04 73.49
dog 0.520530 220.00 6.82 224.00 45.06
cow 0.520509 152.92 179.80 224.00 224.00
cow 0.520504 125.55 67.51 170.98 114.09
sheep 0.520425 26.30 77.02 64.63 132.16
sheep 0.520419 100.09 189.23 141.82 223.98
sheep 0.520415 165.83 0.00 198.43 16.92
cow 0.520338 184.86 149.42 224.00 224.00
sheep 0.520315 174.99 153.97 191.34 192.23
cow 0.520266 197.04 173.54 210.82 207.21
aeroplane 0.520217 45.69 36.27 78.03 76.79
pottedplant 0.520215 0.51 194.39 25.64 224.00
aeroplane 0.520195 189.22 0.00 217.39 14.84
aeroplane 0.520191 49.67 14.95 78.03 49.08
sheep 0.520160 146.47 0.00 180.04 15.31
aeroplane 0.520059 146.92 60.01 195.21 103.33
sheep 0.520036 31.74 71.83 71.27 116.72
car 0.520023 0.00 28.61 29.46 126.67
person 0.520004 18.62 75.00 117.50 190.82
aeroplane 0.519997 35.16 28.48 52.98 57.85
dog 0.519951 141.45 74.95 172.33 127.27
aeroplane 0.519929 42.19 25.36 63.35 59.51
dog 0.519852 220.00 0.00 224.00 33.42
dog 0.519847 155.06 33.99 193.27 59.86
person 0.519844 116.78 0.00 201.88 64.48
aeroplane 0.519825 13.07 0.00 143.74 65.28
dog 0.519697 162.68 39.40 199.49 70.06
dog 0.519697 152.40 40.56 193.81 73.99
dog 0.519610 220.00 36.15 224.00 76.14
sheep 0.519485 195.00 164.14 209.83 202.82
sheep 0.519462 109.54 146.61 150.68 203.83
sheep 0.519448 196.71 0.00 224.00 14.98
sheep 0.519409 173.70 169.86 190.32 203.22
aeroplane 0.519389 44.99 0.00 81.75 13.35
sheep 0.519378 89.24 168.92 136.77 215.92
aeroplane 0.519363 36.91 20.91 53.28 47.07
person 0.519306 8.54 64.23 26.15 91.89
aeroplane 0.519211 121.29 15.01 219.10 142.86
sheep 0.519171 189.00 175.96 205.81 208.43
aeroplane 0.519168 143.65 71.20 178.93 122.18
sheep 0.519162 180.10 152.10 198.31 192.83
dog 0.519100 150.10 91.46 171.72 132.76
cow 0.519042 127.69 77.33 220.36 204.17
sheep 0.519039 142.58 194.21 170.14 219.00
boat 0.519013 4.17 22.01 21.42 44.54
aeroplane 0.519012 182.64 0.00 210.74 15.59
sheep 0.519002 179.62 167.49 198.63 204.22
aeroplane 0.518965 77.20 49.65 122.11 109.32
chair 0.518945 54.13 193.35 111.74 224.00
dog 0.518877 165.25 32.82 199.37 58.11
aeroplane 0.518870 123.64 66.95 164.82 127.84
dog 0.518815 220.00 14.81 224.00 57.64
sheep 0.518788 6.91 175.21 39.84 220.79
sheep 0.518775 201.62 119.28 213.26 160.97
cow 0.518754 196.88 182.93 213.46 215.21
sheep 0.518747 175.41 0.00 205.52 16.97
dog 0.518695 184.39 52.59 207.25 84.10
aeroplane 0.518695 103.35 30.70 124.34 64.52
dog 0.518684 191.61 119.94 207.11 159.04
pottedplant 0.518668 27.95 195.06 89.16 224.00
sheep 0.518655 172.41 179.15 189.40 207.17
chair 0.518597 12.85 98.47 91.66 189.72
person 0.518588 4.49 26.13 22.39 50.54
sheep 0.518577 171.65 111.58 187.24 138.33
person 0.518520 166.03 0.00 224.00 102.74
dog 0.518436 33.63 40.28 52.89 70.01
sheep 0.518433 23.41 78.57 50.21 120.73
aeroplane 0.518431 38.14 16.42 52.81 34.37
dog 0.518399 157.17 46.59 197.37 84.74
dog 0.518369 198.63 100.25 215.67 136.47
aeroplane 0.518365 96.28 28.62 116.47 65.05
sheep 0.518333 175.47 141.55 190.57 178.48
sheep 0.518311 98.87 113.70 144.22 177.56
sheep 0.518278 198.29 141.98 210.74 184.40
sheep 0.518267 142.01 181.76 166.86 209.45
sheep 0.518251 105.61 62.47 156.42 129.52
dog 0.518244 187.19 100.08 210.57 133.34
sheep 0.518225 101.82 0.00 206.68 105.82
dog 0.518212 214.30 0.00 224.00 21.51
aeroplane 0.518208 129.18 0.00 209.18 64.39
boat 0.518181 0.00 0.00 23.99 25.58
sheep 0.518166 156.16 107.67 170.58 138.00
dog 0.518162 181.58 122.16 197.97 157.96
person 0.518161 7.09 56.07 24.93 81.48
sheep 0.518154 132.42 0.00 165.47 14.76
sheep 0.518138 186.13 156.42 205.18 200.21
sheep 0.518119 211.51 113.15 223.04 154.73
sheep 0.518037 26.13 54.30 44.58 76.81
sheep 0.518005 173.93 117.23 188.16 145.58
aeroplane 0.517993 44.44 17.20 64.99 46.76
sheep 0.517974 169.80 154.06 183.05 191.50
dog 0.517959 170.71 46.57 203.17 79.23
sheep 0.517951 114.05 0.00 149.33 13.73
dog 0.517928 174.69 40.57 205.56 69.00
sheep 0.517885 180.49 139.34 198.27 177.75
dog 0.517842 40.19 38.71 63.46 73.50
sheep 0.517780 187.31 144.89 205.07 186.83
car 0.517645 0.00 5.67 31.42 97.58
sheep 0.517638 156.31 137.99 174.12 178.97
sheep 0.517602 150.98 182.03 172.12 207.92
sheep 0.517577 158.14 152.32 173.86 190.82
sheep 0.517577 160.22 98.72 177.27 132.34
aeroplane 0.517550 92.18 74.94 149.42 142.19
sheep 0.517545 74.49 180.65 133.05 224.00
sheep 0.517539 198.30 61.72 213.44 95.42
sheep 0.517531 152.03 84.32 177.10 128.43
cow 0.517510 188.21 186.34 207.72 216.91
sheep 0.517500 59.68 194.50 115.49 224.00
sheep 0.517443 165.11 110.01 177.49 136.47
sheep 0.517409 157.21 115.90 170.07 147.41
sheep 0.517408 155.51 128.65 172.99 170.46
sheep 0.517408 175.07 132.75 189.93 168.85
sheep 0.517402 124.18 0.00 157.12 13.93
sheep 0.517394 180.67 130.39 197.98 168.03
person 0.517392 17.41 54.96 34.56 74.33
aeroplane 0.517350 52.11 10.77 81.29 33.63
aeroplane 0.517309 108.27 31.41 132.02 63.93
sheep 0.517280 168.04 161.59 181.98 197.14
dog 0.517208 157.89 56.71 200.15 98.08
sheep 0.517176 169.46 141.50 182.61 179.19
person 0.517123 9.29 47.97 131.65 155.05
aeroplane 0.517059 38.15 0.00 72.26 12.52
sheep 0.517043 32.73 52.83 54.20 81.47
sheep 0.517042 166.99 116.80 178.23 145.00
sheep 0.517008 174.94 124.26 189.06 157.85
dog 0.516991 176.16 32.69 204.57 59.42
sheep 0.516988 92.22 203.58 138.83 224.00
sheep 0.516970 168.00 103.90 186.79 133.82
sheep 0.516962 189.87 127.92 206.31 168.84
sheep 0.516960 163.52 181.00 180.76 206.57
sheep 0.516952 205.66 54.43 222.71 85.61
pottedplant 0.516901 17.76 195.84 71.36 224.00
sheep 0.516893 168.37 190.42 191.19 219.15
sheep 0.516840 159.33 192.30 183.20 218.73
dog 0.516816 146.64 49.53 191.00 90.94
dog 0.516805 115.26 32.23 140.69 62.39
aeroplane 0.516756 108.44 38.80 135.19 83.93
aeroplane 0.516724 154.63 67.73 197.35 110.88
sheep 0.516723 126.05 144.15 152.90 195.74
sheep 0.516714 108.65 176.65 145.36 211.84
sheep 0.516706 168.22 132.38 181.42 169.49
person 0.516698 114.85 10.09 210.51 126.45
sheep 0.516680 192.17 43.47 215.38 69.82
aeroplane 0.516678 46.45 13.09 67.67 32.42
aeroplane 0.516678 113.73 39.63 143.79 84.48
aeroplane 0.516590 26.04 21.44 41.19 38.14
aeroplane 0.516554 58.79 0.00 91.81 24.89
dog 0.516538 156.91 27.41 189.50 51.16
dog 0.516507 42.46 52.16 82.88 89.37
sheep 0.516475 156.45 121.16 171.11 160.11
dog 0.516469 185.40 43.50 210.95 69.76
person 0.516465 141.00 0.00 218.75 65.00
sheep 0.516449 145.08 115.17 161.46 152.17
horse 0.516391 70.71 0.00 202.04 102.97
sheep 0.516390 155.59 160.22 171.92 197.00
sheep 0.516341 122.80 120.75 150.35 177.59
person 0.516322 6.21 48.44 23.45 72.82
sheep 0.516309 141.55 124.64 162.26 173.98
dog 0.516300 183.92 34.58 209.07 61.49
sheep 0.516299 25.33 43.49 42.53 65.89
aeroplane 0.516247 104.56 37.59 126.59 82.08
person 0.516232 212.00 120.25 224.00 167.43
cow 0.516225 78.92 98.01 199.44 207.53
sheep 0.516211 116.02 161.56 152.56 209.08
sheep 0.516206 166.34 171.21 181.03 201.81
aeroplane 0.516181 26.17 25.83 42.13 47.92
aeroplane 0.516174 46.95 50.25 89.15 91.33
dog 0.516166 144.53 35.61 172.80 60.09
cow 0.516152 177.55 188.90 199.81 217.67
dog 0.516142 131.43 83.69 163.36 134.46
dog 0.516123 140.30 103.95 162.56 141.25
sheep 0.516118 167.68 123.85 179.63 158.48
dog 0.516073 126.56 33.79 149.62 59.96
dog 0.516058 171.39 96.91 199.06 130.19
person 0.515982 50.63 127.09 183.96 224.00
dog 0.515958 137.06 34.79 159.22 58.86
aeroplane 0.515938 152.72 77.14 186.36 121.88
aeroplane 0.515885 30.86 0.00 62.11 12.64
dog 0.515880 140.77 42.22 173.01 77.91
dog 0.515861 198.54 89.33 215.05 122.53
aeroplane 0.515841 78.95 24.98 108.28 66.35
dog 0.515824 176.39 60.01 205.89 98.70
sheep 0.515821 110.83 190.63 146.95 218.23
aeroplane 0.515781 122.17 41.04 151.80 82.61
sheep 0.515756 212.00 125.63 224.00 174.27
dog 0.515750 150.97 29.36 180.65 52.92
dog 0.515743 180.87 86.81 207.34 121.61
diningtable 0.515691 101.43 47.21 142.05 108.08
sheep 0.515678 25.56 33.13 42.27 56.38
sheep 0.515673 13.82 23.89 29.97 41.67
person 0.515664 4.06 32.80 22.46 57.69
sheep 0.515580 194.87 4.14 210.53 23.31
sheep 0.515568 139.70 148.80 162.04 192.88
aeroplane 0.515550 102.90 20.48 123.97 53.56
sheep 0.515543 14.58 28.40 31.43 49.11
sheep 0.515491 130.39 165.94 158.26 206.75
dog 0.515452 132.49 41.73 160.40 79.38
dog 0.515412 167.72 24.78 197.17 48.39
sheep 0.515326 153.46 170.89 171.52 203.11
sheep 0.515272 138.95 168.55 164.49 205.09
aeroplane 0.515245 198.30 73.16 213.45 107.37
dog 0.515234 141.27 58.75 188.13 102.59
sheep 0.515213 160.69 92.29 185.79 129.33
aeroplane 0.515170 95.94 17.65 116.28 54.44
aeroplane 0.515090 175.63 70.28 205.00 108.44
aeroplane 0.515070 98.21 35.18 118.32 79.91
aeroplane 0.515035 22.46 0.00 52.55 13.04
aeroplane 0.515004 161.57 81.70 196.38 121.06
sheep 0.514931 15.53 45.26 32.33 64.71
aeroplane 0.514921 38.50 6.65 54.12 22.62
person 0.514839 4.76 40.13 22.57 64.86
sheep 0.514835 14.50 35.74 31.50 56.90
dog 0.514807 37.99 53.25 68.33 86.04
sheep 0.514785 210.19 98.98 222.53 138.48
boat 0.514774 4.50 0.00 34.77 21.45
sheep 0.514767 210.51 169.34 220.29 208.04
sheep 0.514763 143.57 207.17 181.31 224.00
sheep 0.514748 212.00 138.70 223.75 187.10
aeroplane 0.514747 105.16 10.87 124.08 40.45
sheep 0.514728 123.03 113.52 150.23 159.20
boat 0.514716 2.01 17.15 20.71 40.08
aeroplane 0.514640 104.22 0.00 126.99 23.75
dog 0.514619 178.18 22.62 201.70 48.13
aeroplane 0.514618 60.56 20.14 100.61 67.53
cow 0.514612 208.86 178.23 220.22 216.18
aeroplane 0.514528 13.39 0.00 43.63 16.56
sheep 0.514491 127.17 192.31 159.57 215.69
sheep 0.514451 134.27 207.60 170.62 224.00
aeroplane 0.514353 109.29 78.91 153.31 137.07
dog 0.514240 184.22 23.42 206.24 47.69
aeroplane 0.514225 108.00 22.69 130.45 52.93
diningtable 0.514213 93.03 41.49 124.10 99.76
sheep 0.514206 189.29 3.84 203.99 22.37
sheep 0.514204 160.86 206.07 195.63 224.00
sheep 0.514197 123.26 179.27 155.63 209.88
sheep 0.514188 5.69 195.82 44.79 224.00
aeroplane 0.514063 106.39 49.75 148.99 108.39
aeroplane 0.514060 56.83 30.03 96.50 80.48
aeroplane 0.513996 189.69 33.91 214.06 62.19
dog 0.513960 153.63 21.06 175.22 41.64
car 0.513814 6.36 34.59 134.21 139.32
aeroplane 0.513801 57.13 11.07 99.05 57.29
aeroplane 0.513798 24.31 12.68 40.72 28.26
aeroplane 0.513749 98.16 8.00 116.34 41.50
sheep 0.513743 192.13 0.00 213.63 13.72
cow 0.513743 191.13 199.70 216.28 224.00
dog 0.513590 146.73 29.37 169.75 50.88
dog 0.513529 160.76 19.57 185.54 40.20
sheep 0.513482 110.59 204.29 150.54 224.00
sheep 0.513360 201.95 41.22 221.13 72.51
aeroplane 0.513334 52.73 0.49 84.24 20.16
dog 0.513306 116.24 25.22 138.41 50.70
sheep 0.513298 117.12 100.18 151.80 146.54
car 0.513276 1.22 0.00 110.82 64.20
aeroplane 0.513272 76.54 14.47 106.94 56.11
aeroplane 0.513240 82.83 32.24 110.68 79.18
sheep 0.513224 212.00 152.14 221.61 200.48
aeroplane 0.513214 96.87 0.00 119.29 24.07
dog 0.513184 139.85 28.23 157.97 48.64
cow 0.513034 115.68 154.20 209.54 224.00
cow 0.512948 203.33 194.81 222.36 224.00
cow 0.512930 180.82 203.50 209.78 224.00
aeroplane 0.512925 54.73 45.56 100.16 92.50
aeroplane 0.512911 80.53 40.66 116.33 95.82
aeroplane 0.512909 46.96 2.88 70.51 20.00
dog 0.512819 188.17 14.61 203.84 33.84
sheep 0.512779 208.40 62.62 222.81 99.28
cow 0.512772 169.98 205.14 203.24 224.00
dog 0.512757 129.14 27.15 147.87 48.32
dog 0.512737 161.37 1.13 184.19 28.36
aeroplane 0.512582 110.44 13.37 129.52 39.42
cow 0.512441 148.96 153.75 224.00 224.00
aeroplane 0.512293 10.53 17.30 28.12 35.10
aeroplane 0.512260 133.24 53.09 171.18 98.32
dog 0.511979 210.86 88.04 223.08 124.79
sheep 0.511913 186.01 0.00 206.87 13.71
car 0.511907 3.89 13.69 129.26 106.89
dog 0.511887 172.75 16.90 195.77 36.38
sheep 0.511865 204.15 0.06 218.90 26.20
aeroplane 0.511784 188.90 23.09 211.81 48.76
aeroplane 0.511750 76.49 5.08 105.83 42.65
diningtable 0.511744 118.84 62.56 164.13 113.30
dog 0.511725 193.06 15.29 209.36 35.26
dog 0.511725 149.66 20.70 165.35 39.67
dog 0.511691 182.92 14.15 200.19 34.07
dog 0.511637 152.38 0.46 173.01 27.80
aeroplane 0.511394 124.65 53.17 161.48 101.55
sheep 0.511390 210.12 73.82 223.13 110.79
sheep 0.511200 92.39 0.00 124.36 14.49
dog 0.511011 174.50 3.31 196.19 25.90
dog 0.510954 156.83 0.00 186.44 16.67
aeroplane 0.510864 76.89 0.00 108.66 24.30
dog 0.510791 143.13 19.32 154.92 36.97
sheep 0.510566 184.46 3.39 200.85 23.21
dog 0.510516 199.53 29.75 220.53 65.16
dog 0.510443 117.00 15.94 135.39 37.04
sheep 0.510396 106.44 0.00 139.06 12.97
dog 0.510270 131.79 18.45 144.40 35.82
sheep 0.510181 77.06 0.00 114.41 13.62
dog 0.510163 147.81 0.00 176.23 15.08
dog 0.510105 147.93 0.00 164.46 25.69
dog 0.509911 202.63 10.39 218.13 37.90
dog 0.509224 199.44 18.48 219.28 52.27
dog 0.509194 141.98 0.00 155.76 23.16
aeroplane 0.509156 114.46 0.00 136.52 21.25
dog 0.508596 142.58 0.00 169.03 13.54
dog 0.508520 129.98 0.00 145.40 21.30
aeroplane 0.507990 10.35 0.00 34.90 25.52
