cat 0.587447 47.96 0.63 206.67 197.70
sheep 0.584672 86.73 19.28 213.24 209.97
pottedplant 0.576555 0.00 28.44 16.76 81.97
cow 0.576400 91.00 34.45 200.59 209.30
cat 0.570988 101.56 73.77 155.43 152.49
sheep 0.565013 101.84 73.45 158.22 156.52
bird 0.564030 24.72 80.88 89.12 178.43
pottedplant 0.563519 95.35 8.02 194.47 187.76
cow 0.560682 9.73 51.98 95.91 221.40
sheep 0.560532 84.73 37.50 178.63 197.03
cow 0.557870 58.02 45.62 145.38 211.52
pottedplant 0.556328 86.70 44.21 166.77 199.58
bird 0.555682 12.85 142.10 88.35 195.56
aeroplane 0.554324 9.00 91.24 110.34 204.61
pottedplant 0.554240 7.39 82.51 97.20 205.52
boat 0.552298 29.01 83.00 85.29 181.63
bird 0.551388 12.25 191.95 76.82 219.11
bottle 0.551018 219.26 31.96 224.00 73.50
pottedplant 0.550619 56.25 138.04 105.51 212.15
cat 0.550225 98.76 143.13 159.07 216.19
sheep 0.548640 105.31 50.76 158.05 139.27
pottedplant 0.548300 6.24 31.45 28.68 79.36
bird 0.547790 42.61 80.13 98.64 173.37
cat 0.547050 220.00 77.83 224.00 133.74
sheep 0.545583 57.98 141.03 107.57 213.91
bird 0.544747 16.79 33.33 49.99 77.28
cat 0.544307 100.82 95.31 161.35 172.05
bottle 0.544046 78.88 14.57 207.19 176.27
sheep 0.543646 14.51 34.32 51.07 78.13
cat 0.543011 95.67 29.21 208.36 192.09
cow 0.541719 34.01 0.00 145.47 34.94
cow 0.541586 33.76 54.90 96.79 196.73
pottedplant 0.541553 52.55 58.72 131.32 207.16
boat 0.541064 6.96 109.75 106.90 205.81
pottedplant 0.540964 2.18 23.96 22.33 77.28
boat 0.540637 2.46 22.17 38.72 145.91
person 0.539755 46.02 87.21 96.39 185.32
cat 0.539621 95.46 110.81 154.64 182.58
pottedplant 0.539453 71.18 90.69 134.77 212.93
cat 0.539074 95.87 61.97 145.05 143.67
sheep 0.538924 157.83 210.62 201.28 224.00
cat 0.538891 175.94 33.30 224.00 184.70
bird 0.538131 2.76 114.22 87.58 213.41
sheep 0.538114 83.63 141.35 134.85 215.93
bird 0.538058 151.97 210.39 196.84 224.00
sheep 0.538051 55.34 80.28 103.66 171.42
bottle 0.537547 171.33 17.77 224.00 174.68
boat 0.537392 20.31 52.13 78.93 184.17
sheep 0.537371 100.03 145.67 158.43 208.42
boat 0.536490 0.00 4.21 31.00 109.36
bottle 0.536420 219.82 24.96 222.49 67.63
sheep 0.536289 101.64 36.23 147.89 114.82
sheep 0.536120 113.83 210.40 157.97 224.00
bird 0.536042 37.37 177.00 109.97 224.00
sheep 0.535800 99.43 108.15 157.26 186.52
sheep 0.535502 95.54 81.71 145.42 165.54
pottedplant 0.535461 33.85 92.93 114.67 209.78
sheep 0.535405 103.55 17.68 134.36 95.71
pottedplant 0.535344 0.00 57.09 8.87 110.67
cat 0.535237 220.00 97.34 224.00 153.61
sheep 0.535199 78.76 82.13 130.03 165.57
bird 0.535195 118.13 210.11 163.31 224.00
boat 0.535141 51.79 104.64 98.18 194.59
bird 0.534952 10.05 158.75 83.25 215.24
boat 0.534559 5.61 42.82 59.89 180.30
cow 0.533924 0.00 31.64 69.66 213.44
bottle 0.533908 220.00 38.92 223.97 90.73
sheep 0.533902 43.85 158.38 105.00 224.00
pottedplant 0.533740 0.00 43.30 12.81 102.25
bird 0.533516 21.48 80.15 70.95 149.69
bird 0.533290 133.18 209.92 181.92 224.00
boat 0.533058 0.00 0.00 35.19 69.82
bottle 0.532962 211.51 0.00 224.00 25.82
bird 0.532773 145.28 198.24 213.17 224.00
bird 0.532741 0.00 202.34 21.54 224.00
bird 0.532580 4.22 146.90 100.79 224.00
aeroplane 0.532318 36.02 85.84 94.20 165.36
bird 0.532175 120.71 196.11 196.50 224.00
sheep 0.532131 58.58 107.39 103.71 194.78
bird 0.531959 42.45 131.29 108.00 203.70
aeroplane 0.531851 25.68 0.00 116.08 35.14
pottedplant 0.531785 183.65 0.00 224.00 59.74
cat 0.531767 220.00 115.76 224.00 165.50
bird 0.531689 26.04 186.54 101.84 218.09
cat 0.531611 192.91 71.12 224.00 196.36
sheep 0.531593 174.37 210.43 215.42 224.00
bird 0.531566 102.35 185.37 181.98 224.00
chair 0.531564 120.35 14.62 224.00 192.90
cow 0.531464 63.25 0.00 168.51 52.55
aeroplane 0.531299 53.08 0.00 99.65 30.16
dog 0.531254 182.50 187.74 224.00 224.00
bird 0.531244 45.58 194.02 104.48 224.00
dog 0.531227 209.30 206.00 224.00 224.00
bird 0.531192 0.00 153.73 14.22 197.54
sheep 0.530981 102.13 209.30 142.99 224.00
sheep 0.530872 70.38 91.05 113.56 181.96
bottle 0.530790 220.00 52.49 224.00 107.41
sheep 0.530642 88.22 109.14 133.21 190.38
bird 0.530501 58.87 41.32 95.11 84.50
cat 0.530488 77.85 58.09 168.24 200.82
bird 0.530309 34.58 115.31 90.84 200.03
bird 0.530281 86.96 169.70 164.02 224.00
bird 0.530242 1.03 204.20 42.56 224.00
sheep 0.530159 186.11 210.35 224.00 224.00
bird 0.530138 64.67 122.53 124.76 218.64
cat 0.529953 136.63 37.60 216.37 189.14
bird 0.529810 9.29 199.03 68.97 224.00
cow 0.529750 0.00 0.00 83.85 151.20
cat 0.529664 113.76 59.31 150.55 135.42
sheep 0.529514 94.81 208.24 132.25 224.00
cow 0.529355 75.34 30.71 163.34 203.78
aeroplane 0.529340 6.80 58.65 74.05 196.11
bird 0.529258 11.81 153.60 59.37 191.76
sheep 0.529062 141.15 13.29 169.27 59.50
person 0.528876 0.00 69.46 93.97 224.00
cat 0.528875 170.88 74.45 197.33 120.14
boat 0.528761 6.07 0.00 66.01 63.32
bird 0.528447 23.97 75.86 64.32 131.91
bird 0.528416 75.20 157.53 146.55 224.00
boat 0.528303 1.27 22.17 23.02 77.22
boat 0.528120 11.19 22.38 59.95 134.43
dog 0.528082 161.64 194.88 224.00 224.00
cow 0.527832 21.86 7.70 112.06 180.07
bird 0.527732 4.96 155.38 40.99 192.67
boat 0.527665 0.00 0.00 16.54 27.22
boat 0.527523 0.00 4.64 13.58 64.25
boat 0.527493 17.59 0.00 98.52 48.58
sheep 0.527476 107.71 4.05 132.37 66.84
bird 0.526973 0.00 122.32 11.48 180.24
cat 0.526688 91.96 133.97 153.29 201.54
boat 0.526653 0.00 108.23 9.25 171.45
bottle 0.526484 181.44 0.00 224.00 136.51
sheep 0.526479 70.90 205.10 118.07 224.00
chair 0.526410 134.34 60.96 224.00 224.00
sheep 0.526269 81.09 0.00 203.89 144.59
bird 0.526257 29.10 65.20 61.70 120.33
sheep 0.526241 139.97 0.00 171.87 21.07
boat 0.526215 0.00 9.10 21.49 65.16
sheep 0.526138 0.93 112.76 27.78 170.56
bird 0.526123 0.00 188.33 13.42 224.00
bottle 0.526106 146.79 0.00 181.08 19.82
sheep 0.525752 37.48 185.48 104.08 224.00
sheep 0.525731 1.29 130.29 31.72 181.85
cat 0.525730 91.26 93.20 149.88 157.55
sheep 0.525690 2.33 26.77 28.09 82.88
cat 0.525575 166.97 119.66 196.98 166.31
bottle 0.525239 212.00 28.90 221.86 67.38
bird 0.525193 0.00 100.36 7.22 163.90
sheep 0.525158 56.19 198.76 107.70 224.00
aeroplane 0.525104 24.91 0.00 65.25 19.12
bottle 0.525034 164.46 0.00 197.56 19.81
sheep 0.525016 103.36 0.00 133.34 32.17
cat 0.524871 84.10 97.42 158.37 212.24
bird 0.524829 13.69 22.48 57.00 73.77
cat 0.524819 132.63 64.36 164.23 129.08
bird 0.524740 54.42 56.25 90.18 112.16
sheep 0.524712 3.53 191.31 44.56 224.00
aeroplane 0.524550 35.47 78.05 85.40 147.10
cat 0.524439 153.72 73.01 183.66 123.62
sheep 0.524387 104.91 177.36 160.57 224.00
boat 0.524374 1.97 59.59 16.87 105.89
dog 0.524290 220.00 129.32 224.00 177.59
sheep 0.524223 134.63 0.00 161.80 23.52
aeroplane 0.524218 56.32 3.86 97.69 40.36
cow 0.524181 77.47 0.00 185.29 129.00
bird 0.524025 19.50 120.74 84.35 189.81
pottedplant 0.523968 100.62 0.00 196.62 64.87
aeroplane 0.523966 49.76 68.60 90.34 130.77
bottle 0.523901 217.65 0.00 224.00 34.16
bird 0.523881 57.06 47.65 92.37 97.17
pottedplant 0.523835 80.87 0.00 199.19 104.83
boat 0.523808 12.56 2.79 67.44 105.86
sheep 0.523724 194.59 133.42 224.00 224.00
bottle 0.523670 174.20 0.00 205.21 19.62
aeroplane 0.523645 54.97 33.55 100.04 75.79
sheep 0.523557 103.66 10.45 126.60 77.10
sheep 0.523529 0.00 92.91 6.46 155.33
sheep 0.523458 79.94 51.27 126.21 113.93
bird 0.523275 0.00 138.24 15.08 188.69
cat 0.523248 137.71 117.91 176.74 166.58
cat 0.523095 167.67 160.22 195.02 186.01
dog 0.522935 220.00 149.88 224.00 189.50
bird 0.522910 56.05 67.88 96.49 128.52
cow 0.522878 96.63 0.00 127.96 25.08
bird 0.522735 26.52 50.66 56.93 100.60
bird 0.522689 21.02 7.01 60.40 47.72
boat 0.522591 23.09 16.94 74.55 137.57
aeroplane 0.522591 49.60 55.53 86.03 113.42
sheep 0.522497 173.36 160.68 199.23 185.25
boat 0.522409 10.99 27.78 40.79 75.31
bottle 0.522345 143.45 15.01 175.32 67.29
bottle 0.522190 220.00 3.76 223.88 46.33
bird 0.522184 0.00 164.60 11.65 212.40
cow 0.521957 76.76 0.00 190.98 67.37
aeroplane 0.521930 42.36 0.00 88.10 24.93
cat 0.521930 167.50 83.00 196.15 130.12
sheep 0.521893 80.09 63.97 127.52 132.54
aeroplane 0.521829 57.10 18.89 97.76 65.86
bottle 0.521815 198.34 32.67 214.81 64.16
aeroplane 0.521757 21.56 0.00 66.26 30.96
bird 0.521673 56.85 29.85 97.22 75.31
bird 0.521639 32.13 14.36 89.46 148.83
bird 0.521614 40.10 33.13 77.85 81.13
bird 0.521446 43.12 55.03 77.11 111.26
sheep 0.521444 138.20 5.99 176.83 55.69
pottedplant 0.521433 114.27 45.42 210.00 224.00
sheep 0.521426 72.68 42.09 116.78 94.04
sheep 0.521418 169.67 165.22 192.73 188.71
bottle 0.521405 201.37 0.00 224.00 21.96
sheep 0.521364 124.05 0.00 151.96 24.93
pottedplant 0.521224 0.00 72.00 7.44 126.42
bird 0.521202 39.93 67.33 80.23 130.30
cow 0.521106 61.36 23.21 153.34 165.29
bird 0.521105 59.53 79.66 104.42 148.31
sheep 0.521067 4.56 179.23 43.05 217.64
bird 0.520988 42.89 151.73 114.08 221.32
bottle 0.520987 180.91 32.03 202.44 63.29
bird 0.520850 26.93 34.46 56.74 81.26
sheep 0.520840 137.91 12.66 161.97 52.76
sheep 0.520831 183.77 172.24 224.00 224.00
sheep 0.520809 140.21 21.59 166.96 77.89
boat 0.520798 1.84 41.27 19.70 96.40
bird 0.520696 68.38 54.92 104.75 108.78
bottle 0.520623 189.56 0.00 217.16 17.72
pottedplant 0.520572 142.06 0.00 217.81 55.34
boat 0.520558 0.00 0.00 21.30 45.95
sheep 0.520538 115.94 8.96 141.39 62.67
cat 0.520468 168.28 130.85 195.54 177.87
pottedplant 0.520449 0.00 82.97 6.87 142.03
dog 0.520347 220.00 162.94 224.00 202.43
sheep 0.520306 13.50 113.46 52.33 172.62
bottle 0.520287 189.03 33.84 210.15 63.77
bottle 0.520222 158.31 19.55 192.18 57.95
bird 0.520002 33.71 53.00 63.17 105.85
sheep 0.519994 108.83 0.00 143.57 25.37
cat 0.519977 162.20 107.22 190.90 158.63
aeroplane 0.519915 58.01 43.11 104.27 84.19
cat 0.519883 147.47 81.57 180.47 132.48
sheep 0.519784 3.18 68.57 17.36 112.05
bird 0.519707 62.70 46.92 103.91 89.76
sheep 0.519703 17.38 8.48 60.11 54.89
bottle 0.519696 139.64 12.53 181.63 55.53
cat 0.519642 177.03 71.92 206.60 120.08
cat 0.519631 170.20 144.09 199.35 181.55
cat 0.519581 117.06 115.99 162.29 168.17
sheep 0.519466 112.14 1.09 137.04 41.59
bird 0.519284 43.22 42.99 75.30 95.12
cat 0.519259 99.48 78.63 192.27 196.62
bottle 0.519233 123.77 0.00 208.35 142.15
cat 0.519141 212.00 75.62 224.00 129.22
cat 0.519035 168.99 104.58 199.83 156.95
bottle 0.519014 196.66 37.85 210.98 68.59
boat 0.518957 8.26 9.89 34.58 62.40
bottle 0.518813 187.02 7.61 204.76 32.71
bottle 0.518806 179.35 19.28 200.89 46.21
cat 0.518742 151.71 61.05 177.81 113.17
sheep 0.518737 137.22 0.00 171.16 43.25
sheep 0.518736 11.40 19.31 54.92 70.00
sheep 0.518724 213.40 200.11 224.00 224.00
bird 0.518709 11.83 132.29 54.49 186.77
sheep 0.518683 106.70 203.51 155.21 224.00
sheep 0.518489 4.01 147.91 38.39 189.94
bottle 0.518421 171.23 58.22 193.34 100.57
bird 0.518394 59.84 3.51 105.89 40.42
cat 0.518383 171.99 63.83 193.07 108.89
cat 0.518367 134.25 83.22 204.00 192.12
boat 0.518363 7.84 0.00 40.72 20.99
cow 0.518298 71.21 0.00 114.54 27.32
sheep 0.518253 6.62 164.95 41.55 206.74
bottle 0.518155 180.93 41.09 199.85 74.16
cat 0.518069 136.61 52.59 165.98 110.28
boat 0.518013 20.25 65.80 56.99 108.94
bottle 0.518005 138.17 39.32 166.33 94.52
bottle 0.517897 164.36 36.13 192.31 77.53
boat 0.517866 16.39 45.56 50.33 93.65
sheep 0.517828 11.17 180.93 63.71 216.03
bird 0.517740 147.11 183.29 209.48 224.00
cat 0.517735 173.48 117.99 205.10 161.70
cat 0.517731 120.66 51.19 156.35 116.68
cat 0.517679 166.84 69.58 188.98 115.05
bottle 0.517613 169.03 49.68 193.69 87.82
bottle 0.517608 189.21 21.43 209.27 48.57
aeroplane 0.517521 48.85 9.59 97.37 50.76
sheep 0.517518 129.96 12.41 150.98 56.04
sheep 0.517449 168.79 87.57 218.18 198.55
bottle 0.517449 177.85 5.67 198.09 33.84
bird 0.517433 24.25 93.48 80.30 159.77
bottle 0.517360 175.30 62.43 196.33 109.69
bottle 0.517335 147.49 41.49 176.47 90.80
sheep 0.517278 3.66 96.13 29.72 152.73
bird 0.517193 43.09 0.80 93.01 35.33
sheep 0.517166 115.54 6.74 144.07 45.17
dog 0.517140 219.64 184.38 224.00 224.00
cat 0.517132 160.59 57.06 186.30 102.61
cat 0.516993 126.34 80.56 162.25 137.29
sheep 0.516656 146.79 128.67 204.94 212.59
sheep 0.516586 133.90 21.03 157.72 80.84
bottle 0.516579 178.73 50.29 197.69 84.02
cat 0.516529 139.80 154.64 182.62 188.63
bottle 0.516485 187.34 41.43 205.89 71.74
boat 0.516353 11.91 62.38 36.52 105.49
cat 0.516253 164.81 92.14 191.50 142.36
sheep 0.516221 106.14 3.09 129.02 45.56
bottle 0.516211 160.89 4.95 190.40 40.61
cat 0.516207 142.67 92.67 178.08 146.53
cat 0.515845 114.44 126.32 187.61 211.11
cat 0.515798 188.48 117.53 210.02 156.38
sheep 0.515785 179.62 164.07 202.75 185.87
bottle 0.515771 146.82 28.59 182.38 77.61
sheep 0.515765 92.78 172.06 135.74 223.28
sheep 0.515721 172.44 129.92 220.74 222.48
bottle 0.515717 212.00 40.88 219.78 85.46
bottle 0.515680 154.42 45.47 184.81 89.34
cow 0.515663 43.43 0.00 101.73 31.58
sheep 0.515611 16.87 96.19 56.80 152.66
sheep 0.515609 137.75 207.97 194.12 224.00
bird 0.515529 13.23 164.18 61.89 207.15
sheep 0.515473 126.61 38.09 156.30 100.93
bottle 0.515443 180.86 68.21 207.49 115.68
bird 0.515409 24.90 0.00 119.36 37.55
sheep 0.515321 125.06 13.50 149.81 68.37
sheep 0.515289 163.41 162.47 188.51 189.06
bottle 0.515229 212.00 66.12 221.99 118.33
sheep 0.515189 186.50 156.05 209.52 181.16
sheep 0.515185 123.08 206.99 182.05 224.00
pottedplant 0.515130 128.02 0.00 211.51 98.12
boat 0.515114 8.71 41.48 33.88 93.97
bottle 0.515113 196.60 8.44 212.36 34.74
sheep 0.515083 212.00 114.68 224.00 159.27
boat 0.515079 8.20 0.00 38.98 40.33
sheep 0.515024 4.03 75.27 21.40 123.86
sheep 0.515020 65.68 28.45 109.95 78.27
cat 0.514955 121.76 91.94 161.57 149.79
bird 0.514880 39.44 18.74 84.67 70.87
sheep 0.514876 184.58 123.44 209.22 162.39
bird 0.514820 21.56 0.00 104.54 54.17
bottle 0.514810 194.21 43.48 208.14 74.63
cat 0.514770 110.37 153.62 164.24 202.45
sheep 0.514729 171.72 143.94 203.53 179.72
sheep 0.514583 50.85 33.20 101.87 74.70
bottle 0.514433 180.25 55.39 200.40 93.41
sheep 0.514430 175.66 167.94 196.98 191.19
cat 0.514348 162.48 140.81 194.41 182.34
bird 0.514302 41.99 10.34 88.64 57.52
sheep 0.514137 61.01 172.41 115.67 224.00
sheep 0.514095 12.69 73.08 40.67 114.19
cat 0.514072 212.00 95.72 224.00 149.21
sheep 0.514033 165.44 178.37 195.03 205.70
bottle 0.513978 207.33 0.00 221.68 29.81
sheep 0.513928 132.80 192.17 188.66 224.00
cat 0.513927 184.27 84.80 208.78 133.20
sheep 0.513920 94.77 196.75 133.30 224.00
sheep 0.513905 4.19 85.80 27.27 140.08
sheep 0.513851 189.58 161.79 208.73 184.89
sheep 0.513826 112.85 188.17 175.76 224.00
cow 0.513810 48.50 0.00 147.95 100.77
bottle 0.513809 198.89 22.19 215.55 52.85
boat 0.513693 26.42 0.00 87.00 93.93
bottle 0.513653 183.38 48.74 201.84 80.32
sheep 0.513613 116.73 20.38 148.73 89.50
bottle 0.513435 147.03 0.00 185.68 34.57
sheep 0.513408 156.94 196.52 198.27 224.00
cat 0.513388 187.42 94.39 209.69 142.93
bottle 0.513355 191.10 49.93 206.51 85.74
bottle 0.513325 212.00 54.39 220.34 104.62
sheep 0.513183 182.05 142.83 209.44 177.05
cow 0.513136 32.25 0.00 120.32 93.46
cat 0.513066 139.00 138.70 181.59 183.90
sheep 0.513045 131.30 173.33 184.25 214.57
sheep 0.513040 212.00 128.41 224.00 170.99
boat 0.513007 5.50 23.33 29.70 79.54
aeroplane 0.512856 31.83 0.00 100.49 90.29
sheep 0.512800 180.86 130.37 208.84 170.53
bottle 0.512744 186.46 60.03 206.67 104.04
sheep 0.512739 199.31 203.10 224.00 224.00
sheep 0.512600 13.63 79.01 47.35 127.60
sheep 0.512576 212.00 150.10 224.00 182.88
sheep 0.512271 134.64 163.13 181.08 200.18
bottle 0.512254 212.00 19.40 220.61 59.76
bottle 0.511787 212.00 6.00 220.01 41.97
cat 0.511403 112.41 134.70 160.90 189.11
sheep 0.511152 177.75 177.12 205.02 204.40
sheep 0.511040 64.88 17.82 107.32 66.21
sheep 0.511037 184.97 191.08 216.48 224.00
sheep 0.511023 188.20 174.72 212.66 204.71
sheep 0.510634 172.18 195.75 209.36 224.00
cow 0.510535 42.93 6.11 97.14 40.40
sheep 0.510201 64.93 5.75 105.28 39.79
sheep 0.509974 208.03 185.93 224.00 224.00
sheep 0.509856 45.91 21.63 98.47 62.54
sheep 0.509716 212.00 163.25 224.00 195.43
sheep 0.509308 44.34 12.17 96.92 49.57
sheep 0.508965 212.00 171.58 224.00 206.66
