train 0.661531 0.00 74.71 186.74 193.43
train 0.560796 28.73 51.65 224.00 187.28
train 0.557235 195.07 45.21 224.00 155.79
dog 0.555717 26.08 125.13 89.64 182.97
dog 0.554046 29.50 96.13 94.24 146.42
aeroplane 0.554008 210.35 87.90 224.00 153.16
bus 0.551939 188.52 40.50 224.00 158.65
pottedplant 0.551265 209.80 86.64 224.00 151.37
car 0.549616 210.20 92.00 224.00 157.05
dog 0.549211 26.71 110.51 89.16 163.50
train 0.545496 196.46 77.55 224.00 174.72
dog 0.543355 15.94 142.25 84.68 195.69
train 0.542580 0.00 85.42 140.95 169.81
boat 0.542127 211.21 80.14 224.00 138.86
train 0.540825 21.58 112.01 196.35 224.00
train 0.538877 145.23 86.73 209.30 143.35
train 0.538255 86.47 39.86 218.95 162.81
train 0.538227 210.42 111.22 224.00 172.50
sheep 0.537836 56.25 114.69 95.33 180.23
train 0.537117 41.54 146.19 189.72 224.00
sheep 0.537006 198.90 82.97 222.35 152.35
train 0.536881 114.57 60.67 186.79 104.54
tvmonitor 0.536862 213.12 67.75 224.00 116.05
dog 0.536858 51.28 100.73 95.76 157.64
dog 0.536620 0.53 95.22 142.85 181.88
train 0.536496 182.09 59.03 224.00 162.13
sheep 0.536313 210.45 83.05 224.00 153.19
sheep 0.535838 85.09 116.96 108.76 178.32
train 0.535758 10.46 46.90 182.99 165.48
sheep 0.535085 72.53 114.50 100.63 180.09
dog 0.534652 7.79 167.42 41.94 192.99
sheep 0.534438 93.49 126.11 117.99 183.92
train 0.534170 117.96 49.11 184.93 92.02
bus 0.534056 172.67 18.22 224.00 155.40
sheep 0.533671 89.75 129.06 109.38 192.03
dog 0.533448 74.46 98.33 110.38 154.37
dog 0.533381 0.00 92.90 98.43 168.55
dog 0.532775 6.80 160.54 42.57 187.65
dog 0.532734 5.07 135.26 36.36 166.22
sheep 0.532722 77.58 124.51 100.29 194.19
train 0.532596 128.23 40.91 179.07 83.32
dog 0.532535 64.64 101.22 101.19 161.21
car 0.532389 201.68 200.05 224.00 224.00
person 0.532288 0.00 60.84 8.24 99.50
dog 0.532187 85.15 100.58 119.55 153.11
train 0.532153 63.88 170.22 195.56 224.00
dog 0.532058 4.21 128.35 34.52 156.85
train 0.531903 120.89 69.40 177.42 107.83
dog 0.531803 56.58 91.56 101.26 148.98
dog 0.531766 8.23 174.24 41.20 198.36
dog 0.531717 34.85 163.89 77.87 205.45
dog 0.531534 89.36 212.93 124.05 224.00
dog 0.531456 34.43 211.76 73.63 224.00
dog 0.531414 91.76 138.15 109.62 196.08
dog 0.531376 96.03 143.18 117.30 194.72
dog 0.531145 0.00 91.22 20.10 128.10
sheep 0.531112 87.35 106.68 118.39 161.45
boat 0.531064 196.25 63.00 214.96 102.76
dog 0.531046 81.50 213.41 115.78 224.00
train 0.530716 119.74 19.49 185.67 74.76
tvmonitor 0.530658 210.80 55.17 224.00 98.41
dog 0.530514 0.00 87.37 7.58 131.78
dog 0.530482 18.32 212.07 51.57 224.00
train 0.530295 214.47 128.74 224.00 191.51
person 0.530245 190.56 180.89 224.00 224.00
chair 0.530111 67.16 213.23 99.06 224.00
aeroplane 0.530061 128.36 8.72 179.05 39.61
dog 0.530000 103.83 212.00 140.57 224.00
train 0.529859 139.80 71.59 190.75 118.70
train 0.529679 202.41 116.30 224.00 216.80
dog 0.529522 35.42 131.42 86.99 200.58
dog 0.529518 79.31 132.25 100.22 198.69
dog 0.529508 31.90 95.69 77.49 131.54
chair 0.529500 57.87 213.36 91.57 224.00
car 0.529376 0.00 0.00 21.42 22.29
dog 0.529281 5.10 96.49 31.37 124.32
boat 0.529280 200.25 85.62 220.69 149.63
dog 0.529130 48.44 212.80 85.27 224.00
dog 0.529115 0.00 123.21 23.77 157.66
sofa 0.528902 195.99 58.05 215.35 95.67
dog 0.528763 59.19 131.07 91.38 200.65
dog 0.528760 36.35 89.20 89.33 135.19
dog 0.528724 71.61 87.42 111.44 141.20
train 0.528664 198.22 87.40 221.66 153.94
sheep 0.528662 0.00 64.86 18.83 94.67
dog 0.528560 9.29 181.27 40.70 205.00
cow 0.528553 0.00 13.37 8.61 48.07
tvmonitor 0.528541 180.04 0.00 224.00 69.72
sofa 0.528467 213.68 28.40 224.00 67.54
horse 0.528456 0.00 0.00 48.86 39.31
train 0.528427 123.53 13.48 178.35 62.86
dog 0.528326 21.90 101.85 64.02 135.10
dog 0.528308 11.59 134.33 59.94 172.52
dog 0.528241 98.85 102.39 127.50 148.78
person 0.528171 0.00 205.98 22.38 224.00
dog 0.528069 8.67 152.94 70.48 191.72
tvmonitor 0.527962 203.53 62.82 221.09 104.07
train 0.527842 101.27 186.68 203.15 224.00
dog 0.527740 82.70 86.97 120.99 138.31
aeroplane 0.527667 192.53 32.16 211.55 60.63
dog 0.527595 22.00 96.91 59.93 126.60
train 0.527524 213.52 176.59 223.91 216.84
train 0.527523 217.72 138.75 224.00 201.98
dog 0.527331 0.00 129.87 27.79 163.88
car 0.527321 206.32 0.00 224.00 19.05
sheep 0.527264 99.16 129.48 125.54 183.46
dog 0.527008 4.24 142.14 39.55 174.91
dog 0.526988 19.87 106.57 67.56 145.26
sheep 0.526955 0.00 210.18 35.38 224.00
dog 0.526950 3.95 150.87 40.90 181.45
dog 0.526927 14.16 125.56 65.04 162.73
train 0.526784 210.17 185.09 224.00 222.03
sheep 0.526737 99.31 108.90 126.21 158.13
train 0.526728 145.26 80.40 196.46 125.40
bus 0.526606 86.71 37.22 221.06 170.39
dog 0.526539 97.64 156.79 116.25 199.43
train 0.526500 207.67 95.62 224.00 161.46
dog 0.526395 8.50 142.52 54.66 180.19
dog 0.526307 3.19 118.53 32.95 149.00
dog 0.526259 40.06 179.41 73.74 210.99
bus 0.526258 139.79 19.35 220.59 162.59
aeroplane 0.526144 185.91 31.50 204.56 63.15
sheep 0.526126 113.68 111.59 135.39 152.23
sofa 0.526032 195.05 41.14 212.19 70.50
train 0.525949 146.97 111.98 187.31 162.45
train 0.525738 190.71 206.60 220.45 224.00
train 0.525735 152.47 190.05 218.37 224.00
boat 0.525576 198.77 76.71 216.46 124.72
train 0.525564 148.04 99.16 196.60 152.82
sofa 0.525519 211.19 47.10 224.00 89.23
train 0.525513 27.83 23.50 205.04 136.86
dog 0.525495 113.48 104.19 138.92 142.70
train 0.525340 125.99 11.14 175.78 47.40
aeroplane 0.525333 11.77 0.00 90.75 33.75
dog 0.525265 0.00 70.06 7.32 113.64
train 0.525227 114.84 67.03 223.15 175.55
dog 0.525186 0.00 119.76 9.96 159.21
dog 0.525177 28.56 181.02 65.62 210.05
dog 0.525138 9.10 66.97 28.76 90.54
diningtable 0.525104 213.77 20.45 224.00 59.52
dog 0.525100 122.53 113.49 143.49 148.62
train 0.525050 216.22 166.44 223.57 214.45
dog 0.525048 0.00 112.61 21.67 150.88
dog 0.525009 0.00 157.30 62.98 224.00
dog 0.524976 80.79 54.44 113.30 95.88
sofa 0.524952 196.13 51.23 214.03 84.83
dog 0.524937 41.45 73.99 70.45 99.35
tvmonitor 0.524922 205.73 69.69 223.85 114.47
sofa 0.524912 202.37 57.53 220.09 96.78
sheep 0.524825 101.45 146.28 124.44 193.75
dog 0.524795 8.89 111.24 156.97 213.87
dog 0.524747 96.89 86.43 130.85 133.30
dog 0.524739 11.27 189.31 40.15 213.62
sheep 0.524600 124.65 121.35 141.29 156.45
aeroplane 0.524556 191.87 63.57 211.21 101.28
dog 0.524526 11.88 103.59 37.92 130.73
aeroplane 0.524507 127.14 0.00 174.64 27.87
sheep 0.524417 112.68 125.29 134.26 169.29
dog 0.524311 3.90 108.37 31.75 139.66
dog 0.524182 120.45 212.97 155.33 224.00
dog 0.524171 113.14 95.65 144.53 136.40
aeroplane 0.524146 178.01 9.33 199.48 26.74
boat 0.524146 192.98 81.91 214.15 135.85
aeroplane 0.524128 173.98 28.30 196.14 65.99
dog 0.524009 11.43 97.63 37.63 123.42
dog 0.523998 121.55 104.94 148.08 139.69
train 0.523925 124.46 87.64 169.60 122.05
dog 0.523917 120.89 96.28 154.14 132.77
dog 0.523827 40.53 67.25 68.36 89.94
dog 0.523730 58.95 53.60 93.83 93.53
dog 0.523730 0.00 126.25 12.69 164.45
dog 0.523706 45.36 72.78 80.43 101.55
dog 0.523655 33.80 68.85 55.01 90.24
dog 0.523635 0.00 104.46 83.65 188.49
dog 0.523616 0.00 99.65 7.82 145.25
aeroplane 0.523593 129.48 0.00 167.70 15.67
dog 0.523535 56.09 80.65 101.36 132.48
dog 0.523514 41.21 81.20 84.03 120.32
aeroplane 0.523440 184.22 8.98 204.31 26.69
dog 0.523403 126.35 97.08 165.61 130.80
train 0.523399 198.26 203.36 224.00 224.00
diningtable 0.523365 215.51 3.18 224.00 34.39
bus 0.523364 74.70 11.02 207.54 134.56
cow 0.523350 2.79 18.28 18.27 41.92
cow 0.523335 0.00 2.51 10.43 39.81
dog 0.523317 128.33 213.76 163.10 224.00
dog 0.523308 35.62 74.02 58.03 97.63
person 0.523296 196.88 156.23 224.00 224.00
dog 0.523288 0.00 102.24 20.66 141.86
train 0.523190 125.32 77.71 181.91 113.87
train 0.523182 78.68 49.49 112.87 90.66
sheep 0.523166 126.42 128.95 141.17 163.74
boat 0.523144 93.22 0.00 195.48 56.27
train 0.523115 181.95 83.71 215.92 145.90
bus 0.523083 103.33 0.00 197.02 56.28
train 0.523028 197.31 121.87 219.08 175.63
aeroplane 0.522977 40.53 0.00 128.12 34.31
train 0.522887 88.36 53.74 121.36 97.77
aeroplane 0.522831 24.92 21.47 42.97 39.81
dog 0.522812 42.38 193.35 73.62 223.50
dog 0.522801 87.64 59.63 121.55 105.71
aeroplane 0.522758 189.57 41.13 206.02 71.83
dog 0.522733 25.46 69.65 44.85 88.44
aeroplane 0.522730 171.87 0.00 204.77 16.77
dog 0.522726 32.83 193.91 65.40 221.76
dog 0.522662 77.40 70.00 111.81 116.75
dog 0.522590 127.88 114.09 156.10 147.24
dog 0.522563 127.10 105.34 160.80 138.25
aeroplane 0.522557 193.26 7.27 210.05 26.53
train 0.522470 196.55 189.52 216.70 220.04
bus 0.522463 71.34 0.00 202.64 93.40
dog 0.522374 120.35 87.18 160.47 124.25
aeroplane 0.522317 129.83 14.94 177.03 62.97
dog 0.522308 33.14 88.76 71.48 123.96
aeroplane 0.522270 183.99 21.78 204.22 53.51
dog 0.522226 54.51 64.21 88.64 106.40
aeroplane 0.522215 168.56 9.84 193.04 27.38
diningtable 0.522193 215.12 12.98 224.00 47.79
dog 0.522191 45.95 65.61 79.80 89.36
dog 0.522150 26.90 74.44 46.04 95.06
dog 0.522105 17.35 68.54 35.24 88.86
dog 0.522090 129.99 123.07 151.94 154.55
bus 0.522013 141.88 32.38 178.54 76.07
dog 0.522012 67.18 53.02 104.56 93.89
dog 0.521946 99.23 171.09 115.07 204.33
person 0.521907 0.00 47.77 8.11 85.50
aeroplane 0.521768 151.47 10.60 183.56 30.30
aeroplane 0.521674 21.65 20.33 35.92 38.98
aeroplane 0.521631 155.87 25.13 185.96 69.71
dog 0.521627 103.32 158.83 123.18 198.24
aeroplane 0.521625 174.76 19.64 196.77 55.86
aeroplane 0.521621 70.13 34.96 96.31 58.21
dog 0.521550 69.51 40.35 95.28 66.45
sheep 0.521527 132.44 131.40 149.31 161.84
dog 0.521368 4.37 88.22 29.88 118.03
dog 0.521367 22.36 89.71 54.13 119.20
aeroplane 0.521356 176.62 37.48 197.64 71.88
aeroplane 0.521344 188.27 0.00 217.27 16.39
aeroplane 0.521327 141.84 0.00 179.15 18.27
sheep 0.521314 110.35 141.87 134.68 184.37
aeroplane 0.521280 26.31 27.32 42.40 45.40
dog 0.521277 99.48 185.38 115.00 209.47
aeroplane 0.521260 30.58 21.47 51.64 40.54
aeroplane 0.521210 83.75 0.00 197.56 54.42
aeroplane 0.521144 180.70 54.25 203.07 85.92
aeroplane 0.521126 191.28 23.20 210.52 51.93
dog 0.521114 65.36 44.46 95.20 76.94
cow 0.521037 0.00 0.00 29.76 18.46
train 0.520826 182.16 89.78 224.00 183.82
aeroplane 0.520811 159.78 17.75 188.05 58.52
dog 0.520808 196.48 160.28 216.80 203.10
dog 0.520772 47.97 69.80 93.90 121.61
dog 0.520739 0.00 150.07 24.79 187.11
dog 0.520694 5.59 142.19 119.45 224.00
aeroplane 0.520634 197.02 143.58 217.78 196.71
dog 0.520581 96.89 77.68 133.75 120.24
dog 0.520570 17.75 73.10 35.25 95.22
aeroplane 0.520560 155.79 42.02 185.96 76.47
aeroplane 0.520550 89.30 0.00 124.17 12.55
dog 0.520528 0.00 73.37 17.77 110.08
sheep 0.520510 127.46 137.55 141.57 171.60
sofa 0.520500 203.28 39.97 218.67 72.00
dog 0.520435 93.68 166.81 108.91 205.21
aeroplane 0.520408 106.50 0.00 143.80 12.70
aeroplane 0.520390 32.69 28.10 51.33 46.84
dog 0.520370 0.00 132.05 17.32 171.21
sheep 0.520327 8.04 60.57 27.91 84.15
sofa 0.520312 201.48 31.02 218.45 62.53
dog 0.520303 92.39 183.65 108.17 210.38
dog 0.520241 142.38 213.51 182.26 224.00
aeroplane 0.520234 153.53 0.00 190.32 17.50
sofa 0.520200 210.07 0.00 224.00 23.85
aeroplane 0.520154 97.66 0.00 134.17 12.40
train 0.520137 204.63 187.06 219.76 218.43
dog 0.520109 35.73 80.58 63.71 111.06
aeroplane 0.520086 115.51 0.00 155.17 13.82
aeroplane 0.520074 179.37 46.38 201.35 78.23
sofa 0.520012 197.92 0.00 224.00 16.88
sofa 0.520000 202.92 50.04 219.06 86.25
train 0.519887 206.57 126.98 222.75 188.13
sofa 0.519877 191.72 51.19 209.66 83.02
train 0.519864 60.12 0.00 209.09 92.96
aeroplane 0.519864 182.32 79.33 210.24 133.04
bus 0.519827 155.29 33.88 184.96 73.69
dog 0.519790 0.00 140.13 21.73 180.22
aeroplane 0.519770 22.43 26.16 36.00 44.05
aeroplane 0.519754 164.25 0.00 196.31 19.51
dog 0.519693 8.73 171.86 59.60 200.48
aeroplane 0.519674 40.58 28.03 61.79 48.31
aeroplane 0.519521 18.28 0.00 55.20 16.95
bus 0.519520 145.20 0.00 216.99 64.72
cow 0.519470 15.15 20.13 29.78 38.20
dog 0.519456 67.57 34.22 90.57 57.96
cow 0.519445 0.00 0.00 15.55 29.59
aeroplane 0.519387 61.44 0.00 164.50 45.46
cow 0.519382 0.00 24.46 7.07 61.57
sheep 0.519372 0.49 51.31 17.33 80.69
aeroplane 0.519355 69.37 28.32 98.51 54.13
dog 0.519352 61.13 69.01 101.94 118.19
train 0.519292 136.23 53.81 183.30 95.56
dog 0.519242 105.61 185.23 122.21 208.52
dog 0.519136 105.22 171.81 122.07 202.85
dog 0.519109 11.20 204.62 40.97 224.00
train 0.519067 150.46 213.01 191.66 224.00
dog 0.518988 41.44 59.01 68.81 83.00
train 0.518977 96.37 60.53 140.66 104.57
sheep 0.518924 112.75 162.99 133.69 195.34
aeroplane 0.518914 42.30 35.20 63.42 55.57
aeroplane 0.518886 69.17 19.35 102.59 51.28
aeroplane 0.518881 38.99 20.12 60.84 40.84
train 0.518814 205.80 178.60 218.72 212.28
aeroplane 0.518624 177.46 13.91 197.60 39.02
cow 0.518605 0.00 35.26 7.03 72.84
aeroplane 0.518572 71.69 0.00 114.09 11.58
train 0.518571 187.39 116.19 224.00 211.71
aeroplane 0.518556 33.79 34.21 51.00 53.29
dog 0.518498 114.94 184.25 132.82 208.18
dog 0.518488 96.30 68.02 137.67 110.94
dog 0.518455 25.36 81.14 48.71 107.02
train 0.518446 170.57 210.20 209.86 224.00
sheep 0.518403 134.76 140.43 148.63 168.69
aeroplane 0.518401 6.08 0.00 39.20 18.06
aeroplane 0.518357 184.92 14.80 203.44 38.38
train 0.518342 87.26 43.28 119.61 85.68
aeroplane 0.518323 30.93 0.00 71.66 16.40
aeroplane 0.518320 182.37 66.54 205.20 108.69
sheep 0.518306 128.12 147.24 142.42 178.55
train 0.518293 208.16 138.71 221.69 199.57
aeroplane 0.518275 91.67 0.00 124.51 37.35
dog 0.518257 81.25 182.86 100.02 212.13
train 0.518253 135.41 97.07 180.83 131.89
dog 0.518222 140.37 120.36 174.23 156.09
dog 0.518214 6.84 78.38 28.27 108.12
train 0.518191 147.33 127.35 178.80 171.66
dog 0.518165 147.45 123.64 176.72 165.03
dog 0.518131 46.63 57.48 82.09 82.50
aeroplane 0.518120 26.51 32.89 42.06 51.57
cow 0.518057 1.90 6.83 18.64 34.80
dog 0.518026 33.61 61.07 53.95 82.64
aeroplane 0.518020 165.99 13.52 190.56 40.58
aeroplane 0.517964 80.78 29.92 110.88 62.76
train 0.517943 79.45 37.20 111.33 72.52
dog 0.517912 114.80 173.56 132.84 201.35
dog 0.517884 114.94 77.21 157.04 114.76
dog 0.517857 15.58 192.62 53.73 216.20
dog 0.517807 10.71 90.16 36.04 117.06
train 0.517739 98.01 50.19 139.47 92.95
aeroplane 0.517722 146.22 13.51 180.23 43.14
aeroplane 0.517677 141.85 63.07 195.40 111.38
aeroplane 0.517596 82.64 11.55 115.90 50.44
aeroplane 0.517595 146.41 54.93 189.98 94.56
dog 0.517595 81.12 162.79 100.44 207.17
aeroplane 0.517534 81.46 21.44 111.98 55.72
dog 0.517385 0.00 163.92 25.87 197.61
dog 0.517380 70.66 198.82 92.85 224.00
aeroplane 0.517348 66.53 19.06 92.63 48.74
dog 0.517283 90.63 200.59 111.27 224.00
dog 0.517262 142.09 127.68 169.82 160.83
train 0.517255 207.95 155.19 219.80 205.48
sheep 0.517232 43.69 42.45 66.83 64.54
dog 0.517225 81.29 200.49 102.72 224.00
cow 0.517173 0.00 1.29 49.62 94.07
aeroplane 0.517140 192.78 15.32 208.89 38.68
aeroplane 0.517139 34.60 41.65 51.81 61.36
dog 0.517131 138.04 104.24 179.43 139.59
dog 0.517101 139.36 112.09 177.85 149.14
aeroplane 0.517093 59.22 0.00 96.54 12.40
cow 0.517046 0.00 0.00 47.74 51.77
diningtable 0.516843 204.42 4.79 218.01 28.60
sheep 0.516792 15.50 61.43 34.30 82.30
aeroplane 0.516784 93.15 8.25 120.08 46.87
aeroplane 0.516756 22.44 30.99 35.21 50.20
train 0.516747 116.34 56.58 169.39 98.00
dog 0.516675 23.63 61.90 43.51 81.62
dog 0.516651 127.54 182.60 140.81 206.59
dog 0.516562 98.10 201.55 119.09 224.00
aeroplane 0.516536 100.89 0.00 140.59 34.05
aeroplane 0.516434 149.59 138.75 176.42 178.45
bus 0.516424 130.48 0.00 211.72 102.85
dog 0.516418 53.68 195.79 84.29 223.04
sheep 0.516416 129.22 156.96 143.42 184.87
horse 0.516363 0.00 36.10 68.84 138.94
aeroplane 0.516334 91.25 16.51 117.72 54.06
dog 0.516285 136.24 183.48 145.97 205.09
dog 0.516217 129.02 174.20 141.43 198.87
dog 0.516213 129.39 165.54 142.95 191.69
cow 0.516187 16.08 25.40 30.35 42.66
diningtable 0.516185 200.86 22.74 217.45 54.66
aeroplane 0.516145 41.48 0.00 81.19 15.14
dog 0.516068 14.49 80.97 34.94 106.70
sheep 0.516059 43.63 50.73 69.00 75.87
train 0.516030 116.71 44.97 168.29 85.19
dog 0.516017 151.04 176.17 161.44 196.08
dog 0.515995 65.40 181.89 89.78 213.35
aeroplane 0.515995 51.47 0.00 88.28 13.64
dog 0.515961 137.81 176.04 146.22 196.28
dog 0.515959 144.91 176.86 153.05 195.23
sheep 0.515952 136.33 150.80 148.81 175.70
aeroplane 0.515855 26.45 40.30 41.93 59.32
horse 0.515854 0.00 59.13 94.04 161.97
dog 0.515841 60.46 161.44 89.71 208.70
aeroplane 0.515802 102.98 8.91 138.31 42.59
aeroplane 0.515748 146.86 122.36 185.27 170.27
aeroplane 0.515745 50.28 29.03 75.73 49.16
dog 0.515731 50.11 49.34 84.55 76.47
dog 0.515579 143.58 184.07 153.66 204.71
aeroplane 0.515533 114.88 0.00 162.37 34.63
cow 0.515530 2.69 38.02 17.04 66.05
aeroplane 0.515526 21.64 4.02 43.38 31.23
aeroplane 0.515494 101.32 15.15 136.07 51.48
aeroplane 0.515480 89.75 24.69 117.47 63.16
sheep 0.515466 51.82 36.42 78.98 56.44
train 0.515428 88.60 33.74 118.57 74.42
sheep 0.515375 34.74 51.29 52.84 73.70
dog 0.515348 151.20 169.25 162.83 188.18
aeroplane 0.515310 52.62 42.65 83.30 64.99
aeroplane 0.515258 26.77 2.62 52.38 32.05
aeroplane 0.515234 22.75 23.92 157.75 121.37
sheep 0.515223 21.67 38.87 34.63 59.57
dog 0.515123 153.14 156.08 173.34 183.49
aeroplane 0.515051 49.23 20.30 73.98 41.05
sheep 0.515037 0.00 197.99 18.50 224.00
dog 0.515025 155.68 167.83 170.99 189.16
dog 0.515012 21.96 206.26 58.20 224.00
dog 0.515007 157.09 175.64 170.63 197.45
train 0.514988 141.33 112.08 217.08 210.86
dog 0.514904 150.43 183.64 162.79 206.31
sheep 0.514885 10.55 50.86 26.68 75.65
cow 0.514845 3.54 27.64 17.63 53.34
dog 0.514783 138.27 169.06 147.88 188.75
train 0.514749 100.28 33.65 135.72 74.16
aeroplane 0.514721 19.52 4.75 36.12 30.53
train 0.514720 99.81 23.53 135.13 62.13
aeroplane 0.514698 60.55 28.96 87.63 51.31
aeroplane 0.514689 118.25 10.56 164.49 42.04
dog 0.514688 145.54 170.14 154.76 187.26
sheep 0.514687 7.07 203.87 35.03 224.00
boat 0.514656 184.04 163.28 224.00 224.00
train 0.514636 117.94 15.49 164.58 51.69
aeroplane 0.514560 59.79 19.32 86.47 44.17
aeroplane 0.514557 73.53 0.00 121.48 40.04
horse 0.514556 2.70 64.94 148.73 171.37
dog 0.514533 137.81 161.65 149.13 182.19
aeroplane 0.514504 68.32 0.00 107.31 37.16
dog 0.514476 103.68 202.31 126.51 224.00
aeroplane 0.514344 25.91 0.00 127.63 59.14
dog 0.514272 0.00 171.80 22.64 204.55
dog 0.514266 150.35 159.08 165.92 182.22
dog 0.514196 111.14 200.19 136.39 224.00
train 0.514150 40.78 0.00 163.99 79.07
sheep 0.514145 0.00 182.98 18.08 215.27
dog 0.514111 148.73 142.94 170.26 176.21
dog 0.514107 143.82 136.28 165.75 166.22
aeroplane 0.514076 160.69 165.90 181.80 190.50
sheep 0.513982 25.07 51.40 42.21 72.71
train 0.513933 117.33 34.99 167.00 75.86
aeroplane 0.513911 163.77 175.91 182.04 199.41
aeroplane 0.513796 155.96 151.97 182.87 183.44
train 0.513755 117.65 24.38 165.45 63.66
aeroplane 0.513693 64.82 0.00 94.51 34.19
sheep 0.513665 18.24 51.01 33.56 73.90
diningtable 0.513621 202.73 14.65 216.04 41.73
aeroplane 0.513598 13.34 6.74 29.77 31.04
aeroplane 0.513512 157.61 182.96 172.29 207.90
aeroplane 0.513385 34.01 0.39 60.75 31.50
dog 0.513361 145.46 161.51 157.83 180.46
aeroplane 0.513337 0.00 0.00 92.18 48.91
aeroplane 0.513316 88.11 0.00 125.88 19.95
dog 0.513245 122.55 197.29 144.47 224.00
train 0.513238 194.95 113.46 222.99 164.70
cow 0.513145 16.47 29.56 29.13 48.89
aeroplane 0.513095 96.68 0.00 138.29 19.27
cow 0.513091 14.87 37.97 27.97 60.62
aeroplane 0.512942 108.18 0.00 152.97 20.97
dog 0.512936 144.65 147.69 161.61 173.38
aeroplane 0.512693 3.89 8.94 112.96 102.75
train 0.512670 151.21 165.93 214.53 224.00
dog 0.512655 193.67 189.73 213.24 220.38
aeroplane 0.512614 165.07 183.26 182.99 209.20
dog 0.512489 193.71 176.92 215.87 209.70
cow 0.512221 5.62 46.16 137.85 154.84
aeroplane 0.512204 153.54 132.86 193.68 178.78
dog 0.512107 131.97 197.89 150.50 224.00
train 0.512059 182.42 101.93 214.76 156.44
sheep 0.511670 4.99 174.02 39.63 197.89
dog 0.511650 194.12 146.95 216.16 194.66
aeroplane 0.511483 13.68 0.00 43.96 23.02
sheep 0.511363 5.47 184.32 34.65 208.44
dog 0.511353 194.77 133.53 216.82 181.48
aeroplane 0.511247 161.23 149.84 194.73 186.57
dog 0.511140 139.86 198.83 158.62 224.00
aeroplane 0.511085 169.01 165.75 195.57 194.56
aeroplane 0.510857 69.92 0.00 121.69 17.48
dog 0.510828 188.08 200.57 213.46 224.00
aeroplane 0.510762 58.17 0.00 86.22 31.02
dog 0.510752 69.51 212.00 97.53 224.00
aeroplane 0.510661 174.00 177.54 196.28 202.27
aeroplane 0.510618 45.70 0.00 74.16 29.81
aeroplane 0.510513 184.22 123.33 210.77 169.94
dog 0.510263 76.64 212.00 107.05 224.00
dog 0.510122 147.19 198.44 168.17 224.00
aeroplane 0.509741 175.75 184.53 196.13 209.54
aeroplane 0.508925 154.35 197.51 177.52 224.00
dog 0.508682 185.97 166.23 210.38 199.70
dog 0.508670 187.33 178.61 210.58 206.76
aeroplane 0.508525 185.11 148.73 210.42 190.08
aeroplane 0.508491 161.36 196.74 186.66 224.00
dog 0.508146 186.62 190.77 208.54 221.36
aeroplane 0.507924 172.18 194.29 196.64 224.00
dog 0.507579 176.39 203.70 207.60 224.00
dog 0.506775 160.14 209.70 197.12 224.00
dog 0.506566 136.94 212.00 172.55 224.00
