cat 0.660922 24.06 30.90 218.11 224.00
bird 0.594075 26.50 28.66 206.14 224.00
cat 0.556910 127.49 38.90 222.46 224.00
cat 0.542856 173.01 68.21 224.00 221.91
dog 0.542436 156.90 54.16 224.00 224.00
sheep 0.540386 38.58 38.85 207.48 207.69
sheep 0.538960 53.44 107.57 96.43 193.34
cat 0.537919 188.89 0.00 224.00 43.11
cat 0.536372 187.63 93.64 224.00 224.00
bottle 0.535044 0.00 205.55 17.39 224.00
bottle 0.534645 0.00 209.46 26.76 224.00
sheep 0.533620 70.33 121.13 112.33 205.25
sheep 0.533305 52.64 89.39 97.68 158.36
dog 0.533245 0.00 178.43 35.07 224.00
sheep 0.532324 60.35 103.77 114.92 184.74
sheep 0.531509 0.00 181.04 69.33 224.00
bird 0.531310 134.39 42.75 220.07 218.70
sheep 0.531198 61.06 116.84 91.27 201.25
sheep 0.531182 72.27 112.73 123.11 191.10
sheep 0.530678 74.15 141.29 120.12 214.60
sheep 0.529790 45.83 115.81 85.05 194.84
dog 0.529430 195.32 0.00 224.00 64.28
dog 0.529374 211.93 202.33 224.00 224.00
cat 0.529244 33.96 111.84 193.80 224.00
sheep 0.529230 77.21 101.01 123.36 169.94
sheep 0.529086 61.81 92.55 112.61 159.86
bird 0.528499 74.66 0.00 224.00 203.71
dog 0.528486 220.00 145.22 224.00 200.24
sheep 0.528416 220.00 117.55 224.00 169.34
dog 0.528360 0.00 0.00 42.21 40.43
dog 0.528352 185.89 37.52 224.00 182.60
pottedplant 0.528295 169.27 0.00 224.00 36.86
sheep 0.528291 176.54 116.90 221.13 178.70
sheep 0.527807 34.63 52.95 134.72 214.26
cat 0.527798 188.80 154.89 224.00 224.00
dog 0.527772 0.00 50.11 30.79 176.32
sheep 0.527758 79.87 165.77 123.54 221.37
dog 0.527753 202.65 0.00 224.00 95.49
sheep 0.527481 3.06 211.57 35.09 224.00
dog 0.527281 6.93 176.95 90.07 224.00
sheep 0.527263 220.00 137.32 224.00 192.81
sheep 0.527257 185.19 140.70 218.10 197.00
sheep 0.526893 0.00 0.00 22.36 23.85
aeroplane 0.526675 209.47 0.00 224.00 23.68
sheep 0.526090 83.96 107.21 133.63 181.35
sheep 0.526068 0.00 154.28 9.47 202.39
dog 0.525938 0.00 102.45 43.50 211.44
dog 0.525855 195.24 23.28 224.00 152.05
sheep 0.525519 26.50 212.42 63.09 224.00
sheep 0.525499 0.00 77.97 41.79 199.38
sheep 0.525325 12.27 212.15 45.29 224.00
bird 0.525158 67.45 6.42 177.57 153.04
bird 0.525125 123.18 0.00 199.30 28.69
bird 0.524776 0.00 6.27 162.16 212.99
sheep 0.524669 42.08 211.40 76.64 224.00
sheep 0.524477 6.54 57.29 84.25 204.97
bottle 0.524301 21.96 158.28 112.51 224.00
sheep 0.524264 27.58 158.90 62.27 201.84
dog 0.523976 220.00 183.00 224.00 224.00
sheep 0.523934 0.00 168.26 11.38 211.20
bird 0.523841 98.38 0.00 174.08 24.63
sheep 0.523628 0.00 165.30 20.80 203.89
sheep 0.523622 50.57 210.81 84.15 224.00
bird 0.523615 0.00 0.00 59.08 32.89
bird 0.523594 97.87 38.33 209.23 206.27
sheep 0.523594 198.13 205.40 224.00 224.00
sheep 0.523443 49.85 46.68 161.55 196.58
sheep 0.523413 76.26 127.02 128.36 204.40
bottle 0.523316 63.01 154.64 193.75 224.00
sheep 0.523268 20.12 21.93 39.51 32.84
sheep 0.523224 25.70 21.19 45.76 33.65
sheep 0.523206 0.00 105.60 22.12 146.37
dog 0.523167 220.00 162.85 224.00 214.29
cat 0.523039 78.57 78.63 204.19 223.67
sheep 0.522996 0.00 0.00 31.55 105.04
sheep 0.522988 0.00 55.11 8.37 101.91
aeroplane 0.522962 143.99 0.00 180.61 21.39
cat 0.522896 142.56 85.54 217.75 224.00
dog 0.522692 0.00 20.29 30.30 132.90
sheep 0.522507 43.06 94.04 87.55 146.90
sheep 0.522392 37.43 121.32 76.87 192.31
sheep 0.522349 184.58 210.13 220.83 224.00
sheep 0.522290 30.20 143.74 68.67 196.89
sheep 0.522288 103.95 211.26 146.35 224.00
sheep 0.522262 89.03 116.61 144.15 190.28
aeroplane 0.522257 60.61 0.00 94.43 17.73
sheep 0.522254 156.29 35.67 224.00 193.26
sheep 0.522223 0.00 181.75 19.16 211.89
aeroplane 0.522216 130.71 0.00 164.75 18.58
sheep 0.522178 207.48 141.34 224.00 199.60
sheep 0.522096 58.39 210.65 93.49 224.00
sheep 0.522030 217.36 194.06 224.00 224.00
sheep 0.522028 0.00 186.32 10.81 223.79
sheep 0.521943 87.25 210.91 128.99 224.00
sheep 0.521903 0.00 190.57 20.56 219.00
sheep 0.521665 72.34 210.41 115.31 224.00
aeroplane 0.521662 159.44 0.00 194.98 25.19
bird 0.521614 31.89 0.00 103.81 24.67
sheep 0.521609 0.00 198.52 13.37 224.00
bottle 0.521479 143.45 166.76 219.84 224.00
bottle 0.521479 100.18 168.02 203.31 224.00
sheep 0.521473 0.00 49.62 62.16 170.02
aeroplane 0.521298 116.71 0.00 149.07 18.33
bottle 0.521281 40.31 135.10 146.85 224.00
aeroplane 0.521204 106.37 6.40 125.75 26.94
dog 0.521196 220.00 39.24 224.00 79.60
sheep 0.521058 129.01 211.36 166.62 224.00
aeroplane 0.521056 18.87 0.00 89.75 26.58
aeroplane 0.521015 76.77 0.00 108.54 17.75
aeroplane 0.521010 108.92 0.00 140.70 17.98
sheep 0.520970 19.01 16.87 40.70 26.98
sheep 0.520922 14.77 87.49 114.97 206.64
bird 0.520877 61.99 0.00 137.54 24.03
aeroplane 0.520874 94.18 0.00 125.60 17.73
sheep 0.520832 24.61 15.92 46.77 26.98
aeroplane 0.520758 183.84 0.00 217.13 23.77
sheep 0.520754 198.90 117.72 224.00 177.48
sheep 0.520733 144.77 210.88 181.79 224.00
sheep 0.520725 94.22 104.65 144.22 172.29
bottle 0.520656 159.47 0.35 191.34 41.94
aeroplane 0.520655 195.83 0.00 224.00 22.17
sheep 0.520547 28.63 178.62 57.11 208.90
sheep 0.520514 161.06 209.97 199.63 224.00
dog 0.520451 0.00 143.59 34.51 224.00
sheep 0.520389 0.00 62.93 17.78 104.59
aeroplane 0.520364 85.33 0.00 116.90 17.38
sheep 0.520210 158.73 119.98 198.16 170.80
sheep 0.520208 0.00 202.74 23.29 224.00
aeroplane 0.520188 166.02 2.58 195.92 40.35
sheep 0.520171 83.40 184.49 128.61 224.00
aeroplane 0.520131 129.12 2.65 153.68 29.46
sheep 0.520085 34.10 19.97 53.55 32.50
aeroplane 0.520031 114.78 5.82 133.70 26.25
sheep 0.519943 0.00 101.07 9.09 148.03
cat 0.519938 175.42 126.25 224.00 224.00
sheep 0.519878 22.58 172.66 51.87 204.53
sheep 0.519854 187.68 158.52 216.97 207.01
aeroplane 0.519814 173.97 0.00 208.84 25.41
sheep 0.519765 36.31 96.21 72.19 151.36
aeroplane 0.519738 98.61 6.54 118.59 26.18
bottle 0.519706 149.20 6.59 176.31 41.44
sheep 0.519690 154.35 89.07 196.77 149.30
sheep 0.519639 2.65 95.88 29.72 138.61
bird 0.519638 0.00 8.22 16.07 34.36
aeroplane 0.519584 71.38 7.64 92.19 23.32
bird 0.519578 0.00 0.00 18.61 28.60
aeroplane 0.519561 65.19 8.73 87.96 23.00
bottle 0.519532 144.18 0.00 178.74 37.04
dog 0.519529 171.13 11.17 195.63 42.43
sheep 0.519367 0.00 83.97 20.48 133.33
sheep 0.519308 30.85 99.92 62.80 151.78
sheep 0.519304 166.54 121.98 211.89 184.86
aeroplane 0.519255 122.35 4.42 143.07 27.09
sheep 0.519233 174.92 143.86 208.99 194.14
bird 0.519070 0.00 14.19 14.90 40.27
sheep 0.519042 36.33 107.15 71.55 174.01
dog 0.518999 220.00 52.79 224.00 94.61
aeroplane 0.518839 135.12 1.47 163.35 30.89
sheep 0.518801 73.04 86.96 120.15 149.27
sheep 0.518773 72.53 139.15 103.34 205.84
bird 0.518725 0.00 41.51 7.60 82.98
aeroplane 0.518653 215.52 0.00 224.00 30.35
sheep 0.518652 160.21 104.41 198.69 156.91
sheep 0.518564 32.50 55.48 109.75 180.16
aeroplane 0.518540 47.95 0.00 81.40 16.59
sheep 0.518491 85.45 95.05 128.47 154.03
dog 0.518456 220.00 23.60 224.00 63.43
sheep 0.518285 6.87 184.31 26.32 208.28
sheep 0.518268 0.00 80.92 8.28 134.02
aeroplane 0.518239 146.04 0.00 187.23 39.42
sheep 0.518236 0.00 73.13 19.44 121.17
bottle 0.518205 143.31 7.96 168.13 39.29
dog 0.518195 220.00 10.15 224.00 43.82
sheep 0.518172 43.92 17.36 66.84 30.70
sheep 0.518105 0.00 0.00 39.10 63.21
sheep 0.518073 14.85 0.00 47.35 16.74
sheep 0.518073 13.16 16.74 33.63 26.20
sheep 0.518008 33.41 14.67 53.90 25.26
sheep 0.517971 174.52 22.10 224.00 163.20
bird 0.517947 60.11 14.02 81.97 30.16
sheep 0.517926 9.16 193.17 28.14 216.55
aeroplane 0.517871 80.86 7.71 98.87 23.39
sheep 0.517859 93.19 188.73 147.29 224.00
sheep 0.517851 14.82 21.94 33.08 30.93
sheep 0.517827 142.53 121.13 188.50 169.63
sheep 0.517822 53.25 14.82 76.23 30.02
cat 0.517812 131.53 136.93 170.19 187.70
sheep 0.517667 4.61 68.63 27.15 99.27
sheep 0.517632 0.00 139.24 6.99 185.49
aeroplane 0.517631 177.64 14.70 202.24 40.74
sheep 0.517617 3.64 176.50 27.89 204.32
aeroplane 0.517592 137.74 8.94 159.76 37.36
sheep 0.517587 188.91 171.90 217.92 214.29
bird 0.517555 52.21 0.00 140.32 133.18
cat 0.517549 91.89 110.31 149.60 185.67
dog 0.517489 113.01 54.58 151.72 99.41
sheep 0.517454 88.30 173.86 145.80 221.92
sheep 0.517412 30.31 0.00 61.60 16.31
sheep 0.517405 7.69 0.00 39.41 17.72
sheep 0.517322 26.23 24.15 45.73 38.93
aeroplane 0.517322 90.07 7.31 108.75 23.81
aeroplane 0.517202 219.98 0.00 224.00 37.25
sheep 0.517192 27.11 39.49 43.62 57.68
aeroplane 0.517164 130.82 10.40 150.23 35.81
sheep 0.517158 3.24 132.54 80.02 224.00
dog 0.517096 90.20 64.21 122.33 105.42
sheep 0.517078 39.76 0.00 71.67 16.25
sheep 0.517056 178.90 160.28 208.53 204.95
aeroplane 0.517053 105.84 55.43 142.17 98.34
sheep 0.517026 182.05 17.13 201.62 46.35
sheep 0.516993 151.63 151.75 191.63 190.46
sheep 0.516964 68.10 38.72 81.25 59.35
sheep 0.516942 4.04 14.11 25.81 28.94
aeroplane 0.516934 124.80 0.00 157.78 23.52
bird 0.516908 124.77 17.54 203.70 154.24
sheep 0.516870 5.18 74.64 28.45 116.69
sheep 0.516865 63.98 28.22 82.73 50.79
sheep 0.516849 28.50 193.21 59.96 223.94
sheep 0.516848 20.97 24.34 38.96 37.68
dog 0.516846 220.00 69.34 224.00 113.03
sheep 0.516813 14.98 175.93 40.25 203.69
bird 0.516808 87.27 0.00 185.59 118.32
bird 0.516808 0.00 33.30 8.78 69.62
sheep 0.516793 0.00 122.09 20.60 160.33
cat 0.516758 138.60 152.18 182.47 188.77
sheep 0.516730 129.04 91.43 166.70 132.95
aeroplane 0.516710 102.30 0.00 130.23 20.05
sheep 0.516677 11.48 167.20 42.96 200.82
sheep 0.516672 67.34 139.04 87.75 201.97
sheep 0.516655 54.12 10.36 79.30 22.41
dog 0.516637 106.33 68.46 144.13 108.97
bird 0.516634 134.06 0.00 206.83 103.58
bird 0.516621 65.18 13.13 86.80 30.04
sheep 0.516581 177.80 0.00 224.00 56.31
sheep 0.516564 33.32 175.54 63.24 206.43
dog 0.516560 220.00 98.18 224.00 144.14
bird 0.516550 4.98 19.46 25.54 33.44
sheep 0.516548 0.00 0.00 56.59 112.77
sheep 0.516522 186.09 9.41 224.00 134.87
sheep 0.516518 12.58 96.36 38.77 138.27
sheep 0.516478 4.94 111.76 28.89 149.16
sheep 0.516474 34.38 65.91 51.29 86.73
dog 0.516467 98.33 66.79 132.92 107.18
sheep 0.516394 23.59 102.71 54.98 147.81
sheep 0.516393 165.23 92.68 204.09 151.11
sheep 0.516379 51.45 82.09 89.21 135.37
aeroplane 0.516365 80.22 63.98 112.03 103.54
sheep 0.516334 127.94 101.40 167.04 145.55
sheep 0.516322 190.99 0.00 224.00 96.57
sheep 0.516269 21.40 38.47 35.68 56.16
sheep 0.516267 23.62 192.69 50.40 220.58
sheep 0.516252 35.22 72.92 51.69 94.31
sheep 0.516236 26.53 72.20 43.55 94.97
dog 0.516229 150.88 8.23 174.42 47.51
sheep 0.516199 135.84 89.70 184.46 142.38
sheep 0.516185 190.12 188.72 219.88 224.00
sheep 0.516174 35.12 39.31 51.38 58.10
sheep 0.516138 58.78 28.00 76.70 50.04
dog 0.516126 164.63 8.58 187.25 48.09
sheep 0.516110 74.84 169.55 104.82 210.02
sheep 0.516095 17.06 183.50 38.27 207.53
sheep 0.516090 17.75 193.43 38.91 217.76
sheep 0.516081 15.37 71.25 35.27 96.73
sheep 0.516062 189.75 49.20 201.26 67.86
sheep 0.516012 165.18 148.70 199.17 191.49
sheep 0.515981 195.35 47.91 209.55 68.94
aeroplane 0.515964 168.32 0.00 204.87 33.79
aeroplane 0.515950 189.66 15.31 209.25 38.65
sheep 0.515949 0.00 51.57 17.29 89.01
sheep 0.515931 0.00 117.90 8.13 161.95
sheep 0.515900 98.01 96.39 144.43 148.65
sheep 0.515879 4.07 62.69 26.67 91.33
sheep 0.515834 40.98 66.82 58.64 86.02
sheep 0.515810 50.90 28.30 69.20 49.31
sheep 0.515797 25.76 65.23 43.53 87.47
sheep 0.515777 26.18 30.27 45.11 47.89
sheep 0.515776 81.65 147.18 141.88 207.25
sheep 0.515756 61.86 37.51 74.56 58.56
sheep 0.515724 52.91 33.01 136.05 169.87
aeroplane 0.515719 98.21 55.61 130.85 97.62
bird 0.515703 0.00 25.05 11.46 57.07
sheep 0.515688 0.00 160.70 30.46 199.91
sheep 0.515675 44.49 12.51 68.78 23.22
sheep 0.515649 170.56 118.17 205.63 165.96
sheep 0.515641 34.26 121.75 66.32 181.63
sheep 0.515624 50.98 20.25 71.86 38.76
sheep 0.515594 43.40 38.18 59.02 57.97
sheep 0.515575 209.56 160.87 224.00 211.83
sheep 0.515570 11.30 118.75 104.25 224.00
cat 0.515562 124.18 126.75 164.15 185.24
sheep 0.515557 180.47 173.04 209.23 212.89
sheep 0.515522 35.04 56.61 50.90 76.93
sheep 0.515505 33.81 23.17 53.52 38.45
dog 0.515494 145.05 9.80 167.27 47.46
sheep 0.515474 35.75 47.75 50.20 66.38
dog 0.515467 126.23 53.20 166.92 102.01
aeroplane 0.515460 124.07 11.26 140.17 33.27
sheep 0.515432 188.46 37.88 201.24 60.80
sheep 0.515431 145.63 129.48 193.30 183.23
sheep 0.515428 27.55 47.52 42.43 66.33
aeroplane 0.515411 183.02 1.52 209.85 34.81
sheep 0.515399 53.20 37.63 67.10 58.16
aeroplane 0.515397 74.35 40.21 87.09 59.25
dog 0.515367 138.35 10.96 158.84 46.75
sheep 0.515334 58.39 19.35 79.38 39.30
sheep 0.515295 184.33 47.09 193.04 66.77
sheep 0.515289 185.44 24.80 201.17 53.09
sheep 0.515279 41.60 21.33 63.35 38.21
sheep 0.515259 41.86 74.08 60.03 94.64
sheep 0.515240 68.78 170.71 85.75 206.80
dog 0.515216 131.27 12.81 149.28 46.20
sheep 0.515196 0.00 128.33 7.25 172.03
cat 0.515192 132.72 124.12 169.41 173.82
sheep 0.515170 142.69 157.98 181.84 192.08
sheep 0.515169 208.79 183.51 224.00 224.00
sheep 0.515040 131.08 117.23 169.43 162.31
sheep 0.515019 15.03 64.29 34.95 88.89
aeroplane 0.514964 65.33 61.24 84.27 87.95
aeroplane 0.514893 90.32 55.24 120.32 95.68
sheep 0.514883 41.09 28.43 60.86 48.34
sheep 0.514856 44.23 47.12 57.93 66.06
sheep 0.514818 6.71 205.09 31.56 224.00
sheep 0.514796 42.35 56.84 58.30 76.40
sheep 0.514772 26.42 55.87 43.03 77.51
aeroplane 0.514728 70.11 59.64 92.31 89.71
sheep 0.514673 33.57 29.66 52.82 48.15
sheep 0.514608 138.79 103.05 186.51 151.13
aeroplane 0.514606 69.80 46.28 81.91 67.17
sheep 0.514600 49.12 65.90 67.14 85.55
sheep 0.514584 193.70 38.16 209.21 62.56
aeroplane 0.514576 64.65 67.57 85.42 101.38
aeroplane 0.514565 68.15 66.27 92.60 102.48
sheep 0.514548 21.16 29.81 38.13 46.11
sheep 0.514509 162.60 83.20 200.36 137.12
dog 0.514502 129.68 90.07 165.08 124.32
cat 0.514488 134.22 132.50 183.90 182.56
dog 0.514485 73.62 81.19 117.23 138.27
bird 0.514448 62.87 18.31 84.82 39.33
aeroplane 0.514347 57.83 63.55 75.73 86.35
sheep 0.514343 168.78 163.19 198.75 202.56
aeroplane 0.514284 193.16 20.04 209.16 44.94
sheep 0.514264 197.16 54.67 209.32 74.33
sheep 0.514257 27.00 76.79 44.20 102.77
dog 0.514254 178.10 21.14 193.36 52.67
sheep 0.514240 49.86 72.96 69.64 96.26
sheep 0.514226 203.07 197.08 224.00 224.00
sheep 0.514223 182.01 192.48 212.29 224.00
sheep 0.514193 190.46 56.00 200.99 74.14
aeroplane 0.514176 81.03 56.97 110.07 93.11
sheep 0.514135 46.60 84.62 80.62 128.64
sheep 0.514127 155.09 162.87 190.24 199.83
dog 0.514117 131.82 22.42 149.23 57.57
aeroplane 0.514097 70.75 29.97 87.89 51.48
aeroplane 0.514082 58.16 70.14 78.09 98.91
bird 0.514082 131.82 0.00 209.07 50.03
cat 0.514022 146.43 140.01 192.27 188.67
sheep 0.513999 15.60 206.50 41.89 224.00
sheep 0.513991 32.43 91.53 62.37 133.32
dog 0.513990 146.41 19.25 166.68 56.06
sheep 0.513965 20.42 46.39 34.33 66.60
aeroplane 0.513963 71.30 12.48 91.31 29.81
aeroplane 0.513938 108.15 11.82 124.27 31.49
sheep 0.513936 42.72 140.85 77.35 198.82
sheep 0.513925 134.08 154.28 165.60 195.91
sheep 0.513923 73.99 188.42 104.88 224.00
sheep 0.513914 183.08 36.14 192.96 59.41
aeroplane 0.513879 116.48 11.43 131.12 31.27
dog 0.513858 120.75 68.58 161.10 110.75
aeroplane 0.513848 100.59 12.46 117.94 31.47
sheep 0.513848 23.12 89.98 51.41 131.67
sheep 0.513810 21.19 207.30 53.44 224.00
bird 0.513810 36.79 0.00 96.16 111.97
dog 0.513794 138.88 20.42 158.50 57.12
sheep 0.513764 14.99 78.50 36.29 115.27
sheep 0.513757 53.39 46.05 66.24 65.64
sheep 0.513718 98.44 134.76 148.04 194.84
dog 0.513655 130.85 43.46 165.32 89.56
sheep 0.513640 62.56 45.64 74.70 65.89
sheep 0.513624 55.51 79.23 100.92 140.63
sheep 0.513564 183.71 53.44 193.63 74.44
sheep 0.513564 0.00 44.74 17.98 76.69
sheep 0.513546 17.62 0.00 77.19 109.00
aeroplane 0.513521 75.03 46.73 88.02 68.24
cat 0.513478 110.14 126.22 156.94 187.06
bird 0.513466 92.88 0.00 184.74 67.45
dog 0.513443 151.89 18.53 172.86 54.33
aeroplane 0.513442 125.11 14.71 140.27 44.57
sheep 0.513428 36.30 78.36 53.93 103.60
sheep 0.513427 50.57 0.00 81.65 17.13
sheep 0.513409 113.61 100.63 151.27 152.20
sheep 0.513353 193.44 27.28 208.88 53.67
sheep 0.513339 51.09 55.85 66.71 75.91
dog 0.513332 86.49 83.62 125.73 136.34
bottle 0.513320 85.31 122.16 197.95 224.00
dog 0.513314 147.76 33.97 166.90 65.29
sheep 0.513269 50.59 169.39 76.34 204.74
aeroplane 0.513197 74.40 58.67 100.64 91.39
dog 0.513162 117.46 45.64 150.45 88.05
sheep 0.513162 0.53 36.55 20.64 62.24
sheep 0.513162 14.83 37.38 28.29 55.91
sheep 0.513143 16.44 54.76 34.29 78.72
sheep 0.513111 170.97 173.58 199.08 211.14
sheep 0.513074 119.57 93.34 153.08 138.25
aeroplane 0.513046 67.99 53.18 83.55 76.81
dog 0.513035 90.06 74.19 123.96 120.50
sheep 0.513030 22.51 32.35 81.58 143.89
sheep 0.513006 67.44 190.39 89.55 224.00
dog 0.512994 108.03 81.50 149.04 119.66
dog 0.512883 97.32 163.08 149.10 212.64
sheep 0.512850 15.10 109.21 36.77 148.46
sheep 0.512843 15.71 24.40 32.77 36.00
dog 0.512828 77.74 72.08 113.31 120.47
sheep 0.512791 5.28 53.98 25.67 81.26
sheep 0.512759 56.56 74.88 83.31 117.82
dog 0.512716 144.50 41.31 168.64 75.26
sheep 0.512707 173.93 45.50 185.49 67.22
sheep 0.512698 106.94 174.41 154.98 218.48
dog 0.512691 153.43 35.36 171.85 63.47
sheep 0.512675 0.00 144.62 18.99 186.62
sheep 0.512649 26.14 137.02 61.92 185.29
aeroplane 0.512634 60.36 54.28 75.58 76.01
sheep 0.512632 25.63 82.20 47.02 116.39
sheep 0.512626 114.91 187.81 164.61 224.00
aeroplane 0.512554 72.81 52.51 90.33 78.03
sheep 0.512551 0.00 133.43 19.23 171.11
aeroplane 0.512537 92.11 13.26 108.58 29.54
sheep 0.512484 4.22 22.43 25.15 38.98
dog 0.512484 105.99 89.71 151.52 129.48
sheep 0.512477 108.15 109.36 151.37 167.98
aeroplane 0.512427 81.51 13.05 98.23 29.40
sheep 0.512398 42.55 79.56 63.41 106.44
dog 0.512337 123.56 91.51 157.28 128.61
sheep 0.512319 54.68 189.76 81.79 224.00
sheep 0.512313 40.76 85.54 68.53 121.86
sheep 0.512272 49.88 78.10 74.38 111.87
dog 0.512262 139.73 33.16 159.73 65.91
boat 0.512216 126.29 25.61 141.11 56.72
aeroplane 0.512216 110.90 46.94 141.18 86.54
dog 0.512192 136.59 39.62 162.52 77.36
sheep 0.512170 146.08 171.54 181.23 206.44
dog 0.512164 151.00 44.39 172.58 73.05
sheep 0.512162 34.98 84.50 57.98 118.04
dog 0.512022 99.00 78.56 137.11 119.72
sheep 0.512021 174.89 191.67 203.24 224.00
sheep 0.511968 10.94 45.51 26.21 68.38
sheep 0.511960 157.52 172.11 190.63 208.81
sheep 0.511900 2.60 28.22 23.56 48.72
dog 0.511843 132.32 33.57 151.19 66.08
sheep 0.511827 137.40 162.93 171.70 199.60
sheep 0.511810 155.77 79.52 191.50 123.61
dog 0.511739 207.70 44.16 221.25 72.98
sheep 0.511737 26.91 114.78 56.42 162.88
sheep 0.511708 113.58 137.65 156.12 190.92
sheep 0.511702 171.55 51.40 186.29 76.39
aeroplane 0.511665 69.14 18.85 89.33 40.20
dog 0.511651 95.57 87.60 139.03 132.90
dog 0.511633 126.36 152.03 159.44 196.31
sheep 0.511566 202.97 111.34 224.00 162.14
dog 0.511557 167.21 17.85 185.59 52.26
aeroplane 0.511501 100.75 17.97 116.84 41.45
dog 0.511463 129.15 39.96 154.72 78.36
dog 0.511447 130.50 68.68 172.05 114.17
aeroplane 0.511414 62.25 72.08 94.48 122.13
aeroplane 0.511398 93.19 41.49 103.81 57.43
sheep 0.511394 15.79 29.58 31.38 44.42
dog 0.511357 205.05 13.93 222.17 38.61
sheep 0.511353 180.98 61.32 194.31 84.68
sheep 0.511351 46.09 32.45 110.16 155.14
aeroplane 0.511319 82.45 42.06 93.94 58.63
sheep 0.511316 138.43 83.07 182.74 123.75
dog 0.511289 156.38 17.27 178.20 52.60
boat 0.511285 101.67 30.77 113.89 51.05
sheep 0.511263 188.80 63.17 200.79 82.59
sheep 0.511241 197.57 61.33 209.09 81.44
sheep 0.511235 163.32 189.56 196.42 224.00
sheep 0.511228 41.62 190.22 73.73 224.00
boat 0.511161 117.72 16.09 131.07 42.23
dog 0.511148 159.75 45.53 177.76 69.94
sheep 0.511121 9.96 150.76 45.43 194.40
sheep 0.511107 134.69 172.34 171.70 207.53
sheep 0.511100 28.12 125.12 59.04 173.59
dog 0.511078 172.31 34.36 185.05 58.98
aeroplane 0.510942 91.89 32.00 105.07 50.79
aeroplane 0.510933 91.67 19.52 107.36 40.82
dog 0.510911 209.26 50.61 220.84 78.83
dog 0.510884 206.98 19.73 221.64 46.92
boat 0.510769 108.58 17.36 122.98 41.44
sheep 0.510738 125.08 172.69 164.60 211.63
aeroplane 0.510718 103.45 40.40 112.65 57.28
dog 0.510714 206.67 36.19 221.80 66.48
dog 0.510710 123.07 163.43 158.63 206.33
dog 0.510672 159.88 35.02 177.16 60.71
dog 0.510658 113.06 150.27 154.24 199.08
aeroplane 0.510649 81.33 47.34 94.77 69.46
aeroplane 0.510609 201.02 0.00 223.43 33.46
dog 0.510600 123.68 41.23 147.06 77.05
aeroplane 0.510590 103.21 47.72 129.50 85.41
dog 0.510589 145.08 48.10 173.80 83.74
sheep 0.510503 150.02 188.79 187.55 224.00
boat 0.510411 109.92 29.99 121.63 51.44
sheep 0.510394 167.08 59.39 186.90 88.18
boat 0.510393 119.23 28.37 131.73 53.90
dog 0.510386 126.65 35.75 143.48 64.88
aeroplane 0.510333 77.26 52.12 97.63 79.32
sheep 0.510308 10.59 0.00 78.55 54.31
aeroplane 0.510307 79.82 32.38 94.64 51.30
bird 0.510222 57.05 0.00 145.41 67.49
dog 0.510179 206.65 26.85 221.65 57.23
aeroplane 0.510103 84.80 50.50 107.62 80.84
aeroplane 0.510072 94.85 47.97 118.54 83.26
aeroplane 0.509983 90.54 46.24 104.52 70.24
bird 0.509980 31.75 0.00 105.90 56.73
sheep 0.509976 160.00 78.60 188.56 111.39
aeroplane 0.509956 79.08 20.09 96.20 40.92
sheep 0.509866 32.37 210.19 70.53 224.00
sheep 0.509852 138.16 55.99 174.49 97.02
sheep 0.509848 176.13 71.55 193.85 94.99
sheep 0.509795 135.39 189.22 177.29 224.00
sheep 0.509693 112.09 206.36 160.89 224.00
sheep 0.509612 153.93 50.49 178.17 79.92
sheep 0.509499 163.29 70.86 187.51 98.96
aeroplane 0.509476 117.30 42.79 137.33 74.49
aeroplane 0.509462 111.58 40.17 121.90 58.53
sheep 0.509333 170.71 78.68 193.85 107.89
dog 0.509325 210.66 57.46 221.52 86.36
boat 0.509192 119.99 38.39 133.61 61.64
aeroplane 0.509141 101.16 44.11 114.78 71.43
sheep 0.509056 196.22 69.29 209.04 89.99
sheep 0.508998 170.78 84.84 201.64 118.08
sheep 0.508962 184.45 72.16 199.89 92.18
aeroplane 0.508816 109.39 43.82 125.28 72.59
sheep 0.508809 185.85 106.52 219.01 150.93
sheep 0.508770 4.05 131.80 26.81 165.22
sheep 0.508726 206.62 102.16 224.00 146.62
sheep 0.508679 189.42 85.39 212.73 114.95
sheep 0.508562 134.05 69.82 174.94 110.48
sheep 0.508524 14.88 141.67 41.71 180.21
sheep 0.508520 186.86 95.42 215.65 131.71
sheep 0.508511 151.41 208.11 190.84 224.00
dog 0.508297 211.64 65.03 222.68 95.03
sheep 0.508217 193.43 77.21 210.08 101.19
sheep 0.508212 18.46 128.30 38.12 164.61
dog 0.508118 211.08 92.02 224.00 130.33
sheep 0.508070 178.22 80.03 199.49 104.52
dog 0.507958 212.00 82.57 224.00 117.64
sheep 0.507884 128.44 206.08 173.82 224.00
dog 0.507721 212.00 73.40 224.00 105.88
