motorbike 0.619390 20.04 3.70 219.02 197.12
person 0.599039 47.34 1.47 164.70 189.27
horse 0.593056 5.84 23.97 199.92 199.84
motorbike 0.575354 54.30 6.12 157.15 177.61
person 0.575139 13.76 0.00 209.49 179.82
person 0.566120 0.00 75.70 14.78 115.84
person 0.564774 71.14 11.25 121.85 108.41
horse 0.559627 25.56 26.69 144.52 191.89
motorbike 0.559110 70.50 15.90 122.22 109.82
person 0.558336 58.84 2.51 138.85 148.74
motorbike 0.554919 55.15 34.90 204.32 185.33
horse 0.552877 20.39 92.22 93.38 177.17
person 0.549526 0.00 62.86 12.97 109.07
horse 0.547757 42.77 58.95 93.32 149.57
cow 0.546281 14.68 52.88 154.54 196.57
cow 0.545486 20.21 98.95 91.02 178.63
person 0.545275 73.15 9.17 104.36 102.19
motorbike 0.542169 165.55 30.73 224.00 189.21
person 0.542069 64.88 0.00 106.82 45.82
horse 0.541723 25.85 74.10 72.84 148.40
car 0.541478 218.22 79.09 224.00 128.79
motorbike 0.540350 186.84 17.60 224.00 161.98
chair 0.540133 218.24 82.90 224.00 134.00
motorbike 0.539548 65.54 0.00 137.52 119.64
motorbike 0.538377 116.42 24.50 224.00 195.43
horse 0.538218 8.54 106.23 80.67 165.29
person 0.538117 62.07 26.95 98.29 119.56
person 0.538111 62.13 0.00 127.77 69.80
horse 0.538110 56.03 37.70 95.01 130.54
cow 0.537910 25.83 32.99 206.61 201.18
person 0.537777 3.11 77.63 25.87 112.90
horse 0.537208 65.39 24.81 107.30 116.99
person 0.536863 69.83 3.71 115.17 82.42
person 0.536769 86.94 1.43 220.85 183.66
person 0.536429 184.07 0.00 224.00 52.81
cow 0.535881 2.41 115.76 80.34 181.51
person 0.535331 219.44 23.57 224.00 67.06
person 0.535165 29.81 60.99 63.87 132.28
horse 0.534709 35.75 56.27 75.53 137.29
motorbike 0.534653 131.23 45.10 161.53 104.91
chair 0.534608 219.12 97.54 224.00 152.83
person 0.534029 0.00 45.83 10.57 88.83
person 0.533988 205.02 0.00 224.00 23.15
horse 0.533422 22.99 27.56 109.56 166.40
person 0.533326 218.08 8.96 224.00 46.39
horse 0.533186 44.40 44.05 85.78 130.33
person 0.532984 0.00 34.39 39.29 154.58
car 0.532726 219.52 66.24 224.00 117.21
motorbike 0.532658 66.84 12.24 184.66 138.46
sheep 0.532542 2.75 142.24 57.33 182.59
motorbike 0.532181 106.49 44.21 147.81 99.57
person 0.532171 215.46 1.31 224.00 35.02
person 0.532129 70.32 5.03 96.98 86.14
horse 0.532111 9.69 0.00 78.97 39.00
motorbike 0.531816 125.36 32.70 157.60 96.94
horse 0.531806 17.55 74.50 57.40 127.98
person 0.531804 0.38 81.59 21.04 117.99
person 0.530851 0.00 58.00 17.02 97.18
cow 0.530717 0.00 206.80 20.73 224.00
person 0.530388 0.00 0.00 41.06 42.05
person 0.530353 38.70 47.02 71.86 128.09
person 0.530203 48.32 36.48 86.60 118.43
car 0.530189 220.00 122.25 224.00 165.36
cow 0.530096 209.54 206.81 224.00 224.00
cow 0.530095 0.00 211.08 34.86 224.00
motorbike 0.529562 127.89 13.53 157.05 71.28
dog 0.529542 33.81 47.84 56.88 106.13
person 0.529518 32.56 48.40 57.18 115.04
person 0.529500 17.06 69.18 51.63 122.74
person 0.528932 42.44 42.00 69.65 108.47
person 0.528816 29.50 0.00 98.64 48.46
horse 0.528635 13.42 89.48 69.04 152.79
horse 0.528355 0.00 46.35 52.61 166.75
person 0.528227 9.56 79.96 35.63 117.94
horse 0.528173 5.09 113.32 47.97 150.54
person 0.528119 20.37 32.85 107.28 174.45
chair 0.528077 220.00 55.97 224.00 104.46
sheep 0.528050 7.36 135.86 71.39 188.89
chair 0.527990 219.79 36.35 224.00 78.10
cow 0.527552 38.91 84.61 92.60 174.13
person 0.527493 0.00 35.65 9.74 77.29
horse 0.527350 0.00 87.57 19.16 131.62
sheep 0.527262 27.39 78.65 200.72 205.91
person 0.526993 182.41 0.00 224.00 88.27
motorbike 0.526956 86.69 37.94 134.57 98.54
chair 0.526797 220.00 45.20 224.00 89.02
car 0.526758 181.77 0.00 213.62 14.81
horse 0.526577 0.00 97.71 22.43 140.78
person 0.526516 0.00 19.63 10.32 56.73
sheep 0.526454 98.06 135.59 117.92 174.25
car 0.526391 220.00 134.70 224.00 177.06
person 0.526374 145.81 0.00 215.36 35.51
horse 0.526297 59.22 65.01 110.19 146.24
person 0.526257 104.25 0.00 179.64 41.98
bird 0.526239 58.20 212.73 95.24 224.00
cow 0.526153 2.41 126.97 58.30 172.33
motorbike 0.526121 124.60 51.66 156.64 115.68
cow 0.525993 95.43 131.22 118.28 170.24
person 0.525877 0.00 0.00 18.73 24.10
bird 0.525807 25.67 212.28 64.91 224.00
horse 0.525796 0.00 74.71 73.11 184.99
horse 0.525740 9.71 105.46 56.85 152.26
horse 0.525697 20.95 9.92 96.36 130.01
person 0.525593 125.83 0.00 196.65 35.36
cow 0.525523 173.20 178.74 224.00 224.00
car 0.525519 121.52 0.00 155.10 18.13
bird 0.525320 75.09 212.87 109.83 224.00
bird 0.525319 42.72 212.19 81.66 224.00
person 0.525284 81.46 0.00 160.98 52.98
cow 0.525282 175.83 96.19 224.00 216.69
person 0.525218 132.97 5.18 156.02 53.95
sheep 0.525140 97.77 213.14 132.57 224.00
dog 0.525130 121.23 212.43 156.93 224.00
motorbike 0.525009 108.20 24.24 148.87 87.63
cow 0.524997 21.54 151.11 129.45 224.00
motorbike 0.524991 77.37 11.96 123.47 76.68
aeroplane 0.524921 133.49 64.62 161.36 128.65
person 0.524903 0.00 6.53 11.70 41.35
dog 0.524851 80.93 172.75 189.63 224.00
person 0.524842 19.86 53.88 45.18 100.22
dog 0.524826 104.99 212.66 140.98 224.00
cow 0.524749 90.62 213.32 125.16 224.00
dog 0.524633 137.25 213.23 170.80 224.00
motorbike 0.524617 147.09 14.04 224.00 155.14
sheep 0.524615 145.50 213.19 179.41 224.00
horse 0.524534 5.41 104.72 40.54 143.94
motorbike 0.524489 193.65 6.49 212.54 23.68
motorbike 0.524457 66.76 0.00 110.86 65.87
person 0.524336 194.73 0.00 223.73 18.40
horse 0.524327 0.00 106.16 27.26 147.09
aeroplane 0.524278 135.64 81.18 162.69 141.23
person 0.524247 0.00 50.61 16.14 86.20
dog 0.524199 220.00 141.07 224.00 185.26
person 0.524067 64.93 0.00 116.22 27.96
dog 0.524035 45.41 159.06 159.08 224.00
cow 0.524024 17.20 134.23 74.92 189.00
dog 0.523977 110.95 182.92 221.49 224.00
person 0.523972 0.00 4.77 37.29 116.87
cow 0.523922 80.22 123.20 109.98 172.14
sheep 0.523843 83.39 128.73 109.34 176.13
cow 0.523839 185.36 213.29 218.49 224.00
cow 0.523829 153.66 213.13 188.02 224.00
bird 0.523824 0.00 159.68 64.30 224.00
dog 0.523820 41.94 41.76 68.50 99.78
cow 0.523800 74.34 80.67 118.40 147.77
cow 0.523709 42.57 120.54 85.85 187.89
sheep 0.523688 0.00 11.58 18.01 38.95
bird 0.523678 9.99 213.62 51.33 224.00
bird 0.523677 6.68 154.54 103.92 224.00
cow 0.523655 196.28 210.94 224.00 224.00
horse 0.523615 188.71 8.36 210.60 25.46
cow 0.523592 65.68 85.18 110.60 154.80
motorbike 0.523545 114.58 15.80 150.39 73.29
car 0.523543 101.20 0.00 141.19 17.36
sheep 0.523534 132.52 184.61 224.00 224.00
cow 0.523439 14.33 100.15 127.05 200.18
sheep 0.523392 5.49 152.27 51.90 186.35
sheep 0.523331 8.59 28.29 27.03 50.18
sheep 0.523235 0.00 24.89 17.42 54.32
cow 0.523234 170.05 213.19 206.80 224.00
car 0.523091 88.19 0.00 132.37 19.25
horse 0.523079 41.00 6.72 123.71 135.25
sheep 0.523022 0.00 18.93 17.57 46.17
cow 0.522917 85.36 107.13 119.54 162.00
person 0.522911 2.87 65.93 24.30 103.49
cow 0.522715 101.14 134.42 123.52 169.09
sheep 0.522603 220.00 158.75 224.00 199.70
car 0.522426 75.14 0.00 124.15 23.00
aeroplane 0.522421 66.36 69.39 219.48 202.71
sheep 0.522404 7.51 21.31 26.76 42.35
dog 0.522361 0.00 0.00 13.61 31.72
motorbike 0.522301 137.76 55.25 165.32 114.10
motorbike 0.522284 190.63 13.84 209.05 32.89
person 0.522280 57.10 0.00 101.52 30.31
sheep 0.522260 8.91 35.96 25.92 58.87
horse 0.522249 19.91 75.39 120.51 186.52
sheep 0.522194 4.78 12.57 27.42 34.44
motorbike 0.522186 131.17 0.00 154.76 43.51
horse 0.522055 15.38 0.00 85.67 67.37
aeroplane 0.522049 141.71 92.81 169.29 147.27
motorbike 0.521996 117.66 6.36 216.11 121.82
motorbike 0.521981 55.92 0.00 115.24 39.35
motorbike 0.521968 196.13 12.65 211.74 31.04
sheep 0.521947 103.09 138.60 123.80 173.28
person 0.521829 67.45 16.07 91.22 95.30
chair 0.521768 165.33 96.09 189.15 151.15
motorbike 0.521700 88.76 17.01 134.52 78.78
chair 0.521684 180.76 98.01 197.25 147.32
sheep 0.521679 141.69 137.04 155.86 160.88
sheep 0.521584 32.10 133.99 79.37 189.40
horse 0.521572 0.00 106.56 83.77 196.21
chair 0.521532 180.15 113.90 197.76 156.59
sheep 0.521436 148.93 151.67 162.73 176.54
chair 0.521388 164.24 110.76 188.25 159.98
sheep 0.521356 120.74 136.22 141.19 164.49
sheep 0.521338 149.56 160.17 162.25 183.09
motorbike 0.521236 82.66 0.00 178.16 89.40
motorbike 0.521209 135.45 53.86 174.94 97.78
horse 0.521201 70.13 45.95 117.61 117.80
aeroplane 0.521167 158.92 57.32 185.22 89.74
chair 0.521151 167.53 125.34 188.19 161.96
cow 0.521136 50.67 79.15 99.76 160.98
sheep 0.521132 154.98 160.22 170.10 184.81
sheep 0.521094 146.58 136.55 163.17 162.31
person 0.521066 0.00 40.72 16.15 74.77
chair 0.521025 170.41 56.21 189.39 83.57
horse 0.521016 33.68 0.00 106.75 75.19
aeroplane 0.520957 129.70 94.20 155.37 142.88
horse 0.520933 10.24 83.16 37.76 123.77
person 0.520927 0.00 32.30 16.51 63.79
cow 0.520862 57.72 111.56 99.07 176.78
sheep 0.520841 108.63 135.36 131.46 168.00
dog 0.520798 139.48 131.26 156.92 158.38
car 0.520791 159.36 59.32 183.53 93.06
sheep 0.520754 132.58 136.85 148.64 161.27
horse 0.520736 187.08 0.00 214.93 15.56
cow 0.520711 0.00 119.91 49.57 163.52
dog 0.520711 22.14 50.45 45.28 87.01
sheep 0.520706 148.22 143.28 163.12 169.29
aeroplane 0.520617 113.66 96.11 145.47 142.69
horse 0.520600 0.00 0.00 37.98 71.00
aeroplane 0.520588 171.27 59.69 189.20 89.33
chair 0.520528 182.48 128.03 198.81 158.31
dog 0.520439 171.61 158.42 188.08 186.42
sheep 0.520434 100.99 151.74 115.73 183.46
sheep 0.520386 49.11 135.11 84.57 190.44
dog 0.520360 143.29 129.16 163.50 159.51
chair 0.520346 191.70 100.73 205.28 146.42
dog 0.520303 32.76 40.50 56.43 81.96
sheep 0.520249 153.13 152.19 169.91 178.40
aeroplane 0.520239 168.21 88.84 188.60 143.76
car 0.520190 167.56 0.00 198.59 13.92
sheep 0.520131 143.45 142.41 155.09 166.83
motorbike 0.520104 77.83 41.69 124.91 105.30
sheep 0.520100 60.76 195.65 87.43 220.47
motorbike 0.519917 124.57 6.65 152.35 53.96
sheep 0.519906 220.00 178.43 224.00 211.39
diningtable 0.519867 201.73 83.23 213.14 116.20
chair 0.519849 200.13 99.76 213.23 144.44
sheep 0.519827 23.77 119.10 150.42 224.00
sheep 0.519817 156.35 167.03 169.79 191.26
chair 0.519817 190.41 116.17 206.39 155.62
sheep 0.519767 125.04 146.27 139.52 176.32
dog 0.519762 7.65 44.01 24.34 69.82
aeroplane 0.519761 220.00 188.58 224.00 221.22
diningtable 0.519708 199.81 78.23 215.26 111.65
cow 0.519679 106.36 127.89 131.67 163.15
motorbike 0.519673 106.62 63.34 147.19 125.17
sheep 0.519642 100.40 186.06 115.42 206.59
person 0.519641 5.02 52.18 23.86 81.44
horse 0.519623 10.52 92.07 45.60 140.55
sheep 0.519580 143.69 150.32 154.42 174.16
chair 0.519550 183.47 88.82 195.91 137.55
dog 0.519541 15.57 36.02 33.34 57.17
horse 0.519518 5.06 90.89 31.27 132.08
dog 0.519515 181.76 157.79 195.27 184.85
sheep 0.519512 100.96 176.10 115.37 198.82
sheep 0.519504 101.23 164.85 115.22 190.46
dog 0.519499 181.38 166.48 195.38 192.84
chair 0.519479 192.74 78.58 206.14 108.39
sheep 0.519479 143.54 159.18 153.75 181.13
dog 0.519404 161.93 159.48 178.24 186.22
chair 0.519402 202.64 90.78 211.98 132.04
cow 0.519394 164.71 16.20 179.51 37.89
person 0.519387 9.20 58.40 32.40 95.07
chair 0.519373 198.31 114.32 214.09 153.67
dog 0.519361 199.47 127.73 213.17 156.40
sheep 0.519334 106.21 186.75 122.41 206.22
dog 0.519331 22.63 43.37 44.40 73.38
sheep 0.519325 69.54 195.28 94.24 219.47
sheep 0.519278 135.12 141.32 147.05 166.23
chair 0.519273 192.25 61.47 205.32 89.32
dog 0.519264 171.95 165.71 187.63 193.86
chair 0.519264 191.34 129.45 206.22 157.53
aeroplane 0.519239 5.11 0.00 36.88 15.80
aeroplane 0.519169 155.23 89.36 181.12 148.39
aeroplane 0.519152 114.96 108.74 143.66 150.52
dog 0.519141 30.97 29.87 55.57 68.35
motorbike 0.519128 190.15 18.09 207.80 40.13
sheep 0.519116 113.12 144.78 130.61 178.62
sheep 0.519079 0.00 0.00 25.69 20.16
motorbike 0.519038 122.45 0.00 154.88 30.07
dog 0.519017 146.74 127.04 169.91 161.89
motorbike 0.519016 163.43 0.00 224.00 83.63
chair 0.519008 183.06 59.85 195.83 87.32
person 0.519003 6.25 71.01 32.97 111.14
aeroplane 0.518979 26.30 0.00 59.40 12.26
car 0.518966 138.67 0.00 170.56 16.33
aeroplane 0.518950 51.61 195.40 81.14 220.86
aeroplane 0.518947 137.65 107.65 160.22 151.92
car 0.518945 159.57 0.00 187.62 13.18
dog 0.518931 21.34 34.73 43.24 60.67
sheep 0.518928 150.06 168.06 161.55 189.75
chair 0.518900 192.35 70.14 206.74 101.04
horse 0.518879 0.00 119.23 35.48 164.61
sheep 0.518857 104.90 195.95 125.79 219.16
chair 0.518851 194.87 83.77 204.79 114.12
sheep 0.518849 22.19 145.57 73.48 192.89
aeroplane 0.518842 130.11 108.32 152.53 151.24
chair 0.518823 194.89 90.86 204.18 134.58
sheep 0.518779 55.57 123.22 90.90 186.63
motorbike 0.518760 132.54 0.00 215.05 73.20
sheep 0.518728 151.94 143.65 170.04 171.22
sheep 0.518718 135.99 148.24 146.27 173.60
chair 0.518715 191.27 53.91 203.63 77.93
sheep 0.518690 89.16 148.36 107.26 185.69
car 0.518683 150.12 0.00 178.73 14.25
dog 0.518675 14.93 28.44 33.68 49.08
sheep 0.518657 99.10 194.92 118.06 218.91
dog 0.518649 15.00 44.38 32.63 68.73
dog 0.518595 171.11 135.36 187.88 164.74
motorbike 0.518540 101.58 6.21 137.41 57.68
aeroplane 0.518502 11.61 0.00 46.58 13.95
dog 0.518498 153.65 125.22 177.14 164.10
aeroplane 0.518456 170.97 69.76 187.67 105.82
sheep 0.518438 0.00 143.48 32.04 185.30
tvmonitor 0.518432 183.15 66.49 196.25 97.07
sheep 0.518418 215.64 200.78 224.00 224.00
dog 0.518395 163.03 165.93 177.92 193.02
sheep 0.518389 91.23 185.10 107.30 206.94
sheep 0.518366 0.00 187.85 11.83 224.00
dog 0.518353 140.97 103.88 167.92 152.62
dog 0.518350 150.64 136.30 170.08 164.28
dog 0.518313 171.27 150.48 187.97 179.10
cow 0.518310 0.00 126.78 35.76 172.98
chair 0.518266 212.00 84.97 224.00 135.44
chair 0.518256 197.48 34.00 210.67 61.97
aeroplane 0.518249 14.42 194.71 53.54 223.71
chair 0.518230 182.11 54.76 195.81 78.76
aeroplane 0.518229 11.53 10.19 36.11 31.55
motorbike 0.518205 189.38 24.25 206.36 50.98
sheep 0.518155 9.21 172.61 45.75 204.40
motorbike 0.518086 108.24 0.00 192.34 74.63
sheep 0.518077 90.46 162.49 106.78 192.73
bird 0.518051 0.00 202.60 16.39 224.00
car 0.518046 33.75 0.00 69.36 13.75
sheep 0.518043 135.81 157.05 145.75 180.85
sheep 0.518038 132.99 185.31 146.40 205.21
sheep 0.518016 80.50 194.30 101.83 217.98
dog 0.518004 189.18 167.33 202.40 192.12
chair 0.517999 195.88 86.95 203.67 124.07
sheep 0.517946 90.70 174.25 106.91 200.32
sheep 0.517945 106.56 177.39 121.66 198.52
chair 0.517915 190.86 33.89 205.09 63.06
aeroplane 0.517914 171.81 78.83 187.92 118.29
sheep 0.517865 81.75 109.13 221.89 208.28
sheep 0.517832 91.04 194.17 109.68 217.70
dog 0.517811 41.63 22.52 67.57 74.86
dog 0.517805 12.49 52.44 32.77 81.58
sheep 0.517774 157.41 174.94 169.46 197.73
cow 0.517773 94.52 112.94 124.66 158.88
sheep 0.517757 54.08 150.82 84.18 195.17
cow 0.517698 0.00 142.87 71.51 224.00
dog 0.517680 201.90 135.51 211.86 159.43
sheep 0.517679 140.74 185.88 153.24 204.36
dog 0.517668 189.70 157.99 202.29 184.22
chair 0.517664 184.46 74.62 196.37 104.68
sheep 0.517661 105.88 154.21 121.38 183.28
cow 0.517649 117.57 120.95 143.72 155.94
sheep 0.517634 59.87 183.23 84.66 208.47
chair 0.517616 200.76 52.13 211.94 78.05
cow 0.517586 87.04 88.20 122.28 145.01
cow 0.517565 179.08 16.05 194.65 32.53
dog 0.517542 159.68 151.55 177.62 179.78
motorbike 0.517528 195.18 25.10 210.81 51.56
dog 0.517527 185.32 136.31 198.12 160.81
dog 0.517523 150.56 110.38 178.52 162.22
dog 0.517511 13.49 21.38 33.50 40.82
motorbike 0.517511 203.33 2.93 218.56 27.85
sheep 0.517492 143.32 168.01 153.13 188.47
person 0.517482 139.04 10.55 160.10 47.89
sheep 0.517462 61.56 138.25 89.99 190.13
pottedplant 0.517460 212.00 77.81 224.00 123.25
sheep 0.517436 157.25 183.82 169.48 204.54
aeroplane 0.517430 112.84 117.01 224.00 209.18
sheep 0.517420 125.07 155.12 138.33 183.15
chair 0.517415 199.91 70.25 216.22 104.36
aeroplane 0.517377 142.93 60.19 172.27 111.59
car 0.517349 48.33 0.00 89.08 22.10
sheep 0.517298 175.84 161.00 224.00 224.00
aeroplane 0.517295 31.22 0.42 54.22 27.04
aeroplane 0.517263 144.36 71.20 172.42 128.48
motorbike 0.517239 195.84 17.75 211.50 39.60
aeroplane 0.517175 7.46 171.81 50.86 205.54
aeroplane 0.517168 157.01 65.83 180.36 108.43
sheep 0.517162 69.16 184.29 91.27 208.88
sheep 0.517116 113.26 186.13 129.88 206.38
sheep 0.517081 129.44 195.54 150.80 221.40
dog 0.517019 183.06 149.76 195.62 176.61
dog 0.517014 189.92 177.06 202.81 198.33
person 0.517006 208.67 10.01 220.49 38.10
dog 0.517006 182.23 176.35 196.28 199.12
dog 0.516980 171.78 142.37 187.66 171.42
dog 0.516975 130.50 121.97 151.46 156.60
sheep 0.516967 197.97 184.91 208.74 203.51
sheep 0.516947 190.25 185.61 202.82 204.49
chair 0.516946 199.86 43.91 210.64 68.87
sheep 0.516935 79.69 184.07 99.32 207.90
chair 0.516929 186.20 81.48 195.94 112.79
chair 0.516925 191.39 45.62 203.75 70.87
sheep 0.516907 135.24 166.70 145.26 188.73
sheep 0.516884 148.85 185.64 160.95 204.10
sheep 0.516837 122.99 185.25 138.21 206.24
sheep 0.516793 106.47 166.37 121.06 190.20
sheep 0.516792 164.38 182.48 177.30 205.00
sheep 0.516777 163.85 173.60 177.42 198.99
sheep 0.516775 134.23 176.26 145.42 197.04
dog 0.516774 61.41 133.79 199.59 224.00
dog 0.516739 172.56 174.40 187.59 199.68
cow 0.516733 187.19 14.92 204.94 31.84
dog 0.516728 198.22 156.68 209.67 182.93
sheep 0.516706 67.69 129.05 98.59 183.88
sheep 0.516704 3.97 0.00 32.74 23.06
dog 0.516696 143.38 113.07 171.51 160.75
chair 0.516666 200.80 60.87 214.32 91.79
sheep 0.516661 111.99 195.63 133.75 219.20
person 0.516656 212.00 23.57 224.00 60.26
cow 0.516650 147.84 14.84 168.05 43.54
chair 0.516633 185.63 85.87 195.52 127.21
chair 0.516632 212.00 110.24 224.00 157.41
dog 0.516601 30.48 20.12 53.88 54.55
sheep 0.516587 149.89 176.70 160.86 196.78
sheep 0.516548 137.19 196.13 156.84 220.53
dog 0.516525 157.69 135.43 177.08 166.19
aeroplane 0.516513 156.62 76.18 180.12 124.50
motorbike 0.516437 78.63 0.00 129.07 33.69
sheep 0.516413 142.30 177.11 152.84 196.34
sheep 0.516404 154.70 195.36 172.70 220.04
dog 0.516395 197.08 166.36 209.40 191.11
sheep 0.516363 66.11 154.92 90.17 196.04
motorbike 0.516260 89.53 53.49 134.48 110.94
dog 0.516245 194.08 136.97 205.40 160.05
sheep 0.516209 120.80 195.39 142.79 220.69
aeroplane 0.516177 40.51 195.47 75.87 221.28
dog 0.516169 20.19 26.27 42.21 50.05
dog 0.516127 201.76 140.88 210.42 165.92
sheep 0.516126 0.00 191.14 34.66 222.15
aeroplane 0.516120 42.28 0.00 68.27 28.02
sheep 0.516100 197.30 176.23 208.91 197.31
dog 0.516075 212.00 123.26 224.00 160.41
sheep 0.516029 145.99 196.25 164.22 219.95
dog 0.516010 199.75 148.12 209.67 174.14
sheep 0.515981 183.10 185.10 196.75 204.53
aeroplane 0.515965 19.27 6.06 44.99 28.06
dog 0.515949 158.57 142.96 177.05 172.88
sheep 0.515914 57.24 167.35 83.96 201.38
sheep 0.515904 113.53 154.24 129.20 184.30
sheep 0.515897 124.44 165.68 137.29 190.97
sheep 0.515891 72.88 143.39 97.55 188.43
sheep 0.515877 173.69 183.32 187.85 204.69
sheep 0.515859 48.13 180.53 78.59 207.15
cow 0.515834 102.82 117.24 132.37 156.57
dog 0.515796 191.18 149.56 202.38 175.76
sheep 0.515764 163.54 5.71 181.46 29.37
cow 0.515729 95.62 94.57 130.92 143.49
motorbike 0.515701 81.17 0.00 121.40 49.94
sheep 0.515657 162.45 194.95 180.53 219.75
car 0.515644 212.00 73.87 224.00 120.38
sheep 0.515626 137.67 0.00 160.15 37.57
sheep 0.515537 123.52 175.99 137.22 199.07
sheep 0.515492 76.47 159.04 97.76 195.20
person 0.515485 56.60 25.56 84.47 90.42
sheep 0.515460 68.23 170.75 90.51 202.71
aeroplane 0.515444 195.81 193.59 210.99 216.78
sheep 0.515438 77.98 172.19 98.36 201.92
sheep 0.515404 187.72 194.82 205.76 218.91
sheep 0.515338 0.00 207.83 33.31 224.00
dog 0.515318 185.17 142.33 196.61 167.95
sheep 0.515275 113.19 176.80 128.85 199.54
chair 0.515178 157.24 50.21 185.08 88.15
cow 0.515171 185.69 9.60 207.99 24.92
motorbike 0.515159 95.55 0.00 140.36 29.82
bottle 0.515096 126.61 0.00 158.29 27.82
sheep 0.515027 0.00 171.72 14.46 210.98
chair 0.515003 183.70 46.47 196.73 72.79
chair 0.514974 185.84 33.43 198.45 62.93
aeroplane 0.514927 31.81 12.72 52.56 39.06
aeroplane 0.514773 43.04 10.83 66.91 58.13
person 0.514748 210.30 16.08 223.35 49.67
sheep 0.514736 113.42 165.76 128.46 191.57
sheep 0.514704 76.89 144.60 211.68 224.00
sheep 0.514693 172.25 195.15 191.09 219.11
cow 0.514656 76.07 61.35 122.31 126.78
dog 0.514623 193.63 142.49 203.60 167.24
sheep 0.514615 181.09 194.88 199.70 219.00
aeroplane 0.514609 27.01 195.29 69.08 222.47
cow 0.514556 140.62 85.10 224.00 209.15
cow 0.514555 58.68 0.00 94.56 33.83
sheep 0.514545 148.11 1.44 169.20 33.96
sheep 0.514524 14.29 157.43 65.76 198.63
cow 0.514516 179.47 17.82 192.40 39.26
motorbike 0.514440 186.90 17.77 202.54 38.38
dog 0.514235 19.63 18.81 41.92 38.90
aeroplane 0.514025 16.68 209.85 54.84 224.00
motorbike 0.513973 186.59 23.16 200.55 49.30
sheep 0.513963 122.70 162.49 224.00 224.00
sheep 0.513953 7.99 193.75 44.74 219.69
bird 0.513953 67.47 209.07 98.00 224.00
cow 0.513894 177.73 8.98 198.57 24.97
sheep 0.513835 0.00 159.82 21.25 199.38
aeroplane 0.513825 45.54 4.64 66.73 38.50
dog 0.513684 212.00 151.66 222.14 185.11
aeroplane 0.513659 33.94 178.47 73.18 207.30
chair 0.513636 175.72 33.75 189.64 65.55
aeroplane 0.513635 19.23 176.18 66.15 208.21
sheep 0.513612 42.34 162.74 77.91 198.98
dog 0.513549 212.00 135.55 223.90 168.12
sheep 0.513515 26.12 0.00 57.33 14.83
chair 0.513493 212.00 37.70 224.00 71.77
diningtable 0.513460 212.00 66.84 224.00 112.96
dog 0.513329 212.00 142.86 222.86 176.47
dog 0.513189 211.08 161.73 221.53 193.01
cow 0.513187 87.38 64.46 132.23 124.49
chair 0.513049 212.00 46.74 224.00 82.77
dog 0.512964 52.33 0.00 95.09 26.94
aeroplane 0.512832 31.65 209.15 71.45 224.00
horse 0.512702 179.50 0.00 207.89 17.07
cow 0.512599 140.93 16.64 167.03 51.25
sheep 0.512550 210.89 172.35 220.98 199.59
dog 0.512470 59.18 13.63 86.44 77.43
sheep 0.512447 16.48 0.00 51.08 15.91
sheep 0.512442 211.31 182.10 220.61 205.15
sheep 0.512399 0.61 159.56 43.61 192.94
chair 0.512386 212.00 57.11 224.00 98.90
sheep 0.512374 94.41 209.36 121.91 224.00
sheep 0.512367 106.64 209.13 137.86 224.00
sheep 0.512345 86.56 208.83 113.57 224.00
sheep 0.512337 209.76 191.03 220.38 216.49
cow 0.512243 178.79 22.62 190.88 49.83
cow 0.512217 160.67 21.67 178.65 54.92
cow 0.512180 34.68 0.00 69.34 17.16
chair 0.511969 157.34 33.75 181.77 71.60
sheep 0.511424 114.58 209.17 147.50 224.00
sheep 0.511313 123.04 209.71 155.19 224.00
sheep 0.510977 5.43 210.34 44.47 224.00
cow 0.510831 124.22 29.25 168.60 77.48
sheep 0.510764 135.72 0.00 165.23 24.79
sheep 0.510574 139.24 210.95 167.80 224.00
sheep 0.510456 156.10 210.36 184.65 224.00
sheep 0.510446 188.45 209.04 214.02 224.00
dog 0.510439 60.00 0.00 92.43 39.88
sheep 0.510299 180.11 210.48 209.84 224.00
sheep 0.510193 202.35 205.65 221.31 224.00
cow 0.509747 129.82 18.72 165.96 61.53
sheep 0.509715 148.32 0.00 173.31 20.36
sheep 0.509687 165.33 210.73 195.80 224.00
sheep 0.509601 172.63 0.00 198.42 15.62
sheep 0.509221 161.72 0.00 183.79 16.61
