person 0.617615 105.46 39.37 223.43 217.54
person 0.612648 38.02 47.78 195.71 217.66
person 0.592770 4.59 3.02 63.88 203.79
bottle 0.588178 76.20 88.82 130.12 151.76
person 0.585032 10.16 3.73 124.89 188.01
person 0.581080 2.08 33.49 48.04 221.29
person 0.575008 0.00 27.04 159.11 221.87
bottle 0.571741 132.32 65.47 208.25 131.10
person 0.571640 131.69 59.78 211.86 130.24
person 0.566615 60.69 86.72 213.86 224.00
tvmonitor 0.563870 3.42 9.23 66.78 97.89
bottle 0.562181 77.96 99.97 148.05 147.05
bottle 0.562166 190.41 53.71 220.97 143.25
bottle 0.561830 11.06 9.74 67.92 98.23
tvmonitor 0.558313 8.34 18.31 49.09 99.32
person 0.556280 0.00 10.61 55.59 154.22
bottle 0.556124 97.92 99.71 162.41 141.65
bottle 0.554439 38.04 160.12 87.21 222.00
bottle 0.553888 70.57 98.17 124.28 169.85
bottle 0.553612 42.19 0.00 95.34 81.68
person 0.552382 178.25 55.15 223.38 141.02
diningtable 0.552099 8.49 26.02 148.28 212.41
bottle 0.549921 188.23 43.40 216.79 121.98
bottle 0.548808 193.97 79.63 218.16 145.15
bottle 0.548690 61.28 85.88 113.34 153.58
bottle 0.548215 55.44 90.43 97.64 156.51
bottle 0.547239 103.22 66.09 177.29 143.69
bottle 0.546150 202.81 71.45 224.00 143.23
person 0.545868 137.25 77.60 224.00 222.18
bottle 0.545857 123.73 45.35 224.00 195.23
person 0.545707 16.73 20.29 107.11 155.33
bottle 0.544392 28.40 15.00 76.81 95.98
sheep 0.544346 188.14 169.85 215.38 206.12
bottle 0.543900 174.23 49.60 219.34 132.96
person 0.543699 3.61 93.07 58.90 217.84
bottle 0.543583 112.16 17.83 174.40 70.09
dog 0.543370 181.95 168.29 210.48 207.37
bottle 0.543263 45.00 157.76 77.12 210.58
tvmonitor 0.543263 0.00 27.09 27.74 100.37
person 0.543167 24.80 109.05 171.09 218.46
bottle 0.542886 52.58 195.94 124.54 224.00
person 0.542854 146.36 31.40 224.00 166.89
chair 0.542707 0.00 54.10 125.30 224.00
tvmonitor 0.542656 24.31 17.84 59.71 103.89
diningtable 0.542577 29.60 151.25 94.68 224.00
diningtable 0.542466 0.15 141.91 30.76 217.30
bottle 0.542450 92.00 79.96 168.99 150.60
diningtable 0.542354 11.72 165.00 119.30 224.00
chair 0.542238 1.10 137.02 29.69 215.12
diningtable 0.542072 11.80 147.18 163.32 224.00
train 0.541954 108.44 21.72 166.20 70.18
dog 0.541334 210.23 168.22 224.00 207.15
bottle 0.539842 56.92 73.17 94.21 136.64
bottle 0.539825 209.26 82.07 224.00 146.60
bottle 0.539798 66.31 112.13 119.01 180.99
person 0.539787 2.98 61.56 76.79 215.40
person 0.539524 94.73 20.17 199.86 183.47
bottle 0.539417 171.56 163.73 199.27 205.98
bottle 0.539385 41.45 175.91 119.93 224.00
bottle 0.538871 120.90 97.16 175.26 140.31
bottle 0.538848 115.55 80.37 183.20 139.00
bottle 0.538290 67.51 152.27 111.66 197.36
bottle 0.538274 176.76 165.97 207.93 206.04
bottle 0.538168 141.46 86.31 193.38 141.14
chair 0.538107 1.59 120.06 24.92 198.37
person 0.537663 0.00 131.85 15.71 207.35
bottle 0.537612 9.39 97.76 29.62 179.86
bottle 0.537531 11.12 0.00 85.98 71.43
bottle 0.537434 19.87 0.00 76.23 56.11
person 0.537039 144.42 81.58 200.66 141.71
bottle 0.537014 67.28 4.77 106.06 77.94
bottle 0.536968 19.32 77.73 49.85 152.89
person 0.536831 195.61 49.34 224.00 130.37
tvmonitor 0.536640 0.00 34.76 18.50 100.60
bottle 0.536434 1.69 110.36 23.23 188.97
person 0.536434 0.00 123.06 11.38 196.62
bottle 0.535941 38.03 187.62 105.18 224.00
bottle 0.535606 180.98 37.33 214.65 103.50
bottle 0.535578 31.26 35.13 57.83 113.24
person 0.535572 10.79 68.15 135.87 210.89
person 0.535422 33.64 185.41 99.49 224.00
bottle 0.535300 104.45 192.84 143.60 224.00
bottle 0.535107 132.33 207.59 171.24 224.00
diningtable 0.535057 9.74 108.32 131.14 216.05
diningtable 0.535013 13.88 144.63 71.10 220.28
bottle 0.534857 159.90 43.23 216.70 112.26
boat 0.534653 37.84 0.00 96.50 75.71
bottle 0.534590 56.03 161.90 115.14 216.39
bottle 0.534516 199.93 40.49 224.00 110.89
bottle 0.534483 53.03 100.36 87.48 159.26
sheep 0.534193 211.85 164.20 224.00 202.60
person 0.534025 0.00 128.09 50.56 224.00
person 0.533796 162.79 160.86 224.00 224.00
bottle 0.533739 33.39 26.88 69.77 105.86
bottle 0.533739 151.50 126.58 185.67 172.31
person 0.533693 127.89 9.98 211.60 194.38
bottle 0.533689 11.21 79.36 31.03 152.59
tvmonitor 0.533583 200.54 37.69 224.00 104.18
bottle 0.533580 143.29 208.13 182.12 224.00
person 0.533358 55.67 132.84 175.46 224.00
person 0.533305 0.00 105.92 7.94 178.11
bottle 0.533256 69.31 135.34 116.39 190.42
bottle 0.533162 15.53 76.57 39.69 152.67
chair 0.532989 27.61 149.63 84.35 219.58
chair 0.532840 12.21 136.70 62.00 214.25
bottle 0.532637 117.79 205.09 162.40 224.00
bottle 0.532584 56.21 63.06 85.90 115.71
bottle 0.532456 118.49 159.12 149.29 203.02
bottle 0.532374 120.41 108.30 160.59 149.46
bottle 0.532361 71.64 197.97 141.70 224.00
tvmonitor 0.532353 17.37 2.95 75.62 65.29
bottle 0.532351 45.80 35.03 81.68 101.88
person 0.532345 0.00 0.00 47.46 112.84
bottle 0.532245 145.09 124.01 177.25 167.29
bottle 0.532012 156.04 80.71 208.61 142.34
bottle 0.532005 3.23 94.82 22.12 171.82
bottle 0.531780 215.12 93.40 224.00 152.51
person 0.531767 0.00 85.76 8.30 149.35
chair 0.531677 29.95 172.79 98.24 224.00
bottle 0.531667 51.23 50.67 83.09 109.74
bottle 0.531629 28.36 82.14 58.91 151.67
person 0.531624 181.03 0.00 224.00 63.44
bottle 0.531351 137.39 121.82 168.49 163.18
chair 0.531313 0.00 44.45 14.35 107.38
bottle 0.531283 100.10 71.44 155.11 138.13
person 0.531276 0.00 0.00 18.16 25.31
person 0.531117 93.08 141.53 192.02 224.00
bottle 0.531012 99.41 202.64 148.95 224.00
diningtable 0.530962 8.85 137.59 50.33 217.52
bottle 0.530942 147.18 112.58 185.36 159.33
bottle 0.530836 131.71 111.47 168.59 152.50
person 0.530831 127.35 151.64 209.22 224.00
bottle 0.530565 86.49 148.49 130.00 198.62
bottle 0.530555 53.11 113.97 88.11 174.91
bottle 0.530528 164.53 142.09 193.22 187.48
bottle 0.530517 210.64 200.82 224.00 224.00
bottle 0.530504 110.13 156.12 143.23 201.24
bottle 0.530365 45.12 161.75 98.91 202.47
train 0.530337 84.89 12.34 118.67 73.10
chair 0.530154 25.90 187.50 86.99 224.00
bottle 0.530114 138.04 103.27 179.71 146.04
bottle 0.530113 41.90 43.49 72.16 112.69
tvmonitor 0.530099 3.06 40.85 23.30 104.38
bottle 0.529863 151.45 165.15 178.79 204.44
bottle 0.529458 16.63 61.16 48.52 137.93
person 0.529398 172.72 5.64 224.00 130.68
bottle 0.529320 149.02 98.53 196.08 149.77
bottle 0.529228 154.58 206.96 192.27 224.00
bottle 0.529226 30.11 62.21 58.03 138.16
bottle 0.529216 2.94 77.66 23.88 144.65
bottle 0.529194 142.06 45.30 201.03 110.45
bottle 0.529179 126.89 118.49 160.78 160.78
bottle 0.529162 49.55 135.13 77.43 188.65
bottle 0.528891 8.27 65.79 29.60 133.06
bottle 0.528882 181.04 205.67 221.60 224.00
bottle 0.528852 106.60 47.09 155.26 113.50
chair 0.528721 0.00 68.80 9.66 131.04
bottle 0.528700 28.82 8.96 103.45 125.03
tvmonitor 0.528590 16.13 36.00 47.18 109.90
bottle 0.528404 13.39 96.49 37.20 176.01
bottle 0.528398 168.41 128.21 200.55 169.98
chair 0.528354 0.00 56.13 11.42 118.42
chair 0.528268 6.60 128.96 44.95 212.40
bottle 0.528171 60.88 70.16 99.76 119.26
bottle 0.528040 163.77 206.99 202.63 224.00
person 0.528025 123.11 100.55 204.71 224.00
bottle 0.528017 116.03 116.20 153.10 158.85
bottle 0.527931 0.00 194.47 35.54 224.00
bottle 0.527896 67.12 80.21 117.15 137.14
boat 0.527874 104.24 31.67 159.00 96.29
bottle 0.527869 172.90 142.30 200.66 185.30
train 0.527845 94.45 18.01 136.87 69.34
bottle 0.527813 217.55 106.78 224.00 159.19
bottle 0.527802 201.14 90.94 219.02 148.03
bottle 0.527785 88.24 110.21 132.27 159.51
bottle 0.527615 18.64 100.66 48.41 173.48
diningtable 0.527551 152.87 158.28 224.00 224.00
tvmonitor 0.527547 0.00 0.00 14.56 52.42
bottle 0.527472 212.77 6.45 224.00 53.10
bottle 0.527450 87.90 11.83 119.60 76.48
chair 0.527371 15.99 113.04 50.39 186.90
tvmonitor 0.527365 0.00 13.44 19.53 73.88
diningtable 0.527281 5.68 153.39 36.41 215.53
bottle 0.527265 188.12 24.16 216.56 86.59
bottle 0.527035 121.30 165.14 158.49 208.41
bottle 0.527025 109.36 60.65 164.96 129.16
boat 0.526927 63.68 7.49 106.02 78.28
chair 0.526888 0.00 192.69 25.42 224.00
bottle 0.526829 77.92 24.83 106.29 90.94
tvmonitor 0.526700 21.43 0.00 68.86 45.89
bottle 0.526574 58.96 22.38 98.95 92.19
tvmonitor 0.526508 204.69 25.06 224.00 86.30
car 0.526498 206.59 0.00 224.00 18.93
tvmonitor 0.526461 0.00 0.00 30.66 23.17
bottle 0.526446 104.66 114.52 144.45 157.20
bottle 0.526331 218.55 122.36 224.00 166.77
tvmonitor 0.526304 3.71 0.00 36.68 50.13
chair 0.526234 208.60 14.59 224.00 70.63
bottle 0.526219 75.34 76.06 110.64 126.53
tvmonitor 0.526204 22.62 0.00 61.97 32.16
dog 0.526126 214.38 0.00 224.00 38.03
bottle 0.526120 111.05 132.00 143.53 176.21
tvmonitor 0.525963 105.74 49.44 151.24 113.20
bottle 0.525811 189.90 94.68 213.15 147.36
tvmonitor 0.525778 7.10 53.31 27.43 116.99
bottle 0.525756 163.32 96.81 205.00 147.57
bottle 0.525723 175.72 154.47 202.55 202.29
bottle 0.525680 194.54 108.87 214.78 152.18
bottle 0.525656 102.92 32.94 164.01 96.13
bottle 0.525607 12.81 62.47 38.29 134.37
bottle 0.525582 66.10 176.36 131.71 224.00
bottle 0.525568 121.68 150.87 154.31 196.40
bottle 0.525527 104.84 146.13 138.56 192.37
bottle 0.525522 76.41 64.35 107.76 111.62
bottle 0.525277 182.30 27.24 210.22 82.54
bottle 0.525251 124.98 63.46 183.12 130.59
dog 0.525211 115.25 19.85 172.19 73.21
tvmonitor 0.525201 5.31 15.69 40.77 73.50
bottle 0.525126 194.07 203.32 224.00 224.00
bottle 0.525051 150.88 36.77 199.91 95.93
bottle 0.524919 48.70 88.32 81.36 151.25
bottle 0.524919 137.52 54.81 191.00 119.39
bottle 0.524856 45.98 67.30 77.60 134.80
chair 0.524813 0.00 162.96 31.50 219.29
bottle 0.524673 217.53 147.92 224.00 188.90
person 0.524672 83.62 17.71 175.10 155.38
bottle 0.524668 95.55 126.98 132.48 177.28
tvmonitor 0.524642 191.64 32.37 218.44 99.27
bottle 0.524569 166.13 112.68 202.60 157.78
bottle 0.524492 84.60 26.37 114.92 89.91
bottle 0.524459 76.98 46.73 106.06 99.63
tvmonitor 0.524435 7.28 0.00 44.38 26.47
bottle 0.524351 150.55 139.32 177.47 183.39
bottle 0.524335 218.60 135.29 224.00 176.15
bottle 0.524321 62.97 47.40 101.38 99.51
bottle 0.524266 135.59 20.80 179.55 66.89
bottle 0.524141 120.57 132.12 152.71 176.60
bottle 0.524056 189.03 14.63 215.73 69.30
bottle 0.524041 94.20 182.57 143.32 220.56
bottle 0.524001 12.96 0.00 52.88 47.33
bottle 0.523920 165.57 154.23 188.82 203.16
boat 0.523884 124.17 0.00 156.71 20.00
bottle 0.523770 31.56 105.11 59.16 167.72
boat 0.523707 115.57 0.00 148.03 17.89
bottle 0.523610 48.62 149.77 98.85 194.93
bottle 0.523594 169.20 34.46 205.47 85.96
bottle 0.523561 130.23 38.16 185.96 100.92
chair 0.523513 27.73 131.74 67.14 199.12
bottle 0.523492 122.59 22.29 180.08 82.15
bottle 0.523483 115.30 187.22 155.79 223.31
dog 0.523476 210.30 0.00 224.00 25.91
bottle 0.523398 181.44 142.57 206.33 181.07
person 0.523398 43.40 16.26 127.57 134.21
chair 0.523359 9.35 193.20 57.65 224.00
bottle 0.523024 187.64 110.22 210.48 154.29
person 0.523006 108.54 0.54 174.55 124.12
bottle 0.522888 183.78 126.61 207.86 165.54
bottle 0.522883 30.37 117.21 61.71 181.31
person 0.522605 42.27 0.00 99.94 92.32
boat 0.522533 134.05 0.00 168.23 21.49
tvmonitor 0.522478 11.94 38.85 35.09 103.77
bottle 0.522405 114.25 172.67 155.77 216.16
bottle 0.522399 154.00 26.67 188.13 69.66
tvmonitor 0.522315 12.83 11.64 57.54 69.32
bottle 0.522306 120.93 51.70 178.51 116.38
bottle 0.522223 139.39 136.99 165.98 179.04
train 0.522199 99.46 15.97 154.89 80.59
bottle 0.521972 131.11 199.33 167.28 224.00
person 0.521958 108.68 0.00 177.95 60.65
tvmonitor 0.521935 9.51 0.00 50.22 40.54
boat 0.521921 107.23 0.00 139.97 15.64
boat 0.521827 169.07 0.00 204.54 15.12
person 0.521520 22.58 0.00 83.61 92.66
bottle 0.521505 12.25 51.29 35.75 117.89
bottle 0.521420 193.36 126.68 213.73 162.24
boat 0.521312 91.68 16.66 135.11 81.87
bottle 0.521307 130.25 161.63 164.44 202.93
bottle 0.521272 181.73 17.80 207.89 67.61
bottle 0.521174 93.82 167.75 138.69 215.82
bottle 0.521118 51.09 128.66 103.04 187.56
dog 0.521101 127.41 7.45 171.50 65.83
bottle 0.520661 130.08 133.77 159.09 177.11
boat 0.520635 54.50 0.00 90.87 14.90
bottle 0.520428 171.46 29.35 200.28 75.15
bottle 0.520405 188.98 6.76 213.23 49.20
dog 0.520351 103.40 12.98 150.85 68.55
boat 0.520278 43.29 0.00 82.14 18.11
tvmonitor 0.520273 31.83 0.00 74.85 23.64
boat 0.520214 99.65 0.00 131.27 13.92
boat 0.520190 146.60 0.00 183.56 22.29
boat 0.520115 33.37 0.00 85.14 47.36
person 0.520061 120.19 0.00 198.54 54.96
sheep 0.519978 187.83 154.69 212.26 194.14
bottle 0.519974 87.98 79.10 142.30 137.33
bottle 0.519936 185.74 0.00 211.40 34.01
chair 0.519858 11.71 164.27 57.40 217.22
bottle 0.519782 212.18 182.84 224.00 224.00
bottle 0.519506 190.89 141.44 212.27 174.87
bottle 0.519458 202.44 107.34 219.33 153.65
person 0.519432 93.47 0.00 162.27 72.51
bottle 0.519412 166.44 0.00 202.02 22.15
bottle 0.519357 146.38 197.88 177.97 224.00
dog 0.519343 103.45 0.00 144.05 52.80
person 0.519308 141.78 0.00 220.07 54.54
diningtable 0.519272 161.86 4.78 224.00 137.86
boat 0.519251 80.35 4.48 117.08 70.04
bottle 0.519204 179.16 0.00 204.81 33.93
bottle 0.519172 129.80 183.71 162.50 221.54
boat 0.519104 92.56 0.00 121.78 12.94
person 0.518926 118.63 0.00 200.73 130.28
person 0.518854 109.82 0.00 190.28 87.04
bottle 0.518635 171.47 0.00 198.24 36.17
boat 0.518505 182.67 0.00 216.50 16.39
bottle 0.518088 200.09 7.56 218.33 50.40
boat 0.518073 83.88 0.00 112.52 12.42
boat 0.518037 73.48 0.00 104.44 12.71
chair 0.517972 194.89 0.00 224.00 16.65
dog 0.517921 134.59 0.00 175.67 52.12
bottle 0.517721 200.08 0.00 218.39 34.79
bottle 0.517674 179.66 0.00 212.81 22.49
bottle 0.517476 181.62 8.10 205.55 49.73
bottle 0.517417 202.92 125.96 219.32 162.56
bottle 0.517266 155.09 0.00 195.94 25.41
boat 0.517193 97.62 0.00 136.39 49.46
bottle 0.517174 171.33 20.16 196.82 64.93
boat 0.517087 96.03 54.12 145.36 111.07
person 0.516863 66.85 0.00 130.78 83.05
bottle 0.516852 152.34 177.59 175.12 215.63
boat 0.516650 85.90 42.56 129.79 98.61
bottle 0.516631 177.84 190.05 212.26 224.00
bottle 0.516630 156.69 0.00 189.76 40.38
bottle 0.516403 160.76 195.14 187.84 224.00
dog 0.516385 119.07 0.00 159.38 56.39
bottle 0.516240 3.45 179.28 38.16 224.00
dog 0.516000 142.83 0.00 189.74 35.17
sheep 0.515908 200.31 152.03 217.83 190.52
bottle 0.515872 202.97 139.17 218.59 173.57
bottle 0.515614 168.52 170.88 186.21 210.43
bottle 0.515596 172.57 9.20 196.38 52.09
sofa 0.515570 163.02 0.00 224.00 100.36
bottle 0.515529 82.30 59.75 124.37 110.51
bottle 0.515460 168.67 194.52 197.03 224.00
bottle 0.515447 153.63 8.79 186.46 55.17
boat 0.515382 52.52 0.00 98.65 48.34
diningtable 0.515329 133.78 0.00 224.00 94.42
bottle 0.515185 195.28 0.00 220.52 22.72
boat 0.514490 91.62 0.00 125.97 45.99
sheep 0.513565 194.53 183.60 221.66 224.00
boat 0.512852 81.53 0.00 113.48 44.36
boat 0.512707 66.91 0.00 104.19 45.86
