person 0.664425 18.34 50.16 208.77 224.00
person 0.660209 175.45 52.18 220.69 224.00
person 0.622690 112.32 37.77 218.43 224.00
person 0.589068 66.15 47.75 186.14 202.34
person 0.587330 129.62 19.54 208.05 193.86
person 0.585157 145.89 24.76 222.99 214.76
tvmonitor 0.574203 192.21 105.50 220.23 194.66
person 0.573876 97.40 72.28 147.45 104.61
person 0.573475 82.09 64.23 116.40 88.67
person 0.569014 25.90 76.80 138.67 224.00
car 0.568701 195.33 106.89 220.23 196.74
person 0.567747 0.00 79.31 8.66 138.29
car 0.564266 201.64 113.00 224.00 194.38
tvmonitor 0.561736 167.28 88.57 208.23 140.73
person 0.559403 0.00 159.99 8.52 215.64
person 0.558417 21.98 76.35 91.80 209.93
pottedplant 0.558312 1.62 82.06 7.88 148.71
motorbike 0.557843 16.48 93.11 185.31 218.16
person 0.556916 1.26 80.75 14.63 138.44
tvmonitor 0.556813 181.81 101.79 217.74 184.03
bottle 0.556620 110.04 73.57 160.19 108.26
bottle 0.556129 64.06 120.16 111.85 213.08
bottle 0.555780 99.87 68.97 152.83 104.51
person 0.553241 18.63 72.52 72.58 189.20
chair 0.552954 0.00 171.26 12.87 218.90
person 0.552881 89.01 62.90 147.69 96.49
person 0.551246 0.00 103.84 8.30 164.49
person 0.550151 65.82 141.89 112.31 224.00
person 0.550096 10.42 70.39 53.67 183.87
person 0.549884 0.00 61.99 9.46 118.49
bottle 0.549204 60.39 142.68 105.21 224.00
pottedplant 0.548084 111.50 73.87 161.55 109.15
person 0.548046 83.59 69.74 133.02 97.31
person 0.547803 28.30 167.02 80.99 224.00
bottle 0.546953 69.13 100.02 115.98 190.07
person 0.546225 0.00 74.97 37.49 193.56
car 0.546020 211.68 124.58 222.99 202.70
bicycle 0.543912 215.94 150.91 224.00 215.41
person 0.543881 0.00 141.48 8.16 197.44
person 0.543661 0.43 72.65 17.40 128.71
person 0.543491 181.03 36.51 224.00 181.80
bottle 0.543355 135.80 105.39 162.69 144.46
person 0.543093 71.44 57.57 100.22 84.53
aeroplane 0.542978 67.32 95.94 114.43 162.84
person 0.542533 19.17 80.76 51.77 156.50
sheep 0.542091 67.61 99.15 118.85 170.88
motorbike 0.541608 27.32 124.94 160.02 223.55
person 0.541505 162.86 46.55 216.08 196.67
diningtable 0.540937 24.17 170.89 77.86 222.01
person 0.540901 17.65 58.88 57.99 138.32
person 0.540455 30.05 94.39 58.04 178.13
diningtable 0.540333 195.22 118.52 217.63 202.26
person 0.540258 34.68 66.55 179.67 178.41
tvmonitor 0.540258 174.93 94.63 215.95 161.78
person 0.540242 0.00 126.38 8.26 181.07
bottle 0.540154 142.56 104.71 169.49 143.76
tvmonitor 0.540071 143.13 136.41 196.87 211.73
person 0.539542 39.34 158.31 106.18 224.00
person 0.539286 31.17 115.58 163.00 219.47
person 0.538484 0.00 58.27 43.46 150.26
chair 0.538420 0.00 184.16 19.11 224.00
diningtable 0.538358 205.40 120.61 218.64 202.83
bottle 0.538334 176.02 0.00 200.95 21.86
dog 0.538278 30.75 103.19 58.25 183.85
person 0.538184 0.59 92.37 12.64 158.63
car 0.538146 147.90 130.43 206.68 210.06
person 0.537471 37.51 59.33 56.19 90.66
sheep 0.537456 71.65 85.75 112.26 155.75
bicycle 0.537414 193.40 150.41 213.71 217.11
person 0.537255 25.21 98.31 51.22 171.43
person 0.537210 43.55 59.34 61.19 88.26
tvmonitor 0.537175 173.36 92.11 219.86 133.30
bottle 0.537025 210.18 0.00 224.00 24.86
bottle 0.536927 115.67 178.91 154.07 221.22
tvmonitor 0.536629 204.44 86.19 224.00 138.12
car 0.536439 180.29 116.78 224.00 184.86
bottle 0.536433 142.76 142.70 187.75 212.98
car 0.536113 185.58 0.00 224.00 42.26
dog 0.536097 36.69 105.06 65.76 188.40
diningtable 0.535687 149.55 138.44 204.94 216.83
chair 0.535524 10.17 180.85 55.77 217.92
tvmonitor 0.535498 199.60 111.17 224.00 174.50
person 0.535488 63.42 55.94 86.60 83.34
chair 0.534767 17.51 176.07 69.77 218.34
diningtable 0.534432 28.23 137.54 146.70 224.00
bottle 0.534372 88.99 92.56 134.53 159.55
person 0.534357 0.00 162.66 14.83 215.12
bottle 0.534156 122.84 101.93 155.98 147.15
person 0.534057 180.49 103.01 217.45 220.87
person 0.533967 77.70 56.88 110.28 90.59
dog 0.533919 33.86 88.82 62.92 172.14
bottle 0.533741 151.17 102.34 180.33 140.31
chair 0.533600 31.91 114.21 57.57 192.45
person 0.533555 5.46 80.22 23.62 135.06
person 0.533439 10.89 83.82 41.21 150.98
tvmonitor 0.533438 207.16 74.81 224.00 128.11
dog 0.533411 46.69 132.03 82.01 206.55
person 0.533383 187.88 145.96 224.00 224.00
chair 0.533320 6.00 182.64 37.70 218.78
chair 0.533270 38.75 126.66 66.40 209.01
pottedplant 0.533270 119.29 11.05 142.10 30.89
bottle 0.533234 75.15 91.52 121.38 166.74
car 0.533222 33.49 83.42 62.82 165.50
car 0.533139 160.06 127.12 212.61 184.34
person 0.532887 51.67 56.74 73.67 84.73
tvmonitor 0.532814 210.95 69.33 224.00 116.42
motorbike 0.532739 183.17 202.40 221.07 224.00
tvmonitor 0.532423 184.05 86.64 215.61 137.64
person 0.532369 162.04 141.92 210.20 224.00
person 0.532349 0.00 58.08 18.04 109.07
sheep 0.532123 77.92 80.21 128.40 153.72
person 0.532102 92.86 0.00 200.73 164.73
chair 0.532022 4.86 196.80 44.31 224.00
chair 0.531948 42.22 140.18 80.57 220.49
bottle 0.531912 215.94 23.95 224.00 60.83
bicycle 0.531845 191.28 165.89 219.54 220.04
chair 0.531704 0.23 193.68 30.89 224.00
tvmonitor 0.531640 213.14 62.73 224.00 104.41
person 0.531612 32.71 78.33 63.14 159.46
chair 0.531544 28.55 140.16 59.25 221.62
bottle 0.531534 178.51 6.91 197.69 23.60
bottle 0.531338 108.33 96.87 148.27 151.77
bicycle 0.531133 205.13 148.45 218.05 216.79
dog 0.531083 45.98 115.84 79.07 187.67
bottle 0.531079 123.63 89.77 161.20 140.30
car 0.530951 157.74 151.93 205.02 221.10
bottle 0.530908 59.81 194.63 109.71 224.00
bottle 0.530860 163.34 97.18 201.28 134.98
bottle 0.530749 102.68 80.82 150.18 144.42
person 0.530725 22.26 190.85 78.74 224.00
tvmonitor 0.530617 188.36 100.73 216.89 156.88
bottle 0.530514 178.78 38.66 197.32 62.24
bottle 0.530456 135.70 154.96 173.43 216.72
bicycle 0.530358 212.86 163.37 224.00 219.17
person 0.530255 0.00 121.59 44.90 223.97
person 0.530121 26.11 61.71 51.98 96.46
bottle 0.530092 216.62 0.00 224.00 28.56
person 0.529971 23.07 59.46 85.26 140.05
person 0.529892 210.72 195.12 224.00 224.00
boat 0.529498 0.00 14.78 7.34 54.13
person 0.529266 0.00 47.10 7.86 97.40
person 0.529194 32.42 55.23 144.43 133.60
car 0.529157 189.68 120.60 216.02 202.39
person 0.529150 38.41 196.95 95.12 224.00
person 0.529076 8.01 54.43 155.35 204.56
chair 0.529004 20.07 145.16 51.93 217.90
person 0.528900 18.08 67.94 51.29 119.22
person 0.528735 5.85 86.47 21.30 153.59
diningtable 0.528687 17.65 189.75 75.74 224.00
bottle 0.528663 174.11 40.20 190.32 61.04
person 0.528660 184.19 0.00 224.00 126.88
bottle 0.528548 60.29 174.12 110.94 224.00
aeroplane 0.528502 38.14 83.81 76.65 155.25
bottle 0.528262 216.82 13.68 224.00 52.36
pottedplant 0.528116 117.10 1.50 145.20 26.83
chair 0.528100 25.88 117.18 48.86 185.22
person 0.528022 0.00 111.60 13.53 165.51
bicycle 0.527808 177.13 165.86 214.97 219.79
dog 0.527781 39.59 89.86 74.10 161.49
person 0.527683 16.80 100.50 39.34 163.26
bottle 0.527665 106.82 191.43 154.38 224.00
person 0.527585 0.00 163.14 58.85 224.00
bottle 0.527580 173.93 8.86 193.70 23.84
bottle 0.527578 88.64 137.19 127.55 211.82
person 0.527539 0.00 0.00 124.86 156.11
boat 0.527385 0.00 0.00 18.10 26.27
cat 0.527350 215.12 52.58 224.00 92.50
chair 0.527303 15.71 160.58 57.13 224.00
person 0.527223 36.36 0.00 161.49 162.67
bottle 0.527152 200.76 0.00 224.00 22.01
motorbike 0.527133 185.10 171.76 215.83 221.71
aeroplane 0.527082 51.39 90.47 100.35 151.15
boat 0.527067 0.00 18.00 16.46 48.56
boat 0.526845 0.00 7.94 10.00 47.05
tvmonitor 0.526791 125.34 12.02 147.01 29.36
bicycle 0.526700 169.73 138.77 211.49 215.71
person 0.526595 10.13 73.70 45.51 124.81
car 0.526555 171.83 123.56 214.29 204.97
bottle 0.526541 139.95 121.50 160.47 150.62
bottle 0.526540 138.50 205.31 184.60 224.00
bottle 0.526509 109.93 145.57 138.55 211.52
bottle 0.526462 149.67 160.03 189.67 220.94
person 0.526427 0.00 0.00 45.87 49.14
bottle 0.526419 71.19 193.29 124.05 224.00
bottle 0.526401 184.49 0.00 215.61 20.51
bottle 0.526375 173.43 34.07 191.52 57.29
bottle 0.526361 217.48 3.14 224.00 39.90
person 0.526270 6.08 65.84 28.35 115.39
bottle 0.526248 126.90 201.42 177.04 224.00
bottle 0.526204 182.42 39.22 204.05 63.98
person 0.526172 28.94 63.94 54.63 113.06
tvmonitor 0.526166 150.89 132.89 195.07 185.76
bottle 0.526161 84.67 194.77 137.81 224.00
person 0.526022 7.97 100.43 23.13 159.78
boat 0.525993 156.88 0.00 219.14 35.52
bottle 0.525700 118.08 168.36 161.90 217.80
sheep 0.525687 72.98 19.14 99.91 62.72
person 0.525642 11.95 65.80 44.46 107.76
chair 0.525591 38.79 77.48 77.35 142.42
cat 0.525560 216.28 41.05 224.00 79.39
boat 0.525497 74.59 29.67 99.57 79.29
bottle 0.525406 95.57 152.61 132.08 217.34
bottle 0.525303 154.03 206.09 193.54 224.00
aeroplane 0.525184 71.46 77.02 114.82 134.50
aeroplane 0.525176 50.33 8.34 84.00 47.46
bottle 0.525000 127.29 171.96 169.55 222.31
bottle 0.524996 108.75 64.24 151.38 117.76
dog 0.524975 61.40 134.12 107.25 204.66
pottedplant 0.524973 105.99 66.29 145.45 112.19
diningtable 0.524961 5.57 161.59 92.99 224.00
tvmonitor 0.524926 178.20 75.91 208.98 128.82
bottle 0.524840 166.37 205.49 206.35 224.00
bottle 0.524817 77.61 166.98 128.19 220.45
bottle 0.524771 144.58 119.10 167.17 151.87
bottle 0.524570 115.58 193.83 168.58 224.00
tvmonitor 0.524543 179.33 66.43 208.71 113.57
bottle 0.524414 129.23 80.30 175.39 112.79
aeroplane 0.524399 50.12 14.62 70.58 45.69
sheep 0.524338 54.91 9.30 92.38 48.77
bottle 0.524313 86.42 119.42 124.21 191.92
person 0.524246 128.96 141.42 199.93 224.00
person 0.524171 39.01 63.37 59.69 106.96
boat 0.524151 67.57 29.19 93.16 78.88
car 0.524116 172.22 170.86 207.52 221.72
boat 0.524105 64.82 17.88 94.52 62.13
aeroplane 0.524094 58.25 15.69 82.20 60.83
bottle 0.524078 119.79 152.80 146.57 210.84
bottle 0.524053 76.06 73.00 116.93 133.41
person 0.524029 35.00 70.04 61.41 127.40
boat 0.524018 138.25 0.00 200.11 34.53
bottle 0.523994 112.75 159.13 142.90 217.87
bottle 0.523953 138.99 169.60 177.42 223.46
person 0.523949 99.16 54.60 190.33 172.29
pottedplant 0.523934 0.00 16.57 7.02 61.46
boat 0.523890 0.00 0.00 12.56 37.75
chair 0.523807 184.65 0.00 224.00 78.52
bottle 0.523653 134.44 112.86 155.66 143.55
bottle 0.523652 70.04 143.61 115.88 217.35
tvmonitor 0.523323 120.39 14.39 141.42 32.95
chair 0.523229 10.94 151.91 44.00 214.32
bottle 0.523159 168.31 39.95 182.77 60.29
bottle 0.523104 89.09 106.74 126.47 173.27
aeroplane 0.523008 28.73 0.00 62.29 18.47
tvmonitor 0.522998 166.30 117.50 212.49 164.92
diningtable 0.522974 43.26 17.08 62.81 43.81
bottle 0.522878 101.45 168.54 140.84 224.00
person 0.522870 86.73 62.45 143.17 122.80
boat 0.522858 103.78 0.00 137.56 23.25
diningtable 0.522856 51.70 16.53 70.31 55.80
bottle 0.522713 178.61 44.28 197.63 68.71
bottle 0.522703 168.18 34.12 184.09 55.82
boat 0.522640 94.14 0.00 127.73 22.38
person 0.522636 35.94 177.38 97.84 224.00
sheep 0.522630 77.64 16.50 102.29 50.57
boat 0.522553 83.66 0.00 114.24 20.84
bottle 0.522552 121.94 0.00 150.51 24.92
bottle 0.522503 184.25 33.61 209.81 59.12
person 0.522477 0.00 33.52 6.77 86.05
bottle 0.522475 147.63 133.82 184.77 181.16
aeroplane 0.522459 40.41 11.42 67.67 43.80
bottle 0.522412 166.65 0.00 191.47 21.54
person 0.522411 60.86 28.02 82.40 77.47
bottle 0.522269 81.35 66.55 135.15 126.66
aeroplane 0.522261 35.82 0.00 70.49 16.98
person 0.522131 10.57 41.17 68.66 129.80
sheep 0.522017 116.43 26.78 136.70 58.83
chair 0.521994 2.88 165.89 32.34 217.30
aeroplane 0.521985 12.19 0.00 96.67 40.03
boat 0.521920 117.19 0.00 183.79 32.52
tvmonitor 0.521894 189.11 72.68 215.78 121.98
bottle 0.521863 136.60 11.50 156.13 27.24
bottle 0.521573 128.63 154.94 156.61 210.17
bottle 0.521493 144.46 134.96 174.82 173.41
sheep 0.521430 55.99 102.96 101.09 164.06
boat 0.521412 163.47 0.00 192.04 21.29
person 0.521283 140.10 7.58 193.18 124.28
aeroplane 0.521268 21.72 0.00 52.67 18.38
boat 0.521220 71.57 0.00 106.15 18.80
boat 0.521177 0.00 0.00 73.28 41.61
person 0.521174 158.15 1.71 211.59 128.04
tvmonitor 0.521045 193.92 65.40 217.08 107.71
person 0.520955 68.43 46.68 94.61 85.21
sheep 0.520759 117.28 16.69 137.85 41.57
bottle 0.520665 120.43 141.57 146.74 193.83
bottle 0.520650 177.08 53.32 199.15 88.78
bottle 0.520639 178.65 11.82 197.42 34.19
person 0.520620 69.51 133.79 187.34 224.00
person 0.520619 0.00 9.17 41.42 115.02
person 0.520550 52.66 27.96 71.62 72.19
bottle 0.520436 159.58 33.49 174.99 54.64
tvmonitor 0.520396 168.83 104.05 211.67 147.08
bottle 0.520357 140.51 135.73 166.03 167.73
bottle 0.520335 126.25 81.02 167.25 127.11
tvmonitor 0.520296 174.24 65.98 193.39 101.43
bottle 0.520285 150.45 118.48 176.45 155.24
bottle 0.520199 170.28 9.47 189.04 23.07
boat 0.520186 123.37 0.00 154.51 23.24
boat 0.520163 143.02 0.00 174.02 18.45
bottle 0.520112 174.90 45.31 189.89 67.03
bottle 0.520109 138.93 145.84 171.49 194.84
person 0.520068 0.00 21.04 6.64 72.54
person 0.520063 4.11 9.91 70.08 117.90
aeroplane 0.520061 24.21 0.00 130.55 41.65
chair 0.519975 14.69 134.82 39.83 196.89
person 0.519972 11.27 143.93 99.19 224.00
bottle 0.519947 134.41 122.86 154.45 149.93
person 0.519942 43.11 71.57 75.06 121.53
boat 0.519888 154.56 0.00 184.04 19.85
sheep 0.519869 124.50 71.35 165.59 107.52
sheep 0.519779 83.31 17.96 106.08 46.66
aeroplane 0.519748 38.95 17.88 58.01 44.59
chair 0.519733 16.55 119.80 38.68 178.01
bottle 0.519649 177.83 22.34 197.95 49.92
person 0.519626 48.79 65.51 71.92 101.73
tvmonitor 0.519621 119.33 18.40 140.98 41.53
tvmonitor 0.519579 174.43 76.56 199.05 116.82
person 0.519555 52.67 45.14 73.36 80.66
boat 0.519537 88.35 0.00 166.99 30.68
bottle 0.519442 165.35 83.63 196.26 120.45
boat 0.519427 132.21 0.00 164.15 20.03
aeroplane 0.519399 60.78 0.00 98.55 17.29
aeroplane 0.519294 22.49 44.30 137.10 124.25
sheep 0.519182 150.19 33.10 167.07 53.71
bottle 0.519134 158.74 39.50 174.09 61.19
tvmonitor 0.519121 156.82 118.76 190.61 159.16
bottle 0.519058 109.93 125.87 136.08 181.27
person 0.519046 43.35 43.99 63.53 79.91
bottle 0.519034 112.66 118.94 138.23 165.94
diningtable 0.519000 39.68 20.39 56.28 49.95
person 0.518907 43.74 29.43 62.08 67.00
bottle 0.518828 163.47 66.36 182.87 97.47
bottle 0.518812 0.00 38.09 14.87 84.99
bottle 0.518778 131.72 0.00 159.92 21.84
person 0.518772 131.63 35.75 194.87 160.84
bottle 0.518742 164.13 76.00 187.53 110.43
bottle 0.518726 125.97 113.33 149.99 146.71
bottle 0.518713 158.96 103.91 190.52 142.25
person 0.518644 38.95 41.97 57.75 81.18
bottle 0.518643 131.33 145.51 158.19 191.93
bottle 0.518639 195.57 28.69 217.93 57.60
bottle 0.518634 174.25 54.05 190.89 83.58
person 0.518619 118.39 6.66 182.61 117.59
aeroplane 0.518586 10.99 0.00 42.64 18.77
bottle 0.518419 141.01 89.71 182.22 130.71
sheep 0.518389 6.18 20.33 25.37 43.68
aeroplane 0.518347 46.56 0.00 84.95 16.30
aeroplane 0.518330 32.64 19.18 52.14 42.31
person 0.518295 75.22 46.65 104.86 87.49
sheep 0.518255 139.47 32.21 157.88 53.99
person 0.518212 80.54 67.03 122.01 106.79
boat 0.518125 1.50 0.00 33.94 20.56
bottle 0.518074 149.92 10.27 167.13 24.97
sheep 0.518052 112.78 42.72 137.05 80.89
sheep 0.518051 97.89 13.30 126.88 36.10
aeroplane 0.518003 47.12 0.00 91.51 36.92
motorbike 0.518001 175.54 185.25 215.78 224.00
sheep 0.517968 17.89 22.36 38.90 41.74
boat 0.517805 0.00 24.45 14.45 70.28
aeroplane 0.517794 37.27 0.00 71.26 36.23
bottle 0.517748 55.99 72.43 93.93 116.45
tvmonitor 0.517726 181.18 52.97 211.47 93.91
boat 0.517659 64.62 0.00 152.90 32.73
bottle 0.517629 173.86 22.99 192.98 48.59
bottle 0.517539 138.84 22.31 157.37 43.34
bottle 0.517325 125.90 122.11 147.11 153.71
bottle 0.517276 207.06 0.00 218.16 23.48
diningtable 0.517256 40.17 28.64 56.58 65.73
bottle 0.517187 133.65 134.44 156.18 165.64
bottle 0.517182 150.38 23.59 167.16 44.73
sheep 0.517174 56.75 0.00 98.63 37.08
sheep 0.517152 108.38 27.32 130.97 61.94
aeroplane 0.517064 18.08 23.58 37.60 47.91
bottle 0.517056 169.71 186.48 206.17 224.00
bottle 0.517020 165.49 54.65 182.57 81.67
bottle 0.517003 157.96 0.00 181.99 20.11
person 0.516888 62.10 66.08 88.92 97.49
bottle 0.516837 168.76 45.18 182.27 66.88
bottle 0.516831 174.44 12.64 193.01 33.94
bottle 0.516826 154.90 187.74 189.32 224.00
tvmonitor 0.516820 137.80 15.44 155.75 32.96
tvmonitor 0.516761 196.88 54.22 217.35 92.21
person 0.516744 80.69 44.81 173.42 148.81
sheep 0.516705 75.97 29.22 105.69 73.45
bottle 0.516592 123.45 131.04 146.10 170.28
bottle 0.516561 187.88 2.45 208.47 22.58
sheep 0.516412 114.00 14.91 137.60 32.64
sheep 0.516405 147.74 39.95 166.37 64.20
aeroplane 0.516403 12.18 10.02 87.05 116.07
pottedplant 0.516161 107.75 58.33 140.80 100.23
bottle 0.516145 160.59 23.34 176.34 45.54
person 0.516105 13.67 45.29 104.08 126.20
bottle 0.516056 162.60 8.88 178.70 22.96
sheep 0.516053 129.51 61.66 165.32 98.84
bottle 0.516030 123.76 19.96 146.54 41.69
sheep 0.516026 96.09 0.00 129.51 30.77
sheep 0.515984 124.37 30.66 146.65 55.75
boat 0.515904 0.00 0.00 78.06 83.39
sheep 0.515860 83.50 0.00 110.64 33.41
sheep 0.515811 133.20 70.84 170.63 101.74
bottle 0.515710 169.26 23.20 186.23 46.99
bottle 0.515640 72.24 64.88 102.52 94.81
sheep 0.515622 173.39 0.00 224.00 77.46
sheep 0.515598 93.84 19.62 118.19 50.21
person 0.515583 31.67 41.77 51.95 80.08
bottle 0.515523 68.23 71.77 108.26 112.35
bottle 0.515497 140.81 0.00 196.36 71.72
bottle 0.515428 184.18 22.54 208.43 51.10
sheep 0.515294 103.66 43.63 130.64 81.51
bottle 0.515209 199.88 17.63 217.40 49.70
aeroplane 0.515195 10.19 0.00 128.80 77.24
bottle 0.515163 76.72 68.64 115.39 108.46
boat 0.515131 158.88 0.00 216.35 74.84
person 0.515072 15.55 56.56 43.55 95.96
bottle 0.514990 180.70 42.37 209.49 71.98
bottle 0.514921 150.44 14.96 166.37 33.50
aeroplane 0.514863 29.62 14.03 54.78 40.64
boat 0.514786 81.28 3.74 168.01 108.22
person 0.514776 100.62 58.80 136.46 95.86
diningtable 0.514755 34.20 28.12 50.87 63.05
bottle 0.514735 195.94 42.44 217.08 75.09
chair 0.514731 4.97 140.70 24.66 193.93
sheep 0.514562 142.55 59.28 171.98 89.38
person 0.514426 5.82 54.80 29.04 97.70
person 0.514422 7.56 123.94 23.98 175.16
bottle 0.514418 205.42 4.69 216.85 35.69
bottle 0.514331 116.21 0.00 182.48 65.49
sheep 0.514302 135.64 41.65 157.07 68.54
bottle 0.514115 154.41 47.11 173.41 72.43
aeroplane 0.514105 17.82 13.34 131.31 114.25
sheep 0.513972 86.68 29.44 113.25 68.39
diningtable 0.513658 16.99 43.26 41.66 79.47
aeroplane 0.513656 1.89 14.05 24.95 38.83
aeroplane 0.513556 17.49 29.74 38.28 62.32
boat 0.513465 76.00 46.25 107.16 86.38
aeroplane 0.513268 25.37 0.00 54.03 33.37
bottle 0.513261 187.45 10.42 208.50 35.55
sheep 0.513223 2.57 27.50 24.92 65.43
sheep 0.513218 3.62 40.46 27.01 81.62
aeroplane 0.513051 13.79 15.78 39.82 38.75
bottle 0.513041 171.07 13.12 187.70 32.84
sheep 0.512784 139.30 50.10 165.04 80.78
bottle 0.512780 162.73 13.45 177.35 32.72
boat 0.512392 76.91 0.00 166.95 59.49
sheep 0.512251 121.52 44.19 145.65 74.85
sheep 0.512049 126.50 54.30 156.75 88.76
aeroplane 0.511598 53.01 3.17 154.47 102.24
sheep 0.511508 82.55 45.82 113.71 84.61
aeroplane 0.510859 0.00 0.00 27.59 32.22
aeroplane 0.510688 9.26 0.00 40.49 31.79
aeroplane 0.510677 48.93 0.00 153.26 58.69
sheep 0.510300 113.46 58.70 146.60 96.72
