person 0.697483 64.75 29.07 224.00 224.00
person 0.685329 11.87 22.17 168.30 218.23
person 0.658328 0.45 16.15 75.28 212.13
person 0.605143 3.96 30.10 110.47 224.00
person 0.585850 0.32 24.16 53.74 189.07
person 0.572261 34.16 0.00 145.81 198.18
bottle 0.552491 92.21 107.95 124.16 204.71
bottle 0.546049 17.45 119.74 59.79 185.33
dog 0.545143 157.23 0.00 198.02 65.24
sheep 0.545064 122.13 138.34 173.83 213.46
dog 0.544654 87.65 116.60 120.58 204.87
tvmonitor 0.544251 16.08 76.61 36.54 163.45
bottle 0.544111 94.34 49.08 129.70 111.43
bottle 0.542687 155.05 0.00 193.80 66.49
person 0.542585 119.35 21.22 224.00 203.50
bottle 0.542365 128.71 114.03 173.14 183.25
train 0.542068 61.35 24.78 123.63 84.00
boat 0.541203 60.89 21.48 126.00 89.30
person 0.540816 93.01 0.00 211.43 176.21
person 0.540619 111.33 0.00 209.90 106.80
sheep 0.540600 114.48 112.94 168.76 187.52
bottle 0.539989 26.68 175.99 47.47 201.47
cat 0.539434 55.12 122.32 79.71 190.24
dog 0.539279 70.81 118.68 111.33 192.69
bottle 0.539169 83.11 106.87 119.47 188.19
person 0.539122 0.00 204.05 17.30 224.00
bottle 0.538660 72.42 117.30 113.14 189.18
sheep 0.538121 108.03 119.78 154.37 201.36
cat 0.538086 39.51 121.21 74.80 189.59
bottle 0.538014 142.75 54.71 166.30 82.61
bottle 0.537575 18.96 109.09 46.92 179.18
bottle 0.537520 215.51 74.90 224.00 111.36
bottle 0.537502 135.29 100.03 184.72 144.64
boat 0.537188 58.53 28.53 113.75 79.60
tvmonitor 0.537013 13.15 90.07 30.15 168.23
bottle 0.536935 17.87 107.39 38.02 172.30
sheep 0.536908 79.37 69.49 117.30 143.04
bottle 0.536543 15.27 88.26 44.83 168.06
car 0.536517 0.00 76.88 16.42 154.02
person 0.536210 0.00 99.56 91.46 224.00
bottle 0.536060 38.19 123.09 74.07 189.33
sheep 0.535987 71.58 74.05 102.87 143.99
bottle 0.535821 151.33 0.00 181.66 74.86
tvmonitor 0.535765 16.84 111.61 40.92 173.35
bus 0.535742 0.00 83.51 17.19 158.53
dog 0.535736 88.98 69.55 122.35 141.58
bottle 0.535732 115.13 98.72 170.44 145.84
bottle 0.535674 98.14 111.67 135.05 194.19
person 0.535516 101.54 86.09 224.00 224.00
bottle 0.535358 58.78 125.44 85.48 191.66
bottle 0.535225 96.28 71.07 124.73 137.41
dog 0.534978 19.30 73.36 43.34 144.36
bottle 0.534951 112.98 105.48 168.32 173.71
sheep 0.534855 104.45 178.80 155.57 224.00
sheep 0.534674 86.52 176.51 125.86 224.00
bottle 0.534333 100.10 120.42 126.38 212.97
bottle 0.534327 134.36 109.99 176.36 165.86
bicycle 0.534251 47.91 86.01 203.64 221.33
bottle 0.534200 17.62 80.06 50.82 149.98
sheep 0.534188 65.79 69.91 91.95 137.86
sheep 0.533946 95.44 133.11 121.33 219.17
bottle 0.533708 0.00 206.63 30.57 224.00
person 0.533634 0.00 0.00 39.71 49.88
bottle 0.533592 83.25 11.99 132.43 63.19
bottle 0.533586 110.54 0.00 154.45 44.94
person 0.533477 150.92 0.00 224.00 80.76
bottle 0.533464 73.32 25.62 128.27 98.22
bottle 0.533411 107.82 92.01 152.67 138.00
bottle 0.533282 103.62 87.88 138.47 137.06
bottle 0.533268 21.01 145.34 48.65 196.40
dog 0.533219 24.01 61.65 44.79 122.22
person 0.532952 0.00 8.87 40.73 149.04
person 0.532870 18.78 92.43 180.53 224.00
person 0.532791 96.27 0.00 200.98 75.69
cat 0.532722 59.79 124.56 86.05 185.84
dog 0.532552 60.98 124.36 93.94 188.08
bottle 0.532313 136.75 90.42 189.40 135.68
person 0.532244 0.00 0.00 19.32 25.30
person 0.532219 119.08 142.33 224.00 224.00
car 0.532071 0.00 69.09 13.04 133.47
sheep 0.532066 55.66 81.05 82.47 141.51
dog 0.531877 22.01 71.30 51.00 127.89
car 0.531801 10.27 0.00 76.77 40.75
bottle 0.531775 55.20 205.83 104.88 224.00
bottle 0.531645 110.44 85.94 169.60 133.87
bottle 0.531504 15.78 126.60 44.32 184.23
bottle 0.531327 88.40 87.59 118.02 155.87
sheep 0.531318 107.46 141.89 156.84 216.72
sheep 0.531288 66.51 54.24 92.71 119.87
car 0.531260 25.58 0.00 96.87 39.67
tvmonitor 0.531252 14.25 114.68 33.26 167.86
person 0.531180 47.05 32.33 191.98 188.40
person 0.531140 141.20 0.00 224.00 135.21
bottle 0.531108 129.90 0.00 159.77 57.23
bottle 0.531056 139.16 82.83 183.65 125.95
bottle 0.531055 93.52 95.31 122.71 167.99
dog 0.530942 25.51 51.22 51.41 110.05
bus 0.530922 0.00 113.54 15.67 163.04
sheep 0.530922 66.62 87.03 90.03 150.40
bottle 0.530706 97.09 87.20 122.22 149.39
dog 0.530448 207.16 0.00 224.00 19.46
bottle 0.530399 68.53 182.76 109.01 223.83
boat 0.530361 27.76 34.70 53.65 85.38
sheep 0.530302 73.18 57.73 109.39 126.73
sheep 0.530291 103.08 126.41 138.02 212.31
tvmonitor 0.530222 15.65 73.90 30.77 149.77
car 0.530100 20.27 0.00 55.13 23.02
bottle 0.530002 108.06 101.32 152.99 157.07
bottle 0.529895 154.34 9.70 188.96 86.39
boat 0.529892 55.93 32.68 99.32 75.10
bottle 0.529866 192.99 79.95 214.54 109.73
bottle 0.529709 217.01 64.23 224.00 106.01
person 0.529595 0.00 62.59 11.07 118.45
person 0.529405 2.53 133.04 148.71 224.00
bicycle 0.529396 96.86 137.41 224.00 224.00
bicycle 0.529312 40.99 122.61 180.38 224.00
car 0.529296 60.09 0.00 131.93 39.84
bottle 0.529268 23.17 209.54 62.04 224.00
boat 0.529266 19.51 0.00 54.04 28.83
person 0.529226 0.00 49.80 9.95 95.27
car 0.529132 25.57 38.01 46.07 85.71
car 0.529027 93.44 0.00 186.16 52.06
sheep 0.528872 55.30 67.48 83.32 126.22
bottle 0.528834 20.31 127.71 163.59 224.00
bottle 0.528801 62.56 184.18 93.43 218.65
bottle 0.528754 184.14 84.83 207.55 115.91
bottle 0.528740 101.68 73.17 144.15 125.61
bottle 0.528679 173.17 85.76 200.04 118.26
bottle 0.528492 101.74 98.87 136.44 158.72
sheep 0.528489 76.78 90.99 112.62 160.50
bottle 0.528399 36.89 176.60 59.03 201.05
bottle 0.528328 153.84 85.46 193.79 122.72
bus 0.528212 10.19 75.91 28.46 159.54
bottle 0.528208 144.60 0.00 173.89 71.70
bottle 0.528192 26.34 114.35 64.57 173.79
person 0.528123 0.00 136.11 70.53 224.00
bottle 0.528121 115.55 0.00 155.77 28.32
person 0.528074 0.00 4.19 13.21 37.28
bottle 0.527980 140.97 73.64 175.75 114.07
bottle 0.527964 22.25 101.64 62.94 163.22
bottle 0.527888 31.84 180.23 51.15 202.26
bottle 0.527861 21.84 168.24 42.87 199.45
person 0.527762 12.22 9.55 78.06 141.63
car 0.527761 79.50 0.00 167.10 43.78
bottle 0.527743 82.90 206.51 130.65 224.00
person 0.527678 0.00 16.93 12.10 52.60
boat 0.527631 27.96 27.92 54.91 66.80
sheep 0.527544 205.51 205.14 224.00 224.00
boat 0.527498 65.54 34.88 96.76 91.42
boat 0.527450 153.50 0.00 195.74 48.95
person 0.527363 0.00 25.38 11.80 63.98
dog 0.527322 99.55 131.89 126.76 218.48
dog 0.527283 66.90 44.64 92.98 107.45
bottle 0.527273 218.40 54.61 224.00 101.26
bottle 0.527186 109.53 207.87 157.60 224.00
person 0.527062 0.00 34.30 11.38 75.88
car 0.527008 0.00 156.37 10.75 203.04
sheep 0.526830 161.02 0.00 207.64 41.62
boat 0.526791 46.15 35.18 75.55 73.01
bottle 0.526784 91.91 40.37 132.65 91.83
bottle 0.526729 53.84 105.32 80.36 162.63
bottle 0.526729 138.86 49.57 161.35 79.47
bottle 0.526700 41.04 208.68 86.96 224.00
bird 0.526685 72.27 32.80 115.82 94.73
dog 0.526673 83.03 54.70 124.96 121.92
bottle 0.526639 58.66 154.70 85.99 203.50
bottle 0.526626 218.64 105.42 224.00 142.63
dog 0.526512 21.09 63.80 37.46 120.61
car 0.526499 25.44 28.57 49.34 65.12
car 0.526442 0.00 0.00 16.05 30.81
sheep 0.526441 69.35 132.64 104.78 200.59
car 0.526438 28.89 33.73 60.28 74.17
bottle 0.526331 64.82 101.48 88.51 161.76
bottle 0.526295 74.87 42.68 113.53 107.79
sheep 0.526248 69.42 175.17 107.23 221.13
person 0.526199 0.00 0.00 38.41 97.57
bottle 0.526113 215.87 82.72 224.00 124.58
tvmonitor 0.526021 8.23 75.17 26.71 150.67
dog 0.526014 220.00 21.84 224.00 74.59
bottle 0.525960 10.38 208.70 49.83 224.00
bottle 0.525871 142.34 29.78 168.04 78.37
bottle 0.525802 190.86 106.06 214.26 138.37
boat 0.525734 24.52 12.73 47.86 41.77
bottle 0.525703 220.00 30.09 224.00 83.70
bottle 0.525672 36.32 106.07 70.13 162.49
bottle 0.525638 56.63 179.61 82.98 210.03
boat 0.525622 25.66 22.69 48.72 53.81
bottle 0.525604 217.25 93.68 224.00 135.12
person 0.525578 24.50 14.56 109.79 130.69
bottle 0.525503 124.00 208.14 170.31 224.00
bottle 0.525498 28.54 168.46 51.91 199.41
bottle 0.525455 60.84 169.97 89.74 213.96
sheep 0.525454 187.66 16.72 213.95 75.45
dog 0.525353 220.00 133.55 224.00 181.42
bottle 0.525335 142.18 65.28 169.14 100.48
bottle 0.525257 47.93 175.07 69.06 202.50
dog 0.525203 93.41 163.71 135.00 224.00
bottle 0.525197 96.78 0.00 141.82 51.77
dog 0.525192 25.40 81.80 58.67 132.47
bottle 0.525161 179.39 94.48 206.07 131.17
tvmonitor 0.525149 0.00 122.39 13.21 171.86
bottle 0.525114 81.63 192.54 125.98 224.00
bottle 0.524982 55.25 137.28 76.52 197.01
bottle 0.524947 206.86 75.40 224.00 108.79
bottle 0.524892 190.11 95.49 214.67 130.73
sheep 0.524779 128.03 128.75 176.53 194.81
bottle 0.524758 140.97 59.79 161.64 88.09
bottle 0.524670 60.16 195.14 104.45 224.00
sheep 0.524588 37.27 80.77 68.90 130.56
bottle 0.524586 33.71 93.01 68.91 150.02
sheep 0.524540 69.74 97.38 96.96 161.00
person 0.524539 52.16 20.68 150.64 129.36
bottle 0.524476 144.26 33.95 180.61 84.50
dog 0.524458 15.17 72.70 30.06 135.65
dog 0.524394 28.72 64.81 57.62 115.74
car 0.524367 0.00 0.00 27.56 24.16
dog 0.524303 220.00 143.91 224.00 200.39
bottle 0.524273 192.59 86.82 215.15 121.03
sheep 0.524148 109.38 165.07 164.15 221.35
tvmonitor 0.524132 0.00 145.49 11.27 195.34
sheep 0.524127 167.75 0.00 219.26 49.93
bottle 0.524085 64.26 122.30 94.90 181.79
bottle 0.523978 60.32 116.58 87.38 173.82
sheep 0.523978 1.14 0.00 58.59 91.70
bottle 0.523928 136.26 14.94 162.79 73.55
car 0.523927 7.00 72.29 24.30 136.26
sheep 0.523901 12.85 0.00 77.66 79.83
boat 0.523847 1.28 8.25 22.02 32.35
boat 0.523823 71.67 16.10 129.55 71.60
boat 0.523798 97.47 0.00 144.57 29.18
boat 0.523777 19.81 1.49 41.67 31.97
sheep 0.523745 121.57 176.91 171.31 224.00
bottle 0.523738 219.99 114.05 224.00 148.72
boat 0.523734 162.08 0.00 198.47 17.18
bus 0.523730 12.00 111.58 32.05 164.02
sheep 0.523696 217.20 186.39 224.00 224.00
bottle 0.523688 162.18 91.37 198.24 132.52
bottle 0.523645 166.96 6.25 201.86 80.49
bottle 0.523589 144.47 209.67 187.55 224.00
bottle 0.523567 116.45 69.38 156.54 115.16
tvmonitor 0.523564 0.00 132.11 11.55 183.83
bottle 0.523562 128.32 56.06 153.74 82.52
bottle 0.523554 143.15 59.39 172.77 90.74
bottle 0.523507 137.06 33.65 161.26 77.76
cow 0.523507 182.37 0.00 219.68 15.58
dog 0.523417 97.84 192.95 147.58 224.00
dog 0.523399 57.81 48.30 82.62 104.65
dog 0.523281 192.42 0.00 224.00 15.95
bottle 0.523270 152.32 39.33 188.50 92.63
sheep 0.523207 85.98 156.00 117.58 224.00
person 0.523156 0.00 196.17 12.69 224.00
boat 0.523146 58.86 38.20 84.68 88.24
bottle 0.523126 46.46 140.60 67.87 196.91
tvmonitor 0.523124 8.38 160.10 30.21 199.22
dog 0.523050 25.86 0.00 101.11 70.05
bottle 0.523038 54.69 158.68 76.89 200.24
dog 0.523011 161.35 142.26 216.20 204.96
bottle 0.522963 144.38 0.00 185.56 48.48
person 0.522828 60.56 0.00 140.32 65.92
dog 0.522814 38.98 73.82 69.16 122.66
boat 0.522559 175.16 0.00 212.60 15.38
car 0.522459 6.33 66.47 21.59 119.56
bottle 0.522457 104.11 52.47 138.67 90.47
bottle 0.522422 26.40 182.32 48.67 210.72
sheep 0.522388 163.72 0.00 203.32 75.38
car 0.522329 9.04 0.00 41.37 24.69
sheep 0.522321 111.12 193.31 159.83 224.00
car 0.522311 20.69 43.17 38.47 83.14
car 0.522299 5.12 48.06 18.86 84.07
sheep 0.522264 98.67 152.52 145.43 224.00
boat 0.522137 4.54 39.42 19.80 73.58
bottle 0.522097 154.43 210.67 199.22 224.00
bottle 0.521965 47.04 163.24 67.09 198.15
sheep 0.521942 182.20 209.97 224.00 224.00
dog 0.521915 14.65 66.72 28.49 119.42
sheep 0.521911 218.89 176.71 224.00 218.84
person 0.521893 5.97 60.30 19.21 104.31
boat 0.521849 4.40 28.74 20.01 59.76
aeroplane 0.521793 66.44 0.00 104.36 17.19
boat 0.521790 145.48 0.00 181.92 20.84
bottle 0.521704 32.01 142.88 60.08 196.41
bottle 0.521649 191.13 24.33 214.41 78.81
boat 0.521580 3.99 14.36 21.33 37.04
aeroplane 0.521542 59.96 0.00 94.35 15.94
bottle 0.521536 134.41 0.00 169.62 25.02
bottle 0.521368 21.54 13.43 39.83 38.35
sheep 0.521340 194.72 115.72 213.66 142.85
car 0.521324 20.58 36.66 42.14 73.84
boat 0.521301 4.41 19.36 20.57 46.15
dog 0.521156 219.91 0.00 224.00 47.49
person 0.521126 0.00 171.26 9.89 213.19
bottle 0.521029 17.29 166.32 37.50 199.23
bottle 0.521010 174.70 210.78 223.25 224.00
bottle 0.521004 102.28 60.42 138.04 109.04
sheep 0.520936 85.79 0.00 142.28 45.76
bottle 0.520935 160.17 21.80 195.89 89.20
sheep 0.520813 60.28 167.26 95.90 218.58
tvmonitor 0.520747 13.29 131.54 35.03 183.01
bottle 0.520662 140.56 56.56 180.48 95.35
dog 0.520532 212.81 0.00 224.00 31.01
bottle 0.520527 164.27 39.71 197.04 94.17
boat 0.520508 52.18 0.00 84.05 15.60
boat 0.520452 21.92 21.53 41.93 49.24
sheep 0.520360 58.23 151.20 92.39 204.78
bottle 0.520305 110.48 3.78 152.32 66.55
aeroplane 0.520303 73.80 0.00 113.84 20.28
sheep 0.520279 220.00 164.20 224.00 212.75
bottle 0.520271 186.16 76.76 209.26 108.81
car 0.520209 21.63 29.19 43.82 61.63
dog 0.520128 177.01 137.13 220.06 196.22
bottle 0.520058 183.41 112.30 204.84 142.91
boat 0.520030 45.58 41.70 69.23 89.42
bottle 0.520009 175.59 75.96 203.38 110.27
bottle 0.519949 174.57 27.71 204.81 87.63
sheep 0.519895 210.80 198.71 224.00 224.00
sheep 0.519883 0.00 0.00 25.34 27.89
bottle 0.519878 203.47 105.97 222.33 139.56
dog 0.519874 174.96 0.00 217.25 58.76
dog 0.519770 42.84 52.47 68.32 103.80
bottle 0.519747 181.48 47.08 207.63 94.49
bottle 0.519565 157.82 71.19 194.23 109.52
bottle 0.519427 142.16 67.49 183.76 105.24
bottle 0.519420 154.35 56.08 190.72 101.33
dog 0.519408 18.98 172.54 40.64 200.40
sheep 0.519405 158.10 161.77 208.47 215.46
sheep 0.519383 135.97 148.46 198.50 201.62
bottle 0.519362 204.98 83.15 222.89 121.24
dog 0.519287 13.95 5.82 34.96 29.43
car 0.519287 14.40 60.21 26.57 103.38
aeroplane 0.519169 67.63 0.00 109.23 30.84
bottle 0.519073 202.80 94.28 222.20 132.02
car 0.519069 14.09 48.54 26.20 82.00
bottle 0.519040 19.71 198.26 50.97 224.00
bottle 0.518880 14.76 152.63 34.96 195.61
dog 0.518876 210.30 21.34 224.00 73.02
boat 0.518866 43.33 26.68 73.12 63.97
car 0.518795 40.10 0.00 73.64 17.72
bottle 0.518743 124.16 62.94 154.06 102.68
aeroplane 0.518678 62.01 0.00 97.60 27.89
car 0.518562 14.05 40.81 27.99 72.40
bottle 0.518495 50.06 184.26 75.49 212.41
bottle 0.518399 195.52 67.44 215.51 102.20
sheep 0.518108 166.42 182.41 210.15 218.51
bottle 0.518069 170.64 61.08 200.46 103.60
bottle 0.518045 115.94 34.11 152.18 78.11
bottle 0.518045 163.75 106.70 196.71 143.93
car 0.518017 14.75 30.50 29.13 58.98
sheep 0.517999 170.49 195.11 212.01 224.00
aeroplane 0.517935 186.79 134.77 218.36 182.22
tvmonitor 0.517881 15.43 20.88 29.82 44.63
sheep 0.517862 126.64 192.52 172.84 224.00
bottle 0.517668 193.19 36.48 215.66 87.90
dog 0.517614 178.00 133.52 211.68 182.29
boat 0.517607 52.91 0.00 85.23 26.53
bottle 0.517600 96.97 31.08 139.41 81.17
dog 0.517591 164.77 161.53 216.61 217.91
dog 0.517587 184.08 128.53 208.46 163.97
aeroplane 0.517569 79.77 0.00 124.52 24.28
bottle 0.517545 194.93 54.12 216.93 95.71
sheep 0.517502 195.83 123.88 214.06 150.85
boat 0.517469 84.41 2.25 139.26 54.94
aeroplane 0.517404 74.29 0.00 119.65 35.95
sheep 0.517393 185.57 121.09 205.37 150.21
bottle 0.517220 210.18 65.58 224.00 105.74
bottle 0.517136 15.73 14.35 31.06 34.47
sheep 0.517045 159.05 191.29 202.22 224.00
dog 0.516994 125.96 119.30 180.55 171.40
aeroplane 0.516895 167.42 124.40 199.19 163.05
bottle 0.516827 93.34 15.29 139.54 72.78
aeroplane 0.516790 67.97 0.00 101.34 45.92
aeroplane 0.516766 165.20 132.55 202.58 181.98
sheep 0.516756 171.68 0.00 220.56 29.38
sheep 0.516752 193.17 130.47 216.16 164.70
dog 0.516662 11.15 0.00 40.52 26.59
dog 0.516648 23.67 181.56 45.64 210.67
boat 0.516641 57.58 0.00 86.85 43.11
sheep 0.516613 185.62 192.31 222.22 224.00
bottle 0.516608 36.95 183.98 59.34 209.07
dog 0.516565 195.48 134.39 224.00 193.37
bottle 0.516449 206.67 115.33 221.47 144.61
dog 0.516377 14.80 197.31 45.96 224.00
dog 0.516209 202.79 131.81 223.27 180.95
bottle 0.516194 1.37 196.61 28.31 224.00
sheep 0.516137 151.03 176.48 199.68 216.32
bottle 0.516069 212.00 29.05 224.00 80.27
sheep 0.516000 139.16 183.16 186.69 223.50
boat 0.515969 10.13 172.30 31.54 204.68
bottle 0.515943 141.13 111.97 189.32 153.30
sheep 0.515684 141.35 121.01 189.41 165.14
sheep 0.515647 200.39 188.67 224.00 224.00
aeroplane 0.515275 81.76 0.00 139.97 44.49
boat 0.515123 23.28 12.28 57.23 46.09
bottle 0.514978 33.11 199.12 65.81 224.00
boat 0.514664 39.06 0.00 67.01 40.89
dog 0.514576 207.34 128.05 222.42 165.54
bottle 0.514430 45.20 197.19 82.61 224.00
dog 0.514370 193.86 0.00 224.00 47.19
sheep 0.514202 127.64 167.24 182.28 215.33
sheep 0.514099 140.31 131.46 191.90 183.36
dog 0.514076 36.37 0.00 70.51 28.76
sheep 0.513884 168.28 207.67 213.31 224.00
boat 0.513860 42.09 13.04 69.08 51.02
bottle 0.513817 7.85 179.85 29.04 213.90
sheep 0.513775 181.78 181.65 220.48 218.93
dog 0.513709 202.17 5.82 224.00 56.41
dog 0.513638 190.65 146.15 224.00 205.52
sheep 0.513351 208.15 122.48 221.30 152.35
sheep 0.513184 147.73 199.86 193.72 224.00
boat 0.512848 64.88 13.08 108.39 63.98
boat 0.512714 57.28 13.10 94.33 57.92
sheep 0.512713 188.71 0.00 224.00 28.16
sheep 0.512697 195.67 202.04 224.00 224.00
sheep 0.512058 195.33 160.91 224.00 212.51
