cow 0.674137 40.41 17.20 224.00 224.00
sheep 0.631853 31.84 29.13 224.00 224.00
sheep 0.561164 159.38 29.46 220.87 75.47
sheep 0.558028 12.09 46.47 46.15 72.09
sheep 0.553949 12.53 19.12 64.05 33.55
cow 0.550353 79.33 12.75 224.00 173.59
sheep 0.547569 128.40 16.58 165.00 43.77
sheep 0.547349 73.71 20.61 117.14 38.08
cow 0.546440 21.57 37.78 185.49 206.19
sheep 0.541277 54.04 82.64 103.88 148.76
sheep 0.538799 19.57 42.85 174.78 207.37
sheep 0.538631 44.60 80.43 88.30 150.11
bird 0.538277 0.00 209.63 32.13 224.00
sheep 0.538195 21.73 19.12 70.46 30.01
sheep 0.538174 155.41 15.75 214.61 60.67
bird 0.536589 0.00 205.66 19.74 224.00
sheep 0.536501 60.45 21.66 100.94 36.02
sheep 0.536490 89.30 9.64 224.00 173.47
sheep 0.535736 117.75 19.14 159.20 39.86
bottle 0.535420 84.90 66.78 112.03 102.79
sheep 0.534239 68.96 63.08 106.02 104.10
chair 0.533798 68.67 56.02 217.06 224.00
sheep 0.533402 32.21 19.61 76.23 32.83
dog 0.533318 0.00 181.69 38.11 224.00
sheep 0.533139 0.00 45.59 23.41 81.02
sheep 0.532915 77.48 53.96 110.51 98.26
sheep 0.532615 135.90 14.43 180.38 47.07
bottle 0.532444 41.61 86.15 81.80 144.85
sheep 0.532243 0.00 181.41 82.65 224.00
sheep 0.531838 90.43 68.86 118.02 101.46
cow 0.531836 128.91 46.80 152.22 67.00
sheep 0.531742 10.88 20.74 59.82 41.77
sheep 0.531693 170.61 41.95 212.61 74.35
sheep 0.531388 44.91 20.56 86.18 33.71
sheep 0.531189 46.74 68.97 90.24 132.26
sheep 0.531187 105.69 19.74 148.07 39.41
bird 0.531130 8.58 211.63 46.12 224.00
sheep 0.531001 16.41 154.59 127.86 224.00
bird 0.530995 28.79 209.99 70.92 224.00
sheep 0.530814 67.00 93.05 107.52 146.78
sheep 0.530607 5.60 168.96 105.33 224.00
sheep 0.530266 125.00 36.22 153.14 61.22
sheep 0.529965 91.13 20.03 136.52 40.12
sheep 0.529941 66.60 76.83 109.78 131.66
sheep 0.529607 37.92 209.39 78.35 224.00
sheep 0.529604 58.53 54.42 101.47 99.40
sheep 0.529073 61.44 68.12 105.77 121.58
cow 0.528893 102.70 46.02 224.00 224.00
sheep 0.528848 53.06 62.66 89.75 104.68
sheep 0.528833 146.48 13.86 200.28 50.19
dog 0.528703 208.03 204.57 224.00 224.00
sheep 0.528682 42.55 93.72 80.96 145.64
sheep 0.528592 8.00 42.16 51.53 68.20
sheep 0.528385 98.11 71.45 128.69 100.13
sheep 0.527895 189.15 41.09 224.00 79.28
sheep 0.527880 144.48 31.17 190.68 66.88
dog 0.527622 0.00 0.00 51.95 41.81
aeroplane 0.527413 207.79 0.00 224.00 21.03
sheep 0.527386 0.00 0.00 21.49 26.13
sheep 0.527282 0.00 39.33 65.02 155.64
cow 0.527206 26.18 125.78 172.93 224.00
sheep 0.527001 140.06 45.59 168.64 68.51
cow 0.526939 120.68 36.80 149.83 61.55
sheep 0.526869 85.70 56.83 117.82 95.64
sheep 0.526649 137.60 35.90 168.48 63.17
sheep 0.526605 4.97 16.51 51.05 34.30
sheep 0.526556 80.39 25.23 114.63 64.20
sheep 0.526487 0.00 67.64 60.22 197.25
chair 0.526433 168.01 153.32 224.00 224.00
sheep 0.526339 128.32 73.10 150.28 96.25
cow 0.526247 83.95 0.00 161.12 42.65
cow 0.526136 46.73 209.44 84.45 224.00
sheep 0.525967 0.00 24.55 45.88 122.97
sheep 0.525888 13.86 83.91 152.98 222.63
sheep 0.525873 79.27 42.35 110.01 87.15
sheep 0.525777 109.16 72.36 138.61 98.64
dog 0.525698 220.00 166.56 224.00 224.00
sheep 0.525660 12.44 10.99 60.71 28.79
sheep 0.525575 135.54 74.23 156.64 95.86
sheep 0.525210 13.58 0.00 49.17 25.43
sheep 0.525176 220.00 160.09 224.00 215.84
sheep 0.525085 120.64 71.96 145.11 97.20
bottle 0.525042 34.88 85.73 73.11 135.50
sheep 0.524935 126.67 182.14 167.40 224.00
cow 0.524877 66.32 0.00 139.47 40.56
sheep 0.524787 78.51 98.17 111.69 143.67
sheep 0.524748 48.04 107.94 84.36 160.82
cow 0.524609 140.86 92.15 224.00 224.00
sheep 0.524510 84.89 35.91 112.57 74.95
sheep 0.524509 0.00 184.68 24.32 217.14
sheep 0.524432 214.34 70.13 224.00 104.45
cow 0.524345 114.55 0.00 198.11 46.90
dog 0.524282 153.91 0.00 224.00 72.34
sheep 0.524010 1.29 0.00 34.60 24.87
sheep 0.523993 161.49 0.00 194.99 25.69
sheep 0.523828 0.00 166.24 32.83 224.00
sheep 0.523694 129.23 79.02 149.40 102.97
sheep 0.523685 9.51 32.25 52.64 62.21
sheep 0.523667 0.00 156.97 9.77 195.47
sheep 0.523607 136.64 80.47 156.10 102.58
sheep 0.523576 220.00 142.77 224.00 200.98
dog 0.523575 201.49 10.41 224.00 57.88
sheep 0.523571 77.50 0.00 109.10 20.47
sheep 0.523547 191.98 18.46 224.00 69.24
sheep 0.523458 74.84 70.16 109.56 114.59
sheep 0.523454 13.38 43.99 129.03 182.56
dog 0.523429 207.72 0.00 224.00 45.65
sheep 0.523422 60.73 43.89 100.71 89.12
bird 0.523334 0.00 164.32 9.49 204.06
bottle 0.523205 30.40 99.40 58.69 135.38
sheep 0.523157 0.00 179.62 10.47 220.92
sheep 0.523150 208.01 63.19 224.00 96.38
sheep 0.523148 45.26 61.66 71.79 99.22
sheep 0.523119 138.71 18.08 188.75 60.07
sheep 0.523048 120.71 77.85 144.41 103.72
sheep 0.523004 69.66 0.00 100.74 20.69
sheep 0.522878 48.26 0.00 122.61 37.67
sheep 0.522863 110.35 35.49 146.55 61.83
cow 0.522815 65.00 26.59 181.69 156.91
sheep 0.522769 125.40 19.71 159.64 51.87
dog 0.522744 5.13 0.00 82.55 30.99
sheep 0.522663 184.33 210.26 218.68 224.00
sheep 0.522647 193.76 208.60 224.00 224.00
sheep 0.522623 127.99 59.39 152.29 85.43
sheep 0.522616 42.80 113.58 76.09 157.52
sheep 0.522560 0.00 190.92 12.25 224.00
sheep 0.522538 0.00 126.95 20.57 158.65
sheep 0.522465 128.74 0.00 212.96 51.97
sheep 0.522342 0.00 169.48 21.60 200.06
sheep 0.522308 0.00 177.31 22.91 208.02
aeroplane 0.522307 118.08 0.00 149.09 21.48
sheep 0.522204 55.76 104.09 97.46 162.60
sheep 0.522194 124.81 13.51 224.00 126.92
sheep 0.522190 0.00 196.08 25.72 224.00
sheep 0.522150 25.36 102.08 46.70 131.99
bottle 0.522140 37.39 100.89 71.93 141.18
sheep 0.521958 176.66 51.54 211.93 79.79
sheep 0.521909 0.00 162.49 20.64 191.96
sheep 0.521895 28.35 0.00 67.27 24.57
sheep 0.521894 138.30 0.00 170.49 27.41
sheep 0.521873 3.71 109.35 117.15 224.00
sheep 0.521837 125.82 0.00 157.23 23.84
sheep 0.521791 143.03 74.84 164.28 95.39
sheep 0.521730 46.43 67.19 74.98 110.33
sheep 0.521709 93.97 58.72 129.69 92.73
sheep 0.521702 184.29 67.23 212.69 88.77
sheep 0.521665 134.07 59.88 158.26 84.89
sheep 0.521660 151.66 0.00 186.28 26.70
sheep 0.521648 157.00 2.44 200.52 43.36
cow 0.521646 85.62 0.00 198.94 111.83
sheep 0.521608 220.00 133.18 224.00 180.86
sheep 0.521605 0.00 13.19 28.95 36.38
sheep 0.521599 9.88 128.95 29.69 153.66
sheep 0.521590 94.29 31.49 137.26 63.68
sheep 0.521541 31.04 7.88 73.96 26.45
sheep 0.521319 175.57 0.00 209.42 25.22
sheep 0.521283 91.39 0.00 122.17 21.48
cow 0.521278 64.01 209.93 101.17 224.00
sheep 0.521278 129.57 49.33 152.68 72.71
aeroplane 0.521219 107.74 0.00 138.69 20.42
bottle 0.521212 153.93 210.85 192.53 224.00
sheep 0.521195 190.97 170.72 214.46 220.01
sheep 0.521112 8.32 186.26 31.62 214.84
bottle 0.521079 175.82 211.20 211.96 224.00
sheep 0.520974 57.69 0.00 90.28 21.81
sheep 0.520973 52.27 46.46 85.96 84.90
sheep 0.520844 114.53 44.13 145.45 67.30
sheep 0.520840 144.07 81.31 163.61 102.00
sheep 0.520809 200.70 54.14 224.00 88.96
bird 0.520757 0.00 121.79 7.66 162.94
sheep 0.520629 187.10 154.13 215.12 210.89
sheep 0.520612 17.67 128.95 37.39 152.79
sheep 0.520553 41.15 54.17 69.17 89.95
sheep 0.520517 0.00 100.85 39.70 224.00
sheep 0.520511 140.69 181.33 182.35 224.00
sheep 0.520478 218.72 75.30 224.00 112.79
sheep 0.520435 0.00 53.24 16.60 96.79
sheep 0.520423 24.98 92.72 47.84 124.91
bottle 0.520389 33.06 115.35 54.58 145.28
sheep 0.520378 18.38 44.75 56.27 71.30
sheep 0.520377 15.30 38.86 58.42 65.84
sheep 0.520368 25.65 127.66 45.44 152.71
bottle 0.520267 138.54 210.66 177.62 224.00
sheep 0.520255 54.67 120.36 86.97 170.76
sheep 0.520223 103.87 82.60 137.16 111.86
cow 0.520216 115.74 144.41 216.23 224.00
sheep 0.520156 118.95 83.66 144.55 112.28
sheep 0.520145 69.43 136.50 91.00 175.59
sheep 0.520084 117.99 96.08 143.50 122.37
sheep 0.520069 27.01 110.28 45.27 137.57
sheep 0.520067 119.11 188.06 152.99 222.86
bottle 0.520063 120.24 209.70 163.13 224.00
sheep 0.519974 121.47 58.40 147.65 86.53
sheep 0.519959 88.80 77.40 118.27 111.31
sheep 0.519953 70.33 209.95 110.41 224.00
sheep 0.519949 0.00 13.76 67.67 108.52
sheep 0.519926 0.00 207.44 31.07 224.00
sheep 0.519857 26.92 118.52 45.01 144.99
sheep 0.519850 76.24 18.14 128.05 42.01
sheep 0.519764 71.04 18.47 112.22 48.87
sheep 0.519727 192.08 76.63 211.94 95.37
sheep 0.519714 0.00 62.41 12.53 106.56
sheep 0.519698 120.86 107.78 141.32 128.70
sheep 0.519684 127.63 84.83 149.90 111.39
sheep 0.519595 127.99 108.90 147.88 127.85
sheep 0.519591 8.07 171.93 28.80 195.74
sheep 0.519562 146.21 146.29 224.00 224.00
sheep 0.519551 54.44 38.73 85.06 72.61
sheep 0.519519 220.00 81.59 224.00 121.98
aeroplane 0.519510 182.48 0.00 216.62 24.66
sheep 0.519487 116.06 22.05 153.35 50.48
sheep 0.519470 0.00 118.91 20.23 150.89
sheep 0.519448 126.13 96.81 149.49 121.32
sheep 0.519389 75.98 4.40 112.97 32.40
sheep 0.519363 131.69 5.26 171.25 46.82
sheep 0.519349 129.82 116.34 147.20 134.04
sheep 0.519347 45.37 0.00 80.65 23.04
sheep 0.519323 86.51 104.22 116.48 140.80
sheep 0.519310 36.61 74.78 67.97 122.43
sheep 0.519307 3.26 8.76 44.28 30.58
sheep 0.519293 32.55 125.58 53.05 152.50
dog 0.519229 95.65 143.77 204.59 224.00
sheep 0.519204 43.35 128.36 73.04 165.47
bottle 0.519199 37.55 120.72 64.62 153.44
sheep 0.519195 8.36 179.43 30.19 204.30
sheep 0.519184 0.00 74.26 9.46 117.29
dog 0.519179 107.57 194.07 128.77 218.17
sheep 0.519175 76.80 109.91 111.34 160.61
sheep 0.519167 16.85 51.41 44.73 89.65
sheep 0.519114 69.06 121.29 101.81 171.61
sheep 0.519111 179.45 175.28 205.56 221.46
aeroplane 0.519064 193.73 0.00 224.00 21.58
sheep 0.519049 109.86 58.94 141.00 88.69
sheep 0.519045 14.26 186.91 39.04 216.68
sheep 0.519040 0.00 85.49 8.29 127.73
dog 0.519022 214.51 193.60 224.00 224.00
cow 0.519022 65.33 0.00 154.26 97.66
sheep 0.519018 60.52 138.06 83.48 175.92
sheep 0.519003 36.26 58.06 60.10 94.37
sheep 0.518984 112.06 106.23 134.96 128.98
sheep 0.518964 0.00 90.06 18.73 122.40
bird 0.518930 0.00 95.54 7.64 137.35
sheep 0.518925 0.00 100.49 18.63 132.75
sheep 0.518925 134.94 86.55 156.62 111.28
sheep 0.518899 37.21 42.91 68.70 71.48
sheep 0.518839 63.93 35.95 98.15 73.80
sheep 0.518797 105.20 93.94 136.68 122.04
sheep 0.518793 25.38 54.69 51.64 92.34
sheep 0.518765 9.18 134.87 29.46 161.35
sheep 0.518731 72.49 34.54 106.31 72.90
sheep 0.518642 80.02 123.35 108.61 169.63
sheep 0.518634 220.00 121.74 224.00 160.67
sheep 0.518622 19.13 120.60 36.43 144.34
sheep 0.518598 96.25 40.86 135.00 70.82
sheep 0.518596 137.41 117.24 154.35 133.71
sheep 0.518584 93.03 80.46 127.88 110.43
sheep 0.518580 96.52 102.70 125.96 131.00
dog 0.518572 98.72 195.06 118.90 218.29
sheep 0.518557 9.97 121.12 28.69 145.61
sheep 0.518533 54.26 28.91 86.82 58.49
sheep 0.518483 16.65 135.67 37.50 160.40
sheep 0.518455 177.89 157.09 207.24 212.69
sheep 0.518434 76.42 137.80 98.62 175.33
dog 0.518395 104.67 209.96 147.31 224.00
sheep 0.518367 88.67 195.99 111.60 219.65
dog 0.518332 78.17 210.63 118.99 224.00
sheep 0.518313 142.95 0.00 224.00 68.75
sheep 0.518281 0.00 137.21 8.58 178.99
sheep 0.518272 6.67 165.31 28.09 187.74
sheep 0.518243 79.41 197.28 104.34 222.11
dog 0.518231 135.82 0.00 224.00 103.16
sheep 0.518188 147.48 125.47 161.73 140.97
sheep 0.518180 37.42 133.70 62.18 162.11
sheep 0.518177 69.19 23.86 107.26 58.52
sheep 0.518167 145.80 118.42 161.87 133.54
sheep 0.518163 36.40 34.32 71.70 61.98
sheep 0.518130 83.57 85.10 118.10 124.33
sheep 0.518130 123.28 114.45 140.02 134.14
sheep 0.518089 45.19 26.45 138.45 142.07
sheep 0.518085 39.42 156.21 60.54 176.86
sheep 0.518075 167.34 0.00 208.44 40.85
sheep 0.517966 154.22 119.18 169.72 133.64
sheep 0.517909 165.32 9.66 212.01 49.74
sheep 0.517859 154.61 126.89 169.20 141.27
sheep 0.517796 18.92 103.64 35.23 127.70
sheep 0.517791 0.00 154.13 19.74 185.05
sheep 0.517755 85.86 139.96 105.73 173.42
sheep 0.517736 133.53 97.62 156.53 120.99
sheep 0.517692 135.28 109.08 155.10 127.33
sheep 0.517643 140.93 59.41 167.07 85.32
sheep 0.517605 24.17 135.48 45.64 160.41
sheep 0.517521 10.19 103.04 26.18 127.21
dog 0.517516 115.01 190.86 146.04 220.12
sheep 0.517513 141.86 87.95 163.89 111.13
sheep 0.517456 0.00 109.69 19.46 143.22
sheep 0.517405 7.59 197.19 33.07 224.00
sheep 0.517394 30.38 75.97 55.90 116.40
sheep 0.517374 50.25 0.00 131.59 87.83
sheep 0.517340 38.44 146.28 61.67 170.53
dog 0.517319 119.26 196.16 159.17 224.00
sheep 0.517309 153.46 79.81 170.13 100.01
sheep 0.517293 1.09 77.12 20.51 110.54
sheep 0.517263 85.56 4.42 122.58 32.82
sheep 0.517235 44.59 142.99 70.48 172.52
sheep 0.517217 7.48 47.93 39.11 79.53
sheep 0.517160 20.05 111.95 35.58 135.25
sheep 0.517159 152.92 71.46 172.89 93.14
sheep 0.517123 159.89 39.54 199.88 75.63
sheep 0.517112 0.00 19.38 30.70 48.19
sheep 0.517038 39.17 163.42 60.53 184.25
sheep 0.516970 88.71 126.39 115.01 166.63
sheep 0.516956 148.98 147.65 183.49 206.65
sheep 0.516944 31.67 135.61 53.03 160.55
sheep 0.516938 57.19 6.11 92.19 28.58
sheep 0.516931 220.00 112.27 224.00 150.54
sheep 0.516890 38.65 66.78 62.37 104.37
sheep 0.516861 0.00 0.00 67.27 69.01
sheep 0.516835 31.22 165.09 51.21 184.89
sheep 0.516769 193.78 142.99 214.36 190.23
sheep 0.516761 138.67 123.88 154.27 140.99
sheep 0.516755 153.91 184.75 195.16 224.00
sheep 0.516723 25.08 77.14 46.48 111.59
sheep 0.516711 89.89 20.11 138.90 51.98
sheep 0.516654 10.57 112.00 27.42 136.95
sheep 0.516638 94.47 103.25 215.58 224.00
sheep 0.516622 14.63 172.73 35.05 195.16
sheep 0.516585 204.64 165.81 221.89 222.18
sheep 0.516573 18.64 20.79 96.99 118.74
sheep 0.516562 163.05 119.00 177.38 133.85
sheep 0.516558 45.54 153.87 68.44 178.03
sheep 0.516521 18.38 187.77 47.40 220.49
sheep 0.516481 10.20 92.33 25.48 117.68
sheep 0.516479 172.12 118.56 185.57 133.83
sheep 0.516446 106.07 3.48 141.50 32.34
sheep 0.516407 29.01 49.04 57.49 84.66
sheep 0.516407 130.49 122.73 147.39 141.24
sheep 0.516398 14.03 180.29 36.67 204.40
sheep 0.516390 14.74 165.97 35.05 186.51
sheep 0.516383 52.31 139.96 77.47 174.72
sheep 0.516376 18.18 93.67 34.88 119.65
sheep 0.516352 116.17 111.91 133.12 133.68
sheep 0.516328 16.93 45.56 50.20 81.90
sheep 0.516299 172.60 126.09 185.00 141.64
sheep 0.516289 32.17 157.45 52.33 177.38
sheep 0.516278 91.86 89.53 127.35 121.34
sheep 0.516257 94.41 46.81 132.28 81.00
sheep 0.516237 72.41 148.75 87.95 178.42
sheep 0.516167 0.00 142.20 19.42 176.99
sheep 0.516149 148.90 44.41 183.13 75.05
sheep 0.516138 100.63 109.30 124.83 136.20
sheep 0.516114 220.00 100.94 224.00 138.72
sheep 0.516097 148.27 132.97 162.07 149.35
sheep 0.516093 179.05 108.89 194.52 125.81
sheep 0.516071 30.28 188.13 64.44 219.82
sheep 0.516071 30.43 65.46 52.34 100.29
sheep 0.516025 179.68 126.94 192.74 140.79
sheep 0.516010 96.58 143.24 113.23 170.95
sheep 0.516005 156.54 155.32 190.22 214.30
sheep 0.515995 140.95 157.52 176.55 213.65
sheep 0.515990 69.38 199.07 95.47 224.00
sheep 0.515989 143.09 109.93 162.56 127.26
sheep 0.515978 21.53 166.21 42.66 186.45
sheep 0.515963 166.67 176.12 196.18 221.86
sheep 0.515961 118.07 4.66 155.12 37.27
sheep 0.515943 185.03 144.52 206.75 191.37
sheep 0.515902 162.52 126.72 176.28 141.76
sheep 0.515884 186.11 95.23 205.50 115.82
sheep 0.515821 62.52 150.21 79.98 179.58
sheep 0.515808 113.30 47.83 143.74 75.79
sheep 0.515796 179.21 118.36 193.34 132.81
sheep 0.515796 11.71 52.20 33.31 86.79
sheep 0.515763 22.91 63.84 44.30 97.76
sheep 0.515681 62.99 20.03 101.46 45.18
sheep 0.515675 146.26 167.39 182.33 218.34
sheep 0.515637 121.62 178.87 158.54 219.67
sheep 0.515631 202.29 149.95 222.59 209.60
sheep 0.515552 171.77 109.29 186.31 126.66
sheep 0.515481 168.31 156.67 197.78 213.40
sheep 0.515421 15.10 145.54 37.13 170.17
sheep 0.515392 23.12 146.25 45.76 170.05
sheep 0.515380 154.29 134.31 168.93 149.19
sheep 0.515372 31.90 147.07 53.45 169.83
sheep 0.515340 188.07 143.90 205.68 176.85
sheep 0.515337 187.94 135.28 202.89 150.85
sheep 0.515334 189.41 141.18 204.17 162.60
sheep 0.515334 179.39 95.98 196.95 116.67
sheep 0.515279 198.41 139.25 214.24 164.29
sheep 0.515276 151.74 87.31 170.53 109.57
sheep 0.515160 140.63 98.88 163.74 120.84
sheep 0.515146 181.14 134.21 193.34 149.88
sheep 0.515125 5.93 143.80 28.33 171.99
sheep 0.515073 152.18 110.28 170.24 127.11
sheep 0.515043 186.63 107.26 202.75 124.30
sheep 0.515039 197.37 133.09 213.63 152.94
sheep 0.515016 108.57 190.84 128.42 212.26
sheep 0.515011 27.25 198.41 67.85 224.00
sheep 0.515001 0.00 30.05 28.33 65.65
sheep 0.514992 79.67 150.20 96.03 178.06
sheep 0.514978 3.96 62.25 24.90 98.36
sheep 0.514975 124.36 120.07 139.83 141.12
sheep 0.514939 162.26 109.79 178.16 127.02
sheep 0.514893 11.49 78.16 25.79 106.31
sheep 0.514775 22.27 157.98 44.16 178.80
sheep 0.514765 89.71 152.81 104.21 176.76
sheep 0.514750 52.83 20.75 89.83 46.23
sheep 0.514721 100.02 190.72 117.38 210.90
sheep 0.514696 36.15 170.92 60.81 194.69
sheep 0.514685 45.10 161.78 68.59 184.89
sheep 0.514679 101.39 133.92 122.64 163.65
sheep 0.514658 19.71 173.20 42.36 195.86
sheep 0.514656 186.55 126.67 201.53 141.16
sheep 0.514641 4.44 156.33 27.84 180.77
sheep 0.514552 181.20 63.33 209.73 84.54
sheep 0.514550 53.00 151.92 74.22 179.23
sheep 0.514544 133.86 152.35 162.99 204.61
sheep 0.514520 14.03 157.68 35.88 179.31
sheep 0.514502 28.35 172.67 51.14 194.96
sheep 0.514414 81.39 191.32 101.81 210.26
sheep 0.514373 23.23 207.46 71.46 224.00
sheep 0.514353 139.45 131.65 155.09 149.71
sheep 0.514348 149.07 141.24 164.19 159.87
sheep 0.514345 197.35 73.33 217.71 97.16
sheep 0.514336 100.63 154.75 112.84 175.65
sheep 0.514323 150.49 54.76 178.47 84.55
sheep 0.514271 90.59 190.71 109.77 210.38
sheep 0.514239 190.65 65.36 217.96 90.15
sheep 0.514172 172.58 96.67 187.97 117.63
sheep 0.514172 130.46 130.72 147.79 149.99
sheep 0.514160 207.19 137.65 222.85 189.19
sheep 0.514156 175.75 143.71 197.52 194.19
sheep 0.514129 128.23 155.19 155.00 203.39
sheep 0.514121 194.62 91.94 211.33 114.14
sheep 0.514107 18.22 62.60 36.00 96.15
dog 0.514066 131.48 194.67 175.01 224.00
sheep 0.514062 187.74 83.11 207.30 103.25
dog 0.513922 177.43 5.89 217.63 46.90
sheep 0.513919 115.90 187.66 146.66 215.48
sheep 0.513909 127.84 159.70 163.14 217.40
sheep 0.513888 107.83 147.93 121.88 169.23
sheep 0.513860 186.81 116.47 201.33 131.46
sheep 0.513808 172.92 132.52 185.10 149.95
sheep 0.513793 15.42 198.67 49.61 224.00
sheep 0.513754 96.20 119.52 123.34 154.47
sheep 0.513739 12.63 62.83 29.37 95.33
sheep 0.513730 123.54 128.79 140.02 150.66
sheep 0.513730 150.15 98.92 170.74 120.02
sheep 0.513723 18.66 77.94 34.91 107.47
sheep 0.513693 18.34 181.16 44.31 206.17
sheep 0.513667 114.69 138.36 131.41 161.20
sheep 0.513656 123.02 139.87 140.23 160.17
sheep 0.513629 12.75 26.65 61.96 55.11
sheep 0.513567 138.82 150.86 161.22 187.09
sheep 0.513549 153.74 141.73 170.12 159.49
sheep 0.513504 116.14 116.21 131.83 141.11
sheep 0.513501 164.30 143.37 190.25 195.56
sheep 0.513476 193.84 82.12 211.57 102.46
sheep 0.513465 130.63 140.39 148.45 159.36
bird 0.513436 16.04 208.73 62.82 224.00
sheep 0.513425 34.59 22.99 75.07 49.87
sheep 0.513404 179.42 143.33 196.55 178.25
sheep 0.513392 124.22 149.86 141.62 170.53
sheep 0.513385 117.34 149.92 132.17 169.96
sheep 0.513340 181.88 139.95 194.84 161.94
sheep 0.513338 162.55 97.88 178.85 118.84
sheep 0.513333 70.76 192.41 91.71 211.32
sheep 0.513288 110.79 157.10 123.41 177.13
sheep 0.513278 125.54 154.97 145.16 184.83
sheep 0.513270 184.07 73.40 204.94 92.00
sheep 0.513258 140.41 140.35 156.90 159.64
sheep 0.513256 5.07 209.12 44.12 224.00
sheep 0.513255 146.02 150.69 169.61 189.33
sheep 0.513206 130.54 152.85 151.98 185.20
dog 0.513195 109.46 200.29 143.95 224.00
sheep 0.513148 140.76 148.25 159.19 170.71
sheep 0.513143 196.26 102.34 209.44 122.18
sheep 0.513113 148.69 148.53 167.37 172.01
sheep 0.513056 114.22 125.68 131.54 151.73
sheep 0.513049 131.15 149.09 149.60 169.48
sheep 0.512912 196.99 122.59 211.75 142.75
sheep 0.512880 32.92 180.54 62.21 206.58
sheep 0.512867 17.96 0.00 104.43 72.63
sheep 0.512852 161.23 133.81 175.35 149.77
sheep 0.512831 165.53 85.19 179.69 106.78
sheep 0.512798 119.64 156.69 135.61 182.15
sheep 0.512733 210.25 136.27 223.77 177.52
dog 0.512654 102.44 202.72 130.73 224.00
sheep 0.512648 55.95 199.80 85.32 224.00
sheep 0.512597 152.21 148.06 173.29 172.64
sheep 0.512569 25.80 181.44 53.19 206.63
sheep 0.512549 41.89 169.46 68.77 195.74
sheep 0.512492 44.58 198.14 79.04 224.00
sheep 0.512466 168.12 75.97 181.70 95.35
dog 0.512301 185.96 0.00 219.64 34.73
sheep 0.512300 182.69 81.98 200.99 102.95
sheep 0.512207 168.81 143.10 188.29 178.42
sheep 0.511815 172.23 138.60 186.57 161.69
sheep 0.511765 167.24 66.01 187.39 87.59
sheep 0.511750 51.68 160.41 73.31 185.68
sheep 0.511723 156.78 145.73 178.48 175.17
sheep 0.511703 197.44 111.24 209.70 130.72
sheep 0.511566 102.00 164.31 116.07 185.83
sheep 0.511453 70.71 161.32 86.43 184.53
sheep 0.511449 176.24 82.60 192.14 104.12
dog 0.511440 81.89 204.58 113.70 224.00
sheep 0.511439 163.39 49.89 193.98 81.73
sheep 0.511377 159.53 140.43 175.93 160.09
dog 0.511333 92.78 203.47 121.32 224.00
sheep 0.511262 89.76 163.93 105.99 184.84
sheep 0.511116 111.67 164.63 127.08 189.59
sheep 0.511109 211.76 128.01 224.00 155.47
sheep 0.511089 61.18 160.60 78.38 185.71
dog 0.511000 147.03 199.81 191.10 224.00
sheep 0.510989 45.83 190.09 74.19 214.41
sheep 0.510986 120.29 162.43 139.38 196.97
sheep 0.510975 123.42 166.74 151.21 213.51
sheep 0.510955 197.37 198.40 222.34 224.00
sheep 0.510797 78.25 162.71 95.80 184.54
sheep 0.510751 64.94 207.49 98.25 224.00
sheep 0.510521 56.92 192.44 80.57 213.16
sheep 0.510491 206.69 87.35 221.13 116.06
sheep 0.510411 201.81 78.90 218.69 104.95
sheep 0.510408 178.92 72.71 196.78 92.00
sheep 0.510248 52.80 207.66 89.40 224.00
sheep 0.510092 109.63 173.17 129.91 202.71
sheep 0.510070 118.40 170.45 142.34 208.49
sheep 0.510012 211.15 96.77 221.78 123.46
sheep 0.509987 99.51 183.63 119.33 208.03
sheep 0.509715 90.19 183.96 111.09 206.44
sheep 0.509526 100.19 173.87 118.97 199.51
sheep 0.509166 80.21 184.89 102.28 206.18
sheep 0.509100 89.17 174.56 109.57 197.45
sheep 0.509016 212.00 117.78 224.00 145.10
sheep 0.508868 69.39 185.22 91.80 206.68
sheep 0.508794 45.69 180.83 73.12 206.26
sheep 0.508563 78.00 174.84 99.46 196.89
sheep 0.508557 212.00 106.34 222.72 132.77
sheep 0.508536 69.10 173.54 89.12 196.71
dog 0.508446 174.85 206.76 211.12 224.00
sheep 0.508270 55.93 183.41 80.29 207.13
dog 0.508236 163.15 205.19 203.10 224.00
sheep 0.508205 56.89 170.71 78.79 197.38
