boat 0.626408 27.94 84.10 213.30 186.64
boat 0.582109 80.02 95.22 143.28 172.51
bird 0.580597 72.06 87.72 149.26 173.86
aeroplane 0.573335 0.00 95.09 67.93 161.16
boat 0.569414 42.55 78.80 170.20 174.76
boat 0.565163 136.75 55.89 157.31 72.39
pottedplant 0.564297 59.84 93.45 134.41 185.58
boat 0.562959 97.92 96.98 139.18 160.84
boat 0.560916 125.49 82.33 151.34 110.22
motorbike 0.560621 0.00 88.45 78.01 162.68
boat 0.559473 122.68 87.50 149.93 118.67
cow 0.559008 14.46 95.23 94.30 181.96
aeroplane 0.557344 11.73 77.99 76.56 114.08
pottedplant 0.556821 34.31 125.77 118.64 202.21
boat 0.556556 51.89 106.26 158.25 194.65
motorbike 0.556400 30.95 128.34 121.83 208.69
bird 0.550044 46.20 103.80 132.40 190.53
cow 0.549360 53.27 99.66 118.85 187.06
boat 0.549227 140.86 53.90 163.22 71.46
boat 0.548666 68.58 70.23 205.79 171.25
boat 0.548252 14.19 74.83 75.20 111.36
boat 0.548113 116.00 93.49 147.87 135.32
car 0.547860 27.49 134.81 119.19 211.56
cow 0.547657 29.19 135.23 112.75 209.97
aeroplane 0.545769 0.00 86.80 66.59 135.02
aeroplane 0.543171 3.63 84.21 80.91 124.28
bird 0.541173 86.85 104.39 139.13 175.44
car 0.540783 20.58 85.22 198.24 180.68
aeroplane 0.540704 0.00 106.23 44.30 163.96
boat 0.539990 71.02 101.06 119.51 185.31
cow 0.539877 5.71 80.58 70.85 165.15
boat 0.539569 102.96 98.84 148.33 145.87
boat 0.539530 37.55 138.73 133.13 208.69
car 0.539113 30.91 194.93 101.42 224.00
aeroplane 0.539007 0.00 93.10 47.45 150.94
bird 0.538857 128.69 165.91 147.80 193.36
boat 0.538848 127.45 160.79 147.65 189.92
boat 0.538764 137.35 51.10 156.38 68.45
aeroplane 0.538260 0.00 81.75 43.39 129.75
pottedplant 0.537554 36.15 197.39 104.50 224.00
pottedplant 0.537480 31.64 164.09 125.88 224.00
cow 0.536961 33.50 111.10 124.91 201.00
car 0.536427 26.80 163.36 112.11 221.76
bottle 0.536271 137.28 0.50 157.68 21.92
boat 0.536187 129.15 72.85 152.11 98.77
boat 0.536142 147.27 52.44 171.43 70.62
person 0.536117 207.58 209.54 224.00 224.00
person 0.535814 66.08 130.67 124.63 192.99
boat 0.535420 176.03 83.37 198.24 101.71
boat 0.535378 175.42 75.79 197.44 94.30
boat 0.535223 130.20 58.85 150.77 73.80
boat 0.534551 141.96 48.21 163.01 66.10
bird 0.534539 97.04 126.72 135.67 187.02
cow 0.534104 0.00 88.36 123.84 166.21
boat 0.534063 177.23 91.23 199.60 108.98
boat 0.534046 183.84 100.78 203.98 117.63
boat 0.533672 146.97 58.07 171.71 76.80
boat 0.533487 134.81 80.94 159.83 110.39
boat 0.533360 136.24 0.00 162.03 19.22
aeroplane 0.533291 0.00 137.29 62.01 191.94
person 0.533148 140.39 210.10 170.33 224.00
person 0.533049 130.72 207.58 163.44 224.00
car 0.532962 7.93 82.95 142.79 166.92
boat 0.532925 0.92 91.34 150.05 187.34
sheep 0.532865 197.38 213.42 224.00 224.00
person 0.532770 189.28 214.16 216.68 224.00
person 0.532720 150.19 211.50 180.83 224.00
boat 0.532646 178.95 99.02 200.30 116.28
boat 0.532627 174.72 68.65 196.35 86.54
boat 0.532380 169.12 67.15 191.98 86.81
boat 0.532297 135.31 61.89 157.05 83.63
aeroplane 0.532273 89.29 15.34 111.26 25.12
boat 0.532152 133.29 52.00 152.72 70.48
car 0.532094 17.62 201.90 81.78 224.00
bird 0.532070 104.44 142.54 133.35 191.61
person 0.531755 180.71 213.66 210.34 224.00
car 0.531695 167.21 33.42 190.90 56.29
boat 0.531613 167.52 59.94 190.48 78.97
boat 0.531560 131.99 0.00 153.01 21.85
boat 0.531452 166.19 52.14 189.93 71.51
person 0.531276 186.57 189.09 224.00 224.00
person 0.531265 157.76 211.94 191.04 224.00
car 0.531257 168.18 25.50 190.96 47.99
boat 0.531204 59.78 99.24 104.49 185.28
car 0.531171 166.22 42.87 190.35 64.12
boat 0.531060 185.41 106.84 203.82 123.08
aeroplane 0.531035 16.97 82.25 144.09 165.41
cow 0.530914 0.00 137.32 72.91 194.67
aeroplane 0.530912 90.82 18.72 110.79 32.56
bottle 0.530904 139.00 13.71 154.17 26.64
car 0.530887 174.32 61.23 195.90 78.51
boat 0.530856 117.15 154.19 140.56 191.73
person 0.530837 172.48 213.02 204.16 224.00
boat 0.530590 121.70 102.49 152.68 142.64
boat 0.530479 155.68 53.29 181.57 70.30
boat 0.530228 132.77 93.46 156.95 129.52
boat 0.530207 49.14 56.00 180.80 137.96
aeroplane 0.530173 96.52 21.77 113.33 31.90
boat 0.530165 149.07 80.93 174.27 106.62
aeroplane 0.530140 24.99 72.77 84.19 109.37
bird 0.530006 130.06 178.65 148.62 202.85
pottedplant 0.529996 57.93 205.00 114.74 224.00
boat 0.529941 148.94 45.38 171.73 64.57
bird 0.529868 110.92 137.58 141.63 186.37
boat 0.529801 161.31 75.25 187.71 94.16
cow 0.529757 0.00 67.07 65.04 149.02
boat 0.529711 38.37 74.95 88.07 114.71
boat 0.529491 160.22 26.85 182.25 47.83
bird 0.529443 88.86 82.30 115.47 119.83
person 0.529347 173.70 52.81 195.99 70.57
car 0.529344 206.67 0.00 224.00 17.64
boat 0.529341 182.19 93.29 203.33 110.21
boat 0.529327 112.89 89.02 138.47 125.49
boat 0.529308 135.98 100.19 158.63 135.81
boat 0.529269 163.28 81.95 188.64 100.27
boat 0.529213 153.84 106.32 174.67 135.08
boat 0.529200 158.13 34.89 181.62 56.55
boat 0.529174 181.46 105.10 200.68 121.76
bird 0.529143 129.90 188.50 150.33 210.16
bottle 0.529116 143.31 0.00 164.73 21.04
boat 0.529089 156.86 60.33 183.03 76.94
car 0.528934 170.17 18.72 190.87 38.80
cow 0.528923 84.79 207.39 130.48 224.00
aeroplane 0.528800 4.61 188.72 47.73 217.46
boat 0.528779 117.76 143.78 143.98 184.63
boat 0.528734 156.10 44.27 181.15 63.79
person 0.528723 117.11 203.90 153.79 224.00
boat 0.528594 152.54 28.11 172.13 47.18
person 0.528541 173.88 33.81 196.72 55.57
cow 0.528511 96.85 206.66 139.14 224.00
car 0.528429 1.04 88.07 176.24 211.69
aeroplane 0.528334 171.47 45.44 224.00 161.65
aeroplane 0.528319 93.52 17.42 113.48 25.16
boat 0.528238 139.24 20.38 154.69 34.51
bird 0.528211 113.40 84.82 138.36 116.23
boat 0.528209 77.69 81.26 108.70 119.61
boat 0.528202 144.29 38.86 163.27 57.54
car 0.528120 175.34 19.71 196.26 39.25
boat 0.528115 105.12 116.42 143.31 170.31
car 0.528110 174.44 26.07 196.67 47.58
bird 0.528098 100.84 82.93 125.11 117.77
person 0.528060 173.34 43.25 196.36 63.11
pottedplant 0.528055 112.66 184.05 206.58 224.00
car 0.527993 0.00 110.18 72.35 183.77
car 0.527990 3.85 206.93 59.77 224.00
aeroplane 0.527966 0.42 204.62 50.22 224.00
boat 0.527966 147.93 73.41 174.40 98.26
boat 0.527942 151.11 36.55 172.17 56.72
boat 0.527683 151.31 99.32 174.22 127.92
boat 0.527621 145.26 29.05 162.87 45.91
cow 0.527602 107.52 205.17 147.45 224.00
boat 0.527510 134.62 13.42 149.82 26.40
person 0.527405 13.81 72.01 69.16 142.62
boat 0.527212 108.42 94.70 137.56 142.24
boat 0.527183 138.77 40.43 155.99 59.27
car 0.527163 0.00 0.00 54.90 40.33
boat 0.527087 138.86 28.83 155.46 45.47
boat 0.527077 58.87 78.78 99.36 117.63
car 0.527072 216.93 95.89 224.00 122.37
bird 0.527050 89.04 88.69 117.38 132.86
boat 0.527047 158.98 67.56 185.60 85.21
cow 0.526951 17.44 140.25 89.85 199.86
bird 0.526947 99.67 88.68 125.70 129.56
boat 0.526910 139.25 62.68 163.65 85.70
aeroplane 0.526857 176.27 0.00 224.00 46.97
boat 0.526730 147.41 64.56 173.23 86.42
boat 0.526698 162.27 19.86 182.26 38.29
car 0.526691 0.00 185.12 21.29 222.55
car 0.526586 0.00 168.25 67.54 224.00
boat 0.526526 173.34 89.31 197.08 105.56
car 0.526509 68.04 136.31 122.01 197.19
boat 0.526504 0.00 0.00 21.80 21.22
boat 0.526480 145.80 21.15 161.80 35.33
car 0.526347 176.34 12.85 196.47 29.46
boat 0.526291 166.68 110.26 187.98 131.11
boat 0.526156 1.59 47.50 162.57 173.96
car 0.526135 216.53 102.97 224.00 129.06
boat 0.526094 136.67 72.52 161.96 99.87
aeroplane 0.526078 0.00 122.74 57.36 178.55
aeroplane 0.526057 2.16 71.16 53.78 109.56
car 0.525885 46.46 142.54 114.41 203.52
pottedplant 0.525874 132.77 191.03 218.60 224.00
bottle 0.525791 144.65 14.12 161.07 26.49
boat 0.525757 134.59 19.55 149.43 33.91
car 0.525740 28.32 122.01 134.80 186.48
bird 0.525737 86.13 73.38 114.53 110.18
boat 0.525612 64.57 97.74 191.93 200.18
boat 0.525566 153.31 20.86 170.85 37.28
boat 0.525560 171.30 11.97 190.86 29.01
car 0.525517 173.95 0.00 204.54 18.11
aeroplane 0.525453 197.69 76.22 224.00 183.30
boat 0.525408 82.15 87.28 110.72 131.93
bird 0.525407 127.68 196.85 152.87 224.00
bird 0.525367 131.69 173.84 151.86 197.92
aeroplane 0.525352 0.00 56.84 36.60 97.99
boat 0.525219 166.25 103.92 189.58 123.35
boat 0.525193 50.48 71.11 99.41 110.38
car 0.525181 216.82 14.24 224.00 39.72
boat 0.525076 191.49 100.75 208.69 117.30
car 0.525064 36.10 153.86 102.75 212.02
pottedplant 0.525050 84.73 168.70 193.71 224.00
aeroplane 0.525028 0.00 70.29 36.16 114.98
boat 0.525018 164.28 88.01 189.60 106.32
boat 0.524984 133.34 28.16 149.59 45.19
aeroplane 0.524961 1.53 0.00 78.89 33.42
car 0.524959 8.66 103.11 120.08 174.67
boat 0.524958 167.13 0.00 196.95 18.67
car 0.524946 217.05 128.57 224.00 154.03
car 0.524861 0.00 196.00 29.16 224.00
boat 0.524816 182.82 110.06 200.73 127.61
boat 0.524779 186.98 111.82 204.10 128.72
car 0.524717 216.80 136.31 224.00 160.74
aeroplane 0.524711 35.47 66.00 93.47 105.10
boat 0.524670 69.79 71.20 107.78 110.37
boat 0.524662 85.90 0.00 118.25 17.76
bottle 0.524624 129.80 162.83 150.90 190.48
aeroplane 0.524614 0.00 52.23 22.51 94.96
boat 0.524584 56.88 90.22 94.18 172.03
boat 0.524578 61.69 88.76 224.00 224.00
sheep 0.524437 152.50 193.06 224.00 224.00
boat 0.524436 104.74 22.63 119.91 31.83
car 0.524381 218.09 88.67 224.00 116.60
aeroplane 0.524281 0.00 136.32 29.56 193.48
car 0.524278 215.58 6.60 224.00 31.48
boat 0.524210 122.27 0.00 150.87 19.36
boat 0.524182 192.98 106.72 208.92 122.72
car 0.524123 182.07 20.41 202.81 38.44
aeroplane 0.524086 154.33 28.40 224.00 142.82
boat 0.524039 149.69 92.13 173.99 120.14
boat 0.524015 86.61 95.85 125.30 153.92
boat 0.523985 31.22 84.29 79.09 167.77
boat 0.523926 137.84 0.00 201.56 37.79
aeroplane 0.523913 0.00 19.82 28.74 64.95
car 0.523878 182.70 13.01 203.08 29.15
boat 0.523872 176.40 104.19 197.52 120.25
aeroplane 0.523791 0.00 30.50 27.91 77.07
bird 0.523735 80.75 62.00 111.44 97.95
boat 0.523658 176.65 109.63 195.93 127.55
boat 0.523657 0.00 0.00 135.25 150.06
boat 0.523601 133.06 41.33 150.32 60.73
boat 0.523560 174.86 97.36 198.09 112.89
aeroplane 0.523529 75.43 38.24 105.77 64.21
boat 0.523509 60.10 155.41 164.78 224.00
car 0.523493 108.31 147.38 132.83 195.16
bird 0.523492 120.38 157.69 140.35 193.17
bird 0.523466 62.05 59.13 105.47 99.99
boat 0.523444 159.32 0.00 188.36 18.63
aeroplane 0.523403 203.49 93.75 224.00 197.28
cow 0.523373 45.98 189.32 112.40 224.00
aeroplane 0.523356 86.55 0.00 115.34 20.19
car 0.523291 217.55 21.13 224.00 49.49
car 0.523240 189.41 0.00 218.17 17.16
boat 0.523225 150.50 0.00 178.54 18.53
car 0.523206 216.85 110.95 224.00 137.25
boat 0.523123 130.22 64.32 149.68 87.05
aeroplane 0.523119 0.00 45.57 30.96 88.28
aeroplane 0.523094 0.00 49.03 58.22 134.77
car 0.523085 220.00 55.20 224.00 84.88
bird 0.523071 102.57 58.62 119.40 81.40
aeroplane 0.523055 90.68 21.15 111.33 40.09
boat 0.523044 49.13 0.00 121.30 36.88
boat 0.523042 122.40 0.00 185.54 38.74
car 0.523013 217.37 119.87 224.00 146.39
bird 0.522983 83.62 38.32 107.93 60.02
car 0.522958 220.00 62.75 224.00 92.92
aeroplane 0.522937 35.89 0.00 108.13 34.19
boat 0.522919 163.06 12.64 182.17 28.46
boat 0.522820 165.20 95.82 190.22 114.59
boat 0.522812 103.50 0.00 169.99 39.33
aeroplane 0.522762 2.48 172.26 47.72 209.66
car 0.522734 216.63 143.75 224.00 168.03
dog 0.522706 220.00 47.49 224.00 76.90
aeroplane 0.522687 150.60 0.00 214.84 37.81
aeroplane 0.522670 0.00 41.40 18.63 86.39
aeroplane 0.522593 0.00 125.42 34.43 182.05
boat 0.522533 152.68 13.69 170.36 27.72
bird 0.522517 77.70 52.60 108.14 82.89
boat 0.522440 129.29 52.00 148.66 68.53
bird 0.522389 99.11 50.09 115.15 67.95
sheep 0.522389 205.00 112.37 224.00 221.49
boat 0.522206 43.82 20.95 224.00 181.94
dog 0.522173 219.79 39.10 224.00 69.03
bird 0.522173 132.10 200.84 158.16 224.00
car 0.522137 0.00 129.49 69.74 200.63
bird 0.522125 98.06 23.98 114.03 38.31
boat 0.522074 67.02 83.33 100.17 129.51
person 0.522047 180.86 26.92 202.87 46.21
boat 0.522035 166.33 114.96 186.33 138.03
person 0.522030 220.00 71.07 224.00 101.31
bird 0.522012 103.05 76.97 124.91 108.75
car 0.521970 219.56 80.12 224.00 109.89
dog 0.521907 218.84 30.01 224.00 59.98
person 0.521742 179.64 35.10 202.07 54.48
car 0.521724 0.00 158.61 21.53 210.67
car 0.521722 0.00 173.50 39.85 211.96
aeroplane 0.521693 0.00 20.99 50.56 121.05
boat 0.521615 102.33 17.87 120.72 24.89
aeroplane 0.521576 80.06 28.86 108.61 53.26
car 0.521533 217.15 151.94 224.00 176.40
person 0.521417 178.85 45.06 201.08 62.26
bird 0.521398 121.74 77.67 146.01 104.54
boat 0.521362 112.10 0.00 142.53 18.46
bird 0.521345 79.38 45.69 105.95 69.21
boat 0.521345 78.94 0.00 152.27 39.22
bird 0.521292 87.58 28.49 110.87 50.37
person 0.521274 179.21 54.84 200.56 69.68
aeroplane 0.521267 0.00 27.71 17.23 76.79
boat 0.521252 73.13 88.62 105.47 150.92
dog 0.521247 218.92 176.12 224.00 199.94
bird 0.521185 97.53 40.51 113.68 58.21
car 0.521166 52.75 172.92 118.60 214.92
boat 0.521160 117.96 22.95 133.08 31.52
aeroplane 0.521130 0.00 11.38 18.41 58.74
boat 0.521095 101.05 0.00 132.24 17.71
boat 0.520986 106.38 26.67 120.61 39.79
car 0.520982 178.83 63.54 199.91 77.81
car 0.520954 192.84 10.93 210.22 26.88
dog 0.520916 218.38 168.60 224.00 192.43
car 0.520894 193.07 18.53 209.88 35.55
car 0.520872 177.95 70.98 199.68 85.93
boat 0.520859 28.56 75.82 74.23 144.82
aeroplane 0.520783 52.15 53.47 99.35 94.08
bird 0.520771 62.06 50.58 103.42 87.89
boat 0.520760 128.30 28.52 144.25 43.03
bird 0.520758 124.00 61.35 144.08 78.70
aeroplane 0.520731 0.61 155.46 50.42 203.68
aeroplane 0.520678 0.17 19.48 36.44 51.84
bird 0.520653 114.07 79.40 136.92 107.64
bird 0.520533 68.65 45.06 102.99 75.28
bird 0.520523 124.00 58.32 143.45 71.79
person 0.520509 212.45 205.89 224.00 224.00
car 0.520501 217.83 160.57 224.00 184.60
aeroplane 0.520484 10.16 71.85 113.43 148.93
boat 0.520470 156.36 116.58 175.30 148.29
boat 0.520433 129.30 20.67 144.23 32.10
bird 0.520343 113.06 56.27 129.16 70.16
aeroplane 0.520277 28.64 34.39 56.70 60.11
aeroplane 0.520207 18.27 0.00 55.14 14.25
boat 0.520202 118.30 28.94 133.83 41.02
bird 0.520174 104.07 67.97 122.89 96.99
boat 0.520156 188.62 172.79 201.73 187.03
aeroplane 0.520144 0.00 0.00 51.09 93.97
boat 0.520099 139.07 110.84 160.77 150.57
bird 0.520089 97.41 30.77 114.11 48.79
boat 0.520051 194.69 112.29 209.15 128.73
boat 0.520041 187.81 119.30 204.31 136.48
boat 0.519997 128.97 14.88 145.22 24.66
aeroplane 0.519960 61.48 47.23 99.91 82.21
boat 0.519952 0.00 0.00 32.57 15.86
cow 0.519936 99.65 197.30 136.03 224.00
dog 0.519923 219.09 183.93 224.00 207.85
aeroplane 0.519857 169.76 5.26 224.00 103.49
bird 0.519829 108.20 34.66 122.66 50.54
bird 0.519819 114.39 62.79 131.95 81.19
aeroplane 0.519716 37.92 35.08 65.97 60.77
car 0.519706 5.22 169.22 56.02 208.86
boat 0.519692 175.65 115.68 194.11 134.95
boat 0.519692 189.16 164.61 202.05 179.13
bird 0.519658 110.64 46.33 125.70 61.10
boat 0.519650 51.58 81.67 87.11 149.23
aeroplane 0.519616 67.09 32.93 104.48 59.08
boat 0.519563 183.22 116.90 200.45 135.04
sheep 0.519531 218.68 194.11 224.00 220.02
boat 0.519423 189.44 94.04 207.49 111.20
aeroplane 0.519422 6.03 30.41 41.30 59.77
aeroplane 0.519326 0.00 60.52 83.26 145.90
boat 0.519310 166.03 121.52 185.31 146.45
cow 0.519288 81.15 195.53 128.39 224.00
boat 0.519218 128.51 41.20 145.26 57.45
pottedplant 0.519153 18.75 84.20 189.52 215.38
boat 0.519144 23.90 0.00 182.18 172.51
aeroplane 0.519103 17.25 32.96 48.76 59.10
boat 0.519025 196.41 130.18 209.77 146.55
boat 0.519005 116.32 17.31 133.99 24.07
aeroplane 0.518978 9.04 23.29 41.88 49.59
bird 0.518922 138.51 204.67 164.79 224.00
boat 0.518889 122.13 116.78 151.17 159.15
aeroplane 0.518889 0.00 8.12 30.20 46.24
car 0.518887 203.44 99.37 218.98 118.89
boat 0.518829 100.29 54.95 205.37 144.73
aeroplane 0.518767 11.41 64.72 56.69 101.02
boat 0.518746 197.48 138.68 209.55 154.05
aeroplane 0.518716 33.40 0.00 69.60 14.34
boat 0.518698 189.11 129.24 204.46 145.75
sheep 0.518686 170.24 197.63 191.91 216.52
aeroplane 0.518676 47.56 35.43 78.46 61.93
sheep 0.518670 178.03 197.27 197.06 216.02
aeroplane 0.518606 4.76 0.00 42.16 13.67
sheep 0.518586 190.63 0.00 213.36 18.59
car 0.518575 0.84 155.38 94.83 224.00
sheep 0.518505 192.77 25.13 209.83 43.46
boat 0.518463 151.57 207.67 176.97 224.00
boat 0.518351 152.64 197.64 172.85 213.53
sheep 0.518247 186.42 197.67 201.85 215.22
boat 0.518245 120.15 39.63 136.64 53.86
aeroplane 0.518235 58.04 34.23 94.91 62.39
aeroplane 0.518213 0.00 0.00 55.45 58.50
sheep 0.518212 188.63 179.85 201.09 194.49
boat 0.518180 195.57 120.28 209.50 137.31
car 0.518171 204.76 105.00 219.42 124.47
boat 0.518163 182.21 172.75 197.57 186.22
sheep 0.518059 196.26 172.70 207.51 185.41
boat 0.518036 190.45 154.71 202.36 170.23
aeroplane 0.517976 77.46 177.53 129.63 213.19
aeroplane 0.517954 28.42 26.59 56.11 50.45
boat 0.517886 163.10 197.71 184.04 215.87
sheep 0.517872 192.28 34.02 208.90 52.90
boat 0.517773 182.65 165.66 197.93 178.61
aeroplane 0.517768 18.64 25.40 48.90 49.22
boat 0.517736 160.12 208.95 188.26 224.00
boat 0.517676 196.62 163.92 208.00 177.38
bottle 0.517626 127.71 153.28 150.37 184.65
bird 0.517594 136.67 195.44 159.53 210.93
boat 0.517593 191.04 138.34 204.17 153.76
boat 0.517482 197.33 154.15 208.50 169.07
car 0.517455 20.97 176.31 87.58 222.90
diningtable 0.517442 170.85 0.00 224.00 73.53
aeroplane 0.517426 114.46 195.59 144.95 224.00
aeroplane 0.517343 103.49 182.70 136.15 211.09
sheep 0.517320 191.50 44.63 207.70 61.69
sheep 0.517310 166.12 209.59 195.18 224.00
car 0.517279 73.48 162.62 128.85 205.99
boat 0.517273 197.81 145.75 209.03 160.95
boat 0.517251 156.82 126.71 174.90 156.35
aeroplane 0.517203 43.16 0.00 77.49 14.01
boat 0.517200 0.00 0.00 15.41 38.26
aeroplane 0.517199 26.12 56.00 147.04 141.35
sheep 0.517191 180.36 187.10 196.58 203.64
boat 0.517168 174.49 166.58 192.75 179.10
sheep 0.517159 188.16 187.46 201.18 202.92
bird 0.517127 115.07 70.72 134.09 95.87
boat 0.517076 93.48 154.38 205.25 224.00
bird 0.517065 122.50 51.56 140.54 64.59
bird 0.517054 124.00 67.90 144.09 91.41
aeroplane 0.517043 38.08 27.41 63.72 50.97
aeroplane 0.517020 6.26 41.12 42.89 74.91
sheep 0.516990 190.59 54.28 206.94 69.64
boat 0.516978 175.27 124.12 193.16 144.06
car 0.516975 21.52 158.01 86.78 208.19
aeroplane 0.516933 3.74 12.57 37.82 40.59
boat 0.516918 208.02 129.86 222.39 149.45
car 0.516886 8.71 182.56 70.14 220.13
sheep 0.516860 196.75 180.30 207.00 192.91
aeroplane 0.516859 28.92 44.64 58.22 76.79
boat 0.516846 174.97 172.70 192.41 186.29
boat 0.516828 184.06 126.38 200.36 144.08
boat 0.516775 71.26 136.21 192.54 224.00
aeroplane 0.516770 52.65 42.68 95.45 78.99
car 0.516760 205.27 16.18 218.44 35.00
boat 0.516747 208.35 137.61 222.61 156.30
aeroplane 0.516734 34.23 38.38 136.34 120.49
boat 0.516672 191.56 145.87 203.11 161.32
boat 0.516652 172.39 187.84 191.22 204.15
car 0.516646 204.51 8.78 218.69 27.22
sheep 0.516614 181.85 179.16 196.97 194.15
aeroplane 0.516596 12.36 15.31 42.62 37.83
boat 0.516532 166.67 131.09 184.34 155.00
sheep 0.516523 173.86 210.25 201.17 224.00
boat 0.516474 166.54 165.58 186.04 180.82
aeroplane 0.516373 18.08 43.25 50.30 74.86
car 0.516365 189.54 62.43 206.33 77.61
aeroplane 0.516358 20.88 16.14 48.97 37.23
aeroplane 0.516353 53.28 0.00 86.26 13.94
boat 0.516312 153.47 166.50 177.07 183.97
sheep 0.516172 154.97 172.03 176.47 190.54
sheep 0.516050 182.16 211.56 206.64 224.00
boat 0.516011 153.41 189.24 172.58 204.35
aeroplane 0.516008 36.89 45.11 69.25 78.50
boat 0.515995 39.19 38.64 144.74 113.34
aeroplane 0.515980 108.81 43.16 214.14 158.36
aeroplane 0.515929 44.37 44.46 81.84 79.79
sheep 0.515859 195.78 197.52 208.27 214.01
aeroplane 0.515827 37.79 0.00 124.26 83.89
boat 0.515824 139.84 121.63 160.15 159.97
boat 0.515805 135.83 186.60 158.01 204.22
aeroplane 0.515760 73.02 0.00 108.26 15.28
boat 0.515735 184.26 155.78 198.19 169.83
car 0.515673 203.28 92.85 218.05 113.77
aeroplane 0.515672 28.13 16.48 54.97 38.03
boat 0.515623 167.36 171.35 185.44 187.30
boat 0.515612 188.04 86.25 206.31 104.19
boat 0.515599 133.19 0.00 200.52 77.26
car 0.515596 188.15 69.86 205.90 85.92
boat 0.515589 164.90 188.26 183.37 204.22
aeroplane 0.515581 78.43 24.61 105.63 43.68
bottle 0.515546 125.43 133.08 150.15 172.82
boat 0.515541 98.74 31.75 178.18 110.86
boat 0.515443 175.48 157.09 192.45 171.00
aeroplane 0.515428 9.44 54.82 47.79 89.10
sheep 0.515412 174.55 179.10 191.95 194.31
aeroplane 0.515370 21.35 0.48 50.14 24.62
boat 0.515366 122.18 29.70 200.03 115.74
sheep 0.515357 196.72 187.58 207.26 200.77
boat 0.515334 206.53 111.77 219.64 131.64
aeroplane 0.515317 48.70 28.26 74.88 51.48
boat 0.515275 166.95 156.25 185.56 173.13
sheep 0.515260 154.50 179.14 174.35 196.95
bird 0.515252 136.51 177.16 157.84 199.33
boat 0.515216 207.83 120.52 220.81 141.02
aeroplane 0.515174 63.42 0.00 99.73 14.11
boat 0.515163 176.03 134.52 192.36 153.33
car 0.515147 201.36 0.00 219.83 18.89
boat 0.515133 185.52 136.40 199.82 152.63
boat 0.515121 187.31 77.49 205.87 94.82
aeroplane 0.515032 119.99 185.08 144.84 207.93
aeroplane 0.514954 141.74 0.00 212.63 78.14
boat 0.514943 208.47 144.65 221.35 163.09
car 0.514916 106.86 168.04 136.39 202.80
boat 0.514781 153.24 156.17 176.03 176.20
aeroplane 0.514781 70.62 26.49 103.45 49.17
sheep 0.514779 205.31 23.03 218.06 44.09
boat 0.514660 167.48 143.23 184.43 163.64
sheep 0.514628 191.23 212.00 212.47 224.00
boat 0.514608 135.38 164.80 158.18 190.32
sheep 0.514506 166.76 178.50 184.43 195.00
aeroplane 0.514504 132.84 21.61 210.49 113.45
aeroplane 0.514482 60.53 27.49 91.07 52.09
boat 0.514386 155.67 140.35 174.75 165.98
boat 0.514285 185.84 145.66 198.81 160.59
aeroplane 0.514269 38.05 17.04 61.57 38.35
boat 0.514195 176.60 145.66 191.90 161.89
boat 0.514188 208.13 153.08 219.79 171.13
boat 0.514070 99.96 0.00 170.53 71.67
aeroplane 0.514066 19.78 55.87 55.94 91.12
dog 0.513987 206.41 59.03 216.78 80.21
aeroplane 0.513972 36.50 56.79 83.63 98.24
sheep 0.513923 207.90 171.15 218.62 187.08
car 0.513906 205.99 66.16 217.11 88.23
aeroplane 0.513882 0.00 0.00 83.95 66.28
aeroplane 0.513878 83.00 19.41 105.63 32.24
sheep 0.513877 208.52 178.85 218.47 194.68
dog 0.513871 206.47 51.59 216.64 72.26
aeroplane 0.513797 35.30 1.09 61.17 24.42
aeroplane 0.513618 0.00 0.00 30.08 32.16
sheep 0.513604 201.83 210.87 219.99 224.00
sheep 0.513592 207.92 162.48 218.95 179.19
boat 0.513573 43.90 0.00 135.35 78.91
sheep 0.513554 206.22 32.51 217.53 54.63
car 0.513471 205.17 74.40 217.30 97.24
sheep 0.513450 206.61 42.70 216.82 64.07
aeroplane 0.513389 0.98 12.65 93.88 112.42
aeroplane 0.513314 27.82 57.17 63.61 94.17
car 0.513287 204.27 84.08 217.39 106.97
boat 0.513112 108.32 82.68 220.34 187.17
boat 0.513001 65.68 0.00 153.75 73.38
sheep 0.512888 208.84 186.14 218.36 202.56
aeroplane 0.512878 84.00 13.38 107.27 20.89
cow 0.512817 123.24 173.17 144.37 199.71
sheep 0.512714 208.23 196.48 218.61 215.96
aeroplane 0.512505 49.11 4.26 70.42 24.36
aeroplane 0.512502 50.96 18.67 71.80 38.53
aeroplane 0.512411 6.50 0.00 39.90 26.39
aeroplane 0.512170 73.68 19.98 99.66 37.01
sheep 0.512097 127.13 130.52 224.00 224.00
aeroplane 0.512020 62.85 7.54 81.71 25.16
boat 0.511946 135.58 155.41 158.24 183.65
aeroplane 0.511793 63.52 19.51 85.79 39.09
boat 0.511607 138.74 137.33 159.06 172.33
sheep 0.511370 137.99 176.76 224.00 224.00
aeroplane 0.511287 73.85 10.05 97.79 23.55
