dog 0.591845 214.58 160.09 223.50 214.87
cat 0.587498 214.41 161.75 222.43 217.01
cat 0.580960 53.16 128.97 142.71 221.98
cat 0.578334 35.30 101.94 101.63 140.17
cat 0.572280 79.19 116.06 166.70 217.36
cat 0.562467 30.95 81.90 99.29 140.82
bird 0.560479 106.51 43.76 183.06 114.62
pottedplant 0.558555 11.31 45.42 139.23 144.26
pottedplant 0.558512 0.00 68.09 78.36 222.45
bottle 0.556759 79.09 122.05 178.45 213.50
bird 0.555651 85.00 117.08 165.07 213.36
cat 0.555173 0.00 71.88 74.36 210.07
cat 0.553104 4.68 126.49 66.35 207.52
cat 0.552349 42.09 108.73 112.06 151.00
cat 0.551592 214.81 151.85 224.00 204.55
cat 0.551538 26.17 97.33 91.32 155.10
bottle 0.548572 211.66 162.12 223.61 213.38
bottle 0.547632 0.00 72.33 67.99 215.70
bottle 0.546663 163.69 167.27 211.00 221.93
tvmonitor 0.546442 8.01 126.33 71.99 205.51
cat 0.545970 20.03 84.47 81.85 163.53
bird 0.545817 186.53 69.32 224.00 219.68
bottle 0.545214 6.16 123.88 65.55 204.27
bottle 0.544478 191.17 97.54 224.00 224.00
aeroplane 0.542264 6.88 125.52 71.44 203.03
bird 0.541978 88.58 113.91 168.31 179.99
bottle 0.541875 155.17 70.34 224.00 224.00
cat 0.541445 4.15 55.75 140.38 169.36
cat 0.541316 215.75 145.13 224.00 189.32
cat 0.541243 100.41 138.28 167.57 223.81
bottle 0.541194 0.00 131.07 19.12 206.55
cat 0.540843 61.47 155.89 131.61 219.76
bus 0.539511 0.00 127.94 21.76 204.66
bottle 0.539136 12.62 97.08 71.48 180.30
car 0.538096 4.23 124.94 56.57 202.53
cat 0.537827 49.88 101.20 120.09 161.76
person 0.537807 136.49 83.98 224.00 224.00
bottle 0.537179 0.00 125.17 35.12 206.14
bird 0.537054 119.57 86.06 183.40 147.41
bird 0.536967 218.82 58.35 224.00 98.42
bird 0.536794 11.60 91.94 75.11 171.64
bottle 0.536464 0.00 62.83 101.57 194.38
tvmonitor 0.536454 0.00 125.58 37.11 206.44
car 0.536199 0.00 114.75 19.66 189.08
bottle 0.536185 182.66 145.38 224.00 224.00
bottle 0.536117 171.29 124.64 224.00 217.27
pottedplant 0.535985 6.07 65.97 115.12 184.64
pottedplant 0.535829 23.64 86.35 82.90 156.83
person 0.535560 0.00 97.25 98.85 224.00
bird 0.535512 148.17 94.71 196.41 141.86
car 0.535464 0.00 123.08 36.72 202.73
cat 0.535439 56.79 113.48 148.95 198.68
bird 0.535165 60.46 55.81 181.95 132.67
cat 0.535033 200.82 160.98 220.03 216.26
aeroplane 0.534954 8.57 101.30 72.57 182.21
bottle 0.534879 118.40 129.73 205.08 215.18
bird 0.534769 167.36 40.45 224.00 216.16
bird 0.534629 107.65 45.94 156.46 99.30
boat 0.534001 0.00 96.56 18.80 166.91
bird 0.533961 82.27 13.96 126.72 91.84
boat 0.533424 0.20 95.49 34.58 169.14
cat 0.533084 12.92 93.12 67.25 175.39
cat 0.532818 216.14 125.09 224.00 176.83
bottle 0.532644 0.00 197.03 20.26 224.00
boat 0.532517 5.30 93.84 57.06 170.86
cat 0.532449 56.80 109.36 128.24 179.77
bottle 0.532334 153.13 186.30 216.77 224.00
bottle 0.532257 198.22 160.83 221.39 215.33
pottedplant 0.532021 0.00 49.22 70.78 167.80
car 0.531878 0.00 104.06 34.09 181.34
bird 0.531723 109.32 93.86 171.42 145.09
bird 0.531685 104.46 53.58 185.06 144.09
bottle 0.531615 0.00 12.43 70.42 185.59
bird 0.531519 219.54 82.85 224.00 126.03
pottedplant 0.531473 0.00 0.00 48.67 56.82
bird 0.531241 0.00 61.16 14.82 103.96
bottle 0.531061 8.82 92.02 54.57 162.98
bird 0.530894 149.07 0.00 224.00 177.72
bottle 0.530852 0.43 201.48 30.73 224.00
pottedplant 0.530699 0.00 12.38 53.03 127.95
bird 0.530573 125.33 4.94 174.30 76.03
bird 0.530504 180.81 52.08 224.00 152.91
bottle 0.530132 145.02 144.30 198.29 210.98
bottle 0.530030 125.53 155.38 207.78 224.00
cat 0.529916 218.59 88.07 224.00 132.59
bird 0.529908 105.40 126.66 176.18 206.81
boat 0.529888 0.00 89.14 16.13 143.15
cat 0.529879 67.44 135.44 132.66 203.28
bird 0.529808 2.55 63.86 28.25 101.95
bottle 0.529793 127.30 1.23 179.20 65.66
bottle 0.529775 0.00 183.58 13.65 224.00
bird 0.529764 125.46 51.24 188.39 105.20
aeroplane 0.529613 177.12 0.00 224.00 54.12
bird 0.529591 219.52 68.73 224.00 113.64
bottle 0.529569 0.00 154.28 13.96 215.44
bottle 0.529527 152.67 156.77 204.37 221.66
cat 0.529457 30.79 55.86 149.15 141.92
bottle 0.529416 104.86 144.42 193.96 224.00
bird 0.529397 106.17 12.36 150.46 86.37
bottle 0.529308 5.57 94.55 31.02 154.14
cat 0.529094 52.45 176.26 125.02 224.00
cat 0.529081 52.24 111.51 105.29 140.85
cat 0.528943 78.01 118.20 151.84 174.69
aeroplane 0.528817 210.49 0.00 224.00 28.55
bird 0.528635 146.40 53.54 194.01 100.71
bird 0.528592 76.31 28.16 119.69 95.02
cat 0.528384 83.23 56.95 116.43 96.56
cat 0.528375 58.25 167.94 114.75 217.19
bird 0.528370 91.63 53.70 121.84 96.12
bottle 0.528305 18.52 202.12 62.57 224.00
car 0.528239 0.00 0.00 22.41 21.71
cat 0.528161 69.11 117.28 127.98 153.33
bottle 0.528078 85.25 96.54 213.74 224.00
aeroplane 0.528001 0.00 16.16 24.60 67.62
bird 0.527984 0.00 10.33 13.23 61.61
bottle 0.527901 54.40 170.42 123.17 224.00
bird 0.527892 98.06 49.26 135.95 95.52
bird 0.527722 75.07 22.80 116.48 72.06
bird 0.527671 116.13 70.23 179.72 129.65
bird 0.527647 101.28 100.82 174.14 169.88
bird 0.527627 138.92 89.06 201.65 151.07
bird 0.527489 117.75 8.51 165.13 87.85
cat 0.527483 62.70 118.61 135.80 167.50
bottle 0.527273 181.86 162.91 213.53 222.66
bird 0.527102 111.50 193.53 173.41 224.00
bottle 0.526964 7.09 204.06 43.21 224.00
cat 0.526949 61.20 57.21 98.85 101.19
cat 0.526858 70.16 58.11 109.59 97.37
pottedplant 0.526819 0.00 0.00 93.61 148.71
bottle 0.526812 33.53 112.93 168.21 224.00
bird 0.526809 5.82 91.78 29.22 144.85
pottedplant 0.526791 28.22 56.77 134.55 175.64
bottle 0.526745 210.45 184.02 224.00 224.00
bird 0.526634 0.00 82.02 15.58 132.04
cat 0.526632 86.67 116.78 145.55 159.05
bird 0.526521 98.25 105.89 159.01 148.81
bird 0.526446 11.60 92.94 50.85 154.71
bottle 0.526261 140.99 0.00 179.45 14.71
cat 0.526223 52.07 55.42 89.50 105.63
bottle 0.526203 34.34 182.83 59.43 215.93
bird 0.526185 112.16 124.07 175.52 177.50
bird 0.526173 120.15 0.00 196.41 55.56
bottle 0.526169 31.34 195.86 77.00 224.00
tvmonitor 0.526154 0.00 117.26 62.48 222.97
cat 0.526142 217.52 109.44 224.00 165.14
bottle 0.526085 41.76 192.26 90.49 224.00
bottle 0.526053 49.78 187.04 105.80 224.00
pottedplant 0.526039 87.74 0.00 168.72 60.27
bird 0.525935 87.46 0.00 126.13 14.84
sofa 0.525874 3.28 135.02 69.91 224.00
bird 0.525832 146.50 55.44 212.65 140.04
bird 0.525790 0.00 25.30 13.39 76.47
aeroplane 0.525771 220.00 0.00 224.00 43.19
cat 0.525679 110.96 156.69 178.06 224.00
bird 0.525634 153.65 125.82 192.17 168.96
cat 0.525529 40.75 55.03 80.70 109.19
bottle 0.525507 140.68 134.94 193.76 196.74
bird 0.525471 188.09 60.00 213.58 94.46
bird 0.525462 0.00 24.49 25.47 76.49
bottle 0.525324 88.09 83.34 178.38 197.36
bottle 0.525306 3.51 187.15 22.83 221.26
bird 0.525182 99.56 0.00 137.53 14.67
bird 0.525148 109.60 0.00 146.61 14.86
bottle 0.525021 20.72 148.62 61.74 211.45
bottle 0.525021 41.11 180.28 73.03 215.14
bottle 0.524979 158.65 0.00 195.43 15.28
pottedplant 0.524849 0.00 137.88 59.70 224.00
bird 0.524802 10.53 64.41 38.57 98.88
bottle 0.524798 50.48 175.96 93.99 215.38
cat 0.524648 11.29 141.11 79.20 224.00
bird 0.524629 168.56 58.64 205.44 96.83
bottle 0.524610 127.83 0.00 170.46 15.09
bird 0.524565 220.00 45.86 224.00 91.53
bird 0.524245 118.33 0.00 159.50 15.19
bird 0.524242 144.12 114.34 195.36 165.63
bird 0.524232 0.00 39.38 13.53 87.45
cat 0.524108 34.20 64.07 75.49 121.82
bird 0.524064 179.40 28.17 224.00 125.72
bottle 0.524009 45.00 70.20 146.73 189.37
boat 0.523979 168.19 0.00 203.30 15.65
bird 0.523964 71.01 27.16 102.39 66.02
bird 0.523897 114.93 0.00 198.24 93.72
aeroplane 0.523854 216.88 0.00 224.00 35.95
bird 0.523779 32.17 60.04 65.14 111.37
bottle 0.523772 141.08 57.49 215.46 201.76
bottle 0.523709 2.98 102.45 128.25 224.00
bottle 0.523674 32.19 85.22 81.37 142.22
bird 0.523553 0.00 40.91 26.38 89.05
pottedplant 0.523511 48.48 47.91 149.30 155.81
cat 0.523371 91.55 111.52 139.91 143.14
bird 0.523280 98.32 103.72 146.12 135.96
bird 0.523219 102.03 32.01 148.61 106.48
aeroplane 0.523202 3.33 16.46 36.81 67.07
bottle 0.523185 62.81 47.70 100.29 96.73
aeroplane 0.523075 0.00 6.10 26.71 50.46
bird 0.523021 118.11 55.52 202.99 177.08
bird 0.522792 73.54 0.00 113.15 14.09
bird 0.522691 98.31 10.22 138.69 75.61
cat 0.522633 79.87 188.56 142.24 224.00
bottle 0.522632 0.00 152.99 24.54 214.68
bottle 0.522628 0.98 173.71 22.80 216.92
cat 0.522530 61.27 147.83 114.48 207.56
bird 0.522513 142.81 131.26 190.62 182.06
bird 0.522481 67.14 0.00 101.28 13.23
bottle 0.522465 55.53 46.88 91.07 99.89
cat 0.522451 94.52 192.83 155.58 224.00
cat 0.522347 92.83 57.91 123.99 96.73
cat 0.522278 33.32 112.18 121.01 218.28
aeroplane 0.522165 22.03 17.49 53.85 70.34
aeroplane 0.522157 0.00 0.00 14.94 41.96
bird 0.522144 6.92 77.13 28.40 119.73
bottle 0.521969 27.73 172.78 57.69 211.81
bird 0.521942 210.55 58.90 224.00 96.01
bottle 0.521838 204.61 168.78 223.21 218.10
cat 0.521793 74.92 112.59 122.11 140.39
bird 0.521760 179.13 89.26 210.29 125.91
cat 0.521724 56.43 124.33 115.47 188.36
bird 0.521684 157.75 94.74 202.43 129.69
cat 0.521681 31.87 144.41 80.24 205.85
bottle 0.521681 153.13 131.45 192.01 178.64
bottle 0.521677 18.98 87.83 70.96 146.25
car 0.521650 0.00 0.00 34.18 16.90
bird 0.521649 90.33 28.31 133.45 103.28
bottle 0.521593 12.91 188.55 36.54 217.61
bottle 0.521486 129.49 191.90 196.17 224.00
bird 0.521387 121.65 21.81 192.48 118.48
bird 0.521345 145.95 62.91 194.80 120.86
pottedplant 0.521330 58.97 0.00 137.79 54.21
aeroplane 0.521163 220.00 7.22 224.00 60.49
aeroplane 0.521089 15.05 13.23 48.64 59.79
bird 0.521070 128.31 125.78 186.88 173.50
bird 0.521040 25.36 64.45 56.64 102.01
aeroplane 0.521038 183.82 0.00 216.58 15.50
cat 0.521037 49.01 168.54 95.85 214.62
bottle 0.520982 197.23 183.33 224.00 224.00
aeroplane 0.520962 220.00 33.96 224.00 81.14
bottle 0.520908 22.20 187.41 52.44 215.94
cat 0.520883 93.12 104.21 134.76 134.46
bird 0.520715 12.75 84.68 42.72 131.45
cat 0.520636 32.54 77.77 76.60 133.88
aeroplane 0.520551 15.15 0.00 54.62 13.49
bird 0.520540 18.50 64.53 50.30 98.01
bird 0.520526 91.45 7.48 124.86 56.37
bottle 0.520472 34.25 77.13 73.71 128.08
sheep 0.520454 210.21 87.29 224.00 128.63
bird 0.520285 141.83 10.53 200.32 66.04
bottle 0.520247 42.12 46.34 81.98 103.19
bird 0.520234 209.93 83.58 224.00 122.19
bottle 0.520213 141.24 3.90 201.58 55.02
bird 0.520155 91.87 23.50 166.64 112.57
pottedplant 0.520095 38.86 0.00 138.46 149.24
aeroplane 0.520075 61.70 0.00 93.55 13.12
bird 0.520049 57.77 0.00 162.02 157.78
bird 0.520047 134.33 82.31 194.31 135.29
aeroplane 0.519940 7.43 7.70 38.10 48.44
aeroplane 0.519915 196.78 0.00 224.00 21.69
sheep 0.519892 209.49 125.89 224.00 176.59
bottle 0.519827 10.00 151.85 41.36 212.58
bottle 0.519791 83.62 59.23 151.44 189.34
bird 0.519714 75.77 47.75 149.22 182.79
sheep 0.519713 184.33 123.26 216.26 171.83
bird 0.519696 172.83 0.00 224.00 84.53
cat 0.519654 89.99 64.79 125.66 108.65
bird 0.519472 126.99 0.00 178.15 46.83
cat 0.519434 210.08 138.41 224.00 182.05
boat 0.519428 146.96 0.00 224.00 51.06
bird 0.519302 81.91 22.54 175.00 174.00
bird 0.519292 65.47 25.67 90.42 64.25
bird 0.519185 101.49 0.00 211.55 166.14
bird 0.519169 13.95 77.08 39.90 117.05
bird 0.518952 51.05 19.08 133.01 162.24
bottle 0.518899 12.04 174.02 37.10 213.41
pottedplant 0.518879 41.00 0.00 120.89 49.98
bottle 0.518846 60.64 43.22 134.95 179.01
pottedplant 0.518814 73.27 0.00 152.51 90.63
bird 0.518779 96.91 85.39 140.30 122.85
aeroplane 0.518765 9.00 39.64 37.93 88.81
aeroplane 0.518741 29.85 16.57 71.97 71.27
bird 0.518731 128.22 28.46 187.87 91.90
aeroplane 0.518685 31.84 0.00 69.25 13.62
cat 0.518662 91.12 88.07 129.56 122.40
bird 0.518651 30.93 76.10 69.26 121.53
bird 0.518603 72.35 14.49 97.15 46.14
pottedplant 0.518564 66.58 39.24 144.81 135.46
cat 0.518447 80.04 69.26 115.90 111.10
cat 0.518401 36.62 126.73 82.95 189.81
bird 0.518342 78.41 13.92 113.06 48.24
pottedplant 0.518302 0.00 0.00 56.42 85.73
bird 0.518278 143.74 30.92 197.56 86.86
aeroplane 0.518253 42.74 0.00 77.49 13.33
pottedplant 0.518245 75.54 20.46 144.76 114.30
cat 0.518171 40.71 111.50 88.81 176.24
aeroplane 0.518117 53.51 0.00 85.82 12.96
sheep 0.518047 191.92 136.56 218.04 176.92
bird 0.517835 33.33 46.98 71.75 105.15
sheep 0.517793 210.23 108.34 224.00 164.81
pottedplant 0.517790 17.46 0.00 95.20 48.60
pottedplant 0.517752 58.99 20.94 126.67 116.98
bottle 0.517752 59.69 35.02 91.63 89.78
bird 0.517667 45.42 20.71 81.53 66.79
aeroplane 0.517625 24.52 38.35 53.95 92.32
cat 0.517607 29.10 153.33 67.56 214.87
cat 0.517582 78.61 104.89 118.10 133.96
bird 0.517481 95.62 60.19 136.40 107.23
aeroplane 0.517476 23.25 20.66 62.93 80.80
aeroplane 0.517449 21.20 8.87 53.21 53.82
bottle 0.517424 64.39 28.92 91.14 73.85
sheep 0.517329 179.35 104.52 214.03 163.10
bottle 0.517287 159.29 4.91 207.06 52.26
bird 0.517144 156.83 19.56 204.52 73.58
bottle 0.517097 129.27 0.00 175.97 22.03
bird 0.516952 101.90 56.63 153.82 109.85
cat 0.516880 72.37 174.00 146.20 224.00
bird 0.516699 26.63 35.90 57.84 94.26
aeroplane 0.516694 0.00 0.00 29.54 38.09
bird 0.516683 141.51 36.97 209.58 123.52
aeroplane 0.516673 73.43 2.73 95.24 26.44
aeroplane 0.516629 48.66 16.97 80.69 60.98
bird 0.516583 185.90 68.97 210.68 109.90
aeroplane 0.516449 91.17 0.00 124.67 35.18
cat 0.516310 39.59 92.50 95.41 132.60
bird 0.516275 88.46 179.77 161.15 224.00
bird 0.516259 23.05 75.87 60.14 116.95
cat 0.516192 60.21 72.42 103.80 115.27
cat 0.516116 79.39 90.39 115.93 122.72
cat 0.516062 45.45 74.74 94.09 122.30
cat 0.516004 198.33 145.73 220.89 184.08
pottedplant 0.515868 30.23 24.42 101.05 113.84
aeroplane 0.515671 67.07 13.33 87.43 47.04
cat 0.515656 165.14 131.40 205.27 171.80
bottle 0.515443 127.69 0.00 189.46 40.93
cat 0.515416 202.18 152.35 223.01 201.81
bird 0.515347 29.89 20.89 71.37 79.61
bottle 0.515272 156.90 120.10 204.56 168.35
aeroplane 0.515161 7.71 0.00 39.51 34.61
bottle 0.515159 179.83 147.03 210.24 196.92
bottle 0.515022 45.04 24.26 81.91 76.03
bird 0.514974 158.60 47.04 200.64 95.71
bottle 0.514945 144.00 0.00 200.59 37.63
aeroplane 0.514868 160.96 0.00 206.76 36.03
bird 0.514834 178.41 92.47 211.12 142.93
bird 0.514741 212.00 69.46 224.00 108.82
bird 0.514692 95.25 0.00 135.10 39.16
cat 0.514659 172.97 139.94 207.16 179.06
aeroplane 0.514599 169.92 12.25 209.56 61.06
cat 0.514588 55.57 91.81 102.08 126.69
bird 0.514450 161.15 67.73 203.12 114.25
aeroplane 0.514319 28.81 9.79 64.51 59.82
aeroplane 0.514196 68.84 3.53 87.26 27.28
aeroplane 0.514168 171.16 0.00 209.67 19.51
bird 0.514089 105.52 0.00 149.14 42.35
aeroplane 0.514034 78.39 1.20 112.68 28.77
aeroplane 0.514026 179.16 0.00 214.31 31.67
aeroplane 0.513985 39.83 10.77 71.31 58.91
aeroplane 0.513696 53.88 12.11 79.77 52.48
bottle 0.513584 114.76 0.00 163.50 21.67
bird 0.513564 167.88 32.37 207.20 79.81
bird 0.513557 152.11 102.52 202.86 162.31
bird 0.513291 181.39 47.73 214.23 89.60
pottedplant 0.513277 0.00 20.84 74.22 111.25
aeroplane 0.513223 0.00 0.00 33.84 24.17
aeroplane 0.513147 8.82 0.00 49.33 18.20
aeroplane 0.512903 203.35 0.00 223.52 35.32
aeroplane 0.512708 18.89 0.00 50.97 37.54
pottedplant 0.512571 41.16 0.00 122.36 82.77
aeroplane 0.512397 177.15 32.86 213.62 76.30
bird 0.512034 134.49 0.00 216.60 86.93
boat 0.511856 204.32 0.00 222.95 45.67
bird 0.511699 208.40 47.90 224.00 90.50
pottedplant 0.511459 19.65 0.00 98.50 80.15
aeroplane 0.511199 57.64 3.53 79.54 32.14
aeroplane 0.510612 43.15 2.45 70.57 38.67
aeroplane 0.510237 30.51 1.45 63.35 41.10
boat 0.510120 205.50 34.28 224.00 77.97
aeroplane 0.510112 202.84 18.70 224.00 66.60
