train 0.698186 6.85 39.83 224.00 205.60
sheep 0.557511 8.02 70.90 60.66 143.59
aeroplane 0.553248 24.82 52.99 224.00 208.54
dog 0.553022 9.46 63.58 116.80 196.38
bird 0.545645 20.05 40.14 69.39 118.96
horse 0.544911 10.34 63.50 195.35 203.13
bird 0.544754 175.96 206.75 220.52 224.00
person 0.544049 5.69 64.12 122.86 188.52
sheep 0.543646 15.39 36.54 68.70 125.36
bird 0.541492 15.13 46.81 116.82 181.27
dog 0.541286 5.26 99.87 59.79 178.83
bird 0.540399 178.06 198.39 216.03 217.05
chair 0.539687 5.88 64.76 112.43 191.43
dog 0.538405 8.94 69.59 57.86 151.78
aeroplane 0.537894 169.82 141.01 222.62 165.95
car 0.533631 23.78 89.46 200.35 219.95
dog 0.533597 63.01 50.06 98.70 108.28
train 0.533340 23.40 91.93 208.24 222.94
car 0.533336 181.72 0.00 224.00 37.81
dog 0.533185 111.59 139.78 153.67 196.84
aeroplane 0.532385 159.98 99.49 217.70 131.21
bottle 0.532379 0.00 205.42 19.46 224.00
aeroplane 0.532293 120.36 0.00 185.45 38.05
bird 0.532264 178.41 188.79 215.07 210.62
bird 0.532102 175.15 144.92 224.00 169.15
sheep 0.532090 20.82 138.29 54.66 203.96
sheep 0.531575 110.16 145.91 153.09 201.18
bottle 0.531321 0.00 208.96 31.60 224.00
aeroplane 0.531312 199.41 57.79 224.00 151.33
aeroplane 0.530607 167.28 121.64 223.57 145.87
sheep 0.530266 72.45 204.14 114.46 224.00
train 0.530259 60.29 42.34 220.72 172.36
aeroplane 0.530144 134.80 0.00 201.40 33.37
aeroplane 0.530033 91.13 0.00 153.27 38.15
aeroplane 0.529995 196.43 96.87 224.00 129.55
dog 0.529840 15.74 129.62 52.23 196.49
dog 0.529774 156.01 98.21 209.04 129.13
bird 0.529772 189.95 185.79 224.00 224.00
aeroplane 0.529579 190.66 118.08 224.00 147.92
cat 0.529562 0.00 94.47 26.98 140.41
bird 0.529337 193.41 203.60 224.00 224.00
bird 0.529253 0.00 24.40 12.35 75.42
aeroplane 0.529194 165.35 115.02 224.00 139.87
car 0.529157 210.06 0.00 224.00 22.52
aeroplane 0.528621 216.05 24.36 224.00 59.17
aeroplane 0.528588 69.07 65.85 224.00 185.24
aeroplane 0.528580 73.02 0.00 138.31 36.29
aeroplane 0.528518 193.80 135.23 224.00 168.64
bird 0.528461 0.00 0.00 45.94 54.64
bird 0.528453 158.87 209.88 206.04 224.00
dog 0.528438 120.24 123.66 156.28 187.68
bird 0.528380 165.90 140.25 220.75 164.49
bird 0.528237 176.67 149.56 220.61 177.04
sheep 0.528198 8.75 86.98 62.40 171.93
dog 0.528090 5.16 148.11 97.25 224.00
dog 0.528050 68.71 84.83 93.37 141.02
train 0.528003 28.41 18.68 185.30 155.32
person 0.527915 197.72 34.97 224.00 130.22
dog 0.527843 82.54 156.34 105.28 199.93
dog 0.527691 68.62 63.90 95.33 119.37
aeroplane 0.527538 191.83 104.61 224.00 135.45
cat 0.527476 11.90 91.67 55.92 133.98
bottle 0.527423 50.84 204.81 83.98 224.00
aeroplane 0.527388 150.75 0.00 214.84 31.18
aeroplane 0.527365 201.31 89.52 224.00 123.49
aeroplane 0.527345 190.45 99.63 224.00 185.92
bird 0.527278 177.32 174.43 214.78 200.98
sheep 0.527259 94.90 204.22 135.65 224.00
bird 0.527158 119.91 206.89 165.66 224.00
dog 0.527005 0.00 64.40 80.53 191.06
bird 0.526917 176.96 159.81 216.95 188.56
sheep 0.526880 56.14 40.57 103.14 94.23
dog 0.526696 109.27 82.96 128.82 141.84
aeroplane 0.526600 217.43 18.02 224.00 53.11
aeroplane 0.526453 168.14 132.58 224.00 161.60
bird 0.526393 0.00 32.28 16.05 89.31
bottle 0.526327 41.43 206.44 77.92 224.00
sheep 0.526299 82.72 185.40 106.32 217.94
bird 0.526235 0.00 0.00 19.68 23.11
dog 0.526147 92.93 80.06 118.97 136.94
bird 0.526141 97.93 172.69 208.85 224.00
bird 0.526136 17.93 36.85 179.78 174.42
bottle 0.526098 25.21 209.02 69.37 224.00
sheep 0.526048 117.94 192.75 149.92 219.91
bird 0.526048 36.23 98.38 217.64 224.00
chair 0.526042 0.00 152.78 62.14 224.00
cat 0.526036 0.00 72.61 19.63 123.07
bird 0.526012 32.34 42.00 84.39 108.56
sheep 0.526005 110.54 160.74 150.03 209.23
dog 0.525926 53.27 41.67 106.04 98.34
aeroplane 0.525860 76.14 0.00 123.71 12.55
sheep 0.525859 60.74 203.48 95.56 224.00
dog 0.525808 99.84 86.85 118.84 143.37
dog 0.525807 160.97 0.00 224.00 31.51
dog 0.525777 75.47 158.25 98.71 195.71
dog 0.525765 122.58 105.68 150.99 164.61
bird 0.525684 198.77 190.46 224.00 215.36
sheep 0.525678 107.39 205.61 151.10 224.00
sheep 0.525661 0.00 59.52 18.98 115.82
sheep 0.525598 25.76 146.87 63.84 207.63
aeroplane 0.525553 52.15 0.00 122.11 36.52
dog 0.525514 196.67 21.37 224.00 120.41
sheep 0.525493 112.70 189.74 142.19 218.30
dog 0.525475 87.64 153.70 109.92 202.00
sheep 0.525474 27.87 161.99 59.27 213.42
sheep 0.525429 15.23 43.17 63.08 100.19
sheep 0.525411 55.66 188.41 75.96 216.04
sheep 0.525349 101.50 185.63 125.48 218.19
sheep 0.525245 0.00 38.20 17.98 98.32
bird 0.525182 138.48 209.43 181.95 224.00
sheep 0.525167 86.85 173.85 111.44 214.56
dog 0.525089 100.07 147.38 133.65 200.65
aeroplane 0.525032 149.51 0.00 200.64 21.87
aeroplane 0.525032 149.47 71.43 208.93 112.08
aeroplane 0.524983 119.94 0.00 160.98 15.90
bird 0.524842 22.80 24.06 106.60 131.72
sheep 0.524692 108.11 179.01 140.93 213.06
bottle 0.524623 11.07 210.09 52.58 224.00
bird 0.524584 0.00 28.57 24.82 77.25
aeroplane 0.524582 202.55 181.53 224.00 209.80
bird 0.524510 149.34 187.23 224.00 224.00
sheep 0.524509 118.61 130.15 160.84 188.95
bird 0.524470 0.00 32.64 49.00 131.81
aeroplane 0.524437 149.43 6.35 197.66 27.39
sheep 0.524436 83.45 160.63 105.87 203.04
aeroplane 0.524386 214.78 57.14 224.00 99.20
aeroplane 0.524356 64.52 5.93 116.68 40.68
bird 0.524332 74.54 155.08 204.32 224.00
dog 0.524324 0.00 115.98 43.95 185.17
sofa 0.524259 0.00 96.05 26.42 146.89
aeroplane 0.524242 215.85 47.71 224.00 87.04
dog 0.524196 15.62 130.79 156.56 224.00
dog 0.524195 92.99 151.02 116.33 202.71
aeroplane 0.524170 170.96 94.14 224.00 126.77
sheep 0.524082 98.12 175.79 124.94 214.76
sheep 0.524075 0.00 55.71 66.59 171.24
bird 0.524045 29.20 0.00 99.26 52.36
bird 0.523971 159.07 132.85 211.07 159.42
bottle 0.523909 0.00 184.34 11.55 224.00
aeroplane 0.523736 219.14 10.76 224.00 47.26
dog 0.523682 0.00 119.39 11.77 185.63
dog 0.523597 125.61 83.03 141.94 140.23
car 0.523587 0.00 38.38 211.20 213.89
bird 0.523527 155.64 135.56 198.98 168.39
chair 0.523493 0.00 98.07 82.06 205.05
sheep 0.523486 68.06 190.16 87.11 214.98
dog 0.523425 33.04 40.93 80.85 111.51
dog 0.523417 69.69 98.62 91.36 157.37
aeroplane 0.523375 215.76 37.90 224.00 74.10
sheep 0.523329 13.67 114.81 64.96 192.24
dog 0.523313 74.49 83.52 99.98 141.03
dog 0.523233 120.64 82.25 137.98 142.71
aeroplane 0.523186 149.74 61.16 209.09 99.27
dog 0.523174 0.00 106.94 16.58 175.40
dog 0.523149 215.47 0.00 224.00 29.88
sheep 0.523122 89.72 183.58 116.35 218.97
aeroplane 0.522986 207.11 80.08 224.00 118.24
sheep 0.522848 24.06 132.81 71.09 196.82
aeroplane 0.522791 211.77 67.93 224.00 110.13
bird 0.522566 0.00 35.32 34.49 90.27
sheep 0.522453 7.02 40.04 49.50 92.91
dog 0.522427 102.52 99.35 118.50 157.24
aeroplane 0.522409 200.23 146.77 224.00 186.96
sheep 0.522324 35.78 43.43 86.78 102.41
bottle 0.522293 0.00 197.57 15.13 224.00
aeroplane 0.522275 95.58 48.18 224.00 160.69
aeroplane 0.522274 151.08 84.78 209.75 124.71
dog 0.522250 20.05 48.54 62.95 128.93
dog 0.522171 218.52 0.00 224.00 38.56
dog 0.522086 9.05 95.07 53.78 140.74
sheep 0.522074 37.17 147.83 76.68 195.91
aeroplane 0.522063 204.02 169.76 224.00 204.22
sheep 0.522040 3.51 60.87 42.13 116.49
bird 0.521951 0.00 10.55 9.21 56.07
dog 0.521896 84.49 69.93 118.22 126.26
bird 0.521883 162.80 144.08 204.46 170.65
sheep 0.521859 54.37 154.41 85.75 193.43
sheep 0.521838 183.37 0.00 218.03 19.15
aeroplane 0.521815 171.25 127.48 224.00 153.98
bird 0.521811 30.74 0.00 67.75 38.27
sheep 0.521773 0.00 40.09 38.56 99.02
sheep 0.521721 44.17 182.91 69.72 216.44
sheep 0.521716 196.70 0.00 224.00 19.51
dog 0.521698 16.89 84.04 64.39 162.05
sheep 0.521698 147.96 71.28 203.98 111.96
bird 0.521629 0.00 0.00 13.76 31.60
bird 0.521558 0.00 0.80 9.39 43.83
aeroplane 0.521553 158.94 107.80 209.35 133.56
dog 0.521547 82.71 90.45 108.62 148.47
dog 0.521473 111.71 93.01 127.78 151.78
aeroplane 0.521447 88.47 0.00 137.41 13.82
sheep 0.521443 128.01 193.14 163.27 219.93
dog 0.521437 100.30 63.58 127.92 123.91
dog 0.521266 88.82 108.12 109.09 169.43
sheep 0.521246 34.00 159.10 69.79 210.63
dog 0.521227 71.45 53.93 118.71 110.82
dog 0.521216 185.99 0.00 224.00 62.56
dog 0.521202 93.81 54.41 126.86 114.79
dog 0.521199 72.50 74.55 107.45 133.02
aeroplane 0.521169 202.94 156.94 224.00 196.77
dog 0.521165 77.64 97.86 100.10 156.67
bird 0.521113 196.02 131.20 224.00 217.33
sheep 0.521097 77.15 163.80 100.71 199.59
aeroplane 0.521071 162.07 21.57 207.89 58.09
aeroplane 0.521047 150.87 52.77 209.68 87.79
train 0.521030 89.87 20.66 216.45 143.75
dog 0.520977 8.50 98.71 177.89 218.36
aeroplane 0.520964 177.40 23.71 213.39 57.35
sheep 0.520931 77.59 195.56 109.07 224.00
bottle 0.520895 0.00 186.63 25.27 224.00
dog 0.520849 0.00 98.16 22.91 159.69
dog 0.520825 0.00 136.37 39.52 199.91
dog 0.520822 56.57 84.97 83.01 143.55
sheep 0.520801 51.80 178.66 75.97 210.49
dog 0.520761 80.60 121.11 102.86 180.18
aeroplane 0.520726 133.71 0.00 181.35 15.93
sheep 0.520721 117.78 180.51 155.43 211.62
dog 0.520698 149.05 83.79 204.17 124.63
sheep 0.520681 20.74 155.80 48.48 210.65
sheep 0.520634 35.35 177.57 65.58 217.12
dog 0.520632 107.29 122.91 130.75 185.44
dog 0.520602 81.11 138.02 104.52 191.98
aeroplane 0.520574 103.67 0.00 148.95 14.52
aeroplane 0.520564 149.09 13.37 198.95 36.37
sheep 0.520544 144.39 131.25 185.69 175.00
dog 0.520497 110.54 110.84 129.69 171.55
sheep 0.520485 11.61 57.92 57.93 117.81
sheep 0.520483 169.55 0.00 210.30 21.09
dog 0.520444 0.00 138.08 10.10 200.89
bird 0.520385 35.13 0.00 70.22 12.92
sheep 0.520328 57.51 34.26 109.03 78.40
dog 0.520302 89.46 121.74 110.51 181.85
aeroplane 0.520209 134.12 24.58 182.53 57.86
sheep 0.520141 77.20 181.61 104.02 209.82
bottle 0.520106 0.00 201.31 26.77 224.00
person 0.520061 5.41 115.58 106.59 221.40
dog 0.519917 120.97 94.05 143.19 154.16
bird 0.519881 159.70 124.67 210.85 152.69
sheep 0.519847 147.63 61.79 204.54 100.13
dog 0.519795 128.57 85.84 146.02 136.87
aeroplane 0.519774 129.65 23.68 163.20 55.64
bird 0.519735 22.07 0.75 99.06 103.61
dog 0.519694 127.38 63.10 141.83 111.73
bird 0.519692 22.85 36.22 65.68 94.29
aeroplane 0.519659 67.59 17.95 112.66 50.97
dog 0.519466 99.22 122.67 118.06 183.52
dog 0.519449 0.00 161.90 10.11 216.25
aeroplane 0.519398 182.10 47.13 218.60 85.31
aeroplane 0.519300 148.45 17.29 200.20 45.42
sheep 0.519286 66.06 183.01 87.32 209.38
sheep 0.519257 54.51 198.06 77.81 224.00
dog 0.519256 2.66 95.07 47.39 156.53
bird 0.519225 8.39 0.00 78.25 62.21
sheep 0.519224 19.96 177.72 49.25 218.01
dog 0.519181 72.53 137.18 94.75 187.82
bird 0.519106 194.35 164.54 224.00 224.00
bird 0.519068 25.61 22.80 65.11 74.85
cat 0.519037 7.35 85.54 45.08 129.79
dog 0.519024 118.00 66.77 136.85 128.19
dog 0.518960 126.44 55.31 141.03 100.52
dog 0.518934 71.11 119.67 92.83 178.35
dog 0.518906 139.44 92.12 171.55 132.15
dog 0.518903 113.77 57.56 135.14 116.21
bird 0.518744 13.84 42.63 56.78 94.31
dog 0.518734 37.01 82.18 69.48 147.25
aeroplane 0.518703 178.88 58.54 220.04 98.97
bird 0.518701 21.13 0.00 57.63 13.65
sheep 0.518691 65.13 197.70 89.67 224.00
sheep 0.518689 148.02 53.76 204.99 89.22
sheep 0.518680 98.57 195.04 128.69 224.00
aeroplane 0.518657 169.15 146.36 224.00 181.33
sheep 0.518567 5.40 95.97 46.21 140.49
bird 0.518565 21.99 22.97 155.22 143.64
bird 0.518515 162.03 196.71 200.04 217.86
aeroplane 0.518436 147.02 24.39 201.01 55.65
aeroplane 0.518270 137.43 32.32 180.59 64.57
aeroplane 0.518208 184.00 35.73 216.32 70.77
aeroplane 0.518188 143.04 34.32 194.37 66.28
bird 0.518180 51.84 0.00 87.43 12.48
sheep 0.518175 62.38 26.90 110.18 65.33
sheep 0.518172 3.35 0.00 34.06 15.52
train 0.518109 116.48 0.00 193.74 63.09
bird 0.518093 29.99 11.41 65.63 53.43
dog 0.518091 12.13 145.54 48.17 203.55
sheep 0.518009 131.19 31.47 158.05 61.88
dog 0.517950 58.56 62.85 86.86 121.53
aeroplane 0.517868 128.17 16.64 165.87 47.66
aeroplane 0.517838 58.02 0.00 151.42 75.56
bird 0.517799 138.49 194.64 172.18 217.40
dog 0.517775 128.47 116.10 168.97 169.76
sheep 0.517774 30.12 94.50 70.53 172.44
aeroplane 0.517733 61.44 0.00 100.47 12.94
aeroplane 0.517733 188.09 24.70 218.38 56.50
bird 0.517642 151.71 206.01 194.36 224.00
aeroplane 0.517623 127.38 7.16 164.08 37.06
sheep 0.517603 45.62 165.12 75.32 207.60
dog 0.517563 135.24 60.34 150.32 98.56
sheep 0.517498 156.39 121.88 204.09 156.26
sheep 0.517428 84.32 193.16 118.59 224.00
dog 0.517409 146.07 61.90 199.73 100.71
aeroplane 0.517379 105.15 0.00 182.25 60.30
dog 0.517368 36.53 52.43 72.24 118.85
sheep 0.517356 33.67 121.53 74.99 187.89
sheep 0.517350 26.52 193.49 64.38 224.00
dog 0.517301 146.91 71.05 199.10 111.91
aeroplane 0.517247 170.41 35.12 211.38 73.25
aeroplane 0.517180 123.80 24.93 145.18 52.52
aeroplane 0.517118 104.84 98.07 224.00 199.28
bird 0.517097 27.87 0.00 68.23 21.57
aeroplane 0.517068 123.36 7.11 151.66 33.86
aeroplane 0.517057 176.83 71.42 221.08 111.49
bottle 0.517049 20.46 193.70 58.98 224.00
sheep 0.517048 0.00 175.43 29.28 218.81
sheep 0.517044 157.22 0.00 206.58 25.23
bird 0.517039 0.00 13.95 17.44 55.56
bird 0.517003 153.03 195.36 189.97 217.79
sheep 0.516989 13.42 0.00 47.56 13.65
dog 0.516976 50.46 94.70 79.23 159.34
aeroplane 0.516965 174.21 85.12 222.86 120.86
sheep 0.516949 9.07 182.79 39.12 219.97
dog 0.516946 156.46 105.99 204.60 136.89
sheep 0.516912 43.94 196.63 71.83 224.00
aeroplane 0.516894 150.19 42.53 208.53 75.23
dog 0.516893 0.00 162.56 33.21 213.18
aeroplane 0.516867 131.78 16.78 183.03 49.54
dog 0.516840 110.03 50.16 132.65 103.70
dog 0.516695 133.22 109.76 171.76 156.08
sheep 0.516651 148.87 124.53 194.40 167.44
dog 0.516409 156.70 113.61 203.51 145.04
dog 0.516396 135.19 68.35 149.49 108.88
aeroplane 0.516346 123.83 16.23 149.86 43.76
dog 0.516322 142.55 61.87 177.49 99.56
dog 0.516209 124.31 34.10 140.18 59.57
bird 0.516091 171.45 187.41 208.21 206.94
aeroplane 0.516083 61.35 23.49 111.00 59.55
dog 0.515831 142.71 70.77 176.21 110.26
bird 0.515691 37.81 0.00 77.20 34.84
aeroplane 0.515663 122.01 0.00 153.00 22.88
sheep 0.515642 62.68 170.95 86.09 206.15
bird 0.515614 164.65 149.12 201.33 177.09
sheep 0.515609 20.40 24.77 60.57 71.19
dog 0.515483 51.81 113.11 80.36 178.57
sheep 0.515132 72.28 12.30 119.58 38.56
aeroplane 0.515096 113.88 5.97 140.71 33.43
bottle 0.515086 5.00 199.76 38.22 224.00
sheep 0.515001 133.12 137.82 175.33 185.14
aeroplane 0.514991 124.89 0.00 203.45 62.78
bird 0.514971 12.62 37.27 49.41 83.36
aeroplane 0.514866 63.62 0.00 119.59 26.95
aeroplane 0.514855 193.25 36.44 221.93 70.66
bird 0.514804 37.23 10.75 76.48 49.02
dog 0.514749 116.47 36.40 128.05 59.25
aeroplane 0.514736 85.65 4.20 123.09 36.48
aeroplane 0.514722 115.89 25.72 131.08 51.41
sheep 0.514718 70.84 42.57 116.84 86.92
dog 0.514660 134.61 50.61 150.83 83.11
sheep 0.514637 141.37 52.70 178.30 86.08
sheep 0.514572 69.39 20.50 114.40 52.22
bird 0.514518 120.46 116.23 224.00 215.21
dog 0.514478 133.26 76.56 148.20 124.39
bird 0.514460 163.28 185.72 199.46 206.95
sheep 0.514460 132.96 40.36 153.33 69.13
dog 0.514389 141.36 80.47 175.17 124.62
aeroplane 0.514355 115.91 15.96 135.81 42.31
bird 0.514336 36.56 21.62 77.26 69.32
dog 0.514175 126.83 47.64 138.34 82.13
sheep 0.514164 133.34 183.54 170.09 207.91
sheep 0.514119 139.53 41.02 179.49 72.53
sheep 0.514021 9.83 170.48 43.40 212.52
sheep 0.513961 99.91 36.23 118.95 59.75
aeroplane 0.513866 105.75 11.70 215.49 121.91
dog 0.513835 126.11 41.84 137.30 66.71
bird 0.513814 156.66 144.07 192.45 179.91
aeroplane 0.513764 136.46 8.41 189.63 38.37
bird 0.513687 33.61 35.15 77.37 88.88
bird 0.513528 54.35 13.60 89.40 45.38
aeroplane 0.513484 169.06 13.34 209.36 43.94
bird 0.513292 152.66 184.32 188.88 207.03
sheep 0.513275 79.07 34.06 113.31 62.93
aeroplane 0.513244 171.35 0.29 209.80 32.52
aeroplane 0.513219 95.91 24.70 119.25 51.78
sheep 0.513142 23.32 0.00 63.62 20.55
aeroplane 0.513097 191.97 12.26 215.20 44.56
aeroplane 0.513077 91.00 14.37 120.33 43.63
aeroplane 0.513058 125.95 0.00 172.53 24.46
dog 0.512954 152.13 116.88 199.35 158.77
sheep 0.512918 195.99 0.00 216.67 34.43
sheep 0.512869 76.90 40.26 114.27 72.59
bird 0.512853 135.45 160.15 224.00 224.00
bird 0.512810 39.36 0.00 77.63 17.07
bird 0.512791 54.31 23.70 88.69 63.19
dog 0.512719 116.07 43.35 127.50 66.73
bird 0.512657 3.84 3.31 23.43 34.51
bird 0.512650 173.10 172.80 209.76 195.39
sheep 0.512605 92.47 43.93 121.42 84.59
bird 0.512457 165.75 158.59 201.23 185.51
sheep 0.512376 98.58 42.58 119.46 68.15
bird 0.512235 10.93 27.36 44.00 67.10
bird 0.512226 53.08 1.07 91.23 31.42
dog 0.512185 112.94 45.50 128.84 83.46
bird 0.512136 68.02 13.64 108.85 39.70
sheep 0.512080 135.33 0.00 211.52 62.25
aeroplane 0.512073 109.39 0.00 144.79 22.41
bird 0.512014 1.65 17.32 24.71 52.02
bird 0.511820 165.25 171.56 201.05 195.62
sheep 0.511554 155.01 153.55 191.75 188.23
sheep 0.511497 129.12 163.93 170.78 201.44
sheep 0.511461 49.63 34.72 89.05 81.18
aeroplane 0.511178 81.19 0.00 126.94 24.33
sheep 0.510743 17.57 1.85 47.77 31.97
sheep 0.510699 152.87 168.00 190.72 197.80
bird 0.510192 68.25 1.85 112.13 27.27
bird 0.510071 14.11 16.67 44.53 50.12
sheep 0.509492 63.99 0.00 107.77 14.00
