pottedplant 0.598426 91.24 51.70 213.70 212.89
bird 0.580974 77.74 97.04 180.42 181.80
pottedplant 0.575695 120.23 63.07 207.25 143.25
boat 0.572256 55.86 52.64 205.62 224.00
bird 0.569246 54.64 102.51 152.58 195.35
boat 0.565291 61.69 114.60 125.19 197.20
boat 0.562189 115.29 110.57 211.36 192.60
pottedplant 0.561756 38.26 39.87 224.00 224.00
bird 0.558696 44.59 109.38 131.44 184.30
bottle 0.557386 113.00 98.14 209.97 187.59
pottedplant 0.555496 114.72 84.22 207.82 171.51
bird 0.554805 102.48 87.78 197.39 174.31
pottedplant 0.553593 111.42 58.11 224.00 179.96
boat 0.553432 96.68 93.68 198.51 183.48
boat 0.553286 70.75 19.91 99.64 36.05
bottle 0.552985 117.19 51.80 203.39 140.34
bird 0.550555 69.14 109.20 148.23 172.86
boat 0.550380 67.84 75.74 184.22 199.83
bird 0.548740 61.61 120.88 115.50 193.86
boat 0.548379 69.86 78.92 101.88 104.51
bird 0.548122 120.17 64.77 199.53 122.01
bottle 0.546507 129.31 125.98 210.10 193.41
boat 0.545276 47.11 119.93 121.64 180.45
boat 0.543873 77.43 80.88 122.71 116.17
bottle 0.542856 220.00 80.42 222.98 131.14
tvmonitor 0.542596 217.51 144.54 224.00 191.48
pottedplant 0.541779 127.03 56.18 215.16 115.52
boat 0.541026 55.21 134.19 109.82 183.23
boat 0.540448 72.56 79.96 113.63 108.32
boat 0.540446 118.96 68.72 179.02 119.22
boat 0.539306 105.96 55.25 218.37 157.03
pottedplant 0.537961 138.00 77.85 224.00 206.04
bottle 0.537944 218.48 146.04 224.00 197.53
bird 0.537917 77.45 90.75 142.77 152.38
boat 0.537858 58.64 112.29 199.29 205.12
bird 0.537026 78.15 81.17 127.45 122.06
bird 0.536986 68.37 78.91 168.37 204.05
boat 0.536486 210.17 0.00 224.00 23.95
boat 0.536408 79.81 57.68 190.81 165.89
bottle 0.536349 220.00 71.64 224.00 122.93
bird 0.535558 74.37 78.43 137.56 134.45
boat 0.535499 113.57 172.43 177.54 204.71
boat 0.534446 113.93 184.43 172.78 209.82
bird 0.534064 89.63 76.33 124.47 117.63
boat 0.534030 56.05 150.78 102.45 191.72
boat 0.533528 68.14 21.63 94.37 40.71
bird 0.533149 92.01 98.50 152.99 155.04
boat 0.532940 104.53 123.52 191.72 197.58
person 0.532607 0.00 202.72 17.85 224.00
boat 0.532603 42.51 20.65 59.83 36.31
bottle 0.532510 153.07 144.40 211.84 187.81
boat 0.532108 64.25 20.66 88.24 36.91
boat 0.531806 38.74 20.55 55.15 36.21
bottle 0.531709 167.11 209.96 215.53 224.00
boat 0.531649 73.29 121.19 140.30 175.78
bottle 0.531645 213.88 201.84 224.00 224.00
bird 0.531454 86.85 92.12 136.87 132.30
boat 0.531392 65.26 77.19 89.57 101.06
aeroplane 0.531311 131.01 45.07 207.88 106.42
boat 0.531298 69.64 17.76 103.68 31.85
bird 0.531195 111.60 66.68 170.58 130.78
bird 0.530894 0.00 206.64 26.37 224.00
bottle 0.530454 220.00 157.73 224.00 213.12
bird 0.530244 40.77 208.19 83.68 224.00
bird 0.530156 34.66 209.18 71.02 224.00
pottedplant 0.530086 58.10 140.89 191.78 219.78
bottle 0.530009 218.45 133.53 224.00 175.90
bottle 0.529788 220.00 54.60 224.00 108.39
bird 0.529785 97.80 89.02 147.92 138.24
bottle 0.529599 133.13 46.97 206.22 108.01
bottle 0.529277 220.00 89.84 224.00 146.83
boat 0.529210 0.00 0.86 150.26 203.03
bird 0.529192 102.71 93.75 168.04 161.37
boat 0.529163 69.45 77.16 117.94 125.57
boat 0.529083 57.47 58.39 161.59 176.81
bird 0.529056 103.10 77.14 152.08 126.95
boat 0.528980 112.04 192.58 170.85 218.89
boat 0.528951 125.41 0.00 157.73 16.35
boat 0.528943 112.09 201.49 169.80 224.00
boat 0.528904 36.86 16.08 55.19 32.36
boat 0.528782 97.31 0.00 132.17 18.04
aeroplane 0.528618 0.00 83.62 17.09 121.29
bird 0.528605 91.25 120.21 174.72 185.03
boat 0.528460 112.46 156.92 186.81 203.15
bird 0.528431 5.44 209.42 34.99 224.00
boat 0.528255 86.82 0.00 124.87 19.18
dog 0.528090 0.00 154.28 14.37 191.74
aeroplane 0.527954 136.48 34.22 204.78 90.43
boat 0.527783 138.12 18.92 160.42 39.08
boat 0.527764 0.00 0.00 19.63 24.20
bird 0.527742 0.00 60.43 36.68 174.17
aeroplane 0.527606 157.70 25.97 197.54 58.51
bird 0.527595 133.60 50.51 213.66 105.34
dog 0.527583 0.00 171.37 52.79 224.00
pottedplant 0.527548 0.00 49.51 39.03 156.99
boat 0.527470 89.17 205.58 138.53 224.00
boat 0.527428 87.20 70.78 120.21 110.34
pottedplant 0.527252 56.86 0.00 224.00 182.10
boat 0.527238 74.88 0.00 111.58 19.65
boat 0.527093 62.30 112.83 108.62 178.95
aeroplane 0.527019 148.45 27.55 200.67 67.91
boat 0.527013 76.83 46.64 103.70 76.37
bottle 0.526951 220.00 119.96 224.00 172.14
bottle 0.526947 43.86 76.62 62.86 98.86
boat 0.526875 50.37 21.13 72.24 36.18
boat 0.526850 70.93 46.71 94.98 76.17
boat 0.526706 96.36 190.05 151.38 210.91
bird 0.526705 82.68 204.64 128.69 224.00
bird 0.526703 22.17 209.22 55.40 224.00
bottle 0.526684 35.97 69.78 55.18 91.85
boat 0.526660 132.91 17.91 151.96 36.36
bird 0.526604 37.46 76.01 55.61 98.51
boat 0.526553 108.45 0.00 140.73 17.28
dog 0.526525 12.95 160.06 26.86 185.56
bottle 0.526508 41.41 16.46 60.07 31.76
boat 0.526476 42.26 86.43 63.65 122.30
bottle 0.526417 220.00 38.85 224.00 87.85
bottle 0.526391 42.08 70.41 62.20 91.78
bottle 0.526371 203.62 144.59 224.00 188.81
bottle 0.526353 150.08 206.77 203.00 224.00
bird 0.526301 96.16 79.65 141.80 120.15
bottle 0.526280 220.00 178.50 224.00 222.81
bird 0.526275 35.65 94.25 57.88 124.92
boat 0.526230 64.61 79.05 88.51 114.65
pottedplant 0.526209 0.00 80.56 144.18 224.00
bird 0.526173 56.27 205.07 98.22 224.00
bird 0.526145 13.58 209.88 45.95 224.00
boat 0.526096 114.53 70.40 163.44 113.56
dog 0.526090 7.88 158.40 23.12 187.26
tvmonitor 0.525986 164.81 172.17 224.00 224.00
boat 0.525985 134.93 132.98 212.49 193.36
aeroplane 0.525877 0.00 91.88 16.16 133.34
bird 0.525586 108.07 81.05 166.45 145.45
bottle 0.525542 203.57 203.95 224.00 224.00
bird 0.525491 60.36 165.43 96.29 200.29
dog 0.525422 0.00 163.98 14.30 202.13
boat 0.525286 59.18 163.92 98.73 199.49
boat 0.525281 73.59 22.85 108.61 41.67
boat 0.525147 50.25 2.73 224.00 201.39
bird 0.525137 29.04 47.44 219.97 214.49
bottle 0.525136 218.30 191.40 224.00 224.00
cow 0.525073 0.00 128.93 14.03 170.16
boat 0.525049 93.20 178.57 147.51 206.31
boat 0.525033 147.03 21.44 172.54 41.86
boat 0.524961 64.35 0.00 95.13 21.76
bottle 0.524946 163.91 186.32 205.78 212.96
boat 0.524942 184.13 0.00 224.00 61.28
pottedplant 0.524921 154.82 119.82 224.00 205.94
boat 0.524802 69.61 24.52 97.98 48.52
boat 0.524789 82.96 45.75 111.95 76.31
boat 0.524777 0.00 0.00 42.94 46.97
boat 0.524686 68.04 78.63 100.77 121.69
boat 0.524609 60.48 111.64 95.25 169.24
boat 0.524546 138.73 23.77 163.87 44.01
bottle 0.524491 55.81 77.04 78.57 99.37
boat 0.524415 63.17 18.10 88.46 32.17
aeroplane 0.524399 12.57 153.91 26.24 180.70
bird 0.524388 119.89 71.59 191.61 149.87
aeroplane 0.524381 8.92 88.86 28.18 116.26
boat 0.524337 32.52 0.00 59.87 22.30
boat 0.524271 78.47 33.63 111.84 62.48
boat 0.524229 67.68 135.44 126.70 183.10
aeroplane 0.524150 26.34 158.21 43.10 185.62
boat 0.524134 44.00 80.79 62.99 109.99
boat 0.524102 78.95 0.00 160.76 42.73
dog 0.524031 0.00 138.91 14.00 178.76
pottedplant 0.523993 50.38 162.09 141.06 224.00
aeroplane 0.523991 7.80 134.36 21.71 167.63
bird 0.523983 68.47 82.02 123.05 142.62
boat 0.523951 54.17 81.35 77.08 117.48
bottle 0.523924 63.52 74.32 88.61 96.86
bottle 0.523898 129.74 83.95 203.55 150.11
aeroplane 0.523898 0.00 110.28 14.76 151.86
pottedplant 0.523851 87.37 121.68 197.99 208.45
bottle 0.523777 65.97 47.09 87.17 76.33
bird 0.523745 18.53 178.08 96.33 224.00
boat 0.523722 39.57 0.00 66.92 21.98
pottedplant 0.523662 91.40 155.16 199.11 224.00
bottle 0.523551 220.00 25.83 224.00 70.06
aeroplane 0.523544 15.17 89.62 32.32 112.52
aeroplane 0.523526 28.16 91.19 51.59 116.74
aeroplane 0.523525 27.82 164.91 44.27 191.42
boat 0.523515 70.13 65.16 96.20 91.71
aeroplane 0.523451 7.98 124.97 22.20 157.65
boat 0.523380 87.17 186.62 136.80 210.35
dog 0.523376 0.00 182.36 12.77 218.29
bird 0.523370 36.54 84.18 56.79 114.28
boat 0.523365 153.78 26.38 192.64 50.54
boat 0.523361 56.63 0.00 86.44 21.78
bird 0.523344 67.54 203.56 109.03 224.00
boat 0.523344 136.09 0.00 171.45 15.48
bottle 0.523338 166.03 202.26 210.40 224.00
aeroplane 0.523278 35.73 162.42 52.63 191.81
boat 0.523214 0.00 9.36 14.58 38.36
bottle 0.523202 168.54 144.38 216.40 181.28
bird 0.523197 62.61 141.13 107.09 186.67
boat 0.523197 69.81 4.31 104.28 28.57
boat 0.523194 85.66 157.78 140.09 199.90
aeroplane 0.523154 12.33 146.37 25.30 174.33
boat 0.523057 146.15 25.67 178.67 46.78
boat 0.523053 133.23 22.89 152.66 41.84
cow 0.523044 7.94 144.00 21.85 176.53
aeroplane 0.523039 12.01 137.23 24.92 165.14
boat 0.523004 69.64 31.54 96.28 60.55
bird 0.522906 0.00 93.69 28.85 195.19
boat 0.522831 4.94 20.88 24.07 40.08
aeroplane 0.522817 19.73 159.12 34.20 184.54
bird 0.522806 58.61 124.38 99.56 183.73
boat 0.522762 124.82 147.84 203.80 199.17
aeroplane 0.522727 36.59 172.01 52.41 197.97
boat 0.522705 73.61 26.15 110.51 50.41
boat 0.522677 47.19 0.00 76.41 21.79
boat 0.522676 75.84 64.20 105.44 93.27
boat 0.522670 74.15 154.99 127.83 195.33
bottle 0.522632 117.46 202.16 176.56 224.00
boat 0.522601 4.10 14.55 24.09 34.55
boat 0.522592 104.11 70.94 148.38 113.10
bird 0.522558 38.07 170.73 115.82 224.00
bird 0.522513 27.75 71.77 47.45 91.47
bottle 0.522441 131.42 204.01 189.23 224.00
bottle 0.522428 53.81 72.92 77.48 93.56
aeroplane 0.522390 38.00 181.13 51.91 204.04
bottle 0.522384 35.65 60.12 54.10 83.05
aeroplane 0.522289 21.28 91.86 44.67 115.63
aeroplane 0.522265 12.23 127.63 25.08 154.54
bottle 0.522259 90.47 61.48 119.88 100.39
boat 0.522229 83.63 62.55 114.36 96.81
boat 0.522154 119.02 40.00 224.00 115.53
bird 0.522074 0.00 73.57 17.41 106.53
pottedplant 0.522070 123.72 105.33 214.39 198.60
bottle 0.522045 65.28 65.55 89.71 91.73
boat 0.522021 80.17 18.48 112.52 37.83
boat 0.521960 138.29 28.62 168.51 52.54
dog 0.521952 7.30 167.01 22.65 196.02
boat 0.521947 189.31 0.00 218.47 17.60
bottle 0.521910 0.00 18.32 31.71 131.56
bird 0.521900 34.94 3.37 56.85 27.15
boat 0.521834 173.63 0.00 206.36 16.20
boat 0.521827 81.73 174.38 133.04 203.76
pottedplant 0.521746 140.97 38.22 222.22 119.24
bird 0.521739 56.40 180.05 89.12 210.88
bird 0.521739 66.95 96.69 127.33 162.23
boat 0.521728 0.00 56.73 15.02 88.46
dog 0.521684 0.00 134.44 40.96 224.00
dog 0.521678 5.56 175.27 21.45 204.42
aeroplane 0.521675 20.03 165.30 34.89 189.74
boat 0.521665 127.95 17.81 144.63 33.61
boat 0.521639 97.98 138.62 171.07 195.61
boat 0.521632 156.59 23.75 186.59 45.28
bottle 0.521628 88.74 45.10 117.85 76.25
aeroplane 0.521621 13.29 79.99 30.72 100.96
bird 0.521614 12.25 71.61 29.73 93.01
boat 0.521599 49.69 87.36 75.41 129.89
bird 0.521583 28.87 78.66 48.17 97.55
bottle 0.521576 158.79 170.02 205.59 203.15
bottle 0.521541 41.63 61.16 61.29 83.64
boat 0.521531 32.95 22.30 50.74 35.46
aeroplane 0.521525 11.45 61.98 29.33 83.61
bird 0.521476 60.76 155.72 100.72 192.94
aeroplane 0.521451 8.61 115.00 23.19 147.20
boat 0.521399 145.17 29.99 184.82 55.48
aeroplane 0.521374 13.91 97.04 30.61 123.82
boat 0.521326 127.95 66.01 190.25 107.98
boat 0.521298 65.82 84.03 101.36 137.14
boat 0.521283 131.69 28.05 153.57 50.06
aeroplane 0.521244 44.86 179.61 66.87 202.58
aeroplane 0.521237 9.06 95.65 26.68 126.86
bottle 0.521208 142.25 79.20 204.48 128.64
boat 0.521175 220.00 9.79 224.00 51.17
bird 0.521124 0.00 65.62 16.14 97.93
bird 0.521084 0.00 195.43 14.04 224.00
boat 0.521077 60.46 85.18 86.67 133.20
aeroplane 0.521075 13.12 116.79 26.48 143.40
boat 0.521074 146.40 0.00 180.52 15.62
bird 0.521067 7.04 79.18 25.47 103.87
aeroplane 0.521059 13.68 23.20 31.48 36.92
bird 0.521056 5.29 61.24 23.75 85.39
boat 0.521055 118.18 16.86 131.54 34.86
sheep 0.521027 4.10 185.35 20.58 213.64
aeroplane 0.521004 29.51 173.15 44.81 197.44
boat 0.520962 0.00 21.36 14.16 51.11
dog 0.520961 13.04 171.04 26.83 195.61
boat 0.520914 0.00 47.54 13.88 79.76
bird 0.520861 4.97 50.95 22.77 75.91
bird 0.520857 28.49 86.97 50.27 110.79
boat 0.520831 49.04 17.72 72.85 30.80
bird 0.520824 20.12 72.20 38.76 91.05
bird 0.520793 43.78 100.23 67.47 133.27
pottedplant 0.520736 133.68 165.86 220.66 224.00
boat 0.520613 135.30 10.15 157.40 28.51
bird 0.520604 6.42 70.68 24.11 95.03
boat 0.520598 125.61 27.82 143.34 49.43
boat 0.520578 117.77 22.64 132.25 42.33
boat 0.520535 24.74 0.00 53.60 21.34
boat 0.520531 31.22 17.37 51.45 31.33
boat 0.520528 115.01 27.65 132.42 50.68
boat 0.520507 127.79 22.90 144.56 40.36
bottle 0.520479 11.50 0.00 80.00 32.58
aeroplane 0.520456 25.85 151.86 41.98 180.11
aeroplane 0.520430 11.80 50.81 27.75 72.89
boat 0.520422 131.42 9.50 151.78 27.06
boat 0.520420 97.38 17.04 120.23 37.26
bird 0.520268 29.42 83.25 49.19 104.76
boat 0.520259 112.96 0.00 207.06 67.30
bottle 0.520222 43.69 27.37 60.05 46.09
boat 0.520197 64.43 98.90 103.14 155.27
boat 0.520180 93.83 27.27 122.10 51.66
boat 0.520162 97.01 198.02 152.20 222.38
boat 0.520126 5.81 24.86 23.68 45.52
bottle 0.520115 212.00 79.90 221.13 125.20
aeroplane 0.520081 45.44 168.90 71.04 196.38
boat 0.519989 60.26 98.29 88.37 147.12
boat 0.519971 40.33 3.97 62.40 26.98
bird 0.519948 19.59 62.30 37.87 82.15
boat 0.519942 112.48 34.48 132.42 60.37
bird 0.519917 27.52 61.53 46.20 82.62
aeroplane 0.519910 38.71 189.23 52.56 210.58
bottle 0.519909 96.58 61.80 126.61 103.59
bird 0.519873 43.48 188.59 63.41 210.02
bottle 0.519818 186.91 83.31 212.24 122.20
boat 0.519790 28.71 0.00 100.59 33.34
bottle 0.519770 61.00 48.56 81.04 74.97
boat 0.519751 85.61 137.21 153.96 189.87
boat 0.519736 123.71 36.54 143.28 61.35
pottedplant 0.519727 107.80 42.41 212.60 122.84
boat 0.519725 79.20 180.15 119.61 209.47
dog 0.519720 12.92 179.52 26.70 203.40
boat 0.519684 93.10 160.50 156.76 202.46
boat 0.519682 136.15 56.51 196.30 96.37
aeroplane 0.519676 13.81 104.60 28.94 132.50
boat 0.519668 49.11 0.00 126.32 38.51
bottle 0.519610 4.98 66.27 81.63 165.49
boat 0.519584 77.79 26.02 173.96 117.80
aeroplane 0.519581 19.73 152.75 33.14 178.81
bird 0.519568 42.78 65.04 121.88 172.72
bird 0.519565 0.00 37.28 13.46 69.70
aeroplane 0.519550 9.32 103.32 25.16 136.22
bird 0.519535 21.59 80.04 39.58 98.20
boat 0.519485 95.68 22.46 120.60 43.89
boat 0.519469 157.01 0.00 190.22 16.16
boat 0.519454 73.61 176.72 106.12 209.25
bird 0.519433 50.78 195.74 87.63 224.00
boat 0.519417 166.59 22.78 196.20 48.33
boat 0.519415 129.59 165.49 197.70 202.06
aeroplane 0.519414 12.93 188.87 26.86 211.83
bottle 0.519380 42.14 47.27 58.97 70.20
aeroplane 0.519350 34.89 148.58 54.16 181.52
aeroplane 0.519251 22.63 85.17 41.51 104.73
bird 0.519205 64.09 174.99 99.14 208.35
aeroplane 0.519172 14.67 26.87 30.16 42.12
bottle 0.519171 0.00 0.00 60.47 38.24
bottle 0.519133 43.06 34.45 59.07 55.45
boat 0.519125 7.50 0.00 37.20 19.84
aeroplane 0.519083 12.46 16.66 32.56 31.35
boat 0.519065 95.05 33.52 123.02 60.27
bottle 0.519040 96.97 45.54 124.40 77.17
bottle 0.519020 37.73 45.64 53.13 68.72
bird 0.518975 38.11 201.75 64.87 224.00
boat 0.518969 131.03 38.85 156.50 63.77
aeroplane 0.518963 24.32 23.68 42.32 35.47
bottle 0.518955 50.63 49.00 69.94 72.81
aeroplane 0.518952 143.66 41.15 201.51 80.30
boat 0.518945 16.13 0.00 46.60 19.70
pottedplant 0.518935 158.88 148.61 224.00 224.00
dog 0.518877 20.81 172.34 35.40 195.84
aeroplane 0.518871 46.84 147.05 79.26 185.45
bottle 0.518870 0.00 49.44 53.40 157.51
aeroplane 0.518869 46.39 156.76 75.49 190.14
bird 0.518756 5.38 39.55 22.65 64.37
boat 0.518750 51.91 99.06 78.76 139.48
boat 0.518743 142.75 42.16 191.07 73.77
bird 0.518740 58.61 141.14 152.07 217.86
boat 0.518736 153.68 182.96 204.84 210.36
bird 0.518724 39.11 112.45 58.49 139.00
aeroplane 0.518717 53.75 174.62 89.91 200.34
bottle 0.518699 51.89 64.06 74.74 86.78
boat 0.518697 0.00 28.02 13.86 59.21
boat 0.518678 76.94 0.00 171.38 75.95
aeroplane 0.518673 31.33 181.54 45.17 203.24
boat 0.518606 108.48 6.79 217.90 100.14
bird 0.518562 9.36 68.28 84.09 173.71
bottle 0.518527 164.64 51.27 215.74 100.79
boat 0.518486 138.37 40.85 175.58 68.29
boat 0.518473 71.60 168.72 114.75 201.05
bottle 0.518459 110.55 47.52 136.40 78.85
aeroplane 0.518452 50.75 184.72 84.23 209.68
bottle 0.518371 220.00 0.00 224.00 37.34
bottle 0.518350 156.52 154.33 208.78 197.67
aeroplane 0.518261 29.70 102.66 50.55 128.23
sheep 0.518258 0.00 169.62 73.59 224.00
boat 0.518092 60.23 4.71 87.49 27.63
aeroplane 0.518080 165.00 25.52 202.88 52.13
aeroplane 0.518007 48.84 133.02 84.78 178.03
aeroplane 0.517923 13.15 39.29 27.77 60.27
bird 0.517833 33.60 201.59 56.68 224.00
bird 0.517716 20.85 49.96 36.32 70.26
aeroplane 0.517660 27.17 144.67 42.47 173.23
boat 0.517481 55.91 112.41 86.36 156.99
aeroplane 0.517465 22.01 181.16 35.76 202.57
boat 0.517465 48.18 4.55 74.03 26.77
bottle 0.517453 40.45 26.88 55.42 44.83
sheep 0.517429 0.00 139.00 69.53 221.47
boat 0.517341 83.88 195.41 125.72 224.00
pottedplant 0.517298 159.27 24.98 223.76 105.73
aeroplane 0.517294 36.71 141.17 57.05 174.70
aeroplane 0.517287 22.92 17.57 43.86 30.04
bottle 0.517284 0.00 0.00 35.69 68.87
aeroplane 0.517275 20.22 145.62 32.33 172.14
boat 0.517254 5.88 30.32 23.20 53.06
boat 0.517180 136.65 179.69 195.39 209.05
boat 0.517171 122.34 50.84 149.50 81.24
boat 0.517152 81.63 12.84 112.93 28.88
bottle 0.517079 106.67 63.39 144.63 104.93
aeroplane 0.516853 22.76 190.26 36.53 210.03
bird 0.516843 48.27 112.78 74.65 145.31
bird 0.516815 28.55 2.43 52.47 25.60
bird 0.516718 50.16 128.39 85.65 170.72
boat 0.516657 142.81 12.03 166.39 30.28
bottle 0.516567 39.70 33.13 54.37 53.92
aeroplane 0.516563 21.87 103.90 40.88 128.93
bottle 0.516501 143.90 40.82 206.42 89.17
aeroplane 0.516495 32.20 190.00 46.25 209.91
bottle 0.516452 204.08 153.95 224.00 205.41
aeroplane 0.516450 20.70 137.12 33.14 162.62
boat 0.516426 175.24 0.00 224.00 89.13
bottle 0.516400 144.45 132.08 212.37 181.49
bottle 0.516347 29.93 47.48 45.57 68.95
aeroplane 0.516323 30.44 114.00 48.56 137.46
bird 0.516272 21.83 103.07 90.16 186.53
bottle 0.516268 212.00 88.47 221.64 141.46
aeroplane 0.516250 39.15 132.95 60.39 164.04
bottle 0.516220 51.38 33.98 70.15 56.00
aeroplane 0.516190 14.56 31.14 28.89 49.14
aeroplane 0.516135 25.44 26.70 41.27 39.33
sheep 0.516133 0.00 94.43 53.11 190.05
boat 0.516084 140.76 0.00 222.05 64.62
bottle 0.516064 205.02 135.06 222.94 174.48
bottle 0.515950 62.31 31.93 83.23 56.93
aeroplane 0.515936 28.96 135.93 44.84 162.47
sheep 0.515832 28.54 141.12 102.52 209.21
bottle 0.515768 135.31 99.30 208.27 165.36
bottle 0.515706 42.48 59.94 116.24 160.80
boat 0.515694 63.91 24.81 86.33 46.63
boat 0.515631 97.61 10.15 120.16 26.37
aeroplane 0.515594 188.28 23.05 210.65 48.31
boat 0.515579 168.75 13.62 192.87 36.82
aeroplane 0.515571 40.13 124.16 60.62 151.18
aeroplane 0.515557 9.34 202.56 29.84 224.00
aeroplane 0.515518 10.09 0.00 34.64 24.29
boat 0.515500 121.04 0.00 146.88 17.88
bird 0.515450 78.49 193.43 113.50 224.00
bottle 0.515380 176.90 66.61 214.41 113.93
bottle 0.515365 172.57 181.31 212.43 212.18
bottle 0.515322 209.16 177.49 224.00 216.24
pottedplant 0.515257 129.41 140.06 212.37 217.25
aeroplane 0.515198 30.29 126.07 46.95 149.76
bottle 0.515194 208.62 192.78 224.00 224.00
boat 0.515188 116.24 10.24 131.15 24.43
boat 0.515156 126.32 10.72 144.15 24.21
bottle 0.515150 52.05 26.38 72.14 46.17
boat 0.515084 130.05 54.60 164.64 85.42
aeroplane 0.515060 182.39 26.96 210.62 56.90
bird 0.515033 50.06 123.27 82.30 159.28
aeroplane 0.514941 21.80 116.14 37.43 139.48
boat 0.514910 156.02 14.85 179.71 33.19
aeroplane 0.514842 21.11 127.71 34.79 151.21
boat 0.514830 125.34 192.66 183.25 223.53
bottle 0.514772 144.82 194.77 198.97 224.00
bird 0.514743 26.98 202.46 50.00 224.00
bird 0.514689 19.91 0.33 45.43 23.70
bottle 0.514682 176.42 91.61 212.27 139.65
boat 0.514611 172.34 21.54 199.82 43.84
bottle 0.514558 177.52 32.75 210.46 67.16
bird 0.514428 67.31 192.07 103.49 224.00
bird 0.514411 23.15 37.81 37.60 55.92
bottle 0.514375 208.12 119.68 222.91 171.72
bottle 0.514338 173.39 40.22 211.92 79.11
bottle 0.514269 0.00 0.00 52.73 110.11
bird 0.514265 18.40 203.34 40.39 224.00
bottle 0.514244 62.67 44.27 145.85 142.64
bottle 0.513960 211.62 101.86 222.49 157.93
bottle 0.513932 168.76 101.73 214.86 158.52
bottle 0.513924 212.00 70.18 224.00 118.54
boat 0.513905 192.03 16.75 208.59 38.54
bottle 0.513627 66.33 16.66 141.56 104.50
bottle 0.513587 10.87 39.33 79.35 142.50
bottle 0.513432 32.87 34.91 47.57 53.72
bottle 0.513391 165.72 120.17 216.50 174.55
bottle 0.513316 212.00 52.87 224.00 104.85
bird 0.513194 25.14 30.33 39.63 45.19
bottle 0.512757 34.38 28.28 49.14 44.00
bottle 0.512526 55.86 0.00 135.92 59.16
bottle 0.512494 0.00 0.00 57.29 63.90
bottle 0.512423 14.68 3.87 76.54 107.16
bottle 0.512307 212.00 32.12 224.00 70.46
bottle 0.512201 45.08 8.90 103.86 103.34
boat 0.511594 212.00 18.35 224.00 53.29
boat 0.511593 168.39 0.00 195.42 22.36
bottle 0.511530 10.23 0.00 78.15 56.46
boat 0.511379 177.61 11.23 198.92 32.17
bottle 0.511192 32.82 0.00 102.28 53.49
boat 0.511003 193.09 5.31 208.04 26.41
boat 0.510651 212.00 10.81 224.00 43.11
