car 0.646090 86.08 96.37 197.19 149.86
car 0.599096 77.66 105.95 186.81 162.41
car 0.585474 64.81 116.82 171.67 174.48
car 0.570673 0.00 136.47 18.89 175.47
car 0.562242 2.20 137.34 30.55 168.53
car 0.562119 59.84 149.54 149.00 200.47
bicycle 0.560841 24.77 172.68 58.68 206.03
car 0.558689 214.64 59.84 223.25 100.96
car 0.558129 127.13 86.32 209.95 133.52
cow 0.553845 25.21 171.56 58.64 205.08
car 0.553716 40.46 142.67 164.17 194.03
car 0.553692 198.39 106.47 224.00 139.72
car 0.550923 188.48 65.46 224.00 132.16
car 0.550512 0.00 60.65 46.75 93.55
car 0.550169 37.87 132.52 108.21 179.41
car 0.549594 39.46 171.97 94.60 205.50
person 0.547811 216.11 31.29 224.00 63.62
car 0.547381 32.98 156.33 158.32 208.42
car 0.547363 32.53 95.78 88.15 131.46
car 0.547255 75.16 137.94 172.57 189.93
car 0.547033 60.16 126.10 152.95 185.69
car 0.546620 212.74 65.87 222.51 109.01
person 0.546294 215.06 38.23 224.00 70.96
car 0.544604 0.00 128.07 21.41 164.06
car 0.544420 201.09 44.01 224.00 122.86
car 0.543584 0.00 159.90 11.27 210.24
car 0.543253 7.01 140.43 34.65 173.85
car 0.542718 196.59 104.60 216.52 134.49
car 0.542081 46.83 71.22 192.02 167.76
car 0.541831 175.06 86.54 224.00 152.99
car 0.541324 93.42 81.28 197.75 136.42
car 0.540443 0.00 117.69 19.88 153.23
car 0.540090 112.02 98.98 209.35 139.03
car 0.539787 0.00 108.24 25.27 143.63
person 0.539500 0.00 164.13 10.94 214.58
car 0.539290 80.69 52.70 224.00 158.45
person 0.538986 214.00 45.80 224.00 83.60
car 0.538600 210.28 60.86 218.59 98.71
car 0.538459 0.35 142.05 15.27 192.08
car 0.538389 52.60 106.51 165.61 151.88
car 0.538284 210.35 76.83 223.07 118.20
person 0.538038 192.38 0.00 224.00 49.91
car 0.537998 201.66 101.06 220.26 132.08
car 0.536210 25.40 148.82 129.66 198.59
person 0.535809 205.20 30.22 224.00 117.85
car 0.535704 206.35 90.79 223.25 129.40
car 0.535528 19.51 163.37 123.53 212.39
person 0.535009 0.00 197.44 15.77 224.00
car 0.534673 0.00 99.71 21.11 137.93
car 0.534621 191.98 171.66 212.16 189.85
car 0.533817 99.16 146.98 170.82 192.02
car 0.533695 0.00 58.16 30.57 133.27
car 0.533527 148.92 67.48 214.49 125.63
car 0.533370 26.74 10.29 77.78 43.31
car 0.533245 22.68 123.82 169.63 224.00
person 0.533166 208.02 32.98 219.55 59.47
car 0.533114 0.00 9.32 16.10 46.63
car 0.532686 0.00 150.88 45.06 218.54
car 0.532368 0.87 104.02 30.33 134.86
car 0.532262 0.00 92.02 28.45 131.42
car 0.532141 1.42 120.37 29.82 152.35
car 0.531971 207.06 205.91 224.00 224.00
car 0.531923 191.43 177.93 212.73 194.76
car 0.531486 5.55 163.41 91.09 219.06
person 0.531375 202.28 61.72 216.09 98.73
car 0.531311 45.20 112.07 148.43 165.83
bicycle 0.531223 1.52 162.41 18.16 207.60
car 0.531201 120.36 124.95 224.00 224.00
person 0.531177 197.55 34.77 211.88 56.19
person 0.531004 140.68 214.12 171.47 224.00
car 0.530602 55.89 162.83 171.73 224.00
car 0.530208 30.53 102.65 96.13 151.24
sheep 0.530159 187.86 210.54 219.46 224.00
person 0.529916 189.50 187.04 224.00 224.00
person 0.529893 202.35 0.00 224.00 78.65
car 0.529883 0.00 0.00 43.61 48.92
car 0.529801 13.65 142.10 51.57 179.70
person 0.529645 209.07 39.20 219.07 66.78
car 0.529644 205.64 167.96 224.00 192.35
cow 0.529590 76.30 204.70 125.63 224.00
person 0.529585 0.00 73.92 24.11 155.18
car 0.529455 207.20 0.00 224.00 19.10
car 0.529422 0.00 136.54 37.10 208.54
car 0.529314 0.00 16.26 19.23 56.55
car 0.529279 109.56 79.88 195.93 121.43
car 0.529220 192.50 113.07 215.19 143.21
car 0.529208 16.04 14.34 55.50 46.34
person 0.529086 0.00 200.77 27.69 224.00
car 0.528993 0.00 164.09 59.21 224.00
person 0.528907 0.00 182.58 12.19 224.00
person 0.528842 209.64 56.30 219.97 93.53
motorbike 0.528780 104.25 209.40 145.58 224.00
cow 0.528693 12.98 165.86 40.72 205.48
aeroplane 0.528618 82.97 206.07 132.44 224.00
car 0.528564 203.52 173.69 224.00 198.20
car 0.528521 191.27 164.44 211.78 184.34
car 0.528454 115.09 109.96 207.03 150.87
person 0.528343 217.45 18.40 224.00 49.06
car 0.528281 56.51 160.40 127.82 203.13
person 0.528224 155.45 214.22 188.00 224.00
person 0.528222 1.41 164.40 18.03 211.01
bicycle 0.528164 23.02 174.22 73.13 210.88
car 0.528104 38.86 156.15 114.73 205.42
car 0.527959 207.63 74.60 218.91 113.72
car 0.527899 5.25 13.72 34.60 44.66
person 0.527832 193.90 60.33 210.74 98.81
car 0.527816 81.01 173.87 183.36 224.00
car 0.527706 139.25 108.11 207.88 143.15
car 0.527498 81.79 87.48 161.92 139.50
car 0.527364 59.06 124.84 210.90 224.00
motorbike 0.527209 114.10 211.07 152.67 224.00
car 0.527162 87.46 81.06 160.69 123.66
car 0.526974 0.00 114.76 29.21 195.82
person 0.526797 191.36 33.36 205.29 53.74
car 0.526738 5.10 112.22 34.60 139.68
car 0.526722 134.59 74.55 203.71 111.53
car 0.526703 30.37 115.42 99.21 166.95
sheep 0.526701 165.06 213.47 198.55 224.00
car 0.526654 0.00 78.51 35.06 123.79
car 0.526591 31.23 141.52 82.51 183.32
car 0.526587 35.56 77.14 80.95 112.78
person 0.526461 124.61 212.63 159.22 224.00
car 0.526413 207.92 159.53 224.00 186.62
car 0.526370 33.03 135.72 134.18 185.27
car 0.526331 0.00 0.00 18.83 29.70
car 0.526301 191.48 184.52 213.56 200.66
car 0.526136 3.04 51.18 55.46 92.00
car 0.526056 33.99 84.99 82.54 125.12
car 0.525995 100.80 124.06 184.43 174.76
person 0.525971 0.00 0.00 103.83 153.86
car 0.525934 204.74 142.23 224.00 224.00
person 0.525876 192.64 105.67 215.34 136.26
car 0.525779 114.13 187.80 198.60 224.00
car 0.525769 14.61 65.34 77.71 99.73
car 0.525764 0.00 22.49 23.80 63.82
person 0.525727 190.11 27.65 204.67 45.81
person 0.525689 199.28 40.92 211.76 63.45
car 0.525677 146.49 193.57 216.42 224.00
car 0.525449 92.31 72.43 149.13 107.07
person 0.525394 208.47 27.97 218.99 53.21
person 0.525311 196.64 29.70 211.63 49.23
car 0.525162 1.08 154.02 19.33 203.18
car 0.524913 35.20 69.79 79.28 103.02
car 0.524893 12.28 18.10 44.81 47.98
person 0.524886 153.68 0.00 214.86 43.34
car 0.524810 84.72 75.87 138.98 116.97
cow 0.524807 25.71 199.47 69.40 224.00
horse 0.524577 20.89 168.06 58.97 209.48
car 0.524508 101.26 72.21 180.75 113.23
car 0.524477 49.46 87.46 104.98 136.45
car 0.524389 8.75 28.96 51.41 68.58
bus 0.524365 0.00 36.22 33.77 107.78
person 0.524362 46.56 197.20 85.68 224.00
person 0.524150 189.95 20.98 203.81 36.50
aeroplane 0.524148 104.57 0.00 170.44 41.52
car 0.524107 202.88 179.58 224.00 204.34
car 0.524104 10.83 19.66 52.63 56.28
car 0.524100 0.32 47.30 40.71 89.39
car 0.524072 197.18 117.03 223.81 153.77
person 0.524068 122.23 0.00 185.66 41.75
car 0.523975 5.22 41.31 49.30 78.92
car 0.523930 194.14 113.01 224.00 198.16
sheep 0.523928 174.57 211.95 210.83 224.00
cow 0.523928 64.12 199.95 107.78 224.00
bus 0.523906 0.00 0.00 108.96 167.07
person 0.523792 22.42 200.81 62.89 224.00
aeroplane 0.523614 106.68 8.97 124.66 25.13
car 0.523540 0.06 67.06 37.93 113.13
person 0.523514 8.59 203.06 41.43 224.00
car 0.523490 13.03 75.24 52.61 133.55
car 0.523487 2.40 0.00 64.15 43.90
horse 0.523476 191.40 0.00 216.40 17.47
sheep 0.523455 191.52 191.69 213.39 208.16
person 0.523426 169.63 191.67 224.00 224.00
car 0.523401 208.22 145.85 224.00 176.75
car 0.523378 146.67 161.49 185.66 184.93
car 0.523299 11.52 105.69 48.25 130.59
horse 0.523218 184.30 0.00 210.14 17.77
boat 0.523196 0.00 13.65 34.46 88.40
car 0.523096 6.40 81.74 143.70 199.36
person 0.523093 209.61 47.65 218.99 80.05
car 0.523035 15.94 10.13 73.15 60.96
car 0.523005 86.17 69.29 130.52 103.44
car 0.522989 16.31 24.48 68.18 73.27
car 0.522909 3.58 26.42 119.94 178.77
car 0.522860 115.33 153.42 175.43 186.02
person 0.522837 216.49 8.55 223.78 32.90
car 0.522794 43.20 90.05 136.96 145.05
car 0.522636 167.23 164.67 195.27 183.30
car 0.522629 77.40 84.45 134.47 132.05
person 0.522612 169.01 63.90 206.88 103.87
car 0.522556 191.56 119.95 214.26 149.95
car 0.522491 17.02 41.09 64.93 82.07
car 0.522459 64.30 69.44 90.01 101.23
car 0.522457 60.90 76.13 92.84 113.03
car 0.522407 16.41 0.00 81.42 40.54
diningtable 0.522336 155.17 26.18 172.04 44.78
aeroplane 0.522335 87.00 0.00 152.83 40.18
car 0.522280 54.26 79.64 145.68 132.96
car 0.522244 4.85 6.24 31.54 37.53
car 0.522147 203.80 130.01 224.00 164.48
car 0.522120 15.17 138.41 85.13 194.16
car 0.522064 191.49 151.20 212.07 174.51
car 0.522017 7.86 97.99 46.95 126.91
horse 0.521991 189.50 14.76 203.73 25.68
car 0.521977 0.46 33.50 32.01 76.06
aeroplane 0.521948 29.20 1.38 78.58 34.20
car 0.521893 12.20 7.05 41.76 36.79
car 0.521738 13.89 111.24 51.59 137.10
car 0.521641 153.66 169.16 183.65 188.87
car 0.521628 140.99 66.49 201.61 101.86
car 0.521517 17.08 7.00 53.96 38.52
car 0.521479 105.85 139.61 177.94 182.76
car 0.521457 33.61 107.88 88.34 138.01
car 0.521449 4.72 25.22 44.92 61.38
boat 0.521410 0.00 0.00 40.03 64.85
diningtable 0.521386 106.69 15.10 122.95 32.83
car 0.521317 7.96 144.96 41.09 185.11
person 0.521314 194.05 39.68 205.92 62.04
diningtable 0.521231 157.02 20.88 170.68 36.97
diningtable 0.521223 158.58 25.89 179.12 45.93
person 0.521170 212.08 0.00 224.00 21.79
car 0.521160 168.30 67.35 207.53 106.61
horse 0.521115 11.48 160.27 41.94 204.33
car 0.521088 171.40 171.77 194.36 187.98
aeroplane 0.521072 100.99 0.00 132.58 15.97
car 0.521010 2.95 0.00 28.07 29.48
car 0.521007 55.04 81.65 97.04 125.49
person 0.520950 62.87 0.00 186.87 168.46
car 0.520882 119.59 163.83 169.56 197.14
aeroplane 0.520835 28.66 0.00 64.91 25.62
aeroplane 0.520719 99.98 8.00 120.10 25.62
car 0.520717 179.00 105.13 214.18 138.30
aeroplane 0.520707 37.84 0.00 104.72 35.69
diningtable 0.520704 152.91 30.69 173.76 52.02
person 0.520689 196.31 22.15 209.76 39.31
car 0.520608 27.57 149.45 73.47 196.82
car 0.520602 125.75 128.25 194.77 171.36
car 0.520564 184.48 170.82 204.46 187.00
car 0.520415 183.10 163.32 204.05 181.92
car 0.520302 16.77 0.00 46.05 28.92
person 0.520239 185.98 23.73 201.10 42.27
car 0.520210 205.23 187.40 224.00 211.77
bus 0.520187 68.91 31.98 203.95 169.02
car 0.520162 14.45 149.46 53.24 193.91
car 0.520158 191.78 133.46 212.98 161.11
aeroplane 0.520147 67.04 0.00 132.22 39.03
aeroplane 0.520131 108.49 0.00 140.75 14.59
diningtable 0.520103 151.20 26.41 168.13 43.41
car 0.520086 14.37 59.01 52.79 117.16
diningtable 0.520061 112.22 9.74 133.43 24.04
diningtable 0.520058 112.99 17.40 132.67 32.49
bus 0.519970 49.03 0.00 163.03 162.48
horse 0.519883 186.55 29.40 201.16 51.37
diningtable 0.519877 96.65 37.92 117.88 65.86
car 0.519875 28.21 53.87 71.98 89.13
car 0.519766 9.91 0.00 36.04 29.67
car 0.519687 91.67 60.92 125.62 93.23
person 0.519672 94.66 0.00 224.00 164.30
diningtable 0.519650 162.97 20.83 179.05 36.62
horse 0.519609 195.70 13.79 208.20 25.24
person 0.519555 189.94 113.18 213.74 144.25
car 0.519554 65.64 61.45 88.68 93.33
person 0.519491 200.57 49.08 214.05 77.74
aeroplane 0.519480 37.76 0.00 79.53 21.61
diningtable 0.519445 87.37 38.90 114.21 67.63
car 0.519442 148.59 119.60 206.82 155.23
person 0.519379 177.47 0.00 204.67 17.59
diningtable 0.519350 151.95 21.71 166.80 36.75
person 0.519349 1.86 183.31 22.64 224.00
aeroplane 0.519319 92.27 0.00 125.72 17.32
diningtable 0.519280 97.48 25.79 117.89 53.09
person 0.519192 143.13 0.00 170.22 14.33
aeroplane 0.519189 63.81 2.76 102.41 30.87
horse 0.519169 171.63 24.31 192.25 43.08
person 0.519164 186.38 18.56 200.98 33.04
person 0.519155 152.00 0.00 178.02 14.00
diningtable 0.519154 76.85 29.31 105.94 60.58
horse 0.519129 152.35 30.45 178.71 54.29
aeroplane 0.519097 62.68 0.00 105.79 15.87
sheep 0.519075 190.05 203.11 214.84 224.00
car 0.518987 136.07 146.82 188.32 180.89
car 0.518982 76.54 41.71 103.86 71.17
person 0.518963 170.22 39.38 224.00 121.10
diningtable 0.518947 122.99 19.65 146.85 33.53
diningtable 0.518901 105.57 20.57 122.29 41.60
aeroplane 0.518887 116.19 0.00 149.23 14.30
car 0.518825 73.31 97.04 145.16 151.86
car 0.518812 14.74 99.58 57.46 160.39
car 0.518801 77.79 61.38 111.27 91.85
horse 0.518742 134.47 0.00 163.44 14.50
car 0.518696 46.97 62.46 80.46 94.49
aeroplane 0.518651 101.78 12.50 119.11 32.88
car 0.518601 69.09 31.20 95.70 65.03
car 0.518520 94.87 63.81 137.30 94.92
diningtable 0.518490 87.36 25.93 114.83 55.73
car 0.518486 69.83 42.83 90.74 74.37
diningtable 0.518380 124.98 24.61 149.26 41.06
diningtable 0.518320 113.43 23.05 133.45 40.96
diningtable 0.518291 149.19 38.11 176.83 65.40
diningtable 0.518284 103.93 28.77 121.70 51.63
aeroplane 0.518251 125.59 0.00 157.06 14.53
horse 0.518225 179.10 53.10 207.29 92.29
diningtable 0.518215 135.33 21.35 156.83 36.44
horse 0.518211 166.63 29.22 191.49 52.49
person 0.518190 160.17 0.00 187.37 14.27
diningtable 0.518091 135.55 25.98 158.69 42.59
diningtable 0.518083 144.20 27.15 164.24 42.73
aeroplane 0.518057 73.35 18.59 139.01 105.63
diningtable 0.517969 144.42 22.26 162.44 36.85
aeroplane 0.517966 75.74 4.34 109.64 28.71
car 0.517863 104.92 63.65 175.15 102.07
horse 0.517801 175.34 19.92 192.45 33.27
car 0.517791 10.70 132.66 53.19 162.10
aeroplane 0.517788 42.64 2.95 91.49 30.88
car 0.517785 17.10 120.34 71.14 183.29
diningtable 0.517772 60.23 30.54 204.15 173.78
car 0.517762 200.73 89.77 217.48 124.79
bus 0.517717 56.34 63.97 128.90 119.09
person 0.517709 209.43 20.16 216.99 43.59
person 0.517680 168.95 0.00 197.18 15.56
horse 0.517674 194.83 46.99 208.87 77.70
diningtable 0.517616 102.34 40.19 122.90 65.56
car 0.517596 13.06 120.95 53.56 149.22
car 0.517596 94.72 30.05 187.31 123.91
car 0.517573 94.90 51.60 119.99 81.11
diningtable 0.517536 137.26 62.03 190.65 93.84
person 0.517478 201.88 75.47 217.19 112.96
diningtable 0.517456 99.43 16.95 118.33 42.19
car 0.517388 160.77 150.55 197.59 177.41
aeroplane 0.517317 49.85 0.00 96.86 17.70
car 0.517317 67.94 53.00 88.30 85.41
aeroplane 0.517290 98.59 0.00 175.98 77.19
aeroplane 0.517284 83.61 26.25 170.23 116.48
aeroplane 0.517224 69.46 0.00 112.63 20.41
car 0.517203 76.90 53.05 105.30 82.74
aeroplane 0.517156 62.53 13.75 121.17 94.93
horse 0.517083 26.49 159.62 82.54 208.31
diningtable 0.516804 112.62 30.22 135.70 50.75
car 0.516779 143.07 207.73 166.97 224.00
person 0.516752 12.84 168.02 37.28 211.07
aeroplane 0.516725 81.58 0.00 156.94 74.31
diningtable 0.516702 144.78 49.42 182.14 81.74
car 0.516616 35.86 42.89 75.69 74.12
boat 0.516601 12.47 21.80 56.55 84.56
boat 0.516593 12.95 45.73 53.07 104.37
car 0.516565 9.09 68.25 70.05 109.36
aeroplane 0.516548 77.26 18.38 108.60 50.83
diningtable 0.516538 120.03 10.92 145.24 24.45
aeroplane 0.516467 87.85 6.09 116.78 26.43
horse 0.516448 186.36 14.09 201.20 23.90
car 0.516437 154.10 131.53 202.27 167.04
car 0.516422 132.63 170.50 171.72 194.89
car 0.516416 31.40 29.62 77.00 67.40
car 0.516373 156.77 175.63 182.06 194.18
person 0.516343 183.74 0.00 224.00 78.08
aeroplane 0.516314 66.46 19.21 100.14 55.38
car 0.516264 51.78 42.72 81.25 73.77
car 0.516224 44.23 62.31 107.28 115.18
car 0.516222 30.35 64.06 78.03 115.15
person 0.516171 182.68 19.09 224.00 107.44
horse 0.516136 187.68 36.29 202.78 61.72
car 0.516118 50.83 53.19 80.16 85.39
person 0.516049 194.43 76.78 213.40 112.51
boat 0.516039 7.90 0.00 63.71 60.12
car 0.515991 171.07 87.11 212.52 125.30
aeroplane 0.515944 64.74 0.00 131.22 68.74
sheep 0.515944 26.22 181.71 65.38 222.01
aeroplane 0.515896 46.87 0.00 115.74 63.29
diningtable 0.515880 158.53 12.41 169.86 25.71
aeroplane 0.515868 89.18 16.13 115.90 45.65
car 0.515857 135.84 205.48 161.14 224.00
diningtable 0.515845 125.10 30.15 153.89 49.80
car 0.515834 131.00 178.39 165.65 202.45
horse 0.515825 181.56 0.00 201.68 18.29
aeroplane 0.515718 65.46 11.40 101.39 42.35
person 0.515703 44.63 179.88 81.73 219.45
aeroplane 0.515670 78.26 12.15 109.35 39.40
sheep 0.515653 149.98 209.06 172.91 224.00
car 0.515569 48.01 30.81 84.38 66.23
aeroplane 0.515492 91.12 11.32 116.38 35.59
aeroplane 0.515407 83.81 184.66 135.84 224.00
car 0.515336 98.46 54.24 128.30 83.77
car 0.515289 182.53 149.94 206.26 174.56
diningtable 0.515153 135.58 29.96 163.54 49.15
diningtable 0.515125 152.05 13.10 165.30 26.17
diningtable 0.515115 143.84 31.28 168.06 48.53
horse 0.515104 203.62 0.00 218.23 18.46
car 0.515097 75.12 164.40 141.93 207.52
car 0.515003 185.61 177.19 205.66 191.16
aeroplane 0.515003 50.73 14.65 107.60 85.16
aeroplane 0.515002 70.10 178.82 127.85 224.00
aeroplane 0.514988 139.98 193.17 163.27 208.70
diningtable 0.514949 110.07 41.57 141.68 67.11
diningtable 0.514834 132.79 12.25 155.29 26.90
car 0.514832 83.95 56.00 190.95 139.40
diningtable 0.514821 166.23 13.02 179.98 24.89
diningtable 0.514774 143.52 13.42 160.69 27.03
horse 0.514773 160.87 36.53 192.54 64.74
horse 0.514770 185.15 44.31 205.93 78.52
boat 0.514743 20.41 0.00 79.14 58.54
car 0.514662 129.19 0.00 192.95 71.53
car 0.514655 173.15 178.36 194.61 192.71
car 0.514598 198.20 131.04 217.86 159.59
car 0.514487 198.75 149.61 217.21 173.81
diningtable 0.514455 120.66 51.08 178.15 88.04
person 0.514446 150.82 0.00 208.13 71.01
sofa 0.514446 74.91 0.00 214.18 175.51
aeroplane 0.514225 41.44 9.80 88.96 42.26
car 0.514225 141.62 182.80 169.36 201.26
boat 0.514216 24.81 22.46 71.39 80.97
person 0.514161 24.14 182.86 60.19 223.49
person 0.514134 194.72 90.69 215.51 124.62
person 0.514075 207.10 10.88 215.11 27.27
diningtable 0.514033 120.75 40.64 160.36 67.93
sheep 0.514033 159.69 208.94 182.13 224.00
aeroplane 0.513975 148.48 196.08 168.57 208.59
cow 0.513972 34.24 180.02 77.99 219.22
horse 0.513961 177.64 14.28 193.58 23.10
diningtable 0.513807 130.77 38.33 170.74 66.14
car 0.513801 119.02 171.51 163.52 202.17
car 0.513778 192.01 190.01 216.38 206.11
car 0.513757 89.29 160.27 161.75 198.97
aeroplane 0.513721 29.69 0.00 94.11 57.67
aeroplane 0.513708 42.83 17.73 87.46 56.60
horse 0.513683 154.95 47.50 195.93 81.33
aeroplane 0.513579 37.13 17.47 90.82 80.68
diningtable 0.513532 104.36 55.55 151.39 87.64
car 0.513477 160.55 186.34 180.52 200.99
car 0.513443 71.15 47.29 135.50 121.32
car 0.513400 56.80 45.88 115.07 106.94
cow 0.513377 67.67 177.89 123.38 224.00
car 0.513283 124.18 200.75 155.77 224.00
car 0.513277 169.30 175.95 224.00 224.00
car 0.513232 162.30 137.58 223.13 213.81
car 0.512987 107.80 194.23 148.71 224.00
person 0.512847 11.23 184.09 38.21 224.00
car 0.512778 182.70 132.85 210.14 163.97
car 0.512706 116.59 53.27 201.50 126.59
car 0.512574 42.38 45.51 95.12 101.56
aeroplane 0.512495 162.53 197.59 179.19 208.11
sheep 0.512483 171.05 206.73 194.15 224.00
car 0.512378 130.17 188.03 159.71 207.97
car 0.512079 133.11 170.55 208.06 224.00
horse 0.511742 173.39 0.00 194.19 15.45
diningtable 0.511689 155.47 0.00 172.35 14.54
horse 0.511642 146.79 0.00 165.51 15.03
person 0.511366 137.20 28.85 204.44 107.43
sheep 0.511280 180.82 204.23 206.55 223.36
car 0.511231 138.27 110.01 215.70 176.89
car 0.511210 112.25 131.88 202.09 195.70
horse 0.511179 163.87 0.00 182.60 14.52
car 0.510975 186.14 184.69 206.30 196.43
car 0.510946 174.98 186.90 194.69 198.31
sheep 0.509803 175.02 196.21 192.95 205.09
sheep 0.509606 185.02 193.30 204.53 204.00
car 0.508464 115.34 180.83 155.80 205.59
car 0.507899 96.84 173.35 150.32 204.00
