train 0.592373 0.00 31.57 220.47 180.02
train 0.585788 4.10 74.86 173.22 161.95
cow 0.563424 0.00 25.97 199.37 168.20
train 0.561101 82.54 73.35 222.76 203.41
cow 0.557840 13.72 76.74 165.14 159.31
train 0.549485 15.40 82.88 192.61 197.95
cow 0.540785 0.00 72.38 34.46 161.23
cow 0.539831 2.34 94.63 21.11 136.00
cow 0.538007 0.00 90.45 11.94 139.39
cow 0.537057 6.05 78.56 68.16 155.98
dog 0.537052 4.76 48.73 183.78 176.52
cow 0.536969 0.00 35.37 27.45 142.65
cow 0.536360 18.13 119.05 66.09 173.52
train 0.534329 173.63 70.92 224.00 198.87
aeroplane 0.533450 171.36 0.00 224.00 38.89
sheep 0.533387 15.02 124.16 66.12 178.33
sheep 0.533306 6.87 160.70 65.54 199.67
bird 0.532948 0.00 205.11 18.11 224.00
aeroplane 0.532628 205.10 93.34 224.00 124.59
cow 0.532127 21.68 98.27 73.20 146.98
cow 0.531789 37.65 193.29 98.80 224.00
car 0.531312 0.00 0.00 36.92 49.49
person 0.530818 188.38 185.91 224.00 224.00
cow 0.530659 0.00 101.21 11.11 151.49
cow 0.530549 22.21 206.90 69.00 224.00
bird 0.530395 0.00 208.64 30.42 224.00
dog 0.530310 206.99 208.37 224.00 224.00
bird 0.530276 190.39 96.96 214.51 122.04
bird 0.530082 23.92 190.61 87.21 224.00
dog 0.529886 118.66 114.24 143.89 178.11
bird 0.529778 0.00 107.49 10.69 157.81
sheep 0.529588 72.87 121.97 128.50 179.05
dog 0.529254 194.47 8.08 224.00 124.96
aeroplane 0.529173 72.55 118.14 127.24 171.68
aeroplane 0.529091 132.94 0.00 191.24 39.24
aeroplane 0.529079 207.12 0.00 224.00 22.09
dog 0.529061 181.03 63.65 224.00 189.78
sheep 0.528984 5.85 105.51 18.84 147.90
cow 0.528860 56.36 190.35 119.06 224.00
dog 0.528648 91.76 178.89 160.57 224.00
bird 0.528509 0.00 171.28 46.07 224.00
sheep 0.528332 187.93 98.24 211.76 121.90
cow 0.528310 0.00 97.93 42.08 177.57
dog 0.528215 179.56 212.07 211.53 224.00
cow 0.527993 0.00 45.22 84.46 145.40
sheep 0.527853 187.21 212.44 218.08 224.00
cow 0.527753 15.27 177.51 63.56 212.92
dog 0.527663 129.46 113.43 166.24 162.40
aeroplane 0.527523 113.18 11.27 143.26 44.38
dog 0.527511 80.01 139.05 129.91 199.79
cow 0.527339 65.75 208.86 104.01 224.00
car 0.527275 12.09 0.00 75.64 41.15
dog 0.527074 71.33 119.08 130.67 182.61
cow 0.527065 80.14 182.93 147.11 224.00
cow 0.527063 14.49 96.00 65.44 137.53
cow 0.526922 7.96 100.97 24.33 138.90
aeroplane 0.526917 70.13 110.35 122.70 155.52
cow 0.526746 82.14 210.83 121.78 224.00
person 0.526649 0.00 7.67 29.77 113.22
dog 0.526629 118.46 187.78 206.45 224.00
dog 0.526604 90.88 210.73 132.41 224.00
aeroplane 0.526542 124.24 0.00 206.98 25.35
boat 0.526420 113.96 16.66 140.89 48.07
aeroplane 0.526372 185.25 0.00 224.00 94.48
bird 0.526327 141.93 105.54 166.12 133.92
dog 0.526303 183.62 118.41 224.00 224.00
bird 0.526178 0.00 120.63 11.16 169.38
dog 0.526044 209.77 130.81 224.00 166.40
cow 0.525918 192.24 96.34 218.88 121.76
bird 0.525870 132.42 111.44 166.58 154.17
sheep 0.525809 0.00 0.00 21.93 21.19
cow 0.525783 33.19 205.95 81.58 224.00
bird 0.525728 103.34 0.00 181.91 27.07
sheep 0.525683 190.63 92.20 214.53 119.72
dog 0.525668 103.34 211.08 145.34 224.00
aeroplane 0.525561 151.44 0.00 209.99 44.18
bird 0.525509 143.53 100.42 166.93 125.35
dog 0.525476 143.75 192.61 223.99 224.00
cow 0.525257 45.69 207.26 92.92 224.00
dog 0.525034 162.83 212.65 197.19 224.00
bird 0.525027 0.00 116.33 43.97 191.61
sheep 0.524955 1.39 85.18 20.50 122.99
cow 0.524834 4.91 89.97 24.10 128.10
aeroplane 0.524776 188.26 0.00 219.67 19.05
sheep 0.524775 16.22 168.68 71.90 203.94
car 0.524716 27.98 0.00 95.83 36.60
cow 0.524686 7.06 169.81 66.16 207.48
sheep 0.524531 77.88 135.69 127.94 194.24
dog 0.524478 118.26 211.57 158.47 224.00
bird 0.524464 137.78 108.83 166.35 143.65
dog 0.524459 171.59 119.06 199.07 160.58
aeroplane 0.524383 175.21 34.93 212.21 69.72
boat 0.524377 113.82 32.70 138.18 62.72
dog 0.524287 150.21 115.65 181.48 162.92
bird 0.524273 78.08 67.38 206.12 184.61
sheep 0.524127 4.88 117.13 19.20 158.14
sheep 0.524119 10.23 105.93 24.07 146.34
dog 0.524086 122.30 111.68 151.69 168.36
aeroplane 0.524038 0.00 0.84 209.83 202.27
aeroplane 0.523986 113.37 0.00 173.60 35.25
sheep 0.523984 9.07 209.07 59.10 224.00
sheep 0.523922 209.04 123.08 224.00 157.77
sheep 0.523916 11.01 148.37 77.96 194.43
aeroplane 0.523855 158.54 0.00 200.46 18.22
aeroplane 0.523854 109.88 0.55 149.28 41.87
aeroplane 0.523827 42.57 97.88 84.16 140.10
sheep 0.523755 0.00 19.85 8.59 64.47
cow 0.523642 29.52 94.62 74.82 132.92
aeroplane 0.523558 209.40 7.62 224.00 37.36
sheep 0.523465 12.10 133.70 75.98 185.59
aeroplane 0.523372 170.18 0.00 208.68 18.04
aeroplane 0.523331 147.65 0.00 190.69 18.83
cow 0.523327 14.81 104.48 68.86 158.36
cow 0.523314 18.56 191.67 63.98 224.00
dog 0.523308 129.05 211.78 167.49 224.00
dog 0.523274 138.24 126.00 167.64 171.18
sheep 0.523260 204.77 102.67 224.00 137.01
aeroplane 0.523254 48.01 104.73 105.43 145.91
aeroplane 0.523089 114.47 10.03 204.32 128.85
aeroplane 0.522999 176.92 3.03 214.41 35.60
aeroplane 0.522967 169.99 20.03 212.55 63.05
dog 0.522965 103.58 121.55 137.59 187.98
sheep 0.522964 15.86 161.83 73.22 192.12
cow 0.522935 27.60 66.18 177.68 185.57
train 0.522921 38.58 47.24 211.17 218.49
bird 0.522920 0.00 138.77 11.20 184.61
dog 0.522856 145.39 212.96 183.96 224.00
aeroplane 0.522784 211.32 20.91 224.00 59.68
sheep 0.522613 76.30 107.25 131.39 161.51
dog 0.522472 136.95 111.94 171.54 152.83
bird 0.522454 138.51 101.85 161.03 124.49
sofa 0.522392 168.83 0.00 224.00 58.21
aeroplane 0.522310 179.18 46.58 209.06 74.11
sheep 0.522309 186.58 107.20 210.91 130.67
sheep 0.522308 154.48 106.09 180.39 129.81
aeroplane 0.522296 50.99 0.00 82.39 14.75
aeroplane 0.522255 210.02 12.86 224.00 48.98
sheep 0.522247 207.31 112.07 224.00 147.54
sheep 0.522247 96.38 33.67 206.87 158.48
cow 0.522206 0.00 15.41 70.81 118.60
sheep 0.522204 11.59 111.00 26.93 151.97
aeroplane 0.522131 115.39 42.57 136.29 70.70
bird 0.522109 0.00 156.21 11.66 197.71
dog 0.522083 101.65 86.86 202.45 203.09
aeroplane 0.522064 211.77 30.83 224.00 67.75
dog 0.522022 171.96 112.43 198.72 148.36
cow 0.521917 0.00 67.36 134.08 224.00
sheep 0.521915 0.00 0.00 31.61 78.17
cow 0.521844 70.29 189.86 97.80 217.46
sheep 0.521790 16.74 176.64 67.36 211.20
aeroplane 0.521775 129.41 0.00 174.92 19.71
dog 0.521737 87.08 109.28 136.69 168.74
dog 0.521730 92.85 135.08 137.29 203.57
cow 0.521698 4.31 52.26 125.98 150.20
aeroplane 0.521664 192.92 93.06 218.31 119.92
dog 0.521543 151.25 109.58 179.73 139.71
car 0.521443 39.90 0.00 113.70 32.28
bird 0.521433 0.00 196.49 12.90 224.00
aeroplane 0.521426 73.73 70.50 107.84 90.44
car 0.521378 69.11 0.00 143.41 27.69
cow 0.521375 69.86 175.64 98.95 207.72
aeroplane 0.521350 57.56 0.00 92.00 14.15
aeroplane 0.521322 52.51 29.33 86.63 84.06
sheep 0.521311 12.25 117.79 32.47 156.50
dog 0.521275 126.86 122.92 159.23 172.20
dog 0.521202 187.60 156.99 224.00 224.00
aeroplane 0.521158 113.68 33.30 140.27 62.97
aeroplane 0.521130 71.42 60.17 108.06 84.56
aeroplane 0.521073 135.22 0.00 208.40 83.40
sheep 0.521062 73.26 148.30 115.06 190.91
sheep 0.521047 155.77 101.15 180.68 123.42
aeroplane 0.521041 58.20 115.74 111.92 164.71
dog 0.521017 181.78 130.08 205.67 161.34
dog 0.521005 172.84 107.72 199.79 135.12
aeroplane 0.520872 150.49 15.61 195.16 61.76
aeroplane 0.520860 118.58 0.00 167.42 22.62
dog 0.520841 151.01 174.24 174.39 203.81
aeroplane 0.520755 212.57 41.60 224.00 74.54
dog 0.520737 211.98 140.28 224.00 183.82
aeroplane 0.520629 56.96 52.53 84.86 89.30
sheep 0.520597 193.50 133.36 214.37 158.49
aeroplane 0.520571 32.32 33.65 62.15 80.47
aeroplane 0.520512 158.99 7.31 209.21 57.63
dog 0.520437 187.44 131.66 209.96 158.95
sheep 0.520411 152.19 180.66 174.41 207.70
sheep 0.520367 173.02 104.31 201.30 126.83
cow 0.520356 17.54 87.41 112.97 166.26
sheep 0.520353 206.41 84.08 224.00 118.57
dog 0.520351 156.48 173.07 182.49 203.63
sheep 0.520320 15.71 117.91 58.26 161.75
aeroplane 0.520210 141.90 18.09 182.53 59.81
aeroplane 0.520195 144.76 70.91 161.91 85.67
sheep 0.520189 0.00 26.04 22.09 59.65
aeroplane 0.520096 167.31 32.06 203.30 69.56
aeroplane 0.520090 111.22 0.00 153.54 24.18
cow 0.520048 9.44 95.53 33.72 133.27
sheep 0.519993 186.38 124.41 210.54 152.83
bird 0.519986 124.64 107.48 148.89 152.34
dog 0.519891 216.52 147.61 224.00 191.23
dog 0.519885 220.00 156.60 224.00 196.66
cow 0.519878 70.99 161.98 104.11 201.62
aeroplane 0.519856 183.39 57.35 206.86 80.17
sheep 0.519830 0.00 76.58 18.49 113.00
sheep 0.519827 0.00 70.36 9.76 116.30
aeroplane 0.519767 214.25 52.27 224.00 83.18
sheep 0.519760 185.79 115.16 209.85 141.86
bird 0.519718 0.00 181.40 10.76 220.05
aeroplane 0.519697 46.28 91.88 81.38 130.86
sheep 0.519671 0.00 57.16 7.81 106.31
dog 0.519559 87.74 147.27 161.57 224.00
aeroplane 0.519552 50.91 40.35 76.57 85.72
boat 0.519528 35.84 0.00 66.51 14.83
dog 0.519519 143.83 135.49 169.34 179.63
aeroplane 0.519509 166.01 0.00 213.60 29.61
sheep 0.519486 0.00 0.00 59.72 76.48
aeroplane 0.519474 143.66 61.86 162.89 78.63
aeroplane 0.519459 79.83 0.00 113.51 14.91
dog 0.519450 71.06 103.31 171.91 201.17
aeroplane 0.519389 155.42 32.30 190.19 68.83
aeroplane 0.519317 136.72 38.57 168.32 67.57
aeroplane 0.519307 145.22 35.65 177.02 68.56
aeroplane 0.519298 138.77 4.22 186.38 50.01
aeroplane 0.519281 41.48 108.02 81.93 156.10
aeroplane 0.519278 73.25 135.62 123.01 178.85
aeroplane 0.519270 80.36 102.96 131.75 150.77
aeroplane 0.519269 65.43 0.00 101.88 14.19
aeroplane 0.519262 45.52 22.05 77.70 77.45
dog 0.519152 150.22 164.07 175.29 198.77
dog 0.519126 172.90 135.27 196.35 169.30
sheep 0.519110 157.60 179.26 182.09 207.16
aeroplane 0.519050 39.04 22.98 68.26 62.80
sheep 0.519002 41.95 114.65 79.81 165.64
aeroplane 0.519002 140.88 50.59 165.11 73.20
aeroplane 0.518978 70.96 94.86 114.89 133.84
aeroplane 0.518972 112.17 24.29 139.85 54.13
bird 0.518897 131.31 102.78 154.32 123.54
dog 0.518850 135.55 77.05 224.00 198.34
aeroplane 0.518817 214.12 62.42 224.00 96.19
aeroplane 0.518810 139.41 70.66 153.99 84.52
cow 0.518762 68.87 202.37 99.12 224.00
aeroplane 0.518700 32.36 50.84 62.64 96.36
dog 0.518569 153.87 130.80 180.38 171.26
sheep 0.518553 0.00 29.75 7.70 78.74
bird 0.518537 128.80 108.86 156.86 147.93
sheep 0.518524 211.09 73.70 224.00 109.24
aeroplane 0.518448 144.46 78.69 162.94 97.34
aeroplane 0.518421 134.32 60.06 154.54 77.80
sheep 0.518408 15.80 191.54 63.84 224.00
aeroplane 0.518365 174.47 10.26 213.97 43.01
dog 0.518337 87.57 152.22 134.88 210.53
aeroplane 0.518309 33.28 24.57 60.95 60.91
aeroplane 0.518307 83.76 14.54 111.08 44.18
sheep 0.518279 0.00 0.88 9.70 40.98
aeroplane 0.518267 53.99 19.28 86.16 64.53
bird 0.518266 131.92 107.43 156.11 134.99
aeroplane 0.518205 74.66 76.21 109.16 97.79
dog 0.518171 85.52 171.07 131.94 215.25
sheep 0.518073 201.02 132.89 221.43 161.01
bird 0.518070 123.98 100.39 147.21 126.03
aeroplane 0.518067 83.59 94.67 129.81 134.68
dog 0.518024 26.55 34.96 54.36 78.28
aeroplane 0.518005 75.49 5.52 109.87 42.67
aeroplane 0.517973 72.56 16.38 103.66 53.81
sheep 0.517969 0.00 45.49 7.19 95.55
dog 0.517954 90.33 190.61 132.05 224.00
aeroplane 0.517950 40.78 40.29 69.35 85.37
aeroplane 0.517946 117.40 52.06 134.48 75.89
aeroplane 0.517946 132.65 21.14 173.61 58.30
aeroplane 0.517911 60.30 55.03 98.26 86.07
bird 0.517886 141.96 94.02 166.62 119.55
aeroplane 0.517881 56.67 63.06 80.82 96.99
cow 0.517864 36.40 163.27 98.56 224.00
sheep 0.517836 72.64 155.14 121.82 205.32
sheep 0.517829 0.00 62.67 16.73 103.41
aeroplane 0.517792 28.74 65.61 62.91 111.07
sheep 0.517759 0.86 158.94 34.86 189.88
cow 0.517675 29.24 114.49 116.09 194.47
dog 0.517674 150.98 149.10 175.55 192.59
sheep 0.517634 12.46 124.79 41.53 161.69
aeroplane 0.517570 128.29 48.96 155.32 71.70
dog 0.517551 145.52 174.22 166.84 203.56
aeroplane 0.517520 73.06 83.41 111.29 113.90
sheep 0.517507 186.43 69.03 207.23 93.29
aeroplane 0.517484 68.30 47.87 106.39 80.37
sheep 0.517443 194.05 142.83 215.09 170.89
bird 0.517422 28.11 166.06 88.43 224.00
sheep 0.517382 0.00 33.56 18.26 73.36
aeroplane 0.517375 64.84 16.43 98.18 58.74
dog 0.517371 162.62 6.93 224.00 123.13
dog 0.517370 160.13 163.15 188.65 195.90
cow 0.517347 13.66 18.22 100.70 119.98
sheep 0.517298 4.64 0.00 36.75 16.71
aeroplane 0.517260 54.86 20.78 98.02 77.67
dog 0.517207 117.09 105.83 145.39 153.96
dog 0.517195 186.20 143.40 207.59 171.15
sheep 0.517159 16.65 0.00 83.19 72.07
boat 0.517157 19.90 0.00 52.09 15.52
sheep 0.517145 2.32 131.12 26.70 171.06
cow 0.517130 41.82 84.92 73.17 121.16
aeroplane 0.517029 85.59 0.00 123.65 16.06
aeroplane 0.517007 50.58 62.33 73.09 100.80
aeroplane 0.516878 23.30 80.90 64.74 125.16
aeroplane 0.516841 140.40 78.70 155.15 95.38
sheep 0.516816 0.00 198.17 26.28 224.00
sheep 0.516808 13.54 156.37 59.04 183.91
aeroplane 0.516779 81.14 19.56 194.83 139.47
aeroplane 0.516728 35.25 53.81 184.33 165.74
sheep 0.516719 65.62 135.87 113.20 178.39
sheep 0.516669 2.14 142.84 31.81 179.08
dog 0.516617 170.06 95.88 198.62 118.88
aeroplane 0.516570 121.35 38.52 156.45 65.63
dog 0.516552 201.34 137.04 222.99 168.63
aeroplane 0.516519 154.98 0.00 224.00 87.89
sheep 0.516490 123.90 92.87 145.42 117.91
sheep 0.516420 12.97 104.48 41.08 150.09
sheep 0.516412 154.85 94.66 181.09 118.76
aeroplane 0.516406 11.93 0.00 44.61 15.46
cow 0.516401 57.58 106.08 162.87 199.38
sheep 0.516386 212.01 203.39 224.00 224.00
dog 0.516364 179.65 144.21 200.76 173.53
bird 0.516328 136.86 95.45 159.99 118.63
sheep 0.516298 75.38 190.12 118.33 223.46
sheep 0.516287 99.22 102.77 140.11 145.94
sheep 0.516252 151.09 190.09 175.58 219.64
sheep 0.516245 146.24 93.62 172.20 118.68
aeroplane 0.516205 102.32 96.35 139.41 130.55
sheep 0.516184 0.00 5.47 21.52 35.93
sheep 0.516157 144.64 189.60 167.64 219.86
cow 0.516139 77.25 149.26 150.84 224.00
sheep 0.516084 171.76 180.35 193.75 206.39
aeroplane 0.516078 87.21 70.43 118.71 90.42
dog 0.516015 101.79 170.88 137.59 215.10
dog 0.516005 169.60 142.39 193.10 176.80
sheep 0.515971 13.77 166.52 55.33 192.81
aeroplane 0.515969 124.27 64.19 138.00 81.50
aeroplane 0.515967 34.98 5.16 134.50 118.77
aeroplane 0.515956 96.96 0.00 142.12 19.08
dog 0.515931 106.06 190.32 138.56 224.00
bird 0.515931 5.51 135.50 64.82 196.97
dog 0.515930 182.62 96.03 212.04 119.68
aeroplane 0.515909 88.81 61.66 118.88 83.21
aeroplane 0.515900 220.00 188.56 224.00 224.00
bird 0.515844 130.23 95.87 151.81 117.04
dog 0.515837 171.87 173.52 194.44 201.31
dog 0.515828 0.00 0.00 16.52 26.78
aeroplane 0.515821 47.76 20.02 77.75 57.98
aeroplane 0.515789 64.27 34.53 104.05 78.57
sheep 0.515778 197.92 125.11 219.82 152.84
dog 0.515742 27.89 25.91 52.21 56.56
aeroplane 0.515731 147.49 48.85 173.11 73.57
sheep 0.515683 71.40 172.46 119.48 210.45
aeroplane 0.515678 129.27 68.61 145.27 82.11
sheep 0.515643 117.19 103.41 145.67 141.48
boat 0.515640 108.56 14.13 144.89 41.86
dog 0.515630 220.00 174.79 224.00 210.27
aeroplane 0.515567 49.79 82.49 77.87 118.93
aeroplane 0.515555 126.15 74.08 139.27 91.71
aeroplane 0.515526 38.08 63.78 68.64 105.71
aeroplane 0.515519 60.67 64.30 95.47 92.80
dog 0.515501 104.22 145.40 141.08 206.98
dog 0.515454 78.84 204.61 119.67 224.00
sheep 0.515438 190.44 103.69 218.17 130.84
sheep 0.515437 116.55 98.33 144.91 127.52
aeroplane 0.515421 75.89 39.35 109.18 75.30
dog 0.515369 133.50 179.80 158.45 209.52
aeroplane 0.515356 149.18 70.75 168.61 85.32
aeroplane 0.515246 148.22 78.02 169.78 96.75
sheep 0.515240 0.00 49.98 16.14 91.41
aeroplane 0.515167 85.14 84.93 126.31 117.80
sheep 0.515163 142.71 86.96 165.02 112.18
aeroplane 0.515163 118.76 62.52 133.25 81.98
sheep 0.515137 9.37 27.37 28.51 54.90
aeroplane 0.515099 60.79 6.33 96.84 50.68
aeroplane 0.515073 90.62 15.33 125.45 40.97
dog 0.515047 23.12 53.18 55.04 97.39
car 0.515036 15.65 45.10 146.32 148.95
sheep 0.515012 190.91 78.34 211.38 106.84
cow 0.514979 49.44 156.62 119.06 224.00
dog 0.514975 172.14 164.50 195.87 193.93
aeroplane 0.514974 46.28 73.60 71.97 111.61
sheep 0.514967 34.41 153.05 80.99 192.63
aeroplane 0.514955 125.44 83.23 141.78 106.33
dog 0.514918 163.60 151.22 190.13 187.26
cow 0.514887 19.81 107.72 99.54 178.72
aeroplane 0.514849 133.35 77.63 146.49 92.04
aeroplane 0.514842 148.88 61.52 169.67 78.75
aeroplane 0.514736 164.92 191.77 191.51 222.12
sheep 0.514723 12.67 134.01 51.04 171.43
sheep 0.514693 38.03 133.75 77.45 178.32
aeroplane 0.514689 53.71 72.32 77.56 107.18
sheep 0.514666 10.43 32.99 25.87 67.51
dog 0.514652 134.51 189.23 159.62 220.24
aeroplane 0.514641 156.86 190.40 183.90 220.02
dog 0.514600 110.41 143.52 200.30 224.00
aeroplane 0.514580 33.37 77.68 68.54 118.11
sheep 0.514540 193.83 150.15 213.66 179.00
aeroplane 0.514539 179.65 56.55 200.85 78.66
dog 0.514501 10.65 29.57 27.27 59.53
sheep 0.514488 182.89 152.09 205.15 181.37
dog 0.514487 18.98 36.24 41.41 74.42
cow 0.514468 37.25 183.27 83.52 211.76
sheep 0.514429 9.69 23.08 27.71 46.41
dog 0.514365 8.51 38.42 24.28 76.37
aeroplane 0.514323 121.02 55.89 143.88 74.84
sheep 0.514292 183.52 181.52 201.29 204.95
aeroplane 0.514285 55.95 7.65 85.83 51.31
aeroplane 0.514283 85.50 5.26 124.91 37.78
sheep 0.514276 0.00 181.57 27.09 211.82
sheep 0.514215 182.39 163.77 203.56 190.94
sheep 0.514150 193.96 113.53 218.54 141.97
aeroplane 0.514146 174.13 193.44 197.62 223.71
aeroplane 0.514138 102.86 0.00 191.08 90.58
aeroplane 0.514088 25.85 37.36 160.58 145.86
aeroplane 0.514083 138.71 87.79 157.57 110.78
aeroplane 0.513973 75.42 0.00 111.79 30.46
aeroplane 0.513953 116.88 90.44 142.56 118.01
aeroplane 0.513924 52.74 80.83 90.29 116.09
sheep 0.513902 0.00 172.57 31.11 203.26
aeroplane 0.513852 103.19 88.08 136.78 117.66
dog 0.513852 17.07 69.94 55.22 113.54
sheep 0.513830 181.58 69.32 201.83 91.80
aeroplane 0.513808 171.13 43.66 197.62 71.41
aeroplane 0.513807 107.81 61.64 128.06 81.24
dog 0.513794 174.99 153.24 197.65 183.92
sheep 0.513782 157.28 77.39 179.96 98.54
aeroplane 0.513774 158.85 45.67 185.57 72.29
aeroplane 0.513763 132.10 87.01 148.50 107.42
sheep 0.513761 183.72 173.19 201.99 198.21
dog 0.513758 118.08 176.36 148.29 212.30
aeroplane 0.513693 92.70 50.98 121.01 76.51
dog 0.513638 20.76 24.94 38.61 45.69
dog 0.513602 172.10 78.19 195.07 102.01
aeroplane 0.513565 159.06 69.33 178.79 85.58
aeroplane 0.513564 116.68 24.26 159.41 57.15
boat 0.513560 112.30 24.54 137.38 50.31
aeroplane 0.513549 119.51 71.35 134.91 91.34
aeroplane 0.513516 76.00 27.64 108.47 67.62
dog 0.513498 121.00 189.04 149.69 221.77
dog 0.513465 170.44 88.22 197.08 113.30
aeroplane 0.513461 183.90 195.76 204.40 224.00
aeroplane 0.513458 79.10 20.72 108.33 55.79
aeroplane 0.513419 105.63 70.65 128.52 90.58
sheep 0.513352 196.16 160.78 211.81 186.53
aeroplane 0.513348 11.03 84.89 56.63 126.95
aeroplane 0.513336 86.03 77.28 121.28 100.67
dog 0.513335 130.76 159.92 158.37 201.32
aeroplane 0.513252 110.89 40.46 131.77 67.61
aeroplane 0.513194 53.80 0.00 83.91 28.27
dog 0.513169 173.38 67.95 192.73 87.98
aeroplane 0.513109 95.28 41.03 123.08 70.68
dog 0.513052 155.42 86.74 181.17 112.16
dog 0.513013 20.10 27.41 39.67 53.50
aeroplane 0.512984 118.54 80.53 138.28 105.13
aeroplane 0.512918 110.05 50.29 129.98 73.66
cow 0.512833 30.25 164.31 84.61 203.92
dog 0.512793 129.46 143.45 158.70 192.82
dog 0.512778 154.14 54.09 224.00 181.34
aeroplane 0.512753 116.67 9.66 165.71 47.14
aeroplane 0.512730 34.16 11.52 57.87 39.24
aeroplane 0.512690 9.99 6.84 27.25 31.98
dog 0.512614 182.55 89.09 208.66 115.09
dog 0.512583 113.21 137.76 143.72 195.95
sheep 0.512479 182.65 79.88 205.12 105.68
aeroplane 0.512461 50.19 9.72 76.35 47.05
aeroplane 0.512401 160.14 58.45 180.60 76.82
sheep 0.512369 159.09 153.61 224.00 224.00
aeroplane 0.512320 57.76 71.62 90.90 102.66
dog 0.512300 5.09 61.78 22.87 98.82
aeroplane 0.512231 95.81 30.85 125.12 62.10
dog 0.512153 139.28 206.36 171.47 224.00
aeroplane 0.512111 196.70 179.73 209.05 201.87
aeroplane 0.512056 41.62 10.82 65.96 42.46
aeroplane 0.512046 104.03 79.20 132.07 103.07
aeroplane 0.512016 173.43 55.57 193.14 76.30
dog 0.512008 6.41 48.18 23.62 85.08
sheep 0.511972 197.97 170.23 209.88 193.40
aeroplane 0.511928 27.03 12.18 48.24 35.67
aeroplane 0.511758 95.24 23.43 125.46 51.12
aeroplane 0.511689 19.46 9.67 37.58 32.08
aeroplane 0.511626 183.06 43.91 218.22 70.92
sheep 0.511601 6.79 196.29 45.93 224.00
aeroplane 0.511552 63.85 0.00 104.80 29.24
aeroplane 0.511551 194.94 195.26 211.36 222.47
dog 0.511442 172.78 210.58 203.83 224.00
dog 0.511391 204.41 148.55 224.00 182.87
bird 0.511355 90.20 0.00 167.38 44.17
dog 0.511353 17.44 44.61 39.77 81.79
aeroplane 0.511317 47.91 0.00 74.89 25.63
dog 0.511214 209.45 158.27 224.00 188.38
sheep 0.510879 33.64 0.00 118.99 70.31
sheep 0.510754 146.45 207.94 179.77 224.00
aeroplane 0.510668 190.70 54.88 217.03 79.06
aeroplane 0.510626 30.02 0.00 58.14 22.53
aeroplane 0.510617 38.27 0.00 65.56 23.21
sheep 0.510361 194.95 66.54 215.76 93.35
aeroplane 0.510163 95.87 0.00 147.45 33.61
sheep 0.510156 154.41 209.35 188.42 224.00
sheep 0.510071 12.70 179.78 50.45 206.78
bird 0.509840 62.93 0.00 147.82 52.10
dog 0.509831 212.00 167.41 224.00 194.62
aeroplane 0.509595 21.24 0.00 49.38 21.39
sheep 0.509571 197.96 208.88 223.35 224.00
sheep 0.509508 4.99 87.15 31.01 123.90
dog 0.509470 13.55 58.11 37.49 96.28
dog 0.508954 8.21 75.41 33.43 111.75
sheep 0.508875 211.22 177.49 224.00 203.76
dog 0.508495 13.36 0.00 40.22 18.65
aeroplane 0.508396 208.65 192.25 223.74 222.23
