person 0.707241 50.80 39.91 181.15 223.31
person 0.643726 25.22 36.59 137.31 220.96
person 0.586070 23.38 32.36 100.15 198.77
person 0.579007 82.69 31.47 180.16 181.18
person 0.578165 136.49 0.00 201.17 83.96
person 0.575876 66.38 8.62 150.31 205.68
bottle 0.575621 113.15 44.72 172.50 146.84
bottle 0.575292 51.14 57.03 121.00 171.66
dog 0.574437 53.34 60.04 119.75 170.04
bottle 0.570157 94.63 84.44 154.01 198.56
person 0.568296 84.08 54.40 198.28 219.01
person 0.567183 167.66 0.00 207.17 71.67
dog 0.566428 13.97 126.53 64.43 222.39
bird 0.563938 16.98 0.00 69.36 82.34
person 0.562839 122.50 55.40 213.35 223.69
bottle 0.559587 17.10 0.00 66.14 78.89
bottle 0.559317 102.14 65.23 160.46 164.67
dog 0.558828 58.54 83.67 107.70 192.13
dog 0.557446 23.62 56.75 147.88 223.06
person 0.555327 155.64 71.53 224.00 222.80
bottle 0.554552 72.39 70.83 129.76 187.86
person 0.554526 124.84 0.00 176.28 88.00
bottle 0.554450 128.72 0.00 166.33 87.39
person 0.553349 127.30 50.23 174.27 139.70
bottle 0.552541 90.45 70.77 141.19 179.60
dog 0.552139 35.77 129.96 89.03 217.44
bottle 0.549744 138.83 0.00 197.44 80.80
dog 0.549597 43.89 95.16 96.70 189.51
person 0.548220 177.93 5.33 212.92 68.60
dog 0.546346 52.23 119.54 93.99 209.59
person 0.546252 141.39 57.34 175.46 134.08
bottle 0.546141 103.82 100.55 170.24 190.25
bottle 0.545087 123.23 0.00 154.92 83.46
person 0.544385 94.19 17.75 172.40 142.10
bottle 0.544186 95.10 106.45 139.52 193.98
bottle 0.544110 106.46 46.62 157.09 135.60
person 0.543916 204.60 9.00 224.00 65.52
bicycle 0.543644 21.72 82.49 157.58 219.15
dog 0.543553 49.47 64.00 109.31 142.65
person 0.543362 0.00 19.57 61.58 205.79
bottle 0.543141 59.96 59.63 115.12 145.05
bottle 0.543120 41.31 171.38 112.27 224.00
bottle 0.542831 67.84 0.00 98.08 78.27
bottle 0.542541 132.40 1.83 178.30 99.75
bottle 0.542354 62.30 0.00 89.24 79.01
bottle 0.541805 42.52 0.00 80.87 78.63
dog 0.541771 60.14 106.84 100.17 202.70
bottle 0.541577 96.81 57.97 139.31 141.93
person 0.541462 159.13 142.42 224.00 224.00
bottle 0.541398 69.09 90.82 115.01 194.57
motorbike 0.541380 21.13 82.79 172.48 218.83
person 0.541297 189.72 150.69 224.00 219.01
diningtable 0.541166 44.11 1.76 147.33 164.10
bottle 0.540981 49.44 187.77 122.31 224.00
pottedplant 0.540940 25.60 15.79 82.71 164.05
sofa 0.540607 151.45 0.00 224.00 79.44
person 0.540573 109.84 4.31 171.30 117.31
person 0.540440 168.33 24.39 224.00 188.01
bottle 0.540391 105.41 109.06 151.51 203.50
bottle 0.540264 58.10 202.02 120.62 224.00
diningtable 0.540118 160.05 0.00 224.00 97.24
bottle 0.539927 119.75 22.51 165.56 119.19
person 0.539539 104.77 0.00 191.03 197.94
bottle 0.539162 21.63 50.17 45.58 145.18
dog 0.538564 36.79 86.48 84.88 173.33
dog 0.538544 35.92 156.88 98.27 224.00
bottle 0.538374 41.27 5.35 137.24 161.62
bottle 0.538276 36.95 203.73 98.97 224.00
person 0.537986 187.98 106.66 206.91 159.41
bottle 0.537981 0.00 204.33 18.44 224.00
bottle 0.537899 22.18 148.93 70.71 224.00
person 0.537802 153.51 64.49 179.40 129.32
bottle 0.537695 0.00 208.06 33.28 224.00
person 0.537628 197.02 137.34 224.00 202.72
person 0.537507 191.68 192.57 224.00 224.00
bottle 0.537503 87.90 109.26 124.17 192.99
sheep 0.537372 22.19 56.77 46.29 150.46
dog 0.537306 21.82 60.19 46.63 157.90
bottle 0.537217 28.43 205.65 80.83 224.00
person 0.537024 154.84 80.32 177.57 141.75
bottle 0.536859 124.77 126.00 166.12 212.69
person 0.536732 121.54 23.71 196.07 173.60
person 0.536317 212.32 109.97 224.00 154.53
bottle 0.536180 127.58 113.71 172.84 188.81
bottle 0.536179 146.92 84.76 175.76 145.12
bottle 0.536142 61.90 127.32 96.33 217.66
person 0.536138 154.20 193.84 218.59 224.00
sheep 0.536133 21.80 81.39 55.58 172.32
diningtable 0.536076 40.95 0.00 142.40 103.46
person 0.535612 193.98 108.02 211.04 154.21
person 0.535276 149.05 0.00 220.71 72.03
bottle 0.535211 117.79 0.00 146.16 77.54
person 0.535176 141.52 21.85 214.53 201.15
bottle 0.534806 79.76 0.00 108.84 70.85
person 0.534791 3.42 0.00 111.40 194.55
person 0.534466 203.27 129.63 224.00 191.32
bottle 0.534427 136.24 131.09 173.31 211.90
bird 0.534311 23.86 206.25 71.88 224.00
dog 0.534211 1.04 78.93 74.27 217.44
person 0.534211 187.60 118.39 209.68 188.24
person 0.533946 189.02 9.35 219.98 67.11
chair 0.533817 154.57 133.92 224.00 224.00
bottle 0.533641 154.90 0.00 211.79 73.42
person 0.533504 161.09 122.39 182.87 185.93
person 0.533399 163.12 99.22 182.26 144.73
pottedplant 0.533227 35.57 12.59 121.68 162.36
bottle 0.533009 80.66 58.57 119.35 129.38
pottedplant 0.532971 20.87 0.00 86.43 77.04
sheep 0.532848 18.72 101.32 57.53 188.27
person 0.532817 69.42 0.00 158.47 102.46
dog 0.532803 17.97 60.44 38.26 155.24
bottle 0.532792 119.05 146.34 154.33 212.87
bottle 0.532727 18.61 58.07 38.24 147.60
person 0.532695 185.59 51.71 207.50 107.59
bottle 0.532689 150.06 119.69 177.50 186.46
bottle 0.532652 29.97 193.01 106.00 224.00
person 0.532523 181.01 121.20 202.54 187.11
bottle 0.532345 160.60 134.60 186.15 207.61
bottle 0.532304 156.57 188.22 223.87 224.00
person 0.532281 170.34 122.73 190.87 186.14
motorbike 0.532212 60.61 116.15 190.62 224.00
person 0.532144 127.50 9.21 189.18 108.29
person 0.532053 207.73 121.36 224.00 179.98
bottle 0.531977 126.05 184.26 156.90 224.00
bottle 0.531920 110.01 0.00 128.84 71.88
bottle 0.531817 20.30 32.98 45.96 119.20
bottle 0.531721 185.01 136.39 224.00 212.16
bottle 0.531709 26.29 44.92 50.68 132.56
person 0.531653 187.98 67.51 206.79 113.43
dog 0.531605 7.86 129.98 49.45 206.15
person 0.531526 181.84 103.89 203.57 149.49
person 0.531402 186.49 128.07 214.81 200.36
bottle 0.531343 148.50 133.13 179.80 209.60
bottle 0.531293 172.32 136.42 193.09 206.42
bottle 0.531168 94.78 0.00 113.95 69.39
bottle 0.531100 74.20 0.00 113.91 44.93
bottle 0.530646 141.61 93.72 172.63 159.74
sheep 0.530635 0.00 129.43 36.58 198.97
person 0.530608 153.84 204.09 210.05 224.00
dog 0.530547 0.00 127.30 8.45 192.30
dog 0.530358 41.69 72.37 88.33 152.62
dog 0.530286 11.27 67.51 30.83 150.34
person 0.530260 76.13 115.11 193.86 224.00
bottle 0.530178 78.08 0.00 115.77 25.45
person 0.530167 161.19 85.41 180.87 137.55
bottle 0.530147 0.00 73.14 8.73 132.28
pottedplant 0.530140 34.60 0.00 108.89 80.00
person 0.530063 215.36 65.32 224.00 111.45
bottle 0.529967 74.93 205.23 126.63 224.00
person 0.529941 170.81 102.56 192.20 145.70
dog 0.529929 29.81 75.37 61.61 163.60
bottle 0.529926 10.68 67.32 31.13 144.05
bottle 0.529852 156.65 98.88 175.93 150.92
bottle 0.529826 9.83 207.54 57.21 224.00
bottle 0.529823 25.91 173.91 86.30 224.00
pottedplant 0.529618 46.86 0.00 134.88 90.65
diningtable 0.529517 71.20 0.00 159.53 122.78
person 0.529473 145.69 4.75 211.20 102.08
dog 0.529306 199.01 0.00 224.00 62.69
pottedplant 0.529287 0.00 0.00 51.73 75.42
person 0.529268 180.10 66.18 201.59 116.41
person 0.529187 120.82 131.25 224.00 224.00
bottle 0.529183 79.38 142.74 111.46 207.65
bottle 0.529124 181.09 136.52 210.13 206.37
person 0.529035 180.10 109.56 202.07 169.35
bottle 0.528873 1.89 73.72 26.28 135.61
person 0.528515 166.51 70.76 190.01 123.95
bottle 0.528486 67.11 151.76 104.46 220.06
dog 0.528427 32.98 56.16 62.04 138.89
bottle 0.528279 132.76 39.89 171.75 128.18
person 0.528268 192.35 118.95 219.00 188.30
person 0.528251 182.51 24.00 208.11 91.07
person 0.528218 209.57 21.41 224.00 72.81
dog 0.528171 8.90 87.10 31.72 166.62
bottle 0.528143 52.31 60.62 106.89 127.10
bird 0.528131 0.00 0.00 18.20 23.44
bottle 0.528097 116.40 184.71 146.61 224.00
bottle 0.528026 23.11 0.00 62.45 28.24
person 0.527896 212.55 95.88 224.00 137.83
person 0.527791 213.60 52.26 224.00 102.65
pottedplant 0.527775 0.00 11.33 48.53 153.10
dog 0.527739 27.18 130.71 75.15 210.16
bottle 0.527735 89.08 207.88 133.53 224.00
bottle 0.527725 105.26 209.46 142.96 224.00
bottle 0.527720 91.56 130.79 120.91 195.90
person 0.527534 136.04 18.01 203.54 131.20
bottle 0.527442 1.10 182.72 31.50 224.00
bottle 0.527318 35.76 43.12 65.34 121.79
person 0.527302 195.53 0.00 224.00 36.22
bottle 0.527192 112.73 0.00 139.90 68.79
dog 0.527136 186.36 3.22 223.24 73.42
person 0.526977 190.64 104.04 206.97 144.18
bottle 0.526887 0.00 14.84 10.63 71.50
bottle 0.526825 111.15 149.39 144.86 210.63
dog 0.526824 0.00 75.79 8.69 137.12
bottle 0.526709 136.86 187.30 170.18 224.00
bottle 0.526704 175.15 164.69 224.00 224.00
sheep 0.526312 2.73 73.90 25.44 139.94
person 0.526174 162.96 106.65 182.69 163.24
person 0.526048 168.80 108.63 192.33 165.26
person 0.526027 204.33 111.77 224.00 154.25
person 0.526016 114.40 209.22 153.47 224.00
bottle 0.525986 0.00 181.36 11.34 224.00
bottle 0.525963 101.54 45.86 132.17 116.52
bird 0.525914 18.71 0.00 60.96 26.34
dog 0.525868 153.02 0.00 216.42 58.91
bottle 0.525632 131.17 167.46 166.71 217.73
bottle 0.525591 68.14 0.00 102.25 23.12
bottle 0.525543 90.58 149.39 118.05 203.59
bottle 0.525485 17.24 12.47 46.46 100.23
dog 0.525383 0.00 140.70 54.35 224.00
person 0.525133 214.26 85.03 224.00 127.83
dog 0.525130 14.89 100.38 43.74 183.48
bottle 0.525020 142.52 0.00 185.89 33.42
bottle 0.524935 98.67 0.00 126.05 64.83
bottle 0.524918 91.40 0.00 126.95 25.34
person 0.524911 181.73 83.93 203.28 126.15
person 0.524906 138.39 208.92 185.53 224.00
dog 0.524799 0.00 114.25 8.12 175.33
bottle 0.524702 99.74 8.16 115.19 74.23
bottle 0.524580 176.49 153.26 211.50 213.78
sheep 0.524536 0.00 113.15 24.54 178.02
bottle 0.524417 49.13 50.75 90.19 117.63
bird 0.524298 0.00 167.94 9.48 224.00
person 0.524255 212.71 34.70 224.00 88.44
bottle 0.524246 69.73 179.90 118.67 224.00
dog 0.524149 22.70 104.50 62.23 188.07
person 0.524048 194.00 77.19 211.07 114.64
person 0.524004 191.19 86.38 207.67 126.01
bottle 0.523976 100.87 138.44 135.53 205.37
bottle 0.523859 61.40 47.96 108.15 105.37
bird 0.523797 0.00 0.00 12.50 49.81
person 0.523740 148.62 0.00 209.65 39.53
person 0.523739 130.22 209.36 171.37 224.00
bottle 0.523658 0.00 60.15 9.46 117.22
bottle 0.523622 59.75 16.26 95.38 88.12
sheep 0.523470 0.54 140.83 48.72 211.49
dog 0.523420 7.14 105.88 34.21 179.26
dog 0.523400 0.00 145.40 8.84 211.79
bottle 0.523229 110.93 30.13 142.33 105.86
person 0.523216 195.38 87.63 211.31 125.41
bottle 0.523127 5.45 12.88 46.55 71.95
bird 0.523093 0.00 0.00 30.03 20.50
bottle 0.523086 16.42 174.97 62.60 224.00
sheep 0.522988 0.00 156.86 8.90 219.20
person 0.522914 195.23 99.06 211.03 136.26
person 0.522864 203.43 107.03 219.51 144.71
bottle 0.522851 103.76 0.00 136.18 23.19
bottle 0.522846 136.35 0.00 174.12 29.33
sheep 0.522806 1.18 166.00 36.32 224.00
bottle 0.522680 58.07 0.00 92.33 23.54
sheep 0.522617 0.20 83.07 23.91 157.01
bottle 0.522503 10.26 178.55 48.85 224.00
bottle 0.522418 93.46 49.31 119.69 112.37
person 0.522408 164.34 44.73 191.45 115.08
bottle 0.522386 68.06 0.00 100.28 44.20
bottle 0.522232 20.49 199.52 75.60 224.00
person 0.522210 159.48 172.16 194.89 219.57
bottle 0.522114 101.26 23.20 117.15 84.21
bottle 0.521952 141.60 170.94 179.23 219.92
bottle 0.521929 52.59 11.13 85.28 84.63
person 0.521887 170.21 91.17 190.84 134.20
bottle 0.521881 100.94 186.18 133.67 224.00
bottle 0.521717 2.04 46.38 28.48 107.35
bottle 0.521676 72.63 54.25 113.01 114.22
bird 0.521670 4.92 0.00 41.30 21.21
bottle 0.521629 88.41 0.00 125.11 46.52
bottle 0.521572 85.43 164.87 115.92 210.71
bottle 0.521529 115.81 0.00 146.36 22.51
bottle 0.521359 125.78 0.00 159.43 24.81
dog 0.521328 25.79 118.06 120.06 224.00
dog 0.521298 163.04 0.00 215.09 38.62
sheep 0.521262 11.41 159.25 53.54 224.00
bird 0.520865 1.11 0.00 38.01 52.35
bottle 0.520856 56.06 36.60 95.33 101.33
dog 0.520781 0.00 88.87 7.73 154.55
person 0.520712 182.62 95.64 204.21 133.53
bird 0.520588 13.30 0.00 54.99 56.85
person 0.520421 146.69 190.23 189.00 224.00
bottle 0.520400 40.55 0.00 80.01 25.09
bottle 0.520302 115.28 15.46 139.60 87.67
bird 0.520279 5.46 7.45 42.82 62.42
bottle 0.520276 136.37 0.00 180.15 55.74
bottle 0.520259 69.13 22.77 106.63 92.59
bottle 0.520236 11.41 40.96 34.15 110.06
bottle 0.520184 99.09 38.76 118.26 97.76
bottle 0.520141 152.38 172.28 189.35 220.01
bottle 0.519910 46.14 27.51 81.19 102.46
bottle 0.519880 85.34 23.53 111.76 88.37
bottle 0.519810 0.00 34.53 9.43 92.82
bottle 0.519740 31.04 18.21 63.50 103.68
person 0.519583 203.29 67.40 219.26 110.48
bottle 0.519581 105.46 34.79 126.77 98.98
bottle 0.519464 4.19 202.39 46.06 224.00
bottle 0.519447 103.74 0.00 135.67 47.75
person 0.519441 142.89 17.55 180.48 104.58
person 0.519181 163.70 19.05 194.51 96.03
bottle 0.518957 81.85 44.23 113.38 101.18
bottle 0.518898 123.35 199.37 158.03 224.00
bottle 0.518856 145.37 183.17 186.03 221.42
person 0.518781 204.09 98.78 217.59 136.69
bottle 0.518726 19.54 0.00 70.20 51.25
bottle 0.518578 126.49 0.00 161.96 52.73
bottle 0.518404 108.78 20.98 123.58 82.82
dog 0.518081 185.16 0.00 224.00 37.44
bottle 0.518074 3.69 28.73 31.70 91.62
bird 0.517640 7.83 0.00 48.29 39.46
person 0.517565 154.40 185.52 198.53 222.67
bottle 0.517479 100.32 171.33 130.97 214.17
person 0.517398 199.76 53.27 219.54 103.87
person 0.517118 205.72 77.66 218.67 115.86
bottle 0.517073 12.55 22.28 35.24 92.73
bottle 0.517017 57.88 0.00 90.75 45.70
person 0.516847 132.74 201.41 168.70 224.00
bottle 0.516632 87.68 175.24 121.49 216.95
person 0.516086 205.87 87.58 218.06 126.01
bottle 0.515787 81.62 195.68 129.60 224.00
person 0.515093 197.17 31.02 218.87 87.99
bottle 0.515030 33.81 0.00 77.71 48.14
