motorbike 0.596949 30.95 22.92 224.00 188.88
person 0.581542 22.57 58.06 62.14 159.06
motorbike 0.581086 56.22 59.85 145.34 165.60
motorbike 0.580262 29.33 10.11 168.85 146.38
person 0.570864 42.74 5.02 188.00 147.63
motorbike 0.570372 54.13 86.22 128.30 183.89
person 0.569571 0.00 53.12 79.40 149.21
person 0.568732 47.86 10.44 130.05 100.76
motorbike 0.568346 69.09 10.24 156.14 96.70
motorbike 0.566891 5.53 63.11 183.83 189.08
bicycle 0.564555 19.86 118.28 85.58 209.06
horse 0.563422 55.87 93.61 120.90 184.86
horse 0.562760 0.00 40.77 80.61 137.52
dog 0.561247 4.63 40.82 68.46 135.68
person 0.561045 14.71 66.72 85.18 168.34
person 0.558539 57.69 89.16 122.87 191.58
bicycle 0.558393 18.02 69.52 86.91 168.48
horse 0.557724 12.14 122.61 88.07 210.17
bicycle 0.557699 28.99 109.25 73.15 201.62
person 0.557100 15.74 34.37 62.12 134.42
motorbike 0.555802 58.52 54.42 204.89 199.44
horse 0.555292 82.39 9.61 152.00 90.91
horse 0.553569 9.25 64.67 89.45 160.80
person 0.553415 43.03 65.99 130.50 165.92
person 0.552039 51.27 40.32 122.12 137.45
motorbike 0.551271 53.38 11.95 131.56 106.07
motorbike 0.550217 83.44 63.98 147.48 155.74
horse 0.549811 5.48 102.98 45.54 183.81
horse 0.549755 3.05 44.78 48.97 134.11
person 0.549074 6.26 54.61 49.27 160.89
person 0.547893 15.45 37.88 104.49 172.77
motorbike 0.547591 54.68 40.99 123.52 139.38
dog 0.546956 2.72 57.84 49.54 130.43
person 0.546642 22.83 63.70 99.40 148.07
motorbike 0.546407 73.63 134.53 138.19 204.30
person 0.546160 24.05 95.97 88.50 184.28
person 0.545971 24.60 84.05 130.55 183.21
horse 0.545708 0.00 103.98 28.50 179.23
horse 0.545342 42.83 111.38 112.73 190.61
person 0.544076 17.72 81.88 60.18 170.38
dog 0.542534 0.00 55.19 33.29 125.50
cow 0.542407 82.75 136.97 134.60 203.81
person 0.541896 33.47 15.49 127.32 132.40
cow 0.541772 21.86 129.59 104.27 205.60
horse 0.541728 0.00 87.14 19.78 160.47
horse 0.541709 0.00 62.14 29.80 139.06
motorbike 0.540222 92.28 30.92 145.05 119.16
cow 0.540042 63.07 127.61 138.43 201.19
person 0.539782 0.07 34.97 44.83 133.25
horse 0.539288 7.45 92.84 63.15 182.30
person 0.538950 0.00 86.48 41.00 178.12
motorbike 0.538654 95.14 50.88 143.54 141.30
car 0.538541 209.30 8.82 224.00 50.56
person 0.538260 44.99 31.52 109.66 108.28
person 0.538215 22.43 1.52 81.89 95.98
motorbike 0.537447 197.52 108.78 224.00 224.00
motorbike 0.537268 58.07 115.85 137.73 198.30
bicycle 0.537094 30.41 107.65 97.94 196.24
dog 0.536772 0.00 146.03 12.04 211.46
dog 0.536744 10.50 7.17 44.54 90.41
dog 0.536492 17.81 143.72 88.52 212.39
car 0.535785 88.45 142.30 136.36 202.06
person 0.535671 52.87 0.00 162.96 98.61
motorbike 0.535572 178.68 42.39 224.00 158.67
motorbike 0.535142 72.16 77.70 136.59 166.73
dog 0.535041 2.37 7.40 34.33 85.27
person 0.533639 53.94 12.31 110.84 82.31
dog 0.533623 0.00 1.94 13.52 73.34
horse 0.533558 4.65 67.20 54.28 151.94
motorbike 0.533302 190.33 183.55 224.00 224.00
dog 0.532947 49.03 10.86 101.02 80.89
motorbike 0.532840 161.41 11.42 210.54 57.52
motorbike 0.532439 111.20 70.11 160.40 142.62
cow 0.531599 48.20 134.61 121.89 202.17
dog 0.531503 0.00 123.00 16.52 189.80
motorbike 0.531382 190.12 81.70 224.00 198.40
dog 0.531225 0.00 195.95 17.78 224.00
person 0.531128 209.72 205.05 224.00 224.00
dog 0.531074 0.00 144.80 25.58 211.41
person 0.531022 219.25 60.06 224.00 108.35
motorbike 0.530756 102.54 177.01 205.05 224.00
person 0.530706 0.00 0.00 117.19 155.99
person 0.530608 0.00 117.27 40.32 207.48
motorbike 0.530598 95.91 151.20 140.81 198.68
motorbike 0.530554 72.93 27.76 198.96 149.40
dog 0.530245 23.64 10.44 51.25 88.98
person 0.530226 174.62 0.00 224.00 59.97
sheep 0.530204 0.00 174.76 12.64 219.77
person 0.530085 29.11 47.07 70.04 122.61
dog 0.530010 17.46 168.05 81.42 215.19
dog 0.529915 41.51 12.36 84.52 88.81
motorbike 0.529647 160.10 74.90 183.99 120.56
motorbike 0.529620 70.20 78.69 224.00 224.00
person 0.529529 24.91 41.46 57.48 115.92
person 0.529224 0.00 0.00 47.96 70.39
dog 0.529174 0.00 21.78 16.54 91.84
motorbike 0.528950 145.46 122.99 171.22 172.15
horse 0.528938 15.31 146.37 119.11 224.00
motorbike 0.528891 147.57 187.21 224.00 224.00
motorbike 0.528864 165.49 23.24 224.00 138.22
motorbike 0.528825 148.99 74.01 175.77 123.87
sheep 0.528791 0.00 199.32 27.30 224.00
motorbike 0.528690 136.21 72.38 167.67 130.26
dog 0.528181 132.52 210.63 175.86 224.00
car 0.528036 208.27 0.00 224.00 29.68
dog 0.528009 120.04 211.34 163.01 224.00
dog 0.527918 20.57 200.47 74.31 224.00
person 0.527792 216.51 46.99 224.00 89.24
person 0.527785 37.38 0.00 118.11 83.03
person 0.527744 0.00 156.59 53.49 224.00
person 0.527418 116.31 0.00 152.74 15.26
cow 0.527415 170.30 209.12 205.95 224.00
dog 0.527185 1.60 44.47 37.21 107.69
dog 0.527176 151.09 209.01 189.42 224.00
person 0.527018 16.87 115.73 73.85 198.61
bicycle 0.526970 39.61 140.46 155.00 224.00
person 0.526919 97.28 8.75 150.03 69.96
dog 0.526779 3.03 0.00 28.83 69.02
dog 0.526768 7.94 145.93 48.39 210.45
cow 0.526715 59.62 211.18 105.47 224.00
horse 0.526704 176.77 0.00 224.00 106.69
dog 0.526688 35.19 11.92 58.39 87.16
motorbike 0.526502 171.43 72.89 193.18 111.05
sheep 0.526433 0.00 163.78 24.49 213.22
person 0.526376 0.00 0.00 17.17 26.10
dog 0.526349 0.00 40.62 20.39 104.09
motorbike 0.526269 219.52 74.17 224.00 122.86
cow 0.526248 220.00 160.51 224.00 198.33
person 0.526176 40.06 17.02 83.55 96.85
dog 0.526148 106.45 211.14 143.36 224.00
bicycle 0.526115 11.45 107.15 161.77 215.13
cow 0.526061 90.18 211.18 127.59 224.00
motorbike 0.526040 0.00 76.07 156.04 224.00
cow 0.526040 184.79 210.83 217.93 224.00
car 0.525990 194.53 11.01 217.04 47.38
motorbike 0.525984 130.04 83.75 166.63 144.03
horse 0.525980 13.45 113.72 74.27 192.31
car 0.525928 185.16 12.88 212.39 47.85
dog 0.525646 97.87 210.75 133.37 224.00
horse 0.525522 11.84 109.13 152.61 212.67
motorbike 0.525495 154.94 9.24 197.03 51.43
motorbike 0.525331 64.08 13.95 122.16 69.93
car 0.525285 107.09 156.60 143.62 194.50
motorbike 0.525229 97.41 79.74 152.95 153.07
horse 0.525225 170.20 23.67 207.09 59.61
motorbike 0.525113 77.71 105.31 135.70 180.88
horse 0.525076 8.56 156.46 86.05 224.00
motorbike 0.525012 122.17 90.50 162.90 151.66
motorbike 0.525004 194.57 69.58 212.50 107.21
motorbike 0.524978 142.44 108.44 168.24 158.58
cow 0.524796 195.59 208.83 224.00 224.00
person 0.524767 9.20 0.00 68.03 74.39
car 0.524757 204.76 14.99 223.69 60.70
person 0.524745 212.15 37.07 224.00 78.83
motorbike 0.524710 180.44 14.11 212.98 50.44
cow 0.524670 23.52 151.83 90.35 214.57
motorbike 0.524616 166.91 23.79 205.88 60.76
motorbike 0.524507 88.56 13.17 147.48 84.74
cow 0.524368 36.48 206.96 89.36 224.00
person 0.524348 20.33 30.72 51.12 111.55
dog 0.524319 7.10 39.86 46.41 115.91
motorbike 0.524228 52.25 143.93 165.49 224.00
motorbike 0.524148 220.00 104.22 224.00 141.14
motorbike 0.524098 194.35 157.34 224.00 224.00
motorbike 0.523944 110.84 7.23 149.38 50.10
sheep 0.523849 6.62 201.92 45.34 224.00
motorbike 0.523777 135.80 98.37 166.83 150.34
car 0.523767 155.27 162.78 176.28 185.61
motorbike 0.523703 179.21 77.15 201.53 116.24
cow 0.523693 220.00 149.07 224.00 181.31
person 0.523685 126.53 0.00 160.79 15.94
cow 0.523569 220.00 171.67 224.00 211.92
motorbike 0.523556 170.28 81.49 192.72 125.73
motorbike 0.523531 134.84 120.05 163.84 169.47
motorbike 0.523360 220.00 120.59 224.00 154.98
car 0.523336 86.52 0.00 135.00 13.07
person 0.523224 113.10 7.56 150.15 44.70
person 0.523152 136.55 0.00 173.34 15.44
motorbike 0.523127 119.70 2.88 149.47 30.12
motorbike 0.523067 186.26 77.62 207.03 114.85
aeroplane 0.523030 58.51 11.00 104.64 62.87
motorbike 0.523019 109.59 98.45 213.67 215.74
person 0.522847 33.76 17.50 56.30 96.50
motorbike 0.522816 219.95 129.82 224.00 163.20
motorbike 0.522735 207.50 24.93 223.80 68.76
car 0.522696 164.25 164.01 184.16 183.27
motorbike 0.522582 108.82 103.31 154.27 163.75
cow 0.522545 220.00 140.01 224.00 172.39
motorbike 0.522475 156.74 25.36 189.00 64.26
motorbike 0.522421 151.43 128.65 180.47 171.17
person 0.522381 146.55 0.00 187.33 16.19
horse 0.522369 101.48 0.00 146.17 15.15
dog 0.522294 0.00 0.00 12.82 42.03
motorbike 0.522242 138.59 9.68 178.20 45.30
motorbike 0.522228 116.20 0.00 152.29 18.22
motorbike 0.522205 154.44 69.43 177.61 109.96
person 0.522203 155.33 0.00 195.95 18.36
car 0.522083 146.33 162.97 169.77 187.71
motorbike 0.521888 143.87 66.52 170.22 114.00
person 0.521887 82.49 0.00 176.73 63.93
motorbike 0.521813 145.49 139.43 171.18 185.23
car 0.521652 122.02 160.97 152.26 191.59
motorbike 0.521630 141.53 88.92 172.55 140.34
motorbike 0.521545 207.42 66.78 221.68 111.50
motorbike 0.521453 90.28 13.83 193.45 118.81
motorbike 0.521419 195.61 85.70 213.00 119.41
motorbike 0.521244 89.22 95.15 140.96 169.84
horse 0.521221 8.31 132.63 47.34 203.65
motorbike 0.521141 88.18 144.67 206.62 224.00
cow 0.521122 219.92 181.73 224.00 222.01
person 0.521118 117.50 0.00 195.33 53.85
cow 0.521089 90.42 152.21 124.37 216.09
motorbike 0.521054 94.59 8.88 155.57 64.19
person 0.521038 20.94 126.74 108.90 214.40
motorbike 0.521023 195.32 57.14 212.64 89.81
cow 0.520901 188.54 164.10 202.13 180.43
cow 0.520867 174.67 163.90 191.69 181.18
cow 0.520692 28.27 175.33 86.98 217.15
motorbike 0.520684 166.01 1.73 204.05 50.39
cow 0.520677 43.57 158.11 99.16 212.30
person 0.520588 139.59 0.00 207.53 48.63
car 0.520577 190.13 0.00 216.46 25.61
sheep 0.520544 0.31 188.42 22.51 224.00
motorbike 0.520418 186.86 67.11 206.95 100.54
motorbike 0.520375 196.86 97.93 212.21 125.30
motorbike 0.520325 197.94 109.43 211.39 131.54
cow 0.520306 181.65 180.74 196.82 203.92
motorbike 0.520279 121.49 60.17 158.46 121.28
car 0.520260 72.56 0.00 114.80 11.70
car 0.520260 133.86 163.47 162.34 189.85
motorbike 0.520151 163.96 70.69 185.16 107.01
motorbike 0.520139 182.26 25.89 212.20 58.77
motorbike 0.519971 71.48 3.88 116.59 45.60
cow 0.519953 182.80 163.88 197.67 179.83
cow 0.519911 179.03 189.80 199.14 219.04
cow 0.519903 215.08 196.08 224.00 224.00
cow 0.519853 91.49 175.36 123.88 224.00
motorbike 0.519838 193.60 49.26 212.06 76.65
motorbike 0.519759 152.35 140.57 176.36 183.17
dog 0.519672 15.50 0.00 52.14 55.48
car 0.519669 188.07 0.03 214.14 40.02
car 0.519656 0.00 0.00 27.97 20.21
motorbike 0.519620 188.52 38.73 211.70 66.50
person 0.519592 169.30 0.00 204.29 23.12
motorbike 0.519582 177.15 37.48 204.07 65.41
cow 0.519388 186.77 182.89 203.01 203.94
motorbike 0.519362 152.87 0.75 192.39 39.40
dog 0.519342 43.22 8.79 80.33 61.20
motorbike 0.519259 189.46 97.87 206.78 126.28
dog 0.519234 10.40 0.00 49.98 15.62
cow 0.519140 186.97 158.54 201.69 176.52
car 0.519100 179.35 0.00 209.46 25.26
motorbike 0.519024 144.00 56.64 169.33 100.51
motorbike 0.518990 198.00 118.46 210.72 139.43
motorbike 0.518924 206.52 55.35 219.81 94.77
aeroplane 0.518909 60.53 4.46 100.31 42.50
motorbike 0.518798 194.59 136.45 209.28 158.90
motorbike 0.518730 138.56 3.00 173.52 33.00
car 0.518706 49.12 0.00 86.81 12.42
dog 0.518591 19.17 0.00 61.37 16.61
motorbike 0.518585 154.78 91.61 180.37 136.34
motorbike 0.518585 196.16 127.13 209.82 149.24
cow 0.518584 192.41 156.67 207.56 175.38
car 0.518535 162.21 157.22 183.70 181.21
motorbike 0.518509 167.17 134.66 190.71 168.13
cow 0.518492 193.19 163.71 207.39 181.12
motorbike 0.518427 180.68 69.11 201.29 101.37
motorbike 0.518376 144.57 23.32 178.08 67.80
person 0.518346 161.82 0.00 201.76 36.74
cow 0.518313 101.09 147.69 137.60 202.87
dog 0.518289 8.18 0.00 40.53 58.80
motorbike 0.518228 167.29 125.40 190.15 157.81
cow 0.518222 184.41 191.71 205.39 218.29
aeroplane 0.518219 116.08 161.88 146.63 210.26
motorbike 0.518196 110.19 19.00 157.69 76.23
motorbike 0.518183 191.34 126.79 205.59 149.24
motorbike 0.518158 189.34 137.13 204.19 160.54
cow 0.518138 188.54 168.15 202.23 185.79
motorbike 0.518096 154.20 118.07 177.29 154.28
cow 0.518061 182.66 172.47 197.02 193.41
cow 0.518047 193.23 146.99 208.17 168.13
cow 0.518027 187.53 174.70 202.45 194.55
cow 0.518025 183.61 166.70 197.34 184.56
cow 0.518025 172.55 159.01 191.32 178.69
motorbike 0.518014 155.63 60.25 176.57 96.05
car 0.517978 38.25 0.00 77.66 14.21
motorbike 0.517957 183.06 96.27 201.23 126.99
car 0.517884 199.35 0.00 218.32 39.36
motorbike 0.517862 192.61 118.82 206.55 139.54
dog 0.517826 33.41 6.87 60.69 63.97
dog 0.517698 30.54 0.00 63.22 42.51
motorbike 0.517693 145.46 43.70 169.79 84.47
dog 0.517680 41.56 0.00 78.60 40.14
motorbike 0.517623 187.14 48.95 208.43 74.76
aeroplane 0.517622 140.82 175.13 167.88 211.88
motorbike 0.517613 188.72 58.50 208.07 89.02
aeroplane 0.517471 151.39 176.74 172.83 208.83
motorbike 0.517466 191.67 109.66 206.70 131.85
motorbike 0.517452 122.56 9.55 203.52 112.05
dog 0.517418 123.59 186.41 160.40 224.00
dog 0.517376 15.30 0.00 60.00 29.04
motorbike 0.517271 95.56 130.44 140.74 190.09
motorbike 0.517260 203.55 48.70 218.28 83.12
motorbike 0.517207 131.81 137.34 162.36 184.93
motorbike 0.517190 157.91 35.12 181.39 69.67
motorbike 0.517179 208.95 107.24 220.24 134.27
dog 0.517099 9.43 173.65 46.71 213.22
cow 0.517086 187.70 149.28 202.32 170.74
motorbike 0.517069 99.62 0.00 193.38 84.41
motorbike 0.517048 207.24 84.45 221.56 122.51
cow 0.516982 180.63 159.93 197.09 177.02
dog 0.516953 137.87 189.07 171.60 224.00
cow 0.516942 176.54 167.18 191.21 185.09
motorbike 0.516935 119.78 48.39 156.97 106.51
motorbike 0.516925 165.74 36.01 190.89 65.89
motorbike 0.516840 208.25 96.40 221.29 128.16
cow 0.516839 157.55 143.30 182.23 180.51
cow 0.516820 76.30 155.19 119.39 214.94
dog 0.516780 0.00 0.00 27.12 39.67
motorbike 0.516767 135.52 156.37 216.42 224.00
aeroplane 0.516758 154.88 169.43 173.02 198.21
motorbike 0.516630 117.86 36.02 155.72 90.68
dog 0.516500 120.15 183.67 148.70 224.00
motorbike 0.516458 127.11 0.00 204.08 77.98
cow 0.516431 49.91 179.83 99.37 223.42
aeroplane 0.516421 175.81 179.46 189.90 202.23
motorbike 0.516411 147.12 33.35 172.97 74.52
aeroplane 0.516401 120.46 166.38 156.58 211.53
motorbike 0.516337 156.53 46.05 177.45 78.71
aeroplane 0.516309 172.92 188.46 191.73 218.16
aeroplane 0.516155 104.42 155.65 136.02 211.32
car 0.516152 177.24 0.00 209.38 41.33
cow 0.516087 193.70 168.58 207.47 187.76
motorbike 0.516057 82.04 0.00 139.37 42.81
motorbike 0.516046 154.74 108.66 177.97 143.39
dog 0.516041 95.49 175.20 127.05 224.00
dog 0.515953 165.03 201.03 195.94 224.00
motorbike 0.515851 183.16 127.19 200.65 150.88
motorbike 0.515851 207.93 115.87 218.97 141.71
motorbike 0.515838 169.37 119.69 189.84 146.73
motorbike 0.515801 181.94 137.77 199.48 162.71
aeroplane 0.515800 163.55 178.10 180.40 204.08
aeroplane 0.515731 145.08 168.24 166.97 199.81
motorbike 0.515682 75.82 0.00 128.78 20.19
cow 0.515518 194.31 181.70 208.34 203.30
motorbike 0.515441 198.10 38.19 217.01 71.69
motorbike 0.515440 111.43 134.41 150.34 186.52
cow 0.515417 176.51 172.25 190.55 192.65
car 0.515368 165.14 171.40 181.24 194.48
aeroplane 0.515353 129.16 171.23 162.13 212.67
motorbike 0.515277 106.08 0.34 154.00 37.70
aeroplane 0.515245 160.74 188.11 182.17 221.44
cow 0.515230 193.69 174.91 207.74 196.01
dog 0.515225 141.90 202.62 179.27 224.00
cow 0.515199 170.01 148.54 190.59 177.52
dog 0.515184 8.65 0.00 51.44 36.32
cow 0.515095 178.48 204.55 209.97 224.00
motorbike 0.515085 184.77 119.27 201.41 140.59
motorbike 0.514957 185.02 109.21 201.34 132.32
dog 0.514956 24.82 0.00 68.06 24.30
motorbike 0.514857 191.67 25.22 215.82 61.83
cow 0.514850 45.02 200.38 97.64 224.00
cow 0.514825 77.48 177.27 117.21 224.00
cow 0.514812 193.23 189.61 211.02 216.35
cow 0.514790 31.89 196.91 86.13 224.00
motorbike 0.514768 205.64 124.44 217.91 150.31
motorbike 0.514767 171.18 108.98 190.33 136.27
dog 0.514658 90.28 200.91 126.33 224.00
dog 0.514491 116.03 205.94 152.11 224.00
motorbike 0.514419 166.19 61.56 184.75 91.54
motorbike 0.514345 204.59 133.93 217.47 159.20
dog 0.514334 107.55 179.10 136.19 224.00
dog 0.514250 124.03 206.48 168.21 224.00
cow 0.514103 180.54 150.89 197.30 173.09
cow 0.513966 70.24 0.00 117.94 20.97
motorbike 0.513959 183.09 60.36 202.76 88.69
aeroplane 0.513957 130.62 165.56 160.02 200.14
sheep 0.513936 36.51 0.00 78.65 21.19
cow 0.513818 204.37 160.30 217.14 183.85
cow 0.513651 204.10 153.41 216.92 176.31
cow 0.513630 204.33 144.23 217.03 168.14
motorbike 0.513588 166.47 47.37 185.98 73.69
dog 0.513503 16.49 188.03 69.25 224.00
cow 0.513423 205.11 165.18 217.53 191.53
motorbike 0.513277 175.58 61.02 194.56 89.06
motorbike 0.513179 175.49 48.40 195.92 72.06
cow 0.513142 206.06 170.51 217.93 199.53
dog 0.512902 77.16 201.71 118.94 224.00
sheep 0.512652 48.39 0.00 89.15 20.04
cow 0.512169 207.09 176.84 218.58 205.73
cow 0.512084 64.22 202.15 110.33 224.00
cow 0.512038 207.12 185.38 219.42 217.27
cow 0.511884 201.03 200.77 220.90 224.00
aeroplane 0.511666 56.06 0.00 97.89 20.04
