bus 0.590276 75.72 98.95 185.68 177.73
tvmonitor 0.577219 65.99 111.78 160.49 187.00
dog 0.576574 66.03 114.24 160.97 188.48
car 0.572011 71.14 99.20 190.60 181.13
cat 0.559472 60.32 113.39 159.71 190.48
motorbike 0.557148 138.16 28.34 164.82 59.34
bus 0.554179 72.67 116.84 159.64 183.09
bicycle 0.550200 165.36 39.29 185.06 71.66
bicycle 0.550197 104.47 65.09 152.04 96.93
car 0.549126 214.87 32.43 223.93 68.16
dog 0.546706 72.56 138.60 154.61 187.31
aeroplane 0.545213 39.40 1.42 79.33 68.52
motorbike 0.545101 11.15 116.28 38.97 151.33
bicycle 0.545017 155.67 33.76 179.58 66.49
car 0.544339 63.44 118.51 159.19 185.46
horse 0.543523 0.00 0.00 104.36 129.54
car 0.543402 197.70 65.30 214.32 91.45
sofa 0.541849 206.81 63.18 222.79 94.37
car 0.541125 161.55 32.64 185.77 67.50
car 0.540607 0.00 113.36 16.40 159.11
cow 0.540223 11.99 116.45 40.39 149.02
dog 0.540034 74.32 122.60 148.56 174.60
motorbike 0.539930 154.55 32.66 180.16 67.63
sofa 0.539804 202.92 63.61 217.05 91.96
motorbike 0.538867 144.71 32.62 174.39 66.72
person 0.538857 0.00 0.00 147.50 168.01
person 0.538181 0.00 110.11 17.08 159.35
bicycle 0.537900 145.41 31.96 173.67 63.21
sofa 0.537581 210.99 52.72 222.88 86.90
person 0.537353 15.63 113.55 43.53 147.60
car 0.537188 0.00 98.84 69.10 194.48
car 0.536981 73.61 111.42 198.61 207.16
horse 0.536895 63.65 65.08 198.95 183.85
person 0.535879 167.90 45.07 224.00 175.24
car 0.535528 16.90 100.65 135.17 186.17
car 0.535499 196.38 33.13 213.88 63.23
motorbike 0.535484 102.69 63.06 160.99 94.79
sofa 0.535411 213.39 43.98 222.79 80.93
motorbike 0.535188 135.49 33.52 169.29 63.74
car 0.535113 207.47 33.14 217.73 65.41
person 0.534996 5.97 113.82 37.36 160.67
cow 0.534956 133.79 22.19 157.76 59.96
cow 0.534942 25.30 111.29 51.12 141.87
train 0.534890 2.55 0.00 132.98 132.08
bicycle 0.534645 174.08 43.87 193.55 74.33
sheep 0.534354 104.67 213.91 142.53 224.00
car 0.534343 167.71 57.36 224.00 183.03
sheep 0.534265 47.76 107.90 69.21 137.16
car 0.534197 0.00 204.91 19.26 224.00
sheep 0.533971 38.05 109.37 61.18 137.94
sofa 0.533680 196.63 56.74 215.03 85.81
aeroplane 0.533415 86.46 114.02 173.86 174.42
person 0.533274 180.34 20.80 224.00 157.38
dog 0.533048 73.95 159.96 170.04 224.00
aeroplane 0.532856 15.47 0.00 64.83 48.11
car 0.532682 216.79 21.08 222.39 56.95
aeroplane 0.532653 32.25 0.00 81.89 45.48
car 0.532628 0.00 209.54 35.68 224.00
car 0.532570 170.19 38.11 191.41 69.33
bicycle 0.532555 79.40 110.73 196.57 202.57
car 0.532414 183.72 33.41 203.88 63.79
sheep 0.532272 66.66 126.72 143.38 175.79
sofa 0.532114 210.70 71.61 223.64 106.64
aeroplane 0.532013 5.49 144.24 45.90 200.15
dog 0.532009 84.59 117.40 170.47 176.60
car 0.531886 191.24 66.51 207.44 91.62
car 0.531600 5.65 135.10 48.41 190.02
bicycle 0.531528 177.60 52.00 195.66 80.21
bicycle 0.531455 173.63 66.56 191.53 102.43
car 0.531256 197.56 39.57 214.37 70.54
dog 0.531191 42.04 9.91 81.44 76.82
sofa 0.531144 204.99 54.67 217.50 85.48
sheep 0.530621 121.85 212.84 155.42 224.00
car 0.530448 0.00 124.17 45.50 220.67
car 0.530292 219.02 104.39 224.00 139.04
sheep 0.530187 61.31 131.05 117.67 172.82
car 0.530182 9.89 96.95 95.07 185.17
bicycle 0.529967 162.39 67.15 184.89 102.71
person 0.529964 77.85 110.51 177.73 191.01
car 0.529956 0.00 162.06 51.76 224.00
bicycle 0.529824 183.78 68.79 200.05 99.54
sheep 0.529806 92.28 213.62 131.94 224.00
dog 0.529733 48.43 64.67 76.46 107.17
person 0.529680 0.00 29.68 131.46 210.66
car 0.529661 186.79 39.81 205.42 70.36
aeroplane 0.529619 25.42 7.74 69.48 61.02
aeroplane 0.529617 210.23 0.00 224.00 24.30
bicycle 0.529500 117.67 61.48 172.95 92.66
car 0.529264 197.22 47.56 214.95 78.50
person 0.529217 192.47 0.00 224.00 65.03
aeroplane 0.529179 21.62 12.38 54.98 58.98
motorbike 0.529002 65.47 77.56 202.66 183.72
cow 0.528708 37.21 112.81 61.65 140.14
horse 0.528614 3.85 23.33 127.45 158.75
bicycle 0.528566 188.92 57.27 207.43 85.66
motorbike 0.528468 171.50 71.59 192.28 109.86
bicycle 0.528412 188.45 47.93 206.98 78.08
motorbike 0.528269 141.19 44.36 173.95 71.29
motorbike 0.528073 160.21 72.76 185.25 110.45
bicycle 0.528013 135.60 62.42 176.57 93.87
person 0.527893 210.01 206.35 224.00 224.00
dog 0.527806 71.29 67.74 198.88 194.78
person 0.527736 193.68 0.72 224.00 123.04
sheep 0.527704 53.29 106.42 77.00 136.63
person 0.527688 182.09 179.67 224.00 224.00
car 0.527680 217.12 93.49 224.00 130.01
person 0.527622 100.23 0.00 224.00 168.18
person 0.527425 3.78 85.48 131.73 189.59
person 0.527383 26.20 108.16 50.00 139.36
aeroplane 0.527337 218.17 11.54 222.81 47.37
bicycle 0.527336 149.96 69.08 180.10 102.01
bicycle 0.527320 171.58 53.43 187.42 83.33
bicycle 0.527252 148.77 43.58 176.10 69.94
car 0.527112 0.00 121.57 12.02 171.42
bicycle 0.527102 173.79 60.51 190.12 92.21
car 0.527070 219.48 112.89 224.00 147.30
sofa 0.527030 207.04 45.67 217.14 78.89
person 0.526925 54.37 71.18 77.38 110.38
dog 0.526890 0.00 0.00 83.04 71.59
motorbike 0.526746 132.00 23.64 158.86 60.02
motorbike 0.526674 9.69 121.05 42.88 162.61
car 0.526619 180.92 73.18 199.50 106.54
car 0.526598 0.00 77.42 113.70 224.00
dog 0.526566 0.00 0.00 131.17 93.06
train 0.526518 53.07 162.82 145.46 224.00
bicycle 0.526486 136.69 69.80 174.21 101.14
dog 0.526317 109.68 171.87 196.17 224.00
car 0.526184 220.00 138.91 224.00 177.91
sheep 0.526182 138.84 213.16 171.56 224.00
aeroplane 0.526180 34.37 0.00 84.23 14.07
dog 0.526161 43.68 33.68 77.20 87.69
sheep 0.526098 62.41 123.01 109.90 163.63
motorbike 0.526014 119.20 14.51 174.12 104.17
sheep 0.526012 64.64 145.90 136.79 190.59
car 0.525998 5.30 0.00 102.36 75.28
bicycle 0.525993 181.78 59.64 197.60 86.30
sheep 0.525972 74.61 120.05 134.30 163.95
car 0.525959 214.19 80.38 224.00 118.09
dog 0.525955 0.00 59.27 7.98 99.71
car 0.525943 47.84 57.98 182.08 188.90
car 0.525874 0.00 187.32 28.38 224.00
car 0.525844 165.42 101.79 224.00 214.41
sheep 0.525833 51.41 101.90 74.22 130.86
motorbike 0.525748 128.34 46.51 172.36 74.82
aeroplane 0.525666 59.24 2.86 92.30 68.95
horse 0.525594 3.25 84.35 125.01 186.56
sheep 0.525498 54.15 112.71 83.01 145.49
car 0.525483 169.69 0.00 193.96 22.89
motorbike 0.525475 93.62 27.33 192.33 148.82
person 0.525443 41.67 103.23 151.68 188.10
sheep 0.525430 55.08 134.16 103.58 170.16
car 0.525404 0.00 145.64 36.08 203.49
sheep 0.525376 58.04 149.02 114.82 193.13
sheep 0.525369 76.14 212.50 116.24 224.00
person 0.525262 0.00 96.98 13.63 145.43
dog 0.525257 33.02 67.02 60.07 104.46
person 0.525199 122.86 11.05 182.15 116.36
motorbike 0.525038 158.09 104.22 185.37 135.17
car 0.525014 2.32 171.22 83.45 224.00
car 0.525003 0.00 0.00 17.12 20.99
sofa 0.524993 204.68 72.37 218.02 102.19
dog 0.524990 95.02 150.80 160.78 187.84
dog 0.524942 25.50 67.60 47.87 101.44
bicycle 0.524809 103.15 62.95 133.24 102.78
car 0.524709 0.00 27.69 7.97 70.06
car 0.524627 0.00 139.81 8.73 198.23
car 0.524597 0.00 24.34 20.77 60.67
motorbike 0.524564 151.35 75.79 181.34 109.76
dog 0.524562 1.33 64.17 20.56 95.65
bicycle 0.524552 163.81 60.41 184.89 92.40
horse 0.524545 41.15 0.00 86.71 14.92
person 0.524544 0.00 84.26 82.12 187.49
car 0.524534 14.90 212.00 59.14 224.00
person 0.524508 59.17 65.98 80.80 105.91
aeroplane 0.524490 27.38 0.00 87.57 26.51
aeroplane 0.524489 6.80 170.99 38.78 216.66
dog 0.524467 42.25 74.77 71.04 108.32
car 0.524404 166.65 102.25 191.37 133.02
person 0.524339 114.03 21.54 202.04 148.72
sheep 0.524306 61.51 115.93 98.93 153.48
car 0.524284 195.90 22.91 211.25 51.45
motorbike 0.524279 7.99 129.14 46.43 173.97
car 0.524271 0.00 131.22 9.95 183.97
dog 0.524267 83.80 8.55 107.17 67.39
cow 0.524218 22.11 211.66 65.47 224.00
person 0.524189 106.41 16.20 168.43 99.00
sheep 0.524136 55.08 120.23 92.09 155.59
car 0.524132 220.00 121.58 224.00 158.39
motorbike 0.524067 119.44 55.89 174.90 84.67
car 0.524058 0.00 183.46 9.45 224.00
train 0.523913 220.00 145.94 224.00 185.18
person 0.523881 0.00 85.70 10.50 130.72
car 0.523880 94.38 0.00 125.95 14.21
aeroplane 0.523782 8.31 189.79 44.33 224.00
dog 0.523764 137.11 181.64 224.00 224.00
sheep 0.523736 57.68 211.72 96.78 224.00
sofa 0.523683 196.97 73.13 214.43 101.52
aeroplane 0.523597 215.61 0.00 224.00 34.85
person 0.523566 102.51 25.47 121.45 70.62
bicycle 0.523474 149.07 61.36 181.28 92.91
bicycle 0.523349 164.17 52.07 182.70 81.32
aeroplane 0.523328 0.00 14.99 24.56 55.44
aeroplane 0.523297 17.19 21.78 44.97 60.47
dog 0.523285 81.98 76.11 224.00 224.00
dog 0.523250 49.19 91.01 69.36 123.16
motorbike 0.523247 132.83 17.51 154.63 50.62
dog 0.523205 19.23 68.11 38.85 97.31
car 0.523179 207.99 22.80 216.14 54.11
sheep 0.523157 59.92 107.13 88.61 140.07
sheep 0.523139 57.56 100.17 81.88 129.88
sheep 0.523016 47.23 99.75 67.42 129.82
dog 0.523011 154.41 213.79 186.97 224.00
car 0.522976 175.80 0.00 199.82 23.78
sheep 0.522974 40.74 211.35 80.71 224.00
dog 0.522960 11.28 67.20 30.54 94.55
car 0.522960 168.80 28.97 190.08 61.56
sheep 0.522951 96.56 78.24 146.17 139.83
car 0.522855 189.18 73.64 206.84 103.39
train 0.522791 80.34 116.66 187.39 192.59
car 0.522726 0.00 197.49 14.23 224.00
sheep 0.522680 2.39 71.24 20.84 103.89
car 0.522676 47.76 0.00 92.26 16.16
motorbike 0.522672 158.25 91.64 186.21 125.04
sheep 0.522618 49.17 118.55 77.68 150.23
dog 0.522585 0.00 4.41 95.87 136.87
person 0.522523 0.00 43.07 8.04 84.35
person 0.522521 67.54 71.59 88.92 109.86
car 0.522502 61.34 0.00 100.68 15.78
dog 0.522501 88.96 104.30 143.35 162.90
person 0.522490 52.62 89.03 74.81 121.20
horse 0.522482 95.92 78.71 137.45 139.32
dog 0.522432 20.65 74.98 37.84 102.98
car 0.522420 123.44 91.67 224.00 187.27
car 0.522400 129.49 0.00 153.87 20.50
dog 0.522397 49.81 82.42 71.98 115.12
person 0.522353 142.78 6.83 195.80 117.18
person 0.522214 83.87 71.47 109.40 107.32
motorbike 0.522196 166.15 89.03 191.35 123.84
aeroplane 0.522188 116.19 110.77 175.45 155.87
aeroplane 0.522183 9.05 12.76 45.87 53.60
sheep 0.522140 73.51 94.10 98.68 125.77
car 0.522137 0.00 39.03 17.95 72.62
cow 0.522077 18.09 116.21 53.14 144.53
motorbike 0.522018 138.16 75.91 175.59 108.43
person 0.522001 68.13 8.46 141.13 96.25
car 0.521898 161.29 0.00 188.36 22.59
person 0.521854 55.09 94.66 79.75 124.00
cow 0.521667 5.09 139.68 50.60 187.02
dog 0.521635 96.01 23.16 117.16 71.79
train 0.521604 21.63 169.54 114.59 224.00
dog 0.521570 161.96 213.73 196.27 224.00
car 0.521549 182.92 22.59 201.35 52.04
sheep 0.521530 196.43 210.67 224.00 224.00
aeroplane 0.521514 20.53 0.00 71.67 13.07
motorbike 0.521495 149.24 104.76 181.11 137.82
person 0.521463 0.00 75.18 8.67 117.45
motorbike 0.521394 97.71 62.97 203.08 160.89
dog 0.521378 101.95 15.69 119.88 63.73
aeroplane 0.521313 29.93 17.72 65.57 67.74
dog 0.521304 0.43 47.91 18.63 80.97
aeroplane 0.521288 0.00 0.00 28.77 48.80
cow 0.521285 96.74 78.96 155.38 137.79
person 0.521266 101.10 63.65 140.92 110.42
person 0.521249 6.06 103.41 31.40 147.41
car 0.521235 176.51 78.61 197.63 112.91
person 0.521230 111.12 25.85 130.68 68.93
person 0.521218 19.99 104.69 44.27 143.75
sheep 0.521176 89.86 102.63 154.26 162.64
dog 0.521167 12.26 74.15 30.29 102.46
person 0.521115 95.44 0.00 159.38 90.74
car 0.521073 173.25 102.88 196.44 130.39
dog 0.521072 220.00 171.28 224.00 206.34
car 0.521052 151.59 0.00 180.47 20.66
motorbike 0.521038 170.47 0.00 190.00 31.59
person 0.521037 4.08 54.85 116.61 171.15
car 0.521028 0.00 10.59 7.88 56.98
person 0.520851 70.84 86.22 91.61 119.31
aeroplane 0.520841 195.27 15.02 209.99 41.57
person 0.520761 85.23 80.90 114.39 117.65
motorbike 0.520746 127.49 106.18 175.82 146.84
sheep 0.520692 51.29 141.20 107.33 184.52
aeroplane 0.520678 23.14 25.67 49.92 68.20
sheep 0.520657 76.50 112.55 123.11 149.67
person 0.520653 81.93 20.44 154.32 103.22
car 0.520625 75.44 0.00 112.57 15.14
motorbike 0.520591 152.71 83.37 184.24 116.74
aeroplane 0.520495 182.87 14.89 200.55 41.65
motorbike 0.520456 152.88 110.64 184.45 142.83
aeroplane 0.520455 11.65 0.00 68.04 29.34
boat 0.520381 0.00 0.00 7.88 49.20
sheep 0.520373 50.87 127.40 87.03 160.29
car 0.520324 0.00 160.34 8.07 215.82
motorbike 0.520280 168.86 12.40 185.75 44.91
sheep 0.520207 185.56 213.65 221.22 224.00
sheep 0.520205 83.83 192.03 120.08 220.57
sheep 0.520185 5.14 92.26 27.52 131.99
person 0.520184 97.93 66.44 125.77 107.47
cow 0.520103 95.06 99.60 165.24 157.90
sheep 0.520093 4.01 80.82 23.04 115.55
motorbike 0.520029 121.86 24.37 151.06 65.01
aeroplane 0.519972 191.21 0.00 216.89 22.09
sheep 0.519967 76.27 102.96 109.80 135.60
bicycle 0.519947 82.15 85.08 177.20 171.99
car 0.519862 141.10 0.00 169.02 20.05
person 0.519844 111.54 0.00 164.40 65.50
sheep 0.519838 62.18 160.77 108.84 199.01
motorbike 0.519836 146.80 31.87 224.00 165.55
bicycle 0.519827 149.10 52.88 179.11 81.43
aeroplane 0.519794 9.69 27.49 34.69 61.02
car 0.519788 173.16 89.96 196.53 121.52
aeroplane 0.519779 10.52 0.00 51.94 13.07
sheep 0.519756 95.02 195.14 131.97 220.42
dog 0.519719 26.11 84.62 44.18 115.97
cow 0.519684 10.51 126.25 46.11 161.18
dog 0.519673 39.68 59.66 70.62 99.26
car 0.519660 181.39 0.00 207.63 23.69
car 0.519640 200.44 106.91 212.88 128.88
aeroplane 0.519629 220.00 187.20 224.00 221.61
horse 0.519623 53.42 0.00 134.44 90.83
car 0.519547 209.48 106.03 220.00 132.28
car 0.519528 163.73 109.32 190.51 139.53
car 0.519509 0.00 0.00 29.77 15.78
cow 0.519423 39.19 133.22 79.68 164.91
dog 0.519388 22.89 94.79 44.49 131.94
person 0.519361 12.63 104.98 36.57 147.67
aeroplane 0.519359 82.32 6.69 104.67 54.39
person 0.519353 51.15 44.27 188.04 180.80
dog 0.519324 176.46 214.32 214.82 224.00
person 0.519321 133.12 0.00 184.50 68.65
dog 0.519306 10.75 59.87 29.89 88.94
motorbike 0.519306 164.55 20.75 184.70 57.42
sheep 0.519233 47.31 149.42 94.21 191.31
motorbike 0.519144 157.52 21.66 180.58 61.38
motorbike 0.519142 120.56 38.61 163.29 78.02
motorbike 0.519130 141.01 110.72 179.94 147.12
dog 0.519008 16.64 31.79 40.27 68.45
dog 0.518993 55.02 59.56 80.19 98.69
dog 0.518965 21.30 84.43 38.44 114.90
sheep 0.518894 83.56 91.84 122.36 129.86
motorbike 0.518890 136.15 96.50 178.86 134.54
car 0.518886 120.78 20.14 146.94 60.91
car 0.518857 55.26 0.00 131.36 70.55
dog 0.518845 89.25 85.79 126.90 133.39
motorbike 0.518818 139.67 84.01 178.98 118.45
motorbike 0.518712 174.39 13.50 190.30 43.19
car 0.518694 190.72 105.88 205.44 128.69
aeroplane 0.518688 180.23 0.00 202.06 31.06
dog 0.518671 81.28 106.99 132.10 145.22
person 0.518659 103.18 39.07 125.07 78.02
car 0.518632 121.39 0.00 148.24 19.94
dog 0.518540 85.92 28.61 109.24 76.32
cow 0.518490 8.00 133.12 48.10 173.65
car 0.518487 198.50 95.58 213.62 120.55
person 0.518457 38.96 102.66 62.18 131.83
cow 0.518419 15.28 122.03 53.92 152.39
dog 0.518375 42.34 84.25 68.19 114.80
aeroplane 0.518329 102.61 11.07 119.34 49.23
dog 0.518288 13.66 94.69 35.61 132.39
cow 0.518220 112.55 97.58 174.81 146.32
sofa 0.518203 206.61 81.77 218.57 112.71
motorbike 0.518167 121.54 71.98 170.08 106.02
aeroplane 0.518154 109.71 15.23 128.81 50.33
car 0.518125 197.10 81.40 213.77 110.30
car 0.518118 107.61 0.00 140.56 15.72
dog 0.518064 38.21 70.60 183.38 224.00
cow 0.518029 38.14 124.14 72.76 155.42
dog 0.518027 32.89 84.95 53.58 115.79
person 0.517997 110.79 38.16 136.38 75.96
sheep 0.517935 69.56 156.17 129.29 195.09
sheep 0.517903 85.37 210.11 121.76 224.00
motorbike 0.517891 88.64 31.31 168.82 115.33
sheep 0.517840 78.87 162.79 126.90 204.14
dog 0.517834 96.86 8.10 113.79 49.83
car 0.517817 187.81 80.21 205.41 110.78
dog 0.517794 9.29 37.25 29.54 69.36
car 0.517790 208.28 95.48 219.64 124.00
person 0.517778 150.38 0.00 199.88 66.62
boat 0.517725 0.00 0.00 12.04 33.91
dog 0.517659 41.03 93.53 64.55 123.69
aeroplane 0.517621 209.50 14.17 215.66 44.34
car 0.517569 188.51 93.08 205.33 120.16
dog 0.517557 13.63 83.97 32.05 115.04
dog 0.517503 72.36 134.41 163.41 211.36
motorbike 0.517485 120.42 18.16 143.92 52.39
cow 0.517439 33.25 141.33 81.02 181.84
sheep 0.517420 216.95 198.59 224.00 224.00
car 0.517412 144.15 115.45 182.59 151.66
dog 0.517385 63.73 17.95 92.88 77.57
aeroplane 0.517350 102.50 127.03 168.53 179.48
motorbike 0.517246 161.94 13.20 181.94 48.47
motorbike 0.517168 138.83 17.02 163.08 53.63
dog 0.517112 9.50 49.55 27.85 79.67
car 0.517100 11.75 122.20 81.14 204.28
dog 0.517075 30.12 94.93 50.83 127.60
car 0.516957 131.22 0.00 152.50 33.83
motorbike 0.516953 171.46 22.17 189.45 54.73
car 0.516862 172.13 110.35 195.42 136.98
car 0.516845 210.62 114.05 219.82 139.99
aeroplane 0.516538 102.28 4.79 121.30 31.91
motorbike 0.516480 119.57 81.89 173.64 122.98
sheep 0.516420 64.61 173.69 102.18 205.04
dog 0.516370 96.47 36.32 119.43 77.91
dog 0.516203 29.93 37.56 60.44 82.37
cow 0.516120 129.88 16.35 151.15 46.30
aeroplane 0.516101 108.67 8.91 129.61 33.58
motorbike 0.516068 162.89 0.00 185.96 33.06
car 0.515966 158.80 115.21 188.74 147.32
car 0.515961 201.91 114.28 213.02 135.73
motorbike 0.515856 150.90 15.86 175.04 52.07
sheep 0.515835 71.56 188.05 110.02 216.39
bicycle 0.515835 108.15 53.85 145.64 88.24
dog 0.515810 16.11 47.94 37.39 80.82
aeroplane 0.515805 57.27 0.00 90.92 45.27
motorbike 0.515755 115.03 46.79 159.60 84.53
sheep 0.515646 29.92 148.59 75.03 190.43
sheep 0.515577 64.12 188.45 96.49 218.70
boat 0.515379 0.00 0.00 32.02 30.60
dog 0.515361 22.01 43.58 47.34 81.91
car 0.515284 5.85 207.96 48.17 224.00
aeroplane 0.515274 139.58 122.34 179.52 160.93
sheep 0.515238 71.53 169.81 118.76 202.16
aeroplane 0.515222 207.81 0.00 218.78 32.70
aeroplane 0.515121 12.54 193.58 58.73 224.00
aeroplane 0.514807 96.82 0.00 123.49 18.27
car 0.514608 191.92 113.42 204.97 135.09
car 0.514584 212.00 140.80 220.20 169.49
sheep 0.514535 112.32 211.37 147.86 224.00
sheep 0.514376 91.99 160.18 142.36 202.56
sheep 0.514230 68.91 206.76 105.43 224.00
aeroplane 0.514184 117.30 13.62 142.21 38.71
aeroplane 0.514182 159.36 124.63 186.64 156.35
aeroplane 0.514168 11.65 207.87 56.80 224.00
car 0.514083 134.67 118.42 224.00 212.12
car 0.514034 35.88 121.98 132.00 198.82
person 0.513926 103.64 54.73 132.09 90.09
sheep 0.513812 48.37 161.61 87.80 197.93
sheep 0.513728 56.74 190.32 88.37 220.70
car 0.513712 212.00 132.63 220.91 161.43
aeroplane 0.513683 80.67 0.00 106.58 39.04
aeroplane 0.513668 96.50 1.61 116.25 33.37
aeroplane 0.513641 204.00 143.32 212.83 162.74
aeroplane 0.513605 27.71 195.55 65.28 224.00
sheep 0.513567 44.66 193.95 76.34 224.00
car 0.513528 211.72 123.12 220.37 150.73
person 0.513381 174.47 0.00 224.00 96.14
aeroplane 0.513369 7.31 177.05 53.51 212.26
aeroplane 0.513333 154.88 158.01 176.12 179.72
aeroplane 0.513306 174.14 160.74 185.28 178.84
sheep 0.513305 47.07 178.11 80.10 207.16
sheep 0.513280 107.60 192.22 144.74 221.67
aeroplane 0.513277 55.38 0.00 96.76 24.87
aeroplane 0.513208 204.00 150.71 211.23 168.88
car 0.513189 171.03 117.56 194.74 144.47
aeroplane 0.513183 203.78 167.87 209.81 185.00
motorbike 0.513156 151.92 0.00 178.53 34.06
aeroplane 0.513024 128.54 155.92 168.59 182.45
aeroplane 0.512952 164.40 136.59 185.21 165.94
aeroplane 0.512933 204.00 158.79 210.21 176.20
aeroplane 0.512921 212.00 148.21 218.97 175.69
dog 0.512901 80.89 63.22 107.48 93.37
dog 0.512893 84.35 48.46 108.70 85.51
car 0.512826 203.87 134.52 214.63 155.26
car 0.512758 202.98 123.38 214.28 145.32
aeroplane 0.512731 170.46 149.44 185.46 172.98
car 0.512660 175.70 129.18 194.79 153.09
aeroplane 0.512609 141.57 132.24 176.63 170.11
dog 0.512526 116.36 160.86 163.02 187.32
aeroplane 0.512499 26.18 179.62 63.44 209.64
dog 0.512401 152.45 157.36 224.00 224.00
aeroplane 0.512330 203.87 177.31 210.01 193.61
cow 0.512312 125.21 0.00 149.00 31.04
car 0.512176 195.93 133.89 206.28 152.45
sheep 0.512175 51.54 206.37 86.15 224.00
sofa 0.512172 94.13 119.39 210.55 195.60
dog 0.512144 88.91 140.43 187.01 224.00
car 0.512103 193.21 121.93 205.75 143.30
aeroplane 0.512050 147.72 145.51 175.94 175.85
car 0.511987 138.14 0.00 164.07 35.05
aeroplane 0.511936 203.84 185.32 209.70 200.73
dog 0.511912 65.93 42.22 90.38 88.69
aeroplane 0.511911 196.00 143.28 205.46 160.07
aeroplane 0.511888 181.96 140.58 195.37 161.45
aeroplane 0.511823 6.68 160.42 52.64 202.38
sheep 0.511747 65.80 64.03 88.11 98.22
aeroplane 0.511697 27.96 161.59 68.04 198.86
aeroplane 0.511678 122.62 143.49 169.38 180.90
aeroplane 0.511665 174.79 167.84 184.00 184.33
aeroplane 0.511630 212.00 156.24 218.16 182.87
aeroplane 0.511531 159.24 165.62 175.14 183.65
aeroplane 0.511522 196.00 168.49 203.37 183.70
aeroplane 0.511509 200.73 193.29 212.59 215.27
dog 0.511508 90.72 0.00 118.99 18.62
aeroplane 0.511498 212.00 165.35 218.10 190.80
dog 0.511467 28.59 208.64 69.58 224.00
aeroplane 0.511453 196.00 159.74 203.97 175.23
dog 0.511436 114.10 151.59 216.85 224.00
aeroplane 0.511416 186.47 161.61 195.86 175.95
dog 0.511315 212.00 174.62 218.20 198.37
aeroplane 0.511306 196.00 151.32 204.76 167.37
person 0.511242 97.78 52.59 122.50 87.85
aeroplane 0.511226 110.00 0.00 140.77 23.40
dog 0.511199 212.00 182.47 218.68 203.96
aeroplane 0.511141 185.82 151.58 195.93 168.84
horse 0.511058 75.57 0.00 111.16 20.55
aeroplane 0.510933 211.88 189.90 219.48 216.13
aeroplane 0.510915 133.55 163.33 167.31 184.16
aeroplane 0.510653 186.10 169.33 195.28 182.74
sheep 0.510583 104.07 159.92 154.81 190.31
aeroplane 0.510408 161.58 200.71 180.34 222.13
aeroplane 0.509971 195.99 177.92 203.77 192.17
aeroplane 0.509912 170.75 200.71 189.53 221.76
aeroplane 0.509895 146.89 197.38 171.38 221.27
sheep 0.509657 204.29 203.85 220.77 224.00
sheep 0.509606 123.93 192.82 157.33 224.00
dog 0.509520 135.04 194.00 165.12 222.23
aeroplane 0.509487 191.33 195.73 207.31 216.82
aeroplane 0.509415 195.77 186.72 203.92 200.01
aeroplane 0.508986 174.51 185.03 183.25 200.82
aeroplane 0.508897 175.10 174.32 182.80 190.93
aeroplane 0.508730 186.17 177.54 195.11 190.47
sheep 0.508703 112.66 167.17 153.38 199.15
aeroplane 0.508698 181.33 198.55 199.69 218.50
sheep 0.508677 191.86 208.35 216.19 224.00
dog 0.508627 147.96 212.00 176.54 224.00
aeroplane 0.508541 162.40 181.64 173.23 199.26
aeroplane 0.508364 185.68 187.16 195.55 199.56
aeroplane 0.508285 160.74 170.78 173.06 189.04
sheep 0.508240 118.50 163.86 159.88 189.30
dog 0.507393 181.45 210.73 210.62 224.00
dog 0.507317 172.69 212.00 202.50 224.00
aeroplane 0.507252 140.38 176.62 164.03 197.53
dog 0.507192 124.70 171.52 158.92 197.55
