dog 0.709468 9.56 39.46 213.66 206.35
cat 0.631695 11.61 30.34 222.17 197.35
dog 0.540950 58.13 85.30 115.84 147.83
dog 0.539170 60.76 52.50 119.39 114.20
sheep 0.539016 0.00 189.31 53.99 224.00
dog 0.538571 0.00 182.29 33.00 224.00
dog 0.537520 23.71 91.56 59.05 165.55
dog 0.537307 58.17 67.48 115.07 131.34
dog 0.537112 21.98 32.24 67.27 76.17
pottedplant 0.536686 0.00 205.74 17.73 224.00
cat 0.535160 193.36 0.00 224.00 44.88
dog 0.535077 51.93 93.90 98.96 163.59
dog 0.534471 56.11 47.74 101.88 110.44
dog 0.534378 66.19 103.61 120.08 159.48
dog 0.534048 75.88 91.81 125.87 139.64
dog 0.534013 71.52 66.09 124.24 118.23
dog 0.533845 49.26 84.72 92.96 149.26
dog 0.533675 0.00 48.52 32.01 168.61
dog 0.533300 72.59 46.12 123.41 102.65
cat 0.533155 219.35 146.72 224.00 189.75
sheep 0.532839 25.84 115.56 58.79 175.69
cat 0.532471 219.96 123.00 224.00 161.33
pottedplant 0.532428 0.00 210.65 29.55 224.00
dog 0.532007 7.70 190.56 71.68 224.00
dog 0.531935 80.95 58.08 128.97 110.83
cat 0.531877 0.00 0.00 64.60 45.74
cat 0.531789 219.32 133.82 224.00 177.37
dog 0.531423 194.56 179.96 224.00 224.00
cat 0.531237 23.62 40.02 188.26 167.26
dog 0.530733 210.08 205.17 224.00 224.00
dog 0.530731 50.03 144.93 164.41 224.00
sheep 0.530661 187.42 210.29 218.43 224.00
dog 0.530370 20.63 90.75 49.05 143.90
dog 0.530050 52.69 40.78 89.91 100.30
dog 0.529195 19.82 48.58 162.52 188.31
cat 0.529016 6.05 0.00 99.04 43.58
sheep 0.528661 15.90 36.25 56.24 73.20
dog 0.528516 67.32 118.55 117.18 168.69
dog 0.528502 16.28 89.10 40.71 139.95
dog 0.528336 40.92 97.42 194.83 224.00
cat 0.528300 34.23 0.00 133.38 48.46
sheep 0.528248 199.26 207.89 224.00 224.00
dog 0.528218 45.55 39.92 80.39 96.99
bird 0.528088 150.74 209.25 200.69 224.00
sheep 0.528072 213.70 75.53 224.00 188.91
bottle 0.528008 212.49 63.27 224.00 177.85
cat 0.527833 99.21 33.00 142.12 66.25
sheep 0.527551 0.00 162.94 9.82 212.05
sheep 0.527415 19.30 20.80 72.18 67.08
sheep 0.527413 0.00 120.35 9.56 175.08
dog 0.527380 110.85 113.55 176.06 161.43
dog 0.527259 93.38 75.92 138.86 114.33
dog 0.527220 29.56 113.08 62.02 181.23
dog 0.527139 214.78 85.32 224.00 196.58
dog 0.527110 25.18 176.54 111.38 224.00
dog 0.527015 69.89 37.50 115.25 83.20
cat 0.527002 204.11 0.00 224.00 68.15
dog 0.526992 38.20 85.26 72.78 151.63
dog 0.526910 52.05 65.06 95.47 128.24
sheep 0.526810 21.29 107.50 50.31 165.47
cat 0.526731 212.46 0.00 224.00 93.71
dog 0.526716 69.31 160.80 194.50 224.00
dog 0.526713 86.88 81.63 133.05 122.08
dog 0.526681 81.89 103.19 133.52 144.46
dog 0.526665 8.83 87.98 30.64 137.90
dog 0.526649 90.13 62.26 138.81 108.28
dog 0.526636 99.94 39.62 150.29 72.14
dog 0.526618 35.28 28.49 74.46 85.26
dog 0.526584 33.59 40.61 67.37 96.45
dog 0.526460 104.72 114.96 162.32 152.36
dog 0.526408 45.67 104.67 83.89 175.45
sheep 0.526388 79.22 172.39 114.77 221.30
dog 0.526368 218.91 157.06 224.00 201.65
dog 0.526348 0.00 160.92 26.50 224.00
dog 0.526327 21.25 19.91 74.54 67.16
dog 0.526305 89.80 99.05 146.77 138.57
cat 0.526267 100.42 0.00 132.17 20.13
dog 0.526166 81.55 37.52 123.24 77.80
sheep 0.526007 73.05 166.13 108.32 213.55
aeroplane 0.525994 210.52 0.00 224.00 20.17
dog 0.525890 96.71 109.00 156.40 146.38
cat 0.525778 100.18 13.27 142.24 36.07
dog 0.525767 0.00 30.07 49.70 144.53
dog 0.525686 134.13 115.40 186.93 165.67
dog 0.525619 28.28 82.14 62.86 143.22
sheep 0.525601 27.93 135.67 56.97 187.59
dog 0.525595 39.56 27.10 81.02 70.66
dog 0.525534 21.36 37.19 52.01 85.77
dog 0.525461 0.00 84.28 10.25 144.90
cat 0.525293 215.93 8.97 224.00 117.15
sheep 0.525274 0.00 85.95 21.49 142.44
cat 0.525228 220.00 89.69 224.00 133.73
cat 0.525180 220.00 105.97 224.00 148.37
dog 0.525131 25.96 44.58 54.41 96.43
sheep 0.525075 55.66 161.02 78.98 212.86
dog 0.525042 79.31 123.23 120.00 163.64
dog 0.525003 98.28 88.34 147.30 119.19
cat 0.524989 73.84 0.00 168.61 43.36
sheep 0.524982 0.00 161.34 53.31 224.00
sheep 0.524971 9.82 40.51 37.22 76.91
dog 0.524947 60.17 36.06 104.49 87.07
dog 0.524863 91.72 50.32 139.95 96.15
sheep 0.524817 0.00 38.56 23.19 82.38
sheep 0.524757 89.22 211.68 125.76 224.00
sheep 0.524724 0.00 141.37 9.23 199.91
dog 0.524697 0.00 69.63 19.72 187.99
dog 0.524627 53.31 128.66 91.83 180.56
dog 0.524587 211.54 127.99 224.00 224.00
dog 0.524546 94.00 38.23 131.52 73.70
dog 0.524507 0.00 0.00 20.04 22.37
sheep 0.524369 65.35 164.65 97.85 213.60
sheep 0.524225 30.04 8.61 70.91 31.62
dog 0.524208 46.59 139.99 70.00 193.11
sheep 0.524141 55.45 146.22 79.25 194.22
cat 0.524091 161.34 0.00 224.00 36.85
dog 0.524034 51.51 31.46 90.12 78.10
dog 0.523979 108.50 128.81 159.93 164.81
bottle 0.523938 142.54 0.00 211.50 32.98
sheep 0.523909 22.53 131.05 49.16 176.41
sheep 0.523906 0.00 101.68 10.33 161.29
dog 0.523848 22.52 48.28 45.54 94.22
dog 0.523840 0.00 35.27 10.43 85.21
dog 0.523829 153.09 149.04 193.27 193.06
cat 0.523719 62.23 29.60 101.91 65.55
dog 0.523713 47.74 125.59 80.90 181.29
sheep 0.523693 3.82 213.09 40.38 224.00
cat 0.523657 82.28 32.96 123.93 67.51
sheep 0.523594 57.51 156.30 87.22 209.05
cat 0.523568 98.75 24.04 143.68 57.58
dog 0.523534 31.08 134.74 62.05 191.95
cat 0.523487 84.72 0.00 116.33 19.52
dog 0.523453 81.99 160.54 113.10 201.16
sheep 0.523438 22.92 12.40 72.72 50.13
sheep 0.523432 84.48 113.79 131.13 151.97
dog 0.523412 73.25 152.79 107.73 197.53
dog 0.523411 0.00 70.38 9.53 127.06
sheep 0.523358 26.49 0.00 64.35 16.96
dog 0.523346 112.49 174.66 209.17 224.00
dog 0.523338 113.14 158.99 149.70 186.46
sheep 0.523266 16.93 50.53 36.79 91.46
dog 0.523253 52.54 141.17 79.36 185.81
dog 0.523151 84.20 149.13 113.10 184.45
sheep 0.522996 92.20 117.46 144.87 150.20
dog 0.522965 69.29 132.82 112.48 173.06
cat 0.522965 173.97 0.00 202.83 21.72
sheep 0.522915 7.44 51.01 28.25 91.88
cat 0.522885 72.85 28.78 113.15 62.15
dog 0.522859 17.77 59.94 35.20 98.93
sheep 0.522842 0.00 55.45 10.04 109.19
sheep 0.522765 48.71 158.06 71.51 212.40
dog 0.522752 97.75 44.64 141.01 81.07
cat 0.522711 99.04 0.00 137.40 28.35
sheep 0.522708 105.62 211.04 143.69 224.00
cat 0.522684 119.17 0.00 197.98 33.31
dog 0.522658 8.22 76.81 30.15 121.70
dog 0.522615 15.97 76.69 37.46 123.11
cat 0.522584 27.76 21.90 166.44 131.16
sheep 0.522577 0.00 132.82 22.76 224.00
dog 0.522517 111.13 148.79 152.43 179.39
dog 0.522515 144.67 179.72 224.00 224.00
sheep 0.522467 16.53 40.76 42.68 82.24
sheep 0.522442 0.00 40.18 10.81 92.27
sheep 0.522418 101.40 126.11 154.67 156.74
dog 0.522369 109.50 137.98 156.19 172.68
bird 0.522346 137.04 210.53 185.86 224.00
cat 0.522288 0.00 11.13 53.16 120.48
sheep 0.522268 72.35 212.29 113.17 224.00
dog 0.522215 0.00 109.41 20.30 212.86
dog 0.522208 59.80 130.19 104.74 177.72
dog 0.522136 22.72 73.20 53.90 129.37
cat 0.522047 76.45 0.00 106.29 18.20
pottedplant 0.522036 0.00 195.72 14.25 224.00
bird 0.522010 128.43 211.37 171.26 224.00
sheep 0.521999 0.00 168.49 17.98 206.72
sheep 0.521957 0.00 57.60 18.47 105.13
dog 0.521810 81.00 134.48 117.23 168.87
sheep 0.521749 39.82 0.00 75.98 17.19
sheep 0.521732 0.00 179.09 11.38 223.77
dog 0.521671 53.92 22.85 89.37 59.84
dog 0.521659 84.53 187.11 125.19 224.00
cat 0.521653 96.80 17.27 149.21 50.46
dog 0.521639 8.80 68.69 28.39 109.17
dog 0.521631 202.72 156.59 224.00 224.00
dog 0.521577 22.89 57.89 43.17 102.63
sheep 0.521560 55.90 212.23 96.17 224.00
sheep 0.521535 64.16 151.86 98.80 202.00
dog 0.521405 72.41 143.01 108.71 179.28
dog 0.521396 65.22 148.03 99.19 194.57
dog 0.521395 114.90 165.77 148.56 193.37
sheep 0.521370 17.62 123.40 41.24 167.84
sheep 0.521358 0.00 73.39 20.13 124.93
sheep 0.521356 48.00 144.86 70.96 199.54
dog 0.521211 92.15 152.16 117.98 181.41
cat 0.521172 112.89 0.00 146.10 19.36
dog 0.521125 31.97 88.96 67.17 170.37
bird 0.521116 113.27 211.01 152.84 224.00
cat 0.521099 15.78 0.00 139.14 84.58
dog 0.521045 220.00 166.44 224.00 212.39
cat 0.520998 220.00 76.27 224.00 116.53
sheep 0.520982 9.27 92.08 29.62 143.11
dog 0.520979 19.27 76.18 45.12 126.59
sheep 0.520931 58.59 0.00 90.54 18.17
sheep 0.520839 24.47 166.15 50.60 204.58
cat 0.520835 67.72 0.00 97.76 17.82
sheep 0.520814 0.00 0.00 27.81 18.34
sheep 0.520774 7.38 6.40 36.49 28.30
sheep 0.520706 4.31 0.00 37.46 15.74
dog 0.520681 18.26 96.95 43.00 153.10
dog 0.520586 145.07 121.97 190.22 174.11
sheep 0.520575 102.40 134.85 151.72 163.08
dog 0.520479 42.32 66.11 78.19 127.96
sheep 0.520477 90.67 145.40 119.97 173.62
sheep 0.520423 88.40 125.73 128.42 159.91
sheep 0.520419 0.68 119.17 69.05 217.58
dog 0.520403 121.52 164.44 157.61 194.50
dog 0.520399 104.05 81.81 150.50 108.01
sheep 0.520393 0.00 22.50 10.88 70.56
dog 0.520346 100.97 95.68 152.61 128.89
sheep 0.520338 7.85 31.99 43.71 69.80
dog 0.520329 104.94 152.98 142.84 177.53
sheep 0.520317 14.53 23.18 59.24 61.05
sheep 0.520316 29.58 160.62 58.35 206.84
sheep 0.520278 10.85 214.01 51.62 224.00
sheep 0.520239 68.54 13.50 94.55 32.74
sheep 0.520229 0.00 3.99 23.39 32.02
dog 0.520178 46.76 54.27 81.37 112.42
cat 0.520164 82.91 26.47 126.15 58.92
sheep 0.520155 58.31 12.29 86.34 31.61
sheep 0.520149 0.00 123.69 15.85 170.35
sheep 0.520115 12.63 0.00 49.07 15.71
sheep 0.520007 0.00 27.25 25.64 71.27
cat 0.519999 220.00 50.71 224.00 87.60
aeroplane 0.519990 220.00 8.83 224.00 46.36
cat 0.519954 0.00 0.00 60.08 90.01
sheep 0.519949 39.30 213.13 80.39 224.00
dog 0.519925 106.41 161.33 140.99 184.45
cat 0.519830 66.70 19.73 95.83 45.45
sheep 0.519819 89.38 136.04 123.98 165.85
dog 0.519804 98.40 68.85 151.98 102.40
sheep 0.519803 24.18 148.62 50.21 191.28
sheep 0.519762 71.23 179.33 109.37 224.00
dog 0.519744 98.73 154.75 127.06 178.22
aeroplane 0.519706 220.00 43.28 224.00 79.78
sheep 0.519510 103.28 144.31 147.22 170.73
sheep 0.519498 20.18 140.41 42.96 181.08
aeroplane 0.519214 115.29 180.77 151.15 221.27
sheep 0.519213 214.84 197.79 224.00 224.00
cat 0.519208 168.53 12.08 201.89 36.58
sheep 0.519182 0.00 0.00 15.84 28.37
sheep 0.519181 24.79 213.39 66.42 224.00
cat 0.519164 169.79 0.97 205.08 29.23
cat 0.519143 148.96 47.49 197.74 71.25
cat 0.519109 146.29 0.00 178.66 17.87
sheep 0.519094 44.79 11.09 79.50 29.49
cat 0.519003 126.65 0.00 160.79 16.20
cat 0.518999 86.92 13.51 126.19 35.01
sheep 0.518989 220.00 67.31 224.00 107.76
sheep 0.518981 219.99 181.02 224.00 224.00
sheep 0.518943 97.07 146.83 132.09 170.83
aeroplane 0.518901 217.67 0.00 224.00 27.72
sheep 0.518886 29.82 141.95 62.81 198.68
sheep 0.518873 57.61 17.96 87.16 45.66
aeroplane 0.518851 220.00 24.21 224.00 65.10
sheep 0.518802 19.44 161.56 45.33 195.85
cat 0.518795 75.53 19.50 111.11 44.31
aeroplane 0.518788 122.41 183.08 158.95 219.07
sheep 0.518772 211.13 152.63 222.53 190.75
dog 0.518765 116.10 173.34 150.00 205.21
sheep 0.518763 149.40 196.40 204.09 224.00
sheep 0.518755 96.04 137.17 137.92 163.22
sheep 0.518752 16.78 6.88 54.03 27.78
dog 0.518676 25.98 62.65 52.32 115.70
sheep 0.518643 0.00 16.66 24.08 57.80
cat 0.518622 158.20 0.00 189.46 20.08
cat 0.518558 77.12 13.84 109.77 33.63
dog 0.518491 100.09 161.74 124.23 185.32
sheep 0.518456 0.00 135.04 16.70 185.56
cat 0.518386 96.68 16.82 137.44 42.38
aeroplane 0.518347 122.81 173.84 158.51 205.54
sheep 0.518326 0.00 182.76 18.65 218.88
dog 0.518281 34.79 57.91 63.66 115.24
sheep 0.518248 6.47 21.54 41.74 57.67
dog 0.518242 91.76 163.55 117.61 197.14
dog 0.518207 123.67 154.44 168.44 188.94
dog 0.518085 11.00 40.17 118.13 160.42
sheep 0.518052 10.48 172.01 30.45 201.68
dog 0.518051 88.38 169.42 118.30 208.11
sheep 0.518031 0.00 9.58 23.13 42.28
dog 0.518016 114.33 124.61 173.98 179.30
dog 0.517989 31.54 13.98 75.99 47.55
sheep 0.517963 201.02 148.75 215.70 182.56
dog 0.517945 111.55 104.32 163.92 139.53
aeroplane 0.517873 137.83 84.95 185.02 103.58
sheep 0.517872 64.56 177.50 98.76 224.00
sheep 0.517778 19.07 174.05 43.29 208.01
sheep 0.517773 17.00 101.92 103.80 211.55
dog 0.517758 11.56 152.47 77.45 224.00
sheep 0.517745 24.67 181.64 51.75 223.34
sheep 0.517614 7.33 12.42 38.43 40.64
dog 0.517594 141.42 107.71 189.80 153.73
cat 0.517583 210.95 124.73 223.30 157.11
sheep 0.517569 9.94 61.30 114.47 192.18
sheep 0.517560 0.00 101.80 16.86 158.01
sheep 0.517512 10.23 126.02 29.62 166.57
sheep 0.517452 16.07 13.18 56.74 42.84
sheep 0.517429 0.00 202.10 23.81 224.00
cat 0.517304 107.10 8.84 156.17 37.51
cat 0.517295 146.74 34.74 198.37 66.85
sheep 0.517186 10.22 162.82 30.86 195.54
dog 0.517184 128.96 126.40 187.55 182.13
sheep 0.517150 128.62 68.47 224.00 195.62
cat 0.517141 86.56 17.89 127.86 43.05
dog 0.517131 131.22 105.68 185.61 140.53
sheep 0.517104 199.91 154.12 213.56 189.65
cat 0.517081 210.71 142.48 223.32 179.44
cat 0.517044 96.72 28.03 162.53 67.23
dog 0.517016 118.14 140.34 171.29 185.05
cat 0.516946 200.71 126.32 218.71 155.60
cat 0.516896 46.27 0.00 173.54 87.54
aeroplane 0.516874 89.89 190.80 131.32 224.00
dog 0.516857 106.71 167.66 140.18 191.87
sheep 0.516844 43.83 15.50 80.56 44.92
dog 0.516828 0.00 7.23 12.07 45.35
cat 0.516815 110.57 0.00 154.89 27.61
aeroplane 0.516802 113.18 193.67 152.41 224.00
sheep 0.516714 197.04 92.80 218.61 124.75
cat 0.516661 86.20 0.00 121.92 27.35
aeroplane 0.516647 193.23 0.00 222.88 20.21
dog 0.516643 130.06 91.00 174.91 109.02
cat 0.516626 201.69 137.00 218.43 168.93
sheep 0.516603 53.52 176.76 80.41 224.00
dog 0.516585 102.10 47.79 167.07 78.33
aeroplane 0.516312 101.15 179.97 142.04 222.65
sheep 0.516208 67.47 0.00 95.28 22.62
sheep 0.516190 197.32 100.31 218.21 133.35
sheep 0.516115 11.98 140.05 30.26 180.36
cat 0.516088 156.18 17.06 201.61 49.06
sheep 0.515903 198.04 110.09 218.65 142.55
sheep 0.515849 195.20 82.56 218.55 109.27
aeroplane 0.515820 146.50 196.95 206.25 224.00
dog 0.515783 152.82 168.50 198.94 217.70
sheep 0.515758 18.28 182.77 42.89 220.38
cat 0.515726 6.03 20.86 110.45 133.52
sheep 0.515713 11.48 150.58 30.83 188.81
cat 0.515655 2.76 0.00 103.20 98.73
sheep 0.515600 9.57 184.33 29.91 217.85
aeroplane 0.515562 118.47 83.97 164.40 103.74
dog 0.515499 139.51 152.39 185.55 188.68
dog 0.515496 119.70 90.45 162.08 110.76
boat 0.515386 181.10 0.00 214.39 22.33
dog 0.515274 99.39 167.79 122.98 193.47
sheep 0.515239 46.55 176.01 72.90 224.00
aeroplane 0.515134 141.31 79.84 192.18 105.27
dog 0.515083 29.26 128.85 133.41 224.00
cat 0.515036 146.95 54.71 192.19 77.35
dog 0.514976 127.21 97.70 173.60 122.33
bottle 0.514805 24.70 46.04 203.79 173.32
dog 0.514787 115.90 96.76 161.65 124.20
dog 0.514769 140.90 87.46 183.81 109.80
sheep 0.514663 157.62 121.68 202.51 158.11
dog 0.514622 135.15 74.84 186.16 97.88
dog 0.514617 104.34 173.91 141.21 204.65
dog 0.514562 110.34 41.28 176.92 73.03
cat 0.514504 148.54 22.28 200.83 58.80
aeroplane 0.514481 138.89 72.21 187.58 97.17
sheep 0.514389 181.73 147.86 209.64 184.59
bottle 0.514386 153.31 0.00 224.00 93.51
dog 0.514318 149.82 139.45 200.94 185.63
sheep 0.514310 209.07 84.93 224.00 120.88
cat 0.514286 192.43 125.81 213.83 154.83
cat 0.514271 209.98 90.19 224.00 128.54
bottle 0.514135 66.72 0.00 193.41 114.79
sheep 0.514087 35.15 176.63 65.01 224.00
aeroplane 0.514074 128.50 185.60 176.23 218.85
cat 0.514033 162.39 54.77 204.55 74.00
sheep 0.513974 123.97 112.68 221.22 213.71
sheep 0.513916 190.88 119.45 213.93 148.57
dog 0.513847 105.59 58.51 167.65 89.14
cat 0.513816 210.79 107.79 223.60 144.56
aeroplane 0.513767 111.54 72.30 166.59 98.09
sheep 0.513757 188.37 100.34 212.73 133.26
sheep 0.513714 189.38 110.30 213.53 141.92
dog 0.513683 95.20 173.31 123.80 205.87
bottle 0.513641 94.59 0.00 195.20 62.61
cat 0.513562 106.63 19.51 169.80 61.64
dog 0.513553 187.01 92.92 212.78 123.88
dog 0.513502 115.46 51.64 178.49 77.98
dog 0.513492 145.27 91.30 187.35 122.95
aeroplane 0.513486 127.89 196.76 177.66 224.00
bottle 0.513485 184.33 88.48 213.24 115.72
dog 0.513454 126.66 44.18 186.71 73.93
bottle 0.513437 125.34 0.00 207.16 58.68
sheep 0.513435 186.48 142.15 211.71 178.12
sheep 0.513395 192.22 72.15 217.18 98.76
cat 0.513384 173.72 48.28 211.65 68.42
bottle 0.513384 109.53 0.00 207.66 100.81
dog 0.513354 145.41 97.18 190.85 137.51
dog 0.513311 143.05 53.93 191.16 78.17
bottle 0.513283 137.21 49.04 224.00 173.08
sheep 0.513209 208.28 78.58 223.06 111.76
bottle 0.513202 179.81 82.87 211.96 107.55
cat 0.513185 110.87 15.24 166.65 50.24
sheep 0.513076 190.02 135.88 213.02 171.80
sheep 0.513045 76.81 202.63 119.04 224.00
cat 0.513004 122.31 31.30 186.20 70.27
aeroplane 0.512797 179.34 54.54 212.06 74.10
dog 0.512693 196.44 161.57 211.76 198.75
bottle 0.512660 153.12 80.62 201.12 105.83
cat 0.512617 122.10 20.55 183.86 61.10
dog 0.512582 172.70 153.89 205.86 193.60
dog 0.512519 157.80 107.59 201.12 144.22
cat 0.512490 126.18 15.61 181.15 49.06
sheep 0.512290 132.43 150.26 218.37 224.00
dog 0.512118 159.05 97.71 200.24 134.37
bottle 0.512076 156.38 85.89 201.12 113.32
dog 0.511952 93.83 135.10 202.98 224.00
sheep 0.511855 212.00 167.69 224.00 207.69
sheep 0.511821 6.03 204.46 34.33 224.00
sheep 0.511815 188.06 188.76 213.33 224.00
cat 0.511789 127.37 5.19 172.96 36.35
sheep 0.511756 210.69 182.65 224.00 223.13
bird 0.511732 142.37 203.42 205.23 224.00
dog 0.511719 120.16 62.38 179.49 88.30
aeroplane 0.511592 141.06 60.99 189.13 86.34
dog 0.511569 158.51 90.18 200.24 123.06
sheep 0.511415 54.64 197.89 92.39 224.00
cat 0.511365 148.66 15.65 194.43 41.30
aeroplane 0.511359 139.97 186.14 196.31 221.59
bottle 0.511309 88.49 22.17 209.50 132.80
cat 0.511289 127.59 0.00 168.35 27.01
cat 0.511195 160.09 0.00 196.24 31.46
bottle 0.511151 173.25 71.98 209.25 97.01
aeroplane 0.511128 185.78 61.03 214.20 84.98
cat 0.511068 145.81 8.50 190.26 37.00
dog 0.511053 190.39 173.19 211.43 209.34
sheep 0.511045 206.54 68.64 221.85 101.81
bottle 0.510820 167.04 10.57 207.39 32.56
sheep 0.510666 92.71 207.50 132.58 224.00
sheep 0.510629 19.58 204.50 54.87 224.00
cat 0.510620 166.43 37.17 211.01 63.25
sheep 0.510515 195.64 51.90 218.29 79.03
bottle 0.510505 166.79 60.64 205.38 83.17
cat 0.510502 143.59 0.00 182.64 29.32
aeroplane 0.510498 126.00 209.53 172.27 224.00
aeroplane 0.510428 149.48 70.13 199.74 95.78
sheep 0.510420 190.73 46.15 217.77 72.25
sheep 0.510021 138.59 182.23 199.82 224.00
aeroplane 0.509914 140.24 170.98 190.22 208.26
aeroplane 0.509743 149.81 59.80 198.20 82.95
sheep 0.509701 39.69 199.30 75.78 224.00
aeroplane 0.509534 187.67 0.00 218.54 26.01
sheep 0.509443 201.53 58.59 219.77 89.53
cat 0.509044 160.42 24.91 209.83 56.17
aeroplane 0.509037 182.76 4.02 216.65 32.80
sheep 0.508883 30.92 201.03 67.57 224.00
dog 0.508645 159.94 164.95 202.72 207.53
aeroplane 0.508446 177.98 11.31 215.78 39.80
aeroplane 0.508385 185.74 36.03 217.23 65.83
aeroplane 0.507796 181.08 24.24 216.45 57.66
