bird 0.612288 72.75 101.20 188.94 160.64
bird 0.593891 75.20 99.94 172.86 140.22
bird 0.579335 70.20 122.77 173.36 186.64
aeroplane 0.571989 66.82 123.37 169.66 196.23
dog 0.559155 81.05 95.05 207.89 146.92
bird 0.555330 95.64 105.24 190.43 149.86
aeroplane 0.554419 71.36 134.15 151.71 208.54
aeroplane 0.545580 70.54 158.06 144.20 214.40
sheep 0.545400 102.97 112.96 188.95 153.37
bird 0.545046 71.11 87.38 185.19 146.32
bird 0.544445 100.86 115.87 185.59 160.01
bird 0.541891 68.28 124.47 140.56 199.51
bird 0.541630 73.15 111.58 155.65 175.43
bird 0.540590 3.19 212.72 34.43 224.00
aeroplane 0.540218 60.22 135.71 78.03 202.12
bird 0.539834 106.23 99.55 184.73 135.72
bird 0.538948 60.73 133.75 78.02 199.27
bird 0.537962 77.78 102.07 152.93 153.66
bird 0.536725 73.71 56.38 139.75 91.71
aeroplane 0.535474 38.41 210.21 85.47 224.00
bird 0.535318 17.60 212.71 49.99 224.00
bird 0.534596 63.97 123.13 84.23 201.15
bird 0.534062 26.69 211.48 67.61 224.00
bird 0.533985 0.00 204.73 22.53 224.00
bird 0.533755 66.01 126.36 106.04 204.53
bird 0.532890 156.90 211.40 189.27 224.00
bird 0.532817 0.00 189.10 42.89 224.00
dog 0.532761 207.43 207.77 224.00 224.00
sheep 0.532660 115.17 98.02 183.74 129.71
bird 0.532553 0.00 192.24 77.82 224.00
bird 0.532493 0.00 67.99 11.00 102.91
bird 0.532490 55.67 171.16 146.61 224.00
sheep 0.532352 188.63 211.52 218.00 224.00
bird 0.532305 76.88 50.60 139.14 80.38
dog 0.532116 180.42 212.40 210.36 224.00
dog 0.532010 165.79 211.41 196.04 224.00
aeroplane 0.531907 63.19 170.47 134.78 222.64
aeroplane 0.531723 67.26 207.32 120.61 224.00
aeroplane 0.531413 58.31 134.12 85.28 210.20
dog 0.531396 173.50 211.92 202.99 224.00
bird 0.531393 139.06 211.74 176.00 224.00
bird 0.531349 68.41 115.03 94.63 190.94
bird 0.531039 68.00 107.01 84.28 165.58
bird 0.530737 0.00 113.35 11.58 152.40
bird 0.530726 76.88 70.98 145.70 111.52
sheep 0.530351 104.21 122.30 179.49 167.56
aeroplane 0.530286 47.62 206.86 100.70 224.00
bird 0.530026 137.82 13.61 167.67 25.33
bird 0.530024 17.11 131.18 140.67 224.00
dog 0.529983 131.36 75.41 224.00 156.20
bird 0.529859 55.53 134.34 184.79 224.00
aeroplane 0.529572 66.53 129.04 113.42 207.05
bird 0.529500 116.88 211.35 149.92 224.00
bird 0.529434 0.00 131.29 95.15 224.00
bird 0.529426 103.33 173.62 212.89 224.00
bird 0.529361 106.78 210.01 142.14 224.00
aeroplane 0.529308 93.86 208.74 134.70 224.00
aeroplane 0.528965 207.42 0.00 224.00 18.63
car 0.528653 0.00 0.00 20.78 19.75
bird 0.528509 125.42 211.88 160.85 224.00
dog 0.528183 218.19 85.74 224.00 121.36
aeroplane 0.528028 178.46 0.00 224.00 44.66
car 0.527949 0.00 0.00 124.07 104.25
car 0.527919 8.33 0.00 87.31 27.75
car 0.527798 0.00 0.00 54.57 34.85
bird 0.527759 57.99 38.04 200.55 110.34
bird 0.527572 64.09 110.43 78.90 164.94
aeroplane 0.527529 52.94 143.51 91.73 216.88
bird 0.527522 63.46 120.32 78.49 187.09
bird 0.527265 85.14 43.51 136.20 65.46
bird 0.527230 72.54 106.72 93.93 162.49
bird 0.527174 0.00 117.44 18.70 150.03
dog 0.527164 154.52 171.79 224.00 224.00
bird 0.527107 0.00 72.13 17.09 100.12
bird 0.527101 128.73 120.93 224.00 224.00
aeroplane 0.526820 57.82 144.85 124.04 217.93
bird 0.526793 87.64 36.62 134.10 58.38
bird 0.526787 83.84 90.57 156.07 131.24
bird 0.526699 138.07 18.06 169.51 33.49
bird 0.526534 8.07 199.29 28.16 215.45
bird 0.526510 136.85 0.00 171.11 21.18
sheep 0.526464 139.89 48.15 175.50 72.80
bird 0.526361 0.00 98.11 11.05 135.65
aeroplane 0.526205 43.32 175.65 102.39 224.00
dog 0.526109 218.50 95.83 224.00 134.53
bird 0.526094 56.31 140.76 74.72 195.02
boat 0.526090 0.00 53.87 11.56 90.19
aeroplane 0.525951 0.00 66.10 17.40 95.23
bird 0.525739 111.33 51.36 224.00 155.64
bird 0.525670 76.33 46.37 134.15 72.37
bird 0.525652 0.00 125.47 13.09 164.64
bird 0.525513 0.00 80.14 11.70 115.44
sheep 0.525422 110.83 133.18 173.22 178.69
sheep 0.525379 120.66 148.21 170.67 187.10
sheep 0.525317 43.19 36.23 190.46 111.55
sheep 0.525168 128.46 159.22 170.28 194.65
bird 0.525105 89.40 0.00 127.02 17.76
bird 0.525069 68.28 143.10 160.60 218.16
aeroplane 0.525055 51.46 152.59 81.62 208.94
bird 0.525034 1.06 197.92 23.28 217.14
bird 0.524966 0.00 89.14 11.40 125.16
bird 0.524880 11.09 209.82 36.82 224.00
bird 0.524787 67.78 68.62 180.35 133.20
aeroplane 0.524714 63.62 189.70 125.16 224.00
cow 0.524707 0.00 0.00 123.27 109.15
bird 0.524594 36.05 180.57 107.36 224.00
sheep 0.524532 43.83 0.00 200.41 97.46
bird 0.524481 0.48 161.00 20.54 186.60
sheep 0.524446 140.39 56.69 178.24 79.72
bird 0.524421 107.50 140.03 164.39 188.83
cat 0.524412 93.09 0.00 224.00 136.59
bird 0.524328 0.00 157.00 12.45 190.00
aeroplane 0.524251 47.81 168.70 84.29 214.97
sheep 0.524244 138.36 38.31 173.40 64.75
bird 0.524243 0.00 0.07 118.80 136.83
aeroplane 0.524013 44.06 184.51 84.92 224.00
aeroplane 0.523992 34.89 77.92 49.90 94.39
aeroplane 0.523971 33.93 0.00 128.83 30.82
bird 0.523929 0.00 147.75 12.74 181.64
aeroplane 0.523836 26.72 77.62 42.08 94.51
bird 0.523782 0.00 128.51 19.92 161.93
bird 0.523600 43.75 0.00 196.52 95.36
sheep 0.523562 196.23 90.85 216.20 114.11
bird 0.523426 71.48 103.63 102.72 149.88
car 0.523418 0.00 0.00 29.74 15.23
bird 0.523397 0.00 150.85 20.65 178.52
bird 0.523306 137.69 28.90 172.78 55.04
bird 0.523019 0.00 194.93 17.30 218.99
sheep 0.522982 170.17 89.86 201.54 109.85
bird 0.522938 66.50 99.73 86.93 137.94
bird 0.522872 137.70 22.13 172.38 43.58
bird 0.522840 0.00 83.38 26.40 181.40
bird 0.522677 8.78 189.28 27.30 207.21
aeroplane 0.522571 36.40 84.22 49.65 101.19
sheep 0.522550 170.00 84.12 201.04 103.82
sheep 0.522511 133.17 168.86 169.63 201.44
aeroplane 0.522491 6.98 75.80 27.02 97.82
aeroplane 0.522409 16.56 77.26 34.67 96.55
sheep 0.522404 185.72 91.60 209.08 111.22
sheep 0.522370 153.71 84.38 193.19 103.37
sheep 0.522346 132.80 93.90 185.67 116.00
aeroplane 0.522296 43.16 199.22 91.82 224.00
bird 0.522275 145.33 0.00 181.09 19.18
boat 0.522258 0.00 44.35 10.70 78.89
sheep 0.522243 137.10 165.22 177.33 192.96
bird 0.522227 62.74 107.55 81.12 148.32
aeroplane 0.522213 13.97 36.96 40.05 53.41
aeroplane 0.522204 32.83 71.28 49.58 87.89
bird 0.522189 87.87 128.47 209.02 202.41
sheep 0.522185 195.14 85.15 215.41 108.05
bird 0.522175 0.66 187.68 21.74 209.13
sheep 0.522111 184.99 85.99 207.74 106.02
sheep 0.522109 151.51 90.93 193.72 110.62
dog 0.522105 219.44 70.99 224.00 107.15
bird 0.522077 9.39 164.21 25.58 182.37
bird 0.522067 21.87 22.78 172.05 124.24
bird 0.522048 116.25 151.87 162.76 195.53
dog 0.522031 219.66 164.01 224.00 193.00
boat 0.522020 0.00 0.00 167.70 102.00
aeroplane 0.521930 23.51 71.05 41.85 88.78
bird 0.521929 105.22 0.00 140.73 17.97
bird 0.521910 0.00 137.98 20.20 169.44
bird 0.521822 85.36 132.13 154.40 191.54
boat 0.521797 0.00 35.88 10.10 68.09
dog 0.521761 219.61 156.38 224.00 185.96
aeroplane 0.521748 6.19 37.02 33.13 53.45
bird 0.521739 77.75 0.00 113.82 16.11
aeroplane 0.521728 14.12 199.45 34.28 213.81
sheep 0.521687 185.07 70.75 203.08 89.64
aeroplane 0.521679 13.40 43.46 39.16 62.24
bird 0.521557 157.01 0.00 189.47 18.82
sheep 0.521552 129.86 155.25 177.02 184.96
bird 0.521522 0.00 60.04 27.81 155.62
sheep 0.521354 140.00 65.35 182.74 88.80
dog 0.521329 220.00 131.10 224.00 161.04
dog 0.521313 220.00 61.62 224.00 98.47
sheep 0.521313 172.30 68.50 197.35 88.73
bird 0.521301 0.00 150.87 30.08 224.00
bird 0.521271 2.69 128.41 25.52 153.47
sheep 0.521047 136.73 179.86 169.57 208.82
aeroplane 0.521027 13.93 29.48 40.72 46.24
sheep 0.521012 197.71 99.09 215.19 123.68
aeroplane 0.521011 29.08 83.64 42.19 100.56
bird 0.520973 166.15 0.00 197.00 18.29
sheep 0.520954 220.00 171.82 224.00 200.41
aeroplane 0.520924 92.01 172.25 136.68 216.67
aeroplane 0.520916 37.26 90.49 49.38 108.69
bird 0.520906 0.00 184.87 15.19 212.26
aeroplane 0.520902 64.38 49.33 182.48 114.35
bird 0.520890 1.12 167.15 20.29 193.11
sheep 0.520889 206.31 88.24 223.01 117.64
bird 0.520885 38.15 125.47 55.59 155.36
bird 0.520874 56.86 114.21 71.38 157.80
sheep 0.520858 143.00 183.74 176.98 208.71
bird 0.520843 0.00 102.71 16.33 133.49
boat 0.520834 0.00 40.40 18.69 65.48
car 0.520807 0.00 28.83 9.76 60.18
aeroplane 0.520803 4.03 0.00 39.04 13.92
sheep 0.520797 139.89 86.87 185.98 107.52
aeroplane 0.520768 41.72 78.48 56.85 93.79
aeroplane 0.520726 4.29 69.10 27.09 92.38
aeroplane 0.520722 220.00 52.52 224.00 88.71
sheep 0.520682 140.29 174.19 177.02 200.68
sheep 0.520680 185.24 78.78 205.54 98.92
aeroplane 0.520655 4.57 43.62 31.35 63.09
dog 0.520650 142.69 134.69 224.00 224.00
bird 0.520646 38.71 119.30 54.37 146.51
dog 0.520635 219.72 147.88 224.00 178.26
bird 0.520604 67.52 91.81 86.88 120.71
sheep 0.520584 184.65 62.44 201.77 79.11
aeroplane 0.520530 0.00 49.94 29.37 144.73
aeroplane 0.520504 220.00 28.17 224.00 62.05
aeroplane 0.520467 48.50 150.82 72.31 196.39
sheep 0.520465 173.68 60.53 195.79 79.92
sheep 0.520465 170.24 93.97 201.59 116.30
sheep 0.520439 170.64 76.48 199.38 96.67
bird 0.520438 173.90 0.00 204.57 17.50
sheep 0.520405 138.48 75.98 182.65 100.53
boat 0.520383 0.00 33.83 19.47 56.53
aeroplane 0.520314 6.07 29.49 34.34 46.23
bird 0.520281 90.17 26.54 131.61 48.84
aeroplane 0.520280 13.11 70.58 34.64 91.19
aeroplane 0.520272 12.74 19.62 41.16 38.27
bird 0.520259 8.24 154.13 25.47 174.89
sheep 0.520248 157.98 67.96 191.40 88.54
aeroplane 0.520222 18.43 83.35 34.27 102.19
bird 0.520214 2.42 122.80 24.79 147.40
dog 0.520185 219.79 138.98 224.00 169.39
sheep 0.520181 141.56 102.61 194.93 135.11
sheep 0.520129 155.44 76.25 192.43 96.09
boat 0.520125 0.00 11.97 9.68 45.81
sheep 0.520120 118.19 124.26 186.42 157.92
dog 0.520068 219.71 111.63 224.00 148.70
sheep 0.520067 93.85 0.00 224.00 131.02
sheep 0.520032 76.95 60.52 135.93 84.11
aeroplane 0.520003 20.62 43.93 44.73 60.45
bird 0.519983 0.00 173.66 13.07 205.49
bird 0.519978 73.94 91.73 107.35 123.62
bird 0.519944 0.00 37.25 117.27 170.62
sheep 0.519917 194.79 78.05 213.75 100.69
boat 0.519890 0.00 20.94 9.22 53.56
sheep 0.519853 168.44 98.47 201.24 124.42
bird 0.519834 0.00 125.39 27.41 209.26
sheep 0.519800 220.00 180.35 224.00 209.21
sheep 0.519792 186.56 99.95 208.44 122.72
aeroplane 0.519764 88.07 191.48 131.07 224.00
aeroplane 0.519758 68.18 73.32 85.24 93.04
aeroplane 0.519667 42.55 85.01 56.62 100.62
bird 0.519643 116.06 0.00 151.79 17.92
sheep 0.519638 148.50 94.96 193.83 118.47
sheep 0.519621 194.13 69.68 212.17 90.72
bird 0.519620 1.13 176.02 20.63 201.25
boat 0.519619 181.48 0.00 211.55 16.41
bird 0.519619 50.40 59.30 195.58 143.00
sheep 0.519590 219.32 190.98 224.00 223.45
dog 0.519556 136.98 92.21 224.00 183.67
aeroplane 0.519554 26.36 0.00 61.36 14.69
boat 0.519531 189.33 0.00 218.19 16.15
sheep 0.519520 175.65 36.38 195.17 57.78
bird 0.519465 69.83 0.00 102.66 15.03
aeroplane 0.519434 4.73 19.22 34.78 38.27
aeroplane 0.519420 37.77 98.44 50.49 118.78
bird 0.519420 88.60 144.00 143.76 202.39
bird 0.519415 127.09 0.00 164.29 18.53
boat 0.519405 0.00 25.99 20.01 49.65
bird 0.519370 68.22 82.16 85.25 105.82
sheep 0.519282 159.69 59.22 190.28 80.29
bird 0.519186 9.86 170.17 25.34 189.14
aeroplane 0.519167 30.64 89.96 42.41 108.01
aeroplane 0.519149 19.48 197.93 42.16 214.57
bird 0.519147 38.93 113.74 53.48 138.52
aeroplane 0.519112 52.46 0.00 150.80 38.88
aeroplane 0.519084 40.08 71.98 56.30 86.95
bird 0.519060 62.27 102.22 80.51 134.50
bird 0.519053 15.89 189.17 34.29 206.21
bird 0.518992 46.10 117.79 61.13 150.82
sheep 0.518972 184.11 38.87 200.40 55.22
aeroplane 0.518961 7.05 81.61 25.87 103.15
aeroplane 0.518939 36.12 0.00 68.55 14.56
sheep 0.518934 137.09 29.77 184.12 59.48
boat 0.518932 0.00 48.89 17.86 77.66
bird 0.518915 37.87 133.49 57.19 165.95
bird 0.518911 28.33 126.98 43.76 152.04
aeroplane 0.518904 220.00 12.81 224.00 44.15
sheep 0.518903 211.83 203.03 224.00 224.00
boat 0.518899 62.18 0.00 94.06 14.90
sheep 0.518892 175.63 29.63 194.25 49.11
aeroplane 0.518857 39.85 155.99 62.89 190.59
sheep 0.518845 184.24 53.95 200.92 70.69
bird 0.518842 55.69 89.38 196.20 173.21
bird 0.518833 0.00 157.80 67.41 223.59
sheep 0.518795 162.15 27.01 188.96 50.19
boat 0.518784 0.00 15.69 20.80 41.64
aeroplane 0.518769 43.27 92.01 57.29 109.53
sheep 0.518724 76.77 55.58 140.95 94.06
bird 0.518692 9.78 178.20 26.22 197.92
sheep 0.518678 184.17 45.82 200.53 62.89
sheep 0.518672 174.62 43.52 195.01 65.58
bird 0.518659 95.96 9.99 123.52 20.92
sheep 0.518657 173.82 51.84 195.00 72.62
sheep 0.518636 79.39 55.28 136.72 76.02
sheep 0.518593 149.68 168.40 184.58 191.06
sheep 0.518575 139.52 195.73 171.66 224.00
aeroplane 0.518549 38.37 106.77 52.14 129.22
sheep 0.518519 193.34 61.13 210.99 79.42
aeroplane 0.518440 29.92 159.76 44.86 183.39
sheep 0.518409 159.82 33.19 189.94 59.10
boat 0.518399 115.02 0.00 196.33 37.51
car 0.518267 0.00 38.81 33.13 130.60
dog 0.518264 98.09 134.02 219.45 213.44
aeroplane 0.518238 27.88 30.21 50.57 45.99
sheep 0.518237 207.20 97.34 223.70 127.56
aeroplane 0.518235 68.77 66.71 86.96 85.01
aeroplane 0.518207 27.96 21.05 51.06 39.22
aeroplane 0.518195 30.76 192.43 66.28 217.79
aeroplane 0.518175 21.58 186.91 43.09 206.75
aeroplane 0.518171 27.08 37.70 50.06 52.38
bird 0.518164 0.00 82.62 108.23 204.00
aeroplane 0.518080 28.25 44.26 49.91 60.03
bird 0.518080 56.69 125.61 72.16 179.17
bird 0.518070 166.01 19.46 186.66 39.30
aeroplane 0.518044 32.53 180.54 68.49 208.14
aeroplane 0.517958 30.92 63.22 49.52 81.35
pottedplant 0.517926 97.39 0.00 183.30 39.87
bird 0.517908 55.34 109.32 72.98 140.29
bird 0.517898 56.00 124.57 117.23 185.92
bird 0.517873 19.89 163.20 33.06 179.90
bird 0.517837 139.09 24.24 182.10 49.40
bird 0.517828 2.33 116.28 23.70 140.37
boat 0.517791 0.00 0.00 11.62 34.61
sheep 0.517784 75.14 62.64 112.04 82.70
sheep 0.517772 73.90 70.62 109.31 92.88
bird 0.517762 27.38 121.45 42.99 144.88
aeroplane 0.517761 35.32 168.23 69.11 202.43
aeroplane 0.517750 149.80 0.00 224.00 39.41
sheep 0.517739 183.86 31.58 199.89 47.06
bird 0.517737 5.17 141.72 25.34 165.80
sheep 0.517666 197.37 163.44 210.76 181.14
aeroplane 0.517646 45.67 0.00 77.45 14.08
car 0.517604 0.00 20.78 37.46 111.08
bird 0.517589 28.75 133.80 44.59 160.32
aeroplane 0.517586 30.28 98.29 41.95 117.52
sheep 0.517574 197.09 171.70 210.24 188.59
sheep 0.517562 198.67 104.66 214.78 130.71
aeroplane 0.517523 18.84 90.41 33.63 109.99
bird 0.517490 61.86 93.63 78.87 117.93
aeroplane 0.517486 61.15 76.35 76.65 92.73
sheep 0.517481 144.85 159.90 183.78 182.68
aeroplane 0.517458 21.37 62.50 42.59 82.37
sheep 0.517442 164.45 103.63 200.34 132.60
aeroplane 0.517381 214.13 0.00 224.00 23.16
sheep 0.517375 122.79 162.17 161.96 200.66
sheep 0.517335 159.25 49.82 189.51 73.60
bird 0.517327 29.98 153.21 45.01 176.10
sheep 0.517235 158.78 40.76 189.63 67.01
aeroplane 0.517234 220.00 2.12 224.00 33.87
pottedplant 0.517229 59.70 0.00 158.37 44.48
sheep 0.517217 152.01 185.90 183.55 207.60
bird 0.517213 13.55 129.07 31.91 151.95
bird 0.517208 59.32 150.10 140.18 211.22
bird 0.517207 74.16 81.71 107.45 107.96
bird 0.517192 38.33 143.32 58.40 175.76
sheep 0.517184 151.03 176.95 184.34 199.34
aeroplane 0.517184 44.36 100.29 59.77 121.76
bird 0.517123 45.73 107.86 61.54 133.29
aeroplane 0.517104 177.37 21.01 192.74 38.35
aeroplane 0.517030 39.08 30.35 56.50 45.44
aeroplane 0.517005 39.56 38.11 56.23 52.14
bird 0.516973 28.59 165.74 44.58 191.02
aeroplane 0.516971 61.52 84.03 76.92 103.68
bird 0.516957 144.63 18.60 178.64 38.05
dog 0.516945 107.11 167.00 222.80 224.00
aeroplane 0.516944 0.00 57.14 52.31 151.21
aeroplane 0.516943 50.89 78.58 65.95 92.90
bird 0.516854 19.38 154.75 32.88 172.62
aeroplane 0.516830 60.63 70.57 76.92 85.21
dog 0.516797 146.86 51.17 224.00 141.01
aeroplane 0.516766 178.31 1.27 224.00 100.05
aeroplane 0.516729 28.99 107.30 41.46 128.22
sheep 0.516728 134.53 117.54 192.42 150.64
sheep 0.516704 186.91 105.46 207.78 130.36
bird 0.516686 46.40 141.00 66.26 182.38
bird 0.516616 0.00 66.51 48.56 161.11
bird 0.516607 19.67 169.49 32.88 188.01
bird 0.516557 27.62 115.30 42.00 137.46
aeroplane 0.516543 11.36 51.39 37.50 73.57
aeroplane 0.516510 24.77 174.95 43.89 199.61
sheep 0.516510 193.19 52.75 209.63 70.24
aeroplane 0.516464 51.84 85.45 66.01 101.20
aeroplane 0.516446 65.53 66.31 166.76 127.02
bird 0.516445 18.09 178.22 33.49 197.73
aeroplane 0.516445 58.22 19.10 174.08 89.95
aeroplane 0.516412 1.07 60.83 27.89 86.02
bird 0.516353 29.23 143.64 45.20 168.28
bird 0.516335 31.27 158.74 88.48 213.77
aeroplane 0.516328 193.38 37.52 208.47 53.19
sheep 0.516325 82.81 50.48 136.88 70.07
aeroplane 0.516306 95.37 157.05 142.46 206.39
aeroplane 0.516284 38.00 21.62 56.35 38.71
aeroplane 0.516279 10.56 61.67 36.07 84.57
aeroplane 0.516272 193.41 44.65 208.79 61.30
bird 0.516237 54.06 102.67 71.23 127.54
sheep 0.516220 79.97 72.73 146.54 114.36
aeroplane 0.516212 77.43 35.89 104.36 51.54
car 0.516211 0.00 0.00 45.27 77.92
sheep 0.516199 161.08 170.40 189.17 190.40
bird 0.516192 45.82 131.41 63.76 171.15
aeroplane 0.516154 52.90 93.82 68.22 113.11
aeroplane 0.516141 1.78 51.44 29.70 75.08
aeroplane 0.516119 49.44 72.29 65.77 85.92
aeroplane 0.516101 84.32 36.43 132.59 54.23
aeroplane 0.516064 20.52 52.23 43.31 71.60
bird 0.516053 14.36 135.12 32.22 157.97
sheep 0.516050 198.87 153.10 210.86 171.96
sheep 0.516047 162.57 187.28 188.57 207.11
sheep 0.516020 206.03 74.89 221.07 104.07
sheep 0.515977 135.76 147.68 183.46 174.27
sheep 0.515973 197.48 179.62 209.17 195.49
aeroplane 0.515945 186.33 22.46 199.07 36.72
aeroplane 0.515926 6.03 88.54 24.57 111.28
sheep 0.515914 196.48 187.17 209.06 203.49
bird 0.515889 94.17 16.04 127.14 34.64
aeroplane 0.515881 39.92 44.97 56.14 59.58
aeroplane 0.515872 29.32 53.11 49.24 71.18
sheep 0.515830 154.40 197.10 185.27 223.76
sheep 0.515771 125.39 134.60 183.73 164.85
bird 0.515742 169.88 10.32 186.58 26.93
aeroplane 0.515735 28.35 7.41 52.19 28.65
aeroplane 0.515728 71.21 36.18 84.57 51.53
sheep 0.515689 188.63 188.39 201.30 204.06
aeroplane 0.515685 100.46 196.58 138.47 224.00
aeroplane 0.515670 166.44 28.55 224.00 126.20
bird 0.515653 12.85 123.55 31.15 146.08
aeroplane 0.515642 11.55 3.20 41.37 26.41
sheep 0.515636 76.80 56.69 113.10 75.15
sheep 0.515621 190.46 172.50 203.47 188.21
aeroplane 0.515607 38.63 64.08 55.92 80.08
sheep 0.515605 158.09 162.42 188.53 182.54
sheep 0.515591 190.54 164.85 204.57 180.79
bird 0.515487 16.34 143.67 32.66 164.66
bird 0.515456 54.92 143.45 119.44 200.42
bird 0.515440 2.93 107.65 23.06 131.65
sheep 0.515406 84.72 44.43 135.26 62.28
bird 0.515382 151.18 11.27 177.65 26.86
aeroplane 0.515344 193.68 29.81 208.22 45.32
sheep 0.515280 177.79 188.28 194.88 205.31
boat 0.515237 0.00 1.39 22.50 29.11
sheep 0.515139 177.86 165.19 196.80 181.41
sheep 0.515028 206.36 66.07 220.90 94.49
sheep 0.514998 178.99 172.55 196.57 188.66
aeroplane 0.514995 17.37 99.29 32.40 119.69
sheep 0.514968 165.24 198.54 191.18 224.00
sheep 0.514948 200.07 127.76 212.87 146.91
sheep 0.514916 78.37 44.28 106.50 60.17
aeroplane 0.514874 104.31 178.35 141.54 218.07
bird 0.514855 11.91 111.24 81.10 180.47
boat 0.514851 0.00 0.00 26.80 17.66
bird 0.514798 27.10 85.27 167.95 183.83
sheep 0.514778 70.47 59.51 88.02 76.71
sheep 0.514777 161.79 178.48 188.97 198.46
sheep 0.514768 199.28 114.32 213.88 139.26
bird 0.514764 137.20 12.86 170.07 21.02
bird 0.514758 102.30 152.32 151.10 199.78
bird 0.514750 179.16 10.74 192.96 25.38
sheep 0.514734 134.06 45.48 170.14 66.64
bird 0.514733 0.00 134.58 58.45 207.49
dog 0.514700 86.80 109.38 213.39 183.12
bird 0.514631 0.00 109.44 51.89 193.43
sheep 0.514621 207.80 160.29 220.40 181.98
bird 0.514599 127.53 173.75 161.41 206.10
sheep 0.514577 190.31 180.23 201.81 195.48
bird 0.514536 109.13 10.17 132.29 22.51
sheep 0.514460 207.52 168.26 219.57 189.14
dog 0.514450 97.83 95.23 218.84 166.62
aeroplane 0.514381 10.90 72.25 79.24 145.04
sheep 0.514377 177.12 200.28 197.30 224.00
aeroplane 0.514342 71.33 26.39 85.43 42.22
bird 0.514340 79.51 84.50 143.17 117.11
sheep 0.514294 201.18 136.47 211.63 153.34
sheep 0.514285 101.25 45.39 142.86 66.93
bird 0.514283 4.28 97.98 23.44 121.25
sheep 0.514268 194.62 199.28 212.31 223.65
bird 0.514258 133.73 192.97 163.45 222.93
sheep 0.514250 160.39 111.33 198.92 140.99
bird 0.514247 30.94 143.64 84.61 198.91
aeroplane 0.514190 38.66 9.16 57.16 29.07
bird 0.514147 112.32 202.72 146.61 224.00
aeroplane 0.514102 196.63 20.45 207.80 35.46
aeroplane 0.514062 39.27 54.06 55.74 70.44
aeroplane 0.514035 72.54 44.33 85.35 59.51
bird 0.514031 23.01 127.86 82.52 188.54
sheep 0.514029 191.73 154.57 204.77 171.61
sheep 0.514016 78.19 50.83 110.73 68.14
aeroplane 0.514012 50.64 30.45 65.73 43.42
sheep 0.513988 205.97 57.13 220.61 83.43
sheep 0.513931 200.89 143.38 210.99 161.61
aeroplane 0.513919 187.32 11.38 199.66 24.40
dog 0.513909 209.83 126.29 223.13 149.61
sheep 0.513880 186.57 201.11 204.62 224.00
aeroplane 0.513835 51.73 38.67 65.67 50.20
aeroplane 0.513759 78.04 25.45 104.58 40.98
bird 0.513746 13.00 117.21 30.54 139.43
aeroplane 0.513722 15.18 108.83 31.14 130.38
sheep 0.513693 98.55 49.24 145.44 75.24
sheep 0.513657 178.83 180.04 195.48 196.33
sheep 0.513606 155.80 209.27 189.07 224.00
sheep 0.513547 187.30 115.08 206.59 139.02
aeroplane 0.513510 61.59 62.60 77.66 76.41
aeroplane 0.513478 0.00 26.01 67.79 117.17
sheep 0.513477 209.14 150.66 221.56 173.45
dog 0.513431 210.76 134.13 222.57 155.53
aeroplane 0.513395 49.65 21.50 65.95 35.39
aeroplane 0.513364 207.38 32.72 219.72 56.00
sheep 0.513349 197.56 208.06 221.59 224.00
bird 0.513348 104.20 39.96 141.55 59.77
aeroplane 0.513334 48.87 63.92 65.26 77.77
sheep 0.513333 152.06 151.95 187.86 174.08
sheep 0.513236 138.99 127.91 189.48 156.36
sheep 0.513234 208.61 113.78 223.58 142.83
aeroplane 0.513176 45.91 0.00 160.39 61.82
aeroplane 0.513142 207.16 40.25 219.63 64.56
aeroplane 0.513057 63.75 37.96 77.02 49.56
aeroplane 0.513030 206.46 48.59 220.00 73.76
bird 0.513003 123.61 11.81 148.82 20.99
sheep 0.513001 174.85 154.38 195.99 172.79
sheep 0.512996 207.91 176.04 218.86 196.00
sheep 0.512980 189.32 127.36 205.50 146.36
sheep 0.512978 127.26 59.14 174.03 86.74
aeroplane 0.512897 63.41 28.94 77.93 41.67
aeroplane 0.512874 84.96 26.26 129.98 43.65
aeroplane 0.512866 0.00 0.00 74.84 78.70
aeroplane 0.512769 197.32 8.59 208.79 24.11
sheep 0.512751 72.47 51.70 87.53 68.06
aeroplane 0.512726 208.23 24.82 219.97 47.91
bird 0.512699 108.97 32.21 142.81 52.66
sheep 0.512686 160.54 121.59 197.34 148.12
sheep 0.512674 165.95 210.33 195.61 224.00
aeroplane 0.512646 44.40 62.02 131.47 120.70
sheep 0.512641 94.19 57.69 147.95 91.02
sheep 0.512629 210.48 141.31 222.20 163.87
sheep 0.512450 207.21 184.03 218.90 204.27
aeroplane 0.512398 52.25 45.66 65.39 57.26
bird 0.512384 88.27 69.28 211.30 140.19
bird 0.512364 120.43 186.10 152.96 219.86
sheep 0.512284 192.84 136.40 204.94 152.44
aeroplane 0.512224 87.57 9.79 119.69 20.00
aeroplane 0.512188 15.56 0.00 50.94 14.91
sheep 0.512180 193.51 144.21 204.72 161.05
bird 0.512158 110.64 164.89 151.27 203.90
aeroplane 0.512058 11.87 57.33 86.53 127.72
bird 0.512008 105.14 15.84 131.83 36.54
aeroplane 0.511967 51.34 81.44 124.75 143.51
aeroplane 0.511962 72.73 16.64 87.28 30.40
aeroplane 0.511940 63.48 19.36 79.12 31.58
aeroplane 0.511839 49.94 9.97 67.74 26.05
sheep 0.511826 183.79 0.00 205.59 16.52
bird 0.511817 114.79 23.41 145.36 43.99
sheep 0.511742 204.93 195.29 220.51 222.10
bird 0.511732 56.00 99.86 119.97 163.03
aeroplane 0.511701 38.47 39.87 139.93 102.16
sheep 0.511657 174.58 212.00 201.88 224.00
aeroplane 0.511643 51.01 53.97 65.24 67.51
sheep 0.511605 145.23 139.43 187.93 164.61
aeroplane 0.511599 96.74 0.00 194.39 71.04
aeroplane 0.511552 64.66 45.40 77.10 56.87
aeroplane 0.511551 210.80 15.85 220.55 38.19
aeroplane 0.511487 9.54 35.31 97.14 109.18
sheep 0.511449 97.60 92.00 174.11 129.66
sheep 0.511376 181.74 212.00 209.33 224.00
sheep 0.511250 192.85 0.00 213.28 16.07
sheep 0.511242 170.86 142.15 195.29 162.79
sheep 0.511199 165.73 131.84 195.59 153.93
aeroplane 0.511180 63.94 53.22 78.06 66.25
aeroplane 0.511030 72.18 8.31 88.80 20.00
aeroplane 0.511015 80.24 16.03 104.78 28.20
bird 0.510978 121.83 16.11 147.23 31.92
pottedplant 0.510950 48.01 0.00 163.54 72.89
aeroplane 0.510857 79.64 8.96 102.85 20.00
aeroplane 0.510791 87.56 16.67 125.65 30.24
aeroplane 0.510669 63.38 9.18 80.99 21.62
aeroplane 0.510644 105.13 20.68 206.64 104.67
pottedplant 0.510577 81.31 0.00 184.68 73.74
aeroplane 0.510538 210.83 4.70 221.85 28.37
aeroplane 0.510388 66.35 0.00 91.17 13.19
aeroplane 0.510386 30.29 4.93 137.22 72.16
sheep 0.510094 113.61 75.47 173.84 109.78
dog 0.509411 100.25 63.26 218.48 140.02
aeroplane 0.508910 58.78 0.00 84.41 13.64
aeroplane 0.508379 137.61 0.00 222.95 66.60
aeroplane 0.508136 131.58 13.45 223.88 101.55
aeroplane 0.507519 116.52 42.29 222.42 128.91
