sofa 0.650505 33.23 68.80 219.84 191.01
tvmonitor 0.594575 118.70 19.65 168.63 92.23
sofa 0.592420 92.61 69.27 202.22 149.98
sofa 0.580745 101.51 77.76 223.54 183.34
sofa 0.580191 91.29 94.02 194.70 180.81
tvmonitor 0.575996 123.19 85.56 220.15 187.62
sofa 0.566417 94.03 26.20 169.86 102.19
tvmonitor 0.562720 150.25 119.97 219.13 209.86
chair 0.562407 20.34 54.57 128.52 209.50
sofa 0.560865 135.34 76.58 222.39 165.40
tvmonitor 0.557034 45.77 60.87 98.04 114.91
tvmonitor 0.556923 20.86 57.87 187.16 213.44
chair 0.554831 1.09 67.24 75.48 217.92
sofa 0.551809 86.67 39.75 178.12 122.40
sofa 0.550408 91.26 72.88 179.38 132.14
tvmonitor 0.550283 141.40 71.84 221.38 168.68
aeroplane 0.548747 88.10 129.97 170.12 200.47
tvmonitor 0.547420 117.07 22.51 164.97 69.52
tvmonitor 0.547084 104.66 30.41 176.00 101.16
boat 0.546917 22.72 58.25 183.86 210.66
aeroplane 0.546766 95.44 101.57 191.24 184.66
chair 0.546638 138.24 83.47 220.18 191.91
tvmonitor 0.546116 103.02 25.08 162.27 86.87
sofa 0.545933 93.54 111.54 170.62 183.09
tvmonitor 0.544892 69.77 49.99 154.78 100.47
boat 0.544150 37.05 73.33 103.18 132.27
sofa 0.541863 70.76 46.10 155.82 98.45
chair 0.541579 177.25 126.51 224.00 213.30
sofa 0.539636 73.74 78.23 148.71 124.89
tvmonitor 0.539239 115.71 126.01 201.22 199.66
sofa 0.539192 80.49 120.42 137.68 178.54
tvmonitor 0.539037 34.17 73.17 105.50 138.21
tvmonitor 0.538774 178.98 75.45 223.72 157.60
aeroplane 0.538566 89.15 142.19 151.91 208.32
tvmonitor 0.538162 52.81 58.29 116.61 101.17
chair 0.537935 157.14 128.87 217.85 206.99
sofa 0.536703 184.30 75.46 224.00 146.92
sofa 0.536543 89.20 100.19 166.68 163.61
boat 0.535361 5.13 115.34 35.28 188.26
boat 0.535320 10.16 97.01 41.62 182.24
tvmonitor 0.535056 60.92 81.54 224.00 197.00
tvmonitor 0.534924 156.44 91.28 216.83 190.20
boat 0.534061 39.65 87.59 92.73 136.13
tvmonitor 0.534046 0.00 146.31 40.68 202.51
aeroplane 0.533590 81.31 125.60 140.03 186.18
tvmonitor 0.533463 12.50 83.49 46.26 153.62
tvmonitor 0.533460 16.58 80.66 62.71 145.35
tvmonitor 0.533318 0.00 80.37 32.23 144.73
aeroplane 0.533307 7.71 111.60 41.57 189.21
tvmonitor 0.532733 22.84 76.96 80.56 144.55
car 0.532551 153.07 0.00 210.38 14.13
tvmonitor 0.532333 0.00 37.47 24.83 87.51
sofa 0.532319 163.85 79.71 221.36 156.08
tvmonitor 0.532080 7.09 88.46 34.73 166.21
tvmonitor 0.532077 187.76 98.08 224.00 181.91
boat 0.531977 16.99 84.67 57.59 153.92
chair 0.531770 28.98 67.89 164.01 184.17
tvmonitor 0.531585 0.00 81.67 14.67 144.26
tvmonitor 0.531462 6.06 78.87 41.86 138.89
sofa 0.531381 79.12 105.66 133.18 158.46
boat 0.531372 28.59 80.94 95.10 147.80
sofa 0.531307 89.16 89.70 162.42 145.30
aeroplane 0.531287 87.77 157.05 141.05 215.27
tvmonitor 0.531223 0.00 22.54 28.56 73.91
sofa 0.531140 62.76 71.93 133.27 121.19
tvmonitor 0.531131 1.48 120.22 34.47 188.28
bottle 0.531121 125.36 0.00 157.61 17.61
sofa 0.530782 63.72 53.95 133.63 104.43
boat 0.530698 56.55 183.27 87.55 222.06
boat 0.530383 22.38 82.96 75.14 151.82
sofa 0.530266 74.21 49.42 199.04 140.26
bottle 0.530264 0.00 206.71 22.26 224.00
sofa 0.530247 0.47 62.02 194.56 217.96
sofa 0.530128 70.40 60.19 151.93 119.60
car 0.530099 199.93 0.00 224.00 22.27
aeroplane 0.529817 48.33 125.16 87.15 181.79
car 0.529731 158.84 0.00 224.00 51.55
boat 0.529486 44.51 96.06 92.78 153.33
bottle 0.529298 0.00 210.02 35.21 224.00
tvmonitor 0.529174 210.20 200.75 224.00 224.00
tvmonitor 0.529151 0.92 65.86 32.30 126.81
tvmonitor 0.529096 0.00 14.72 11.87 70.22
sofa 0.529041 27.76 115.56 188.58 224.00
chair 0.528840 0.00 152.43 54.64 224.00
tvmonitor 0.528538 0.00 35.15 11.55 89.26
tvmonitor 0.528396 0.00 63.61 12.83 126.68
boat 0.528250 31.00 124.61 173.32 224.00
chair 0.528152 0.00 65.40 56.09 175.16
aeroplane 0.528151 16.64 116.00 56.44 188.31
bottle 0.528084 119.88 17.04 159.38 51.87
aeroplane 0.528083 46.87 110.62 90.03 171.56
sofa 0.528023 34.79 60.04 173.32 165.57
aeroplane 0.527848 9.30 131.14 45.85 199.06
boat 0.527800 0.00 10.66 10.73 61.43
boat 0.527664 0.00 15.55 27.08 60.59
car 0.527609 212.88 29.34 224.00 67.44
chair 0.527569 124.10 209.74 163.84 224.00
car 0.527392 151.50 3.88 209.84 20.00
aeroplane 0.527340 29.37 119.59 78.86 186.00
chair 0.527301 137.39 210.87 171.37 224.00
bottle 0.527287 123.55 0.00 156.64 27.68
aeroplane 0.527260 109.13 183.76 142.17 221.55
boat 0.527212 80.76 187.28 112.15 224.00
aeroplane 0.527192 102.87 168.35 146.40 214.06
car 0.527044 139.00 0.00 179.30 15.86
chair 0.526792 189.58 145.78 224.00 213.99
sofa 0.526704 111.08 207.15 155.07 224.00
sofa 0.526567 0.00 152.58 68.95 224.00
bottle 0.526542 168.98 210.98 213.84 224.00
boat 0.526483 92.17 184.76 125.41 223.45
tvmonitor 0.526394 0.00 134.34 21.48 194.91
boat 0.526318 0.00 0.00 18.95 21.23
chair 0.526179 0.00 0.00 43.56 52.00
car 0.526126 210.88 40.29 224.00 82.09
chair 0.525917 145.32 211.23 182.90 224.00
tvmonitor 0.525697 10.43 75.59 55.01 133.05
tvmonitor 0.525572 0.00 94.75 10.73 161.37
sofa 0.525450 77.31 93.72 131.62 141.64
sofa 0.525355 26.39 146.71 120.52 224.00
sofa 0.525349 86.65 201.92 131.12 224.00
sofa 0.525170 198.11 65.09 224.00 126.49
sofa 0.525148 36.61 0.00 211.57 180.97
tvmonitor 0.525133 169.75 103.32 222.50 198.27
boat 0.525114 89.15 174.99 130.36 217.86
chair 0.525082 10.94 72.75 97.80 185.98
aeroplane 0.524952 51.93 145.00 82.45 195.51
chair 0.524891 153.25 210.82 197.35 224.00
tvmonitor 0.524836 2.54 50.76 25.62 104.77
tvmonitor 0.524805 58.90 0.00 148.96 34.46
boat 0.524800 0.08 156.00 37.74 212.73
car 0.524765 205.56 55.60 224.00 109.32
chair 0.524759 0.00 0.00 32.65 98.92
boat 0.524746 103.15 183.18 137.42 221.36
tvmonitor 0.524736 0.00 48.23 10.46 106.03
sofa 0.524633 99.09 204.10 141.75 224.00
tvmonitor 0.524630 0.00 121.44 16.03 186.41
sofa 0.524543 72.39 198.23 119.42 224.00
aeroplane 0.524373 79.23 166.21 126.08 217.36
car 0.524323 157.30 28.62 198.65 68.58
boat 0.524303 63.16 188.07 98.33 222.91
boat 0.524269 51.34 194.69 96.50 224.00
boat 0.524228 1.55 23.25 32.87 70.38
aeroplane 0.524227 63.41 126.74 111.74 173.96
aeroplane 0.524216 161.67 43.58 194.22 85.20
boat 0.524198 0.00 0.42 23.84 50.33
boat 0.524182 54.06 164.19 84.30 213.04
bottle 0.524108 177.75 207.74 220.90 224.00
sofa 0.523968 62.01 120.21 113.10 165.68
chair 0.523926 0.00 42.30 44.10 145.05
aeroplane 0.523708 35.25 136.90 75.35 197.71
sofa 0.523696 49.31 191.77 99.97 224.00
tvmonitor 0.523540 0.00 106.81 12.44 175.34
tvmonitor 0.523396 44.13 46.13 162.63 136.05
aeroplane 0.523322 167.38 28.64 203.34 64.39
tvmonitor 0.523174 110.13 0.00 173.70 50.81
tvmonitor 0.523154 29.47 66.09 72.09 125.57
bottle 0.523134 26.32 211.40 64.57 224.00
sofa 0.523030 108.43 29.65 166.66 83.82
sofa 0.522980 132.51 36.19 180.18 82.68
boat 0.522868 0.00 0.00 27.23 17.21
car 0.522831 188.24 0.00 224.00 17.65
sofa 0.522802 49.30 76.84 114.56 120.73
car 0.522795 162.01 36.68 195.99 75.38
aeroplane 0.522668 18.19 136.19 57.19 204.99
tvmonitor 0.522487 0.00 0.00 149.96 176.45
bottle 0.522377 189.33 204.20 224.00 224.00
car 0.522182 131.16 29.09 187.96 74.51
car 0.522164 144.63 0.00 195.78 17.49
sofa 0.522158 89.57 46.29 220.22 168.17
tvmonitor 0.522153 95.82 38.03 195.73 116.99
tvmonitor 0.522095 59.68 26.28 171.00 107.43
car 0.521836 175.50 0.00 218.82 15.26
tvmonitor 0.521772 83.04 23.85 128.83 55.52
aeroplane 0.521621 178.66 46.45 204.01 84.92
bottle 0.521571 111.78 0.00 148.36 16.52
chair 0.521560 201.00 162.46 224.00 220.73
tvmonitor 0.521536 7.28 44.51 29.58 92.34
bottle 0.521509 10.51 211.82 49.91 224.00
boat 0.521469 4.22 143.10 46.10 206.60
tvmonitor 0.521436 106.28 21.97 162.55 57.32
tvmonitor 0.521401 7.46 59.37 35.66 116.29
chair 0.521379 136.57 131.15 221.39 220.61
aeroplane 0.521224 174.71 37.19 202.05 70.26
tvmonitor 0.521123 58.28 0.00 163.31 63.52
tvmonitor 0.521043 29.96 0.00 112.12 38.97
tvmonitor 0.521036 70.08 44.09 137.27 91.57
boat 0.521032 18.20 145.13 58.08 207.99
car 0.520870 153.04 8.50 206.84 33.67
aeroplane 0.520747 50.22 165.78 85.01 213.08
boat 0.520614 0.00 0.00 14.03 35.12
boat 0.520571 25.12 0.00 59.58 17.56
tvmonitor 0.520549 91.88 126.42 215.57 222.30
aeroplane 0.520542 185.20 31.89 214.32 59.53
aeroplane 0.520486 210.54 9.77 224.00 52.85
boat 0.520372 0.00 171.39 32.78 223.49
bottle 0.520263 36.42 209.30 81.61 224.00
chair 0.520258 27.82 59.14 124.48 156.57
aeroplane 0.520092 10.05 0.00 44.27 16.61
chair 0.520033 5.70 54.41 79.91 155.50
bottle 0.520008 101.45 0.00 139.39 15.49
aeroplane 0.519867 180.23 38.55 207.38 67.08
tvmonitor 0.519722 52.14 55.20 89.98 104.83
aeroplane 0.519706 206.48 0.00 224.00 38.64
tvmonitor 0.519680 0.00 158.35 25.04 213.44
tvmonitor 0.519680 121.95 16.29 160.29 49.55
tvmonitor 0.519670 76.89 32.34 132.33 70.15
tvmonitor 0.519662 58.08 0.00 98.25 15.37
boat 0.519644 101.40 166.10 153.48 213.65
bottle 0.519587 91.73 0.00 129.24 14.31
boat 0.519507 33.18 0.00 69.06 17.29
sofa 0.519494 59.32 108.19 114.29 153.48
tvmonitor 0.519465 9.23 0.00 92.56 42.70
aeroplane 0.519374 3.56 16.01 32.37 56.48
car 0.519359 153.56 17.30 202.95 53.99
boat 0.519356 38.60 152.24 77.91 208.01
aeroplane 0.519319 42.87 92.93 93.99 135.19
boat 0.519282 46.31 204.83 92.74 224.00
boat 0.519170 0.00 173.31 18.71 224.00
boat 0.519078 139.47 131.64 210.05 204.88
sofa 0.519011 109.26 197.45 145.42 224.00
pottedplant 0.519005 207.85 182.87 224.00 224.00
bottle 0.518890 135.19 0.00 176.34 21.97
chair 0.518878 0.00 0.00 59.73 104.68
aeroplane 0.518851 185.49 47.88 209.31 85.14
tvmonitor 0.518766 20.89 63.10 54.11 117.61
tvmonitor 0.518758 105.20 13.98 182.32 80.79
aeroplane 0.518757 61.65 139.60 108.31 189.51
sofa 0.518682 149.25 72.42 201.25 133.25
car 0.518568 134.98 0.00 212.53 48.93
tvmonitor 0.518513 36.92 53.21 58.54 93.76
aeroplane 0.518459 188.19 38.82 213.65 65.18
aeroplane 0.518435 159.04 54.74 194.33 104.57
aeroplane 0.518435 27.87 0.00 55.08 43.94
dog 0.518380 0.00 195.43 18.77 224.00
chair 0.518380 0.00 26.34 64.60 130.35
sofa 0.518379 110.10 41.19 172.14 99.19
aeroplane 0.518340 8.34 174.78 43.34 223.33
boat 0.518323 51.86 0.00 90.65 16.15
aeroplane 0.518309 45.82 107.00 91.27 149.61
bus 0.518309 99.85 35.74 209.04 126.39
tvmonitor 0.518303 29.46 112.78 137.67 224.00
boat 0.518272 42.51 0.00 79.88 16.91
tvmonitor 0.518154 32.84 62.08 65.24 115.21
aeroplane 0.518150 3.74 0.00 31.91 47.74
tvmonitor 0.518150 59.08 29.00 87.93 72.30
tvmonitor 0.518143 58.00 17.09 86.09 57.20
aeroplane 0.518130 7.52 161.89 46.57 213.21
car 0.518125 144.00 11.23 203.27 40.37
bottle 0.518097 72.88 0.00 116.66 14.35
car 0.518039 143.43 0.00 224.00 75.77
tvmonitor 0.518023 15.51 120.63 102.50 224.00
aeroplane 0.518012 177.82 57.14 204.90 104.98
car 0.517946 134.96 20.25 196.34 60.67
tvmonitor 0.517920 65.80 18.64 98.45 56.22
tvmonitor 0.517755 57.38 43.97 91.43 91.48
aeroplane 0.517640 158.29 16.36 204.91 51.69
tvmonitor 0.517614 50.59 16.25 73.50 56.57
aeroplane 0.517603 20.07 0.00 48.08 44.75
tvmonitor 0.517593 74.45 20.88 116.56 54.85
sofa 0.517502 56.30 94.90 115.44 138.48
tvmonitor 0.517485 22.16 56.40 48.90 102.60
aeroplane 0.517475 61.52 175.88 100.43 217.82
tvmonitor 0.517365 94.10 18.28 136.46 42.97
tvmonitor 0.517333 10.82 39.15 38.91 84.60
sofa 0.517293 125.97 67.66 190.44 131.81
aeroplane 0.517246 62.72 161.76 105.61 207.51
aeroplane 0.517237 170.19 0.00 216.73 16.30
tvmonitor 0.517141 40.83 15.89 60.91 55.60
sofa 0.517128 167.63 72.62 209.67 132.41
tvmonitor 0.517094 46.86 14.49 133.26 107.28
tvmonitor 0.517084 123.80 0.00 200.78 53.81
boat 0.516964 29.95 16.08 54.01 55.88
boat 0.516913 34.57 0.00 62.55 41.52
boat 0.516878 16.78 18.05 45.85 57.73
chair 0.516835 169.56 156.35 218.12 215.26
sofa 0.516808 199.73 31.16 221.52 63.17
sofa 0.516796 131.95 8.36 224.00 119.04
tvmonitor 0.516779 52.24 28.67 75.28 70.07
tvmonitor 0.516775 66.07 29.99 100.20 71.89
bottle 0.516702 168.35 191.50 213.68 224.00
sofa 0.516657 131.32 49.90 180.37 102.99
tvmonitor 0.516638 14.08 53.79 41.46 102.61
tvmonitor 0.516580 52.41 44.31 80.67 86.94
aeroplane 0.516448 184.74 58.19 210.65 106.02
tvmonitor 0.516442 63.59 0.00 109.33 21.74
aeroplane 0.516368 9.08 19.73 39.12 61.22
tvmonitor 0.516223 48.58 52.71 75.71 96.36
bottle 0.516181 165.66 157.82 216.06 215.08
aeroplane 0.516097 19.43 168.31 58.33 212.80
tvmonitor 0.516082 64.15 0.00 95.68 32.50
tvmonitor 0.516041 35.06 0.00 125.37 69.84
tvmonitor 0.515998 16.56 42.13 47.09 84.46
tvmonitor 0.515972 44.13 28.31 62.39 66.64
tvmonitor 0.515929 80.11 16.28 122.67 42.94
chair 0.515928 31.20 40.54 111.39 131.09
tvmonitor 0.515916 30.44 25.84 54.62 63.47
aeroplane 0.515864 44.28 178.32 88.28 220.98
sofa 0.515842 190.02 57.24 215.61 107.70
bottle 0.515756 0.00 198.28 32.98 224.00
aeroplane 0.515701 11.81 0.00 41.46 46.15
sofa 0.515614 200.30 47.25 223.55 89.52
tvmonitor 0.515602 26.83 4.66 105.12 105.50
tvmonitor 0.515571 66.29 11.84 96.02 43.25
aeroplane 0.515472 111.02 185.07 158.35 224.00
boat 0.515452 117.16 136.10 187.15 206.48
sofa 0.515430 104.18 29.43 215.90 128.33
boat 0.515382 156.18 1.09 209.49 20.13
tvmonitor 0.515347 70.56 2.13 108.29 29.98
aeroplane 0.515182 180.58 21.36 214.69 52.66
sofa 0.515171 199.64 41.09 222.45 77.45
boat 0.515138 47.12 0.00 74.82 38.29
tvmonitor 0.515105 52.10 0.00 91.30 27.12
aeroplane 0.515084 23.22 182.46 56.51 219.34
tvmonitor 0.515041 58.90 10.07 85.29 44.84
tvmonitor 0.515006 49.83 8.37 72.96 45.52
car 0.514980 140.51 9.51 191.98 33.02
tvmonitor 0.514782 84.32 7.24 124.34 30.45
aeroplane 0.514779 42.24 154.34 86.30 198.51
boat 0.514777 40.17 174.69 83.18 212.86
tvmonitor 0.514624 12.66 33.16 46.26 71.69
tvmonitor 0.514613 47.00 43.76 67.31 80.14
aeroplane 0.514372 186.32 0.00 222.27 21.20
bottle 0.514357 96.04 10.06 134.32 31.49
bottle 0.514162 110.66 14.19 153.87 36.47
bottle 0.514158 80.61 0.00 123.97 18.36
tvmonitor 0.514090 32.37 38.95 56.45 73.77
tvmonitor 0.513843 11.54 0.00 100.96 72.43
diningtable 0.513583 198.51 21.86 221.04 58.15
bottle 0.513553 105.11 0.00 145.72 23.28
tvmonitor 0.513435 127.85 14.07 170.93 42.44
chair 0.513322 132.31 204.72 166.97 224.00
aeroplane 0.513295 155.76 143.16 217.65 205.83
tvmonitor 0.513181 127.90 18.12 185.49 52.61
chair 0.513153 118.49 202.27 161.46 224.00
aeroplane 0.512925 158.45 8.07 208.02 35.03
dog 0.512702 4.63 200.85 40.23 224.00
aeroplane 0.512542 165.10 163.87 218.54 214.68
sofa 0.512434 123.83 0.00 223.24 77.62
chair 0.512369 154.42 198.12 201.76 224.00
chair 0.512324 144.21 203.27 183.96 224.00
bottle 0.512172 17.08 202.92 51.02 224.00
tvmonitor 0.512092 117.95 0.00 210.38 80.16
boat 0.511862 126.04 184.84 165.55 224.00
aeroplane 0.511534 177.24 9.33 214.31 39.38
bottle 0.511316 183.82 181.31 222.68 224.00
aeroplane 0.510692 191.88 0.00 220.22 30.40
aeroplane 0.510436 196.16 9.84 220.40 47.00
boat 0.509903 39.89 201.30 81.60 224.00
boat 0.509567 146.91 177.83 192.47 222.63
boat 0.509346 119.71 157.63 171.95 211.21
