sheep 0.632812 10.41 66.98 166.41 182.63
cow 0.625973 75.45 12.67 224.00 210.23
sheep 0.621966 19.38 37.76 211.70 194.13
sheep 0.603259 113.18 18.91 224.00 171.79
cow 0.595398 119.96 28.21 224.00 189.66
cow 0.589423 115.20 27.49 213.50 136.33
sheep 0.589047 20.36 85.62 131.68 180.05
sheep 0.587741 120.31 27.73 203.69 136.55
cow 0.584978 144.85 36.43 224.00 136.29
sheep 0.584908 40.75 70.44 146.67 164.23
sheep 0.583954 14.90 102.58 110.29 194.70
sheep 0.583691 65.19 45.67 201.96 177.15
sheep 0.569414 64.62 68.93 135.61 152.29
sheep 0.567058 104.13 19.81 167.42 83.60
sheep 0.565165 116.07 28.08 163.30 78.78
sheep 0.564048 10.17 125.38 100.58 209.66
sheep 0.564000 91.69 149.25 170.61 222.28
sheep 0.563707 47.18 50.58 88.84 95.22
sheep 0.563150 127.55 52.20 180.66 142.31
sheep 0.562370 98.16 12.52 151.45 88.22
sheep 0.561570 114.57 19.61 184.10 108.14
sheep 0.561283 0.00 189.76 72.49 218.37
sheep 0.552377 78.01 60.97 129.30 141.50
dog 0.551248 102.28 22.06 141.72 89.35
sheep 0.550987 132.22 73.58 162.44 142.65
cow 0.550808 167.22 119.97 215.36 193.24
sheep 0.549713 29.35 81.15 119.28 150.51
sheep 0.549173 96.93 163.24 155.34 218.60
sheep 0.548639 97.36 22.22 133.07 90.11
sheep 0.548572 112.28 53.09 168.41 142.08
cow 0.547980 172.08 68.97 220.69 140.40
sheep 0.546904 157.90 0.37 199.72 81.20
cow 0.546894 120.36 47.92 188.99 141.60
sheep 0.545646 24.59 104.84 94.28 177.88
sheep 0.544460 51.06 75.03 197.27 199.09
bird 0.544028 101.27 24.91 136.04 89.72
sheep 0.543884 17.98 37.69 63.88 62.66
sheep 0.543581 35.29 69.82 110.78 129.87
sheep 0.543017 165.44 121.95 211.12 200.21
cow 0.542817 157.22 0.00 204.69 87.50
sheep 0.542709 3.26 42.53 24.86 72.26
sheep 0.541906 4.94 145.29 81.51 214.34
sheep 0.541771 119.56 73.32 157.76 145.51
sheep 0.541340 87.94 44.87 124.11 125.72
sheep 0.541158 0.00 40.07 17.98 76.26
sheep 0.541054 50.35 89.18 123.66 165.31
sheep 0.540802 45.19 60.76 93.33 103.29
sheep 0.540743 93.93 27.91 125.86 104.48
cow 0.539214 187.85 50.90 224.00 132.11
dog 0.539049 93.71 27.61 132.15 92.96
cow 0.538944 212.59 84.07 224.00 142.01
sheep 0.538927 91.17 42.19 142.21 130.31
sheep 0.538744 91.86 23.25 147.07 109.20
sheep 0.537540 129.31 66.41 224.00 201.04
sheep 0.537383 91.18 49.22 224.00 219.11
sheep 0.537075 97.48 24.15 181.09 140.57
cow 0.537055 128.26 22.33 203.53 114.10
cow 0.537044 216.86 94.62 224.00 145.52
sheep 0.537028 0.00 163.90 75.08 222.83
cow 0.537009 203.78 69.70 224.00 139.27
sheep 0.536957 11.18 40.66 43.54 66.91
cow 0.536594 219.74 129.42 224.00 187.21
sheep 0.536344 133.48 89.57 159.06 155.35
sheep 0.535448 162.52 145.73 198.59 207.16
sheep 0.535378 143.31 8.56 192.72 80.39
cow 0.534962 138.76 78.82 224.00 204.45
cow 0.534395 152.15 116.76 192.56 184.78
cow 0.534293 178.13 87.38 215.15 143.25
sheep 0.533805 125.24 17.10 169.02 73.23
cow 0.533716 219.01 104.06 224.00 152.37
sheep 0.533367 64.24 46.71 102.01 96.65
cow 0.533021 220.00 0.00 224.00 58.55
sheep 0.532786 129.56 114.75 158.56 180.91
sheep 0.532609 23.67 40.79 73.30 76.65
sheep 0.532416 0.00 101.24 8.97 146.19
cow 0.532415 220.00 146.37 224.00 195.79
sheep 0.532178 157.42 122.52 194.84 190.14
sheep 0.532036 0.89 87.15 94.29 184.46
bird 0.531918 98.81 18.96 123.59 68.59
sheep 0.531850 35.97 85.91 89.81 132.80
sheep 0.531762 29.26 100.27 84.64 160.40
sheep 0.531761 217.01 0.00 224.00 53.06
sheep 0.531638 0.00 186.44 35.36 222.41
sheep 0.531583 0.00 66.19 12.06 113.91
cow 0.531085 219.53 112.85 224.00 165.87
sheep 0.530981 46.03 118.05 108.74 196.36
sheep 0.530962 93.00 166.23 136.16 216.50
sheep 0.530897 78.61 162.55 130.46 214.81
sheep 0.530892 34.14 91.98 94.53 149.51
sheep 0.530790 52.44 60.91 113.25 121.11
sheep 0.530668 0.00 160.50 48.60 216.73
cow 0.530616 135.41 110.60 173.36 184.85
sheep 0.530555 0.00 83.97 10.33 131.53
person 0.530125 0.00 0.00 46.61 48.57
car 0.530076 206.48 0.00 224.00 31.64
sheep 0.529964 70.60 43.09 112.83 98.81
sheep 0.529952 34.24 83.28 69.88 119.88
cow 0.529837 126.04 65.34 176.06 145.76
sheep 0.529825 0.00 54.88 14.18 101.82
sheep 0.529751 160.18 154.59 189.78 211.20
person 0.529678 0.00 0.00 20.10 23.36
cow 0.529663 133.78 99.22 164.49 174.70
sheep 0.529613 220.00 152.92 224.00 201.64
person 0.529325 0.00 0.00 94.58 143.99
cow 0.529160 196.52 42.06 224.00 112.95
sheep 0.528989 16.89 154.63 104.85 224.00
sheep 0.528947 56.76 140.02 102.86 210.38
sheep 0.528886 9.78 173.94 76.76 214.63
sheep 0.528875 212.34 202.76 224.00 224.00
pottedplant 0.528727 0.00 35.85 19.06 72.53
sheep 0.528610 0.00 111.09 17.14 148.82
sheep 0.528500 69.17 156.15 116.42 213.50
cow 0.528384 173.33 112.50 216.39 174.70
cow 0.528200 177.84 104.89 212.33 157.04
sheep 0.528149 31.67 46.63 79.13 88.29
cow 0.528104 137.36 64.97 192.16 142.38
sheep 0.528035 36.88 134.31 98.69 207.20
sheep 0.527776 1.91 69.85 19.75 107.42
sheep 0.527545 63.06 200.86 114.24 224.00
sheep 0.527414 83.83 26.10 159.91 133.00
sheep 0.527071 114.42 151.31 159.04 208.33
sheep 0.527047 32.93 93.49 75.87 139.13
sheep 0.526919 58.45 105.46 183.06 212.24
sheep 0.526821 22.44 150.91 90.02 209.41
sheep 0.526595 25.40 103.03 73.05 150.29
sheep 0.526531 0.17 96.61 17.74 133.66
sheep 0.526277 0.00 27.84 45.28 118.28
sheep 0.526270 137.50 120.78 175.37 191.36
dog 0.526233 0.00 159.90 67.60 224.00
cow 0.526201 188.47 76.17 224.00 143.40
person 0.526135 0.00 26.87 17.88 64.94
sheep 0.526091 0.99 78.97 18.87 116.62
sheep 0.526061 29.55 89.65 63.06 122.20
cow 0.526047 205.47 34.80 224.00 102.42
sheep 0.526018 0.00 191.88 53.48 224.00
person 0.525909 0.00 17.74 16.23 54.34
sheep 0.525851 134.60 153.68 177.57 213.03
sheep 0.525829 210.01 0.00 224.00 45.13
sheep 0.525814 0.00 111.48 8.49 159.75
sheep 0.525798 1.42 57.66 20.80 96.11
sheep 0.525774 0.00 133.44 10.92 193.07
sheep 0.525759 13.82 121.74 68.59 178.11
sheep 0.525664 10.83 131.50 76.60 195.90
bird 0.525623 70.79 131.28 174.66 224.00
sheep 0.525610 0.00 143.60 16.91 203.05
cow 0.525531 218.38 11.19 224.00 75.59
sheep 0.525478 0.00 7.38 15.73 44.30
sheep 0.525450 70.84 194.81 129.63 224.00
bird 0.525433 158.85 210.42 197.09 224.00
sheep 0.525414 220.00 169.92 224.00 219.13
sheep 0.525309 163.78 144.37 224.00 224.00
sheep 0.525210 0.00 78.27 125.04 208.44
sheep 0.525071 0.00 123.75 8.68 181.13
sheep 0.525063 35.82 201.01 95.11 224.00
sheep 0.525060 0.00 47.85 111.13 175.91
sheep 0.525011 0.00 156.25 24.70 212.86
bottle 0.524949 0.00 0.00 16.56 33.39
sheep 0.524816 132.05 0.00 175.89 15.51
sheep 0.524795 123.78 130.94 157.64 193.83
person 0.524723 0.00 13.74 43.99 98.63
sheep 0.524707 61.86 135.26 167.14 224.00
sheep 0.524707 17.52 198.87 80.40 224.00
sheep 0.524640 39.14 72.44 84.44 113.39
sheep 0.524505 0.00 1.16 98.34 162.23
cow 0.524418 212.72 23.02 224.00 90.50
bird 0.524222 176.25 211.73 211.87 224.00
sheep 0.524209 0.00 144.60 55.62 202.24
sheep 0.524024 136.26 0.00 188.25 23.56
cow 0.524009 197.46 123.49 224.00 190.10
sheep 0.523933 14.98 113.78 57.15 153.86
dog 0.523903 82.15 0.00 141.15 62.38
sheep 0.523870 0.00 138.27 33.66 197.49
sheep 0.523862 83.57 97.83 133.79 161.10
sheep 0.523837 28.47 95.44 66.11 132.37
sheep 0.523836 17.85 24.25 63.85 58.66
dog 0.523741 15.19 0.00 85.40 42.49
bird 0.523666 82.42 22.09 112.95 62.82
sheep 0.523636 186.43 210.12 217.93 224.00
car 0.523547 0.00 0.00 65.72 44.77
sheep 0.523546 3.13 30.96 28.62 62.29
sheep 0.523531 126.07 89.52 153.94 149.53
sheep 0.523511 61.39 115.85 119.40 177.96
sheep 0.523487 0.00 40.65 56.01 134.98
sheep 0.523460 165.03 0.00 211.64 25.36
sheep 0.523420 100.77 0.00 158.78 67.41
sheep 0.523420 7.05 114.70 26.03 146.65
sheep 0.523382 1.66 46.16 22.37 83.29
bird 0.523374 138.79 205.48 182.90 224.00
sheep 0.523301 28.40 0.00 101.45 42.89
sheep 0.523228 59.62 0.00 125.94 53.75
sheep 0.523144 85.48 192.17 143.57 224.00
sheep 0.523113 29.85 76.75 60.54 113.12
dog 0.523102 75.12 37.71 116.72 92.22
sheep 0.523017 2.94 21.43 28.00 51.60
sheep 0.522972 67.10 176.66 117.72 221.61
sheep 0.522961 33.90 60.38 69.11 105.46
sheep 0.522937 117.17 0.00 181.22 71.84
sheep 0.522865 150.38 107.32 224.00 224.00
sheep 0.522790 121.86 115.86 150.21 170.10
sheep 0.522776 155.26 0.00 211.19 44.59
sheep 0.522775 19.51 76.17 41.74 107.59
cow 0.522700 145.67 0.00 219.68 93.65
sheep 0.522634 164.68 172.01 191.25 217.48
sheep 0.522628 199.41 205.80 224.00 224.00
sheep 0.522623 9.96 73.73 26.70 104.04
sheep 0.522611 19.18 84.26 46.38 114.01
bird 0.522501 121.35 199.80 166.11 224.00
bird 0.522457 130.65 131.89 224.00 224.00
sheep 0.522382 128.49 0.00 191.78 40.36
bird 0.522367 64.86 42.99 102.46 93.29
sheep 0.522357 0.00 0.00 29.41 20.17
bird 0.522341 74.16 22.05 103.73 56.37
sheep 0.522279 172.38 143.27 213.43 197.98
cow 0.522209 171.05 41.75 224.00 119.92
sheep 0.522206 8.25 43.90 34.09 73.12
sheep 0.522173 22.96 0.00 67.80 23.80
sheep 0.522153 217.72 193.00 224.00 224.00
sheep 0.522144 1.22 10.99 27.72 41.65
sheep 0.522038 58.44 28.02 165.29 165.38
sheep 0.521964 0.00 127.06 24.51 183.04
sheep 0.521894 9.93 19.11 72.01 103.62
sheep 0.521726 26.07 30.70 67.70 65.72
sheep 0.521718 0.00 118.91 18.70 167.69
sheep 0.521654 90.32 0.00 201.11 159.35
sheep 0.521597 19.53 17.99 133.72 164.38
sheep 0.521578 1.26 54.20 71.91 152.85
bird 0.521550 79.80 28.85 114.63 79.88
sheep 0.521441 129.49 4.06 175.44 56.31
sheep 0.521336 49.08 163.76 109.48 213.08
sheep 0.521293 11.93 35.56 80.22 124.70
sheep 0.521283 63.74 29.90 142.34 124.91
sheep 0.521239 103.36 21.40 141.62 75.69
bird 0.521230 108.72 196.43 159.06 224.00
sheep 0.521170 100.17 12.57 126.65 60.64
sheep 0.521074 8.76 82.14 26.40 112.72
sheep 0.520947 26.75 61.44 57.65 102.37
sheep 0.520936 167.47 0.00 209.74 66.46
sheep 0.520906 189.78 0.00 224.00 29.40
bird 0.520833 71.08 31.03 104.09 75.90
sheep 0.520819 70.19 107.51 125.01 166.23
sheep 0.520717 18.69 91.03 48.97 121.46
sheep 0.520680 17.27 62.13 38.57 97.39
sheep 0.520641 90.49 147.61 134.51 196.84
sheep 0.520492 15.98 106.74 52.72 142.32
sheep 0.520399 19.09 0.00 75.02 36.16
sheep 0.520314 8.52 61.07 26.88 94.06
sheep 0.520185 27.77 46.62 121.16 141.18
bird 0.520171 63.10 20.71 95.39 51.92
cow 0.520101 198.21 99.45 224.00 152.00
sheep 0.520079 74.84 138.03 122.63 194.26
bird 0.520055 72.97 13.89 102.40 41.30
sheep 0.519840 28.29 181.82 96.57 218.06
bird 0.519723 92.74 15.51 116.26 53.40
sheep 0.519683 205.32 141.73 224.00 193.22
sheep 0.519639 97.93 132.15 139.97 182.92
bird 0.519621 61.07 16.62 96.03 42.19
sheep 0.519613 2.07 132.16 42.66 186.84
sheep 0.519578 5.33 122.78 31.89 168.53
sheep 0.519398 118.42 0.00 155.11 15.39
sheep 0.519375 7.38 90.51 26.05 122.54
sheep 0.519200 28.30 25.81 104.21 112.40
sheep 0.519175 21.99 44.85 58.66 88.54
cow 0.519124 144.98 101.69 185.95 166.00
sheep 0.519070 63.13 30.78 94.85 71.26
sheep 0.519040 100.60 0.00 131.00 21.12
sheep 0.519032 42.52 29.70 122.16 118.28
sheep 0.519012 20.08 13.79 66.57 52.04
sheep 0.518927 17.73 98.27 50.86 129.94
sheep 0.518903 11.65 31.58 47.34 61.23
cow 0.518873 196.39 109.41 224.00 168.98
sheep 0.518857 108.68 0.00 141.44 18.05
sheep 0.518773 7.61 99.14 25.83 131.02
sheep 0.518654 79.56 124.75 126.34 177.72
sheep 0.518623 6.28 0.00 44.10 19.49
sheep 0.518486 2.32 0.00 69.52 68.25
bird 0.518482 82.73 15.60 109.86 47.04
cow 0.518432 143.19 86.37 185.32 148.50
sheep 0.518252 199.43 0.00 222.71 61.07
sheep 0.518220 92.59 0.00 120.44 41.92
sheep 0.517982 92.80 0.00 121.94 24.15
sheep 0.517955 122.97 164.27 164.12 220.02
cow 0.517941 160.66 13.43 215.30 101.87
sheep 0.517731 12.45 21.71 46.96 50.43
sheep 0.517628 12.44 10.66 46.45 39.17
sheep 0.517593 17.37 0.00 88.37 65.68
sheep 0.517468 139.68 167.59 174.19 218.32
bird 0.517313 40.09 21.19 78.57 52.38
sheep 0.517197 63.71 0.00 133.40 83.91
sheep 0.517155 39.82 30.89 77.22 67.54
sheep 0.516916 26.46 6.45 68.66 41.06
bird 0.516895 66.35 0.00 100.35 24.79
sheep 0.516825 7.30 48.24 28.37 82.76
sheep 0.516808 85.95 173.77 149.71 224.00
bird 0.516690 38.91 14.36 80.89 44.64
sheep 0.516508 54.29 192.62 109.65 224.00
bird 0.516442 49.80 0.00 96.35 33.80
sheep 0.516297 15.40 47.02 41.81 84.64
sheep 0.516266 85.42 0.00 114.35 26.07
sheep 0.515963 75.91 0.00 106.92 25.73
sheep 0.515925 211.30 180.13 224.00 222.93
sheep 0.515863 36.63 0.00 85.60 27.41
sheep 0.515843 115.02 8.13 159.13 56.54
sheep 0.515735 179.66 162.49 211.42 209.48
sheep 0.515638 129.22 0.00 173.56 27.41
sheep 0.515478 40.91 0.00 116.71 76.15
sheep 0.515294 209.50 156.57 224.00 204.72
sheep 0.515129 183.76 178.72 214.08 219.97
sheep 0.515043 211.99 167.08 224.00 213.50
cow 0.514795 196.11 6.79 223.89 77.84
bird 0.514654 76.59 0.32 108.15 37.70
sheep 0.514494 161.05 194.45 192.73 224.00
cow 0.514066 188.64 19.61 224.00 97.05
sheep 0.513600 205.40 195.67 224.00 224.00
sheep 0.513543 117.24 181.48 159.89 224.00
sheep 0.513478 105.04 0.00 139.05 35.78
bird 0.513407 153.56 192.27 185.69 224.00
sheep 0.512857 117.86 0.00 159.07 29.28
sheep 0.512759 166.97 175.02 204.67 216.31
bird 0.512267 125.99 184.67 166.58 224.00
bird 0.512004 137.88 188.53 175.67 224.00
sheep 0.511861 184.71 198.97 216.16 224.00
bird 0.511528 165.98 195.43 200.29 224.00
sheep 0.510077 170.93 197.74 209.19 224.00
