person 0.658897 35.74 24.22 209.58 219.85
person 0.627568 20.69 51.51 114.32 223.85
person 0.604681 7.27 41.07 157.92 224.00
person 0.592000 97.52 35.17 214.46 215.57
person 0.579123 47.47 21.59 146.87 200.16
person 0.563583 0.00 142.70 12.48 202.26
person 0.562274 14.78 53.62 77.73 218.31
person 0.561670 2.93 141.25 21.52 201.96
person 0.560882 131.80 44.07 221.32 203.70
dog 0.560096 50.20 10.37 105.32 90.69
person 0.559595 31.22 36.58 103.44 192.57
bottle 0.556999 43.35 103.59 76.73 216.37
sheep 0.555761 125.47 45.30 191.06 115.97
dog 0.555489 33.49 65.87 74.57 168.24
bottle 0.554940 117.22 44.84 187.22 117.10
dog 0.554088 102.89 21.89 155.90 101.87
bottle 0.553498 34.34 98.49 71.06 205.59
bottle 0.551259 214.98 118.59 224.00 166.73
sheep 0.551084 112.09 36.89 172.26 110.86
bottle 0.550675 102.30 23.02 158.58 104.83
dog 0.550466 33.57 61.66 188.34 222.21
dog 0.550254 64.45 20.16 118.23 92.24
person 0.549991 0.00 47.54 58.33 209.55
dog 0.549648 27.46 92.19 70.60 200.81
dog 0.549273 44.16 77.40 89.43 167.38
motorbike 0.548979 90.44 29.89 224.00 157.71
person 0.548954 22.42 36.12 68.76 171.75
bottle 0.548561 135.61 90.65 177.38 161.08
bottle 0.548554 7.83 135.67 26.62 202.79
sheep 0.547252 49.48 82.27 92.64 164.27
cat 0.546936 215.57 117.99 224.00 169.33
person 0.545745 0.00 31.32 44.07 170.31
bottle 0.545478 30.88 112.70 61.43 209.72
bottle 0.544249 21.11 15.72 72.12 89.32
person 0.544141 100.25 30.05 223.56 150.17
person 0.543986 7.91 136.84 26.15 201.61
dog 0.543835 29.63 59.38 64.61 149.78
bottle 0.543777 21.82 113.46 53.36 207.75
bottle 0.543463 49.90 124.90 81.42 224.00
sheep 0.543311 135.27 88.49 177.61 157.92
dog 0.543120 41.66 12.90 91.96 100.27
sheep 0.542257 70.73 135.82 119.94 218.34
bottle 0.542113 0.00 201.04 15.33 224.00
bottle 0.541894 7.10 19.07 30.01 56.14
person 0.541777 10.20 92.75 98.13 218.54
bottle 0.541597 3.78 137.50 22.03 200.88
dog 0.541561 79.22 23.27 131.99 94.23
bottle 0.540486 197.24 116.02 219.55 167.95
dog 0.540383 41.94 92.61 81.97 187.81
person 0.540170 72.15 29.98 201.63 169.88
sheep 0.539948 89.99 20.25 157.67 89.90
bottle 0.539764 53.14 151.07 192.22 224.00
sheep 0.539501 166.45 53.03 207.98 118.98
sheep 0.539167 48.34 110.97 84.11 203.30
dog 0.539105 114.35 36.52 161.73 105.61
bottle 0.538993 207.61 117.50 224.00 166.63
sheep 0.538492 134.59 56.63 183.95 125.89
dog 0.538442 0.00 51.56 11.36 113.53
bottle 0.538223 179.29 51.86 211.27 120.39
sheep 0.538166 141.29 89.40 198.90 167.08
bottle 0.538131 145.08 91.04 197.56 167.38
person 0.538099 162.46 62.35 224.00 202.21
person 0.537299 0.00 0.00 111.09 192.45
bottle 0.537217 0.00 204.46 23.13 224.00
dog 0.537203 28.84 13.76 79.71 92.67
bottle 0.537006 57.52 153.88 91.08 224.00
bottle 0.536976 14.23 17.46 57.28 76.49
bottle 0.535636 0.00 183.84 11.57 223.26
bottle 0.535588 9.61 18.44 44.75 65.64
bottle 0.535384 41.28 107.34 193.82 224.00
sheep 0.535312 138.54 54.48 205.32 113.74
dog 0.535082 69.80 147.36 117.14 219.30
sheep 0.534964 58.98 119.98 93.87 212.15
dog 0.534883 47.73 54.16 94.13 137.40
dog 0.534746 0.70 50.55 19.51 113.05
bottle 0.534519 13.83 126.65 35.34 204.00
bottle 0.534487 0.00 17.16 19.78 55.10
dog 0.534455 34.95 52.35 66.80 128.78
dog 0.533942 46.00 38.89 84.41 112.87
bottle 0.533659 6.72 14.77 29.56 44.15
bird 0.533628 208.18 205.91 224.00 224.00
bottle 0.533510 190.39 115.15 215.36 169.35
bottle 0.533179 64.29 173.47 101.80 224.00
person 0.532751 19.12 118.44 172.00 224.00
dog 0.532667 59.63 126.24 94.00 220.73
bottle 0.532516 179.81 74.58 210.04 151.89
sheep 0.532453 76.44 124.69 118.80 199.98
dog 0.532301 9.93 49.90 27.96 111.70
bottle 0.532059 184.74 93.85 212.26 160.84
sheep 0.532023 170.91 88.92 208.87 161.92
bottle 0.531934 95.67 208.31 130.30 224.00
dog 0.531810 33.20 42.90 59.01 113.15
bottle 0.531777 72.27 181.01 110.32 224.00
dog 0.531772 57.05 74.63 100.28 150.58
sheep 0.531719 63.85 90.11 103.04 157.07
dog 0.531555 69.29 169.27 108.82 224.00
sheep 0.531368 66.59 119.94 107.28 198.23
dog 0.531333 66.46 53.49 107.72 131.64
bottle 0.531142 0.00 39.14 14.27 91.48
bottle 0.531087 106.75 208.47 139.49 224.00
sheep 0.530944 182.27 53.30 216.19 109.22
dog 0.530924 0.00 66.40 9.30 129.97
person 0.530854 0.00 9.27 41.32 120.66
pottedplant 0.530807 94.67 162.30 204.13 224.00
sheep 0.530761 115.87 208.74 150.99 224.00
bottle 0.530743 4.57 22.72 24.02 63.65
bottle 0.530702 5.26 208.37 38.19 224.00
person 0.530549 0.00 0.00 44.13 61.58
bottle 0.530514 0.00 24.23 17.98 67.47
bottle 0.530398 0.00 148.23 12.51 209.08
person 0.530351 56.68 22.90 161.39 148.05
pottedplant 0.530128 186.06 160.04 224.00 224.00
dog 0.530099 54.43 33.04 100.75 115.76
person 0.530063 208.97 0.00 224.00 20.82
sheep 0.530040 81.19 174.83 115.74 224.00
dog 0.529995 27.33 55.17 52.63 127.92
person 0.529993 0.00 75.38 9.38 135.37
sheep 0.529743 128.34 99.11 168.64 149.08
bird 0.529621 182.71 208.90 217.37 224.00
dog 0.529617 37.60 27.18 71.45 99.14
bottle 0.529436 76.89 65.56 204.47 212.48
sheep 0.529369 165.31 73.18 206.82 150.64
bottle 0.529292 182.60 54.68 214.39 101.57
sheep 0.529269 129.66 75.91 186.91 147.50
sheep 0.529124 53.81 107.48 92.95 185.01
bottle 0.529076 84.05 186.97 116.42 224.00
car 0.528784 217.70 58.27 224.00 107.25
bottle 0.528761 131.42 134.49 163.01 201.51
bottle 0.528327 80.65 209.08 119.65 224.00
bottle 0.528152 8.44 29.33 28.08 73.17
bottle 0.527963 216.75 126.44 224.00 188.02
bottle 0.527883 44.31 141.34 70.19 221.57
sheep 0.527844 183.46 75.09 213.39 150.00
sheep 0.527841 119.06 92.90 151.68 147.38
bottle 0.527805 217.64 140.60 224.00 198.02
dog 0.527589 17.22 49.23 37.73 112.24
bird 0.527577 174.50 207.12 210.20 224.00
bottle 0.527467 14.99 209.72 55.75 224.00
dog 0.527214 80.10 163.53 121.00 221.59
motorbike 0.527135 115.86 15.93 224.00 130.06
bottle 0.527113 3.69 38.99 22.33 88.54
person 0.527061 0.00 116.56 12.24 182.54
dog 0.527052 116.52 56.58 152.35 125.53
car 0.526941 110.07 0.00 141.23 17.40
car 0.526897 184.22 54.19 216.51 100.07
dog 0.526869 81.75 39.11 114.33 107.96
sheep 0.526850 109.10 94.01 142.65 149.47
bottle 0.526802 44.25 206.86 86.08 224.00
bottle 0.526729 56.93 208.03 101.43 224.00
sheep 0.526697 137.81 209.51 172.42 224.00
dog 0.526649 106.81 78.99 144.27 147.71
dog 0.526476 24.14 37.44 52.96 101.14
bottle 0.526446 0.00 185.37 18.26 218.05
car 0.526417 0.00 0.00 57.73 62.01
dog 0.526405 103.68 40.36 145.11 100.76
person 0.526357 179.53 85.26 224.00 212.31
bottle 0.526336 35.62 206.93 73.77 224.00
sheep 0.526332 0.00 73.02 17.71 134.27
person 0.526310 0.00 127.06 75.49 224.00
bottle 0.526291 129.05 100.74 167.01 151.87
dog 0.526203 19.82 66.24 48.15 143.78
sheep 0.526198 145.09 210.90 179.86 224.00
person 0.526110 143.86 0.00 224.00 87.84
bottle 0.526059 32.40 137.40 53.56 213.61
car 0.525912 17.49 0.00 72.55 63.15
dog 0.525903 0.00 64.64 17.35 130.01
person 0.525806 0.00 100.57 9.10 162.99
person 0.525649 83.52 16.73 212.22 122.11
car 0.525568 218.71 48.04 224.00 93.37
dog 0.525542 126.83 133.76 158.29 202.07
dog 0.525506 218.17 62.00 224.00 115.57
sheep 0.525407 97.52 101.03 129.13 149.07
person 0.525223 25.49 21.39 74.05 136.25
bottle 0.525085 56.70 190.95 97.03 224.00
sheep 0.525064 217.68 99.92 224.00 152.55
person 0.524982 86.23 0.00 193.27 96.44
dog 0.524960 11.36 63.49 28.23 130.83
dog 0.524823 164.75 14.41 197.82 71.37
bottle 0.524735 9.33 38.38 27.41 86.15
person 0.524722 1.55 17.74 59.83 133.39
person 0.524687 36.18 0.00 92.07 65.55
sheep 0.524661 154.08 210.36 193.04 224.00
sheep 0.524659 89.45 190.11 120.06 224.00
dog 0.524658 220.00 83.76 224.00 140.45
sheep 0.524594 123.39 56.44 165.90 123.21
dog 0.524588 75.97 138.72 130.91 212.16
bottle 0.524507 0.58 117.45 23.77 187.84
bottle 0.524435 46.53 169.72 69.16 223.90
person 0.524416 41.33 24.04 104.50 139.42
dog 0.524382 23.84 27.02 62.32 91.25
dog 0.524369 150.37 12.77 185.39 77.10
car 0.524355 220.00 14.98 224.00 61.56
sheep 0.524224 115.52 24.55 172.51 91.46
bottle 0.524187 0.00 13.81 22.59 44.14
car 0.524181 157.49 0.00 188.80 19.02
person 0.524161 51.87 0.00 118.17 69.22
car 0.524015 182.51 0.00 211.17 17.55
dog 0.523987 78.65 54.48 114.04 124.20
person 0.523955 65.33 0.00 148.67 73.78
bottle 0.523925 22.37 135.77 43.34 208.91
bottle 0.523895 0.00 0.00 22.15 29.30
car 0.523891 219.68 39.89 224.00 85.25
dog 0.523761 94.22 41.22 129.88 102.71
sheep 0.523400 126.55 79.49 166.66 141.62
sheep 0.523396 78.43 97.45 118.36 151.03
car 0.523321 189.42 0.00 217.90 16.68
car 0.523319 121.92 0.00 154.74 18.06
bottle 0.523313 140.49 141.28 166.07 203.37
car 0.523266 165.67 0.00 197.48 18.33
bottle 0.523243 191.48 126.76 211.86 191.31
dog 0.523237 177.97 19.36 207.76 68.39
sheep 0.523152 71.39 72.29 110.69 141.23
bottle 0.523124 181.14 183.46 206.49 213.81
sheep 0.523062 73.06 113.94 113.42 182.41
dog 0.522986 118.54 18.44 171.59 80.36
bottle 0.522977 34.53 169.73 55.36 221.23
bottle 0.522818 25.09 171.63 47.72 218.50
bottle 0.522740 1.80 166.22 19.18 212.51
sheep 0.522683 218.73 160.27 224.00 209.09
pottedplant 0.522667 146.61 156.82 224.00 224.00
bottle 0.522627 145.25 70.82 218.90 206.71
sheep 0.522621 92.37 83.14 131.90 150.99
bottle 0.522571 0.00 0.00 61.37 93.49
bottle 0.522547 5.57 0.43 31.61 34.84
car 0.522418 150.08 0.00 180.59 18.99
car 0.522418 198.21 0.00 224.00 18.16
dog 0.522373 54.19 0.00 92.32 50.27
dog 0.522324 184.28 31.20 211.72 75.62
person 0.522244 62.99 8.64 160.83 104.62
bottle 0.522216 184.26 112.26 208.68 171.49
dog 0.522185 103.54 0.00 135.31 17.00
bottle 0.522077 184.16 152.11 206.31 198.99
dog 0.522016 136.80 15.26 177.78 79.26
car 0.521809 132.89 0.00 163.09 18.44
aeroplane 0.521807 218.26 170.73 224.00 215.65
bottle 0.521773 187.91 133.92 207.32 190.59
sheep 0.521657 190.16 54.16 223.41 106.54
dog 0.521651 134.77 151.79 160.86 213.16
car 0.521626 220.00 1.04 224.00 42.56
car 0.521594 142.25 0.00 171.83 18.75
dog 0.521593 92.62 19.27 152.53 80.66
bottle 0.521492 10.94 112.45 30.76 190.36
person 0.521458 53.98 8.14 128.06 99.85
dog 0.521288 94.27 63.68 134.07 133.32
dog 0.521265 50.29 13.18 91.25 70.72
sheep 0.521225 0.00 98.99 20.69 164.97
bird 0.521142 181.89 193.01 208.50 224.00
car 0.521027 187.30 22.40 213.92 67.10
bottle 0.520979 79.58 135.86 129.75 207.42
bottle 0.520936 71.38 199.81 113.46 224.00
sheep 0.520882 72.33 0.00 108.39 17.51
bottle 0.520873 184.28 43.39 213.02 85.28
aeroplane 0.520868 217.29 185.56 224.00 224.00
bottle 0.520847 18.56 175.00 39.68 216.52
sheep 0.520782 85.22 0.00 117.80 17.48
bottle 0.520770 182.30 174.42 206.05 207.42
bottle 0.520655 48.25 188.21 85.24 224.00
bird 0.520614 212.31 199.74 224.00 224.00
dog 0.520581 109.58 135.95 147.88 202.95
bottle 0.520508 15.30 34.19 39.44 87.42
person 0.520477 40.48 7.73 96.58 94.60
bottle 0.520403 137.13 103.25 167.49 170.03
sheep 0.520187 44.09 0.00 79.99 15.56
dog 0.520125 21.46 87.69 49.96 173.07
bottle 0.519964 174.11 160.13 198.84 194.92
person 0.519813 215.62 0.00 224.00 31.05
sheep 0.519742 68.82 100.22 109.66 165.15
cow 0.519570 187.04 30.71 213.78 73.62
dog 0.519516 107.89 13.78 142.81 56.74
bottle 0.519502 159.17 156.90 184.58 193.89
bottle 0.519403 13.45 196.52 43.93 224.00
bottle 0.519339 16.34 152.67 35.39 209.98
bottle 0.519335 147.25 151.30 172.04 199.39
sheep 0.519282 205.26 101.17 223.69 155.65
bottle 0.519168 7.90 198.66 32.83 224.00
bottle 0.519145 120.04 125.82 209.89 224.00
bottle 0.518984 19.26 193.36 51.86 224.00
bottle 0.518970 11.59 0.00 42.52 22.73
sheep 0.518949 80.07 69.68 119.68 137.55
bottle 0.518930 37.93 0.00 72.43 15.95
cow 0.518926 186.03 41.75 214.75 84.82
dog 0.518923 62.25 0.00 101.04 17.17
bottle 0.518820 15.36 10.48 42.99 44.66
dog 0.518788 185.08 16.83 211.10 61.22
bird 0.518782 181.92 183.59 205.10 213.67
dog 0.518745 162.42 11.14 185.30 64.08
sheep 0.518693 115.42 0.00 144.46 17.18
sheep 0.518573 84.18 120.01 120.23 180.35
bottle 0.518512 169.40 142.97 197.38 188.56
sheep 0.518509 48.66 0.73 80.55 41.39
dog 0.518447 200.77 80.87 223.95 145.01
bottle 0.518326 41.50 188.72 70.44 224.00
bottle 0.518284 144.21 155.46 166.77 209.61
bottle 0.518274 134.76 122.96 162.70 183.69
bottle 0.518226 163.90 164.18 186.48 200.16
bottle 0.518210 28.02 0.00 61.08 16.92
bottle 0.518138 10.92 182.18 28.72 216.51
dog 0.518070 89.83 52.71 126.66 116.08
bottle 0.518054 87.46 203.86 122.82 224.00
sheep 0.518046 115.61 3.55 136.23 25.40
bottle 0.517962 28.54 190.75 58.67 224.00
sheep 0.517875 196.85 62.25 224.00 128.25
dog 0.517822 51.89 0.00 93.33 27.38
bottle 0.517779 176.00 168.63 200.59 200.88
sheep 0.517768 11.31 82.50 27.67 148.21
dog 0.517766 136.06 176.32 162.41 223.92
sheep 0.517618 11.84 94.18 29.61 167.14
bottle 0.517613 33.98 13.42 70.46 68.14
sheep 0.517483 48.83 0.00 89.83 24.57
bottle 0.517452 16.93 0.00 51.07 19.80
bottle 0.517402 207.30 123.73 224.00 188.84
dog 0.517379 171.42 11.48 195.43 59.38
bottle 0.517155 135.79 135.07 170.95 188.23
bottle 0.517009 162.30 118.23 194.63 178.01
dog 0.517000 176.93 42.60 211.63 86.02
sheep 0.516906 97.12 112.33 125.66 160.03
bottle 0.516814 144.01 177.18 167.59 220.51
bottle 0.516721 10.01 160.69 26.20 210.12
car 0.516656 192.06 13.59 214.28 52.39
dog 0.516546 121.35 110.87 147.76 157.54
dog 0.516195 155.46 12.34 176.73 62.38
bottle 0.516180 150.71 140.23 182.71 187.50
sheep 0.516155 93.88 203.53 128.24 224.00
sheep 0.516141 129.20 194.54 161.31 224.00
bottle 0.515964 203.34 140.25 224.00 199.20
dog 0.515776 109.51 112.56 135.51 158.08
bottle 0.515690 153.38 163.85 175.03 206.58
car 0.515644 189.74 48.35 220.87 94.24
car 0.515609 198.52 14.69 221.47 60.42
car 0.515444 203.55 10.19 221.13 51.48
bottle 0.515436 26.83 7.81 53.98 43.67
dog 0.515403 195.14 4.68 215.79 37.97
dog 0.515367 181.45 12.56 205.04 54.19
sheep 0.515267 92.61 125.04 124.74 176.65
dog 0.515180 165.90 0.00 184.54 41.58
bottle 0.515133 115.00 130.56 148.52 188.43
bottle 0.514984 153.23 180.86 175.47 216.93
bottle 0.514909 142.41 114.75 179.76 177.00
sheep 0.514793 103.85 204.48 138.28 224.00
dog 0.514578 174.42 0.00 195.57 40.19
motorbike 0.514570 192.93 29.81 220.02 73.88
sheep 0.514292 115.04 197.30 151.90 224.00
bottle 0.514280 39.81 3.44 70.56 41.24
dog 0.514164 62.85 0.54 102.04 46.06
bottle 0.514154 118.62 122.61 146.96 172.28
cow 0.513932 189.61 4.85 210.26 37.76
motorbike 0.513779 190.81 40.12 219.88 84.83
bottle 0.513772 95.03 132.56 134.43 191.07
dog 0.513680 66.56 0.00 105.74 24.14
bottle 0.513674 206.98 2.47 222.19 39.34
bottle 0.513589 166.94 174.67 189.71 205.99
sheep 0.513510 134.14 40.53 181.05 101.85
dog 0.513501 107.22 158.37 145.16 217.92
sheep 0.513442 38.61 0.00 73.19 20.74
dog 0.513387 159.87 0.00 175.19 36.87
dog 0.513299 155.94 41.69 200.54 92.58
sheep 0.513197 112.88 16.84 148.09 57.86
dog 0.513168 183.75 2.63 205.22 37.80
sheep 0.513130 176.43 192.93 204.36 221.86
sheep 0.513036 121.56 5.03 142.87 25.54
dog 0.513018 102.68 125.03 133.11 173.91
bottle 0.512997 166.49 185.18 191.11 212.44
dog 0.512878 142.96 15.29 166.39 59.61
dog 0.512789 192.74 0.00 215.80 21.74
sheep 0.512776 107.44 0.00 133.97 15.94
sheep 0.512769 139.30 196.51 168.07 224.00
sheep 0.512710 110.51 182.77 147.67 224.00
bird 0.512515 190.68 203.21 220.69 224.00
dog 0.512249 186.60 0.00 209.54 20.79
dog 0.512165 161.70 0.00 187.92 22.18
bottle 0.512058 203.32 0.00 221.72 26.93
sheep 0.512044 138.44 3.93 152.44 27.91
dog 0.512024 77.57 14.34 115.18 65.28
sheep 0.511941 135.32 0.00 158.84 17.76
sheep 0.511905 150.93 0.82 163.62 30.81
sheep 0.511719 130.43 205.05 165.88 224.00
dog 0.511646 128.57 17.64 156.38 58.83
sheep 0.511458 101.18 196.21 134.15 224.00
dog 0.511434 154.93 0.00 179.37 21.73
dog 0.511393 170.07 0.00 197.48 20.62
sheep 0.511290 146.76 196.79 174.76 224.00
sheep 0.511174 194.49 163.49 222.39 207.58
dog 0.511042 96.28 11.32 134.14 56.20
sheep 0.511021 146.71 0.00 169.05 19.19
sheep 0.510670 161.69 195.25 191.20 224.00
dog 0.510508 86.69 1.44 113.38 34.07
aeroplane 0.510448 191.08 188.00 218.46 222.44
sheep 0.509904 190.37 173.54 219.32 212.40
dog 0.509501 105.43 1.73 130.36 25.43
sheep 0.508989 93.12 184.53 129.64 224.00
