person 0.688840 3.57 29.03 168.41 221.68
dog 0.589653 8.60 81.70 188.85 219.42
person 0.583157 56.34 30.89 193.50 205.21
chair 0.578149 131.43 85.30 203.75 173.87
person 0.567274 21.05 72.20 202.59 216.65
person 0.565124 133.11 84.28 200.11 172.68
person 0.563363 1.49 43.06 119.75 208.05
dog 0.560903 24.36 65.90 94.07 153.25
person 0.559716 109.67 55.30 200.80 203.44
person 0.558991 35.14 0.00 222.34 224.00
person 0.557506 182.60 57.93 224.00 189.82
person 0.556954 153.35 60.24 213.45 198.36
bottle 0.556951 215.47 117.97 224.00 192.26
chair 0.553555 134.62 105.95 209.82 193.89
bottle 0.553039 63.83 0.00 179.26 153.86
chair 0.551058 124.57 85.40 176.18 173.62
dog 0.550440 59.09 159.23 116.49 224.00
horse 0.547753 37.41 97.79 196.14 215.90
bottle 0.547628 210.92 100.40 223.59 186.99
bottle 0.546605 33.02 74.47 96.34 155.17
person 0.545543 196.60 79.86 224.00 197.15
bottle 0.545270 204.77 87.91 223.58 177.96
bottle 0.544735 139.94 88.78 215.12 166.04
person 0.543972 76.47 82.25 194.53 208.67
bottle 0.542815 94.65 90.00 141.15 168.67
sheep 0.542649 62.83 16.40 103.28 89.78
dog 0.541902 78.14 156.70 122.20 223.63
bottle 0.541721 192.06 75.00 223.58 164.41
dog 0.541655 109.76 86.78 169.97 173.43
dog 0.541653 17.69 26.61 67.40 106.48
chair 0.541497 120.89 81.66 157.91 168.22
train 0.540578 19.16 24.44 65.46 104.50
bottle 0.540430 167.27 75.87 222.94 164.09
bottle 0.540417 112.27 83.18 162.76 171.05
person 0.540370 11.63 20.50 139.39 172.20
bottle 0.539840 191.48 0.00 224.00 48.63
dog 0.539423 101.76 149.43 142.89 220.72
dog 0.539099 57.77 15.92 98.83 91.32
bottle 0.538627 51.76 80.56 102.59 154.17
bottle 0.538527 59.92 159.72 99.67 224.00
chair 0.538380 106.62 98.48 171.52 172.73
bottle 0.538314 86.85 0.00 181.98 84.81
dog 0.538218 92.27 155.42 130.02 219.32
bottle 0.537904 112.47 66.07 141.40 131.54
bottle 0.537630 23.10 139.58 58.14 193.26
bottle 0.537611 64.81 83.38 114.01 157.76
dog 0.537505 3.97 129.99 42.46 185.95
bottle 0.537385 88.80 87.59 126.96 162.40
bottle 0.537252 207.28 116.26 224.00 194.09
bottle 0.536993 33.70 144.94 64.18 192.77
bottle 0.536853 119.89 71.46 150.48 160.39
bottle 0.536817 139.28 74.74 192.49 146.33
bottle 0.535973 19.11 112.66 62.61 185.59
dog 0.535972 19.72 127.51 62.17 186.90
person 0.535350 187.56 160.70 224.00 224.00
bottle 0.535006 105.20 78.92 144.64 162.22
dog 0.534840 102.41 109.04 164.12 180.36
dog 0.534797 19.58 59.84 76.69 142.26
bottle 0.534596 197.63 0.00 224.00 70.34
dog 0.534355 140.19 72.01 193.94 147.32
bottle 0.534102 63.87 156.34 89.94 207.19
bottle 0.533836 27.01 83.85 76.00 163.71
person 0.533209 102.51 110.09 203.34 210.67
dog 0.532849 109.97 51.02 141.26 114.84
dog 0.532832 49.30 81.89 104.73 154.65
bottle 0.532743 73.91 152.94 107.40 213.27
sheep 0.532636 109.09 37.97 140.73 105.08
dog 0.532627 7.41 48.61 57.67 109.10
bottle 0.532557 44.77 156.04 67.04 200.74
bottle 0.532499 56.78 157.78 76.10 202.10
bottle 0.532356 94.35 120.56 134.36 178.77
chair 0.532227 136.39 76.19 183.25 158.53
bottle 0.532158 28.22 129.42 66.84 184.59
bottle 0.532128 142.69 119.13 207.21 200.25
bottle 0.532033 24.80 165.94 63.31 216.30
person 0.531951 199.41 122.19 224.00 222.49
bottle 0.531556 98.63 75.76 128.23 148.78
bottle 0.531554 125.88 0.00 208.65 52.65
bottle 0.531546 0.00 205.93 19.97 224.00
bottle 0.531530 162.72 0.00 224.00 45.70
dog 0.531494 104.11 126.44 150.17 198.88
dog 0.531434 0.00 128.51 9.73 181.16
bottle 0.531381 13.22 134.16 50.38 190.90
bottle 0.531316 169.81 116.67 217.89 196.77
dog 0.531039 6.69 73.79 47.69 135.24
chair 0.530900 136.95 129.56 200.67 205.85
person 0.530774 210.21 201.64 224.00 224.00
sheep 0.530643 107.13 67.24 139.34 127.05
bird 0.530377 64.36 6.20 104.08 62.18
dog 0.530375 79.26 205.29 119.55 224.00
dog 0.530000 97.23 206.58 136.15 224.00
bottle 0.529907 54.82 160.65 79.32 216.58
bottle 0.529806 208.50 0.00 224.00 29.83
bird 0.529746 59.25 206.51 100.47 224.00
dog 0.529742 70.03 25.81 105.28 93.04
person 0.529613 78.12 0.00 193.32 161.84
chair 0.529542 217.24 168.86 224.00 211.50
dog 0.529486 113.38 208.64 150.71 224.00
bottle 0.529407 217.20 140.05 224.00 199.43
dog 0.529247 132.26 137.16 189.74 206.31
bottle 0.529199 178.70 0.00 210.90 24.24
dog 0.529121 20.67 53.24 68.31 121.26
bottle 0.529098 122.74 0.00 155.06 31.48
bottle 0.529054 195.24 65.48 224.00 140.90
bottle 0.529044 0.00 209.25 32.10 224.00
dog 0.529028 65.21 206.02 109.29 224.00
person 0.529014 111.83 141.83 207.61 224.00
bottle 0.528850 89.69 123.22 119.51 178.56
bottle 0.528825 100.78 124.87 148.66 186.60
bottle 0.528794 95.91 135.10 127.91 186.27
dog 0.528719 0.00 125.83 33.31 179.72
bottle 0.528708 52.62 206.97 89.38 224.00
car 0.528428 0.00 0.00 19.40 21.09
bottle 0.528421 41.56 163.33 70.80 215.46
sheep 0.528411 68.35 35.56 94.57 92.51
bottle 0.528286 88.50 145.44 112.97 198.73
person 0.528274 0.00 25.57 96.04 152.88
dog 0.528181 112.86 61.84 145.64 125.15
bottle 0.528033 31.38 111.54 72.33 178.23
bottle 0.527995 68.24 106.97 98.82 168.70
bottle 0.527949 80.54 104.43 114.16 172.68
bottle 0.527937 0.00 155.31 58.85 224.00
bottle 0.527919 44.19 207.29 79.07 224.00
bottle 0.527880 0.00 135.13 32.42 189.77
bottle 0.527766 128.45 0.00 162.45 22.85
bottle 0.527765 68.94 150.83 95.69 198.93
dog 0.527741 61.21 35.03 88.77 95.31
bottle 0.527627 97.07 143.96 123.93 198.99
chair 0.527588 170.88 109.51 219.32 193.11
dog 0.527485 2.67 0.00 159.02 111.07
dog 0.527468 39.56 25.52 81.76 99.20
bottle 0.527355 163.26 0.00 195.46 21.66
dog 0.527327 15.01 80.96 62.18 144.61
person 0.527281 0.00 88.40 95.29 210.36
bottle 0.527037 217.00 178.52 224.00 219.34
sheep 0.527030 106.18 31.50 132.95 98.08
bottle 0.526948 59.39 110.19 88.16 168.48
dog 0.526859 111.41 155.57 150.24 216.69
dog 0.526800 129.39 209.62 166.57 224.00
bottle 0.526695 32.96 207.25 71.35 224.00
bottle 0.526681 102.03 135.88 140.38 199.68
dog 0.526513 90.51 75.66 120.11 136.77
person 0.526409 0.00 0.00 67.02 65.96
bottle 0.526380 45.03 112.17 79.36 172.72
bottle 0.526245 0.00 162.32 10.85 211.86
aeroplane 0.526186 185.71 0.00 218.80 25.10
bottle 0.526156 114.90 23.45 142.35 89.82
dog 0.526113 0.00 78.55 26.48 136.91
bottle 0.526039 135.55 0.00 157.84 39.75
bottle 0.526010 217.74 0.00 224.00 48.57
bottle 0.525947 178.08 0.00 210.55 39.99
bottle 0.525921 113.61 0.00 148.69 20.71
person 0.525903 137.77 98.31 208.60 203.13
person 0.525834 14.67 0.00 152.70 112.53
sheep 0.525792 111.78 53.04 143.39 114.67
bottle 0.525787 184.40 209.09 220.21 224.00
dog 0.525673 5.62 100.14 39.41 152.22
person 0.525639 165.85 51.85 224.00 168.92
bottle 0.525632 80.51 125.21 109.76 177.20
sheep 0.525546 91.46 69.89 120.51 124.64
bottle 0.525403 131.50 0.00 151.24 37.38
dog 0.525391 0.00 47.95 38.68 109.42
sheep 0.525307 113.02 26.40 137.57 88.49
dog 0.525273 121.50 151.32 164.81 212.09
bottle 0.525252 42.66 144.36 69.46 183.93
dog 0.525239 3.05 115.19 39.13 169.17
bottle 0.525113 193.29 22.79 224.00 136.06
bottle 0.525059 213.15 0.00 224.00 41.69
sheep 0.525058 75.25 34.89 103.65 93.71
bottle 0.525012 69.73 129.97 96.60 175.05
dog 0.525002 132.97 154.10 174.00 214.31
bottle 0.524978 136.88 0.00 170.27 22.24
sheep 0.524927 83.00 34.81 115.01 97.06
bottle 0.524814 219.13 6.38 224.00 62.53
bottle 0.524754 197.83 205.10 224.00 224.00
bottle 0.524735 63.84 146.12 85.84 182.65
bottle 0.524718 0.00 167.42 30.16 208.50
bottle 0.524701 203.29 61.51 224.00 128.10
dog 0.524667 137.47 210.06 178.17 224.00
bottle 0.524553 18.00 0.00 175.96 114.06
dog 0.524552 0.00 118.28 26.43 169.14
bird 0.524358 0.00 168.34 11.64 218.83
sheep 0.524343 96.69 36.43 128.00 101.28
bird 0.524343 74.85 0.00 103.55 39.50
bottle 0.524298 62.06 133.24 86.49 175.56
bottle 0.524273 20.13 208.83 60.71 224.00
bottle 0.524167 77.60 140.42 106.05 185.18
bottle 0.524106 146.51 0.00 179.64 20.93
bottle 0.524010 211.79 54.86 224.00 113.24
bottle 0.523990 134.32 17.81 158.41 75.98
dog 0.523908 21.71 24.38 58.49 85.41
bottle 0.523726 104.91 0.00 138.98 19.20
person 0.523675 17.64 0.00 114.57 73.32
dog 0.523643 147.38 55.50 193.79 120.81
person 0.523503 0.00 116.14 8.00 164.92
bottle 0.523487 165.35 0.00 197.19 34.40
dog 0.523478 0.00 104.77 23.10 154.99
dog 0.523420 141.49 150.70 187.76 214.68
sheep 0.523377 63.91 46.18 87.53 94.37
sheep 0.523331 88.90 47.42 117.21 103.57
bottle 0.523325 50.76 135.89 77.25 179.00
aeroplane 0.523320 44.37 0.00 79.52 37.12
bottle 0.523179 216.75 46.34 224.00 99.53
bottle 0.523113 196.92 0.00 224.00 27.68
dog 0.523081 46.54 11.55 90.62 80.60
dog 0.523025 71.72 78.44 109.65 141.08
bottle 0.523012 126.63 15.75 148.72 77.24
bottle 0.522979 17.48 80.14 159.48 213.19
bottle 0.522918 55.21 147.38 76.55 183.24
bottle 0.522874 220.00 23.75 224.00 78.18
sheep 0.522834 71.90 0.00 108.90 16.54
sheep 0.522776 150.04 42.01 184.77 102.45
bottle 0.522768 69.26 144.43 95.06 183.44
sheep 0.522759 69.30 0.00 108.08 26.12
dog 0.522756 15.83 99.19 58.00 166.41
dog 0.522715 19.94 0.00 146.07 78.31
dog 0.522658 152.77 42.30 191.55 105.00
car 0.522621 0.00 0.00 30.13 16.35
bottle 0.522554 97.45 0.00 129.77 18.58
bottle 0.522500 145.91 20.51 167.66 70.51
bottle 0.522455 213.95 190.31 224.00 224.00
bottle 0.522406 13.92 170.85 43.36 207.08
bottle 0.522372 157.79 0.00 189.82 32.60
bottle 0.522070 120.52 17.87 141.62 75.28
sheep 0.522059 151.74 31.70 179.98 90.51
bottle 0.522054 13.48 132.23 114.48 224.00
bottle 0.522053 219.31 35.05 224.00 88.39
aeroplane 0.522044 38.21 0.00 83.50 26.82
sheep 0.522004 100.75 62.47 134.72 116.99
bottle 0.521938 169.74 210.44 212.32 224.00
bottle 0.521925 101.75 0.00 202.63 125.09
bottle 0.521688 87.88 0.00 122.07 18.42
dog 0.521586 0.00 55.54 6.43 116.88
bottle 0.521575 138.64 7.09 158.77 64.24
bottle 0.521491 0.00 145.59 10.66 197.71
bird 0.521440 56.83 1.86 100.38 48.11
dog 0.521414 0.00 38.30 32.95 93.21
bottle 0.521393 78.20 0.00 108.12 38.39
bottle 0.521392 91.06 0.00 115.11 35.80
bottle 0.521361 10.62 146.21 39.61 194.04
bottle 0.521360 20.46 174.78 58.63 210.89
dog 0.521324 0.00 32.42 5.38 81.57
sheep 0.521311 143.41 26.60 168.35 80.08
bottle 0.521262 150.45 72.82 220.66 142.61
chair 0.521054 162.70 210.21 205.36 224.00
bottle 0.520967 26.76 116.43 150.86 224.00
dog 0.520793 155.14 209.98 198.22 224.00
bird 0.520763 0.00 193.89 15.54 224.00
dog 0.520758 119.09 131.70 179.57 201.84
dog 0.520736 0.00 71.10 6.73 130.28
dog 0.520701 55.78 179.54 102.98 224.00
dog 0.520695 36.72 52.44 81.57 106.21
dog 0.520543 127.49 165.28 157.79 218.45
dog 0.520529 0.00 42.06 5.46 99.44
dog 0.520489 50.60 0.78 90.26 46.45
bottle 0.520451 123.58 0.00 142.40 34.02
bottle 0.520443 0.00 120.92 74.61 224.00
bottle 0.520412 142.42 0.00 165.31 41.12
horse 0.520368 0.00 0.00 75.54 93.78
dog 0.520242 117.29 117.52 186.03 186.61
sheep 0.520198 128.22 34.51 156.26 92.81
bottle 0.520008 13.48 161.11 41.24 199.98
bottle 0.519964 129.81 73.01 166.78 130.52
dog 0.519875 73.80 176.15 118.20 224.00
bottle 0.519868 203.30 135.69 221.59 198.32
dog 0.519831 0.00 30.72 24.50 72.79
person 0.519802 0.00 104.35 7.24 153.44
bottle 0.519791 148.08 10.42 168.16 60.56
aeroplane 0.519775 24.22 12.53 58.43 71.36
dog 0.519732 0.00 91.47 7.35 143.97
bottle 0.519723 152.86 0.00 177.86 42.02
bottle 0.519711 74.53 0.00 113.09 26.06
bottle 0.519680 115.39 21.54 134.71 71.40
bottle 0.519673 205.13 166.21 221.49 207.76
car 0.519626 18.15 0.00 61.41 14.54
chair 0.519579 166.68 158.82 202.69 212.10
bottle 0.519576 132.83 6.33 149.58 62.67
chair 0.519481 173.14 175.62 202.44 220.23
bottle 0.519458 0.00 177.84 27.41 222.20
car 0.519434 4.57 0.00 93.17 71.49
sheep 0.519425 153.88 26.48 175.73 77.35
bottle 0.519407 181.39 163.60 211.76 208.49
chair 0.519334 157.76 141.16 204.50 207.23
dog 0.519240 92.76 177.67 131.23 224.00
bottle 0.519161 101.92 0.00 122.13 33.46
car 0.519074 5.36 0.00 43.04 14.86
bottle 0.518981 156.77 22.27 175.00 65.15
chair 0.518961 150.25 151.24 194.43 214.01
sheep 0.518958 78.05 69.77 107.26 122.88
dog 0.518823 10.98 30.99 53.21 73.87
bottle 0.518808 21.47 159.37 55.70 201.98
bottle 0.518782 164.48 21.49 224.00 145.15
sheep 0.518711 141.32 59.55 182.92 115.11
aeroplane 0.518686 22.47 0.00 69.98 15.80
sheep 0.518654 88.59 24.19 119.99 84.59
aeroplane 0.518569 17.77 0.00 64.29 22.37
bottle 0.518554 206.01 177.56 221.57 215.74
aeroplane 0.518548 43.88 0.00 86.14 18.31
dog 0.518418 154.70 66.08 214.80 129.98
bottle 0.518412 187.81 177.92 213.98 216.74
dog 0.518359 108.31 181.00 146.12 224.00
dog 0.518261 37.91 6.90 72.13 63.56
bottle 0.518212 125.35 9.12 140.76 57.76
dog 0.518152 156.63 167.02 192.36 222.87
bottle 0.518142 172.63 160.64 207.26 210.75
bottle 0.518122 184.37 18.89 208.60 61.12
dog 0.518047 118.20 183.34 152.77 224.00
aeroplane 0.517994 26.62 2.21 62.24 53.40
car 0.517954 0.00 19.09 5.37 65.33
dog 0.517782 160.92 57.41 209.41 115.87
bottle 0.517691 13.65 179.10 39.78 218.02
bottle 0.517585 179.14 176.55 208.54 218.64
bottle 0.517561 106.16 3.18 121.08 40.15
bottle 0.517507 92.02 9.66 114.15 49.98
bottle 0.517483 107.80 13.87 123.16 49.62
dog 0.517467 49.72 0.00 95.51 17.57
aeroplane 0.517466 24.67 0.00 61.30 35.45
bottle 0.517460 187.49 7.71 212.25 55.62
bottle 0.517436 163.72 144.26 207.54 206.17
bottle 0.517432 24.97 187.39 61.28 224.00
sheep 0.517404 80.57 59.70 105.48 105.68
bottle 0.517393 108.19 22.33 126.36 67.77
bottle 0.517371 158.57 15.77 177.37 55.95
bird 0.517286 50.82 183.37 87.11 224.00
bottle 0.517184 187.97 56.54 222.02 115.09
bottle 0.517111 182.64 24.06 210.71 76.33
dog 0.516966 32.91 15.30 68.16 83.44
sheep 0.516931 72.75 58.91 94.21 101.39
bottle 0.516910 111.71 0.00 131.03 32.47
bottle 0.516823 116.28 13.71 131.72 53.08
horse 0.516706 9.08 0.00 108.08 104.72
dog 0.516521 127.07 185.18 160.25 224.00
dog 0.516505 167.01 48.29 206.59 104.75
bottle 0.516453 174.88 66.45 221.81 129.07
dog 0.516337 162.17 34.41 195.91 93.09
bottle 0.516187 42.51 185.71 74.18 224.00
bottle 0.516054 116.14 2.43 130.15 40.21
bottle 0.516044 181.76 34.82 212.66 93.31
bottle 0.516029 172.25 35.96 204.71 94.02
car 0.515985 0.00 0.00 8.16 39.95
dog 0.515873 52.95 65.92 89.61 127.72
sheep 0.515762 160.30 27.23 182.84 75.96
bottle 0.515690 0.00 195.76 28.43 224.00
bottle 0.515670 164.87 24.08 182.48 61.47
sheep 0.515650 89.25 18.60 116.21 66.74
dog 0.515594 0.00 21.91 21.84 63.11
bottle 0.515296 202.53 192.77 223.55 224.00
bottle 0.515260 186.10 195.91 216.05 224.00
bottle 0.515188 167.17 20.42 185.27 52.58
dog 0.515136 11.20 21.51 49.90 61.24
sheep 0.515096 128.13 61.71 158.30 113.29
sheep 0.515019 66.85 69.04 96.80 123.21
bottle 0.514831 171.53 196.76 205.85 224.00
bottle 0.514824 166.98 13.21 187.03 46.14
dog 0.514616 135.05 186.38 172.86 224.00
dog 0.514600 164.83 194.32 199.85 224.00
bottle 0.514490 173.13 24.19 195.68 59.04
bottle 0.514264 168.34 27.38 194.47 75.39
dog 0.514044 145.05 188.19 186.36 224.00
bottle 0.513998 175.23 21.11 198.68 50.77
bottle 0.513299 203.49 46.38 224.00 100.30
bottle 0.513226 181.76 11.73 207.36 47.70
bottle 0.513123 17.18 192.06 54.37 224.00
bottle 0.512314 8.98 194.46 39.10 224.00
car 0.511955 0.00 10.24 21.20 50.81
car 0.511773 0.00 0.00 24.30 32.01
dog 0.511294 14.31 8.18 49.06 45.39
aeroplane 0.509946 14.13 0.00 48.90 26.14
