bus 0.605759 0.00 27.88 224.00 204.10
car 0.592523 52.38 202.49 94.06 222.35
bus 0.581455 22.06 138.70 178.03 196.98
boat 0.580053 0.00 24.28 219.44 214.98
person 0.577768 35.94 94.24 52.33 111.28
bus 0.574286 3.75 86.72 193.07 200.40
car 0.572953 8.14 160.92 52.81 178.91
train 0.570860 11.35 158.54 55.99 176.03
cow 0.569469 93.07 203.01 127.92 215.65
car 0.566957 61.60 206.03 111.78 218.59
cow 0.566443 133.59 201.46 165.09 218.90
train 0.565719 24.44 158.72 69.21 181.33
car 0.565371 136.56 201.19 168.45 219.77
cow 0.563419 105.34 201.72 137.35 217.43
train 0.562941 0.00 31.88 219.80 222.99
car 0.562056 28.97 160.54 74.24 181.83
cow 0.561552 114.92 201.60 147.16 217.28
cow 0.561057 131.86 197.59 165.11 214.02
car 0.560892 51.27 196.69 89.44 217.15
train 0.558520 17.67 152.62 61.33 173.37
cow 0.558158 99.63 199.72 130.62 211.50
cow 0.558034 73.87 206.07 119.93 217.53
person 0.557604 30.19 94.87 48.25 110.60
cow 0.557558 125.95 202.38 158.72 216.88
boat 0.556993 114.03 88.54 135.34 108.91
car 0.556162 32.69 165.31 76.39 186.78
car 0.556074 134.77 197.15 168.04 214.72
cow 0.555752 115.45 197.61 145.74 212.19
cow 0.554680 105.42 198.31 136.31 212.24
train 0.554311 17.74 162.72 59.57 186.23
cow 0.554160 125.16 198.26 157.44 211.87
car 0.552584 44.39 164.35 86.49 184.69
cow 0.552014 123.75 164.94 174.31 191.30
car 0.551745 20.01 202.25 49.13 221.58
car 0.550353 9.07 170.15 50.74 188.00
car 0.550118 27.87 156.39 71.50 176.17
car 0.549142 7.58 164.90 52.86 184.23
train 0.549053 47.95 196.04 84.93 216.34
car 0.548251 5.98 94.04 20.58 114.30
boat 0.546842 111.24 0.00 182.77 70.20
sheep 0.546607 88.14 201.21 121.57 210.74
bus 0.546561 5.86 50.80 197.54 173.26
train 0.546161 130.95 186.66 164.68 209.70
car 0.546158 0.00 89.76 13.94 117.12
car 0.545915 44.60 203.24 84.09 220.35
aeroplane 0.545884 122.59 164.06 174.23 191.55
car 0.545683 13.92 95.48 31.24 112.19
person 0.545532 70.10 89.36 83.71 108.50
car 0.544799 23.26 96.18 41.83 109.80
car 0.544282 63.29 201.75 105.29 212.99
person 0.544053 38.88 92.00 54.63 109.05
person 0.543933 46.69 93.51 63.76 110.99
car 0.543854 30.63 204.78 59.67 221.32
bus 0.543850 27.29 155.82 158.17 202.60
dog 0.543228 76.88 202.78 114.65 211.60
train 0.542747 127.10 173.37 166.46 200.68
bus 0.542737 28.96 165.73 161.12 217.29
boat 0.542641 21.30 64.11 194.65 207.76
person 0.542240 118.69 169.26 154.50 191.05
cow 0.541924 125.52 186.76 157.48 207.27
boat 0.541918 55.34 0.00 179.37 67.84
person 0.541775 23.27 146.62 63.03 168.12
car 0.541058 124.13 165.81 173.76 193.21
cow 0.540681 123.69 174.50 160.64 198.80
car 0.540580 8.92 204.09 48.89 224.00
person 0.540474 0.00 40.57 224.00 224.00
cow 0.540268 117.27 188.09 146.70 207.28
person 0.540029 104.36 172.76 131.10 187.91
person 0.539958 104.87 168.69 131.41 183.47
train 0.539869 25.87 139.16 58.87 162.59
person 0.539562 60.06 91.45 76.11 110.07
person 0.539456 110.43 171.43 141.19 190.06
boat 0.538881 16.54 24.23 198.49 131.55
car 0.538757 2.87 161.52 36.21 183.41
car 0.538705 9.86 198.15 46.81 218.37
train 0.538462 41.12 175.52 83.83 195.81
cow 0.538042 101.80 192.12 129.15 206.45
cow 0.537979 117.83 177.04 149.62 198.95
car 0.537758 153.90 161.29 193.54 184.93
person 0.537563 118.82 119.94 138.83 141.25
dog 0.537524 68.54 205.60 124.49 222.52
cow 0.537294 107.33 190.41 136.24 207.54
person 0.537198 28.63 138.91 62.05 161.37
car 0.537175 168.35 212.80 203.21 224.00
person 0.537122 28.01 151.62 68.96 171.85
person 0.536920 73.51 88.93 87.65 107.60
train 0.536603 46.30 186.53 86.91 206.92
person 0.536360 119.40 126.38 139.76 145.50
car 0.536209 58.49 165.57 92.35 185.11
car 0.536060 191.69 0.00 224.00 42.41
car 0.535948 132.83 186.01 169.93 209.72
car 0.535781 19.68 168.76 58.70 192.28
car 0.535558 157.38 211.94 195.39 224.00
train 0.535425 56.85 172.42 92.93 188.83
person 0.534989 59.06 87.68 74.71 106.64
cow 0.534926 109.02 179.46 138.27 198.93
cow 0.534858 79.52 204.28 128.91 221.59
boat 0.534557 211.70 0.00 224.00 24.43
car 0.534482 30.43 170.16 71.88 193.82
car 0.534436 150.87 198.59 217.18 224.00
car 0.534199 208.75 206.80 224.00 224.00
car 0.534075 71.02 61.89 84.49 79.76
car 0.534057 12.57 188.59 47.93 208.65
sheep 0.534056 98.63 192.26 126.10 204.27
car 0.534013 52.55 183.68 168.29 224.00
person 0.534008 103.08 181.07 129.11 197.33
car 0.533978 186.17 212.67 217.74 224.00
car 0.533386 0.00 56.43 8.89 89.44
car 0.533366 76.74 62.06 90.57 78.03
car 0.533194 134.24 205.89 173.50 224.00
car 0.533135 11.88 176.62 49.06 196.57
boat 0.533116 64.69 125.72 189.28 197.37
boat 0.533063 116.47 93.57 137.39 114.76
cow 0.532893 96.50 204.40 137.35 222.28
boat 0.532781 115.96 60.83 139.09 83.28
person 0.532744 28.38 128.22 58.13 152.09
person 0.532550 23.71 98.01 42.11 110.46
car 0.532378 2.25 170.01 36.45 192.86
car 0.532274 127.30 196.67 196.57 224.00
car 0.532128 181.70 192.25 224.00 224.00
person 0.532022 34.43 96.57 54.00 117.86
car 0.531862 196.02 211.09 224.00 224.00
boat 0.531304 45.11 7.78 198.87 100.30
person 0.531300 41.98 195.32 80.92 215.30
car 0.530961 0.00 197.50 24.30 224.00
bus 0.530526 20.48 172.22 131.08 224.00
car 0.530444 104.46 193.09 185.40 224.00
car 0.530433 126.83 162.68 185.70 185.87
person 0.530176 67.83 99.29 83.94 122.08
car 0.529953 12.79 90.48 28.93 110.38
person 0.529898 73.65 92.83 88.28 113.20
bus 0.529842 14.43 142.91 107.84 206.02
car 0.529835 0.00 43.66 9.17 77.03
person 0.529726 25.93 194.02 57.28 214.16
cow 0.529634 111.99 203.08 152.28 222.81
car 0.529555 142.57 206.27 177.77 220.16
car 0.529523 2.04 154.52 29.63 176.87
person 0.529418 124.15 164.00 167.99 190.68
car 0.529172 140.31 209.49 181.85 224.00
car 0.529148 0.00 65.78 9.56 100.06
car 0.528880 0.00 77.60 12.21 109.45
car 0.528842 0.00 93.66 11.72 126.23
boat 0.528706 169.48 0.00 224.00 37.22
aeroplane 0.528560 219.61 116.21 224.00 144.62
person 0.528550 117.84 111.49 138.26 135.13
bus 0.528231 0.00 178.90 85.92 224.00
person 0.528187 69.61 78.36 83.59 97.78
person 0.528185 66.51 110.31 83.06 132.87
bus 0.528135 21.76 91.11 147.59 193.35
boat 0.528058 141.46 0.00 213.84 39.03
person 0.528045 22.49 92.00 40.68 107.53
car 0.528010 0.47 61.43 14.41 86.47
dog 0.527824 91.59 192.63 120.19 204.35
person 0.527776 105.41 160.31 131.05 177.24
dog 0.527741 94.00 166.70 119.29 184.80
train 0.527720 59.52 192.60 99.23 205.44
person 0.527689 75.30 167.53 104.09 184.47
person 0.527674 115.48 98.86 135.20 122.72
car 0.527521 193.16 125.69 224.00 210.94
car 0.527513 0.00 0.00 19.65 22.93
cow 0.527501 123.40 203.40 163.41 222.24
train 0.527421 56.74 181.91 94.57 197.11
bus 0.527360 0.29 137.75 74.87 208.86
person 0.527228 59.99 99.86 77.32 122.97
car 0.527109 0.00 0.00 40.80 40.62
aeroplane 0.527066 204.08 56.54 224.00 164.78
person 0.527016 63.93 123.84 82.14 142.34
person 0.526874 59.31 159.74 91.72 181.06
car 0.526732 0.30 54.46 15.06 78.51
person 0.526703 71.31 69.56 83.89 87.89
person 0.526699 29.18 97.96 48.92 117.58
person 0.526678 112.00 161.56 141.83 181.61
car 0.526605 63.64 64.40 77.20 78.72
person 0.526546 31.05 111.09 55.63 137.58
train 0.526497 74.40 173.89 104.65 188.60
train 0.526493 24.19 128.87 52.71 151.37
person 0.526415 108.00 89.52 128.32 106.64
person 0.526325 94.62 172.31 119.90 188.86
aeroplane 0.526288 208.02 38.73 224.00 142.32
car 0.526184 44.66 66.01 55.23 77.75
car 0.526124 0.45 46.96 15.91 72.65
person 0.526082 0.00 121.10 13.01 151.85
aeroplane 0.526046 209.44 0.00 224.00 85.28
boat 0.526018 12.62 51.58 171.33 163.70
car 0.526001 163.92 199.97 188.14 215.09
boat 0.525866 116.80 7.62 166.36 60.71
boat 0.525714 114.27 53.06 140.82 77.80
bottle 0.525709 216.92 0.00 224.00 27.86
car 0.525685 220.00 33.51 224.00 70.75
train 0.525664 75.75 194.06 110.26 204.60
aeroplane 0.525640 174.91 93.54 197.90 111.80
person 0.525566 0.00 134.85 16.67 161.66
person 0.525533 82.62 89.98 98.98 106.56
car 0.525426 0.00 38.31 17.12 64.29
person 0.525359 56.68 111.51 76.04 135.26
boat 0.525319 117.39 101.57 137.42 124.88
aeroplane 0.525312 220.00 104.12 224.00 131.89
car 0.525202 22.35 179.03 57.74 202.32
car 0.525184 172.15 200.48 194.68 213.60
person 0.525182 72.59 100.39 88.97 122.07
aeroplane 0.525144 220.00 87.18 224.00 116.65
aeroplane 0.525124 220.00 78.19 224.00 109.24
person 0.525103 122.13 128.32 146.10 146.83
person 0.524933 46.94 99.53 65.89 122.09
person 0.524884 0.00 104.67 10.51 139.56
aeroplane 0.524846 194.32 111.34 224.00 203.37
boat 0.524763 112.29 61.58 133.99 80.94
person 0.524716 37.95 128.10 66.04 149.53
car 0.524668 2.03 71.30 14.06 99.12
person 0.524667 75.88 69.49 89.15 85.75
person 0.524649 114.26 129.27 131.91 143.52
person 0.524647 42.43 84.00 54.77 103.49
aeroplane 0.524565 220.00 60.94 224.00 93.61
aeroplane 0.524562 210.32 19.61 224.00 117.73
person 0.524542 72.76 111.61 89.17 132.63
car 0.524522 3.91 82.69 16.36 108.62
person 0.524515 95.34 85.04 113.03 102.94
aeroplane 0.524500 220.00 69.43 224.00 102.02
person 0.524492 119.24 134.63 141.82 157.92
aeroplane 0.524460 219.82 129.19 224.00 160.98
boat 0.524434 116.35 67.71 138.53 92.86
person 0.524413 80.09 85.91 97.99 102.80
boat 0.524365 201.10 0.00 224.00 62.56
person 0.524343 37.79 84.00 50.59 104.34
car 0.524276 85.21 131.23 192.61 198.38
person 0.524249 49.84 125.86 73.81 145.82
person 0.524217 97.16 89.98 113.24 106.47
train 0.524195 36.30 182.15 76.82 204.86
person 0.524194 73.26 124.72 89.21 141.29
aeroplane 0.524164 123.78 16.21 174.50 66.62
person 0.524155 116.43 131.73 136.56 152.39
person 0.524136 48.24 152.81 84.10 174.78
car 0.524027 220.00 147.82 224.00 182.59
person 0.524005 59.63 134.63 80.96 152.45
car 0.523942 1.48 174.89 32.37 200.68
car 0.523916 220.00 51.86 224.00 84.52
aeroplane 0.523903 220.00 96.34 224.00 124.89
car 0.523858 0.00 0.00 60.85 33.96
boat 0.523848 104.04 0.00 194.25 46.24
boat 0.523836 133.40 122.87 167.04 142.67
boat 0.523777 201.75 0.00 224.00 20.17
car 0.523757 0.92 146.46 22.95 169.93
aeroplane 0.523745 175.75 100.94 197.57 118.34
boat 0.523719 104.36 62.36 122.60 78.26
aeroplane 0.523703 154.04 160.68 193.80 184.32
car 0.523650 52.44 65.91 64.68 77.42
boat 0.523630 144.15 79.83 174.49 100.15
car 0.523603 0.00 25.95 9.30 59.75
train 0.523567 18.64 140.00 49.15 163.49
car 0.523562 85.20 61.93 99.28 76.39
car 0.523453 10.37 62.84 26.72 82.29
person 0.523417 96.22 61.42 111.10 76.65
aeroplane 0.523408 167.35 93.34 191.21 110.29
person 0.523370 72.88 78.81 88.11 96.84
person 0.523317 62.07 80.31 75.57 99.46
car 0.523288 220.00 138.25 224.00 171.91
boat 0.523282 127.35 16.19 174.37 72.19
boat 0.523261 116.88 0.00 163.07 29.54
car 0.523237 44.15 57.94 55.19 69.80
car 0.523226 39.23 65.84 50.32 78.00
person 0.523170 44.79 76.00 55.10 91.59
dog 0.523148 93.84 181.37 118.90 196.12
boat 0.523041 114.92 27.57 157.07 75.19
boat 0.523022 114.78 77.14 137.72 103.30
car 0.522940 220.00 161.23 224.00 196.73
person 0.522933 114.09 122.33 132.55 139.96
car 0.522903 163.24 183.71 190.65 207.70
person 0.522897 72.60 133.84 88.68 149.33
aeroplane 0.522893 151.39 79.90 178.79 101.36
person 0.522780 74.26 160.65 103.43 179.39
car 0.522733 0.00 182.63 25.51 210.97
boat 0.522716 65.52 167.66 175.91 224.00
aeroplane 0.522713 144.45 120.55 178.22 143.08
aeroplane 0.522692 173.14 84.67 197.63 105.40
boat 0.522686 121.33 83.27 150.12 104.75
bus 0.522601 17.25 62.32 146.93 164.63
boat 0.522549 120.73 90.04 146.13 108.76
person 0.522496 93.30 159.41 117.80 178.45
boat 0.522472 140.78 54.37 171.20 79.33
boat 0.522470 220.00 19.08 224.00 57.82
boat 0.522453 12.53 0.00 82.62 32.60
aeroplane 0.522435 178.22 113.83 204.52 132.52
boat 0.522383 220.00 10.24 224.00 47.34
car 0.522354 9.69 54.66 26.84 73.38
person 0.522276 44.42 113.18 66.56 138.38
boat 0.522240 133.48 80.00 167.89 100.18
person 0.522234 37.73 146.21 72.41 165.89
aeroplane 0.522206 156.00 21.48 185.67 48.32
car 0.522150 11.50 148.00 45.53 173.40
boat 0.522102 0.00 28.43 17.50 54.90
train 0.522038 74.26 183.32 106.13 196.30
person 0.522038 64.71 71.70 76.54 88.48
car 0.521897 144.04 200.11 175.36 214.17
aeroplane 0.521830 141.43 20.39 179.16 54.74
aeroplane 0.521801 178.97 108.91 203.06 125.87
aeroplane 0.521670 187.80 113.57 208.43 131.72
aeroplane 0.521631 172.58 59.25 194.33 78.53
person 0.521592 50.23 84.00 63.41 101.58
boat 0.521585 0.00 51.78 52.75 146.68
aeroplane 0.521556 153.60 88.98 180.08 107.76
boat 0.521554 102.01 22.80 125.08 52.94
car 0.521368 122.73 134.75 204.74 196.01
boat 0.521325 136.19 39.63 172.84 75.11
person 0.521300 43.22 137.76 71.97 156.49
bottle 0.521278 220.00 0.00 224.00 36.20
person 0.521192 131.64 128.56 167.94 150.13
aeroplane 0.521173 164.97 84.31 190.19 103.69
person 0.521147 52.46 144.74 81.00 165.01
car 0.521122 169.64 183.88 196.61 205.67
car 0.521077 64.24 58.60 77.07 74.30
person 0.521069 39.55 74.89 50.42 91.52
car 0.521042 38.72 58.09 50.12 70.38
person 0.520987 22.53 100.40 41.40 116.65
boat 0.520956 110.49 16.93 145.74 56.22
aeroplane 0.520889 143.44 53.47 173.29 77.52
car 0.520822 214.22 200.59 224.00 224.00
person 0.520749 122.18 114.17 143.93 135.57
car 0.520747 8.80 46.29 26.75 67.39
train 0.520733 20.08 129.19 45.57 149.16
boat 0.520668 0.00 15.61 8.38 47.90
car 0.520656 27.76 41.06 40.63 55.00
car 0.520613 26.32 13.51 40.68 27.46
car 0.520576 38.64 43.09 47.66 56.56
person 0.520561 114.48 144.61 138.28 168.67
person 0.520551 15.08 99.78 31.91 117.75
boat 0.520499 114.03 35.87 146.66 74.45
boat 0.520499 145.24 87.58 174.68 106.47
person 0.520487 5.04 124.16 23.92 148.19
boat 0.520477 0.00 3.10 9.17 37.35
person 0.520460 52.63 74.97 64.23 89.82
person 0.520450 84.26 93.60 100.30 111.78
aeroplane 0.520446 172.69 67.41 195.22 87.45
person 0.520405 83.82 112.61 99.99 131.63
person 0.520369 83.94 125.42 99.56 140.12
car 0.520356 20.60 65.45 36.62 78.07
car 0.520329 133.27 146.71 204.30 208.14
boat 0.520290 163.12 0.00 197.08 16.61
boat 0.520272 191.21 0.00 218.83 15.98
aeroplane 0.520263 140.22 126.66 175.21 153.64
car 0.520247 0.00 0.00 28.93 19.17
person 0.520232 120.13 148.58 147.80 175.72
boat 0.520174 86.56 0.00 113.83 17.21
boat 0.520121 3.84 57.15 120.44 155.69
boat 0.520113 94.90 0.00 122.96 16.81
aeroplane 0.520078 152.96 26.19 184.35 54.16
car 0.520068 39.01 49.89 49.12 64.34
person 0.520056 84.06 134.59 99.38 146.89
aeroplane 0.520002 159.93 57.19 185.26 77.25
car 0.519969 11.00 72.84 25.51 96.23
car 0.519947 220.00 188.16 224.00 220.46
boat 0.519934 95.27 55.89 111.28 73.98
boat 0.519878 54.81 0.00 81.48 17.90
car 0.519857 11.63 82.65 25.69 106.13
boat 0.519844 40.79 0.00 133.12 41.24
car 0.519833 19.18 56.86 35.80 70.04
person 0.519786 61.05 152.03 89.61 175.01
car 0.519783 44.36 50.63 54.56 63.86
car 0.519767 158.99 169.39 193.13 197.95
car 0.519753 6.32 183.24 48.34 205.12
person 0.519724 107.45 131.31 123.82 144.67
person 0.519718 67.40 142.60 88.37 163.09
car 0.519700 7.98 38.60 26.94 59.95
boat 0.519684 111.14 55.72 135.49 76.08
aeroplane 0.519649 172.53 75.26 196.83 97.24
aeroplane 0.519623 171.21 116.73 202.56 138.51
boat 0.519603 103.20 57.31 122.19 74.30
boat 0.519566 46.02 0.00 73.83 17.52
car 0.519533 17.60 47.44 34.66 63.89
boat 0.519510 0.00 83.10 61.79 169.82
boat 0.519458 143.30 70.93 174.00 91.93
boat 0.519436 37.45 0.00 66.85 17.17
boat 0.519428 26.36 0.00 108.42 34.89
car 0.519413 29.56 0.00 59.46 16.71
boat 0.519408 78.46 0.00 105.58 16.77
person 0.519392 96.09 75.65 112.93 95.86
car 0.519348 161.00 147.07 220.93 211.56
car 0.519317 16.93 39.60 33.79 56.33
boat 0.519302 27.94 33.09 40.02 46.04
aeroplane 0.519265 158.05 12.77 186.34 40.64
aeroplane 0.519259 169.43 100.13 192.36 117.46
boat 0.519252 63.09 0.00 89.22 17.64
car 0.519238 52.10 58.81 64.20 70.69
person 0.519236 109.75 143.92 129.57 163.46
person 0.519183 6.59 106.01 20.83 134.03
car 0.519182 44.58 44.00 53.34 56.51
car 0.519177 22.50 12.19 33.38 26.50
aeroplane 0.519172 179.14 67.63 202.15 87.14
person 0.519166 113.13 133.48 130.64 148.65
aeroplane 0.519162 187.71 117.54 209.79 138.09
person 0.519148 30.08 84.00 44.69 103.16
bus 0.519146 0.00 105.99 67.20 182.38
car 0.519143 33.83 12.17 49.48 28.70
boat 0.519143 99.05 144.52 190.19 207.23
person 0.519136 124.43 152.55 160.15 181.69
car 0.519135 28.51 49.00 42.34 62.88
car 0.519126 143.43 178.63 209.61 224.00
person 0.519062 95.60 123.98 111.38 140.02
aeroplane 0.519040 137.03 38.82 173.68 73.00
person 0.519034 5.80 139.86 30.14 162.08
person 0.519031 122.90 137.69 151.00 163.14
car 0.518993 30.33 66.58 44.95 76.46
aeroplane 0.518991 178.28 75.18 203.18 96.71
person 0.518919 96.28 133.15 110.55 145.84
boat 0.518917 103.82 0.00 140.10 17.51
boat 0.518916 84.91 57.10 100.06 74.19
person 0.518906 20.81 112.66 41.99 133.87
person 0.518901 97.24 66.53 111.20 85.42
boat 0.518878 152.21 0.00 188.80 17.93
aeroplane 0.518861 187.13 108.37 207.47 125.24
person 0.518854 81.22 77.47 97.57 95.03
person 0.518854 83.91 100.98 100.86 120.95
boat 0.518828 142.47 64.44 171.33 84.75
aeroplane 0.518805 189.61 82.54 209.37 104.43
person 0.518773 84.48 67.81 97.92 84.06
boat 0.518740 172.86 0.00 205.07 15.68
cow 0.518726 158.04 163.23 200.26 182.79
car 0.518670 177.33 201.58 200.80 212.22
aeroplane 0.518634 187.92 92.35 208.27 111.90
aeroplane 0.518507 166.26 122.76 202.52 149.70
car 0.518503 21.58 0.00 50.80 16.54
person 0.518472 112.54 77.96 134.03 102.92
aeroplane 0.518472 180.31 59.13 201.36 78.46
person 0.518458 107.07 123.11 124.66 139.99
boat 0.518454 132.68 87.44 165.59 105.99
aeroplane 0.518450 194.05 64.78 209.81 86.00
aeroplane 0.518449 60.59 68.42 191.65 200.35
car 0.518432 29.40 58.55 44.07 69.02
boat 0.518398 134.88 115.45 165.07 137.00
aeroplane 0.518385 156.38 47.00 185.01 71.10
boat 0.518349 70.43 0.00 97.10 16.48
car 0.518330 121.76 173.38 173.50 202.19
aeroplane 0.518322 197.58 29.32 212.20 54.65
car 0.518280 220.00 176.66 224.00 210.55
person 0.518276 81.44 140.86 100.13 157.65
car 0.518205 37.65 35.64 46.93 47.38
boat 0.518193 102.47 31.13 123.82 62.35
person 0.518180 126.79 154.21 172.25 187.65
person 0.518167 99.14 93.48 113.95 111.00
person 0.518122 75.63 150.03 100.97 171.00
aeroplane 0.518121 208.37 111.19 217.38 134.08
boat 0.518121 96.57 14.17 116.65 45.80
boat 0.518097 122.68 59.78 157.95 80.35
aeroplane 0.518046 149.07 69.82 176.70 91.58
boat 0.518034 60.25 49.21 187.64 180.65
boat 0.518006 111.97 0.00 155.31 21.00
boat 0.518004 181.99 0.00 212.93 15.08
aeroplane 0.517981 191.71 73.13 209.53 95.71
car 0.517932 21.82 84.00 36.95 102.45
boat 0.517922 137.69 0.00 180.07 20.93
boat 0.517873 113.27 174.40 189.94 224.00
person 0.517863 13.67 127.15 35.16 148.16
car 0.517853 21.49 74.82 36.27 91.66
boat 0.517829 121.09 95.92 143.60 115.59
person 0.517826 105.04 144.93 123.65 163.86
aeroplane 0.517797 163.26 135.22 200.24 167.12
person 0.517777 96.29 111.10 112.57 130.90
aeroplane 0.517765 196.95 36.44 211.16 62.24
boat 0.517762 1.01 17.87 18.23 41.43
person 0.517757 95.06 146.80 113.92 166.70
aeroplane 0.517696 111.99 5.96 171.89 60.93
aeroplane 0.517671 170.58 49.67 193.51 71.44
boat 0.517658 27.88 24.18 39.24 35.99
boat 0.517651 28.91 18.14 162.90 114.34
person 0.517622 12.80 140.00 39.81 163.44
person 0.517572 113.83 111.33 132.24 132.24
aeroplane 0.517565 161.90 65.59 186.16 85.59
boat 0.517511 19.71 30.11 33.36 46.72
aeroplane 0.517488 152.39 36.21 184.60 66.43
boat 0.517460 1.30 7.96 19.82 29.86
aeroplane 0.517459 147.09 63.19 173.64 83.17
boat 0.517448 41.86 10.95 57.65 29.70
aeroplane 0.517445 187.17 101.01 207.28 118.84
person 0.517438 14.56 110.63 32.04 133.43
boat 0.517378 134.39 72.45 169.57 93.62
person 0.517328 97.19 138.00 111.65 152.56
boat 0.517323 97.55 24.19 115.53 51.03
car 0.517313 30.81 74.74 44.34 90.07
aeroplane 0.517291 108.12 55.37 200.98 172.65
boat 0.517287 71.19 10.41 83.52 29.69
aeroplane 0.517281 145.37 12.97 180.67 46.62
car 0.517255 164.60 180.57 224.00 224.00
aeroplane 0.517216 195.92 55.13 209.71 76.80
bus 0.517072 16.36 110.67 123.21 184.43
aeroplane 0.517054 162.94 74.00 188.54 95.24
car 0.517049 44.14 36.00 53.01 47.12
boat 0.517041 62.12 9.23 75.15 29.72
boat 0.517036 111.17 26.28 143.47 65.25
car 0.516960 8.74 0.00 37.28 18.68
aeroplane 0.516937 147.15 114.17 180.80 137.83
car 0.516810 36.69 26.34 47.20 37.84
person 0.516795 106.10 68.14 124.14 88.86
boat 0.516782 51.23 9.81 66.54 29.73
person 0.516765 107.79 135.55 123.50 149.51
aeroplane 0.516750 155.52 58.12 215.59 168.06
aeroplane 0.516688 198.17 22.55 212.15 45.90
boat 0.516660 172.06 0.00 224.00 78.46
aeroplane 0.516635 110.46 96.86 203.97 199.23
boat 0.516602 76.88 49.17 89.67 72.29
boat 0.516599 79.27 37.36 90.34 60.60
boat 0.516592 9.74 28.27 26.69 49.82
boat 0.516581 78.88 13.31 95.65 33.03
boat 0.516577 121.83 104.61 143.03 126.11
boat 0.516575 118.73 47.85 161.47 75.78
car 0.516574 0.00 3.61 48.79 92.18
person 0.516561 98.12 99.73 114.21 119.72
aeroplane 0.516558 166.18 21.80 191.54 43.37
boat 0.516542 14.69 85.77 128.14 173.93
boat 0.516525 23.23 20.41 32.63 35.08
person 0.516512 105.99 77.55 126.33 100.64
boat 0.516508 0.00 24.04 53.98 119.15
boat 0.516484 0.00 0.00 72.45 57.01
person 0.516459 128.56 138.46 169.25 168.79
aeroplane 0.516365 186.74 122.95 210.53 146.62
aeroplane 0.516361 156.49 119.41 220.25 196.56
boat 0.516298 72.36 51.09 83.53 74.84
boat 0.516211 80.84 27.24 91.60 44.68
aeroplane 0.516202 207.24 121.08 217.81 146.64
aeroplane 0.516192 154.11 116.43 192.16 139.52
aeroplane 0.516157 167.57 111.13 195.67 131.08
boat 0.516138 72.81 39.91 82.13 63.38
boat 0.516010 88.70 14.65 108.95 39.56
bottle 0.515999 206.90 0.00 222.20 22.65
boat 0.515933 0.00 0.00 24.79 21.86
boat 0.515918 123.19 74.99 154.98 97.94
aeroplane 0.515858 133.09 138.56 173.04 174.27
aeroplane 0.515833 181.00 49.16 201.56 71.55
aeroplane 0.515756 162.93 41.69 217.38 142.61
boat 0.515749 90.71 25.59 105.93 47.21
boat 0.515744 102.33 45.66 122.22 72.07
aeroplane 0.515733 196.93 44.74 210.19 68.84
aeroplane 0.515683 161.69 151.29 197.39 180.56
aeroplane 0.515661 178.16 32.28 201.50 56.28
boat 0.515619 73.43 27.38 81.48 44.80
aeroplane 0.515592 169.84 105.84 194.23 125.39
aeroplane 0.515536 177.78 26.16 200.82 47.24
aeroplane 0.515518 168.42 12.18 192.73 35.42
aeroplane 0.515501 160.57 97.94 186.75 116.85
car 0.515458 199.81 206.02 221.41 224.00
aeroplane 0.515451 187.06 197.99 207.99 213.07
aeroplane 0.515442 178.91 19.71 201.14 38.25
aeroplane 0.515410 180.07 39.77 202.14 64.73
boat 0.515401 72.78 9.94 175.00 88.34
aeroplane 0.515386 167.25 39.72 192.88 65.39
boat 0.515384 80.92 22.26 93.16 36.89
person 0.515364 107.48 110.79 125.73 131.20
boat 0.515324 212.00 32.87 221.15 64.76
car 0.515298 44.27 26.82 54.50 38.00
boat 0.515236 11.51 39.09 129.58 135.08
aeroplane 0.515164 145.27 122.42 189.98 151.62
aeroplane 0.515134 210.27 60.79 218.82 88.04
aeroplane 0.515120 198.11 14.43 211.51 35.16
boat 0.515004 124.07 67.48 156.83 89.09
boat 0.514967 16.14 9.76 27.66 25.50
cow 0.514965 172.24 161.67 205.80 182.34
boat 0.514956 73.54 20.63 81.92 34.84
aeroplane 0.514909 164.51 27.40 190.71 50.07
aeroplane 0.514884 207.10 79.13 217.64 105.20
aeroplane 0.514877 208.56 69.55 218.18 96.99
aeroplane 0.514857 208.00 105.53 216.79 127.74
aeroplane 0.514803 206.64 88.52 216.85 112.89
boat 0.514800 30.78 0.00 55.58 19.91
boat 0.514759 98.06 31.54 114.30 60.67
boat 0.514699 96.13 44.47 112.72 70.58
boat 0.514627 92.36 0.00 113.82 37.42
boat 0.514581 110.61 43.09 138.31 73.53
aeroplane 0.514580 159.69 111.30 191.01 133.22
aeroplane 0.514577 159.57 0.00 191.59 29.20
person 0.514531 108.00 98.15 127.93 118.18
boat 0.514521 0.00 8.39 90.47 100.67
aeroplane 0.514513 206.92 128.64 218.42 156.28
boat 0.514487 90.15 33.60 104.62 58.99
car 0.514443 52.39 51.32 63.79 65.51
boat 0.514364 212.00 25.82 222.49 58.27
aeroplane 0.514341 184.89 132.00 209.25 157.16
boat 0.514322 63.93 52.00 76.29 71.23
aeroplane 0.514306 169.22 21.95 223.19 113.68
car 0.514305 51.62 43.92 61.76 57.66
boat 0.514225 120.26 15.47 197.96 88.42
boat 0.514093 62.28 42.59 73.34 61.71
aeroplane 0.514089 128.82 0.00 177.37 42.33
aeroplane 0.514074 147.98 94.95 177.17 117.14
motorbike 0.514063 206.33 157.22 220.64 185.79
boat 0.514053 86.76 46.49 101.85 69.98
boat 0.514050 212.00 41.36 219.62 71.10
aeroplane 0.513989 212.00 51.50 219.10 79.03
aeroplane 0.513942 164.08 32.51 191.14 57.62
boat 0.513898 62.44 30.27 72.22 45.23
boat 0.513879 63.85 22.01 73.46 35.36
aeroplane 0.513819 198.33 3.47 212.53 24.76
boat 0.513803 99.49 0.00 123.90 41.78
boat 0.513751 134.62 105.07 163.54 128.59
boat 0.513705 24.95 0.00 127.18 65.55
aeroplane 0.513691 207.18 97.44 216.48 120.71
boat 0.513592 15.43 17.35 27.19 35.90
boat 0.513582 51.49 34.39 61.78 46.02
aeroplane 0.513571 181.32 9.67 203.26 28.94
aeroplane 0.513568 146.93 0.00 184.66 34.87
boat 0.513560 52.65 25.04 64.17 36.61
boat 0.513554 83.75 0.00 106.17 30.31
boat 0.513482 74.71 0.00 95.72 23.93
motorbike 0.513345 206.15 148.80 220.37 178.85
motorbike 0.513225 206.73 138.12 219.56 168.00
aeroplane 0.513091 156.89 103.88 183.85 130.02
boat 0.512990 133.31 95.03 163.83 116.16
cow 0.512810 175.22 155.61 205.94 178.45
boat 0.512437 212.00 0.00 219.96 29.33
aeroplane 0.512376 180.38 144.07 207.10 169.33
boat 0.512321 12.23 0.00 33.04 19.27
boat 0.512318 212.00 10.25 220.58 40.25
boat 0.512186 170.27 0.00 199.18 24.09
car 0.512119 204.10 192.60 218.58 215.97
car 0.511733 161.41 171.34 200.14 191.79
aeroplane 0.511481 181.95 184.74 205.77 203.55
boat 0.510930 106.80 0.00 146.49 44.72
cow 0.510261 175.83 172.17 205.43 194.09
cow 0.509844 207.73 169.91 218.83 198.04
aeroplane 0.509366 132.35 155.94 185.67 186.83
car 0.509345 206.71 180.44 218.02 205.71
