chair 0.623412 0.81 100.11 45.68 184.23
chair 0.613341 169.32 38.03 204.23 118.84
tvmonitor 0.598479 168.32 43.89 203.95 120.08
chair 0.588756 0.00 64.57 40.44 179.01
diningtable 0.586169 70.29 74.73 203.83 173.64
pottedplant 0.585624 21.22 77.33 96.48 161.95
pottedplant 0.582376 88.28 77.00 189.19 170.25
car 0.575877 0.27 51.59 45.21 144.88
diningtable 0.573181 0.00 75.59 58.31 176.67
diningtable 0.572378 0.40 61.79 45.40 160.60
diningtable 0.570825 92.18 81.77 178.52 171.97
diningtable 0.569901 0.00 96.05 73.05 187.38
diningtable 0.568070 3.34 79.06 99.64 171.20
chair 0.567844 170.48 69.14 191.97 144.73
person 0.567129 0.00 58.13 42.50 151.66
chair 0.565148 171.45 55.75 199.90 140.74
chair 0.565088 0.00 101.91 72.12 191.69
chair 0.563635 0.00 125.23 53.50 209.72
pottedplant 0.562931 41.16 83.84 89.28 150.53
chair 0.558940 0.00 55.53 44.15 138.01
chair 0.558245 101.14 82.14 176.50 164.42
diningtable 0.558182 74.38 60.32 179.63 155.48
pottedplant 0.557360 103.11 62.64 176.73 152.87
diningtable 0.556093 0.00 51.82 50.55 130.67
chair 0.554604 14.27 102.69 95.27 174.36
tvmonitor 0.554597 155.37 36.87 195.68 119.05
diningtable 0.553377 37.46 134.27 188.41 199.07
diningtable 0.553137 21.23 104.97 95.14 174.94
diningtable 0.553081 32.84 102.14 166.96 184.92
pottedplant 0.552941 1.30 45.81 81.09 111.65
diningtable 0.552499 94.00 102.17 158.84 178.96
diningtable 0.549882 0.00 120.70 75.11 208.31
pottedplant 0.549826 16.62 50.36 86.42 99.28
diningtable 0.549394 88.05 89.86 155.65 161.28
chair 0.549385 200.23 45.86 224.00 152.83
diningtable 0.549012 0.00 37.37 82.14 114.82
tvmonitor 0.548521 31.65 57.69 84.32 96.21
chair 0.548407 21.92 117.33 103.40 185.89
tvmonitor 0.548229 109.60 52.70 177.66 141.23
diningtable 0.547229 1.16 99.21 122.42 200.69
tvmonitor 0.547037 138.06 39.92 185.66 119.89
chair 0.547002 210.49 57.47 224.00 119.95
chair 0.546839 143.65 52.43 190.66 141.02
chair 0.546397 53.88 84.93 95.65 146.75
chair 0.545164 153.27 38.83 193.97 121.65
diningtable 0.544606 0.00 65.20 77.56 153.00
diningtable 0.544554 102.91 41.73 186.04 141.76
tvmonitor 0.544322 8.16 54.90 78.74 117.21
tvmonitor 0.544144 0.00 55.62 49.28 123.94
diningtable 0.543602 15.06 125.03 100.50 198.73
diningtable 0.542028 15.60 124.02 172.65 222.67
chair 0.541647 0.00 33.60 84.25 206.35
sofa 0.541036 119.41 51.25 191.11 154.33
diningtable 0.540630 47.58 120.57 214.96 218.47
tvmonitor 0.539913 205.89 50.58 224.00 112.73
chair 0.539681 178.90 45.49 206.85 144.12
chair 0.539107 0.00 34.87 58.92 137.80
diningtable 0.538745 72.91 88.77 126.54 150.91
chair 0.538720 0.00 56.52 65.05 163.73
tvmonitor 0.538658 30.55 132.60 102.05 204.85
diningtable 0.538566 8.49 143.83 89.77 212.02
tvmonitor 0.538223 190.44 31.93 223.87 148.87
person 0.538202 0.00 1.97 72.62 201.04
chair 0.537199 71.33 90.39 117.19 151.38
pottedplant 0.537175 27.46 65.63 98.15 124.47
chair 0.536936 189.11 52.83 214.62 118.20
chair 0.536757 126.25 81.80 179.84 155.08
chair 0.536399 37.50 124.14 92.44 188.50
chair 0.536254 161.34 80.52 185.91 148.60
tvmonitor 0.536211 35.20 67.08 87.03 106.69
diningtable 0.535903 6.44 56.18 94.45 124.39
person 0.535694 206.36 207.10 224.00 224.00
diningtable 0.534827 101.16 129.94 142.09 188.15
chair 0.533789 105.65 210.81 141.86 224.00
pottedplant 0.533630 122.48 210.97 154.87 224.00
chair 0.533519 89.95 211.34 129.39 224.00
pottedplant 0.533510 131.41 210.87 162.68 224.00
tvmonitor 0.533481 38.37 156.66 98.13 217.96
chair 0.533465 214.21 73.12 224.00 134.71
tvmonitor 0.533202 153.45 43.89 185.26 112.51
chair 0.533143 47.53 197.52 106.21 224.00
chair 0.533054 0.00 136.29 76.80 214.45
chair 0.532731 73.89 210.58 120.99 224.00
chair 0.532518 28.27 155.43 96.76 214.89
chair 0.532505 43.54 170.69 99.59 222.45
tvmonitor 0.532446 163.74 38.98 200.38 145.12
chair 0.532029 145.92 74.12 182.58 155.52
chair 0.531417 60.32 207.67 114.27 224.00
person 0.531307 184.94 211.00 218.46 224.00
chair 0.531133 2.10 161.09 56.01 212.72
chair 0.531127 1.64 162.02 93.80 224.00
tvmonitor 0.531039 205.14 35.81 224.00 96.08
tvmonitor 0.531031 47.17 76.25 89.45 113.49
chair 0.530963 88.57 92.49 142.03 156.44
chair 0.530892 202.03 74.50 224.00 177.87
tvmonitor 0.530705 1.77 24.04 49.61 79.07
chair 0.530699 36.27 110.81 90.41 172.61
pottedplant 0.530684 35.53 79.32 88.28 130.72
chair 0.530560 216.89 124.49 224.00 164.52
person 0.530353 180.51 171.58 224.00 224.00
tvmonitor 0.530208 184.85 50.75 214.29 115.43
person 0.530199 145.94 210.29 179.56 224.00
chair 0.530195 19.97 67.89 84.64 157.46
chair 0.529943 2.66 189.18 57.54 224.00
diningtable 0.529814 103.03 143.50 136.30 192.64
tvmonitor 0.529767 116.78 56.98 167.01 119.26
bottle 0.529382 33.15 0.00 100.69 33.43
diningtable 0.529194 74.89 121.78 129.26 183.77
tvmonitor 0.529177 0.00 16.23 65.67 120.89
pottedplant 0.529052 0.00 35.96 58.66 141.86
tvmonitor 0.529022 0.00 36.26 53.28 100.84
tvmonitor 0.528873 45.44 11.99 85.18 61.59
chair 0.528761 203.03 0.00 224.00 21.62
chair 0.528714 103.47 143.47 139.09 194.66
diningtable 0.528706 0.00 39.43 95.40 201.42
tvmonitor 0.528633 49.47 69.76 90.07 101.12
bottle 0.528592 43.72 0.00 90.67 50.51
diningtable 0.528521 24.82 156.28 162.57 224.00
person 0.528457 155.35 210.37 191.67 224.00
cat 0.528398 180.19 0.00 224.00 78.74
bird 0.528357 39.21 0.00 112.50 29.85
bottle 0.528252 116.17 102.83 172.10 168.98
chair 0.527875 197.20 61.34 216.72 127.47
diningtable 0.527813 77.27 99.67 136.73 160.93
dog 0.527690 216.07 131.89 224.00 169.16
person 0.527575 170.55 211.10 206.38 224.00
boat 0.527379 111.69 60.64 155.46 113.88
boat 0.527370 117.22 63.81 170.52 128.78
bottle 0.527220 3.32 189.85 51.73 224.00
tvmonitor 0.527122 0.00 0.00 20.58 22.03
chair 0.527085 23.28 192.65 84.79 224.00
tvmonitor 0.527067 207.99 17.43 224.00 73.07
chair 0.526979 205.06 132.53 224.00 224.00
chair 0.526959 206.98 103.71 224.00 206.11
tvmonitor 0.526739 57.41 81.85 94.32 131.58
tvmonitor 0.526418 0.00 17.75 41.58 64.80
chair 0.526015 216.60 100.33 224.00 153.57
tvmonitor 0.525866 187.74 5.42 224.00 119.03
diningtable 0.525546 52.93 77.68 137.93 161.44
cat 0.525533 35.55 0.00 92.30 24.33
aeroplane 0.525478 44.99 0.00 139.52 37.50
tvmonitor 0.525452 0.00 0.00 73.66 66.55
tvmonitor 0.525418 43.99 27.22 80.70 75.57
chair 0.525369 98.87 173.08 127.78 218.56
chair 0.525205 69.55 86.12 105.76 142.68
chair 0.525172 0.00 168.52 33.76 217.13
chair 0.524951 11.66 146.00 122.22 214.38
boat 0.524712 105.90 61.39 139.14 109.59
chair 0.524696 0.00 188.21 31.10 224.00
boat 0.524659 28.89 0.00 127.97 38.51
tvmonitor 0.524610 39.02 42.52 79.05 88.86
chair 0.524404 56.74 101.66 100.20 156.69
person 0.524357 155.25 0.00 224.00 151.79
tvmonitor 0.524185 205.19 0.00 224.00 51.35
tvmonitor 0.524174 61.51 75.79 94.51 113.76
boat 0.524095 40.78 0.00 104.01 28.72
dog 0.524058 216.96 139.97 224.00 175.96
chair 0.524045 102.01 154.67 132.04 202.32
aeroplane 0.523934 73.50 0.00 154.41 42.88
aeroplane 0.523914 146.84 40.32 180.23 98.69
chair 0.523872 54.86 113.07 98.90 173.91
tvmonitor 0.523750 89.50 88.87 134.91 147.11
chair 0.523362 97.07 113.20 158.44 181.94
aeroplane 0.523360 107.00 0.00 171.47 50.41
diningtable 0.523050 96.19 80.55 217.87 200.05
tvmonitor 0.522941 11.86 0.00 120.08 44.86
pottedplant 0.522920 104.21 88.70 157.85 150.73
cat 0.522919 0.00 0.00 29.37 17.61
person 0.522876 220.00 158.96 224.00 199.88
dog 0.522762 219.33 149.55 224.00 188.10
chair 0.522759 169.90 90.41 193.96 154.50
diningtable 0.522755 62.05 100.57 193.09 192.90
cat 0.522642 24.35 0.00 73.05 16.42
tvmonitor 0.522637 7.08 13.90 57.99 69.83
tvmonitor 0.522616 160.34 41.03 189.73 103.96
tvmonitor 0.522520 0.00 9.82 25.04 55.15
aeroplane 0.522478 126.37 0.00 185.25 55.33
aeroplane 0.522422 124.10 45.63 172.62 105.64
tvmonitor 0.522412 4.46 177.49 53.18 221.48
tvmonitor 0.522401 108.56 71.56 144.24 118.96
pottedplant 0.522357 15.71 56.84 84.07 145.90
dog 0.522316 195.16 123.40 210.99 160.71
tvmonitor 0.522311 111.64 79.67 163.55 140.04
diningtable 0.522266 141.21 173.42 224.00 224.00
aeroplane 0.521986 202.92 0.00 224.00 38.11
boat 0.521831 185.49 0.00 218.96 16.92
bird 0.521751 56.87 0.00 113.07 20.62
tvmonitor 0.521737 176.86 32.60 201.44 92.78
sofa 0.521630 37.22 130.50 165.86 220.52
sheep 0.521590 28.41 0.00 95.61 30.79
bottle 0.521576 4.27 3.80 34.87 43.22
tvmonitor 0.521533 21.16 11.86 72.46 68.42
chair 0.521458 98.70 193.99 126.28 224.00
chair 0.521417 70.98 133.40 121.02 189.13
tvmonitor 0.521401 177.05 42.08 207.55 105.38
person 0.521335 219.84 177.19 224.00 215.04
sheep 0.521331 24.45 3.69 74.83 57.34
aeroplane 0.521280 186.38 0.00 213.46 50.98
chair 0.521276 166.58 102.01 188.77 159.93
aeroplane 0.521213 102.69 49.96 131.75 95.34
tvmonitor 0.521042 92.87 71.08 123.73 115.55
tvmonitor 0.520899 0.00 1.02 19.40 43.23
tvmonitor 0.520887 91.70 62.91 120.14 105.57
sofa 0.520840 0.00 0.00 80.08 180.94
aeroplane 0.520837 109.59 49.12 148.08 99.69
bottle 0.520789 122.96 133.18 158.56 187.70
tvmonitor 0.520705 1.48 3.20 31.68 43.29
person 0.520663 216.87 188.88 224.00 224.00
aeroplane 0.520499 152.95 0.00 188.13 15.04
aeroplane 0.520468 137.85 33.77 174.93 82.73
bottle 0.520441 125.32 119.44 167.21 175.54
tvmonitor 0.520419 91.64 81.36 128.74 134.52
sheep 0.520402 42.81 0.00 98.54 44.32
boat 0.520358 173.19 0.00 204.76 16.39
tvmonitor 0.520338 63.78 70.33 95.02 101.86
boat 0.520137 163.61 0.00 196.92 16.24
chair 0.519962 71.27 192.17 113.43 224.00
chair 0.519951 190.77 108.26 211.45 154.91
bottle 0.519749 34.28 11.10 85.69 56.10
bottle 0.519689 184.41 0.47 206.75 49.95
tvmonitor 0.519641 104.49 193.79 133.71 224.00
dog 0.519612 182.21 115.41 202.45 160.65
tvmonitor 0.519584 186.62 23.59 209.97 78.36
aeroplane 0.519583 131.90 0.00 164.84 13.39
diningtable 0.519567 107.94 121.80 193.38 203.86
chair 0.519565 175.49 98.10 201.54 154.50
chair 0.519560 3.91 180.70 76.37 224.00
diningtable 0.519543 78.97 157.59 188.11 224.00
tvmonitor 0.519526 70.63 81.06 103.30 131.48
chair 0.519513 68.93 170.19 112.88 224.00
bottle 0.519480 0.00 0.00 29.49 27.33
dog 0.519480 197.85 134.85 210.00 164.03
bottle 0.519474 10.71 9.07 59.54 59.37
tvmonitor 0.519438 188.03 14.69 211.05 60.34
sofa 0.519413 147.56 2.52 224.00 177.41
bottle 0.519298 6.36 14.35 46.06 58.76
aeroplane 0.519276 143.86 0.00 179.69 13.73
tvmonitor 0.519274 19.64 24.90 70.65 84.33
dog 0.519198 206.16 126.18 218.66 160.11
bottle 0.519169 135.70 198.37 157.04 224.00
aeroplane 0.519124 141.40 0.00 197.22 61.89
pottedplant 0.519094 56.88 63.82 131.56 144.85
boat 0.519011 90.55 56.47 118.67 99.95
bottle 0.518983 127.58 148.79 155.98 195.48
dog 0.518980 184.14 165.61 195.27 188.40
cat 0.518932 9.85 0.00 49.29 14.82
tvmonitor 0.518898 182.34 32.26 208.61 94.91
chair 0.518892 51.78 134.87 98.70 202.03
tvmonitor 0.518816 18.26 42.22 72.53 98.98
dog 0.518622 182.93 175.64 196.13 198.94
aeroplane 0.518562 114.02 0.00 149.59 13.68
bottle 0.518554 134.98 182.55 154.71 207.85
tvmonitor 0.518550 179.97 24.94 200.12 77.83
aeroplane 0.518466 144.14 25.88 176.64 71.74
aeroplane 0.518404 105.08 0.00 140.20 14.06
sheep 0.518395 181.44 185.58 197.57 207.78
chair 0.518383 101.71 131.16 148.62 189.57
sheep 0.518333 139.07 154.37 162.87 193.88
chair 0.518305 174.40 106.16 195.29 159.87
dog 0.518293 188.72 131.00 202.47 164.33
bottle 0.518162 132.61 137.52 163.79 185.04
sheep 0.518144 185.49 185.80 202.77 207.77
pottedplant 0.518132 172.30 0.00 224.00 78.89
boat 0.518131 16.60 0.00 134.82 65.12
boat 0.518129 57.97 29.48 101.90 65.56
boat 0.518081 54.74 13.86 102.07 56.14
sheep 0.517984 179.72 195.80 199.72 221.66
aeroplane 0.517898 101.78 45.25 128.86 82.60
sofa 0.517879 102.31 0.00 195.34 133.75
bird 0.517771 80.76 0.00 125.89 15.51
chair 0.517758 112.36 206.86 145.36 224.00
tvmonitor 0.517677 182.58 18.32 200.45 60.56
tvmonitor 0.517609 170.84 25.03 194.16 78.42
chair 0.517594 177.53 73.37 210.71 163.66
bottle 0.517572 122.27 196.33 147.32 224.00
chair 0.517563 204.78 114.09 219.11 155.39
sheep 0.517557 191.39 144.58 201.79 169.65
chair 0.517505 125.40 108.19 174.00 165.43
boat 0.517495 145.20 184.59 162.13 206.62
sheep 0.517391 207.49 134.69 218.11 163.89
bottle 0.517363 180.51 0.00 208.64 33.31
aeroplane 0.517293 139.41 126.59 207.29 206.83
bottle 0.517285 121.67 208.12 152.29 224.00
sheep 0.517184 199.37 145.43 208.58 168.81
sofa 0.517152 117.99 30.03 183.34 127.74
dog 0.517147 177.14 165.37 188.48 188.78
sheep 0.517132 143.28 198.66 164.27 224.00
tvmonitor 0.517131 192.36 29.75 215.00 92.14
tvmonitor 0.517090 44.94 40.34 90.75 81.73
tvmonitor 0.517069 73.18 73.54 101.79 113.08
tvmonitor 0.517008 45.28 0.00 167.28 133.42
tvmonitor 0.516975 6.64 34.09 90.17 131.53
tvmonitor 0.516905 195.42 20.37 215.99 76.50
bottle 0.516892 131.64 208.59 160.99 224.00
chair 0.516836 185.27 88.30 209.67 147.86
sheep 0.516824 189.62 166.67 200.94 187.91
sofa 0.516803 125.97 0.00 185.91 99.93
aeroplane 0.516759 109.85 44.18 143.24 86.81
chair 0.516748 200.80 79.39 217.66 139.34
aeroplane 0.516663 182.26 2.36 201.35 47.04
sheep 0.516656 185.50 156.08 195.71 178.06
aeroplane 0.516629 88.64 45.07 117.86 79.60
sheep 0.516544 191.71 157.06 201.57 177.17
tvmonitor 0.516528 0.00 0.00 122.76 66.07
aeroplane 0.516448 157.06 26.19 184.95 80.29
aeroplane 0.516434 119.11 42.31 158.28 90.70
tvmonitor 0.516404 173.39 16.65 194.17 60.66
tvmonitor 0.516398 60.29 42.15 99.28 79.92
sheep 0.516387 187.25 176.56 201.19 199.04
cat 0.516376 154.55 0.00 212.22 70.96
tvmonitor 0.516348 195.78 11.47 216.99 60.00
sheep 0.516317 143.81 170.77 162.53 200.03
aeroplane 0.516271 12.66 0.00 63.59 46.43
aeroplane 0.516254 37.74 0.00 145.84 67.22
tvmonitor 0.516036 47.25 53.64 89.79 93.05
bottle 0.516006 132.25 166.18 155.10 200.97
dog 0.515977 176.61 175.77 189.85 198.53
chair 0.515958 106.20 174.71 138.05 211.86
dog 0.515925 168.00 163.67 180.81 188.27
sheep 0.515878 174.78 195.45 194.34 219.28
aeroplane 0.515746 142.08 13.56 173.03 50.12
boat 0.515684 69.87 32.92 108.81 64.53
boat 0.515648 155.22 185.06 170.46 204.95
aeroplane 0.515639 111.54 0.00 176.08 87.60
aeroplane 0.515614 189.95 0.00 221.47 37.21
tvmonitor 0.515608 0.00 0.00 122.58 142.42
bottle 0.515604 7.80 1.31 46.39 45.02
sheep 0.515591 151.20 159.71 169.62 190.57
dog 0.515498 176.07 186.12 191.55 206.26
chair 0.515453 70.61 150.00 115.78 209.92
sheep 0.515449 184.70 141.58 195.42 169.55
dog 0.515446 11.54 0.00 67.27 28.98
dog 0.515443 181.05 124.45 196.03 163.49
tvmonitor 0.515378 45.70 39.91 131.67 133.77
boat 0.515257 73.12 44.28 107.66 78.48
sheep 0.515165 167.33 207.05 198.29 224.00
sheep 0.515164 190.95 195.47 211.20 222.13
bottle 0.515142 117.23 178.36 144.31 208.98
sheep 0.515025 177.80 154.29 188.00 177.90
sheep 0.515018 53.23 0.00 110.37 30.10
aeroplane 0.514838 118.92 34.98 155.21 76.29
chair 0.514801 203.73 96.70 218.08 148.73
dog 0.514772 171.65 120.03 188.66 163.49
aeroplane 0.514756 139.49 0.00 170.59 29.82
sheep 0.514704 165.21 195.53 185.06 219.45
sheep 0.514702 152.20 197.14 173.07 222.58
diningtable 0.514697 166.90 129.23 224.00 215.06
sofa 0.514649 69.71 140.23 180.08 224.00
aeroplane 0.514635 172.40 0.00 195.09 43.94
boat 0.514577 167.39 185.66 182.45 204.17
sofa 0.514561 48.97 0.00 173.76 154.63
aeroplane 0.514560 75.64 0.00 160.17 76.11
aeroplane 0.514558 96.50 23.35 172.29 120.70
dog 0.514524 167.61 174.74 181.63 196.98
aeroplane 0.514519 155.09 14.77 184.48 60.25
aeroplane 0.514513 128.92 24.37 166.65 63.65
person 0.514510 197.14 205.48 223.74 224.00
sheep 0.514481 154.54 173.25 169.91 197.68
aeroplane 0.514387 85.61 36.37 116.47 65.66
sheep 0.514335 145.52 207.50 176.66 224.00
sheep 0.514334 208.92 143.64 217.73 169.44
aeroplane 0.514304 112.81 150.64 201.20 224.00
chair 0.514260 150.60 114.78 180.79 162.79
sheep 0.514165 157.46 206.69 189.25 224.00
sheep 0.514145 71.58 0.00 124.62 18.27
aeroplane 0.514142 99.55 37.97 126.29 68.85
aeroplane 0.514129 153.11 0.00 184.86 39.52
sheep 0.514066 165.74 150.11 179.88 177.50
sheep 0.514047 144.54 143.29 168.97 180.40
sheep 0.513940 198.84 156.71 207.75 176.40
tvmonitor 0.513898 61.96 54.34 96.33 91.48
tvmonitor 0.513898 83.95 45.87 162.19 138.55
dog 0.513885 6.52 0.00 49.53 27.09
aeroplane 0.513844 138.11 156.35 216.89 224.00
sheep 0.513836 191.42 185.80 208.87 208.25
tvmonitor 0.513719 29.05 0.00 131.38 109.88
aeroplane 0.513709 63.76 17.67 107.36 54.96
aeroplane 0.513572 108.57 36.87 138.99 72.54
sheep 0.513495 176.69 138.60 187.75 168.96
bottle 0.513345 135.66 125.31 170.14 170.26
sofa 0.513340 143.68 0.00 202.37 110.55
tvmonitor 0.513222 74.52 62.23 101.97 98.02
chair 0.513124 173.97 100.92 219.09 189.12
tvmonitor 0.513108 73.63 53.96 104.79 90.29
chair 0.513019 136.46 99.42 195.42 177.18
sofa 0.512945 0.00 0.00 124.75 161.47
sheep 0.512858 203.77 192.43 222.92 223.28
dog 0.512819 165.29 0.00 196.14 25.62
sheep 0.512774 196.22 166.94 207.61 188.89
bottle 0.512644 111.42 160.86 144.23 200.83
sheep 0.512542 159.46 133.20 179.23 167.66
aeroplane 0.512496 92.50 0.00 131.82 15.27
sheep 0.512310 209.70 154.04 218.70 180.24
aeroplane 0.512282 127.83 0.00 161.43 25.01
aeroplane 0.512249 60.06 10.25 155.06 115.10
aeroplane 0.512078 119.15 24.69 152.40 61.44
aeroplane 0.511909 129.11 12.31 163.61 41.88
sheep 0.511888 192.68 176.83 207.60 200.45
person 0.511836 155.48 157.28 224.00 224.00
aeroplane 0.511794 117.43 0.00 148.30 23.60
sheep 0.511672 205.33 181.97 223.51 209.85
aeroplane 0.511613 108.37 0.00 136.22 22.37
sheep 0.511537 208.99 163.59 220.51 192.82
aeroplane 0.511193 80.73 22.97 113.99 54.34
sheep 0.510877 206.68 172.68 222.24 202.93
aeroplane 0.510872 108.84 25.99 136.71 58.49
aeroplane 0.510620 97.72 26.45 124.27 55.80
aeroplane 0.510539 119.70 11.49 149.86 39.31
aeroplane 0.510377 71.78 0.00 116.96 24.87
aeroplane 0.509723 110.83 11.43 136.15 37.40
aeroplane 0.509044 75.11 6.29 113.11 38.02
aeroplane 0.508828 97.47 10.38 123.87 35.92
