aeroplane 0.644100 5.85 20.80 224.00 204.00
cow 0.619911 5.38 23.41 223.48 202.47
aeroplane 0.589914 126.96 16.54 164.53 41.35
aeroplane 0.588095 161.62 134.82 211.90 209.71
aeroplane 0.574181 191.57 106.64 223.11 183.71
cow 0.564768 0.00 39.15 136.88 216.59
aeroplane 0.560612 171.15 107.78 222.03 189.91
aeroplane 0.557028 99.62 17.69 118.89 41.24
aeroplane 0.556596 152.53 117.74 212.46 198.69
aeroplane 0.556421 104.48 18.74 124.87 42.62
aeroplane 0.552117 202.80 105.68 224.00 174.34
horse 0.550212 0.00 29.71 153.88 210.51
aeroplane 0.549255 186.64 124.03 223.85 195.58
person 0.547996 0.00 34.17 131.99 221.87
aeroplane 0.547546 115.44 18.77 147.15 41.56
cow 0.546578 65.63 89.10 118.95 163.88
aeroplane 0.545521 30.96 20.18 86.18 94.98
boat 0.545334 65.89 44.42 219.98 198.54
aeroplane 0.544785 62.76 90.66 118.42 163.37
boat 0.543772 177.59 87.87 224.00 203.24
aeroplane 0.542141 57.16 37.90 214.98 189.78
aeroplane 0.541616 166.09 116.46 207.50 180.21
cow 0.541338 26.98 34.46 83.42 103.72
aeroplane 0.541166 156.34 149.43 203.60 206.74
cow 0.539767 0.00 68.67 98.20 215.45
dog 0.539553 20.41 35.37 88.89 106.70
aeroplane 0.539296 208.36 100.67 224.00 162.86
cow 0.538452 39.17 85.49 82.28 155.68
horse 0.536586 0.00 38.28 101.75 200.07
dog 0.536466 16.40 45.61 67.32 115.61
aeroplane 0.536367 97.89 11.71 119.38 35.57
aeroplane 0.536179 213.11 92.57 224.00 148.74
aeroplane 0.536081 95.28 16.88 114.64 39.81
sheep 0.535751 0.00 94.18 23.47 152.88
aeroplane 0.535743 134.51 69.35 157.12 93.02
aeroplane 0.535655 196.23 143.59 224.00 203.59
boat 0.535381 118.82 76.48 224.00 195.08
aeroplane 0.534370 190.29 0.00 224.00 40.92
aeroplane 0.534252 132.76 62.74 157.30 87.80
motorbike 0.533924 78.02 83.43 118.38 145.85
aeroplane 0.533359 193.94 51.78 224.00 176.35
aeroplane 0.533116 216.56 84.68 224.00 135.82
sheep 0.532882 24.91 124.15 49.96 184.04
aeroplane 0.532540 159.58 164.78 200.31 210.50
aeroplane 0.532298 0.00 76.67 159.93 208.32
aeroplane 0.532081 129.19 44.42 158.61 76.07
sheep 0.532025 0.00 93.77 14.06 153.83
cow 0.531950 21.90 94.38 51.55 157.12
cow 0.531881 32.46 92.48 65.70 157.83
aeroplane 0.531742 88.17 64.89 119.50 100.14
aeroplane 0.531738 29.36 129.95 56.91 193.25
car 0.531672 0.00 0.00 22.09 23.31
aeroplane 0.531605 124.09 20.63 163.43 51.58
cow 0.531396 30.02 124.14 56.89 186.23
aeroplane 0.531296 103.09 13.33 125.92 36.34
person 0.531251 0.00 205.03 24.07 224.00
aeroplane 0.531053 209.65 204.09 224.00 224.00
cow 0.530900 75.21 85.22 117.09 146.14
aeroplane 0.530599 131.63 54.46 157.42 81.81
aeroplane 0.530167 8.09 178.81 126.10 224.00
boat 0.530157 158.40 101.31 222.79 193.44
sheep 0.530144 0.00 208.33 34.52 224.00
person 0.530131 0.00 97.59 13.60 158.14
sheep 0.529881 6.58 93.58 28.86 151.58
cow 0.529788 0.00 33.48 75.35 162.98
motorbike 0.529775 84.21 78.15 118.88 129.62
car 0.529765 0.00 0.00 51.60 65.75
aeroplane 0.529669 219.57 77.20 224.00 125.50
cow 0.529589 23.29 114.47 48.66 176.61
aeroplane 0.529369 132.45 92.83 150.63 117.74
cow 0.529327 31.80 103.38 59.73 167.71
aeroplane 0.529251 125.96 30.53 161.26 65.41
aeroplane 0.529204 76.64 82.39 119.02 141.39
aeroplane 0.529181 130.67 0.00 171.72 16.77
aeroplane 0.528968 87.85 56.47 123.10 88.72
dog 0.528956 0.00 87.44 14.02 142.29
dog 0.528934 0.00 142.56 57.96 224.00
aeroplane 0.528643 133.23 99.31 149.30 123.86
aeroplane 0.528442 92.71 0.00 125.68 15.90
aeroplane 0.528301 202.21 156.49 224.00 209.07
sheep 0.528147 13.44 92.73 38.59 151.94
dog 0.528132 0.00 187.06 15.48 224.00
cow 0.527926 0.00 113.23 68.69 224.00
aeroplane 0.527914 206.82 0.00 224.00 17.50
sheep 0.527907 0.00 83.37 24.82 134.90
aeroplane 0.527859 199.45 18.63 224.00 138.22
aeroplane 0.527735 87.76 71.87 118.83 112.79
cow 0.527718 0.00 151.81 96.67 224.00
cow 0.527697 8.99 29.59 132.30 158.75
aeroplane 0.527609 67.17 111.85 110.47 181.01
dog 0.527568 0.00 62.61 28.51 111.85
dog 0.527516 20.09 60.47 59.03 126.76
sheep 0.527480 0.00 190.06 26.55 222.97
boat 0.527453 173.02 169.47 224.00 224.00
dog 0.527434 24.51 141.22 47.88 203.61
cow 0.527416 11.59 94.84 37.32 156.18
aeroplane 0.527166 93.68 47.17 118.57 73.15
sheep 0.527157 0.00 135.53 24.34 184.26
aeroplane 0.527137 169.74 97.68 199.24 136.44
aeroplane 0.526970 136.06 75.26 157.16 98.83
aeroplane 0.526780 51.18 0.00 94.19 17.12
aeroplane 0.526663 37.88 18.14 202.19 129.98
aeroplane 0.526609 220.00 61.23 224.00 105.73
dog 0.526496 0.00 71.74 25.44 123.87
aeroplane 0.526484 127.31 0.00 215.17 37.38
aeroplane 0.526451 138.56 93.52 157.41 118.31
cow 0.526199 34.89 114.64 65.01 177.60
aeroplane 0.526167 152.65 47.38 224.00 185.15
sheep 0.526091 16.47 124.56 37.00 179.59
motorbike 0.525979 133.61 69.79 161.99 94.35
aeroplane 0.525853 16.44 0.00 97.05 66.59
cow 0.525843 0.00 120.23 124.14 224.00
aeroplane 0.525729 145.10 0.00 182.15 17.66
aeroplane 0.525666 124.27 45.22 146.29 68.95
aeroplane 0.525665 35.02 189.67 145.20 224.00
aeroplane 0.525647 139.46 100.45 156.20 124.15
sheep 0.525608 0.00 113.35 22.67 169.09
aeroplane 0.525523 90.35 51.67 120.87 79.87
aeroplane 0.525457 220.00 39.84 224.00 73.38
cow 0.525253 46.51 93.24 104.71 156.81
aeroplane 0.525227 153.57 197.67 203.11 224.00
aeroplane 0.525202 15.70 15.99 119.33 128.30
aeroplane 0.525196 126.49 0.00 169.72 26.72
aeroplane 0.525190 220.00 33.51 224.00 63.04
aeroplane 0.525160 111.80 46.01 132.96 69.89
cow 0.525069 0.00 0.00 51.49 89.13
aeroplane 0.525039 127.31 92.36 145.96 117.71
aeroplane 0.525019 0.00 131.03 139.98 224.00
dog 0.524885 25.58 54.84 73.16 124.47
aeroplane 0.524779 81.02 0.00 114.82 16.86
sheep 0.524756 7.77 125.98 28.62 176.44
person 0.524629 0.00 134.63 11.96 186.39
aeroplane 0.524609 128.23 97.80 144.96 124.00
bird 0.524606 113.72 210.14 154.29 224.00
cow 0.524450 46.57 100.18 86.04 163.70
aeroplane 0.524436 30.63 17.81 71.35 72.70
aeroplane 0.524381 20.90 35.78 69.57 101.83
dog 0.524346 10.15 211.23 48.80 224.00
aeroplane 0.524238 197.82 0.00 224.00 75.68
aeroplane 0.524205 64.78 0.00 103.42 17.18
sheep 0.524189 7.43 141.21 29.05 190.77
sheep 0.524180 23.88 91.52 54.54 141.31
aeroplane 0.524117 72.69 138.04 110.40 206.95
aeroplane 0.524035 172.15 0.00 206.49 17.51
cow 0.524031 78.59 78.07 118.17 127.35
aeroplane 0.524031 27.66 17.67 57.31 68.36
aeroplane 0.524007 76.60 0.00 182.93 39.79
aeroplane 0.523937 208.18 173.06 224.00 218.74
aeroplane 0.523920 175.46 203.02 218.29 224.00
aeroplane 0.523919 170.86 106.89 202.91 152.87
aeroplane 0.523887 28.68 155.10 54.15 213.76
dog 0.523779 5.25 58.72 40.47 110.41
person 0.523701 0.00 114.85 11.52 170.56
sheep 0.523685 0.00 153.22 24.11 201.14
aeroplane 0.523611 33.17 141.36 63.38 208.70
aeroplane 0.523608 37.74 123.80 72.08 184.14
cow 0.523605 0.00 11.91 12.52 55.87
aeroplane 0.523575 54.52 210.39 102.65 224.00
motorbike 0.523540 168.19 91.28 196.53 129.39
aeroplane 0.523497 194.72 205.17 224.00 224.00
dog 0.523449 6.21 93.60 29.00 142.06
aeroplane 0.523417 95.90 37.43 118.74 63.07
dog 0.523410 0.00 61.07 10.28 113.39
cow 0.523286 17.62 211.32 57.07 224.00
aeroplane 0.523213 156.74 184.93 199.48 222.89
dog 0.523207 12.84 66.53 46.77 125.00
person 0.523190 0.00 165.32 13.44 213.16
cow 0.523167 13.96 113.43 36.05 172.12
aeroplane 0.523155 99.46 25.65 118.90 50.49
aeroplane 0.523124 220.00 26.71 224.00 52.79
aeroplane 0.523121 38.30 0.00 84.21 15.01
aeroplane 0.522940 18.35 0.00 54.25 17.67
aeroplane 0.522916 130.34 113.66 155.59 165.40
cow 0.522908 7.06 113.68 28.18 169.08
motorbike 0.522893 160.79 89.68 191.21 124.93
cow 0.522760 39.77 70.89 76.38 133.15
person 0.522745 0.00 152.84 12.33 203.78
cow 0.522670 38.56 53.38 77.72 115.54
aeroplane 0.522601 155.85 0.00 190.97 16.60
aeroplane 0.522571 125.55 53.95 146.34 76.63
aeroplane 0.522566 132.70 82.73 152.01 107.01
aeroplane 0.522516 104.34 25.67 123.01 49.60
bird 0.522409 100.06 207.71 137.58 224.00
aeroplane 0.522371 178.44 110.75 216.22 172.61
aeroplane 0.522352 120.48 0.00 161.22 18.85
aeroplane 0.522281 202.79 94.66 222.44 149.30
dog 0.522273 13.57 93.50 39.49 141.57
sheep 0.522198 5.87 192.10 31.26 221.25
aeroplane 0.522158 30.01 0.00 125.53 61.44
aeroplane 0.522120 137.62 82.46 157.83 108.00
sheep 0.522098 0.00 167.73 24.62 211.43
aeroplane 0.522096 148.78 94.31 175.10 121.07
dog 0.522093 23.03 80.50 54.15 136.21
aeroplane 0.522070 110.40 52.23 134.43 77.26
aeroplane 0.521756 78.86 0.00 203.64 70.41
aeroplane 0.521715 64.00 126.69 104.48 191.82
aeroplane 0.521619 127.93 68.85 148.45 90.87
bird 0.521601 91.58 206.66 127.90 224.00
dog 0.521593 6.05 70.59 33.13 122.53
aeroplane 0.521592 129.53 209.77 172.72 224.00
aeroplane 0.521506 90.53 85.03 125.64 130.68
aeroplane 0.521484 124.01 33.10 150.82 58.85
aeroplane 0.521482 66.92 207.98 109.12 224.00
aeroplane 0.521473 37.89 143.91 74.07 211.35
person 0.521447 155.35 70.96 183.38 104.90
aeroplane 0.521446 89.58 0.00 118.94 22.81
aeroplane 0.521434 91.49 4.51 215.49 126.38
sheep 0.521422 31.15 53.88 77.43 118.98
aeroplane 0.521264 126.70 61.55 148.09 84.06
cow 0.521220 11.69 12.52 105.03 121.79
aeroplane 0.521215 114.28 182.78 139.14 221.28
aeroplane 0.521208 157.30 96.66 187.48 125.40
aeroplane 0.521172 73.99 186.43 105.85 222.79
aeroplane 0.521164 28.15 9.74 50.74 59.99
aeroplane 0.521124 60.26 192.03 96.89 224.00
cow 0.521108 0.00 0.00 13.90 38.62
aeroplane 0.521100 87.87 13.81 108.54 43.82
aeroplane 0.521098 124.39 112.22 149.36 164.50
aeroplane 0.521062 131.31 106.30 153.52 146.77
aeroplane 0.521057 4.35 0.00 41.23 19.13
aeroplane 0.520988 23.37 0.00 120.07 93.15
aeroplane 0.520964 108.94 0.00 150.09 17.17
aeroplane 0.520916 40.03 211.85 86.86 224.00
horse 0.520891 0.00 0.00 19.04 28.23
aeroplane 0.520845 40.41 11.15 84.08 74.90
aeroplane 0.520830 114.44 90.54 138.68 120.56
motorbike 0.520809 138.20 75.10 163.89 100.48
cow 0.520805 56.21 86.77 113.68 142.29
aeroplane 0.520793 82.46 43.17 115.07 78.02
bird 0.520776 78.86 206.82 117.16 224.00
aeroplane 0.520737 188.54 0.00 218.85 17.10
aeroplane 0.520697 32.12 212.33 73.75 224.00
aeroplane 0.520553 112.66 35.51 133.65 59.80
person 0.520512 171.31 93.87 198.99 130.51
bird 0.520486 150.75 171.95 209.07 224.00
aeroplane 0.520370 49.11 147.28 83.05 212.82
aeroplane 0.520367 83.26 176.24 111.14 219.58
aeroplane 0.520348 24.69 189.44 49.05 224.00
aeroplane 0.520311 88.88 182.15 171.39 224.00
aeroplane 0.520245 109.51 58.66 136.63 85.61
aeroplane 0.520126 220.00 18.69 224.00 42.86
aeroplane 0.520114 52.04 34.71 98.55 88.30
person 0.520049 135.79 70.24 169.66 97.93
aeroplane 0.520037 42.54 127.63 79.87 192.52
aeroplane 0.520028 114.35 24.07 136.97 47.99
person 0.520010 154.09 62.52 179.26 95.54
aeroplane 0.519997 26.98 0.00 48.04 44.68
motorbike 0.519963 157.89 80.99 188.23 115.72
aeroplane 0.519952 131.05 16.57 224.00 153.13
aeroplane 0.519942 151.05 102.26 182.52 128.55
sheep 0.519925 31.25 76.60 68.12 135.35
aeroplane 0.519771 170.99 33.99 186.97 56.23
aeroplane 0.519662 139.48 103.97 158.02 131.14
aeroplane 0.519661 97.44 0.00 130.18 24.74
aeroplane 0.519658 178.93 34.67 195.29 55.25
aeroplane 0.519656 172.43 22.98 187.78 44.54
sheep 0.519612 23.03 174.65 46.92 217.97
aeroplane 0.519468 110.94 66.23 137.87 93.16
sheep 0.519455 14.81 191.39 39.04 222.43
aeroplane 0.519393 42.52 162.74 76.52 217.88
person 0.519355 166.17 73.93 191.64 110.47
aeroplane 0.519329 94.15 25.46 115.04 53.29
cow 0.519241 8.19 0.00 94.12 96.50
aeroplane 0.519106 1.22 16.06 28.16 52.59
aeroplane 0.519007 40.29 0.00 88.40 27.02
dog 0.518994 15.77 144.98 35.71 199.73
aeroplane 0.518944 54.48 167.45 86.25 219.25
aeroplane 0.518905 26.19 27.98 64.19 83.61
dog 0.518879 0.00 44.95 10.03 97.10
aeroplane 0.518812 179.17 25.10 195.40 45.28
aeroplane 0.518720 129.09 76.09 148.24 97.99
aeroplane 0.518687 92.87 71.46 126.05 107.06
aeroplane 0.518684 54.54 20.87 97.19 75.03
aeroplane 0.518679 178.02 42.28 195.05 64.53
aeroplane 0.518657 107.13 182.97 132.49 219.68
aeroplane 0.518640 159.32 104.60 195.61 134.50
aeroplane 0.518617 140.14 116.91 164.87 164.57
aeroplane 0.518610 91.83 176.45 119.91 216.61
aeroplane 0.518564 56.70 111.50 99.12 168.65
cow 0.518498 79.13 69.68 119.43 107.85
sheep 0.518416 3.98 181.05 28.77 213.82
aeroplane 0.518401 178.49 16.70 195.59 34.14
aeroplane 0.518387 139.52 206.90 187.53 224.00
aeroplane 0.518347 130.23 128.94 155.31 187.42
car 0.518331 150.01 85.66 180.38 117.30
aeroplane 0.518319 172.55 14.07 188.72 33.20
aeroplane 0.518276 139.39 110.30 161.82 147.31
aeroplane 0.518238 125.69 103.55 148.37 146.57
car 0.518233 143.89 82.35 168.86 110.96
person 0.518229 131.65 63.96 166.98 91.64
person 0.518214 165.22 63.40 188.99 99.15
dog 0.518172 0.00 46.86 31.58 97.10
car 0.518107 167.43 84.79 194.29 121.17
aeroplane 0.518096 66.55 154.39 102.42 214.25
aeroplane 0.518061 205.47 87.96 221.76 135.86
aeroplane 0.518056 168.43 42.83 185.32 66.56
aeroplane 0.518053 188.56 26.73 203.84 45.56
aeroplane 0.517969 176.63 9.20 197.52 24.58
aeroplane 0.517894 188.54 34.28 204.00 54.16
aeroplane 0.517849 188.87 40.65 205.24 63.57
aeroplane 0.517817 186.96 18.99 203.67 35.43
aeroplane 0.517810 185.52 99.31 214.17 145.92
cow 0.517793 0.00 24.00 10.44 70.23
aeroplane 0.517786 42.85 0.00 82.30 55.45
aeroplane 0.517776 125.72 130.60 149.06 184.06
aeroplane 0.517743 47.09 0.00 183.45 82.32
aeroplane 0.517739 56.15 150.97 93.47 212.44
dog 0.517734 17.77 37.53 61.12 97.88
aeroplane 0.517636 218.85 7.54 224.00 30.42
aeroplane 0.517600 170.33 7.41 190.71 23.98
aeroplane 0.517589 154.47 14.09 180.23 35.29
aeroplane 0.517582 115.83 82.33 140.09 110.61
aeroplane 0.517307 103.63 91.80 211.15 194.03
cow 0.517242 41.57 47.96 82.11 98.39
aeroplane 0.517229 65.36 183.50 101.19 218.68
motorbike 0.517220 142.18 77.07 174.46 106.74
aeroplane 0.517210 114.80 74.36 139.37 101.67
aeroplane 0.517188 89.78 6.16 112.27 32.93
person 0.517150 175.90 64.88 198.83 101.91
aeroplane 0.517077 83.86 23.94 110.04 61.38
aeroplane 0.517075 45.58 191.68 82.33 224.00
aeroplane 0.517047 152.91 21.08 178.85 44.85
aeroplane 0.516993 166.46 0.00 195.84 18.17
bird 0.516970 109.23 196.81 140.59 224.00
aeroplane 0.516953 199.79 34.44 211.63 55.02
aeroplane 0.516944 198.87 28.09 210.80 46.17
aeroplane 0.516933 139.57 0.00 177.96 23.42
aeroplane 0.516908 134.29 10.93 172.26 33.18
aeroplane 0.516845 187.69 65.14 209.05 102.54
person 0.516734 154.58 55.13 177.44 86.67
aeroplane 0.516704 188.71 47.60 206.96 75.12
person 0.516546 174.07 76.26 198.68 113.71
dog 0.516538 0.00 33.73 9.51 83.01
aeroplane 0.516485 177.91 151.36 218.47 205.64
aeroplane 0.516438 34.82 174.39 62.92 218.93
aeroplane 0.516434 197.27 20.06 210.01 36.08
aeroplane 0.516357 138.41 0.00 221.92 76.85
aeroplane 0.516323 176.47 49.15 195.21 75.24
aeroplane 0.516239 153.59 31.03 177.22 57.00
aeroplane 0.516191 200.71 39.99 212.92 64.18
aeroplane 0.516154 107.85 107.17 138.77 162.01
aeroplane 0.516047 188.35 55.91 208.82 88.45
aeroplane 0.516008 183.91 10.85 204.20 24.90
aeroplane 0.515981 112.37 95.89 137.74 134.76
dog 0.515934 13.03 204.29 43.23 224.00
aeroplane 0.515911 2.32 24.85 27.33 65.90
aeroplane 0.515834 123.25 144.36 147.56 194.73
aeroplane 0.515833 155.56 40.38 176.46 68.41
sheep 0.515808 12.38 178.06 36.02 215.73
aeroplane 0.515744 198.34 64.19 215.18 101.41
car 0.515725 175.02 95.30 203.91 131.96
person 0.515659 130.44 56.40 166.37 85.55
person 0.515618 164.96 55.66 186.35 86.76
aeroplane 0.515607 200.85 46.61 214.35 75.03
aeroplane 0.515602 199.63 54.92 215.30 87.10
boat 0.515559 187.65 92.65 213.30 133.29
aeroplane 0.515553 165.89 49.34 184.58 76.18
aeroplane 0.515545 154.76 8.08 182.39 25.97
aeroplane 0.515521 156.17 48.72 176.50 78.24
aeroplane 0.515505 122.42 175.75 149.84 214.70
aeroplane 0.515388 176.07 56.52 197.27 88.22
aeroplane 0.515378 35.75 189.61 64.46 224.00
aeroplane 0.515356 117.42 172.24 141.47 213.58
aeroplane 0.515278 68.62 11.83 98.97 55.59
sheep 0.515228 13.45 160.79 34.99 210.28
cow 0.515161 55.79 56.03 105.10 95.11
dog 0.515158 21.13 204.70 52.90 224.00
cow 0.515088 57.92 76.80 110.29 124.37
boat 0.515042 162.46 143.65 213.39 223.96
aeroplane 0.514933 20.47 0.00 57.68 28.42
aeroplane 0.514513 194.31 10.76 210.55 24.23
aeroplane 0.514493 212.00 34.66 222.47 59.84
aeroplane 0.514467 152.51 107.33 189.98 138.68
aeroplane 0.514442 184.70 76.27 207.71 114.46
aeroplane 0.514377 212.00 28.59 220.58 49.65
aeroplane 0.514247 15.81 17.44 39.83 53.12
aeroplane 0.514234 117.92 159.37 142.50 202.05
aeroplane 0.514203 50.80 204.66 94.25 224.00
dog 0.514175 9.79 42.07 48.20 95.22
aeroplane 0.514139 0.47 34.32 29.14 80.76
aeroplane 0.514089 102.51 195.48 133.27 224.00
aeroplane 0.514015 208.94 80.77 221.48 125.49
cow 0.513998 0.00 0.00 30.86 24.19
aeroplane 0.513972 0.00 0.00 27.51 33.99
aeroplane 0.513936 53.83 93.24 183.29 195.95
aeroplane 0.513899 104.38 167.65 132.34 208.22
aeroplane 0.513861 195.89 74.49 214.71 113.96
aeroplane 0.513782 68.32 198.12 105.40 224.00
aeroplane 0.513506 26.61 205.40 58.62 224.00
aeroplane 0.513448 113.38 116.57 140.61 170.21
aeroplane 0.513402 212.00 40.04 224.00 69.16
aeroplane 0.513373 141.53 129.80 172.87 187.52
aeroplane 0.513342 136.97 171.33 178.68 209.95
aeroplane 0.513164 99.08 157.66 130.85 202.65
aeroplane 0.513148 212.00 62.55 224.00 103.48
aeroplane 0.513124 33.06 0.47 69.97 49.86
aeroplane 0.513078 118.35 195.29 155.78 224.00
aeroplane 0.513043 212.00 71.63 223.33 114.91
aeroplane 0.512957 25.13 0.00 76.14 27.73
aeroplane 0.512905 91.75 194.29 123.42 224.00
aeroplane 0.512893 186.13 168.26 218.86 213.03
aeroplane 0.512821 210.91 20.07 219.08 38.52
aeroplane 0.512777 138.92 152.08 176.14 200.60
boat 0.512766 191.23 85.00 213.22 124.22
aeroplane 0.512759 70.44 0.15 101.04 39.31
aeroplane 0.512657 117.49 129.31 142.94 180.18
aeroplane 0.512550 155.50 113.30 196.47 152.58
aeroplane 0.512479 80.69 158.28 114.86 211.49
person 0.512355 179.00 88.11 204.99 124.27
aeroplane 0.512350 78.89 195.00 112.32 224.00
aeroplane 0.512234 156.00 130.13 204.58 186.91
aeroplane 0.512195 212.00 54.13 224.00 90.33
aeroplane 0.512147 124.75 153.53 151.94 203.11
aeroplane 0.512110 212.00 46.30 224.00 79.47
cow 0.512086 57.46 65.12 106.81 104.76
aeroplane 0.512047 169.95 187.52 211.94 224.00
aeroplane 0.511877 156.00 118.30 200.14 166.21
aeroplane 0.511472 207.84 9.61 218.89 25.91
aeroplane 0.511336 15.42 23.70 42.44 65.12
aeroplane 0.511266 192.24 190.74 222.59 224.00
aeroplane 0.510999 131.09 194.55 172.58 224.00
aeroplane 0.510732 82.23 107.10 119.46 168.83
aeroplane 0.510637 90.94 140.42 126.66 192.38
aeroplane 0.510522 14.64 0.00 37.44 33.34
aeroplane 0.510371 14.40 30.98 46.03 78.24
aeroplane 0.509785 73.97 142.01 174.10 224.00
aeroplane 0.509389 145.26 192.21 191.19 224.00
aeroplane 0.509135 85.86 120.84 121.77 178.51
aeroplane 0.508209 139.81 144.07 202.69 218.56
