cow 0.565142 28.21 90.09 195.95 187.87
aeroplane 0.561808 47.39 116.30 126.24 137.81
cow 0.555925 48.34 41.82 223.61 207.41
aeroplane 0.553784 24.73 103.38 144.45 152.71
cow 0.549987 53.52 119.80 126.87 139.97
aeroplane 0.546278 56.56 144.08 114.22 158.57
cow 0.544249 26.21 105.80 160.47 159.98
cow 0.542219 131.20 19.29 188.54 47.42
aeroplane 0.541051 53.57 135.50 117.85 151.86
aeroplane 0.539601 49.78 120.88 113.35 139.98
sheep 0.539278 11.65 58.82 206.12 203.53
cow 0.538999 116.21 24.05 146.02 47.18
cow 0.538721 120.62 20.05 154.92 45.39
aeroplane 0.538602 51.73 126.07 120.90 144.34
aeroplane 0.537688 6.19 95.59 112.33 156.09
aeroplane 0.536152 59.64 149.20 109.31 164.34
cow 0.535777 194.51 50.24 224.00 182.21
cow 0.535661 93.11 56.07 211.02 191.53
cow 0.535491 169.98 82.83 224.00 212.81
cow 0.534750 0.00 87.53 8.73 133.02
aeroplane 0.534377 25.28 97.49 64.91 130.68
aeroplane 0.534348 50.97 104.39 122.55 138.78
cow 0.534312 61.49 143.42 120.36 158.73
cow 0.533969 200.97 28.81 224.00 136.94
cow 0.533638 55.08 125.28 125.51 145.80
aeroplane 0.533253 2.22 72.37 203.08 210.88
aeroplane 0.532839 200.76 0.00 224.00 88.77
cow 0.532417 58.19 134.33 123.52 152.98
aeroplane 0.532251 185.24 0.00 224.00 46.31
cow 0.531495 0.00 61.87 9.22 104.21
dog 0.530896 207.48 207.31 224.00 224.00
cow 0.530889 104.32 1.33 224.00 199.55
aeroplane 0.530837 24.83 104.77 71.98 136.77
aeroplane 0.530656 56.86 211.09 90.71 224.00
aeroplane 0.530623 27.62 211.77 59.91 224.00
aeroplane 0.530609 0.00 207.90 31.53 224.00
cow 0.530347 0.00 75.07 8.35 120.60
diningtable 0.530324 65.53 211.23 97.54 224.00
cow 0.530323 0.00 97.52 10.20 142.73
person 0.529990 0.00 202.94 22.08 224.00
aeroplane 0.529927 40.76 211.93 76.53 224.00
aeroplane 0.529826 67.27 178.33 94.21 193.40
aeroplane 0.529708 27.26 121.20 83.75 146.07
sheep 0.529355 135.27 136.30 172.32 179.32
aeroplane 0.529023 34.30 127.72 98.09 146.94
aeroplane 0.529009 63.75 168.57 97.84 185.84
cow 0.528832 187.13 181.03 224.00 224.00
chair 0.528705 85.15 51.05 224.00 224.00
aeroplane 0.528684 41.14 132.44 105.57 149.90
aeroplane 0.528526 51.79 141.01 107.71 156.00
cow 0.528174 139.13 126.64 176.18 168.37
sheep 0.527928 74.13 212.03 106.24 224.00
aeroplane 0.527850 12.03 211.63 45.37 224.00
aeroplane 0.527592 0.00 77.71 86.75 155.58
sheep 0.527537 186.21 212.25 218.13 224.00
sheep 0.527507 195.11 211.38 224.00 224.00
aeroplane 0.527348 30.32 90.91 65.95 124.53
aeroplane 0.526979 19.90 98.15 153.61 177.17
aeroplane 0.526947 61.45 156.43 103.10 174.40
cow 0.526939 67.40 67.22 137.13 103.03
cow 0.526806 179.99 118.35 224.00 224.00
aeroplane 0.526751 55.24 94.86 120.44 128.59
aeroplane 0.526625 30.17 129.89 84.72 153.87
car 0.526596 0.00 0.00 21.12 21.18
aeroplane 0.526483 0.00 91.17 14.27 130.00
aeroplane 0.526477 137.96 17.96 196.47 44.31
dog 0.526471 177.67 212.71 211.37 224.00
aeroplane 0.526348 0.00 166.55 45.77 224.00
sheep 0.526275 139.70 0.00 173.32 18.91
aeroplane 0.526200 220.00 20.76 224.00 55.97
aeroplane 0.526182 0.00 66.22 16.04 100.69
cow 0.526139 137.43 69.76 171.72 99.10
aeroplane 0.526129 209.16 0.00 224.00 20.08
aeroplane 0.525726 0.00 0.00 128.82 128.44
sheep 0.525714 82.09 212.54 116.42 224.00
car 0.525663 0.00 0.00 48.02 41.91
aeroplane 0.525348 112.56 77.15 213.35 199.98
dog 0.525303 162.81 211.38 197.44 224.00
chair 0.525263 44.51 60.61 200.13 191.04
cow 0.525206 140.27 103.14 174.73 135.04
cow 0.525168 76.82 55.46 142.68 97.98
cow 0.525159 139.71 95.41 172.52 123.72
aeroplane 0.525064 40.51 101.40 96.32 130.83
cow 0.525022 0.00 47.55 9.56 87.73
aeroplane 0.524941 220.00 32.37 224.00 68.92
cow 0.524933 0.00 112.72 11.40 155.19
aeroplane 0.524877 104.61 0.00 170.38 38.58
dog 0.524849 155.02 211.63 188.11 224.00
aeroplane 0.524824 146.27 0.00 181.94 19.37
sheep 0.524581 132.88 0.00 164.03 18.35
aeroplane 0.524536 219.65 127.50 224.00 170.35
aeroplane 0.524489 38.60 110.32 102.69 137.20
cow 0.524471 122.61 68.85 219.88 204.83
cow 0.524237 140.19 111.19 177.21 147.46
dog 0.524226 147.11 211.91 178.41 224.00
sheep 0.524195 166.97 184.19 224.00 224.00
sheep 0.524169 129.93 142.60 169.23 189.45
aeroplane 0.524004 68.21 68.86 116.14 93.47
cow 0.523944 134.64 60.97 174.16 90.71
sheep 0.523943 89.53 212.76 126.37 224.00
aeroplane 0.523938 32.63 171.55 131.34 224.00
cow 0.523789 62.79 149.67 115.70 164.59
cow 0.523519 64.03 75.94 123.88 108.78
cow 0.523420 0.00 75.81 196.68 224.00
motorbike 0.523351 0.00 100.04 15.15 138.88
cow 0.523305 138.34 77.51 170.57 106.90
cow 0.523295 138.82 86.14 171.20 115.62
dog 0.523287 138.43 211.97 171.11 224.00
car 0.523241 0.00 120.12 11.51 163.13
cow 0.523120 80.41 141.28 125.34 162.05
dog 0.523048 96.85 212.94 135.27 224.00
aeroplane 0.523043 0.00 32.52 163.41 195.25
aeroplane 0.523018 0.00 79.42 14.24 118.04
aeroplane 0.523012 220.00 44.20 224.00 84.09
dog 0.522998 120.32 211.87 158.70 224.00
aeroplane 0.522915 0.00 46.93 62.79 142.76
aeroplane 0.522899 59.34 84.91 121.62 117.86
aeroplane 0.522846 220.00 112.69 224.00 156.32
aeroplane 0.522776 0.00 180.82 21.62 212.63
aeroplane 0.522730 3.28 0.00 87.25 30.32
aeroplane 0.522539 143.80 0.00 212.49 33.71
car 0.522480 0.00 147.41 11.03 192.57
aeroplane 0.522412 1.19 190.98 24.25 224.00
cow 0.522411 55.29 83.05 125.51 116.24
aeroplane 0.522397 46.09 0.00 125.21 32.14
aeroplane 0.522381 65.48 0.00 138.70 35.86
sheep 0.522370 125.17 0.00 153.93 17.41
aeroplane 0.522366 65.55 68.19 99.15 90.35
dog 0.522254 167.13 157.13 203.48 197.06
cow 0.522220 120.00 48.67 211.22 162.68
aeroplane 0.522091 27.46 84.49 59.65 119.46
aeroplane 0.522032 220.00 94.95 224.00 139.15
aeroplane 0.522012 70.12 184.66 92.31 199.67
aeroplane 0.521933 0.00 16.51 17.57 43.38
aeroplane 0.521871 5.37 95.36 25.42 126.65
aeroplane 0.521840 40.73 92.62 88.37 122.06
aeroplane 0.521831 0.00 0.00 28.25 17.62
aeroplane 0.521784 0.00 151.17 18.65 189.48
dog 0.521783 132.99 132.73 176.73 178.93
aeroplane 0.521731 0.00 37.01 8.95 77.01
aeroplane 0.521673 6.74 184.69 27.26 210.13
aeroplane 0.521667 65.27 76.14 118.51 104.72
aeroplane 0.521625 24.90 69.07 48.28 91.65
aeroplane 0.521621 0.00 12.12 10.68 46.20
sheep 0.521585 117.20 0.00 145.56 17.10
sheep 0.521563 108.72 180.37 197.37 224.00
aeroplane 0.521560 161.17 0.00 224.00 37.30
aeroplane 0.521424 0.00 53.06 16.23 85.26
aeroplane 0.521388 170.87 18.33 203.85 41.16
car 0.521353 0.00 186.68 14.13 224.00
aeroplane 0.521339 0.00 102.40 79.21 176.12
aeroplane 0.521281 31.69 68.50 53.58 91.99
aeroplane 0.521212 162.56 146.62 204.15 191.69
sheep 0.521212 135.88 18.70 196.72 49.32
aeroplane 0.521181 0.00 24.08 48.97 129.87
cow 0.521175 76.21 173.32 173.09 224.00
aeroplane 0.521092 219.50 5.65 224.00 38.02
cow 0.521087 129.94 66.42 165.63 97.39
aeroplane 0.521073 12.62 172.60 103.24 224.00
aeroplane 0.521017 0.00 171.18 20.23 205.15
aeroplane 0.520994 176.76 0.00 210.34 20.87
sheep 0.520952 183.49 153.09 224.00 224.00
bird 0.520912 4.97 49.43 194.94 210.28
aeroplane 0.520891 0.47 115.04 17.79 150.46
aeroplane 0.520850 15.52 92.62 58.77 121.19
aeroplane 0.520808 7.51 194.44 30.30 223.94
aeroplane 0.520765 158.79 0.00 195.81 20.01
aeroplane 0.520734 220.00 142.39 224.00 183.21
aeroplane 0.520691 30.66 76.44 55.94 106.55
sheep 0.520682 98.02 166.68 128.32 185.32
aeroplane 0.520576 36.22 135.41 93.94 157.49
car 0.520549 0.00 177.40 13.11 215.48
aeroplane 0.520503 6.74 106.13 28.01 136.68
aeroplane 0.520494 220.00 159.52 224.00 196.21
aeroplane 0.520472 188.58 18.65 210.14 40.54
aeroplane 0.520422 34.30 171.35 57.65 189.85
cow 0.520395 117.23 17.54 145.96 41.81
aeroplane 0.520371 186.75 0.00 217.26 19.93
dog 0.520359 220.00 78.83 224.00 121.38
sheep 0.520356 138.96 126.87 177.94 164.34
aeroplane 0.520308 8.04 112.67 30.26 141.82
cow 0.520296 138.18 117.79 180.56 159.09
cow 0.520237 117.99 18.89 170.89 47.59
aeroplane 0.520228 28.75 0.00 62.24 15.99
car 0.520190 0.00 167.23 12.19 208.00
aeroplane 0.520163 32.44 158.84 63.48 181.14
sheep 0.520157 130.65 158.45 167.23 200.28
aeroplane 0.520139 71.32 190.41 91.99 209.81
aeroplane 0.520112 9.58 120.16 32.85 148.12
aeroplane 0.520098 59.93 178.59 87.57 191.69
aeroplane 0.520097 0.00 26.18 8.92 64.99
aeroplane 0.520006 5.69 0.00 36.04 15.92
cow 0.519957 132.93 51.20 176.24 80.77
aeroplane 0.519929 5.85 156.90 27.45 186.03
aeroplane 0.519907 38.51 69.58 60.17 91.21
cow 0.519871 85.06 149.03 126.19 168.76
aeroplane 0.519859 0.00 2.25 12.57 37.14
aeroplane 0.519859 169.34 88.86 204.10 134.98
aeroplane 0.519844 3.13 68.09 24.66 95.92
aeroplane 0.519841 0.00 140.42 18.44 179.75
cow 0.519839 129.88 38.79 175.77 70.33
aeroplane 0.519808 13.31 69.64 37.80 92.89
aeroplane 0.519799 6.15 166.44 27.03 194.11
aeroplane 0.519793 0.00 0.00 41.88 101.61
sheep 0.519669 110.17 0.00 138.13 17.20
aeroplane 0.519647 7.43 20.38 24.44 39.49
cow 0.519622 60.11 0.00 202.56 153.69
aeroplane 0.519620 0.00 6.07 18.98 34.32
aeroplane 0.519618 42.14 171.24 69.73 187.59
sheep 0.519607 220.00 167.19 224.00 203.90
aeroplane 0.519595 156.94 13.52 199.52 39.52
aeroplane 0.519548 23.61 62.25 45.78 82.86
aeroplane 0.519514 59.09 69.03 85.80 90.01
car 0.519497 0.49 122.42 18.56 158.55
sheep 0.519467 91.24 156.87 127.82 177.69
boat 0.519459 0.00 196.96 18.14 224.00
cow 0.519431 125.80 23.48 175.60 57.77
cow 0.519417 96.35 43.85 144.76 78.24
aeroplane 0.519388 31.76 61.94 52.49 83.09
aeroplane 0.519383 198.63 0.00 224.00 18.86
aeroplane 0.519369 26.63 115.74 145.68 196.61
aeroplane 0.519334 42.23 198.16 60.95 217.20
cow 0.519297 125.12 57.30 167.01 89.67
sheep 0.519287 101.36 163.43 139.64 187.27
aeroplane 0.519282 65.29 189.65 86.93 209.69
aeroplane 0.519272 160.93 126.54 203.56 172.66
aeroplane 0.519161 13.78 0.00 45.03 15.27
aeroplane 0.519156 69.32 202.08 92.70 224.00
aeroplane 0.519137 0.00 22.97 16.68 51.50
aeroplane 0.519102 6.49 175.73 26.74 202.20
aeroplane 0.519098 0.00 42.34 15.47 75.09
dog 0.519097 148.62 143.96 197.50 190.34
aeroplane 0.519077 215.60 0.00 224.00 28.12
cow 0.518993 46.13 70.21 177.53 161.76
aeroplane 0.518972 20.66 123.27 68.32 146.78
aeroplane 0.518969 60.68 202.26 86.33 224.00
aeroplane 0.518919 9.96 126.45 33.97 155.34
aeroplane 0.518809 48.72 195.39 69.89 214.58
aeroplane 0.518753 134.87 21.66 194.73 68.21
aeroplane 0.518681 27.01 169.88 49.51 189.87
aeroplane 0.518670 19.78 116.98 69.46 141.51
aeroplane 0.518648 52.34 179.71 78.26 193.40
aeroplane 0.518637 39.46 63.20 60.72 82.85
aeroplane 0.518630 43.95 180.77 64.57 195.16
dog 0.518629 220.00 60.48 224.00 103.12
aeroplane 0.518590 137.82 33.90 194.14 77.74
aeroplane 0.518576 48.94 70.26 74.01 89.96
aeroplane 0.518554 4.15 82.73 24.67 114.78
aeroplane 0.518539 186.53 12.27 208.94 35.38
aeroplane 0.518527 16.29 187.79 36.76 207.91
aeroplane 0.518526 31.55 143.36 72.70 170.15
aeroplane 0.518500 44.27 189.05 62.49 203.71
cow 0.518474 150.04 111.12 224.00 214.62
aeroplane 0.518466 3.83 75.69 24.54 105.46
aeroplane 0.518423 64.72 62.17 94.43 84.92
aeroplane 0.518422 16.60 197.58 39.39 221.92
aeroplane 0.518420 14.45 78.03 42.60 104.22
aeroplane 0.518359 0.00 128.04 53.78 216.07
aeroplane 0.518343 67.72 63.09 111.35 88.49
aeroplane 0.518342 6.64 9.24 24.71 30.59
cow 0.518326 107.53 31.61 146.87 60.81
aeroplane 0.518287 17.20 169.30 40.77 190.97
cow 0.518248 55.36 91.43 123.72 123.82
aeroplane 0.518219 51.20 170.30 85.28 185.38
cow 0.518211 69.60 63.34 121.17 93.59
aeroplane 0.518205 35.43 199.01 54.46 219.51
aeroplane 0.518199 190.11 26.26 210.68 53.98
sheep 0.518180 117.50 152.44 164.04 191.05
sheep 0.518175 135.61 0.00 179.67 43.85
aeroplane 0.518171 25.83 158.23 55.19 181.04
aeroplane 0.518115 36.72 189.15 54.53 205.07
sheep 0.518104 97.12 154.82 138.20 180.10
sheep 0.518092 102.65 174.42 126.61 191.35
aeroplane 0.518090 36.30 180.31 55.30 196.78
cow 0.518072 113.35 26.54 140.57 44.01
aeroplane 0.518043 26.03 133.22 70.90 160.92
aeroplane 0.518042 194.68 34.92 210.34 62.03
aeroplane 0.517953 52.16 187.26 73.91 201.82
cow 0.517949 152.76 81.67 196.11 123.35
aeroplane 0.517949 6.49 144.39 29.61 175.65
aeroplane 0.517932 27.56 188.23 46.62 205.97
aeroplane 0.517929 126.52 15.40 191.63 51.67
aeroplane 0.517914 51.16 204.49 79.37 224.00
aeroplane 0.517899 160.67 2.79 216.60 78.39
aeroplane 0.517896 44.93 0.00 77.43 15.68
aeroplane 0.517893 2.41 61.49 24.06 87.93
aeroplane 0.517884 27.26 198.59 48.17 220.69
aeroplane 0.517858 15.10 86.30 51.01 114.85
sheep 0.517848 220.00 187.97 224.00 224.00
aeroplane 0.517814 49.84 63.86 72.92 82.88
sheep 0.517788 106.54 157.30 152.23 188.95
aeroplane 0.517762 0.00 30.93 15.57 62.57
aeroplane 0.517727 149.01 64.15 192.85 102.04
aeroplane 0.517688 45.52 29.83 56.02 42.54
aeroplane 0.517683 0.00 0.00 16.36 26.84
aeroplane 0.517674 45.58 22.02 56.42 34.42
aeroplane 0.517673 37.85 21.53 50.16 35.29
cow 0.517659 78.21 55.31 200.59 150.74
aeroplane 0.517551 38.19 29.00 49.62 43.35
aeroplane 0.517545 11.99 62.69 35.39 84.54
aeroplane 0.517545 18.50 21.77 33.32 36.77
cow 0.517532 66.22 110.48 125.18 138.53
aeroplane 0.517523 59.08 62.65 83.13 83.99
aeroplane 0.517516 17.59 158.19 47.03 181.60
aeroplane 0.517482 165.13 72.61 200.57 114.39
aeroplane 0.517465 33.52 53.76 51.09 73.55
aeroplane 0.517399 57.19 191.95 80.19 210.90
aeroplane 0.517387 40.40 157.94 77.84 177.74
sheep 0.517350 212.82 202.29 224.00 224.00
sheep 0.517339 95.33 95.94 199.76 205.59
aeroplane 0.517320 0.00 0.00 44.43 62.94
aeroplane 0.517293 45.14 37.34 56.39 51.18
dog 0.517268 172.02 176.94 199.71 207.27
cow 0.517229 150.97 25.80 213.21 104.27
sheep 0.517196 77.08 203.62 100.08 224.00
aeroplane 0.517180 166.75 116.31 204.51 162.79
aeroplane 0.517147 27.82 178.95 47.15 197.58
aeroplane 0.517145 38.02 36.35 49.58 51.57
aeroplane 0.517134 29.71 22.14 43.49 35.11
cow 0.517096 54.55 102.28 122.44 137.12
cow 0.517057 134.35 10.71 203.59 79.09
sheep 0.516992 88.72 166.04 119.54 183.47
aeroplane 0.516989 144.77 134.15 197.26 186.88
cow 0.516984 81.05 119.86 128.11 144.82
aeroplane 0.516983 16.77 178.69 37.47 199.59
aeroplane 0.516960 164.00 65.01 197.82 101.30
aeroplane 0.516944 36.45 44.64 50.00 61.86
sheep 0.516902 93.46 147.96 134.75 172.32
cow 0.516893 108.09 62.26 154.12 97.90
cow 0.516858 117.52 36.23 167.06 68.43
aeroplane 0.516853 60.31 184.91 84.00 199.05
aeroplane 0.516852 144.00 126.41 196.85 170.83
aeroplane 0.516838 144.11 54.82 192.64 91.18
sheep 0.516833 103.27 192.05 125.68 211.31
aeroplane 0.516762 46.59 145.04 99.23 164.37
aeroplane 0.516760 41.26 55.03 59.90 74.05
aeroplane 0.516751 171.55 0.00 204.91 29.91
aeroplane 0.516742 43.69 45.73 57.94 62.31
cow 0.516740 121.29 47.48 168.08 79.69
aeroplane 0.516730 41.70 84.47 80.97 112.79
aeroplane 0.516683 8.72 133.25 32.55 164.04
cow 0.516647 101.67 53.18 153.30 91.95
cow 0.516608 151.59 72.71 194.55 113.18
aeroplane 0.516603 17.02 10.40 33.81 28.36
aeroplane 0.516600 35.87 10.11 52.29 26.78
aeroplane 0.516587 24.42 54.22 43.93 73.55
aeroplane 0.516582 6.48 27.06 24.00 47.73
aeroplane 0.516580 53.43 0.00 85.45 15.51
sheep 0.516574 105.48 170.64 138.08 192.85
sheep 0.516405 80.12 156.35 119.92 174.77
cow 0.516403 131.84 67.12 185.90 101.03
aeroplane 0.516361 38.31 143.48 86.99 166.50
cow 0.516358 89.61 140.58 132.11 165.81
aeroplane 0.516339 156.77 36.07 198.68 74.58
aeroplane 0.516325 77.45 192.02 97.87 208.89
aeroplane 0.516319 195.98 43.90 208.86 69.17
sheep 0.516310 96.66 191.37 117.11 209.95
aeroplane 0.516310 28.00 10.85 44.96 26.78
aeroplane 0.516305 30.14 29.11 43.27 43.03
cow 0.516294 128.95 58.22 187.70 91.80
sheep 0.516292 101.83 0.00 130.40 16.21
aeroplane 0.516221 61.35 0.00 93.56 15.42
aeroplane 0.516216 75.06 185.73 97.17 198.68
cow 0.516197 110.79 16.54 191.28 91.02
chair 0.516159 70.71 87.45 197.00 203.95
aeroplane 0.516158 205.96 22.69 219.71 50.12
aeroplane 0.516142 53.48 30.08 64.26 42.50
aeroplane 0.516135 0.00 0.00 73.80 111.32
aeroplane 0.516120 161.35 56.26 197.34 89.55
dog 0.516090 126.43 141.17 172.90 189.77
aeroplane 0.516071 43.77 10.82 58.39 25.69
aeroplane 0.516070 171.22 105.36 206.96 153.30
aeroplane 0.516057 45.88 77.14 76.36 101.32
sheep 0.515966 104.62 146.65 149.67 177.16
aeroplane 0.515940 52.95 37.50 65.83 52.42
aeroplane 0.515892 50.73 55.81 71.68 75.56
aeroplane 0.515879 49.73 157.33 92.89 175.03
aeroplane 0.515865 170.88 21.43 204.77 54.58
sheep 0.515825 133.89 170.04 165.28 204.58
sheep 0.515815 131.23 185.62 160.42 215.49
aeroplane 0.515803 22.67 209.65 52.09 224.00
aeroplane 0.515743 57.30 75.72 91.68 99.94
cow 0.515739 131.02 123.42 185.68 165.25
aeroplane 0.515726 148.55 16.65 199.95 55.66
aeroplane 0.515696 176.15 30.63 204.31 63.93
aeroplane 0.515684 18.23 28.60 33.36 44.61
aeroplane 0.515683 51.86 46.34 68.70 64.59
sheep 0.515672 85.29 204.55 109.59 224.00
aeroplane 0.515660 0.00 124.53 87.48 204.73
cow 0.515631 116.95 0.00 144.50 33.70
sheep 0.515603 95.58 174.37 117.89 190.19
cow 0.515581 115.33 72.08 155.62 103.89
aeroplane 0.515570 53.96 22.46 64.14 33.53
sheep 0.515569 109.74 164.31 149.52 194.73
sheep 0.515560 86.39 192.04 107.15 208.95
bird 0.515550 0.00 0.00 176.40 172.73
aeroplane 0.515549 179.39 42.24 203.11 71.81
sheep 0.515540 109.15 190.75 136.06 212.46
sheep 0.515522 103.67 182.41 125.07 199.60
sheep 0.515494 65.38 156.81 110.92 173.51
aeroplane 0.515472 159.52 46.22 197.73 81.24
aeroplane 0.515466 17.31 72.00 138.88 151.98
aeroplane 0.515435 61.99 29.41 73.21 43.92
cow 0.515420 124.97 104.74 161.58 128.91
aeroplane 0.515403 61.37 36.53 75.52 54.44
cow 0.515337 101.67 36.52 151.57 68.66
aeroplane 0.515313 59.33 54.68 81.48 77.37
aeroplane 0.515313 18.78 144.04 55.49 170.89
aeroplane 0.515312 2.09 54.72 23.17 80.32
cow 0.515263 152.99 98.10 196.29 142.96
sheep 0.515261 72.30 167.15 109.10 182.81
aeroplane 0.515259 207.16 28.31 219.56 56.58
aeroplane 0.515259 127.34 48.49 188.64 82.72
aeroplane 0.515247 29.32 36.41 42.97 51.93
aeroplane 0.515228 159.93 0.00 200.84 33.12
aeroplane 0.515227 60.31 45.20 78.57 67.16
aeroplane 0.515206 27.01 44.95 43.02 62.38
cow 0.515198 129.81 0.00 169.04 42.52
cow 0.515107 123.67 95.76 159.63 120.54
aeroplane 0.515095 0.00 47.67 109.71 144.96
dog 0.515083 174.43 196.24 202.65 224.00
aeroplane 0.515046 53.25 84.40 99.30 111.72
sheep 0.514954 94.11 0.00 124.24 15.48
sheep 0.514949 128.24 133.13 169.56 167.86
aeroplane 0.514939 62.65 21.80 72.46 33.79
sheep 0.514924 112.73 0.00 137.70 29.99
cow 0.514924 146.68 116.58 196.82 161.28
aeroplane 0.514924 76.99 0.00 110.64 16.00
aeroplane 0.514812 70.24 28.92 81.53 44.42
aeroplane 0.514805 184.32 0.00 211.51 27.55
sheep 0.514757 79.43 176.36 107.74 189.72
cow 0.514747 123.64 34.49 204.19 106.77
sheep 0.514718 93.25 205.02 119.51 224.00
cow 0.514710 125.67 112.45 163.57 137.47
dog 0.514695 133.05 150.49 184.37 193.94
aeroplane 0.514674 71.10 22.06 80.94 33.97
cow 0.514649 89.34 71.36 141.92 105.41
aeroplane 0.514601 12.05 55.23 33.67 76.15
aeroplane 0.514595 134.79 0.00 206.51 51.60
aeroplane 0.514588 31.09 140.65 144.88 224.00
cow 0.514583 125.77 119.47 165.35 147.64
aeroplane 0.514582 209.16 34.89 219.90 63.05
sheep 0.514582 123.44 185.15 153.94 214.23
aeroplane 0.514578 2.68 45.10 23.07 70.45
cow 0.514537 121.04 83.73 157.53 111.90
cow 0.514534 104.14 0.00 170.23 65.19
aeroplane 0.514530 68.75 35.39 83.58 55.42
sheep 0.514440 126.66 126.10 167.31 158.65
aeroplane 0.514395 4.43 34.73 23.32 58.39
cow 0.514388 131.92 92.71 182.75 126.71
dog 0.514385 100.07 205.89 128.52 224.00
cow 0.514324 122.46 0.00 153.14 38.54
cow 0.514273 84.38 131.10 129.18 157.51
aeroplane 0.514262 64.86 54.48 90.57 79.55
dog 0.514240 121.89 203.65 154.65 224.00
cow 0.514217 94.13 114.83 137.38 139.47
sheep 0.514202 115.74 187.22 145.85 213.36
dog 0.514188 106.49 205.91 138.21 224.00
dog 0.514114 159.34 162.39 193.70 199.20
cow 0.514103 131.50 84.22 184.15 118.85
sheep 0.514033 107.88 179.09 136.07 200.25
aeroplane 0.514010 52.74 11.58 65.97 24.51
dog 0.513983 113.80 204.78 147.10 224.00
aeroplane 0.513919 178.05 51.53 201.79 79.63
cow 0.513918 132.18 75.37 184.89 109.67
aeroplane 0.513916 116.90 0.00 193.31 57.02
aeroplane 0.513801 16.64 36.42 33.29 54.36
aeroplane 0.513789 66.83 44.44 86.74 69.36
aeroplane 0.513736 193.97 51.64 208.21 77.15
cow 0.513734 131.55 99.66 181.81 138.27
aeroplane 0.513686 174.50 60.52 200.71 88.36
cow 0.513667 79.35 86.59 132.75 117.44
sheep 0.513654 97.90 182.32 117.20 198.30
cow 0.513604 96.06 42.08 194.11 122.04
aeroplane 0.513526 80.29 23.49 92.67 33.70
cow 0.513520 130.06 107.56 182.61 150.19
aeroplane 0.513510 14.08 45.94 33.31 65.57
aeroplane 0.513501 79.37 28.91 92.71 43.92
aeroplane 0.513418 204.75 9.21 219.88 34.88
cow 0.513404 11.46 1.72 183.85 173.37
aeroplane 0.513314 69.39 11.86 82.11 23.99
aeroplane 0.513310 0.00 0.00 73.25 61.59
aeroplane 0.513272 176.62 91.94 209.79 131.40
sheep 0.513232 83.90 183.84 106.89 197.45
aeroplane 0.513191 61.59 11.02 74.13 24.10
sheep 0.513125 105.90 26.01 125.56 36.95
aeroplane 0.512887 0.00 150.23 76.91 224.00
sheep 0.512844 106.50 27.66 129.66 42.75
aeroplane 0.512840 24.15 0.00 51.04 17.78
sheep 0.512813 136.23 148.79 210.84 224.00
sheep 0.512794 111.33 20.00 132.88 35.34
sheep 0.512785 99.02 132.35 142.77 162.44
aeroplane 0.512706 77.26 14.63 93.06 24.48
sheep 0.512679 97.56 23.96 112.63 36.61
sheep 0.512591 113.33 173.50 146.69 201.23
aeroplane 0.512566 95.30 17.11 112.16 28.84
sheep 0.512555 76.48 34.96 94.04 56.42
cow 0.512554 94.34 108.00 138.23 133.91
aeroplane 0.512550 68.20 55.52 104.59 83.97
sheep 0.512501 121.86 169.84 155.35 202.64
aeroplane 0.512351 208.71 47.79 220.00 77.99
sheep 0.512327 95.97 125.31 138.70 153.26
aeroplane 0.512321 89.67 23.76 103.57 35.15
aeroplane 0.512279 86.75 16.26 104.01 26.94
cow 0.512235 94.60 20.48 170.61 108.61
sheep 0.512210 72.03 55.46 115.27 88.43
cow 0.512204 92.97 83.91 140.40 113.93
sheep 0.512136 97.99 26.87 114.14 43.82
dog 0.512063 167.05 193.70 195.41 224.00
cow 0.512010 35.99 139.33 156.58 224.00
aeroplane 0.511975 190.49 59.84 207.94 86.13
sheep 0.511948 89.07 27.47 103.46 43.98
aeroplane 0.511763 175.75 120.83 215.90 162.55
aeroplane 0.511749 171.24 162.64 207.99 189.88
cow 0.511731 85.44 50.18 141.82 85.12
dog 0.511704 138.54 204.34 168.99 224.00
sheep 0.511701 104.13 19.02 122.62 30.15
sheep 0.511577 72.27 44.72 98.25 72.97
cow 0.511569 94.51 97.33 139.42 125.39
dog 0.511469 163.41 172.39 192.06 204.75
sheep 0.511420 104.72 0.00 129.66 25.50
aeroplane 0.511403 194.52 90.10 219.02 129.44
cow 0.511381 79.32 99.29 130.56 130.69
aeroplane 0.510958 36.77 0.00 125.71 54.11
aeroplane 0.510855 180.58 77.78 208.51 112.13
aeroplane 0.510842 185.82 68.78 207.96 98.09
sheep 0.510838 63.95 133.26 172.79 224.00
aeroplane 0.510769 199.72 83.42 219.77 120.59
sheep 0.510685 100.08 141.69 192.81 224.00
aeroplane 0.510640 186.98 96.45 217.72 139.51
sheep 0.510512 85.25 33.20 104.90 56.99
aeroplane 0.510365 180.68 104.97 216.91 147.81
sheep 0.510360 87.19 0.00 114.95 19.46
aeroplane 0.510357 208.13 55.19 220.03 87.14
aeroplane 0.510262 177.17 133.58 215.30 174.05
sheep 0.510181 142.45 187.38 172.31 216.06
sheep 0.510085 78.20 43.94 109.20 76.27
aeroplane 0.509966 42.05 10.03 130.93 108.91
aeroplane 0.509652 174.22 170.41 207.03 194.00
sheep 0.509581 104.61 30.25 135.10 51.16
sheep 0.509578 94.63 31.50 117.35 55.38
dog 0.509313 203.35 74.67 219.93 110.76
sheep 0.509211 178.07 179.37 207.47 202.87
sheep 0.509152 152.63 189.98 182.89 218.78
sheep 0.509078 85.80 41.69 121.97 75.16
aeroplane 0.508953 206.38 64.39 219.71 98.61
aeroplane 0.508906 191.14 162.07 217.06 189.14
aeroplane 0.508848 187.23 153.79 216.19 184.41
sheep 0.508656 183.09 195.67 211.17 224.00
sheep 0.508549 96.21 38.73 139.98 70.00
aeroplane 0.508455 63.09 17.52 147.92 105.93
sheep 0.508197 144.79 169.37 179.79 200.20
sheep 0.508152 193.62 168.96 217.28 195.62
sheep 0.508134 199.62 191.32 220.11 224.00
sheep 0.507725 196.90 177.11 217.96 206.09
