train 0.698639 5.68 32.73 224.00 186.60
train 0.545547 39.58 72.05 221.65 210.90
train 0.540003 93.69 26.84 224.00 183.50
train 0.539949 86.01 177.79 207.63 224.00
train 0.536926 194.28 0.00 224.00 52.33
train 0.536609 191.51 17.54 224.00 167.78
chair 0.536063 0.00 205.30 18.37 224.00
chair 0.535518 0.00 208.70 29.81 224.00
train 0.535406 214.91 36.91 224.00 92.14
train 0.535101 171.35 21.63 224.00 179.36
train 0.534967 184.94 42.16 221.27 87.52
dog 0.534639 100.51 200.28 177.60 224.00
train 0.534174 116.04 0.00 190.56 42.71
train 0.533873 203.26 17.25 224.00 155.46
train 0.533854 43.77 0.00 187.66 119.21
train 0.533568 119.03 193.54 219.16 224.00
sheep 0.533350 56.00 111.79 94.18 180.41
train 0.533319 96.15 0.00 173.47 46.12
train 0.533241 68.83 151.06 196.09 224.00
train 0.532619 60.29 124.17 216.23 224.00
chair 0.532304 27.97 211.38 58.23 224.00
chair 0.532101 19.72 211.23 51.08 224.00
dog 0.531482 158.46 209.62 217.82 224.00
train 0.531456 69.36 0.00 157.06 50.10
sheep 0.530757 60.77 104.57 102.82 166.97
train 0.530243 149.13 54.01 224.00 191.82
car 0.530001 0.00 61.90 144.59 197.20
dog 0.529929 124.08 205.57 194.73 224.00
person 0.529834 158.26 188.98 224.00 224.00
person 0.529544 208.37 204.55 224.00 224.00
train 0.529522 174.37 0.00 224.00 47.65
car 0.529512 0.00 186.12 67.07 224.00
train 0.529293 154.01 0.00 215.99 43.10
chair 0.529266 44.29 210.84 76.93 224.00
dog 0.529134 101.40 189.87 178.03 219.16
sheep 0.529027 63.39 90.68 99.48 142.58
person 0.528253 0.00 177.39 54.99 224.00
train 0.528094 0.00 0.00 56.05 41.61
aeroplane 0.527966 167.88 111.88 214.45 176.03
train 0.527858 83.03 0.00 209.10 107.85
train 0.527721 28.82 14.96 201.76 147.32
train 0.527622 205.41 1.46 224.00 115.14
aeroplane 0.527558 208.84 0.00 224.00 19.73
sofa 0.527420 4.57 111.96 20.43 141.43
sheep 0.527412 59.37 99.63 92.47 149.65
aeroplane 0.527146 7.41 113.49 26.82 139.72
train 0.527017 6.02 0.00 88.50 30.51
dog 0.526666 166.55 109.89 213.78 173.34
sofa 0.526641 0.00 108.48 12.63 144.88
train 0.526604 41.52 173.45 131.89 224.00
train 0.526534 0.00 62.84 137.75 188.97
car 0.526333 0.00 0.00 19.27 23.61
dog 0.526265 51.52 209.84 91.55 224.00
aeroplane 0.526206 109.90 190.91 183.16 221.85
train 0.526163 220.00 9.70 224.00 47.18
dog 0.526062 67.00 176.91 88.22 213.54
train 0.525967 220.00 63.03 224.00 125.56
dog 0.525726 157.56 193.99 218.84 222.83
dog 0.525472 115.32 86.54 148.98 161.98
aeroplane 0.525404 220.00 119.84 224.00 176.60
train 0.525350 218.76 4.81 224.00 37.97
dog 0.525226 66.88 158.30 93.39 199.61
train 0.525106 50.52 160.70 152.20 224.00
aeroplane 0.525079 220.00 68.74 224.00 133.14
aeroplane 0.525074 65.07 82.63 97.56 129.94
dog 0.525052 68.59 172.59 95.54 208.50
train 0.525016 22.85 0.00 113.51 34.58
dog 0.524780 51.77 130.75 83.92 178.40
train 0.524728 91.56 89.80 218.18 204.93
sofa 0.524708 0.00 132.34 9.19 173.63
train 0.524652 218.67 23.53 224.00 75.65
dog 0.524602 182.14 206.35 224.00 224.00
train 0.524515 220.00 45.23 224.00 108.22
sheep 0.524426 50.74 116.83 81.70 172.50
chair 0.524375 0.00 160.15 8.17 200.00
train 0.524370 140.68 11.81 224.00 122.43
chair 0.524365 0.00 197.29 13.40 224.00
dog 0.524312 33.45 146.01 53.57 171.17
aeroplane 0.523973 217.51 135.28 224.00 190.50
person 0.523953 0.00 62.00 12.22 97.64
train 0.523928 165.99 110.12 224.00 204.17
dog 0.523821 35.05 154.21 52.34 177.23
dog 0.523814 66.13 149.98 96.40 189.08
car 0.523755 0.00 76.89 92.07 196.53
chair 0.523728 0.00 140.43 8.69 183.22
dog 0.523670 23.26 184.09 112.10 224.00
dog 0.523643 94.53 207.48 149.32 224.00
sheep 0.523513 61.12 139.03 93.02 184.88
dog 0.523490 66.49 184.72 90.26 224.00
dog 0.523337 61.69 173.07 86.36 206.47
dog 0.523335 31.64 137.55 53.97 163.24
aeroplane 0.523324 4.35 67.09 23.42 92.02
train 0.523248 150.98 0.00 222.08 80.15
chair 0.523124 0.00 184.49 9.94 219.42
sofa 0.523058 7.76 118.72 26.49 144.69
sheep 0.522848 51.76 108.94 79.31 156.85
aeroplane 0.522727 220.00 104.73 224.00 162.30
sofa 0.522627 0.00 95.44 12.86 132.76
chair 0.522565 0.00 176.82 8.26 211.34
sofa 0.522473 0.00 117.82 10.95 156.79
sheep 0.522450 59.88 85.38 88.83 128.91
aeroplane 0.522396 214.55 0.00 224.00 27.87
train 0.522349 57.47 73.45 76.04 94.32
dog 0.522314 117.30 105.90 146.80 179.60
dog 0.522306 77.19 210.34 127.01 224.00
train 0.522247 52.42 73.16 68.10 93.70
dog 0.522239 150.19 108.47 178.83 166.83
train 0.522137 35.88 0.00 135.31 44.25
car 0.522133 0.00 4.28 9.57 50.29
train 0.522111 183.65 4.51 224.00 119.60
aeroplane 0.522020 215.75 149.12 224.00 202.08
chair 0.521996 0.00 187.59 18.63 214.32
dog 0.521977 123.86 103.16 158.38 169.98
aeroplane 0.521963 72.45 75.17 91.63 95.58
sofa 0.521943 4.73 99.24 21.90 130.07
sheep 0.521878 50.58 98.66 77.47 136.01
dog 0.521838 115.83 157.19 180.60 206.84
dog 0.521818 58.65 151.97 87.26 187.45
aeroplane 0.521790 199.05 0.00 224.00 17.98
train 0.521719 65.11 74.27 83.98 94.80
dog 0.521701 115.64 98.44 137.39 170.82
dog 0.521667 216.82 181.30 224.00 224.00
dog 0.521635 30.28 128.10 53.25 154.93
dog 0.521582 18.78 193.03 35.52 212.74
train 0.521564 72.44 44.43 92.40 62.58
aeroplane 0.521523 81.73 0.00 118.26 16.17
aeroplane 0.521481 189.43 0.00 217.78 16.87
train 0.521442 182.44 45.47 211.76 104.54
train 0.521422 78.90 44.22 100.96 62.62
dog 0.521395 10.90 191.18 27.94 213.58
dog 0.521393 24.26 145.37 44.06 169.52
train 0.521351 55.78 68.28 75.82 88.98
sheep 0.521348 68.86 96.01 106.86 152.94
aeroplane 0.521306 71.91 77.28 93.61 102.41
train 0.521210 51.48 68.64 69.01 88.39
dog 0.521139 61.49 211.34 107.04 224.00
aeroplane 0.521089 7.17 100.50 26.47 127.91
aeroplane 0.520987 9.58 68.76 27.11 89.88
dog 0.520969 108.28 166.21 178.88 217.52
person 0.520967 0.00 86.42 12.41 123.71
train 0.520902 77.83 37.00 102.39 55.84
train 0.520897 72.11 37.06 94.06 54.87
train 0.520849 179.58 47.45 213.57 83.60
dog 0.520792 153.64 109.90 193.89 166.22
dog 0.520767 112.93 83.63 136.31 157.58
train 0.520754 192.17 11.96 214.50 32.55
aeroplane 0.520666 5.80 73.05 22.78 98.92
dog 0.520645 212.65 195.75 224.00 224.00
aeroplane 0.520616 79.66 77.76 101.26 102.77
dog 0.520591 39.98 154.89 57.46 177.06
train 0.520512 184.46 13.63 209.35 32.60
sheep 0.520458 179.52 66.08 212.77 124.73
aeroplane 0.520431 179.35 60.64 215.41 124.04
dog 0.520411 109.07 81.68 123.54 151.68
aeroplane 0.520410 124.84 0.00 153.53 15.27
dog 0.520405 22.42 137.95 44.14 162.06
dog 0.520399 37.55 162.58 50.53 182.76
sheep 0.520395 110.67 97.80 125.91 167.74
aeroplane 0.520362 68.82 78.39 95.98 113.36
dog 0.520355 26.64 193.15 42.32 211.90
dog 0.520225 155.30 45.25 175.94 78.22
sheep 0.520223 71.17 79.63 103.48 130.38
dog 0.520158 74.34 173.02 105.17 210.41
aeroplane 0.520145 5.48 90.11 22.39 120.40
aeroplane 0.520106 181.47 0.00 210.73 16.99
dog 0.520080 26.11 152.14 43.43 175.70
aeroplane 0.520060 98.66 0.00 130.83 15.20
car 0.520033 0.00 46.51 68.98 151.48
sofa 0.520017 1.54 128.95 17.08 160.22
dog 0.519932 161.96 46.54 185.46 75.92
sheep 0.519893 43.90 102.94 66.99 133.44
aeroplane 0.519836 172.79 130.13 217.52 180.90
sofa 0.519816 0.00 136.52 16.09 169.36
train 0.519811 166.61 13.90 196.43 33.83
sofa 0.519805 7.82 124.97 26.10 151.08
dog 0.519800 7.07 203.05 32.92 224.00
aeroplane 0.519774 116.87 0.00 145.58 15.09
dog 0.519747 167.28 156.42 220.15 191.39
dog 0.519725 37.59 104.78 59.02 132.44
person 0.519708 0.00 76.93 12.06 113.77
dog 0.519702 217.78 168.02 224.00 218.25
train 0.519688 0.00 29.29 57.56 131.13
sheep 0.519681 158.88 187.35 224.00 224.00
aeroplane 0.519679 172.43 0.00 203.04 16.32
aeroplane 0.519665 65.08 76.53 85.27 101.74
train 0.519621 158.41 12.93 187.33 33.42
aeroplane 0.519606 169.64 149.88 220.58 185.23
dog 0.519600 8.58 133.34 25.99 158.63
car 0.519587 0.00 0.00 13.54 33.26
train 0.519511 175.90 14.20 204.52 33.24
aeroplane 0.519508 4.08 10.13 20.93 43.29
dog 0.519503 159.51 179.94 219.07 211.18
dog 0.519498 144.41 118.56 179.89 178.41
train 0.519483 165.35 142.78 224.00 222.41
aeroplane 0.519473 81.45 2.66 109.50 27.29
aeroplane 0.519467 108.32 0.00 138.20 14.90
sofa 0.519458 3.02 121.67 18.12 152.49
chair 0.519451 0.00 173.16 15.22 201.24
chair 0.519433 0.00 180.85 16.32 206.53
train 0.519329 62.39 68.73 82.96 89.08
aeroplane 0.519326 19.16 17.59 34.41 39.86
car 0.519305 0.00 119.25 64.60 217.87
train 0.519304 193.02 15.35 216.28 41.75
dog 0.519258 113.64 116.26 139.06 185.02
dog 0.519247 137.14 106.49 171.04 168.61
train 0.519220 160.30 17.92 187.48 38.12
aeroplane 0.519204 132.58 0.00 160.90 14.74
dog 0.519195 38.32 179.17 48.40 196.22
dog 0.519140 28.79 118.48 52.25 146.38
dog 0.519117 106.64 185.88 162.24 215.62
train 0.519100 189.66 18.75 219.96 55.83
train 0.519095 153.96 17.75 177.42 38.62
dog 0.519068 9.15 141.41 26.02 167.41
dog 0.519060 30.35 179.11 41.26 196.09
aeroplane 0.518995 89.85 76.13 108.49 96.11
aeroplane 0.518990 64.97 0.00 107.29 15.25
train 0.518986 69.86 69.59 89.94 89.16
dog 0.518976 12.51 184.89 26.87 204.70
aeroplane 0.518950 10.44 74.93 26.86 96.82
train 0.518935 185.05 28.96 222.97 76.33
train 0.518932 79.32 26.78 103.07 46.74
train 0.518918 171.83 47.73 199.92 78.76
train 0.518902 66.36 43.81 83.74 62.39
aeroplane 0.518888 4.36 49.66 21.47 79.56
train 0.518876 185.40 16.78 211.22 41.14
person 0.518868 0.00 43.04 10.42 84.10
dog 0.518865 21.48 186.77 34.17 203.66
sheep 0.518858 6.25 80.60 22.09 109.12
dog 0.518856 38.67 171.01 49.30 189.17
dog 0.518853 14.95 203.84 39.74 224.00
train 0.518836 177.29 17.79 206.55 40.15
aeroplane 0.518798 163.40 0.00 194.66 14.97
train 0.518761 52.11 60.49 69.02 81.01
chair 0.518761 0.00 163.68 14.57 195.29
dog 0.518754 26.83 111.84 51.17 138.67
aeroplane 0.518725 13.06 14.30 27.62 39.60
dog 0.518723 102.99 75.54 115.67 96.86
aeroplane 0.518684 8.40 91.57 26.82 117.98
train 0.518656 37.19 107.98 176.39 224.00
dog 0.518644 61.83 187.60 83.27 222.57
aeroplane 0.518643 9.10 61.80 26.92 84.02
dog 0.518640 37.94 111.28 58.14 139.75
sheep 0.518627 157.44 176.59 219.66 212.23
sheep 0.518626 103.47 80.40 116.53 146.85
dog 0.518621 44.51 108.86 66.76 140.91
dog 0.518620 116.91 75.31 144.47 127.46
dog 0.518598 11.87 176.96 26.64 198.03
dog 0.518497 23.22 203.80 46.77 224.00
aeroplane 0.518476 152.36 10.98 177.15 33.49
bird 0.518454 75.60 77.48 102.45 113.46
train 0.518431 56.03 60.07 74.68 81.37
aeroplane 0.518415 141.05 0.00 168.77 13.71
dog 0.518327 42.18 163.79 56.45 182.80
aeroplane 0.518325 85.99 43.96 107.45 61.71
dog 0.518324 16.44 143.90 33.81 167.70
car 0.518323 0.00 0.00 28.25 18.30
dog 0.518317 85.40 184.57 117.73 224.00
car 0.518312 0.00 149.65 57.44 224.00
dog 0.518300 51.36 177.85 66.34 200.26
dog 0.518257 26.01 106.12 50.37 132.39
dog 0.518256 29.81 186.78 40.97 202.74
dog 0.518215 34.87 192.66 49.74 211.50
aeroplane 0.518212 20.02 23.45 34.00 46.69
aeroplane 0.518197 62.45 79.46 86.98 113.68
aeroplane 0.518190 56.33 76.73 76.04 102.02
car 0.518187 0.00 18.54 9.16 65.88
dog 0.518183 96.03 187.26 127.95 221.21
dog 0.518177 21.62 178.83 34.18 196.67
train 0.518157 166.19 20.49 197.33 47.40
sheep 0.518155 108.29 115.49 128.36 183.79
dog 0.518146 124.03 80.20 156.53 149.76
aeroplane 0.518132 16.06 70.32 33.50 89.62
aeroplane 0.518105 148.06 0.00 177.33 13.31
aeroplane 0.518079 31.82 0.00 70.65 16.26
dog 0.518060 157.61 63.13 175.58 110.86
dog 0.518045 14.93 136.44 33.92 159.83
train 0.518030 66.21 36.41 85.69 53.89
dog 0.518028 107.37 75.22 120.49 97.39
aeroplane 0.518008 4.54 35.89 20.73 68.72
dog 0.517983 153.87 39.24 177.58 70.63
sofa 0.517930 0.00 144.58 14.80 179.46
aeroplane 0.517908 155.06 0.00 186.01 13.72
aeroplane 0.517897 79.82 15.44 102.94 35.53
aeroplane 0.517896 85.01 36.62 108.46 55.41
aeroplane 0.517895 78.57 51.89 98.72 70.71
dog 0.517857 19.60 128.92 43.35 154.48
train 0.517834 176.04 20.48 208.54 51.01
chair 0.517804 0.00 153.89 14.14 188.40
aeroplane 0.517759 16.82 0.00 52.86 15.33
train 0.517754 59.09 43.36 74.69 61.87
train 0.517725 71.35 51.93 89.98 71.69
bird 0.517712 103.43 74.96 115.03 131.87
dog 0.517695 157.08 53.69 174.48 97.45
dog 0.517659 47.79 154.10 69.31 180.35
aeroplane 0.517575 9.14 108.08 33.01 134.52
aeroplane 0.517573 148.68 17.13 167.92 37.51
aeroplane 0.517560 46.56 73.76 60.02 92.10
sheep 0.517559 43.25 94.46 66.91 125.65
aeroplane 0.517558 105.93 44.61 121.85 62.37
dog 0.517545 122.98 193.76 202.89 221.65
aeroplane 0.517494 13.39 19.84 27.33 46.69
aeroplane 0.517467 50.63 77.40 67.12 102.30
dog 0.517454 118.74 120.18 157.84 185.99
aeroplane 0.517439 4.44 23.81 20.88 58.68
sheep 0.517415 37.17 96.47 58.76 124.50
train 0.517393 45.51 25.64 59.34 45.52
train 0.517390 46.93 34.41 59.71 52.65
dog 0.517389 163.59 166.77 219.27 202.99
dog 0.517375 130.31 149.77 189.78 196.08
dog 0.517349 43.55 179.61 55.09 196.87
aeroplane 0.517314 10.20 82.18 26.38 106.74
aeroplane 0.517313 93.22 44.13 113.74 61.68
dog 0.517304 153.14 29.15 177.64 56.81
aeroplane 0.517301 2.42 0.00 20.87 35.33
dog 0.517299 30.22 169.94 41.43 188.77
dog 0.517281 29.24 160.43 42.08 181.88
train 0.517230 203.34 7.63 221.28 33.65
dog 0.517225 36.15 127.43 57.30 156.45
sheep 0.517225 74.49 81.53 109.62 144.91
dog 0.517205 31.04 204.11 54.42 224.00
aeroplane 0.517143 23.59 17.60 41.05 41.35
train 0.517122 46.19 69.73 61.61 86.43
aeroplane 0.517108 22.63 71.06 40.74 89.20
dog 0.517086 37.76 186.07 48.05 202.32
train 0.517085 53.49 35.24 66.96 52.63
aeroplane 0.517081 78.01 70.49 97.97 89.30
dog 0.517074 137.65 134.28 179.27 192.96
dog 0.517065 70.78 165.77 102.80 202.72
aeroplane 0.517056 16.29 1.20 35.20 31.51
aeroplane 0.517036 4.38 0.00 36.41 15.94
train 0.517029 159.86 40.56 187.67 70.58
dog 0.517026 108.21 74.88 120.43 116.62
dog 0.516999 113.47 179.48 186.85 213.22
dog 0.516990 43.36 171.81 55.67 189.16
aeroplane 0.516979 11.60 120.32 33.44 145.49
dog 0.516963 149.21 44.93 166.32 77.21
aeroplane 0.516960 49.48 0.00 89.41 15.37
train 0.516919 59.01 36.11 75.28 53.20
dog 0.516878 8.82 148.56 25.58 176.22
dog 0.516866 126.56 75.21 154.02 129.87
dog 0.516863 151.17 63.68 169.78 112.50
train 0.516857 200.08 11.79 220.85 42.80
train 0.516851 53.67 42.37 66.72 60.77
dog 0.516827 12.83 127.75 33.80 152.21
aeroplane 0.516809 142.27 16.89 154.63 36.52
train 0.516796 58.13 50.94 73.99 71.49
aeroplane 0.516778 146.83 7.99 167.40 32.34
dog 0.516764 114.88 149.88 159.23 199.57
aeroplane 0.516753 121.01 155.02 189.12 201.81
dog 0.516748 10.62 167.19 26.16 190.84
dog 0.516732 45.96 145.25 68.72 175.00
aeroplane 0.516709 172.66 82.12 213.03 148.94
aeroplane 0.516706 136.36 17.03 146.74 36.12
train 0.516698 119.18 138.71 218.65 222.08
dog 0.516687 157.44 78.89 174.70 128.45
dog 0.516677 180.18 78.11 208.17 130.71
dog 0.516675 134.91 89.86 166.26 161.14
aeroplane 0.516661 25.07 24.85 40.35 48.26
dog 0.516660 147.26 91.60 172.81 158.74
train 0.516632 68.68 60.88 88.75 81.65
aeroplane 0.516623 16.65 76.06 33.32 96.69
dog 0.516623 37.24 118.01 57.34 147.56
train 0.516592 73.81 26.42 94.90 44.53
dog 0.516586 148.57 20.23 168.16 44.47
train 0.516582 0.00 0.00 53.16 80.74
train 0.516580 53.44 50.55 67.57 71.00
dog 0.516578 43.23 135.82 68.75 169.59
dog 0.516541 17.74 150.14 33.72 174.54
dog 0.516521 102.28 70.57 115.92 89.63
train 0.516483 32.45 0.00 160.06 67.64
aeroplane 0.516452 140.17 5.13 156.44 31.12
aeroplane 0.516434 13.04 26.39 26.77 54.53
dog 0.516425 164.37 201.73 224.00 224.00
aeroplane 0.516392 108.25 52.09 121.63 68.93
aeroplane 0.516384 19.76 29.71 33.50 54.52
dog 0.516347 113.37 136.66 144.63 192.82
dog 0.516335 58.65 203.38 94.84 224.00
dog 0.516325 107.29 70.43 120.79 89.29
sheep 0.516315 102.74 97.55 117.14 164.29
dog 0.516284 76.91 183.40 108.35 224.00
dog 0.516268 176.36 86.35 208.33 146.18
aeroplane 0.516253 14.89 108.00 41.13 133.76
aeroplane 0.516240 34.27 71.38 51.44 86.62
bird 0.516205 77.65 75.33 108.16 130.58
dog 0.516183 111.97 74.88 130.66 121.68
aeroplane 0.516182 33.38 25.65 49.03 47.83
aeroplane 0.516177 11.14 0.62 27.63 31.26
dog 0.516144 170.16 98.00 209.86 159.28
dog 0.516142 103.85 73.88 114.22 113.49
train 0.516140 61.76 60.14 81.57 81.81
train 0.516120 64.73 51.12 81.75 71.87
aeroplane 0.516041 10.13 51.00 26.04 76.66
aeroplane 0.516024 91.97 36.65 113.98 54.91
dog 0.516021 139.79 64.33 160.49 109.02
dog 0.516002 51.42 170.62 67.85 191.93
dog 0.515980 131.74 121.27 174.23 184.25
train 0.515958 158.71 29.59 187.25 57.37
aeroplane 0.515925 85.07 26.91 108.27 47.04
train 0.515917 175.62 30.13 210.77 67.31
aeroplane 0.515916 87.31 70.71 107.40 89.37
dog 0.515901 50.43 163.16 69.16 186.77
dog 0.515881 52.12 184.00 66.34 206.55
dog 0.515850 127.26 66.81 150.53 105.99
dog 0.515850 38.64 204.55 62.16 224.00
dog 0.515845 42.56 192.77 57.50 212.50
dog 0.515817 154.92 84.77 175.28 145.72
dog 0.515794 43.79 115.00 66.18 151.21
dog 0.515783 52.39 191.65 68.69 217.11
aeroplane 0.515778 11.95 37.07 26.37 64.82
aeroplane 0.515760 133.72 3.48 148.79 30.43
bird 0.515723 83.40 74.79 107.48 112.77
aeroplane 0.515722 43.98 14.34 59.65 38.37
dog 0.515696 42.39 124.01 66.95 163.61
aeroplane 0.515695 23.28 76.25 40.49 96.35
train 0.515671 0.00 40.87 116.73 149.64
aeroplane 0.515670 14.33 62.69 32.92 83.03
dog 0.515625 182.43 57.83 208.03 114.67
dog 0.515618 9.00 157.14 25.19 184.03
dog 0.515617 150.09 54.32 168.31 98.62
aeroplane 0.515589 114.05 164.05 186.46 212.30
aeroplane 0.515587 19.93 0.00 42.73 32.73
aeroplane 0.515586 26.13 98.69 49.67 124.85
aeroplane 0.515571 103.65 36.05 121.22 54.71
dog 0.515562 21.07 169.08 33.99 189.02
dog 0.515551 16.74 120.02 42.33 146.83
aeroplane 0.515523 165.82 94.55 214.99 162.58
aeroplane 0.515510 31.47 16.11 49.49 41.31
aeroplane 0.515506 76.57 60.85 96.79 80.35
train 0.515427 54.01 25.74 66.86 44.07
dog 0.515427 152.69 76.98 169.78 129.84
dog 0.515413 107.58 135.54 132.41 190.87
aeroplane 0.515352 52.16 82.19 76.22 114.30
dog 0.515329 108.62 61.19 120.79 79.08
aeroplane 0.515266 0.00 97.63 115.80 201.57
dog 0.515241 108.99 148.42 138.57 195.88
dog 0.515237 163.18 73.52 182.92 115.76
dog 0.515214 148.46 39.05 167.58 68.45
aeroplane 0.515201 34.69 32.99 49.10 54.04
aeroplane 0.515200 34.70 75.70 50.00 93.53
dog 0.515162 160.77 129.88 216.18 179.53
train 0.515161 47.49 42.01 59.87 60.18
aeroplane 0.515153 25.30 31.31 39.69 55.16
aeroplane 0.515145 153.79 155.89 219.81 190.83
aeroplane 0.515094 130.09 148.64 203.37 189.25
dog 0.515067 43.83 185.91 55.09 202.80
aeroplane 0.515041 15.47 100.37 41.03 126.52
aeroplane 0.514986 127.36 18.34 137.28 34.80
sheep 0.514972 45.50 84.57 66.84 114.27
dog 0.514914 169.06 181.56 224.00 224.00
aeroplane 0.514903 88.19 4.71 113.01 26.16
dog 0.514899 114.06 44.44 130.03 62.15
dog 0.514877 89.27 199.70 131.78 224.00
dog 0.514866 157.63 150.41 221.08 184.46
dog 0.514859 115.54 52.06 129.96 68.89
dog 0.514807 140.42 75.57 161.88 130.05
dog 0.514780 47.78 204.13 73.47 224.00
dog 0.514738 94.75 154.90 118.07 202.58
aeroplane 0.514714 14.78 82.36 33.02 105.95
train 0.514660 164.87 29.42 198.45 61.28
dog 0.514633 19.64 158.73 33.33 181.59
aeroplane 0.514626 18.29 38.93 33.21 63.77
train 0.514600 46.59 61.82 62.57 79.95
dog 0.514586 148.35 28.78 168.15 55.54
dog 0.514514 132.99 48.15 148.05 70.85
dog 0.514513 142.37 21.00 153.60 43.25
dog 0.514474 116.59 70.59 138.51 103.58
train 0.514466 188.89 48.35 222.73 119.04
aeroplane 0.514452 136.39 21.33 146.46 43.04
aeroplane 0.514450 189.11 56.38 221.97 126.15
sheep 0.514450 158.15 159.62 221.76 204.62
aeroplane 0.514434 43.85 78.37 58.39 102.14
dog 0.514419 124.29 50.53 139.47 69.64
train 0.514415 64.36 0.00 108.37 16.82
aeroplane 0.514404 95.40 50.41 113.00 67.68
aeroplane 0.514402 85.34 50.54 105.29 67.95
sheep 0.514400 38.94 86.49 58.03 114.22
aeroplane 0.514341 37.69 0.00 61.86 30.28
dog 0.514331 155.91 96.93 186.21 156.21
dog 0.514308 162.91 53.49 180.38 95.11
aeroplane 0.514285 99.53 60.14 113.92 78.35
dog 0.514257 141.11 46.19 155.95 73.34
aeroplane 0.514208 25.85 0.00 51.08 32.73
aeroplane 0.514207 101.07 5.09 120.20 26.45
dog 0.514166 140.45 128.95 197.95 181.77
aeroplane 0.514150 20.83 63.22 40.29 82.73
dog 0.514090 139.16 55.75 158.98 95.12
dog 0.513911 173.73 74.22 200.54 118.00
dog 0.513853 92.85 174.91 121.93 215.89
aeroplane 0.513828 15.65 51.82 32.64 75.13
dog 0.513760 127.62 59.09 149.03 92.39
aeroplane 0.513731 0.00 0.00 24.45 26.15
aeroplane 0.513678 84.76 59.83 105.05 78.19
aeroplane 0.513670 17.33 91.01 40.65 116.99
dog 0.513644 124.21 43.11 140.09 62.88
aeroplane 0.513608 21.12 82.22 40.08 105.98
train 0.513556 67.98 25.51 87.10 43.26
aeroplane 0.513513 115.78 19.73 126.80 35.02
train 0.513505 60.38 25.68 75.31 43.28
aeroplane 0.513486 124.98 3.73 138.96 27.88
train 0.513470 75.21 13.77 96.20 32.62
dog 0.513428 110.29 73.65 126.64 99.92
sheep 0.513417 95.04 115.29 117.57 184.43
dog 0.513410 130.95 52.37 147.63 79.93
aeroplane 0.513394 126.71 23.13 137.46 42.96
aeroplane 0.513385 24.12 39.73 39.60 62.90
train 0.513382 47.66 51.42 61.43 70.69
aeroplane 0.513370 135.52 0.00 157.96 20.95
aeroplane 0.513326 33.37 63.56 51.92 80.19
dog 0.513322 159.31 87.04 183.72 144.61
aeroplane 0.513290 102.08 20.00 117.75 36.13
aeroplane 0.513283 34.96 41.25 49.52 61.13
aeroplane 0.513274 28.04 89.23 48.61 115.60
aeroplane 0.513259 149.70 0.00 176.04 22.04
train 0.513213 71.93 0.00 100.13 23.00
aeroplane 0.513202 115.09 4.57 128.65 26.03
aeroplane 0.513191 14.78 0.00 49.59 22.71
aeroplane 0.513175 102.24 26.95 119.29 45.66
aeroplane 0.513168 89.72 18.81 110.63 35.52
aeroplane 0.513157 143.43 0.00 166.44 21.20
train 0.513134 0.00 15.40 103.41 124.95
train 0.513133 54.22 13.45 68.00 34.89
aeroplane 0.513113 113.22 34.85 128.88 53.60
dog 0.513038 133.68 41.53 148.75 63.29
aeroplane 0.512942 31.98 80.90 48.30 104.10
sheep 0.512917 61.55 116.76 107.62 186.05
dog 0.512874 114.00 60.19 127.69 79.48
dog 0.512858 174.88 53.29 195.78 96.98
aeroplane 0.512773 40.42 0.00 77.46 20.46
dog 0.512729 141.28 40.35 155.94 64.65
dog 0.512655 124.88 32.33 138.71 53.28
dog 0.512640 106.08 164.66 145.70 209.52
aeroplane 0.512622 49.79 0.00 71.41 26.55
dog 0.512600 121.78 56.69 137.65 79.64
aeroplane 0.512504 166.83 154.15 224.00 206.85
dog 0.512504 68.84 149.45 106.54 194.49
aeroplane 0.512441 22.34 51.72 39.96 74.06
dog 0.512425 134.94 30.56 147.51 53.41
dog 0.512353 103.48 177.07 147.43 216.67
aeroplane 0.512329 113.96 25.79 127.55 44.30
dog 0.512310 141.88 29.85 154.42 53.56
dog 0.512284 110.34 68.49 126.57 90.21
dog 0.512282 117.11 64.19 137.35 91.58
aeroplane 0.512028 34.59 52.28 51.16 71.73
dog 0.511812 69.22 201.93 113.12 224.00
train 0.511809 0.00 0.00 90.25 84.77
aeroplane 0.511703 0.00 145.83 86.32 224.00
dog 0.511644 16.30 132.93 128.55 224.00
aeroplane 0.510750 180.44 68.29 219.44 143.86
aeroplane 0.510509 58.91 0.00 81.60 23.35
train 0.510465 61.84 11.88 77.22 32.18
train 0.510225 69.59 11.44 90.17 31.02
