person 0.693700 40.99 35.53 137.14 219.97
person 0.626599 148.85 76.15 212.88 220.78
person 0.624712 65.19 36.77 160.95 213.06
person 0.605337 146.54 95.60 224.00 193.50
person 0.605207 122.78 52.66 204.28 216.13
person 0.598768 61.01 33.99 155.53 141.86
person 0.593570 105.78 41.70 188.16 205.15
person 0.589774 15.53 37.34 112.42 223.31
person 0.576439 48.03 26.81 131.41 135.95
person 0.573982 155.38 119.86 216.98 211.61
bottle 0.573168 52.69 80.97 126.77 193.36
person 0.571890 90.75 32.44 165.98 130.00
person 0.569122 147.82 107.19 202.48 185.46
bottle 0.568985 167.02 122.08 224.00 207.47
chair 0.568863 29.84 96.57 95.91 202.14
person 0.567528 165.09 101.91 214.16 199.31
bottle 0.567457 32.15 98.81 102.73 205.13
person 0.567408 72.93 57.42 199.65 215.10
person 0.566602 10.95 52.68 67.12 144.97
bottle 0.566213 72.93 69.37 131.46 173.93
person 0.562728 111.45 43.45 163.27 118.04
bottle 0.560955 75.78 43.51 149.09 151.05
person 0.560911 32.28 92.42 96.03 198.25
person 0.559678 52.62 13.83 121.29 113.93
bottle 0.558392 140.44 116.82 182.11 176.79
chair 0.557961 54.35 103.30 119.61 209.74
bottle 0.557956 93.65 54.98 174.77 136.45
person 0.556830 60.59 42.22 110.11 134.26
bottle 0.555232 17.34 104.83 84.30 207.06
person 0.554074 194.90 103.54 222.32 186.40
person 0.553969 77.49 56.73 146.98 152.78
chair 0.553919 144.44 88.66 222.74 209.01
person 0.553911 29.07 93.60 73.69 203.03
person 0.551845 20.05 35.49 86.99 187.16
bottle 0.551421 135.30 125.79 167.42 174.79
person 0.549955 54.83 83.55 108.24 188.98
bottle 0.549954 25.16 95.26 69.41 200.78
bottle 0.548675 64.31 78.19 108.36 178.08
person 0.548195 63.01 8.50 116.01 90.74
bottle 0.546427 156.19 99.57 220.60 151.45
person 0.546129 3.41 64.07 91.05 221.76
person 0.545810 21.75 80.81 63.90 182.36
person 0.545151 40.58 110.63 144.55 224.00
person 0.544979 191.17 134.87 222.20 210.65
person 0.544841 70.60 0.00 136.45 68.81
chair 0.544810 207.18 71.43 224.00 126.75
person 0.544451 126.91 51.68 172.48 116.71
person 0.544278 69.13 81.29 127.52 178.64
bottle 0.543272 49.15 120.10 99.03 211.85
bottle 0.543168 200.47 154.15 224.00 213.34
person 0.543156 165.53 42.82 222.27 190.72
person 0.542720 191.78 0.00 224.00 55.27
person 0.542539 38.90 48.98 94.36 138.83
bottle 0.542483 154.96 117.50 204.04 196.03
bottle 0.542450 178.01 141.10 218.29 208.78
person 0.542214 208.95 69.75 224.00 121.68
person 0.541946 145.97 93.77 213.48 162.38
person 0.541918 139.53 52.21 182.61 113.80
person 0.541680 65.32 53.35 98.37 146.75
chair 0.541599 60.21 120.89 106.60 214.16
person 0.541010 0.00 129.76 12.88 207.42
bottle 0.540890 207.46 165.65 224.00 218.73
chair 0.540677 82.35 185.07 130.18 224.00
sofa 0.540350 74.37 0.00 139.93 61.15
bottle 0.539601 17.55 126.06 62.01 210.83
person 0.539556 54.92 68.42 97.26 163.15
bottle 0.539433 105.52 77.66 184.47 149.78
bottle 0.538794 77.58 188.50 136.46 224.00
person 0.538371 154.14 58.03 196.36 115.41
bottle 0.538062 139.09 97.98 208.40 163.89
person 0.537742 0.00 31.18 66.25 174.85
person 0.537571 161.63 89.44 211.71 137.54
person 0.537450 195.13 72.92 220.65 128.97
person 0.537320 184.06 18.02 224.00 143.52
person 0.537255 0.00 127.34 32.58 208.54
bottle 0.537246 66.38 50.07 127.04 149.34
person 0.537205 135.23 18.74 222.17 192.28
person 0.536502 29.99 66.00 90.44 160.97
bottle 0.536311 161.17 145.22 215.84 216.31
person 0.536114 149.03 43.34 205.72 172.02
person 0.535601 213.38 0.00 224.00 34.02
person 0.535431 190.90 0.00 224.00 91.00
person 0.535236 220.00 0.00 224.00 48.63
bottle 0.535058 122.44 91.20 189.87 165.23
person 0.534594 167.27 62.30 204.64 117.01
chair 0.534397 72.54 127.91 116.37 216.64
person 0.534360 176.34 77.97 215.25 133.05
bottle 0.534271 117.83 81.92 168.11 149.67
chair 0.534183 187.67 73.35 219.79 131.35
bottle 0.533989 95.75 75.26 153.04 152.93
bottle 0.533748 0.00 204.58 21.22 224.00
bottle 0.533726 8.59 123.97 49.30 208.36
bottle 0.533048 0.83 208.26 39.42 224.00
person 0.532964 132.16 47.47 191.87 175.49
person 0.532938 52.20 0.00 111.70 68.22
bottle 0.532769 15.80 208.49 62.20 224.00
sofa 0.532209 197.86 75.86 223.87 135.71
bottle 0.531738 69.87 180.96 119.46 224.00
chair 0.531628 153.50 139.57 224.00 224.00
bottle 0.531465 210.69 187.08 224.00 224.00
person 0.531402 203.16 66.51 220.47 115.67
person 0.530891 0.00 110.96 11.95 186.89
person 0.530784 92.07 2.98 146.75 71.90
person 0.530610 19.47 38.34 56.42 111.74
bottle 0.530573 146.79 189.03 202.31 224.00
dog 0.529990 0.00 107.55 28.91 188.22
person 0.529971 177.37 65.23 211.02 118.97
person 0.529901 109.68 63.38 171.68 137.78
bottle 0.529724 149.39 120.67 190.17 184.68
person 0.529709 0.00 68.86 17.02 133.54
person 0.529607 214.58 58.01 224.00 103.14
person 0.529507 176.12 0.00 224.00 46.46
person 0.529422 191.46 66.76 217.19 118.41
bottle 0.529236 57.86 179.92 105.76 224.00
person 0.529102 0.00 88.37 13.80 159.09
person 0.529095 220.00 16.93 224.00 68.63
person 0.529022 0.00 0.00 39.29 50.61
person 0.529002 0.00 98.05 63.94 223.45
chair 0.528989 0.00 0.00 19.51 22.69
person 0.528957 24.58 113.92 113.78 224.00
chair 0.528752 0.00 24.66 11.63 77.87
dog 0.528739 11.25 102.30 46.30 190.17
person 0.528650 63.66 130.52 173.07 224.00
bottle 0.528273 33.24 209.48 77.96 224.00
bottle 0.528259 131.42 125.70 155.29 174.42
bottle 0.528199 56.32 205.13 103.16 224.00
car 0.528162 11.86 78.08 56.27 162.83
bottle 0.528009 163.75 190.14 217.57 224.00
person 0.527859 0.00 8.11 42.67 125.73
chair 0.527714 65.47 141.79 109.45 224.00
tvmonitor 0.527685 0.00 31.32 11.23 84.30
bottle 0.527674 44.21 208.75 89.94 224.00
sheep 0.527583 0.00 98.59 30.03 178.72
person 0.527537 165.92 26.55 212.08 144.20
bottle 0.527517 41.56 138.64 88.33 219.99
person 0.527400 120.54 12.77 156.17 67.16
chair 0.527374 0.00 130.77 35.10 208.85
chair 0.527290 8.50 129.18 49.89 208.27
dog 0.527279 22.16 38.49 54.72 99.37
chair 0.527147 90.08 114.44 137.33 181.48
person 0.527111 194.03 87.42 223.45 152.38
person 0.526959 132.08 134.93 212.46 224.00
person 0.526856 85.62 0.00 147.84 102.68
person 0.526771 92.22 193.10 150.76 224.00
bottle 0.526694 16.38 168.10 57.87 222.23
tvmonitor 0.526681 0.00 30.04 30.26 78.41
person 0.526623 133.02 197.99 174.31 224.00
chair 0.526621 70.77 112.04 125.77 202.12
person 0.526289 102.59 33.83 153.52 107.34
bottle 0.526224 92.89 95.41 143.08 171.38
bottle 0.526188 91.95 118.38 136.56 184.22
person 0.526173 219.26 45.23 224.00 88.25
bottle 0.526141 154.06 162.21 206.65 222.43
chair 0.525984 79.43 154.88 121.04 224.00
bottle 0.525557 141.30 194.91 189.08 224.00
person 0.525524 83.06 0.00 133.91 39.11
person 0.525521 22.49 42.12 70.29 130.54
person 0.525463 113.07 197.12 161.32 224.00
bottle 0.525285 66.73 198.72 116.79 224.00
bottle 0.525268 18.24 188.57 57.22 224.00
person 0.525151 108.13 18.09 150.19 85.39
chair 0.525134 23.38 0.00 63.48 18.63
dog 0.525059 17.99 48.61 66.85 122.14
sofa 0.524790 81.13 0.00 134.02 37.78
car 0.524719 0.00 83.96 37.77 160.89
person 0.524717 65.95 4.86 104.93 63.37
person 0.524422 130.65 77.04 187.27 137.84
bottle 0.524367 125.77 110.11 163.08 170.83
person 0.524237 146.44 70.26 194.74 129.30
person 0.524226 0.00 53.03 15.89 108.04
person 0.524223 165.32 18.14 176.62 39.81
person 0.523893 199.66 0.00 210.87 37.28
person 0.523829 133.76 16.23 162.45 58.99
person 0.523718 205.51 0.00 224.00 31.38
bottle 0.523603 0.00 186.75 12.89 224.00
boat 0.523522 0.00 44.55 14.80 97.39
person 0.523407 174.92 18.67 184.16 38.14
person 0.523351 189.65 0.00 215.92 25.17
person 0.523325 150.95 16.48 169.38 43.80
person 0.523242 164.58 22.31 177.27 45.01
chair 0.522929 0.00 147.76 12.48 216.14
bottle 0.522658 179.22 174.22 217.42 224.00
person 0.522625 174.71 23.48 184.85 43.04
chair 0.522526 120.62 186.41 153.73 224.00
bottle 0.522498 32.14 163.03 76.20 224.00
person 0.522447 179.69 0.00 208.55 20.87
person 0.522424 44.52 0.00 108.38 103.60
bottle 0.522372 45.25 181.34 89.99 224.00
chair 0.522256 0.00 0.00 38.07 87.34
chair 0.522242 139.88 180.17 172.93 221.70
person 0.522084 153.10 0.00 213.01 43.28
sofa 0.522074 178.54 76.31 217.74 139.13
chair 0.522054 0.00 0.00 28.11 18.44
chair 0.521943 0.00 0.00 58.24 50.41
bottle 0.521879 140.98 144.67 171.52 187.23
person 0.521830 18.08 0.00 80.69 57.52
person 0.521820 182.78 15.17 192.50 38.02
person 0.521764 191.63 6.77 202.39 39.24
person 0.521649 71.52 0.00 115.36 30.88
person 0.521645 100.40 0.00 159.87 57.50
person 0.521632 61.74 0.00 97.97 26.63
sofa 0.521532 91.15 0.00 138.37 23.29
person 0.521489 124.17 38.25 164.65 102.34
person 0.521422 182.53 21.86 193.09 43.75
car 0.521412 5.40 66.48 51.18 133.78
person 0.521393 147.56 19.94 169.73 50.30
chair 0.521387 38.83 0.00 78.13 24.78
person 0.521365 27.02 32.48 71.71 103.21
dog 0.521320 9.83 33.68 43.77 76.88
person 0.521303 206.93 59.09 219.97 102.23
person 0.521266 192.96 60.31 215.22 104.46
bottle 0.521050 151.77 135.93 193.42 196.06
bottle 0.521034 1.55 190.62 38.52 224.00
person 0.520988 191.09 15.82 202.42 45.12
dog 0.520831 21.38 32.18 52.88 80.54
person 0.520688 52.76 0.00 85.78 26.28
person 0.520500 201.29 8.94 210.18 46.21
person 0.520461 172.38 0.00 201.84 16.48
person 0.520434 57.07 25.22 105.96 102.99
bottle 0.520258 134.31 148.53 157.63 186.48
chair 0.520249 0.00 7.58 9.15 54.66
person 0.520229 212.00 0.00 219.97 43.35
chair 0.520105 26.80 0.00 71.74 33.06
person 0.519729 132.47 27.89 184.46 122.13
chair 0.519715 0.00 22.99 27.49 72.93
chair 0.519680 11.93 0.00 48.35 16.79
person 0.519668 129.97 23.40 162.48 77.55
person 0.519575 190.15 0.00 203.37 34.75
chair 0.519468 62.34 0.00 101.95 47.31
person 0.519364 171.98 88.04 216.37 157.90
person 0.519158 132.53 0.00 193.87 47.95
person 0.519010 150.54 20.13 203.07 121.29
person 0.518965 114.63 0.00 176.04 52.33
person 0.518963 199.30 19.74 210.39 56.89
sofa 0.518839 101.75 0.00 144.63 18.71
person 0.518837 22.30 0.00 79.85 96.93
person 0.518822 138.43 2.50 163.54 43.17
chair 0.518810 70.80 0.00 122.74 51.88
diningtable 0.518778 88.81 0.00 143.07 55.82
person 0.518693 188.48 24.99 202.03 55.84
person 0.518586 122.85 1.36 156.73 50.88
person 0.518543 165.51 0.00 194.12 14.49
person 0.518496 137.97 0.00 171.16 14.54
car 0.518487 15.68 59.03 70.16 125.40
person 0.518406 134.78 39.68 171.42 97.09
bottle 0.518384 140.12 171.52 174.48 211.98
person 0.518366 147.13 0.00 179.34 14.13
chair 0.518349 93.53 129.52 138.36 195.92
person 0.518269 127.65 0.00 162.70 14.63
person 0.518238 150.81 4.51 170.33 36.10
chair 0.518161 96.44 179.92 142.49 224.00
bottle 0.518142 152.74 150.21 197.31 208.00
person 0.518104 113.01 0.00 173.36 97.68
chair 0.518084 0.00 0.00 9.38 38.55
dog 0.517983 13.25 40.26 49.63 82.00
person 0.517958 157.27 0.00 186.98 13.84
person 0.517875 180.72 28.37 193.01 54.42
chair 0.517837 90.37 145.22 135.92 208.96
car 0.517807 113.65 0.00 153.47 15.87
boat 0.517774 0.15 43.82 40.23 89.20
chair 0.517662 0.00 0.00 59.39 94.42
chair 0.517630 31.86 34.35 72.74 94.39
chair 0.517600 29.82 0.00 60.36 40.66
person 0.517531 212.00 16.78 221.81 61.82
chair 0.517513 55.42 0.00 88.97 45.59
bottle 0.517492 128.59 132.91 151.41 181.44
person 0.517370 196.33 33.42 210.52 71.14
person 0.517301 164.67 6.36 177.38 32.90
person 0.517289 173.02 28.93 185.11 54.56
bottle 0.517265 141.61 160.56 173.00 202.41
person 0.517011 193.88 48.59 211.60 87.39
person 0.516736 124.64 177.96 154.45 215.86
chair 0.516645 39.44 0.00 81.58 40.55
person 0.516614 181.79 1.13 194.13 32.58
person 0.516524 167.75 51.32 197.96 98.77
person 0.516410 161.33 28.32 177.10 59.07
person 0.516380 142.61 26.35 169.56 68.15
boat 0.516302 7.62 56.89 48.96 109.05
person 0.516290 212.00 31.22 220.92 72.64
person 0.516267 173.72 5.81 185.13 31.98
person 0.516143 183.69 37.20 202.16 74.65
person 0.516087 178.06 51.03 204.86 93.08
person 0.516020 211.38 46.33 219.39 85.29
aeroplane 0.516013 8.62 25.89 39.76 70.61
chair 0.515898 85.05 165.27 134.88 224.00
dog 0.515870 18.44 25.29 48.61 71.35
person 0.515664 152.40 40.63 179.35 90.42
bottle 0.515501 119.61 148.14 146.14 194.87
bottle 0.515441 0.38 167.44 38.77 218.13
person 0.515267 175.49 39.00 194.25 78.86
aeroplane 0.515218 26.18 3.60 51.47 57.16
person 0.514794 130.80 165.43 154.92 204.82
person 0.514624 166.21 40.07 187.34 83.96
dog 0.514328 0.00 11.34 22.23 54.11
person 0.514012 148.37 0.00 208.33 90.19
chair 0.513822 56.44 19.14 95.87 73.84
person 0.513781 127.62 0.00 189.06 94.05
person 0.513242 121.98 0.00 159.70 30.65
person 0.513231 107.91 167.14 143.06 215.22
person 0.513184 103.95 0.00 151.09 33.23
aeroplane 0.513130 27.23 0.00 54.68 35.57
person 0.513104 135.44 0.00 167.37 27.05
chair 0.512894 39.70 5.82 71.88 60.91
boat 0.512797 0.00 0.00 19.41 32.68
chair 0.512717 36.36 24.13 71.82 73.92
person 0.512209 175.68 0.00 198.63 23.98
person 0.511578 146.96 0.00 175.12 23.31
aeroplane 0.511415 10.84 11.25 33.36 51.98
person 0.510366 159.73 0.00 182.18 21.37
person 0.510327 168.44 0.00 189.67 21.71
aeroplane 0.508931 11.99 0.00 29.00 28.94
aeroplane 0.508141 21.93 0.00 48.33 30.60
