person 0.680309 4.24 3.80 165.39 221.64
person 0.639189 41.39 7.55 214.44 221.80
person 0.606108 100.27 15.87 224.00 224.00
person 0.581520 140.39 12.94 214.55 210.05
bicycle 0.568320 2.62 67.25 175.74 214.52
car 0.560480 20.80 130.45 77.93 220.41
chair 0.560324 145.05 3.84 217.70 199.28
person 0.558939 15.90 35.91 133.45 213.74
bottle 0.556193 16.93 131.52 77.60 217.04
person 0.554722 23.78 25.51 183.99 177.29
bottle 0.553595 11.38 9.38 70.09 38.57
aeroplane 0.552971 15.53 131.25 80.02 214.05
motorbike 0.552292 0.00 77.36 164.29 211.96
dog 0.546180 96.32 141.91 141.24 182.85
bottle 0.546169 26.97 139.80 95.58 211.00
cat 0.546129 130.98 133.50 160.28 182.38
person 0.544967 116.01 62.71 213.30 210.16
chair 0.542837 219.14 47.17 223.81 118.72
dog 0.542179 1.14 137.43 59.81 213.17
sheep 0.541650 179.02 38.13 214.96 111.90
cat 0.541316 182.35 35.98 215.89 116.95
aeroplane 0.540689 30.14 144.68 93.31 210.58
bottle 0.540381 57.67 0.00 208.81 175.94
sheep 0.539805 34.11 145.66 103.30 209.70
bottle 0.539378 76.54 158.48 153.16 219.22
person 0.539345 0.00 17.51 115.51 188.45
sheep 0.539140 18.59 94.07 67.53 163.12
tvmonitor 0.538730 149.16 131.32 195.34 185.63
aeroplane 0.538580 19.16 104.92 68.88 182.18
dog 0.538435 23.39 93.32 66.94 163.63
bottle 0.538400 60.13 40.02 77.60 90.30
motorbike 0.538179 13.23 115.19 123.15 218.85
tvmonitor 0.537791 167.34 131.87 198.62 183.22
bottle 0.537325 52.77 20.18 75.56 83.88
dog 0.537237 78.87 149.49 152.14 216.42
chair 0.536391 184.57 43.27 216.32 120.08
chair 0.536163 220.00 64.78 224.00 131.01
cat 0.535808 176.52 47.57 210.25 106.46
chair 0.535096 220.00 37.29 224.00 103.38
person 0.535088 0.00 206.01 15.85 224.00
cat 0.534992 127.97 131.04 179.62 184.32
person 0.534749 153.60 76.39 224.00 217.64
pottedplant 0.534723 145.39 11.48 218.19 163.76
chair 0.534153 200.23 39.44 220.39 119.77
pottedplant 0.534014 220.00 19.88 224.00 69.34
person 0.534000 171.16 176.63 224.00 224.00
bottle 0.533823 10.48 0.00 95.63 42.91
sheep 0.533562 1.22 133.67 59.68 202.54
dog 0.533307 197.94 206.23 224.00 224.00
bicycle 0.533012 14.97 122.01 162.93 224.00
sheep 0.532987 0.00 209.31 28.72 224.00
cat 0.532563 220.00 24.69 224.00 80.75
tvmonitor 0.532298 220.00 82.61 224.00 145.51
cat 0.532295 150.44 130.31 195.75 186.85
motorbike 0.532195 0.00 112.58 86.47 221.54
bottle 0.532044 125.09 12.57 210.84 160.28
person 0.531982 0.18 69.74 103.39 212.68
tvmonitor 0.531921 220.00 31.14 224.00 92.49
bird 0.531742 0.00 68.48 15.91 111.30
person 0.531505 42.36 71.04 195.03 206.37
sheep 0.531420 0.00 144.08 35.72 214.26
bottle 0.531330 125.74 15.34 139.88 65.14
car 0.531168 15.53 147.00 66.03 210.78
sheep 0.530961 50.32 146.81 118.06 206.44
bottle 0.530833 63.82 25.58 80.17 83.91
dog 0.530791 35.98 19.86 189.70 148.02
dog 0.530776 30.37 95.49 74.56 145.33
chair 0.530763 95.96 141.77 139.32 178.04
dog 0.530733 183.86 211.30 222.42 224.00
pottedplant 0.530463 220.00 11.91 224.00 52.08
dog 0.530234 88.83 137.55 147.56 191.92
bottle 0.529979 55.22 41.98 70.79 89.54
bottle 0.529838 39.01 16.63 71.05 80.57
sheep 0.529673 29.07 92.84 76.17 150.28
bird 0.529599 7.73 69.49 31.06 99.29
bird 0.529353 0.00 91.12 5.56 157.44
bottle 0.529230 94.57 204.57 144.03 224.00
bird 0.528897 3.91 70.00 26.60 105.09
bottle 0.528887 63.58 49.08 83.07 91.05
sheep 0.528880 4.45 94.60 43.60 159.61
bottle 0.528860 116.62 64.20 137.52 94.37
bottle 0.528825 131.21 16.28 146.48 65.31
bottle 0.528798 130.03 65.73 149.56 92.84
sheep 0.528740 12.52 92.17 53.55 155.53
car 0.528712 212.22 0.00 224.00 29.04
bottle 0.528594 123.60 64.59 144.03 94.09
bottle 0.528534 3.74 1.35 68.58 34.28
tvmonitor 0.528519 174.53 103.96 206.12 170.39
bottle 0.528473 107.68 63.61 126.83 92.69
tvmonitor 0.528262 175.32 32.60 206.66 86.05
sheep 0.528113 63.15 149.83 134.79 211.08
bird 0.527861 0.00 98.05 26.09 159.42
bottle 0.527232 14.30 6.61 111.17 126.13
bottle 0.527200 131.04 210.78 163.28 224.00
bottle 0.527064 100.29 61.49 118.02 90.39
bottle 0.527039 0.00 17.91 19.24 51.41
car 0.527021 14.29 0.00 101.22 45.97
car 0.526851 0.00 0.00 75.99 50.10
bottle 0.526708 57.29 54.40 79.88 94.97
tvmonitor 0.526651 220.00 105.94 224.00 172.61
person 0.526578 133.26 165.91 209.82 224.00
bottle 0.526424 112.21 208.07 153.00 224.00
dog 0.526402 18.20 137.05 82.07 209.67
tvmonitor 0.526325 177.73 27.50 202.42 74.50
bottle 0.526147 13.52 0.00 58.22 25.90
tvmonitor 0.526142 126.56 132.19 178.84 182.61
sheep 0.526070 216.87 0.00 224.00 34.40
bottle 0.526028 79.69 206.76 127.35 224.00
bottle 0.526018 12.46 14.11 57.20 66.41
bottle 0.525812 103.15 23.08 115.93 57.70
bird 0.525785 0.00 69.77 11.39 124.64
bottle 0.525736 22.87 14.99 65.08 73.43
bottle 0.525607 11.06 1.87 61.93 49.91
dog 0.525576 35.14 91.52 86.81 131.76
sheep 0.525564 201.38 32.03 219.44 107.23
bottle 0.525559 6.27 14.81 51.38 42.73
aeroplane 0.525550 48.02 160.47 95.17 212.98
tvmonitor 0.525445 182.36 20.80 204.91 69.17
bottle 0.525429 117.19 16.94 130.75 62.35
person 0.525393 92.49 86.57 198.57 205.69
sheep 0.525313 9.66 66.56 36.14 94.27
bottle 0.525236 108.85 21.23 121.64 59.73
bottle 0.525130 3.70 0.00 97.84 65.24
dog 0.525067 81.22 166.47 138.29 217.86
person 0.525021 0.00 145.46 6.98 213.01
sheep 0.524949 33.75 91.46 88.96 134.41
bottle 0.524820 134.86 67.06 155.69 92.95
sheep 0.524793 11.10 84.29 47.22 140.67
tvmonitor 0.524787 171.06 117.30 200.89 177.34
bicycle 0.524783 51.76 145.84 162.22 224.00
tvmonitor 0.524699 185.16 71.44 215.64 140.46
person 0.524644 0.00 0.00 22.37 22.81
bottle 0.524631 0.00 105.80 26.77 161.06
car 0.524596 157.50 0.00 224.00 83.72
bottle 0.524486 0.00 105.93 6.81 163.46
sheep 0.524476 176.07 25.81 210.82 96.81
bottle 0.524419 159.92 21.80 176.76 63.95
sheep 0.524223 75.68 7.12 91.73 30.91
sheep 0.524220 4.91 71.49 34.04 119.02
aeroplane 0.524181 3.65 127.13 57.06 183.14
sheep 0.524152 102.89 27.90 117.12 63.86
bottle 0.524108 132.72 162.79 153.38 203.37
sheep 0.524095 4.70 80.00 35.22 137.00
bottle 0.524082 139.06 211.43 175.45 224.00
chair 0.523961 205.92 57.28 222.65 129.78
aeroplane 0.523946 41.78 165.70 85.60 224.00
bird 0.523901 0.00 77.06 7.64 137.75
person 0.523799 19.26 18.19 143.31 143.96
bottle 0.523759 46.52 54.61 65.58 88.92
sheep 0.523732 83.87 14.45 98.64 37.46
dog 0.523724 78.12 0.00 107.42 15.14
sofa 0.523717 96.12 142.03 145.41 180.77
tvmonitor 0.523552 176.58 85.88 215.58 156.82
bottle 0.523505 60.37 17.23 79.26 74.42
bottle 0.523488 100.60 51.89 118.14 82.05
aeroplane 0.523318 71.44 165.61 130.03 211.66
bottle 0.523295 76.83 13.05 91.40 39.74
dog 0.523284 89.04 179.37 142.33 224.00
bottle 0.523274 186.98 19.87 209.01 69.28
bottle 0.523256 88.98 58.72 109.29 88.91
bicycle 0.523200 90.64 156.82 186.01 224.00
sheep 0.523120 83.07 6.37 98.98 29.38
chair 0.523078 181.56 63.06 214.67 130.69
car 0.523067 69.34 0.00 188.69 78.64
cow 0.523023 0.74 210.79 40.90 224.00
bottle 0.523005 52.96 55.92 72.89 94.83
bottle 0.523001 113.89 161.35 147.68 206.81
dog 0.522907 57.04 147.87 115.65 201.14
dog 0.522894 70.37 0.00 99.53 16.02
tvmonitor 0.522874 167.48 110.97 210.87 180.17
bottle 0.522835 133.29 0.00 162.76 15.27
bottle 0.522825 65.11 208.32 105.21 224.00
bottle 0.522677 130.25 57.21 148.86 86.24
bottle 0.522650 104.40 15.33 114.88 41.73
car 0.522604 42.59 0.00 190.88 109.95
bottle 0.522596 35.03 11.58 74.18 39.56
dog 0.522542 54.58 170.37 91.97 224.00
dog 0.522527 91.21 25.04 107.02 59.31
bottle 0.522501 123.37 57.10 143.18 87.49
bottle 0.522495 166.80 23.10 185.39 63.05
bottle 0.522430 126.24 0.00 155.41 14.28
tvmonitor 0.522416 220.00 127.71 224.00 184.41
dog 0.522403 84.54 0.00 115.24 14.41
bottle 0.522334 172.71 45.01 205.57 87.85
bottle 0.522263 26.63 0.00 75.81 22.95
bottle 0.522246 165.14 56.72 185.97 89.74
aeroplane 0.522230 61.34 164.91 112.80 210.94
bottle 0.522183 1.54 0.00 40.49 21.02
bottle 0.522180 42.44 0.00 82.75 19.63
aeroplane 0.522175 23.13 158.48 75.51 220.88
dog 0.522138 40.56 209.37 81.23 224.00
bottle 0.522138 141.16 0.00 170.59 17.24
bottle 0.522086 48.75 209.01 87.96 224.00
dog 0.521931 92.93 0.00 123.12 14.19
bottle 0.521913 108.09 55.05 127.45 84.69
bottle 0.521909 183.43 17.87 204.10 63.51
car 0.521865 43.43 0.00 149.56 65.97
sheep 0.521858 90.05 30.47 108.27 67.85
aeroplane 0.521802 5.01 117.60 52.73 169.25
bottle 0.521730 101.61 37.52 117.56 72.53
tvmonitor 0.521714 174.14 23.31 193.45 62.46
dog 0.521698 69.31 144.62 133.62 202.17
bottle 0.521637 34.91 30.87 63.84 83.74
dog 0.521629 57.93 0.00 91.24 17.54
cow 0.521602 31.48 209.87 72.95 224.00
bottle 0.521568 194.29 9.40 210.73 39.53
bottle 0.521537 149.44 20.68 166.08 63.24
tvmonitor 0.521532 172.62 29.82 196.16 69.54
bottle 0.521489 43.66 45.86 63.99 85.78
chair 0.521474 170.98 146.37 205.25 194.92
dog 0.521435 155.00 211.34 193.91 224.00
bird 0.521434 7.64 58.92 32.33 90.88
bottle 0.521379 138.17 18.38 153.40 63.74
boat 0.521337 190.95 0.00 217.28 22.97
bottle 0.521316 118.58 0.00 147.77 13.99
sheep 0.521277 8.38 74.26 42.69 124.38
tvmonitor 0.521268 126.36 130.44 159.75 178.25
tvmonitor 0.521261 220.00 145.26 224.00 198.01
sheep 0.521255 89.07 49.80 108.94 82.50
bottle 0.521193 111.27 14.50 120.24 44.64
dog 0.521180 7.22 210.35 51.07 224.00
person 0.521160 0.00 1.74 94.95 103.58
bottle 0.521128 59.77 12.35 80.55 40.58
sheep 0.521125 89.01 64.62 109.60 95.66
car 0.521096 114.02 0.00 202.37 82.26
dog 0.521053 93.18 15.69 105.97 37.51
bird 0.521046 0.00 57.68 17.42 97.68
dog 0.521026 23.03 210.45 64.79 224.00
sheep 0.521000 192.19 0.00 214.17 29.03
dog 0.520946 210.36 193.78 224.00 224.00
dog 0.520943 216.39 182.61 224.00 219.76
dog 0.520897 61.29 54.12 83.66 93.21
dog 0.520894 101.35 0.00 130.51 14.13
bottle 0.520827 59.59 8.08 81.91 32.15
dog 0.520795 92.84 19.98 106.29 47.77
tvmonitor 0.520767 207.77 69.57 223.98 137.57
bird 0.520750 0.00 77.28 23.49 136.81
sheep 0.520672 46.94 144.94 94.04 201.99
bottle 0.520637 150.47 0.00 178.03 19.60
bottle 0.520621 109.86 0.00 139.01 13.97
bottle 0.520617 127.80 10.56 136.46 49.68
dog 0.520607 66.27 172.20 107.57 220.33
dog 0.520573 128.12 101.63 152.24 141.34
sheep 0.520480 131.42 75.82 149.44 105.14
sheep 0.520453 125.37 75.50 143.77 106.31
dog 0.520447 164.91 210.85 205.94 224.00
sheep 0.520438 76.57 55.85 98.59 89.18
bottle 0.520429 109.36 76.75 125.65 108.02
bottle 0.520394 0.00 130.82 6.77 195.06
bottle 0.520393 124.61 35.35 141.26 79.63
bottle 0.520290 14.23 35.77 40.40 75.97
sheep 0.520237 74.36 94.19 105.74 123.90
dog 0.520193 34.43 0.00 157.89 102.27
bottle 0.520182 183.50 0.00 209.50 22.14
sheep 0.520164 100.82 76.31 118.40 107.75
bottle 0.520160 171.94 35.78 201.22 77.07
bird 0.520054 3.31 60.66 28.01 95.37
bottle 0.519944 90.37 161.24 144.11 212.56
dog 0.519880 129.02 94.33 150.74 124.78
bottle 0.519839 131.71 36.12 147.11 78.82
boat 0.519835 130.68 0.00 211.89 117.67
bottle 0.519833 119.79 11.85 128.48 47.60
chair 0.519808 154.33 129.48 196.16 187.62
sheep 0.519794 89.40 73.68 110.70 106.61
sheep 0.519763 0.00 123.75 32.37 179.08
dog 0.519761 129.98 84.61 149.61 112.78
boat 0.519736 203.96 0.00 224.00 27.33
person 0.519724 147.83 141.22 221.41 224.00
bottle 0.519674 118.60 76.28 136.61 107.24
dog 0.519667 175.22 163.54 206.36 205.50
bottle 0.519666 0.00 27.93 15.06 64.32
bottle 0.519658 0.00 43.98 14.37 81.92
tvmonitor 0.519656 204.54 82.81 224.00 154.55
bottle 0.519649 115.84 35.91 133.62 78.73
bottle 0.519601 107.98 38.01 124.64 75.01
dog 0.519554 79.68 182.99 129.37 224.00
sheep 0.519551 68.45 30.17 86.55 81.17
dog 0.519534 220.00 157.41 224.00 204.99
sheep 0.519501 91.62 6.01 106.38 29.04
sheep 0.519495 100.53 88.95 119.04 115.87
sheep 0.519492 91.32 87.02 112.66 116.36
sheep 0.519480 140.14 66.40 162.59 92.58
aeroplane 0.519467 30.40 130.64 83.07 193.38
sheep 0.519456 207.98 23.14 220.51 81.50
sheep 0.519436 123.85 84.98 142.72 113.14
sheep 0.519431 81.83 19.19 98.28 50.81
bottle 0.519379 159.29 0.00 185.43 21.18
bottle 0.519375 102.85 4.90 115.18 30.84
dog 0.519361 38.31 82.05 83.81 124.52
sheep 0.519293 77.40 25.60 97.43 65.94
bottle 0.519266 152.21 62.16 171.66 90.24
bottle 0.519264 175.78 17.70 192.61 57.85
sheep 0.519252 135.74 57.14 154.65 85.19
bottle 0.519230 133.60 10.23 143.49 49.59
cat 0.519196 102.52 141.91 153.95 182.07
cat 0.519125 178.86 71.39 208.23 128.17
bottle 0.519100 0.00 9.86 23.40 42.57
bottle 0.518969 140.66 159.54 161.30 201.68
sheep 0.518953 165.80 60.16 184.66 96.24
sheep 0.518923 80.88 102.33 110.54 133.34
bottle 0.518837 149.25 156.60 175.34 199.19
bottle 0.518819 192.65 14.69 209.62 55.05
bottle 0.518818 188.07 10.09 204.92 40.83
dog 0.518747 16.30 150.85 64.02 211.08
sheep 0.518728 102.42 98.17 118.73 120.72
bottle 0.518703 67.09 36.69 86.33 85.78
sheep 0.518696 0.00 173.60 9.94 224.00
bottle 0.518646 168.20 0.00 193.37 22.12
bottle 0.518644 104.44 1.39 206.57 113.62
bottle 0.518637 119.41 151.10 151.43 202.87
pottedplant 0.518637 152.31 0.00 224.00 111.50
bottle 0.518540 176.53 0.00 201.70 22.03
sheep 0.518523 9.77 71.49 37.24 106.98
person 0.518522 0.00 194.42 12.00 224.00
aeroplane 0.518444 27.16 112.96 78.77 172.21
sheep 0.518390 26.93 83.84 67.85 133.04
tvmonitor 0.518382 163.81 138.22 208.19 188.15
sheep 0.518380 109.20 88.84 126.00 114.73
dog 0.518369 14.50 0.00 132.84 86.01
sheep 0.518342 93.54 97.00 114.05 123.18
tvmonitor 0.518201 178.11 85.60 206.87 143.12
bottle 0.518188 23.70 62.08 49.63 89.16
dog 0.518156 46.64 67.60 73.79 110.62
person 0.518145 132.49 131.97 204.26 224.00
sheep 0.518036 71.47 82.37 103.08 115.36
sheep 0.517949 117.49 87.04 136.29 113.45
dog 0.517939 124.46 95.24 144.21 122.08
bottle 0.517909 4.27 44.30 26.44 78.76
sheep 0.517847 210.66 7.53 219.38 38.91
sheep 0.517826 51.47 136.80 91.10 186.94
sheep 0.517823 73.15 69.37 101.21 103.80
bottle 0.517812 165.96 48.27 187.84 81.25
sheep 0.517778 71.49 0.00 95.58 20.64
sheep 0.517777 55.19 102.65 99.38 143.55
bottle 0.517748 17.95 33.09 52.60 78.24
tvmonitor 0.517723 159.93 109.42 191.67 166.67
dog 0.517597 73.28 187.17 115.72 224.00
bottle 0.517542 163.29 11.34 173.56 47.57
bottle 0.517509 110.79 4.00 121.01 31.78
sheep 0.517412 40.22 104.12 87.93 151.67
bottle 0.517322 134.33 77.37 154.66 105.80
tvmonitor 0.517283 192.57 99.98 224.00 174.12
sheep 0.517264 79.29 0.00 103.37 19.35
bottle 0.517231 0.00 0.00 22.40 32.42
sheep 0.517223 111.26 98.15 125.85 118.53
sheep 0.517120 152.10 66.96 171.88 96.94
sheep 0.517104 207.81 0.00 221.70 32.25
bottle 0.517102 166.45 36.55 189.19 72.64
sheep 0.517099 74.78 16.60 89.57 55.63
bottle 0.517089 182.92 15.16 198.49 56.35
dog 0.517067 162.63 156.25 189.71 198.15
sheep 0.517037 209.54 15.56 219.97 58.33
dog 0.517007 140.86 140.95 176.89 193.23
chair 0.516978 124.59 121.22 158.49 169.80
sheep 0.516943 61.70 56.61 89.15 92.90
bottle 0.516919 157.91 36.94 175.00 73.73
bottle 0.516869 6.26 19.13 36.82 48.08
dog 0.516840 166.46 147.46 208.98 196.84
dog 0.516838 56.06 191.39 91.21 224.00
bottle 0.516822 152.25 10.55 164.54 47.22
dog 0.516715 125.73 111.14 153.84 155.60
bottle 0.516686 184.58 8.30 198.29 38.14
aeroplane 0.516672 48.97 122.54 89.16 166.07
bottle 0.516624 125.15 139.62 154.14 197.82
bottle 0.516571 154.55 52.18 172.65 82.22
sheep 0.516560 40.75 80.22 87.31 122.16
sheep 0.516509 0.00 196.14 25.51 224.00
dog 0.516488 65.50 190.51 102.81 224.00
bottle 0.516450 127.90 1.95 138.19 31.26
dog 0.516424 95.40 136.74 132.59 169.05
bottle 0.516312 119.58 2.91 129.47 31.68
tvmonitor 0.516257 165.10 98.05 189.08 146.24
bottle 0.516194 140.58 10.81 152.31 48.66
dog 0.516192 166.19 170.01 186.28 204.36
bottle 0.516145 134.94 146.83 161.64 196.82
dog 0.516113 123.91 102.55 145.94 139.39
bottle 0.516086 151.90 0.31 163.27 27.36
sheep 0.516041 142.25 55.66 162.35 84.70
bottle 0.515953 134.17 0.83 145.89 30.11
sheep 0.515952 44.29 69.53 73.13 109.99
bottle 0.515927 154.48 167.71 173.79 204.56
bottle 0.515911 170.86 13.00 181.90 49.85
sheep 0.515897 0.00 169.49 29.83 224.00
bottle 0.515839 4.90 25.51 29.16 58.24
sheep 0.515814 119.21 97.10 137.47 119.15
sheep 0.515762 83.81 112.00 115.64 146.78
sheep 0.515753 75.29 39.80 96.55 80.97
dog 0.515733 180.22 179.08 212.28 214.48
bottle 0.515727 138.55 36.48 154.02 76.33
sheep 0.515715 63.98 115.76 104.05 153.83
bottle 0.515609 162.07 1.47 170.99 28.30
bottle 0.515601 141.42 0.21 153.88 28.26
dog 0.515568 166.06 180.89 186.09 217.44
sheep 0.515555 104.33 103.25 120.05 129.09
dog 0.515490 175.45 174.87 199.48 207.41
bottle 0.515487 13.40 58.12 41.81 87.29
sheep 0.515472 26.31 63.90 50.78 92.17
dog 0.515455 123.37 122.70 156.73 170.56
bottle 0.515370 56.82 0.00 86.27 22.36
dog 0.515329 95.59 103.40 117.38 132.89
dog 0.515225 33.89 186.95 78.30 224.00
bottle 0.515135 178.67 5.98 189.73 34.99
bottle 0.515006 22.27 52.78 50.28 83.96
bottle 0.514963 11.20 20.27 42.69 58.13
sheep 0.514913 95.72 0.00 119.30 18.29
dog 0.514908 165.11 92.81 187.49 136.35
sheep 0.514891 86.12 0.00 111.08 18.35
sheep 0.514850 71.60 131.24 107.42 162.55
dog 0.514752 139.09 99.61 176.66 146.81
tvmonitor 0.514740 128.80 115.99 175.49 171.39
tvmonitor 0.514727 134.73 106.41 175.16 156.93
bottle 0.514714 170.38 3.67 179.71 30.94
dog 0.514706 128.80 102.00 164.44 145.14
sheep 0.514703 69.92 140.75 110.38 179.32
dog 0.514573 155.83 177.14 174.72 216.64
dog 0.514503 101.31 112.22 122.49 145.76
dog 0.514451 53.29 65.02 84.33 106.50
dog 0.514442 186.76 194.72 217.28 224.00
bottle 0.514351 146.40 36.84 163.75 74.98
dog 0.514339 165.48 66.43 183.44 104.65
dog 0.514319 112.12 103.44 125.96 128.41
sheep 0.514280 55.54 66.11 90.77 104.42
dog 0.514093 20.91 187.33 61.91 224.00
bottle 0.514059 130.08 173.82 153.64 212.32
bottle 0.514030 103.88 0.00 125.84 18.11
dog 0.514021 132.05 96.09 162.78 130.77
dog 0.513951 139.39 77.34 161.67 106.22
sheep 0.513794 107.02 186.03 149.13 224.00
dog 0.513684 175.59 186.12 200.11 218.11
sheep 0.513648 26.74 69.65 56.32 108.42
dog 0.513608 177.02 76.57 208.17 123.64
dog 0.513543 164.81 80.67 184.47 117.98
dog 0.513371 141.29 93.31 174.83 133.44
dog 0.513269 96.09 124.65 126.71 159.17
tvmonitor 0.513235 180.86 123.94 221.70 182.86
dog 0.513220 149.83 72.37 170.55 104.08
sheep 0.513180 8.45 162.32 50.60 220.85
bottle 0.513174 129.33 190.88 158.05 224.00
dog 0.513071 136.12 87.10 161.65 115.17
dog 0.513048 106.58 137.20 152.06 178.65
dog 0.512925 118.68 103.58 137.47 133.29
bottle 0.512880 144.54 175.34 162.57 214.37
dog 0.512751 145.14 83.32 171.59 115.16
dog 0.512705 181.51 190.46 209.11 221.47
dog 0.512666 117.80 112.90 147.40 155.75
dog 0.512472 159.78 200.43 189.31 224.00
dog 0.512360 150.55 197.48 180.17 224.00
chair 0.512274 97.48 125.51 130.11 160.22
dog 0.512169 194.53 183.83 219.37 217.51
dog 0.511780 141.84 194.50 169.34 224.00
sheep 0.511425 85.57 124.03 121.41 157.76
chair 0.511038 110.78 125.44 150.16 168.97
dog 0.510843 170.09 202.86 202.77 224.00
dog 0.510765 177.96 205.05 214.93 224.00
sofa 0.510596 178.04 139.03 220.97 192.62
dog 0.510500 190.06 169.69 219.82 209.57
dog 0.510280 1.77 192.61 41.55 224.00
dog 0.510239 9.82 190.74 52.16 224.00
dog 0.510150 182.84 152.79 220.54 201.01
dog 0.509911 110.45 113.78 137.22 151.27
dog 0.509653 87.77 134.85 127.37 164.68
