boat 0.685257 0.00 55.85 217.06 192.99
boat 0.599215 185.79 149.67 217.95 178.24
boat 0.592847 181.67 120.51 220.47 146.61
car 0.582004 193.60 150.75 221.81 182.36
car 0.579575 176.36 196.70 215.10 216.53
car 0.578772 176.20 191.59 216.33 211.42
boat 0.576426 54.75 41.83 216.66 164.61
boat 0.576225 178.59 158.09 214.18 180.67
boat 0.575676 106.91 36.66 142.30 62.30
aeroplane 0.570695 9.35 36.62 100.83 93.38
boat 0.569727 191.16 144.00 223.59 174.85
boat 0.566964 186.03 129.06 222.72 158.86
car 0.566112 188.51 189.53 219.68 209.12
boat 0.565931 33.56 36.10 108.50 78.13
boat 0.564596 173.85 122.73 215.79 143.24
aeroplane 0.564007 8.69 21.37 98.85 80.08
aeroplane 0.562809 29.50 36.79 113.83 81.04
boat 0.560344 188.40 136.63 223.83 167.93
car 0.558885 201.11 161.64 221.93 192.56
car 0.557876 200.18 174.96 221.70 202.00
car 0.554808 186.65 194.64 219.21 212.79
bird 0.552803 43.08 54.78 108.42 125.78
boat 0.552362 186.70 155.83 216.29 185.40
boat 0.551308 161.23 124.05 209.08 139.54
car 0.550308 194.80 192.38 223.46 213.68
boat 0.548930 6.39 43.76 152.60 184.07
boat 0.548552 55.25 63.50 117.35 129.11
boat 0.546674 104.64 109.60 144.71 156.14
boat 0.545013 56.62 132.56 83.66 203.66
aeroplane 0.543838 8.70 71.28 90.29 136.78
boat 0.543770 102.01 129.28 130.03 192.92
boat 0.543519 175.48 92.44 222.09 118.96
boat 0.542960 151.21 200.37 217.59 224.00
bird 0.542855 18.55 57.50 96.21 127.13
boat 0.542633 176.67 112.16 224.00 144.34
boat 0.542215 113.89 115.67 149.63 148.33
boat 0.541801 169.54 163.60 199.82 177.87
boat 0.541429 112.16 44.52 140.90 72.10
boat 0.540892 131.39 118.54 165.98 142.18
aeroplane 0.540777 100.18 129.39 130.40 192.95
boat 0.540679 16.03 16.46 99.80 78.39
aeroplane 0.539829 58.76 130.42 85.34 205.26
car 0.539466 179.81 179.70 216.98 201.71
boat 0.539434 3.75 43.15 84.71 170.50
boat 0.539391 177.70 89.37 219.33 108.62
boat 0.539378 152.90 120.17 201.21 138.49
boat 0.539374 150.89 123.55 187.51 140.52
aeroplane 0.539297 0.86 51.78 199.02 194.34
boat 0.539207 50.17 33.79 121.93 72.00
train 0.538431 1.36 41.77 77.42 169.46
boat 0.538322 115.64 75.00 143.77 106.69
boat 0.537953 176.43 100.19 224.00 133.10
boat 0.537883 121.48 42.51 224.00 150.85
boat 0.537009 181.19 140.77 218.09 171.86
boat 0.536897 170.62 62.09 207.28 79.05
car 0.536298 181.83 164.60 213.92 191.53
aeroplane 0.536185 55.67 0.00 118.76 21.19
boat 0.535971 82.00 35.31 142.65 65.06
boat 0.535485 163.77 69.36 211.82 84.70
car 0.535107 176.27 194.58 224.00 224.00
boat 0.535022 25.69 48.88 108.07 126.59
boat 0.534968 76.92 94.87 118.04 152.56
boat 0.534889 124.60 196.44 195.23 224.00
boat 0.534631 113.45 54.89 142.13 86.93
boat 0.534599 36.65 40.04 118.51 111.73
boat 0.534541 41.52 139.78 81.54 204.31
boat 0.534512 164.81 76.02 216.19 92.00
boat 0.534145 116.78 79.98 138.92 115.20
boat 0.533702 161.63 164.82 181.93 178.26
aeroplane 0.533643 23.51 155.50 77.85 206.13
aeroplane 0.533370 78.23 131.88 110.74 195.49
bird 0.533354 76.39 92.07 110.87 152.20
boat 0.533307 176.00 129.76 216.52 156.27
boat 0.533186 184.95 87.50 224.00 113.02
aeroplane 0.533177 27.73 78.70 82.95 130.64
boat 0.533165 165.38 82.29 218.17 99.30
boat 0.532977 75.16 83.57 108.45 147.04
boat 0.532955 113.23 66.72 148.86 98.93
boat 0.532883 17.72 103.35 166.55 207.00
boat 0.532863 81.51 75.29 125.43 115.90
boat 0.532788 173.82 149.92 211.35 175.82
boat 0.532699 95.63 110.09 140.22 177.55
boat 0.532468 108.04 29.87 142.64 54.32
boat 0.532255 165.28 54.88 201.91 72.70
boat 0.532052 159.17 160.07 180.69 176.71
car 0.531804 166.86 191.60 210.67 205.05
person 0.531802 79.62 97.95 123.50 160.14
boat 0.531771 116.04 103.51 140.83 147.41
aeroplane 0.531764 101.66 189.50 139.96 212.74
person 0.531251 0.00 204.93 20.49 224.00
person 0.531180 80.10 129.66 111.17 195.94
car 0.531061 0.00 86.98 11.38 146.20
boat 0.531016 107.76 76.52 137.56 108.41
aeroplane 0.530900 14.88 82.03 74.99 140.51
boat 0.530806 129.54 68.42 168.13 95.15
boat 0.530599 174.90 71.55 210.67 88.82
boat 0.530584 32.73 141.46 157.86 224.00
boat 0.530580 186.47 61.46 212.59 80.82
boat 0.530241 84.63 182.15 176.74 224.00
person 0.530083 66.30 115.63 85.25 191.08
boat 0.529749 127.95 38.41 153.76 62.05
boat 0.529607 178.34 54.16 207.63 73.24
person 0.529603 88.83 121.60 127.03 191.22
boat 0.529539 194.68 19.05 216.20 35.75
aeroplane 0.529465 10.50 48.85 94.08 119.34
person 0.529373 84.00 107.64 126.32 176.61
boat 0.529307 86.99 101.00 130.42 153.75
boat 0.529246 155.94 87.13 216.27 113.03
boat 0.529246 154.40 71.59 206.04 90.13
boat 0.529154 188.06 53.05 212.73 73.61
bird 0.529152 0.00 209.05 33.75 224.00
person 0.529117 95.76 119.81 139.87 189.53
boat 0.529085 147.95 34.29 166.07 54.36
boat 0.528977 0.00 0.00 17.36 27.16
boat 0.528926 16.41 30.31 98.66 99.28
aeroplane 0.528913 203.67 0.00 224.00 21.87
boat 0.528871 0.00 28.54 57.41 130.83
boat 0.528757 164.74 127.42 208.16 147.93
boat 0.528699 148.84 40.98 168.62 61.41
boat 0.528686 130.24 74.43 171.49 100.89
car 0.528674 2.83 38.73 54.06 93.42
aeroplane 0.528559 206.65 8.12 224.00 32.58
boat 0.528504 116.65 89.13 136.92 130.72
bird 0.528479 37.46 68.56 90.43 124.97
aeroplane 0.528478 91.20 127.21 123.53 190.45
boat 0.528448 179.71 82.92 216.15 103.08
aeroplane 0.528441 17.00 0.00 83.61 56.02
boat 0.528431 0.00 0.00 46.20 52.42
boat 0.528429 153.24 164.77 172.34 178.60
boat 0.528419 194.40 12.42 217.48 30.39
boat 0.528350 145.47 27.68 163.97 46.58
car 0.528279 3.61 86.22 32.83 143.64
aeroplane 0.528272 67.29 130.98 95.44 199.13
boat 0.528186 206.58 58.91 224.00 84.27
boat 0.528152 107.09 81.92 131.43 117.33
bird 0.528102 55.78 70.15 96.12 128.47
boat 0.528076 144.24 163.09 162.11 181.49
person 0.527929 73.56 96.93 100.69 161.42
boat 0.527860 209.18 50.45 224.00 76.80
boat 0.527838 162.86 111.66 215.63 136.44
boat 0.527737 151.45 160.07 172.72 176.64
boat 0.527733 155.62 65.22 203.81 82.14
bird 0.527695 65.90 97.59 88.96 160.73
boat 0.527691 129.62 59.54 163.02 86.24
boat 0.527656 0.00 0.00 11.73 37.79
boat 0.527481 152.43 78.34 207.76 98.39
boat 0.527311 206.57 15.23 224.00 37.58
boat 0.527290 156.09 29.56 177.10 46.86
person 0.527267 70.56 127.18 95.07 197.52
boat 0.527218 183.46 72.52 213.47 92.34
boat 0.527140 142.90 158.06 163.36 178.94
boat 0.527100 113.64 79.79 220.45 169.15
car 0.527057 0.00 36.34 33.88 93.25
person 0.527015 78.30 106.14 111.90 176.39
boat 0.526926 194.36 24.09 215.31 41.69
bird 0.526888 70.19 83.37 104.36 142.91
boat 0.526881 133.52 14.31 151.70 31.35
aeroplane 0.526840 6.20 32.26 66.41 90.83
boat 0.526825 167.16 0.00 224.00 48.43
aeroplane 0.526776 61.73 4.53 117.29 25.79
boat 0.526732 143.04 21.17 161.68 38.63
aeroplane 0.526658 62.22 107.32 83.86 174.61
boat 0.526639 156.38 59.27 199.03 75.96
boat 0.526610 131.80 20.72 151.61 39.48
boat 0.526587 156.81 52.20 191.88 70.12
boat 0.526578 197.48 60.39 220.21 82.15
boat 0.526572 149.77 47.99 173.95 68.24
boat 0.526568 49.41 209.27 82.19 224.00
bird 0.526520 64.69 69.22 105.92 133.47
boat 0.526420 162.72 44.32 192.14 63.36
aeroplane 0.526389 103.03 175.48 138.70 209.85
boat 0.526277 200.84 16.78 220.58 34.78
boat 0.526276 58.21 208.42 90.74 224.00
boat 0.526181 110.19 100.00 134.77 144.67
boat 0.526166 189.70 42.87 214.04 64.69
aeroplane 0.526146 87.08 199.97 139.48 224.00
boat 0.526089 157.21 35.45 178.56 53.28
boat 0.526065 147.07 76.41 194.10 97.00
boat 0.526016 90.63 0.00 153.61 45.02
boat 0.526006 165.92 150.37 198.18 173.82
car 0.525977 0.00 72.88 13.76 133.56
aeroplane 0.525943 7.68 84.54 48.50 141.15
boat 0.525916 164.49 29.70 186.36 47.03
bird 0.525915 44.55 82.15 86.45 133.51
boat 0.525837 157.19 43.27 183.80 61.97
boat 0.525834 130.17 49.80 158.20 76.34
aeroplane 0.525783 11.33 105.31 138.86 197.68
boat 0.525750 163.01 97.20 219.21 129.05
boat 0.525747 159.12 126.63 196.07 146.06
boat 0.525728 174.66 44.31 203.17 63.84
boat 0.525630 164.46 35.40 187.03 53.19
boat 0.525598 172.53 29.61 194.58 45.68
boat 0.525559 42.69 0.00 203.65 182.53
boat 0.525520 192.27 80.28 223.82 107.02
aeroplane 0.525420 15.56 94.92 60.14 148.62
boat 0.525281 209.66 41.42 224.00 69.24
person 0.525277 72.68 105.83 96.26 177.09
boat 0.525228 15.53 0.00 79.92 43.68
boat 0.525193 4.62 140.49 124.05 224.00
aeroplane 0.525193 98.32 194.99 142.18 218.71
boat 0.525168 199.52 51.94 220.61 74.45
boat 0.525157 189.83 0.00 218.60 16.87
boat 0.525129 0.00 14.70 49.02 100.25
boat 0.525032 129.24 27.31 152.39 48.13
boat 0.525009 200.71 69.68 224.00 96.22
boat 0.524983 38.27 210.12 75.35 224.00
boat 0.524974 197.11 0.00 224.00 18.99
boat 0.524928 63.88 131.11 94.58 197.15
boat 0.524926 201.38 10.18 221.54 29.79
boat 0.524904 105.44 0.00 172.90 41.04
car 0.524896 0.00 158.62 11.46 205.57
boat 0.524895 149.91 63.13 187.93 82.34
boat 0.524876 144.50 111.50 190.18 135.76
boat 0.524794 153.86 23.05 176.74 40.36
boat 0.524775 177.45 168.78 211.83 188.00
bird 0.524678 60.66 84.65 93.71 138.59
bird 0.524635 0.00 154.50 64.77 224.00
bird 0.524561 57.49 97.77 84.00 157.85
boat 0.524461 206.59 21.68 224.00 44.45
aeroplane 0.524440 18.48 111.63 54.80 157.34
aeroplane 0.524417 3.88 147.95 112.31 224.00
boat 0.524391 118.05 90.67 147.42 132.56
boat 0.524374 150.61 55.41 181.49 75.06
aeroplane 0.524354 103.07 154.11 134.07 207.16
boat 0.524334 157.92 192.34 189.54 205.33
boat 0.524318 131.47 159.59 154.21 184.48
boat 0.524287 171.69 35.14 195.00 52.27
aeroplane 0.524279 1.57 156.62 30.16 196.11
boat 0.524214 130.08 81.57 171.96 111.51
aeroplane 0.524199 19.88 123.70 55.05 168.74
aeroplane 0.524178 39.43 95.92 78.04 152.81
aeroplane 0.524163 8.00 60.05 74.58 124.09
boat 0.524100 108.41 89.11 130.25 130.28
boat 0.524045 136.10 0.00 212.08 36.05
boat 0.524009 188.39 27.23 210.97 42.41
aeroplane 0.523988 73.82 205.83 123.35 224.00
bird 0.523946 50.92 91.31 84.99 144.13
aeroplane 0.523904 46.59 108.01 77.88 169.84
boat 0.523846 180.90 29.22 203.38 43.71
boat 0.523781 32.55 51.76 167.79 155.79
boat 0.523697 2.37 37.43 56.38 92.10
boat 0.523650 66.96 207.57 109.71 224.00
boat 0.523620 45.60 149.83 75.03 210.05
boat 0.523570 143.16 75.37 224.00 156.78
aeroplane 0.523553 23.90 93.28 73.86 149.81
boat 0.523540 149.87 192.29 170.39 206.07
boat 0.523491 133.91 200.44 169.89 224.00
aeroplane 0.523462 2.90 168.99 29.44 205.08
aeroplane 0.523461 23.73 210.98 64.95 224.00
boat 0.523438 122.55 14.05 145.90 31.62
aeroplane 0.523430 51.86 120.30 80.05 184.99
aeroplane 0.523417 17.20 0.00 76.80 29.65
boat 0.523407 148.02 196.70 174.57 213.62
boat 0.523378 125.92 153.21 154.18 181.70
boat 0.523361 111.75 21.53 142.84 44.28
aeroplane 0.523337 0.94 144.97 28.81 187.72
boat 0.523322 140.28 189.79 206.43 224.00
boat 0.523297 69.67 150.31 178.37 224.00
car 0.523273 155.80 196.94 193.95 212.96
aeroplane 0.523215 4.10 73.32 35.11 133.48
boat 0.523145 192.56 71.96 219.32 94.70
boat 0.523124 188.45 22.31 212.32 36.33
boat 0.523124 82.40 83.97 117.36 133.64
aeroplane 0.523014 42.07 24.57 110.41 73.46
car 0.523006 0.00 60.40 16.91 122.53
boat 0.522978 142.20 192.55 159.41 206.99
aeroplane 0.522974 30.11 133.62 79.48 194.34
aeroplane 0.522945 0.00 122.18 73.51 214.02
boat 0.522925 158.06 150.34 181.02 172.94
boat 0.522912 163.70 190.16 224.00 224.00
aeroplane 0.522908 23.75 167.58 67.55 208.06
aeroplane 0.522785 112.79 191.85 145.55 208.76
boat 0.522784 140.50 13.29 160.35 30.99
boat 0.522746 192.68 31.81 214.59 51.31
car 0.522713 148.80 200.59 198.44 224.00
boat 0.522708 58.94 0.00 126.77 45.72
car 0.522698 0.00 48.21 21.00 111.77
aeroplane 0.522695 22.45 0.00 68.44 13.37
boat 0.522683 140.10 196.47 161.81 213.91
boat 0.522656 152.97 126.39 182.93 147.82
boat 0.522619 201.34 22.28 220.55 41.13
car 0.522619 0.00 140.55 9.56 190.98
boat 0.522578 179.08 35.00 202.61 51.79
aeroplane 0.522538 37.54 0.00 88.52 14.96
boat 0.522507 68.65 31.01 166.75 137.18
aeroplane 0.522482 0.77 210.91 42.70 224.00
boat 0.522426 208.67 30.58 224.00 56.17
aeroplane 0.522365 131.68 193.58 151.87 207.80
boat 0.522364 54.54 49.99 124.18 105.93
boat 0.522358 131.36 0.00 160.05 18.86
boat 0.522342 163.66 23.95 187.07 42.22
car 0.522326 0.00 112.88 11.58 159.68
boat 0.522251 156.03 0.00 189.95 15.39
aeroplane 0.522206 15.34 125.27 48.02 161.55
aeroplane 0.522202 10.87 170.76 41.52 201.31
boat 0.522173 141.16 148.27 162.75 174.87
boat 0.522152 144.79 84.27 195.95 109.16
person 0.522143 122.85 200.14 160.93 224.00
boat 0.522064 41.98 0.00 107.59 43.61
aeroplane 0.521961 28.49 107.47 71.49 164.89
aeroplane 0.521955 15.92 145.06 69.50 198.89
boat 0.521872 200.75 42.11 221.20 66.32
boat 0.521867 185.76 33.81 209.14 51.38
aeroplane 0.521818 89.75 184.81 132.88 214.10
boat 0.521779 130.21 94.92 168.80 129.95
boat 0.521767 165.01 0.00 197.34 15.99
aeroplane 0.521764 77.73 149.02 114.52 207.60
boat 0.521721 0.00 0.00 25.16 21.51
aeroplane 0.521694 31.62 121.16 73.68 179.17
boat 0.521689 0.00 169.23 11.13 216.49
aeroplane 0.521670 18.18 133.98 61.13 184.03
aeroplane 0.521660 109.00 198.18 153.74 224.00
boat 0.521608 102.04 142.12 142.36 185.13
aeroplane 0.521515 7.81 158.52 44.13 195.12
boat 0.521492 149.50 12.80 175.31 32.93
boat 0.521439 5.59 0.00 65.33 66.95
boat 0.521427 120.23 0.00 153.52 18.76
boat 0.521403 0.00 8.30 17.49 60.43
boat 0.521365 172.17 24.50 195.05 40.99
car 0.521289 159.50 199.11 216.32 222.52
boat 0.521254 106.11 27.00 205.58 130.83
aeroplane 0.521242 72.64 7.35 127.96 22.98
aeroplane 0.521215 8.09 99.35 41.90 146.18
aeroplane 0.521205 48.71 0.00 101.63 16.80
boat 0.521198 0.00 21.42 26.78 77.91
aeroplane 0.521186 128.45 196.96 153.59 213.81
boat 0.521124 114.13 178.51 194.51 224.00
boat 0.521106 174.56 0.00 204.98 16.27
boat 0.521083 104.41 121.55 149.89 166.15
aeroplane 0.520895 6.73 44.33 59.22 111.02
aeroplane 0.520850 8.40 114.34 39.09 151.31
boat 0.520827 180.53 24.34 204.01 38.38
aeroplane 0.520758 112.25 195.61 147.30 214.32
boat 0.520745 151.09 150.35 172.30 172.90
boat 0.520703 2.50 3.08 22.91 42.52
boat 0.520694 116.68 140.68 152.12 176.45
bird 0.520681 0.00 192.78 14.56 224.00
aeroplane 0.520667 97.47 0.00 146.08 16.70
aeroplane 0.520663 9.09 124.47 37.33 158.93
boat 0.520642 165.38 136.82 203.09 163.65
boat 0.520594 146.39 0.00 180.40 15.87
boat 0.520594 145.00 9.13 224.00 115.11
car 0.520542 4.41 114.60 30.74 153.06
aeroplane 0.520440 12.46 0.00 51.65 13.18
boat 0.520319 188.44 14.85 213.72 31.21
aeroplane 0.520290 6.99 146.53 42.45 186.54
aeroplane 0.520205 48.03 163.13 75.31 215.52
boat 0.520031 112.65 12.47 143.80 29.64
aeroplane 0.519841 2.52 132.72 28.27 173.78
aeroplane 0.519827 89.65 170.67 130.76 209.58
aeroplane 0.519802 82.85 180.01 124.00 217.82
aeroplane 0.519779 13.72 0.00 64.94 41.39
aeroplane 0.519705 102.81 11.56 142.13 27.07
boat 0.519640 135.61 132.11 162.77 164.45
boat 0.519634 154.38 167.85 171.07 180.72
boat 0.519633 7.20 92.37 121.69 193.97
aeroplane 0.519611 4.03 123.23 29.29 161.56
boat 0.519580 157.91 95.53 224.00 167.58
boat 0.519555 160.71 12.66 187.14 36.29
aeroplane 0.519404 87.48 150.29 125.58 206.18
boat 0.519361 109.76 155.31 144.46 193.18
boat 0.519294 142.96 97.22 193.65 127.87
boat 0.519262 153.19 0.00 224.00 79.56
boat 0.519261 152.02 140.87 216.32 207.43
aeroplane 0.519200 30.92 0.00 94.42 25.56
boat 0.519192 143.87 183.66 159.96 199.84
aeroplane 0.519188 82.00 166.33 120.52 212.05
boat 0.519166 2.72 12.27 34.45 62.51
aeroplane 0.519147 8.59 134.22 39.16 171.26
boat 0.519123 138.67 0.00 170.83 18.03
boat 0.519090 83.59 40.00 135.92 74.47
aeroplane 0.519079 5.66 0.00 38.01 16.27
boat 0.519078 201.57 30.91 220.62 52.56
aeroplane 0.518940 7.42 0.00 37.61 33.22
aeroplane 0.518895 12.01 0.00 59.16 22.72
aeroplane 0.518886 14.38 135.25 52.66 175.20
boat 0.518879 158.75 135.70 187.76 161.28
aeroplane 0.518862 1.51 178.51 26.69 220.30
aeroplane 0.518715 49.64 9.15 110.51 50.71
boat 0.518713 84.36 0.00 155.04 78.78
aeroplane 0.518710 89.87 10.16 140.18 23.33
boat 0.518615 144.40 172.76 160.52 191.16
aeroplane 0.518547 18.58 172.17 56.94 205.68
boat 0.518502 134.80 104.00 216.33 180.03
aeroplane 0.518450 111.69 180.84 145.05 204.44
car 0.518407 169.41 181.01 209.50 196.00
boat 0.518399 133.68 171.47 153.15 195.03
aeroplane 0.518363 24.89 174.18 59.95 214.34
boat 0.518297 133.17 183.93 152.34 202.14
boat 0.517950 180.58 149.95 224.00 210.97
aeroplane 0.517911 55.37 3.62 114.05 35.36
aeroplane 0.517897 13.01 16.90 72.60 60.37
boat 0.517853 152.09 183.36 170.22 197.22
aeroplane 0.517777 57.41 163.22 80.15 217.16
boat 0.517736 107.16 0.00 146.97 20.08
boat 0.517676 152.09 136.03 176.76 162.09
boat 0.517644 81.32 54.15 134.82 94.69
boat 0.517623 170.70 116.62 224.00 184.05
aeroplane 0.517546 5.95 21.42 56.99 69.27
boat 0.517472 170.88 14.01 195.48 35.60
aeroplane 0.517380 110.68 165.56 145.00 199.86
boat 0.517339 49.02 31.36 146.01 115.10
aeroplane 0.517268 0.00 196.59 28.40 224.00
boat 0.517216 79.17 112.91 199.90 204.34
boat 0.517139 160.91 182.45 189.54 196.00
aeroplane 0.517128 71.86 170.79 105.54 218.26
aeroplane 0.517111 7.33 9.51 44.02 48.12
boat 0.517022 185.56 0.00 212.25 22.67
boat 0.516956 116.24 0.00 198.88 74.18
boat 0.516846 67.99 157.01 101.54 211.74
aeroplane 0.516652 29.25 2.48 97.89 47.69
aeroplane 0.516424 94.09 18.89 143.08 40.08
boat 0.516324 153.34 172.81 170.31 188.00
boat 0.516262 180.29 15.56 204.94 32.97
bird 0.516007 0.00 136.62 105.58 224.00
boat 0.515687 163.34 171.78 186.67 188.00
aeroplane 0.515470 10.21 178.33 36.63 215.55
boat 0.515098 74.56 24.03 140.14 60.40
boat 0.515001 121.15 131.99 208.08 204.00
boat 0.514638 27.88 0.00 95.95 64.17
boat 0.514563 53.84 0.00 132.42 67.77
aeroplane 0.514518 78.67 195.52 125.10 224.00
boat 0.514415 48.55 187.64 76.80 224.00
boat 0.514357 58.63 187.32 83.88 224.00
aeroplane 0.514343 73.41 13.40 132.10 39.37
aeroplane 0.513813 25.10 192.85 59.71 224.00
boat 0.513005 70.41 191.47 108.24 224.00
boat 0.512614 36.03 189.04 70.27 224.00
aeroplane 0.510850 12.96 195.78 49.00 224.00
