car 0.635482 77.13 92.55 207.03 171.40
car 0.616880 66.79 110.82 197.45 195.88
car 0.576395 72.66 132.23 175.54 198.91
car 0.575416 57.56 43.93 215.83 174.96
car 0.564306 94.96 103.49 187.46 179.30
car 0.557571 110.36 90.52 197.22 161.41
car 0.556904 123.71 79.83 224.00 170.23
car 0.552374 220.00 82.61 224.00 134.61
pottedplant 0.546968 0.00 118.00 8.83 185.38
person 0.546549 27.51 0.00 209.29 170.19
person 0.545678 57.22 61.42 190.52 185.39
boat 0.543379 81.47 95.12 145.93 163.68
person 0.542226 82.54 87.49 143.77 151.84
car 0.542145 79.79 149.77 160.87 202.06
car 0.541645 142.43 82.17 200.14 152.95
car 0.540840 220.00 131.59 224.00 165.81
car 0.540605 218.79 95.68 223.46 143.86
car 0.539648 81.91 87.82 164.84 157.51
aeroplane 0.539464 42.01 38.61 174.88 179.14
car 0.539033 80.43 122.31 152.43 187.61
chair 0.538941 0.00 132.58 11.23 205.79
bottle 0.538387 0.00 143.01 11.84 213.15
dog 0.537997 0.00 109.39 23.56 210.82
car 0.537762 6.08 0.00 198.44 202.82
car 0.537268 151.50 85.86 224.00 188.13
sheep 0.537010 0.00 154.33 12.09 218.33
car 0.536577 218.92 110.42 223.89 151.36
cow 0.536331 0.00 100.21 22.64 208.05
car 0.536134 220.00 67.90 224.00 115.79
person 0.535931 53.57 158.36 92.15 205.00
car 0.535862 153.31 110.16 190.40 175.72
car 0.535692 80.40 105.94 161.81 175.18
car 0.535139 157.88 78.95 204.20 142.14
car 0.535121 187.87 0.00 224.00 42.47
boat 0.534951 50.40 151.49 88.25 202.90
dog 0.534656 0.00 152.68 31.65 224.00
train 0.534628 0.00 0.00 168.93 167.16
bottle 0.533347 0.00 199.44 18.15 224.00
person 0.532600 83.13 84.37 133.10 133.45
aeroplane 0.532272 9.62 33.37 110.03 167.37
car 0.532223 56.08 0.00 169.00 130.09
person 0.531593 64.79 79.83 86.03 133.95
train 0.531583 52.58 45.63 210.17 173.80
aeroplane 0.531500 0.00 14.17 108.63 124.54
car 0.530845 220.00 51.36 224.00 97.94
person 0.530793 91.90 211.15 135.55 224.00
car 0.530767 166.96 166.56 224.00 224.00
car 0.530752 68.02 75.43 224.00 224.00
car 0.530667 212.00 82.91 220.55 130.05
person 0.530374 59.78 79.16 77.71 133.99
aeroplane 0.530319 13.87 13.96 164.50 141.33
cow 0.530233 0.00 70.08 33.24 190.03
car 0.530090 165.21 117.80 199.25 171.40
person 0.530017 81.95 18.86 98.92 42.23
car 0.529923 219.53 138.67 224.00 177.69
person 0.529877 55.07 20.56 69.04 51.52
person 0.529815 62.10 20.89 76.30 49.41
sheep 0.529739 0.00 204.09 27.09 224.00
person 0.529679 74.08 18.55 91.02 43.79
car 0.529640 104.16 86.63 172.23 141.84
car 0.529543 172.14 79.36 211.68 133.90
boat 0.529494 53.40 166.51 84.36 208.49
sheep 0.529167 51.95 141.80 81.69 181.59
car 0.528804 129.02 107.66 182.96 178.09
bird 0.528773 0.00 6.90 110.31 136.49
person 0.528626 210.09 206.81 224.00 224.00
boat 0.528566 17.03 36.97 39.90 75.62
bottle 0.528287 210.55 0.00 224.00 24.17
sheep 0.528217 0.00 50.14 12.74 95.80
car 0.528133 199.86 83.77 215.03 127.69
person 0.527913 75.46 210.69 120.78 224.00
person 0.527897 116.24 24.99 132.06 51.05
sheep 0.527889 17.17 42.92 39.52 82.20
pottedplant 0.527786 0.00 87.20 8.76 139.89
sheep 0.527728 59.06 82.19 76.71 136.28
sheep 0.527678 0.00 121.99 13.03 201.47
sheep 0.527638 65.16 82.61 85.69 136.42
person 0.527554 68.29 21.23 83.45 47.92
person 0.527540 59.78 210.71 95.22 224.00
person 0.527446 60.59 157.41 113.55 203.78
boat 0.527437 0.00 37.75 13.81 81.49
bottle 0.527260 3.55 208.91 38.44 224.00
person 0.527195 59.57 173.73 88.56 213.22
sheep 0.527128 0.00 64.40 10.91 112.25
car 0.527085 210.65 97.40 218.55 139.48
person 0.527057 87.05 80.87 126.10 124.06
sheep 0.527028 33.16 134.86 54.58 162.96
person 0.526785 110.68 26.56 125.75 49.39
person 0.526699 112.16 212.13 151.05 224.00
person 0.526678 0.00 0.00 65.81 57.61
sheep 0.526529 25.23 66.78 46.08 106.34
cow 0.526479 0.00 9.72 93.25 131.15
person 0.526411 63.93 69.25 90.42 114.98
motorbike 0.526382 188.84 0.00 224.00 118.28
car 0.526376 65.23 167.74 111.66 207.28
person 0.526367 65.97 58.19 89.24 100.98
person 0.526363 122.22 23.41 138.99 52.54
sheep 0.526333 27.01 128.84 50.61 161.12
person 0.526302 0.00 0.00 20.12 24.25
person 0.526236 74.86 82.58 112.93 129.16
pottedplant 0.526235 0.00 71.61 10.04 120.56
sheep 0.526216 129.18 22.74 146.82 52.86
car 0.526131 83.90 143.22 199.54 224.00
aeroplane 0.526005 39.70 120.13 152.82 191.62
bottle 0.525921 10.94 211.58 48.69 224.00
cow 0.525920 0.00 47.95 53.72 169.84
car 0.525914 164.51 120.67 189.35 183.56
sheep 0.525835 20.98 56.13 46.51 99.30
person 0.525759 91.43 20.40 107.51 42.02
sheep 0.525746 39.09 136.32 62.13 163.22
person 0.525690 79.59 12.69 98.16 37.73
car 0.525689 167.53 117.95 224.00 224.00
person 0.525606 92.92 25.23 108.84 46.67
car 0.525538 163.43 72.70 195.82 136.80
sheep 0.525493 52.96 79.62 68.60 130.24
person 0.525402 66.69 49.05 86.98 88.30
sheep 0.525354 52.32 133.95 80.02 171.25
car 0.525350 82.57 163.41 140.99 206.85
bottle 0.525343 18.68 18.28 37.14 40.28
sheep 0.525209 17.93 58.72 38.50 96.27
boat 0.525114 18.77 11.61 36.79 31.81
bottle 0.525111 25.11 211.95 62.07 224.00
sheep 0.525109 46.64 135.68 71.30 166.90
person 0.525106 39.55 19.59 59.61 52.88
train 0.525099 0.00 102.72 123.25 224.00
car 0.525077 75.51 0.00 159.89 62.01
person 0.524977 90.70 78.26 118.70 116.78
person 0.524974 33.14 211.94 70.76 224.00
sheep 0.524968 0.00 188.05 14.73 224.00
sheep 0.524920 36.63 80.66 53.78 121.78
person 0.524807 76.14 52.82 98.56 89.07
person 0.524796 18.16 23.30 38.60 49.34
cow 0.524746 189.79 0.00 224.00 78.09
person 0.524729 44.07 211.19 81.20 224.00
bird 0.524657 0.00 25.15 78.79 148.46
sheep 0.524559 35.45 87.83 55.66 131.19
car 0.524495 201.09 98.30 215.35 137.77
person 0.524352 17.74 28.02 39.42 58.46
cow 0.524350 0.00 41.37 86.48 171.60
sheep 0.524338 0.00 114.98 41.18 204.19
sheep 0.524193 20.41 127.09 44.99 167.22
sheep 0.524126 40.33 140.24 64.37 170.56
sheep 0.524078 30.65 69.64 52.41 107.94
person 0.524068 16.62 33.45 44.43 76.80
sheep 0.524021 29.35 74.22 45.80 112.52
person 0.523954 52.55 37.80 65.22 77.53
sheep 0.523943 43.85 80.57 59.33 124.96
dog 0.523876 14.00 162.57 94.60 224.00
sheep 0.523715 42.11 148.90 71.98 196.31
bottle 0.523706 53.21 76.80 68.15 116.12
person 0.523699 67.28 13.38 84.70 40.85
person 0.523692 58.84 68.72 78.41 112.37
bottle 0.523677 130.03 33.20 150.01 74.95
person 0.523650 103.38 26.83 118.76 48.02
bottle 0.523626 114.39 33.26 134.49 66.88
sheep 0.523453 19.57 67.13 37.79 103.77
person 0.523435 76.10 62.33 101.08 99.90
car 0.523428 211.07 113.37 218.51 147.31
boat 0.523410 0.00 26.96 14.60 65.00
person 0.523382 60.18 38.92 74.16 76.35
person 0.523320 95.61 73.54 118.69 106.23
bottle 0.523304 129.46 25.46 148.38 61.54
person 0.523207 162.14 212.64 196.90 224.00
car 0.523167 154.14 97.61 199.43 156.88
person 0.523107 70.91 0.00 97.50 22.60
dog 0.523091 121.85 32.17 142.41 71.44
sheep 0.523057 32.75 139.38 52.27 180.33
sheep 0.523047 123.85 21.36 139.01 45.99
car 0.523014 212.00 132.43 220.69 159.61
person 0.522966 147.17 212.55 180.41 224.00
boat 0.522940 58.74 180.25 80.02 217.65
sheep 0.522929 41.11 143.52 68.54 183.32
car 0.522884 135.48 158.62 224.00 224.00
sheep 0.522873 29.38 155.82 52.10 205.27
cow 0.522857 1.42 88.67 51.71 197.19
sheep 0.522845 35.95 129.22 61.46 156.16
bottle 0.522843 40.91 75.04 58.66 110.59
dog 0.522832 27.13 158.22 122.78 224.00
car 0.522783 108.00 81.07 157.40 129.80
tvmonitor 0.522773 220.00 36.28 224.00 82.63
boat 0.522763 65.23 142.88 117.66 190.79
dog 0.522747 131.00 45.20 151.52 83.09
person 0.522733 60.62 47.13 75.75 86.61
sheep 0.522724 8.52 124.54 25.16 182.22
person 0.522724 102.57 22.89 117.23 43.90
car 0.522676 139.59 57.38 159.96 87.72
person 0.522658 129.25 212.21 164.93 224.00
car 0.522623 138.52 65.04 163.36 100.86
car 0.522566 128.59 76.11 171.00 126.40
aeroplane 0.522538 0.00 0.00 100.30 58.39
car 0.522531 192.41 130.27 208.68 169.12
person 0.522493 108.64 35.18 126.33 63.19
person 0.522491 54.57 29.44 66.26 66.98
person 0.522467 75.05 71.44 103.39 111.00
bird 0.522437 0.00 20.54 14.80 54.74
person 0.522411 62.10 12.88 78.12 42.42
person 0.522390 101.53 72.90 128.16 107.17
sheep 0.522372 0.00 47.01 19.30 84.52
car 0.522372 175.67 93.30 209.50 140.37
sheep 0.522314 11.52 41.33 34.68 74.18
boat 0.522291 69.17 173.06 110.94 210.52
person 0.522252 88.16 14.07 104.89 37.34
person 0.522251 97.03 79.50 136.78 122.65
car 0.522237 181.00 66.77 209.25 118.84
train 0.522179 58.26 80.97 198.68 188.27
motorbike 0.522167 160.24 54.81 224.00 168.52
person 0.522140 66.49 40.59 84.29 77.37
sheep 0.522125 32.93 100.95 56.24 143.80
person 0.522119 77.77 0.00 105.05 23.38
sheep 0.522096 28.71 89.39 47.26 129.12
boat 0.522001 189.29 0.00 219.02 20.01
person 0.521984 59.86 56.76 76.95 99.68
car 0.521868 44.33 96.37 193.37 219.56
sheep 0.521861 30.43 118.40 56.85 153.01
sheep 0.521851 22.36 177.00 45.30 213.22
dog 0.521844 137.75 46.96 158.74 83.42
car 0.521841 79.45 18.63 196.60 162.26
sheep 0.521837 186.57 212.70 221.24 224.00
boat 0.521823 14.85 0.00 42.93 18.72
person 0.521800 76.37 43.36 95.73 77.72
person 0.521755 111.86 72.21 142.31 110.32
sheep 0.521738 29.89 132.85 46.72 170.90
motorbike 0.521724 177.54 29.68 224.00 152.49
sheep 0.521697 6.34 170.21 26.61 215.40
person 0.521668 54.48 11.21 71.49 44.54
car 0.521626 173.93 64.94 200.74 121.43
sheep 0.521624 0.00 175.54 17.95 221.80
car 0.521622 175.66 125.31 197.02 181.56
car 0.521622 201.80 112.91 214.83 144.95
aeroplane 0.521610 63.99 0.00 89.97 22.27
sheep 0.521539 15.26 174.52 36.76 213.31
train 0.521525 0.00 36.70 146.37 194.72
sheep 0.521487 134.89 24.14 153.25 53.23
boat 0.521485 126.79 0.00 155.55 20.23
car 0.521465 220.00 146.12 224.00 186.89
person 0.521444 177.31 213.08 214.37 224.00
car 0.521429 20.14 0.00 152.04 102.46
person 0.521394 197.49 210.64 224.00 224.00
boat 0.521394 13.78 24.18 35.23 47.39
person 0.521355 60.73 30.20 74.22 64.18
sheep 0.521340 57.06 132.75 86.83 174.89
bottle 0.521312 199.46 0.00 224.00 21.88
dog 0.521304 112.29 43.45 134.35 78.85
car 0.521278 203.91 130.54 214.71 158.01
car 0.521257 112.16 64.29 134.72 96.39
person 0.521170 86.43 55.75 107.14 89.36
dog 0.521160 121.07 43.06 143.22 80.61
sheep 0.521154 43.74 125.92 68.54 156.35
boat 0.521143 14.55 18.53 32.91 37.69
car 0.521108 145.43 58.08 166.67 89.75
sheep 0.521081 10.13 53.25 29.51 87.37
car 0.521003 165.48 59.59 182.05 93.99
boat 0.520871 14.73 12.20 31.82 29.52
boat 0.520862 119.48 0.00 147.14 21.39
sheep 0.520820 27.24 103.88 48.86 144.33
sheep 0.520790 30.53 174.01 53.59 213.08
person 0.520781 41.76 9.36 61.77 44.31
sheep 0.520729 42.03 163.06 67.50 206.34
boat 0.520725 12.28 36.40 36.31 67.02
sheep 0.520703 51.21 121.82 77.56 159.45
sheep 0.520697 27.64 134.29 44.52 181.78
boat 0.520690 134.06 0.00 164.00 18.80
car 0.520681 133.68 56.88 153.25 86.29
person 0.520670 102.57 65.84 125.79 98.73
person 0.520665 92.32 66.78 113.94 100.66
cow 0.520642 123.00 0.00 203.37 134.81
sheep 0.520629 0.00 66.71 16.07 106.30
tvmonitor 0.520617 220.00 19.71 224.00 59.53
car 0.520605 134.21 64.21 157.79 96.47
boat 0.520602 79.46 168.65 131.16 207.10
person 0.520594 85.26 27.07 99.46 51.06
car 0.520568 124.07 63.91 147.14 94.43
car 0.520558 202.66 124.50 215.12 152.82
car 0.520555 121.51 72.94 158.75 114.56
aeroplane 0.520554 6.91 0.00 149.72 99.63
boat 0.520551 13.14 30.42 36.63 57.43
cow 0.520547 24.33 120.43 119.01 195.36
person 0.520490 94.55 29.94 108.70 51.67
sheep 0.520470 24.69 142.15 43.57 195.66
dog 0.520451 134.89 34.58 156.71 75.79
sheep 0.520438 23.03 184.97 47.42 220.66
car 0.520417 169.21 66.33 192.48 123.40
car 0.520399 173.00 59.04 191.09 94.63
sheep 0.520370 21.61 154.79 43.51 206.17
sheep 0.520362 3.35 144.66 24.02 213.23
sheep 0.520345 9.45 61.26 27.38 93.93
sheep 0.520343 99.88 16.35 114.42 38.65
person 0.520286 18.72 18.52 41.67 42.63
car 0.520279 24.05 0.00 140.04 68.52
car 0.520270 77.61 0.00 172.85 91.39
person 0.520221 31.86 35.76 56.00 78.86
bottle 0.520208 52.82 69.06 66.36 106.61
person 0.520201 86.93 45.41 103.89 76.50
person 0.520184 76.21 25.43 91.47 51.26
sheep 0.520167 22.31 128.28 39.08 179.42
boat 0.520124 85.75 0.00 112.58 24.00
car 0.520111 154.60 59.08 173.65 92.77
sheep 0.520111 77.82 0.00 100.37 31.36
boat 0.520105 0.00 0.00 101.74 96.13
bird 0.520060 0.00 14.53 14.74 44.39
sheep 0.520043 110.59 16.90 124.72 40.39
car 0.519984 142.74 0.00 212.86 41.05
boat 0.519968 111.58 0.00 138.45 22.11
person 0.519961 13.98 39.12 49.14 86.04
car 0.519926 195.76 69.93 214.25 114.42
sheep 0.519873 0.00 8.02 14.47 36.11
sheep 0.519814 105.74 44.46 125.70 77.36
sheep 0.519773 118.17 15.87 133.15 41.04
aeroplane 0.519734 55.91 0.00 82.11 21.59
motorbike 0.519727 106.67 30.62 206.81 165.99
boat 0.519707 157.52 0.00 187.75 18.08
boat 0.519704 0.00 36.51 26.75 70.82
sheep 0.519703 0.00 0.00 16.64 28.87
person 0.519653 93.10 56.11 112.76 89.68
car 0.519649 39.56 127.27 148.29 198.14
sheep 0.519611 9.22 68.49 25.81 102.45
person 0.519599 0.00 0.00 79.52 88.29
boat 0.519597 181.47 0.00 211.73 19.22
boat 0.519573 104.18 0.00 129.42 23.02
aeroplane 0.519557 19.14 80.70 108.62 188.12
car 0.519524 42.44 144.88 150.44 224.00
sheep 0.519515 0.00 80.78 14.56 123.63
car 0.519497 122.94 55.98 143.99 85.40
boat 0.519465 95.92 0.00 120.90 23.78
car 0.519444 187.73 120.29 209.85 157.40
car 0.519437 180.05 57.36 199.51 94.51
bottle 0.519361 52.71 56.54 64.85 97.69
dog 0.519317 111.37 55.72 133.65 87.72
person 0.519296 19.16 11.36 41.39 34.68
boat 0.519290 164.15 0.00 195.10 16.95
car 0.519256 183.03 107.84 209.30 147.71
sheep 0.519245 75.74 93.59 120.61 142.55
boat 0.519220 17.08 46.19 49.61 94.05
person 0.519215 87.14 73.55 114.01 108.07
sheep 0.519206 58.33 119.63 86.63 163.55
car 0.519201 164.02 63.14 181.85 106.79
boat 0.519122 141.98 0.00 172.27 18.13
boat 0.519109 1.76 30.52 29.54 60.94
dog 0.519106 165.52 55.16 181.82 85.50
aeroplane 0.519101 46.61 0.00 74.17 21.20
sheep 0.519023 134.24 22.26 151.27 45.11
person 0.519003 15.47 21.00 46.50 52.58
bottle 0.518986 217.79 0.00 224.00 33.63
bottle 0.518980 35.77 64.55 57.11 103.17
sheep 0.518930 53.09 180.05 75.79 217.01
boat 0.518879 150.39 0.00 180.25 18.46
car 0.518876 97.40 138.41 168.15 193.04
bird 0.518848 3.35 24.17 29.97 49.92
sheep 0.518847 38.63 97.70 60.27 143.17
sheep 0.518832 61.23 101.08 85.92 149.66
person 0.518811 66.60 31.25 82.70 63.02
cow 0.518793 165.75 2.53 222.26 124.98
person 0.518793 35.19 28.67 56.77 69.27
sheep 0.518724 95.06 45.19 110.92 75.35
boat 0.518658 35.79 0.00 66.00 21.25
dog 0.518652 143.99 50.79 166.32 84.50
sheep 0.518637 21.74 80.64 36.92 118.21
sheep 0.518625 17.23 136.01 35.01 200.71
car 0.518606 185.22 60.79 207.76 107.07
sheep 0.518589 128.94 15.14 144.97 41.02
boat 0.518570 0.60 0.00 29.25 21.27
boat 0.518562 83.16 124.15 150.82 175.93
sheep 0.518528 103.75 35.61 119.28 61.00
car 0.518486 83.25 173.38 131.85 214.08
sheep 0.518479 0.00 90.49 13.98 134.46
sheep 0.518476 103.19 56.20 125.46 89.62
car 0.518383 156.84 69.29 184.15 125.06
car 0.518359 195.74 55.66 213.92 93.29
person 0.518316 66.39 0.00 87.69 33.43
boat 0.518254 172.49 0.00 203.34 17.50
sheep 0.518249 155.58 29.18 169.74 48.62
person 0.518217 76.00 33.13 92.94 62.45
sheep 0.518202 0.00 113.19 12.00 169.24
car 0.518196 220.00 157.42 224.00 197.28
dog 0.518168 172.38 54.81 190.12 84.90
aeroplane 0.518163 220.00 188.74 224.00 222.52
sheep 0.518140 21.37 90.47 37.59 126.77
boat 0.518108 72.09 131.50 124.96 175.76
car 0.518043 149.08 64.49 174.14 106.36
dog 0.518034 155.26 54.31 174.15 85.80
bottle 0.518002 31.74 51.67 55.75 95.93
car 0.517937 203.70 139.50 212.45 170.77
person 0.517913 86.73 34.85 101.41 61.74
sheep 0.517885 95.90 35.88 109.80 60.93
sheep 0.517825 47.96 93.06 66.38 141.97
bottle 0.517806 220.00 4.66 224.00 41.27
sheep 0.517705 40.79 180.74 62.57 219.05
dog 0.517662 195.40 49.44 214.45 84.07
sheep 0.517635 166.24 25.75 175.94 37.36
sheep 0.517613 167.62 31.20 177.98 46.74
sheep 0.517519 97.87 55.88 117.92 89.78
sheep 0.517471 101.14 44.27 118.47 75.67
sheep 0.517447 4.80 12.28 26.45 30.94
sheep 0.517400 4.72 18.68 28.02 39.22
person 0.517350 62.05 197.86 88.72 224.00
dog 0.517271 180.45 53.54 199.35 84.85
person 0.517224 216.29 201.03 224.00 224.00
sheep 0.517222 85.39 0.62 107.15 31.49
aeroplane 0.517185 220.00 168.92 224.00 206.35
car 0.517182 211.85 141.09 220.46 171.67
person 0.517115 21.31 10.36 47.51 40.32
sheep 0.517104 52.38 104.17 76.34 148.47
dog 0.517049 187.12 52.09 207.74 85.44
car 0.517044 152.96 125.41 181.24 183.38
sheep 0.517033 154.21 25.64 167.87 40.77
car 0.517017 105.77 160.48 161.13 202.22
sheep 0.516962 21.28 104.88 40.37 142.41
boat 0.516887 59.10 0.00 80.57 34.47
sheep 0.516726 142.13 26.85 159.66 51.67
car 0.516722 113.12 0.00 189.77 49.66
sheep 0.516681 107.29 0.00 126.53 32.21
sheep 0.516669 9.76 82.30 24.58 119.32
sheep 0.516662 97.26 1.11 116.54 31.55
sheep 0.516654 75.28 105.65 125.38 154.92
sheep 0.516526 164.09 13.86 176.74 30.89
car 0.516465 103.68 110.16 215.57 204.12
boat 0.516379 22.26 0.00 55.71 21.62
car 0.516359 212.00 70.30 222.54 114.69
boat 0.516294 49.60 0.00 73.33 36.01
boat 0.516181 11.79 0.00 34.36 22.98
aeroplane 0.516141 172.08 145.85 186.58 190.24
person 0.516001 55.92 199.66 82.11 224.00
sheep 0.515949 114.93 0.00 135.84 32.90
sheep 0.515886 43.52 110.23 66.91 148.79
sheep 0.515884 10.15 92.00 24.96 127.89
aeroplane 0.515857 15.24 0.00 44.13 27.93
sheep 0.515704 0.00 101.97 12.24 149.95
sheep 0.515629 174.29 32.66 186.47 46.85
sheep 0.515596 172.94 26.54 183.83 36.51
dog 0.515568 167.13 47.25 181.34 73.70
aeroplane 0.515514 170.81 197.46 191.25 223.33
boat 0.515511 36.60 0.00 64.14 36.39
car 0.515485 108.64 121.96 171.94 184.80
dog 0.515403 168.42 38.28 179.74 60.75
sheep 0.515324 131.88 14.66 150.39 40.13
dog 0.515283 141.55 39.91 164.62 76.75
sheep 0.515273 122.27 0.00 143.24 33.18
sheep 0.515233 141.33 24.58 157.95 44.24
bottle 0.515166 5.38 197.08 32.12 224.00
person 0.515091 82.49 193.94 127.09 224.00
dog 0.515060 194.08 0.00 217.87 28.53
sheep 0.515001 127.90 0.00 149.25 32.34
sheep 0.514980 156.68 35.41 171.75 61.92
sheep 0.514924 7.17 117.30 26.33 162.97
bottle 0.514858 12.86 200.06 43.00 224.00
dog 0.514829 156.27 45.35 174.01 75.63
aeroplane 0.514813 198.94 193.04 214.12 218.14
sheep 0.514710 2.29 0.00 27.74 24.50
dog 0.514707 174.63 39.49 188.02 61.15
sheep 0.514697 141.13 31.03 161.06 63.36
sheep 0.514684 200.00 11.32 215.71 36.37
sheep 0.514677 151.88 14.21 168.05 34.20
sheep 0.514557 170.68 13.45 184.26 28.96
car 0.514519 212.00 54.43 223.12 96.07
aeroplane 0.514506 180.12 196.45 201.12 221.01
sheep 0.514492 19.56 201.86 51.60 224.00
car 0.514454 160.35 141.13 180.81 189.08
dog 0.514355 173.58 47.66 189.66 72.96
boat 0.514248 197.92 41.34 215.18 75.81
sheep 0.514158 8.97 104.04 25.06 143.55
aeroplane 0.514148 110.78 169.61 157.16 211.09
aeroplane 0.514101 161.98 195.05 182.69 222.76
person 0.514080 70.54 196.08 107.80 224.00
car 0.514064 193.12 140.97 204.68 180.22
boat 0.514060 202.79 23.95 213.94 49.98
dog 0.513850 189.83 44.04 208.74 76.06
dog 0.513841 193.92 27.57 208.57 49.59
boat 0.513806 18.29 0.00 50.62 33.63
sheep 0.513798 160.41 0.00 182.64 21.79
person 0.513783 96.32 193.67 139.07 224.00
dog 0.513773 183.58 31.27 198.25 47.88
aeroplane 0.513725 189.19 194.62 208.39 219.61
aeroplane 0.513591 173.10 163.48 185.86 198.75
aeroplane 0.513573 172.71 181.33 186.73 207.19
bottle 0.513528 35.72 201.66 65.72 224.00
bottle 0.513523 48.35 201.10 76.77 224.00
dog 0.513502 193.32 34.24 208.83 63.35
aeroplane 0.513404 202.03 183.98 212.60 206.08
tvmonitor 0.513335 212.00 47.78 223.32 87.72
boat 0.513297 202.03 31.34 214.89 62.47
car 0.513222 204.00 146.94 211.69 176.77
sheep 0.513116 202.48 19.66 213.92 41.15
dog 0.513093 183.92 37.43 198.98 62.08
dog 0.513091 182.03 46.21 199.69 74.12
sheep 0.513071 97.89 0.00 185.12 90.27
cow 0.513014 132.46 0.00 207.10 87.10
bottle 0.512981 206.38 0.00 223.17 31.55
dog 0.512944 185.63 0.00 210.78 26.38
aeroplane 0.512788 182.26 183.49 197.93 206.98
dog 0.512745 191.56 14.55 209.56 35.40
sheep 0.512663 182.66 26.55 196.53 38.01
sheep 0.512624 133.13 0.00 156.46 30.68
car 0.512577 114.15 133.83 224.00 224.00
aeroplane 0.512523 192.51 184.37 206.44 206.87
sheep 0.512504 138.66 14.91 157.59 38.48
dog 0.512488 107.17 194.48 148.60 224.00
aeroplane 0.512478 204.00 172.46 212.61 198.08
aeroplane 0.512457 180.96 148.95 194.26 189.48
dog 0.512424 193.81 24.22 208.64 40.73
aeroplane 0.512312 204.00 158.78 211.71 187.18
sheep 0.512267 166.41 0.00 189.69 19.90
aeroplane 0.512255 162.17 158.61 179.07 196.95
aeroplane 0.512213 194.07 154.06 204.31 188.66
horse 0.512155 35.43 136.76 139.20 223.17
sheep 0.512076 151.49 0.00 174.75 24.58
aeroplane 0.511974 161.84 176.13 178.24 205.09
sheep 0.511937 180.47 14.42 196.19 30.50
aeroplane 0.511751 211.72 190.83 223.51 217.46
aeroplane 0.511730 194.29 169.69 206.20 199.20
dog 0.511502 117.85 196.28 157.03 224.00
bottle 0.511470 212.00 7.85 221.41 37.51
aeroplane 0.511443 182.38 166.12 196.18 198.99
car 0.511317 212.00 148.87 220.84 179.58
dog 0.510862 175.44 0.00 199.78 21.46
tvmonitor 0.510781 212.00 21.37 221.16 53.10
sheep 0.510733 212.00 16.18 220.81 42.85
aeroplane 0.510704 139.44 186.86 171.36 218.49
sheep 0.510597 140.75 0.00 165.12 28.52
diningtable 0.510291 191.97 208.13 216.88 224.00
dog 0.510224 165.62 211.49 194.07 224.00
sheep 0.510035 204.52 205.46 223.78 224.00
aeroplane 0.509889 212.00 181.69 224.00 206.13
tvmonitor 0.509828 212.00 29.38 221.99 65.65
dog 0.509788 173.73 210.61 202.90 224.00
dog 0.509747 159.09 211.07 186.27 224.00
aeroplane 0.509695 122.78 154.41 167.15 196.48
dog 0.509548 146.99 206.76 177.42 224.00
motorbike 0.509539 212.00 159.84 222.52 189.66
dog 0.509412 181.90 209.77 210.73 224.00
aeroplane 0.509407 212.00 171.28 223.56 198.77
aeroplane 0.509253 113.75 164.26 161.34 200.40
aeroplane 0.508901 124.08 178.74 164.13 213.46
dog 0.508691 135.02 200.85 169.39 224.00
aeroplane 0.508636 129.34 168.98 165.89 202.04
