motorbike 0.649674 5.13 15.11 224.00 221.84
car 0.649634 5.51 12.80 224.00 218.99
person 0.607235 4.42 17.56 215.29 222.97
sofa 0.602784 19.93 18.76 224.00 215.75
train 0.589055 31.16 20.46 224.00 219.16
diningtable 0.581873 16.19 15.32 224.00 217.74
tvmonitor 0.557780 91.22 26.01 215.83 206.82
person 0.554078 78.22 34.69 224.00 203.09
sofa 0.552319 100.34 32.43 221.89 202.01
car 0.544846 24.14 49.82 69.65 122.95
tvmonitor 0.544732 137.19 28.75 220.44 197.08
dog 0.544479 143.07 88.57 188.43 156.77
person 0.544014 17.60 38.89 151.67 195.47
aeroplane 0.543120 218.03 20.51 221.73 86.55
sofa 0.542735 217.06 21.20 223.09 88.10
person 0.540574 127.99 45.28 224.00 197.46
motorbike 0.539084 16.10 72.01 187.16 219.12
aeroplane 0.538133 99.20 29.21 153.61 79.59
person 0.537506 0.00 56.23 18.18 177.12
aeroplane 0.537296 141.91 19.48 181.53 97.11
aeroplane 0.537170 140.71 88.20 187.98 154.98
aeroplane 0.536611 218.49 19.70 220.71 85.57
aeroplane 0.536346 188.05 24.72 214.67 83.96
tvmonitor 0.536051 220.00 55.98 224.00 123.32
aeroplane 0.536049 178.61 39.24 216.21 115.93
sofa 0.535374 207.42 20.45 219.65 85.40
motorbike 0.535370 86.74 40.20 224.00 199.12
bottle 0.535229 178.85 0.00 224.00 66.99
diningtable 0.534853 104.49 51.54 145.21 115.87
sofa 0.534805 129.81 20.52 175.56 91.47
person 0.534592 0.00 44.69 33.67 150.64
motorbike 0.534123 136.51 157.28 176.29 199.89
person 0.533968 209.18 202.64 224.00 224.00
motorbike 0.533885 14.71 167.31 150.42 224.00
tvmonitor 0.533716 216.64 23.96 222.75 91.77
bottle 0.533257 0.00 70.92 17.25 190.35
car 0.532835 7.34 65.63 29.71 94.97
diningtable 0.532721 109.17 66.42 142.50 124.97
bottle 0.532573 119.06 0.00 199.95 61.48
aeroplane 0.532408 27.97 88.03 59.39 149.30
aeroplane 0.531980 155.20 27.81 185.76 112.06
dog 0.531756 138.69 110.25 176.56 172.85
aeroplane 0.531749 100.26 35.76 149.84 100.04
bottle 0.531576 14.04 174.34 132.18 224.00
motorbike 0.531486 139.66 146.33 178.99 188.89
person 0.531366 0.00 176.22 45.23 224.00
aeroplane 0.531282 74.28 31.64 115.69 68.94
bottle 0.531199 0.00 203.82 19.85 224.00
motorbike 0.530893 78.81 75.36 108.10 156.00
person 0.530855 218.00 158.27 224.00 210.58
aeroplane 0.530847 118.74 2.87 170.55 39.96
bottle 0.530762 0.00 208.76 32.34 224.00
sofa 0.530729 220.00 64.92 224.00 127.53
aeroplane 0.530341 70.56 74.36 99.58 157.29
car 0.530341 0.00 88.16 9.89 144.05
car 0.530331 12.06 7.12 62.46 62.85
person 0.530251 0.00 0.00 40.69 52.60
motorbike 0.530112 192.71 168.22 213.55 207.81
car 0.529985 20.97 25.83 62.94 95.47
person 0.529814 193.56 171.55 224.00 224.00
bottle 0.529566 133.35 29.09 212.25 175.31
aeroplane 0.529553 220.00 0.00 223.68 51.96
aeroplane 0.529553 211.86 0.00 224.00 29.69
motorbike 0.529540 82.35 66.64 106.20 133.23
motorbike 0.529383 113.02 76.58 141.00 133.37
diningtable 0.529315 99.77 26.22 152.05 84.53
aeroplane 0.529093 26.67 69.02 64.33 138.52
chair 0.528864 217.74 164.46 224.00 215.96
person 0.528806 186.54 207.16 219.03 224.00
aeroplane 0.528800 169.51 52.68 208.91 123.77
aeroplane 0.528786 24.98 115.29 58.07 182.53
car 0.528782 7.21 53.13 29.14 84.30
aeroplane 0.528727 189.95 109.30 218.95 163.94
aeroplane 0.528713 86.17 57.45 115.07 117.10
bottle 0.528538 0.00 183.04 78.49 224.00
aeroplane 0.528463 126.10 16.48 175.47 85.81
aeroplane 0.528426 220.00 8.13 221.96 67.83
aeroplane 0.528406 101.21 53.79 142.93 114.96
person 0.528357 219.89 146.81 224.00 196.71
tvmonitor 0.528202 218.72 30.50 222.58 101.59
tvmonitor 0.528092 158.50 20.81 224.00 166.89
aeroplane 0.527978 217.08 0.00 224.00 40.51
motorbike 0.527942 25.98 147.27 179.62 224.00
motorbike 0.527941 25.68 67.61 64.95 137.16
motorbike 0.527848 93.49 63.53 124.17 122.77
car 0.527669 0.00 63.09 21.51 96.05
sofa 0.527605 206.21 48.47 220.90 122.23
motorbike 0.527588 104.60 66.18 136.92 123.31
bottle 0.527576 196.83 204.95 224.00 224.00
car 0.527437 0.00 129.08 7.72 187.88
aeroplane 0.527353 82.49 65.23 106.31 123.65
aeroplane 0.527349 165.17 26.99 191.58 101.92
car 0.527308 5.73 59.91 27.37 89.77
person 0.527287 16.29 51.39 103.04 192.69
bottle 0.527261 134.80 1.56 204.97 137.90
car 0.527208 5.93 45.15 29.15 76.71
car 0.527180 18.18 49.37 63.07 106.23
aeroplane 0.527108 15.30 15.01 64.81 55.13
boat 0.527072 26.05 124.92 55.90 190.25
aeroplane 0.526990 172.16 36.13 208.45 108.05
motorbike 0.526989 72.11 69.85 98.35 147.07
aeroplane 0.526978 161.23 92.68 200.14 147.89
car 0.526903 6.43 93.26 22.66 143.51
motorbike 0.526900 118.49 95.93 143.40 150.14
motorbike 0.526839 128.62 208.67 171.55 224.00
motorbike 0.526634 85.53 70.83 112.28 146.23
aeroplane 0.526630 92.35 55.11 130.13 115.75
aeroplane 0.526602 193.33 125.61 218.76 170.13
bottle 0.526550 194.83 181.10 213.82 216.17
aeroplane 0.526453 181.34 30.07 206.94 85.52
person 0.526443 0.00 0.00 20.34 22.82
diningtable 0.526423 220.00 102.61 224.00 160.57
bottle 0.526397 171.58 0.00 224.00 133.75
person 0.526375 0.00 102.50 22.07 210.54
diningtable 0.526284 220.00 74.75 224.00 133.24
car 0.526242 0.00 82.43 13.82 137.60
motorbike 0.526224 123.97 143.41 172.17 192.40
person 0.526203 0.00 133.02 26.94 224.00
person 0.526106 177.74 209.00 213.00 224.00
aeroplane 0.526014 77.95 81.25 107.63 157.86
motorbike 0.526003 112.26 155.92 175.11 205.59
aeroplane 0.526000 174.75 94.09 210.75 149.11
car 0.525926 24.25 84.04 57.08 144.58
bottle 0.525900 151.87 0.00 222.55 64.64
car 0.525889 0.00 179.88 9.24 224.00
dog 0.525887 136.14 131.43 174.81 177.78
aeroplane 0.525882 59.09 74.38 89.61 153.25
chair 0.525786 215.75 173.39 224.00 221.13
aeroplane 0.525673 19.93 82.41 168.65 220.61
aeroplane 0.525666 149.92 55.49 182.03 128.61
aeroplane 0.525620 206.16 19.64 217.56 84.79
sofa 0.525617 2.65 23.40 37.36 57.19
motorbike 0.525599 106.54 177.48 151.42 215.40
dog 0.525512 27.95 182.46 62.30 224.00
car 0.525359 4.41 36.18 31.08 68.49
aeroplane 0.525335 160.02 17.30 186.81 91.33
car 0.525170 82.50 157.37 123.17 208.66
bottle 0.525170 220.00 132.54 224.00 179.30
motorbike 0.525160 186.70 173.54 207.63 206.79
motorbike 0.525061 113.11 208.73 157.27 224.00
car 0.525056 57.29 0.00 126.74 33.09
aeroplane 0.525036 113.65 0.00 157.32 28.21
boat 0.524955 20.46 114.17 50.57 184.18
aeroplane 0.524907 123.60 0.00 169.26 22.35
car 0.524882 0.00 0.00 54.81 52.72
aeroplane 0.524830 145.26 75.18 185.02 143.39
diningtable 0.524807 165.04 84.77 224.00 214.42
car 0.524778 1.79 129.81 21.60 189.32
boat 0.524745 0.00 182.88 20.94 224.00
motorbike 0.524671 143.73 209.11 181.85 224.00
aeroplane 0.524668 111.86 3.60 150.25 38.19
person 0.524611 154.65 209.34 192.78 224.00
car 0.524557 10.69 0.00 72.25 47.44
motorbike 0.524553 194.68 152.96 214.33 194.91
car 0.524528 44.36 0.00 110.34 36.11
car 0.524485 26.26 34.76 198.95 190.25
car 0.524444 3.95 26.42 38.93 61.56
aeroplane 0.524369 188.38 180.75 206.27 210.03
aeroplane 0.524324 177.17 69.72 214.63 133.50
bottle 0.524317 22.33 209.82 66.88 224.00
aeroplane 0.524230 73.54 68.57 96.78 132.45
sofa 0.524203 117.86 18.69 165.97 84.83
bottle 0.524174 212.76 187.56 224.00 224.00
motorbike 0.524141 68.46 169.54 196.52 224.00
dog 0.524072 132.91 98.57 184.44 149.34
car 0.523984 0.00 22.77 30.13 58.84
car 0.523962 195.44 147.70 215.42 182.91
bottle 0.523881 8.32 210.71 51.90 224.00
car 0.523859 21.37 124.76 48.74 192.03
person 0.523754 0.00 10.05 41.68 103.73
aeroplane 0.523720 109.32 0.00 144.11 20.27
car 0.523716 29.62 0.00 94.89 41.29
sofa 0.523700 104.39 25.05 154.54 86.01
dog 0.523639 195.04 138.96 217.10 175.48
car 0.523541 0.00 142.87 6.60 200.01
car 0.523497 0.00 53.49 23.51 85.44
bottle 0.523406 38.50 208.78 81.23 224.00
aeroplane 0.523350 21.40 174.18 57.55 221.73
aeroplane 0.523142 68.36 26.03 119.97 61.72
aeroplane 0.523113 106.92 181.06 148.18 221.79
car 0.523066 11.39 126.23 31.79 190.61
aeroplane 0.523018 166.05 76.87 207.91 138.58
aeroplane 0.522936 170.14 20.46 192.52 87.26
aeroplane 0.522935 172.38 31.85 198.69 97.95
aeroplane 0.522934 5.46 19.81 48.73 55.19
motorbike 0.522907 118.60 113.42 150.00 170.90
person 0.522826 187.45 130.98 224.00 224.00
aeroplane 0.522779 157.57 67.93 198.82 133.80
car 0.522774 13.93 61.25 43.07 99.38
aeroplane 0.522698 116.89 9.65 167.47 71.12
aeroplane 0.522688 109.68 66.40 141.79 121.94
bottle 0.522672 49.76 210.53 89.89 224.00
bottle 0.522600 0.00 193.56 14.24 224.00
bottle 0.522593 71.79 211.43 117.15 224.00
aeroplane 0.522584 102.71 15.54 153.50 68.85
car 0.522530 11.22 92.71 29.10 141.58
aeroplane 0.522253 10.92 14.15 54.34 46.84
motorbike 0.522152 120.13 182.18 217.53 224.00
aeroplane 0.522124 177.14 174.52 199.56 204.51
motorbike 0.522089 43.35 117.73 196.30 224.00
cow 0.521948 134.40 133.45 174.35 177.98
motorbike 0.521927 92.86 74.78 119.94 144.18
sheep 0.521927 31.96 183.22 66.13 224.00
aeroplane 0.521884 82.56 0.00 115.49 16.76
boat 0.521880 11.56 112.85 31.66 181.17
bottle 0.521799 188.51 186.33 207.13 216.93
dog 0.521791 125.13 0.00 180.17 33.73
aeroplane 0.521775 186.02 126.34 211.76 171.80
car 0.521748 25.61 11.84 69.98 64.91
boat 0.521708 0.00 16.68 27.43 52.43
chair 0.521693 135.27 0.00 179.30 22.74
boat 0.521622 23.32 92.89 49.34 154.10
motorbike 0.521620 104.87 159.79 156.94 212.56
aeroplane 0.521544 145.57 46.11 174.41 113.32
boat 0.521538 0.00 8.02 22.54 45.05
car 0.521526 0.00 160.12 6.26 219.15
aeroplane 0.521511 168.73 104.00 200.94 163.23
car 0.521474 11.93 20.66 58.92 78.23
person 0.521463 22.82 25.52 84.07 117.90
tvmonitor 0.521455 81.26 0.00 171.55 34.45
boat 0.521443 0.00 0.00 19.05 33.76
car 0.521433 76.25 0.00 108.86 17.20
dog 0.521428 50.86 117.75 81.89 178.80
car 0.521274 17.33 123.95 39.46 190.94
motorbike 0.521220 97.40 209.43 143.73 224.00
bottle 0.521210 190.60 193.50 215.16 224.00
person 0.521125 163.32 176.51 224.00 224.00
tvmonitor 0.521118 47.99 14.60 191.81 144.15
aeroplane 0.521112 20.01 0.00 52.58 18.75
aeroplane 0.521008 4.43 11.87 37.64 45.01
aeroplane 0.521008 179.98 181.12 197.84 207.94
aeroplane 0.521001 76.09 101.99 111.02 174.46
aeroplane 0.520999 81.16 29.97 141.03 70.75
bottle 0.520964 15.12 140.60 153.42 224.00
cat 0.520945 147.16 0.00 185.08 22.12
aeroplane 0.520776 15.76 182.11 49.91 223.26
dog 0.520738 27.56 100.55 60.81 171.97
car 0.520721 0.00 101.38 7.27 166.63
aeroplane 0.520666 28.51 137.72 55.41 202.84
tvmonitor 0.520625 93.90 0.00 196.54 46.06
boat 0.520594 2.51 115.59 21.26 179.29
boat 0.520578 0.00 0.00 28.58 19.86
bottle 0.520568 87.46 209.98 133.51 224.00
aeroplane 0.520554 75.51 121.39 113.66 186.37
aeroplane 0.520503 40.97 79.97 77.14 152.76
aeroplane 0.520495 47.28 96.24 80.50 170.34
cat 0.520431 182.01 0.00 210.37 19.99
bottle 0.520345 81.11 7.36 202.74 147.63
aeroplane 0.520300 127.26 1.48 179.45 57.90
aeroplane 0.520292 16.57 0.00 59.60 40.96
aeroplane 0.520290 31.34 0.00 65.61 18.65
aeroplane 0.520277 63.80 97.25 93.81 172.95
motorbike 0.520225 202.82 153.82 217.26 204.03
aeroplane 0.520210 9.20 182.53 36.83 223.23
bottle 0.520196 9.58 84.26 90.07 204.58
aeroplane 0.520146 203.01 107.72 223.70 165.77
aeroplane 0.520132 25.25 9.18 70.00 48.37
aeroplane 0.520114 85.30 43.67 117.80 101.71
aeroplane 0.520114 89.31 0.00 125.98 18.16
bottle 0.520082 89.11 0.00 204.92 94.14
car 0.520021 58.78 0.00 94.01 15.24
car 0.520004 0.00 73.18 17.51 121.23
aeroplane 0.519985 80.70 46.52 108.71 103.39
motorbike 0.519979 117.96 131.79 155.68 182.97
motorbike 0.519925 130.26 69.12 224.00 207.94
aeroplane 0.519916 110.49 8.33 156.06 49.14
aeroplane 0.519882 78.40 144.88 120.84 201.30
aeroplane 0.519860 192.14 0.00 215.46 32.34
motorbike 0.519844 186.69 155.68 208.31 195.41
sofa 0.519833 46.47 18.65 179.79 139.64
motorbike 0.519724 109.56 86.95 139.44 148.11
car 0.519701 12.79 48.24 41.49 87.88
car 0.519596 18.52 88.20 44.08 141.50
dog 0.519589 63.85 118.34 94.37 180.14
aeroplane 0.519576 86.33 4.14 118.45 35.66
aeroplane 0.519460 85.93 183.27 122.96 223.54
bottle 0.519408 182.73 0.00 209.67 32.52
aeroplane 0.519369 154.24 2.55 184.89 62.93
aeroplane 0.519334 47.86 0.00 83.73 15.36
motorbike 0.519325 175.32 165.62 200.36 200.44
aeroplane 0.519210 53.58 24.61 110.33 69.00
boat 0.519197 0.00 0.00 59.10 80.52
aeroplane 0.519188 6.83 0.00 38.53 19.36
aeroplane 0.519017 39.12 0.00 73.87 17.30
motorbike 0.518987 109.92 191.68 152.63 224.00
aeroplane 0.518984 203.07 0.00 223.98 25.11
cat 0.518975 160.20 0.00 191.40 20.64
sheep 0.518971 29.11 126.37 58.95 188.84
bottle 0.518957 186.83 149.71 209.11 185.49
aeroplane 0.518908 21.68 33.06 66.36 108.47
boat 0.518851 16.87 0.00 72.74 74.47
cow 0.518793 123.19 102.83 153.10 154.65
bottle 0.518780 4.81 125.04 85.88 224.00
person 0.518777 10.80 38.83 88.18 150.77
dog 0.518753 187.13 141.39 210.36 177.70
cat 0.518741 169.43 0.00 200.73 19.42
car 0.518680 88.09 169.33 132.31 214.89
bottle 0.518608 205.30 143.31 219.43 183.29
aeroplane 0.518606 181.52 186.87 199.94 217.19
motorbike 0.518594 108.88 171.43 167.19 210.63
bottle 0.518534 205.21 122.29 223.09 171.25
aeroplane 0.518508 120.11 27.92 162.61 86.57
aeroplane 0.518354 90.55 40.59 135.82 99.72
motorbike 0.518352 134.73 177.49 173.29 217.69
bottle 0.518314 200.35 190.06 219.79 224.00
aeroplane 0.518301 155.13 170.89 188.98 200.42
car 0.518253 2.76 150.82 22.70 205.42
boat 0.518220 12.13 92.16 28.44 150.13
motorbike 0.518203 202.60 167.14 218.05 212.34
aeroplane 0.518171 205.95 68.50 221.82 132.21
bottle 0.518153 202.98 175.80 218.45 216.72
aeroplane 0.518134 26.95 14.22 67.46 82.77
aeroplane 0.518109 169.32 7.50 191.81 65.91
car 0.518108 36.37 17.72 88.02 67.36
aeroplane 0.518016 194.28 2.29 214.00 46.57
sheep 0.517918 53.12 190.47 79.97 222.92
aeroplane 0.517850 1.25 0.00 32.45 32.68
motorbike 0.517812 126.10 195.72 167.90 224.00
dog 0.517808 183.08 197.94 208.66 224.00
car 0.517772 0.97 162.43 21.86 216.97
aeroplane 0.517740 99.61 0.00 142.42 26.44
motorbike 0.517667 147.04 164.15 189.64 196.73
boat 0.517647 6.61 91.22 21.36 150.03
car 0.517626 7.32 29.87 45.25 71.89
sheep 0.517622 53.97 140.89 80.99 193.09
aeroplane 0.517607 202.79 88.95 222.39 151.50
sheep 0.517597 66.08 191.82 88.35 220.81
aeroplane 0.517563 78.76 0.00 112.58 25.21
cow 0.517488 122.93 133.04 161.57 180.24
motorbike 0.517471 51.51 68.20 83.50 126.76
aeroplane 0.517448 165.07 0.00 189.34 50.43
dog 0.517442 170.81 124.03 200.61 172.81
motorbike 0.517286 110.26 138.86 152.33 193.39
aeroplane 0.517252 209.54 1.18 219.30 49.21
dog 0.517225 80.98 197.49 122.54 224.00
aeroplane 0.517192 186.56 1.04 209.04 48.09
aeroplane 0.517134 175.63 0.00 199.90 49.98
dog 0.517102 64.81 135.52 96.00 188.35
aeroplane 0.517093 207.04 0.00 221.23 36.45
car 0.517031 95.81 176.83 150.53 212.66
diningtable 0.517011 50.62 19.93 169.34 133.46
cow 0.516980 122.77 115.41 155.91 170.70
boat 0.516969 16.59 98.09 43.46 168.38
boat 0.516894 4.91 100.66 21.19 166.28
aeroplane 0.516866 177.60 17.19 202.84 74.35
dog 0.516840 169.02 0.00 198.87 34.18
aeroplane 0.516838 24.21 148.34 50.62 209.10
aeroplane 0.516776 164.38 175.96 188.07 204.49
aeroplane 0.516731 171.77 183.83 191.42 215.75
dog 0.516724 158.52 0.00 188.15 35.65
car 0.516684 6.08 76.13 27.00 120.16
car 0.516589 173.90 158.23 200.30 195.49
dog 0.516575 33.21 117.34 67.17 179.93
aeroplane 0.516509 49.80 69.20 82.19 118.93
aeroplane 0.516468 91.79 180.40 132.66 221.26
bottle 0.516467 4.64 199.04 36.90 224.00
aeroplane 0.516429 35.14 20.32 83.23 76.90
aeroplane 0.516425 9.09 0.00 46.83 34.46
car 0.516394 32.88 23.96 110.89 120.50
tvmonitor 0.516250 61.54 0.00 151.96 61.58
aeroplane 0.516222 190.90 13.19 214.66 65.60
dog 0.516136 16.23 197.54 56.13 224.00
motorbike 0.516115 84.34 148.91 126.56 204.26
aeroplane 0.516109 116.74 91.10 147.68 144.23
aeroplane 0.515986 69.08 49.58 98.62 106.10
person 0.515945 0.00 22.01 69.58 117.50
tvmonitor 0.515908 75.74 0.00 205.10 82.77
aeroplane 0.515847 78.77 169.90 120.73 212.94
aeroplane 0.515843 13.90 148.92 33.52 203.83
dog 0.515786 30.52 194.49 68.67 224.00
dog 0.515774 169.20 198.74 196.58 224.00
bottle 0.515656 177.87 11.80 202.54 66.18
aeroplane 0.515552 91.14 3.81 131.84 33.29
aeroplane 0.515371 207.34 10.04 218.26 68.34
aeroplane 0.515365 12.82 161.10 37.59 215.49
aeroplane 0.515288 72.25 190.87 100.74 219.36
car 0.515227 58.01 0.00 138.51 60.32
sheep 0.515226 35.86 130.83 66.29 188.56
aeroplane 0.515180 36.39 5.83 84.68 42.40
car 0.515171 32.50 0.00 97.27 66.77
aeroplane 0.515014 20.23 147.62 43.17 205.43
car 0.515008 14.22 70.97 41.93 118.93
aeroplane 0.514932 71.85 137.62 110.14 192.20
dog 0.514823 63.48 185.66 87.95 215.48
motorbike 0.514782 128.50 166.51 173.10 205.54
dog 0.514750 156.29 197.56 186.80 224.00
aeroplane 0.514626 126.01 84.39 171.14 136.08
aeroplane 0.514578 29.56 0.00 71.89 31.04
cow 0.514447 171.94 152.36 200.27 189.68
aeroplane 0.514432 81.75 12.91 120.21 50.27
diningtable 0.514414 142.39 197.49 177.26 224.00
dog 0.514187 171.38 143.39 200.09 181.72
aeroplane 0.513947 95.22 190.82 143.38 224.00
dog 0.513828 51.14 201.54 84.00 224.00
aeroplane 0.513807 79.64 34.06 110.47 77.66
dog 0.513727 62.08 204.39 91.46 224.00
motorbike 0.513698 150.91 126.97 224.00 224.00
motorbike 0.513524 107.03 129.69 214.48 224.00
aeroplane 0.513519 59.56 4.09 106.62 38.07
dog 0.513323 67.60 204.15 101.69 224.00
car 0.513290 43.55 21.80 149.40 126.51
aeroplane 0.513236 68.46 149.02 95.65 198.85
dog 0.513026 71.05 183.37 103.22 212.63
aeroplane 0.513017 154.08 178.85 180.94 212.03
aeroplane 0.512838 53.76 147.74 79.68 200.04
car 0.512709 140.63 152.10 188.56 192.08
sheep 0.512475 30.11 153.19 58.95 211.65
motorbike 0.512303 92.27 149.69 145.44 204.03
aeroplane 0.512215 111.74 82.05 144.83 132.92
aeroplane 0.511948 74.68 157.34 112.78 203.80
aeroplane 0.511882 59.05 15.28 113.24 50.91
aeroplane 0.511850 124.94 68.29 163.48 121.36
aeroplane 0.511823 57.78 0.00 99.56 24.23
motorbike 0.511819 91.03 92.82 116.84 156.12
aeroplane 0.511741 122.50 50.91 158.99 107.40
aeroplane 0.511690 39.72 0.00 83.86 26.38
aeroplane 0.511479 45.12 53.60 80.83 112.17
cow 0.511476 84.08 138.80 122.11 198.32
sheep 0.511379 48.23 176.95 79.21 215.81
dog 0.511366 140.26 142.70 186.39 186.70
aeroplane 0.511273 145.06 169.40 177.20 199.77
aeroplane 0.511242 87.28 12.17 134.71 48.27
cow 0.511125 121.37 142.98 176.85 187.86
dog 0.511104 64.78 158.89 91.89 205.86
aeroplane 0.510971 71.05 172.11 107.53 211.14
dog 0.510541 50.15 160.29 78.90 208.69
aeroplane 0.509809 87.99 107.68 119.01 171.74
motorbike 0.509797 105.55 129.68 146.88 182.76
aeroplane 0.508827 48.01 36.05 89.60 92.09
