car 0.678806 28.44 95.49 176.25 165.38
car 0.599054 11.91 117.13 143.78 172.95
person 0.587734 35.40 102.97 148.96 172.64
car 0.574866 3.09 126.98 126.88 187.44
car 0.570662 0.00 142.56 96.30 218.74
car 0.562489 155.23 106.24 216.60 125.56
car 0.561202 19.31 111.32 118.75 162.65
car 0.556414 11.10 122.20 53.55 146.51
car 0.553365 78.32 102.25 171.75 164.31
car 0.552147 51.10 91.70 155.13 150.43
car 0.550798 9.66 122.21 91.44 157.29
car 0.548120 61.77 87.41 161.45 132.72
car 0.541151 74.45 85.40 158.19 119.34
car 0.540859 12.85 149.60 81.25 211.98
car 0.540455 13.00 138.48 110.56 198.30
car 0.540356 11.83 123.14 70.10 150.29
car 0.540332 7.42 123.80 40.85 149.17
car 0.540223 46.20 106.67 151.38 175.00
car 0.538185 0.00 104.57 159.17 184.81
car 0.537982 10.18 126.81 56.27 155.75
car 0.537893 164.33 100.96 209.17 125.10
car 0.537235 7.46 124.78 86.50 182.83
person 0.535077 48.17 92.49 136.34 139.52
car 0.534921 109.57 94.48 203.59 148.12
person 0.534681 39.30 100.22 129.41 153.56
car 0.534494 96.74 71.85 223.58 178.99
car 0.534180 154.37 86.18 224.00 154.54
car 0.533897 0.00 123.37 23.50 154.20
car 0.533733 64.95 76.59 108.53 101.99
car 0.533516 18.51 171.25 84.31 217.20
sheep 0.533002 207.96 207.38 224.00 224.00
aeroplane 0.532765 187.49 0.00 224.00 43.61
car 0.532759 149.89 106.10 208.26 133.74
car 0.532544 187.68 185.07 224.00 224.00
car 0.532355 108.32 107.53 176.76 151.57
car 0.530969 204.34 67.37 224.00 95.99
car 0.530588 67.89 68.80 100.28 93.58
person 0.530448 0.00 202.78 21.37 224.00
car 0.530417 191.57 69.37 221.75 91.29
car 0.530029 68.37 77.76 121.66 106.38
person 0.529928 30.16 200.64 83.30 224.00
aeroplane 0.529567 0.00 0.00 69.38 45.08
car 0.529201 82.96 95.02 160.44 139.15
car 0.529134 156.44 125.43 205.72 154.81
car 0.529052 0.00 0.00 23.59 19.43
car 0.528915 9.30 131.67 61.34 168.55
car 0.528878 171.67 102.82 224.00 183.92
car 0.528725 57.56 77.50 93.86 96.88
car 0.528700 205.70 110.15 224.00 138.65
car 0.528609 58.78 86.91 130.83 122.94
car 0.528486 208.10 117.86 224.00 147.14
car 0.528306 185.81 70.23 214.85 89.52
aeroplane 0.528291 28.60 0.00 81.63 17.80
car 0.528109 100.93 82.71 156.05 107.21
car 0.528029 189.83 75.45 219.71 98.84
car 0.527987 99.04 108.93 224.00 224.00
car 0.527984 25.23 114.27 99.96 153.27
car 0.527895 204.09 102.13 224.00 130.78
car 0.527882 135.87 105.05 195.99 135.31
car 0.527811 181.99 117.48 224.00 206.58
car 0.527517 211.08 125.04 224.00 156.09
car 0.527425 0.00 131.23 25.58 168.28
car 0.527346 214.16 131.73 224.00 164.72
cow 0.527301 62.03 210.95 104.12 224.00
car 0.527205 153.07 115.76 210.21 145.01
sheep 0.527190 197.15 211.16 224.00 224.00
person 0.527103 0.00 0.00 106.04 132.12
car 0.527101 101.49 88.76 157.19 116.77
pottedplant 0.527088 0.00 204.07 41.32 224.00
motorbike 0.527067 11.37 191.73 68.82 224.00
car 0.527048 72.02 70.37 111.04 96.24
aeroplane 0.527030 12.32 0.00 68.36 15.94
sheep 0.526977 187.81 212.88 218.72 224.00
aeroplane 0.526938 0.22 144.38 132.33 224.00
aeroplane 0.526874 14.25 30.00 68.56 56.80
car 0.526618 85.87 173.80 191.38 224.00
aeroplane 0.526603 24.65 189.94 81.07 224.00
cow 0.526560 48.28 208.33 95.24 224.00
car 0.526545 202.84 94.68 224.00 123.72
car 0.526335 199.62 79.24 224.00 107.38
aeroplane 0.526323 71.39 163.82 177.59 224.00
car 0.526271 56.87 85.41 111.31 115.98
car 0.526201 5.47 132.02 44.66 164.58
car 0.526102 179.99 69.79 205.04 89.33
cow 0.526017 74.25 211.91 111.96 224.00
car 0.526002 19.83 67.42 52.20 83.34
aeroplane 0.525956 14.11 38.97 62.87 62.09
car 0.525951 141.23 100.06 195.09 128.20
car 0.525837 0.00 116.17 23.57 146.16
car 0.525789 215.83 139.70 224.00 172.85
aeroplane 0.525748 17.22 21.32 76.19 52.41
car 0.525697 13.50 114.19 67.48 145.68
car 0.525522 45.63 127.91 135.44 190.50
car 0.525462 125.67 186.44 212.65 224.00
car 0.525430 191.69 139.07 224.00 224.00
aeroplane 0.525367 9.53 0.00 85.25 23.22
car 0.525338 56.58 71.20 87.13 91.08
aeroplane 0.525336 208.82 0.00 224.00 19.20
car 0.525302 9.65 144.00 71.42 198.27
aeroplane 0.525283 13.89 8.33 77.07 46.10
car 0.525220 201.16 86.85 224.00 116.11
car 0.524962 155.55 188.23 224.00 224.00
aeroplane 0.524936 13.40 165.63 69.14 216.91
car 0.524935 149.64 95.27 203.11 124.11
diningtable 0.524902 164.66 45.31 198.74 65.03
aeroplane 0.524867 16.96 60.32 54.51 76.36
car 0.524831 10.42 113.55 43.79 142.50
dog 0.524710 214.56 155.96 224.00 183.90
aeroplane 0.524604 9.62 196.14 62.79 224.00
car 0.524369 46.27 144.86 121.76 200.77
dog 0.524083 214.09 162.98 224.00 190.52
car 0.524073 208.25 60.83 224.00 92.32
car 0.523997 158.92 134.29 202.34 162.51
aeroplane 0.523904 33.65 184.44 91.64 221.46
car 0.523824 127.63 0.00 224.00 143.91
car 0.523817 94.06 115.89 166.56 165.80
car 0.523812 47.36 77.48 83.10 93.85
aeroplane 0.523748 14.83 49.94 58.05 69.33
aeroplane 0.523617 48.18 0.00 95.06 17.34
car 0.523542 25.19 165.34 100.88 211.32
car 0.523431 21.90 73.56 50.85 91.05
diningtable 0.523387 162.48 37.70 200.94 57.21
aeroplane 0.523275 161.66 0.00 224.00 36.33
aeroplane 0.523068 146.32 0.00 212.84 30.96
car 0.523026 65.30 99.03 191.23 152.30
car 0.522993 0.00 152.84 20.75 200.66
car 0.522967 173.14 69.96 196.77 87.93
car 0.522892 74.88 72.08 122.40 100.57
car 0.522858 61.80 122.95 148.62 179.90
car 0.522815 0.00 0.00 36.33 14.78
car 0.522697 0.00 95.50 141.63 224.00
car 0.522689 121.14 83.87 167.96 107.55
car 0.522597 44.51 71.09 77.17 88.37
car 0.522596 32.80 75.14 66.67 90.60
aeroplane 0.522589 169.70 44.83 203.06 66.37
car 0.522579 141.68 93.54 191.38 119.93
cow 0.522536 90.14 211.93 123.22 224.00
car 0.522406 122.35 91.12 172.25 115.86
car 0.522205 90.62 73.25 150.89 107.07
car 0.522183 28.55 68.79 64.22 84.93
car 0.522054 175.95 106.52 211.80 128.99
aeroplane 0.521781 4.51 0.00 49.11 14.50
car 0.521732 165.10 53.98 224.00 133.07
car 0.521696 0.00 0.00 114.99 152.78
aeroplane 0.521675 15.29 0.00 101.12 32.88
car 0.521639 39.46 101.88 111.05 141.36
aeroplane 0.521617 168.33 0.00 204.40 14.56
aeroplane 0.521511 38.48 165.46 106.80 212.16
car 0.521497 83.33 141.67 146.05 189.40
boat 0.521423 34.86 196.24 84.07 224.00
aeroplane 0.521418 38.28 0.00 116.85 31.54
car 0.521405 11.73 92.63 38.73 116.55
aeroplane 0.521292 166.67 37.07 203.68 57.00
car 0.521211 4.46 153.16 51.08 199.66
car 0.521129 178.49 75.04 205.60 97.29
sheep 0.521126 214.45 170.07 224.00 198.66
aeroplane 0.521082 121.63 0.00 156.31 15.38
dog 0.521073 162.71 213.13 199.56 224.00
aeroplane 0.521051 30.52 32.00 77.98 55.00
aeroplane 0.521018 87.97 0.00 155.14 29.60
car 0.521006 177.94 94.42 211.06 120.06
aeroplane 0.520957 61.35 0.00 134.94 29.94
car 0.520841 177.86 64.14 203.47 85.34
aeroplane 0.520834 152.54 44.62 181.27 61.44
aeroplane 0.520814 145.32 44.48 167.94 60.53
car 0.520808 4.10 137.60 47.62 178.63
cow 0.520802 98.38 212.11 131.78 224.00
aeroplane 0.520754 145.28 212.79 181.39 224.00
car 0.520702 11.28 103.04 39.20 131.56
car 0.520585 6.68 178.00 79.25 224.00
car 0.520551 0.00 58.64 128.74 170.51
car 0.520551 189.50 97.13 215.59 120.34
car 0.520520 48.71 92.07 115.61 129.31
car 0.520446 0.00 87.95 88.73 166.63
car 0.520439 0.00 88.94 17.13 119.67
car 0.520432 192.39 109.38 216.98 131.71
car 0.520394 15.77 92.33 48.71 115.75
aeroplane 0.520386 26.12 37.62 72.04 63.78
aeroplane 0.520374 184.80 9.65 224.00 98.07
car 0.520371 119.94 99.28 175.94 131.08
aeroplane 0.520347 70.60 0.00 111.78 16.80
car 0.520320 120.11 76.13 163.75 101.86
boat 0.520210 0.00 193.07 15.80 224.00
aeroplane 0.520135 106.80 0.00 173.10 30.93
car 0.520133 21.30 81.39 50.75 101.23
aeroplane 0.520095 128.94 212.31 167.20 224.00
car 0.520094 163.37 68.91 186.78 87.74
car 0.520038 160.08 139.83 200.16 171.23
car 0.520013 139.87 85.57 183.74 112.61
aeroplane 0.520006 89.90 0.00 126.70 15.67
aeroplane 0.519974 137.54 45.22 154.97 60.79
car 0.519920 0.00 179.90 13.61 224.00
car 0.519895 109.27 107.45 202.38 162.90
car 0.519888 11.90 83.51 39.83 103.90
car 0.519884 184.39 84.78 214.07 110.95
aeroplane 0.519882 138.68 0.00 171.13 13.53
car 0.519857 0.00 108.71 21.99 139.08
sheep 0.519795 217.11 190.48 224.00 223.15
aeroplane 0.519791 146.74 0.00 182.04 13.97
sheep 0.519774 215.92 178.45 224.00 208.65
car 0.519708 175.43 36.02 224.00 118.52
diningtable 0.519651 168.02 55.38 195.71 76.14
car 0.519648 51.02 70.06 187.04 173.40
aeroplane 0.519611 220.00 31.19 224.00 66.77
aeroplane 0.519594 220.00 41.05 224.00 76.14
aeroplane 0.519561 151.10 38.69 184.45 55.90
car 0.519527 16.83 102.94 58.76 131.70
car 0.519518 150.68 85.52 192.21 116.42
car 0.519471 0.00 80.33 15.61 109.91
car 0.519455 138.87 76.81 175.46 102.93
car 0.519451 0.00 98.53 19.35 129.97
car 0.519431 183.86 64.65 212.73 85.40
car 0.519423 0.00 170.45 16.06 214.64
cow 0.519400 105.84 212.23 143.21 224.00
aeroplane 0.519391 199.06 165.35 212.26 185.12
car 0.519389 192.40 82.18 219.90 107.54
car 0.519263 171.35 64.35 195.87 82.93
car 0.519254 140.11 106.98 215.75 169.45
car 0.519236 0.00 47.25 14.53 75.74
aeroplane 0.519182 138.10 40.14 155.65 54.19
car 0.519157 197.31 116.56 218.13 140.36
aeroplane 0.519132 113.24 212.10 152.86 224.00
aeroplane 0.519091 144.68 39.29 168.82 55.17
car 0.519060 6.22 92.16 31.12 117.55
car 0.519034 12.25 163.81 68.13 209.15
car 0.519009 0.00 30.62 12.74 63.29
aeroplane 0.518899 214.82 51.83 224.00 85.63
aeroplane 0.518842 197.80 156.74 213.23 178.67
aeroplane 0.518702 0.00 13.47 77.15 88.78
car 0.518681 27.01 80.30 58.00 99.38
car 0.518680 151.35 68.54 176.71 90.74
car 0.518662 151.89 76.28 181.96 102.07
car 0.518616 87.15 134.15 154.44 178.06
car 0.518561 0.00 56.80 76.52 140.78
car 0.518545 32.10 102.52 92.53 135.88
car 0.518471 12.44 73.81 41.96 92.77
car 0.518464 0.00 70.73 14.87 100.31
aeroplane 0.518427 173.73 55.15 202.32 78.65
car 0.518410 6.50 102.25 31.85 130.58
boat 0.518395 2.79 32.54 39.67 57.32
aeroplane 0.518390 107.49 0.00 141.13 14.59
car 0.518371 0.00 61.54 14.98 90.46
car 0.518344 205.07 131.46 220.68 158.28
aeroplane 0.518262 59.95 182.62 108.20 224.00
train 0.518209 65.10 0.00 177.52 138.89
car 0.518170 13.11 57.51 48.15 73.61
aeroplane 0.518155 108.67 70.29 155.18 99.13
car 0.518126 181.28 112.74 213.08 136.97
car 0.518122 12.96 65.11 44.84 82.08
car 0.518035 48.83 83.71 94.20 103.60
car 0.518020 6.02 83.26 31.02 106.21
car 0.517990 138.30 69.01 170.53 94.69
car 0.517982 4.41 41.85 36.83 64.16
car 0.517964 201.70 124.09 219.71 149.65
car 0.517912 119.54 123.47 182.89 161.52
diningtable 0.517888 162.20 54.03 188.63 71.30
car 0.517826 110.65 130.27 166.02 169.23
car 0.517781 89.24 151.84 142.70 198.70
aeroplane 0.517762 181.63 0.00 216.50 13.79
car 0.517738 143.36 128.79 196.81 160.31
car 0.517667 207.23 139.87 220.11 166.39
aeroplane 0.517555 168.16 160.52 196.43 190.65
sheep 0.517528 208.04 157.14 219.06 178.97
aeroplane 0.517503 131.48 39.89 148.01 54.94
car 0.517492 25.58 89.80 63.96 114.67
car 0.517455 162.58 147.95 198.49 182.03
car 0.517452 160.83 157.81 191.54 190.62
diningtable 0.517413 160.81 30.27 202.70 51.91
sheep 0.517393 207.14 164.66 218.17 185.42
aeroplane 0.517365 153.74 51.95 177.53 70.20
aeroplane 0.517270 129.73 45.41 147.10 62.58
boat 0.517242 0.00 19.59 12.19 55.54
aeroplane 0.517235 199.17 172.44 211.70 191.35
diningtable 0.517208 163.93 62.54 186.72 79.97
car 0.517178 6.15 49.55 34.82 69.75
aeroplane 0.517168 4.92 178.26 46.51 220.77
car 0.517091 35.82 80.86 73.94 99.32
aeroplane 0.516987 58.07 159.53 118.10 210.39
car 0.516982 188.38 129.55 214.44 154.36
car 0.516944 23.51 60.43 63.95 79.12
aeroplane 0.516934 96.00 39.55 112.97 55.09
boat 0.516855 0.00 0.00 145.83 157.46
boat 0.516853 0.00 29.79 71.03 109.77
car 0.516797 6.36 73.18 30.84 95.20
aeroplane 0.516772 194.30 0.00 224.00 15.12
car 0.516753 7.23 56.33 33.29 75.45
aeroplane 0.516726 163.72 170.75 186.53 197.62
car 0.516701 104.30 150.53 154.24 186.31
aeroplane 0.516668 153.00 60.66 176.16 81.09
aeroplane 0.516584 144.11 51.53 167.50 71.71
car 0.516546 5.45 169.45 50.12 209.56
aeroplane 0.516515 99.94 156.20 148.11 197.08
boat 0.516483 0.00 6.82 12.72 45.59
sheep 0.516479 208.22 148.57 219.50 173.40
car 0.516459 162.31 75.39 192.56 99.13
diningtable 0.516443 158.80 17.47 202.44 44.02
aeroplane 0.516420 35.92 0.00 92.94 22.06
car 0.516419 63.22 64.23 91.98 89.81
aeroplane 0.516416 197.90 180.13 211.39 200.26
car 0.516414 185.03 121.02 214.41 145.72
aeroplane 0.516398 194.77 146.53 213.37 170.44
aeroplane 0.516380 216.15 0.00 224.00 25.61
aeroplane 0.516344 107.10 40.34 123.91 55.16
car 0.516205 172.97 84.17 206.35 112.61
aeroplane 0.516181 191.31 137.89 213.42 161.98
aeroplane 0.516102 2.13 21.92 41.38 49.58
car 0.516090 7.24 63.83 31.93 84.00
aeroplane 0.515937 121.04 174.74 162.25 206.64
car 0.515930 40.50 62.73 74.91 83.60
boat 0.515920 0.00 0.00 16.37 33.46
aeroplane 0.515883 51.11 4.72 124.13 95.72
car 0.515826 144.32 119.01 215.82 189.66
aeroplane 0.515740 139.87 60.66 167.93 85.52
aeroplane 0.515718 66.55 11.28 147.18 109.14
aeroplane 0.515594 73.53 37.60 96.77 55.25
aeroplane 0.515537 56.68 35.77 88.84 54.02
aeroplane 0.515499 171.87 172.73 194.17 196.61
car 0.515493 35.32 89.93 83.95 116.12
aeroplane 0.515447 83.16 38.87 103.90 55.25
car 0.515430 53.79 64.32 84.93 87.25
aeroplane 0.515408 0.00 40.60 91.08 122.84
boat 0.515399 55.28 203.43 99.76 224.00
boat 0.515297 2.09 193.78 43.44 224.00
aeroplane 0.515191 12.07 23.25 63.37 48.12
aeroplane 0.515190 220.00 10.33 224.00 48.44
car 0.515130 125.18 153.24 167.09 187.92
aeroplane 0.515058 163.47 180.41 183.09 204.75
sheep 0.515001 196.22 193.26 212.25 219.22
aeroplane 0.514983 33.16 50.31 72.42 75.97
aeroplane 0.514971 220.00 0.00 224.00 36.93
aeroplane 0.514965 106.09 46.63 125.73 66.23
aeroplane 0.514919 149.74 31.52 185.93 51.22
aeroplane 0.514917 120.49 191.40 158.64 224.00
car 0.514884 111.79 141.29 161.86 176.26
aeroplane 0.514792 75.39 44.77 98.12 66.05
aeroplane 0.514764 117.33 163.24 161.29 196.15
aeroplane 0.514757 62.13 42.94 90.44 64.74
aeroplane 0.514723 107.31 167.05 147.77 206.79
aeroplane 0.514713 132.64 52.58 156.22 74.86
aeroplane 0.514710 26.65 131.32 158.64 217.35
aeroplane 0.514662 124.91 62.20 159.22 90.38
car 0.514655 142.07 154.81 178.74 188.79
aeroplane 0.514642 32.97 26.10 81.90 48.78
aeroplane 0.514595 163.11 29.53 203.71 52.08
car 0.514587 115.92 135.44 201.31 205.44
aeroplane 0.514587 144.27 32.38 168.93 50.60
aeroplane 0.514579 144.88 167.43 175.49 197.46
aeroplane 0.514571 122.87 46.20 141.88 63.36
sheep 0.514510 207.34 171.65 218.23 192.78
car 0.514363 152.04 139.28 216.91 216.32
aeroplane 0.514327 137.85 33.13 157.02 49.23
aeroplane 0.514275 124.38 40.58 142.53 54.97
aeroplane 0.514258 94.75 46.11 114.78 66.54
aeroplane 0.514236 34.79 0.00 116.94 52.92
aeroplane 0.514231 46.58 40.65 83.00 63.21
car 0.514184 124.66 71.15 211.70 137.83
aeroplane 0.514141 27.97 13.43 81.98 43.00
aeroplane 0.514092 172.78 181.73 192.65 203.73
aeroplane 0.514050 115.64 47.17 136.06 64.21
aeroplane 0.514016 149.28 20.38 187.24 43.20
aeroplane 0.513935 57.89 49.00 143.53 134.52
aeroplane 0.513921 116.66 41.45 135.63 54.01
aeroplane 0.513920 158.78 15.73 203.02 44.92
aeroplane 0.513885 189.08 163.07 208.38 186.53
aeroplane 0.513864 169.32 149.93 204.80 181.23
aeroplane 0.513775 1.35 8.31 41.79 38.82
aeroplane 0.513760 181.83 153.21 209.16 180.08
aeroplane 0.513732 97.43 67.04 145.44 99.49
car 0.513687 81.27 124.05 186.33 196.87
aeroplane 0.513656 113.33 63.88 152.67 93.78
aeroplane 0.513572 83.16 45.86 105.34 66.45
aeroplane 0.513558 191.96 179.50 206.62 201.28
aeroplane 0.513522 134.48 28.15 212.53 102.30
aeroplane 0.513464 94.77 161.28 139.53 206.73
aeroplane 0.513464 146.56 177.87 173.73 206.44
car 0.513464 65.26 148.05 182.66 224.00
boat 0.513451 43.90 14.04 169.61 155.02
aeroplane 0.513394 79.78 157.77 130.46 208.69
aeroplane 0.513351 159.28 0.00 202.24 25.81
aeroplane 0.513347 44.81 0.00 91.96 33.25
aeroplane 0.513286 192.80 171.52 207.56 192.85
aeroplane 0.513256 173.92 142.73 209.29 171.45
aeroplane 0.513238 81.72 18.61 166.72 113.00
car 0.513201 58.72 20.80 178.42 163.24
aeroplane 0.513194 21.35 1.27 103.17 80.86
aeroplane 0.513159 136.42 0.00 210.68 65.85
boat 0.513147 0.00 0.00 41.08 15.93
aeroplane 0.513118 143.65 21.86 168.48 42.69
sheep 0.513040 207.25 179.68 218.58 202.48
aeroplane 0.513032 51.81 28.44 88.37 48.58
aeroplane 0.512953 177.30 161.42 203.75 188.21
car 0.512941 146.28 46.06 224.00 119.90
aeroplane 0.512882 68.04 203.39 108.67 224.00
sheep 0.512872 206.87 192.38 219.26 219.69
aeroplane 0.512857 13.13 10.43 64.88 38.30
aeroplane 0.512770 137.01 22.42 157.94 42.37
aeroplane 0.512755 130.34 54.86 212.71 122.18
aeroplane 0.512743 57.70 0.00 135.04 60.21
aeroplane 0.512739 150.91 19.25 223.06 97.60
aeroplane 0.512692 45.74 15.36 88.69 43.07
car 0.512686 90.16 67.92 139.84 101.24
aeroplane 0.512655 122.07 54.46 148.22 78.36
aeroplane 0.512653 189.64 192.46 206.99 219.27
car 0.512491 140.91 142.26 184.87 177.03
aeroplane 0.512450 116.24 169.20 206.37 224.00
aeroplane 0.512441 68.47 29.94 96.20 48.34
aeroplane 0.512302 131.59 32.85 150.04 50.09
aeroplane 0.512273 93.39 33.34 113.01 48.34
aeroplane 0.512262 45.64 52.22 80.88 78.45
aeroplane 0.512021 78.40 31.54 103.02 47.59
car 0.512013 90.56 72.00 199.08 142.52
aeroplane 0.512000 150.35 0.00 187.10 27.51
aeroplane 0.511990 0.69 0.00 42.12 25.65
aeroplane 0.511951 134.99 192.82 170.80 224.00
aeroplane 0.511926 105.50 35.05 124.99 49.72
aeroplane 0.511912 76.00 179.38 122.39 224.00
aeroplane 0.511888 0.00 0.00 86.32 68.88
aeroplane 0.511884 182.91 171.87 202.91 194.10
aeroplane 0.511857 179.47 45.90 214.38 68.03
aeroplane 0.511771 175.03 38.33 212.35 58.38
aeroplane 0.511740 84.67 0.00 157.48 64.57
aeroplane 0.511724 186.13 55.74 217.15 79.92
aeroplane 0.511672 183.83 180.56 201.98 201.81
aeroplane 0.511520 201.30 34.97 223.05 63.48
aeroplane 0.511479 201.15 54.82 223.99 83.98
aeroplane 0.511442 201.22 44.02 223.53 73.35
boat 0.511377 66.52 56.23 94.27 83.98
aeroplane 0.511300 39.98 41.61 122.11 120.62
aeroplane 0.511267 161.30 194.14 183.63 223.01
aeroplane 0.511262 60.03 16.15 96.51 42.16
car 0.511253 19.55 87.38 128.79 158.75
aeroplane 0.511250 114.36 56.48 143.55 80.66
aeroplane 0.511075 56.51 53.68 87.80 81.34
aeroplane 0.511073 147.84 193.57 175.49 224.00
aeroplane 0.511070 66.29 56.00 181.07 139.09
aeroplane 0.511004 153.98 0.00 197.23 13.40
aeroplane 0.510970 171.61 193.72 194.16 220.81
aeroplane 0.510957 142.40 0.00 166.85 27.17
aeroplane 0.510775 103.74 32.15 193.81 106.04
aeroplane 0.510678 107.27 58.53 139.15 82.87
aeroplane 0.510626 132.61 21.38 152.18 43.28
aeroplane 0.510604 182.15 192.50 202.58 218.93
boat 0.510600 73.21 57.38 101.12 84.75
aeroplane 0.510383 134.00 0.00 156.61 27.01
aeroplane 0.510245 102.26 181.47 140.15 224.00
sheep 0.510236 183.02 209.78 210.64 224.00
aeroplane 0.510199 112.83 0.00 189.90 64.66
aeroplane 0.510106 116.44 35.83 137.84 49.16
aeroplane 0.509876 98.59 58.66 131.21 84.81
aeroplane 0.509843 124.47 34.15 144.98 50.24
aeroplane 0.509811 6.85 28.34 101.08 105.43
aeroplane 0.509785 62.79 0.00 105.93 31.38
aeroplane 0.509499 68.43 18.73 102.50 40.70
aeroplane 0.509263 88.36 58.05 119.49 84.35
aeroplane 0.508996 85.24 22.39 111.92 41.99
dog 0.508864 175.63 209.02 205.29 224.00
aeroplane 0.508812 77.99 58.11 108.74 84.41
aeroplane 0.508600 155.59 210.53 186.96 224.00
aeroplane 0.508520 84.85 202.73 122.45 224.00
aeroplane 0.508404 103.58 24.17 124.07 43.11
aeroplane 0.508338 200.79 25.33 222.22 54.90
aeroplane 0.507884 94.56 203.60 130.41 224.00
aeroplane 0.507874 105.31 206.13 141.66 224.00
aeroplane 0.507746 79.78 0.00 113.28 29.79
aeroplane 0.507532 126.65 22.38 146.90 43.72
aeroplane 0.507249 117.53 24.62 138.02 42.58
aeroplane 0.506953 101.00 0.00 122.90 28.10
aeroplane 0.506558 198.93 11.79 221.67 43.61
aeroplane 0.506554 119.98 0.00 146.28 13.28
aeroplane 0.506358 197.02 0.00 221.58 29.13
aeroplane 0.506155 126.73 0.00 146.36 28.99
aeroplane 0.505809 116.55 0.00 135.15 27.19
