person 0.635773 19.47 0.00 204.64 204.99
tvmonitor 0.629116 13.47 0.00 190.64 215.53
person 0.614738 14.62 11.77 146.51 161.11
bottle 0.598547 15.41 8.72 183.50 198.71
pottedplant 0.589274 37.64 0.00 201.14 209.64
bottle 0.583044 11.58 45.92 68.89 138.87
cat 0.580608 33.21 0.00 202.13 199.32
chair 0.574233 17.54 0.00 210.72 204.61
bottle 0.566539 6.47 99.64 68.07 172.25
sofa 0.560800 30.94 10.55 197.17 176.07
chair 0.557233 13.83 38.83 75.94 136.33
bottle 0.555792 25.25 68.17 115.39 125.84
person 0.553620 14.48 0.00 96.60 146.03
dog 0.553128 21.19 139.49 68.22 221.66
tvmonitor 0.552766 35.28 49.78 160.35 214.12
bottle 0.552582 32.36 58.34 157.18 215.00
dog 0.545828 32.37 150.42 92.46 215.19
chair 0.545009 11.09 10.28 74.55 91.80
sofa 0.544879 142.23 0.00 224.00 172.68
bottle 0.544859 8.28 71.30 79.48 156.71
chair 0.544594 24.74 55.51 172.11 210.36
bottle 0.544467 11.69 106.63 52.35 185.55
dog 0.543630 33.47 75.38 151.79 210.24
bottle 0.542381 14.60 124.03 52.72 209.11
person 0.542055 21.07 53.41 143.72 199.19
pottedplant 0.540606 108.50 0.00 222.61 208.65
bottle 0.540345 42.02 105.01 99.12 159.09
dog 0.540205 16.18 128.07 59.76 210.70
bottle 0.539854 50.22 74.54 119.10 119.45
cat 0.539058 137.19 7.85 224.00 198.91
cat 0.538697 21.19 74.23 164.25 208.07
dog 0.537360 1.34 105.01 60.76 186.50
bottle 0.537030 23.88 105.59 71.23 166.17
cat 0.536940 186.65 87.91 224.00 224.00
person 0.536150 0.00 0.00 80.17 90.50
bottle 0.535945 162.68 209.39 198.23 224.00
pottedplant 0.535940 146.45 25.42 224.00 208.47
dog 0.535705 12.91 131.30 45.75 216.73
dog 0.535211 219.54 157.88 224.00 212.23
bottle 0.535114 0.00 203.97 17.14 224.00
bottle 0.534711 32.41 39.63 105.47 100.03
dog 0.534591 217.22 156.55 224.00 206.95
person 0.534456 0.00 142.86 12.76 214.77
dog 0.534404 0.00 147.72 12.01 217.93
dog 0.534087 5.69 139.02 27.43 216.69
dog 0.534016 0.00 113.72 32.19 212.77
person 0.533810 1.34 36.04 91.69 166.39
cat 0.533801 172.82 162.48 224.00 224.00
person 0.533785 0.00 160.32 31.00 224.00
bottle 0.533753 16.31 33.21 75.08 104.93
bottle 0.533472 26.58 97.31 92.29 161.58
bottle 0.532956 175.06 209.75 212.47 224.00
person 0.532535 4.27 100.30 57.75 187.68
chair 0.532340 23.34 19.53 89.78 87.41
pottedplant 0.532214 56.84 60.08 184.72 211.18
person 0.531951 0.00 107.21 36.71 183.72
person 0.531919 44.33 0.00 154.00 54.50
bottle 0.531585 0.00 207.42 28.78 224.00
bottle 0.531576 210.25 201.82 224.00 224.00
dog 0.530970 49.73 172.19 95.75 222.82
chair 0.530884 94.30 19.26 224.00 224.00
chair 0.530337 10.97 0.00 53.74 42.65
person 0.530333 23.59 0.00 158.96 102.09
person 0.530295 0.00 93.95 45.41 203.96
bottle 0.530206 149.80 208.94 185.98 224.00
bottle 0.530060 49.49 99.72 108.67 148.43
person 0.530007 14.95 59.80 99.76 187.40
cat 0.529821 137.92 60.19 206.37 216.03
dog 0.529800 12.10 113.89 72.01 206.09
bottle 0.529536 187.27 208.25 221.26 224.00
dog 0.529337 35.67 151.43 136.61 224.00
dog 0.529202 5.27 166.55 46.93 224.00
bottle 0.529188 36.65 85.25 107.46 142.80
person 0.529018 0.00 60.82 69.42 185.34
sofa 0.529015 39.08 0.00 179.42 102.89
chair 0.528954 3.03 52.67 58.29 129.56
cat 0.528951 162.50 64.32 224.00 220.02
sheep 0.528856 84.37 154.72 135.24 204.32
sheep 0.528850 174.32 151.04 198.62 209.52
bottle 0.528684 95.20 211.74 136.54 224.00
dog 0.528573 28.08 22.96 98.26 81.53
bottle 0.528488 29.29 30.69 95.43 82.62
cat 0.528473 142.79 166.97 215.92 224.00
chair 0.528463 15.65 0.00 60.94 59.15
cat 0.528450 158.91 0.00 224.00 73.62
person 0.528383 0.00 0.00 23.50 27.53
dog 0.528365 53.40 209.73 100.71 224.00
bottle 0.528264 69.29 76.75 128.19 114.34
dog 0.528178 84.84 153.96 137.45 202.76
aeroplane 0.528136 205.56 0.00 224.00 25.67
chair 0.528101 0.00 62.97 16.33 126.37
sofa 0.528062 81.17 0.03 212.49 158.40
bottle 0.527747 133.69 210.42 167.51 224.00
sofa 0.527618 70.96 0.00 181.06 58.00
dog 0.527580 46.29 154.64 104.01 209.81
bottle 0.527526 111.86 210.31 150.89 224.00
person 0.527474 16.80 0.00 131.54 75.93
aeroplane 0.527280 162.69 73.44 195.35 138.05
sheep 0.527247 188.75 154.09 213.44 211.21
cat 0.527102 158.41 107.43 208.68 217.38
dog 0.526986 218.50 175.92 224.00 224.00
bottle 0.526870 40.73 112.47 81.12 168.30
chair 0.526743 31.89 0.00 77.91 48.11
bottle 0.526655 50.55 166.18 171.08 224.00
person 0.526561 0.00 127.19 19.15 199.29
chair 0.526356 0.00 0.00 38.83 41.57
dog 0.526308 39.41 209.49 82.81 224.00
sheep 0.526288 80.86 0.00 118.22 16.65
sheep 0.525954 169.03 161.27 190.02 213.36
bottle 0.525699 96.17 77.51 148.93 111.81
bottle 0.525340 62.78 109.90 110.26 155.34
bottle 0.525199 42.04 33.22 104.67 75.69
dog 0.525167 121.58 39.68 162.72 66.35
bottle 0.525115 6.64 208.25 38.93 224.00
cat 0.524968 75.68 171.07 180.76 224.00
bottle 0.524924 7.13 122.64 36.33 204.44
person 0.524851 0.00 46.33 12.13 114.85
bottle 0.524755 86.05 210.26 125.88 224.00
sheep 0.524752 97.73 154.27 146.23 202.60
bottle 0.524736 201.89 204.58 224.00 224.00
dog 0.524726 81.18 163.01 125.59 211.07
chair 0.524631 44.10 0.00 88.19 43.01
chair 0.524630 0.00 21.31 42.55 86.94
sheep 0.524566 170.55 149.10 192.99 200.91
chair 0.524513 0.00 0.00 34.33 23.59
dog 0.524482 26.41 207.95 62.40 224.00
sheep 0.524152 163.93 153.64 186.47 203.54
bottle 0.524109 100.70 45.81 156.34 89.63
bottle 0.524096 93.46 58.59 154.85 107.92
bottle 0.523978 19.21 119.23 64.15 178.06
sheep 0.523941 171.03 131.82 199.02 184.05
sheep 0.523934 67.94 0.00 120.22 20.20
dog 0.523913 217.81 142.86 224.00 186.39
dog 0.523860 220.00 113.62 224.00 168.28
dog 0.523830 219.67 128.21 224.00 177.52
boat 0.523775 66.35 0.00 105.68 16.28
boat 0.523760 97.34 0.00 132.32 17.06
sheep 0.523679 167.60 179.02 189.74 222.44
chair 0.523497 0.00 0.00 21.73 35.82
person 0.523482 0.00 37.58 9.23 103.85
dog 0.523430 66.10 156.71 119.17 205.73
bottle 0.523413 76.82 123.19 120.11 169.80
bottle 0.523399 213.73 193.77 224.00 224.00
aeroplane 0.523345 166.85 61.28 203.99 104.18
dog 0.523317 164.46 54.24 205.95 98.19
bottle 0.523287 15.33 208.25 50.28 224.00
bottle 0.523148 0.00 166.77 12.25 224.00
dog 0.523130 220.00 51.81 224.00 97.70
bottle 0.523110 116.22 39.97 160.05 67.16
aeroplane 0.523107 106.63 0.00 140.40 17.09
sheep 0.523079 210.83 156.45 224.00 212.18
dog 0.523064 159.35 0.00 197.36 18.26
dog 0.522978 51.06 0.00 96.35 24.32
bottle 0.522872 3.74 65.93 53.33 128.45
chair 0.522801 0.00 22.27 7.11 83.41
boat 0.522761 43.51 0.00 88.07 29.08
dog 0.522753 145.50 0.00 181.07 17.88
aeroplane 0.522745 137.84 0.00 172.51 17.72
sheep 0.522707 93.20 194.42 126.85 224.00
sheep 0.522675 38.93 27.19 104.18 72.25
bottle 0.522665 122.35 151.70 162.17 198.53
aeroplane 0.522581 122.44 0.00 155.67 17.00
dog 0.522554 220.00 89.93 224.00 141.27
chair 0.522545 2.61 36.71 52.02 110.71
cat 0.522513 68.38 87.55 182.07 206.01
sheep 0.522483 164.64 164.56 183.96 210.97
aeroplane 0.522380 153.02 72.05 191.69 128.40
cat 0.522372 115.64 85.76 196.68 210.33
sofa 0.522297 148.60 0.00 224.00 106.22
dog 0.522236 90.77 175.79 129.05 216.51
chair 0.522149 0.00 97.40 25.83 160.48
boat 0.522121 44.56 0.00 83.33 16.41
bottle 0.522117 107.04 153.26 151.52 200.86
sheep 0.522044 184.86 129.59 215.07 180.67
aeroplane 0.521931 160.68 66.36 200.14 116.60
bottle 0.521735 51.34 43.92 120.26 97.69
sheep 0.521734 166.28 122.50 193.18 176.49
cat 0.521733 149.66 140.64 210.14 224.00
dog 0.521721 36.06 125.76 81.58 186.38
aeroplane 0.521662 154.38 55.03 202.91 98.50
bottle 0.521550 77.96 116.19 123.74 155.90
dog 0.521495 220.00 38.55 224.00 80.41
bottle 0.521466 29.69 123.85 71.82 181.39
aeroplane 0.521440 165.90 88.55 192.68 157.55
chair 0.521428 33.65 0.00 72.36 16.90
bottle 0.521380 144.03 153.74 176.41 200.70
dog 0.521326 149.12 47.22 203.48 91.38
bottle 0.521318 57.24 115.41 100.82 168.28
sofa 0.521278 135.37 0.00 224.00 66.00
aeroplane 0.521266 162.17 79.38 184.52 143.84
sheep 0.521240 171.42 175.23 196.62 223.56
dog 0.521015 25.42 165.14 86.91 224.00
dog 0.520962 56.54 0.00 104.86 32.12
sheep 0.520962 163.04 182.44 183.82 221.49
bottle 0.520959 67.54 118.74 110.25 168.59
bottle 0.520808 110.02 74.03 154.60 115.18
dog 0.520724 220.00 75.66 224.00 125.85
aeroplane 0.520676 142.74 62.57 199.12 108.07
dog 0.520652 51.15 192.49 97.09 224.00
chair 0.520629 6.61 0.00 47.38 20.55
sheep 0.520503 172.27 119.78 207.41 176.86
sheep 0.520493 40.88 129.79 91.86 189.53
bottle 0.520447 189.21 171.64 214.54 224.00
dog 0.520434 42.34 3.13 96.08 54.68
bottle 0.520383 124.89 126.95 154.93 163.49
sheep 0.520345 162.79 126.16 185.44 174.82
bottle 0.520327 167.77 202.39 202.03 224.00
chair 0.520317 0.00 88.60 17.78 143.72
dog 0.520253 28.32 156.19 56.67 221.53
dog 0.520248 129.13 38.71 188.34 66.96
dog 0.520236 13.89 143.16 36.46 217.42
dog 0.520210 29.93 115.31 118.46 206.82
sheep 0.520180 61.69 0.00 124.82 28.06
dog 0.520130 212.00 154.93 224.00 214.80
dog 0.520078 220.00 10.33 224.00 59.79
bottle 0.520067 158.01 203.34 188.88 224.00
chair 0.520022 19.47 0.00 60.82 18.20
dog 0.520003 171.73 0.00 212.14 19.54
chair 0.519995 0.00 0.00 13.09 53.20
bottle 0.519978 61.21 59.33 132.58 116.76
sheep 0.519834 91.63 173.60 132.08 216.50
dog 0.519769 130.88 39.58 196.99 78.11
aeroplane 0.519560 165.19 107.91 193.26 168.81
dog 0.519541 208.71 0.00 224.00 33.39
sofa 0.519461 117.69 0.00 218.43 131.81
chair 0.519389 0.00 3.74 9.23 64.19
bottle 0.519182 122.74 115.76 153.82 152.56
dog 0.519157 119.95 40.82 176.48 72.80
aeroplane 0.519116 192.44 0.00 224.00 22.05
dog 0.519105 217.91 2.29 224.00 52.07
aeroplane 0.519064 180.86 0.00 217.78 19.85
sheep 0.518966 155.45 129.45 177.70 170.87
cat 0.518954 117.47 148.75 160.29 200.23
sheep 0.518940 177.52 144.89 204.72 191.81
sheep 0.518912 145.81 153.26 175.18 196.69
bottle 0.518816 115.44 45.06 161.82 83.31
sheep 0.518803 187.57 145.36 214.47 189.10
dog 0.518756 32.48 157.87 68.31 220.23
dog 0.518652 122.21 45.52 186.52 87.19
dog 0.518592 63.07 172.62 108.12 215.82
bottle 0.518542 69.43 46.68 134.45 94.19
dog 0.518510 111.08 26.18 157.14 56.55
dog 0.518428 214.13 0.00 224.00 41.62
dog 0.518351 139.99 33.52 191.80 59.87
dog 0.518332 145.75 36.85 199.64 70.03
dog 0.518315 110.47 0.00 148.72 19.34
sheep 0.518276 133.28 153.14 167.87 196.11
sheep 0.518243 78.66 141.54 125.40 192.97
sheep 0.518144 1.49 161.30 23.58 221.04
sheep 0.518097 108.35 36.90 156.46 61.37
dog 0.518033 210.55 173.81 224.00 224.00
dog 0.517954 105.46 13.20 153.15 41.22
dog 0.517932 203.72 129.28 224.00 178.13
bottle 0.517908 56.59 39.29 117.34 79.59
sheep 0.517857 205.96 155.05 224.00 200.63
aeroplane 0.517816 166.78 81.45 204.19 141.90
dog 0.517797 162.51 41.44 209.45 87.57
bottle 0.517793 129.69 63.51 186.74 107.84
aeroplane 0.517788 145.75 76.84 176.78 130.93
aeroplane 0.517760 162.87 111.81 185.47 166.11
bottle 0.517674 123.62 71.78 169.93 113.23
bottle 0.517651 119.54 98.33 152.26 142.07
sheep 0.517620 155.10 186.46 177.86 222.03
dog 0.517606 90.48 0.00 135.27 19.61
sheep 0.517590 152.55 167.73 176.48 210.72
bottle 0.517499 175.07 171.67 204.58 223.97
sheep 0.517410 91.10 208.16 129.53 224.00
bottle 0.517363 108.65 55.47 161.26 98.10
aeroplane 0.517356 134.91 69.59 184.95 115.92
bottle 0.517349 97.49 42.88 147.39 73.56
sheep 0.517263 44.53 17.33 108.39 58.27
dog 0.517018 70.65 185.15 108.90 223.21
cat 0.516999 124.45 143.72 197.83 224.00
sheep 0.516978 161.62 145.88 183.65 188.37
dog 0.516862 48.84 7.20 114.77 42.04
bottle 0.516832 113.69 66.11 163.94 106.58
bottle 0.516814 119.86 135.27 150.46 174.18
bottle 0.516748 115.78 82.89 151.48 130.58
dog 0.516695 202.49 112.82 224.00 169.72
bottle 0.516668 3.00 86.34 49.72 144.69
bottle 0.516645 102.12 121.81 140.10 160.58
sheep 0.516633 120.05 151.97 157.88 205.20
sheep 0.516586 52.75 133.96 103.30 190.12
bottle 0.516542 57.79 84.86 115.28 128.28
sheep 0.516445 153.02 139.02 175.12 177.75
sheep 0.516422 132.59 129.01 161.39 164.88
aeroplane 0.516387 120.21 75.91 158.09 121.94
aeroplane 0.516319 170.33 105.45 206.14 167.70
aeroplane 0.516300 127.15 75.53 168.66 118.45
dog 0.516292 98.98 0.00 146.92 26.91
dog 0.516281 114.37 0.00 158.23 26.45
sheep 0.516262 136.73 191.78 159.68 222.38
bottle 0.516260 0.00 186.77 24.42 224.00
bottle 0.516236 95.52 150.84 145.73 207.56
aeroplane 0.516188 170.31 79.15 212.82 128.63
dog 0.516114 177.98 23.50 217.84 61.49
sheep 0.516038 67.95 154.03 121.47 204.03
sheep 0.515926 145.58 190.17 170.33 222.36
sheep 0.515919 55.41 7.91 118.56 38.98
bottle 0.515855 97.26 112.49 137.47 149.43
sheep 0.515838 127.25 191.80 151.99 222.45
dog 0.515834 21.25 155.82 46.08 220.67
dog 0.515828 124.47 0.00 166.60 19.10
sheep 0.515715 59.48 31.14 112.48 61.61
sheep 0.515694 205.55 145.87 224.00 187.76
sheep 0.515664 143.90 130.43 169.55 167.30
dog 0.515615 176.36 34.33 215.75 74.13
bottle 0.515605 79.78 42.38 132.57 76.22
bottle 0.515595 127.64 206.70 155.91 224.00
sheep 0.515578 156.45 116.31 177.91 161.30
dog 0.515552 163.73 66.20 205.17 109.36
bottle 0.515481 143.04 205.81 174.99 224.00
bottle 0.515194 19.93 118.62 164.71 224.00
bottle 0.515185 129.21 170.89 158.13 211.11
dog 0.515156 177.28 12.27 220.16 51.25
sofa 0.515143 84.99 0.00 210.20 98.70
sheep 0.515029 98.41 36.77 143.28 58.58
dog 0.515026 165.45 27.62 209.65 60.24
bottle 0.514892 71.09 101.28 120.39 140.76
aeroplane 0.514839 180.56 102.07 213.53 164.67
bottle 0.514707 107.58 131.99 143.46 173.16
bottle 0.514605 118.69 170.20 150.77 212.02
sheep 0.514583 108.90 191.58 144.06 223.02
bottle 0.514573 85.78 40.18 129.20 66.05
sheep 0.514528 139.88 170.16 168.31 210.74
dog 0.514454 144.58 24.67 191.34 52.29
bottle 0.514276 82.85 143.51 130.19 194.89
dog 0.514235 149.27 0.00 196.13 24.65
sheep 0.514232 130.08 117.86 161.15 154.37
sheep 0.514159 101.20 170.00 143.60 213.59
aeroplane 0.514102 156.29 96.72 176.46 149.13
dog 0.514079 131.46 0.00 176.83 26.60
dog 0.513925 26.66 184.74 56.75 224.00
bottle 0.513888 90.19 127.89 132.91 171.67
sheep 0.513822 131.85 139.09 160.44 175.05
dog 0.513806 200.52 86.81 223.84 137.76
dog 0.513712 38.91 188.50 81.21 224.00
dog 0.513599 154.08 11.59 198.18 36.91
dog 0.513383 126.10 28.27 177.50 58.94
sheep 0.513321 141.85 140.32 167.01 175.95
dog 0.513213 165.56 16.69 211.47 49.69
dog 0.513177 32.04 186.36 66.90 224.00
dog 0.513174 194.54 18.48 224.00 62.93
dog 0.513074 74.45 200.09 113.68 224.00
sheep 0.513002 84.07 34.14 126.10 57.93
dog 0.512933 140.19 14.75 186.12 41.94
aeroplane 0.512906 136.87 84.46 166.60 132.29
dog 0.512886 118.63 14.79 168.38 43.60
dog 0.512854 194.06 30.55 222.21 71.52
sheep 0.512835 143.88 118.84 170.21 156.98
aeroplane 0.512604 126.31 99.09 159.53 143.24
dog 0.512561 175.64 1.14 219.72 41.77
bottle 0.512452 95.72 98.09 135.69 141.07
bottle 0.512440 18.59 184.10 46.23 224.00
bottle 0.512292 10.85 185.44 34.92 224.00
sheep 0.511999 127.07 148.86 161.18 191.03
sheep 0.511839 76.66 21.35 124.34 48.55
sheep 0.511809 91.22 23.85 140.25 50.07
dog 0.511778 83.46 10.02 138.12 36.25
dog 0.511558 188.86 0.00 223.51 30.08
dog 0.511331 164.91 4.73 212.66 38.51
dog 0.511326 190.55 39.71 220.16 81.34
aeroplane 0.511240 141.11 99.78 168.49 145.31
bottle 0.510912 94.04 81.34 134.56 127.54
dog 0.510816 163.90 0.00 211.97 28.11
dog 0.510720 185.67 46.75 217.37 90.81
dog 0.510534 191.65 0.00 224.00 46.91
bottle 0.510261 82.10 84.21 124.92 125.88
dog 0.510074 182.49 57.72 216.03 101.30
dog 0.509899 189.19 72.70 220.65 120.18
