motorbike 0.643735 0.00 23.28 216.56 195.62
person 0.574086 64.07 70.69 128.77 165.01
motorbike 0.565105 27.64 54.29 186.72 209.11
motorbike 0.563460 152.62 92.03 204.62 154.79
car 0.559536 216.42 95.55 224.00 153.13
motorbike 0.559266 70.69 61.55 223.83 224.00
motorbike 0.558776 14.22 86.20 83.60 160.57
motorbike 0.558265 104.67 46.67 219.73 192.08
pottedplant 0.557941 125.81 80.61 218.92 214.56
motorbike 0.554291 0.00 12.93 180.18 147.68
motorbike 0.553755 72.05 0.00 148.07 66.37
pottedplant 0.553408 216.17 98.99 224.00 158.19
motorbike 0.552737 55.99 81.17 102.50 155.25
motorbike 0.550205 150.51 115.77 196.67 203.33
car 0.549997 130.51 67.90 223.87 199.93
motorbike 0.549760 13.00 12.46 79.69 83.03
motorbike 0.549725 62.75 82.48 126.93 173.75
motorbike 0.548383 143.50 82.63 202.08 170.37
person 0.547009 74.44 82.65 119.14 158.69
motorbike 0.546413 0.00 25.42 135.79 178.07
motorbike 0.545654 0.00 60.93 93.95 197.55
motorbike 0.544888 79.46 4.73 158.29 52.78
motorbike 0.544840 10.67 143.03 173.74 224.00
pottedplant 0.542245 169.98 78.99 224.00 193.04
pottedplant 0.541764 219.13 116.95 224.00 174.46
motorbike 0.541653 34.74 83.92 90.84 156.88
motorbike 0.541321 18.39 0.00 189.70 103.19
motorbike 0.540810 3.69 103.09 187.78 224.00
motorbike 0.540317 0.00 75.31 44.32 194.76
motorbike 0.540314 113.79 11.91 167.02 37.71
motorbike 0.539798 97.51 95.37 150.39 172.83
car 0.539432 220.00 127.14 224.00 179.92
motorbike 0.539276 64.72 109.04 120.04 193.02
person 0.539145 0.00 169.28 30.90 224.00
motorbike 0.539083 89.83 110.98 149.00 196.62
motorbike 0.539065 113.97 96.19 158.75 178.81
motorbike 0.538861 0.00 57.13 52.58 107.49
pottedplant 0.538652 212.00 95.79 224.00 151.89
person 0.538598 23.69 88.40 71.64 164.46
motorbike 0.537994 80.74 58.18 107.49 127.45
motorbike 0.537477 77.20 8.36 132.70 76.28
pottedplant 0.537425 150.92 87.69 200.77 169.40
person 0.537303 78.90 65.53 109.82 142.28
motorbike 0.537278 76.16 100.66 140.85 185.63
motorbike 0.537267 0.00 94.87 29.84 204.52
car 0.537003 215.11 80.01 224.00 131.85
motorbike 0.536971 97.45 9.35 161.38 46.15
person 0.536779 0.00 8.03 100.15 137.42
motorbike 0.535876 80.28 29.33 119.70 90.67
motorbike 0.535876 41.65 0.00 176.12 74.63
motorbike 0.535858 81.74 48.37 106.74 99.18
person 0.535842 63.02 85.41 100.81 163.70
motorbike 0.535195 153.93 94.47 194.13 141.72
person 0.535118 0.00 130.22 25.90 224.00
motorbike 0.535044 0.00 19.33 115.20 136.47
car 0.534389 215.45 64.79 224.00 107.64
car 0.534329 157.99 88.98 224.00 207.24
motorbike 0.534278 87.51 90.59 136.10 161.45
car 0.533868 153.36 95.13 196.92 149.67
motorbike 0.533818 3.92 69.44 56.24 113.49
motorbike 0.533773 0.00 83.21 67.98 201.93
pottedplant 0.533625 0.00 204.27 20.95 224.00
pottedplant 0.533389 158.04 104.12 198.97 183.64
bottle 0.533303 0.00 208.61 31.99 224.00
motorbike 0.533024 24.83 165.01 146.30 224.00
car 0.532823 157.06 36.43 187.19 63.00
pottedplant 0.532748 26.30 210.28 64.64 224.00
motorbike 0.532714 125.35 93.81 157.19 152.71
motorbike 0.532647 0.00 37.07 85.25 163.73
person 0.532516 0.00 99.38 17.58 141.58
car 0.532514 185.18 0.00 224.00 49.59
motorbike 0.532315 88.02 64.19 117.06 128.03
motorbike 0.532175 27.95 5.73 83.46 71.25
car 0.532095 36.09 139.41 78.87 194.41
person 0.532008 27.03 79.55 57.83 131.60
motorbike 0.531813 130.31 77.17 213.34 200.46
motorbike 0.531790 98.28 137.98 145.79 209.40
car 0.531708 87.44 57.14 117.59 117.48
car 0.531684 51.90 210.49 101.73 224.00
motorbike 0.531507 21.89 80.41 54.27 121.24
car 0.531295 38.47 210.04 84.61 224.00
car 0.531208 106.40 92.45 143.45 152.09
motorbike 0.531168 134.85 97.04 171.57 175.25
car 0.531123 149.36 30.56 186.99 60.57
pottedplant 0.530907 195.40 97.38 215.66 152.80
motorbike 0.530676 43.97 103.49 104.77 175.56
car 0.530636 98.82 69.94 127.45 121.23
person 0.530619 211.83 204.52 224.00 224.00
car 0.530570 200.71 25.26 224.00 135.84
motorbike 0.530560 13.16 27.47 71.38 99.68
person 0.530214 0.00 176.43 55.35 224.00
chair 0.530195 157.11 114.15 197.71 188.77
motorbike 0.529990 118.80 16.97 177.35 47.21
motorbike 0.529973 3.42 97.67 27.50 134.12
person 0.529871 0.00 119.24 20.61 172.37
person 0.529852 0.00 108.16 21.19 156.60
car 0.529782 220.00 148.59 224.00 200.37
car 0.529718 73.95 0.00 193.15 49.21
pottedplant 0.529621 0.00 137.78 12.16 199.27
motorbike 0.529486 37.90 31.24 195.64 161.29
motorbike 0.529473 8.82 17.15 55.66 78.65
pottedplant 0.529307 162.06 94.31 203.66 157.90
car 0.529303 213.31 35.98 224.00 73.04
pottedplant 0.529296 191.84 45.94 224.00 156.82
car 0.529251 89.19 83.69 122.84 138.49
motorbike 0.529193 43.05 125.87 104.17 187.84
bottle 0.529161 13.30 208.97 46.35 224.00
bottle 0.529093 1.75 138.62 22.03 195.68
motorbike 0.529033 76.27 122.77 130.74 204.32
car 0.528998 214.44 48.95 224.00 90.89
motorbike 0.528993 75.00 20.69 111.75 78.80
car 0.528952 205.44 0.00 224.00 19.28
motorbike 0.528947 123.41 149.16 203.83 224.00
car 0.528927 201.59 1.53 224.00 108.04
person 0.528892 181.43 155.37 224.00 224.00
motorbike 0.528874 85.88 48.59 118.52 103.50
motorbike 0.528846 147.38 33.00 183.74 59.46
motorbike 0.528786 77.52 37.43 105.49 85.62
motorbike 0.528775 43.51 1.26 98.55 63.19
motorbike 0.528754 18.09 108.71 69.60 157.32
motorbike 0.528449 57.60 131.77 111.72 192.60
motorbike 0.528290 143.78 93.24 177.72 147.69
motorbike 0.528195 60.48 210.19 108.06 224.00
motorbike 0.528109 16.89 17.09 67.79 71.68
car 0.527991 99.12 88.55 129.50 141.52
motorbike 0.527942 146.57 104.55 188.25 186.23
car 0.527932 111.34 88.19 140.95 138.94
motorbike 0.527899 7.78 82.15 45.47 118.41
motorbike 0.527778 1.59 34.89 59.00 98.91
person 0.527643 0.00 0.00 55.81 74.21
motorbike 0.527574 2.31 121.95 28.49 167.72
motorbike 0.527565 130.61 24.82 185.51 55.46
motorbike 0.527496 0.00 54.46 30.08 105.93
car 0.527421 109.22 72.43 132.99 114.86
person 0.527293 48.41 81.51 83.75 145.01
pottedplant 0.527269 1.80 130.11 24.72 187.38
car 0.527035 52.98 193.58 98.25 224.00
bottle 0.527000 0.00 145.56 10.26 206.91
motorbike 0.526910 128.89 81.82 153.81 111.36
person 0.526863 66.57 70.26 93.33 138.21
motorbike 0.526849 109.79 122.27 158.18 201.96
motorbike 0.526844 128.01 86.16 155.87 122.52
cow 0.526844 1.66 124.40 26.04 177.54
car 0.526819 46.31 149.89 88.12 198.83
pottedplant 0.526803 189.70 103.54 211.63 166.77
motorbike 0.526660 137.42 127.58 185.48 198.17
motorbike 0.526541 110.02 0.00 171.28 31.77
car 0.526461 46.63 137.79 101.24 190.48
bottle 0.526394 0.00 164.06 10.59 224.00
motorbike 0.526323 127.05 113.85 173.16 193.74
motorbike 0.526276 6.08 123.13 35.73 162.27
motorbike 0.526256 88.23 144.94 193.16 224.00
motorbike 0.526252 47.95 74.60 79.20 132.66
motorbike 0.526214 78.14 54.79 104.32 110.44
pottedplant 0.526121 97.37 61.16 214.61 190.27
motorbike 0.525911 9.59 90.54 39.09 123.68
motorbike 0.525863 35.59 0.00 86.99 53.34
motorbike 0.525714 0.00 90.35 17.83 127.40
motorbike 0.525680 29.17 109.71 76.16 169.30
car 0.525607 0.00 0.00 19.97 22.53
motorbike 0.525532 126.94 26.75 163.67 58.02
car 0.525479 34.18 122.14 78.85 183.25
cow 0.525462 106.10 170.05 144.20 214.58
motorbike 0.525377 36.07 125.21 83.33 184.26
motorbike 0.525205 64.72 36.94 90.69 84.45
motorbike 0.525203 32.10 29.12 77.50 85.58
person 0.525183 0.00 0.78 67.93 101.82
pottedplant 0.525157 212.00 116.83 224.00 172.29
car 0.525157 116.32 80.45 138.06 115.98
car 0.525130 107.44 80.51 130.35 122.14
horse 0.525067 0.00 25.43 39.75 87.18
aeroplane 0.524962 31.31 152.73 64.03 201.54
aeroplane 0.524904 212.68 24.14 224.00 55.76
chair 0.524904 220.00 161.42 224.00 210.29
motorbike 0.524859 66.98 61.94 89.68 123.61
car 0.524841 44.59 162.61 86.70 213.48
motorbike 0.524825 30.11 77.50 63.71 127.27
bottle 0.524804 0.00 180.99 23.04 224.00
motorbike 0.524729 57.62 22.73 92.09 79.18
motorbike 0.524695 68.28 46.16 89.89 92.75
car 0.524682 0.00 16.32 32.29 64.37
car 0.524601 70.94 0.00 133.37 30.16
motorbike 0.524554 25.61 93.77 74.50 153.03
motorbike 0.524531 111.38 15.11 163.22 51.38
person 0.524509 0.00 46.24 25.80 101.32
bottle 0.524457 169.55 211.67 204.23 224.00
bottle 0.524429 23.90 190.87 47.17 224.00
motorbike 0.524360 104.73 209.62 146.16 224.00
dog 0.524339 161.37 211.71 196.85 224.00
aeroplane 0.524302 213.32 8.13 224.00 34.56
car 0.524277 36.63 0.00 83.43 16.09
cow 0.524206 153.69 212.17 189.29 224.00
bottle 0.524188 178.54 211.74 212.29 224.00
bottle 0.524154 187.99 210.36 218.30 224.00
bottle 0.524148 0.00 194.57 17.05 224.00
motorbike 0.524042 128.16 76.22 150.88 103.34
cow 0.524034 130.44 211.86 163.36 224.00
motorbike 0.523994 78.31 210.07 124.19 224.00
boat 0.523969 199.36 0.00 224.00 18.01
car 0.523822 100.91 0.00 161.59 25.35
car 0.523807 26.69 0.00 65.86 14.48
person 0.523744 41.03 0.00 88.78 18.55
pottedplant 0.523731 191.82 123.48 210.20 175.76
motorbike 0.523694 43.35 53.10 75.96 108.00
motorbike 0.523666 12.09 118.34 51.31 158.43
motorbike 0.523633 0.00 79.76 21.75 120.20
person 0.523610 120.63 211.49 156.18 224.00
motorbike 0.523563 155.66 88.47 187.18 125.81
cow 0.523455 145.34 212.74 180.25 224.00
bottle 0.523424 220.00 175.34 224.00 217.51
car 0.523379 191.06 0.00 224.00 75.08
motorbike 0.523367 4.10 111.30 35.10 154.19
motorbike 0.523314 56.50 0.00 125.47 54.44
aeroplane 0.523230 154.98 9.14 192.68 36.42
motorbike 0.523186 103.32 20.32 150.40 61.21
aeroplane 0.523165 213.43 17.00 224.00 45.16
person 0.523136 16.60 0.00 107.79 76.39
car 0.523136 158.29 0.00 196.08 18.70
sheep 0.523105 201.29 206.48 224.00 224.00
motorbike 0.523070 21.85 0.00 124.70 78.70
person 0.522995 0.00 130.22 48.14 222.35
motorbike 0.522960 39.09 40.23 76.40 94.31
boat 0.522934 191.38 0.00 218.45 17.74
person 0.522923 0.00 35.70 17.38 94.15
car 0.522921 11.35 17.41 47.86 54.82
car 0.522919 151.96 0.00 224.00 44.80
bottle 0.522861 6.29 142.16 25.53 190.75
car 0.522817 109.86 61.39 135.57 103.29
motorbike 0.522806 99.67 49.45 133.22 94.69
bottle 0.522761 19.04 187.29 38.66 224.00
car 0.522727 166.84 96.21 204.55 143.36
motorbike 0.522717 23.66 55.21 64.47 109.41
car 0.522716 115.41 0.00 210.82 44.07
cow 0.522678 107.59 183.87 144.99 222.78
person 0.522665 0.00 24.15 10.48 82.86
bottle 0.522577 8.49 184.41 30.61 224.00
car 0.522536 18.08 17.83 63.73 58.46
bottle 0.522508 28.09 192.55 57.18 224.00
person 0.522440 0.00 13.46 7.41 63.74
chair 0.522362 168.23 118.89 201.39 180.99
boat 0.522342 206.73 30.67 224.00 60.88
car 0.522312 211.34 89.92 224.00 140.76
car 0.522310 5.70 125.86 30.95 171.43
car 0.522264 171.64 118.92 224.00 224.00
bottle 0.522257 216.62 198.63 224.00 224.00
car 0.522173 57.59 142.19 106.90 198.12
car 0.522155 45.13 182.34 89.35 224.00
person 0.522067 4.70 105.73 32.65 145.43
motorbike 0.522047 94.72 30.93 139.03 78.26
motorbike 0.522020 10.46 100.87 39.79 138.07
motorbike 0.521986 120.77 138.11 166.84 203.62
aeroplane 0.521986 26.38 181.15 55.07 221.17
car 0.521519 0.00 9.89 8.06 55.07
car 0.521467 32.10 165.28 66.90 214.67
motorbike 0.521461 19.01 93.31 53.25 132.18
bottle 0.521452 8.46 170.15 28.09 218.52
boat 0.521375 177.21 0.00 209.67 18.62
car 0.521306 56.16 0.00 113.96 23.63
bottle 0.521301 0.00 156.04 19.99 213.66
bottle 0.521254 21.84 204.33 50.90 224.00
motorbike 0.521097 26.62 89.67 62.56 137.05
bottle 0.521030 22.79 179.06 45.31 218.28
motorbike 0.520961 33.66 0.00 90.65 33.62
aeroplane 0.520957 28.42 167.81 57.00 214.25
car 0.520882 163.80 75.07 184.34 108.08
motorbike 0.520862 157.24 150.58 224.00 224.00
car 0.520842 101.26 169.32 142.27 214.81
car 0.520626 5.35 0.00 36.62 16.27
car 0.520562 152.29 16.81 191.42 49.39
bottle 0.520354 8.67 151.72 24.16 196.76
aeroplane 0.520350 208.76 0.00 224.00 24.43
car 0.520265 13.14 0.00 44.85 15.15
motorbike 0.520180 18.54 98.56 61.02 144.34
boat 0.520149 207.03 23.97 224.00 52.01
car 0.520134 31.95 193.48 65.64 224.00
car 0.520099 37.91 194.51 79.04 224.00
motorbike 0.520098 146.07 90.82 178.33 126.53
motorbike 0.520097 117.66 62.48 139.53 98.06
car 0.520059 161.16 86.30 190.77 130.45
motorbike 0.519952 28.09 118.23 146.39 221.34
car 0.519949 0.00 1.46 10.08 46.06
motorbike 0.519915 142.43 77.65 165.66 103.73
boat 0.519875 200.09 36.91 220.03 63.74
motorbike 0.519866 145.25 86.14 172.89 116.23
motorbike 0.519833 152.63 38.56 181.90 61.64
motorbike 0.519827 158.24 77.05 179.69 106.33
diningtable 0.519731 158.57 146.91 190.05 203.30
boat 0.519724 207.40 8.43 222.59 31.96
boat 0.519650 207.65 42.57 224.00 76.33
car 0.519625 197.36 94.59 217.92 139.42
car 0.519504 148.30 0.00 194.02 25.02
motorbike 0.519358 137.25 17.73 192.43 50.17
pottedplant 0.519282 30.87 205.63 70.23 224.00
car 0.519246 56.08 158.47 101.41 212.20
bottle 0.519227 18.13 174.07 35.83 216.87
boat 0.519191 197.83 9.41 217.01 29.38
motorbike 0.519167 127.43 64.22 149.42 92.68
car 0.519024 165.51 60.29 182.77 87.89
boat 0.518967 207.72 16.85 222.82 41.77
car 0.518946 172.34 90.88 205.70 132.17
car 0.518902 124.25 0.00 181.61 22.17
motorbike 0.518895 122.59 106.55 200.12 218.04
motorbike 0.518855 155.57 146.01 185.67 203.63
car 0.518854 22.94 9.11 69.03 48.26
boat 0.518758 208.59 50.39 224.00 85.43
pottedplant 0.518699 212.00 134.14 223.88 180.80
car 0.518673 209.90 58.89 224.00 93.79
car 0.518599 0.00 6.12 25.01 44.97
motorbike 0.518592 140.75 63.51 162.15 89.91
bottle 0.518424 5.85 202.99 33.96 224.00
boat 0.518382 200.48 43.36 220.37 71.26
motorbike 0.518357 131.73 37.34 158.16 62.13
motorbike 0.518299 152.55 78.24 174.30 105.88
boat 0.518282 182.86 38.67 211.64 61.01
pottedplant 0.518277 168.12 47.87 224.00 167.30
car 0.518260 210.81 73.31 224.00 115.18
bottle 0.518145 9.26 160.01 25.07 209.23
car 0.518103 165.66 45.75 186.26 73.24
car 0.517995 21.98 142.01 47.56 190.65
chair 0.517971 195.78 137.83 210.43 187.31
motorbike 0.517915 124.71 10.14 184.14 37.39
boat 0.517818 163.02 0.00 197.82 23.93
car 0.517800 0.00 0.00 14.42 31.91
motorbike 0.517795 137.85 36.81 167.77 60.46
boat 0.517704 180.48 33.86 210.17 55.73
car 0.517671 196.57 86.20 218.11 126.84
aeroplane 0.517634 23.99 155.46 44.30 198.20
motorbike 0.517575 151.82 63.09 171.21 89.24
motorbike 0.517544 158.96 62.37 177.59 88.27
boat 0.517495 199.16 24.72 220.06 48.76
motorbike 0.517377 123.97 36.76 150.59 65.12
boat 0.517353 201.06 51.64 221.65 80.01
motorbike 0.517315 87.65 151.89 134.54 213.56
motorbike 0.517262 113.41 48.67 139.83 85.43
aeroplane 0.517197 164.61 190.83 183.01 217.10
car 0.517161 64.25 192.51 110.76 224.00
bottle 0.517055 23.51 168.22 43.20 211.20
boat 0.516993 199.10 17.74 218.71 38.65
motorbike 0.516918 112.94 35.22 145.07 69.59
car 0.516692 9.28 9.42 39.75 42.75
car 0.516664 73.77 153.44 121.00 213.92
motorbike 0.516648 108.78 155.36 153.56 209.81
diningtable 0.516608 105.23 199.28 144.23 224.00
motorbike 0.516593 87.04 103.32 192.00 217.14
boat 0.516485 201.85 60.55 222.65 88.73
aeroplane 0.516469 169.33 191.92 189.80 217.50
car 0.516328 65.96 204.66 113.59 224.00
aeroplane 0.516286 166.16 168.59 188.00 204.75
car 0.516140 198.22 76.54 219.92 112.54
car 0.516130 18.06 10.85 55.14 44.03
car 0.515947 157.20 26.00 193.90 54.58
motorbike 0.515811 149.54 46.68 173.19 71.53
motorbike 0.515800 156.70 46.91 179.24 71.38
motorbike 0.515783 140.18 46.82 163.78 72.28
car 0.515741 201.23 68.77 222.07 99.01
motorbike 0.515714 121.28 48.06 144.11 79.84
motorbike 0.515704 139.32 150.52 172.93 203.52
car 0.515657 166.60 40.42 192.80 65.06
aeroplane 0.515617 161.91 167.38 182.03 204.69
boat 0.515471 175.80 10.71 205.13 29.02
boat 0.515425 185.22 43.07 213.03 66.88
motorbike 0.515401 129.95 48.13 152.88 75.21
car 0.515312 170.79 26.05 224.00 147.91
chair 0.515308 173.29 140.62 202.48 196.45
chair 0.515256 166.47 150.10 194.81 201.13
car 0.515075 174.16 74.47 194.21 106.11
car 0.514974 180.59 81.89 208.93 117.89
cow 0.514956 157.00 191.18 173.34 215.56
dog 0.514865 198.10 191.63 214.20 219.41
boat 0.514863 178.31 26.87 208.61 48.34
bottle 0.514798 13.37 144.57 30.29 188.95
horse 0.514753 25.46 0.00 71.64 27.18
bottle 0.514750 212.00 147.99 224.00 194.50
car 0.514705 176.43 60.79 194.50 87.54
car 0.514692 86.86 23.92 205.42 151.71
bottle 0.514687 17.87 164.60 31.89 207.81
car 0.514668 94.76 0.00 208.03 72.83
cow 0.514600 149.63 190.96 165.50 215.69
bottle 0.514547 16.25 155.31 30.19 194.95
car 0.514506 20.46 125.32 52.35 179.44
car 0.514371 62.11 178.65 107.66 220.82
boat 0.514359 188.82 50.34 215.04 75.97
car 0.514333 165.77 0.80 224.00 113.93
bicycle 0.514323 145.67 110.05 220.74 221.94
boat 0.514269 191.08 61.42 215.56 86.77
dog 0.514232 186.93 192.04 206.50 218.55
dog 0.514067 176.79 192.25 196.47 216.68
car 0.514046 76.53 187.33 124.75 224.00
car 0.513827 96.70 182.79 138.93 224.00
car 0.513737 171.83 46.81 193.76 73.51
car 0.513709 187.73 72.08 212.84 100.36
car 0.513652 74.77 201.86 124.02 224.00
boat 0.513634 177.09 19.03 206.86 38.00
motorbike 0.513474 90.17 199.11 134.66 224.00
dog 0.513427 159.01 207.29 187.29 224.00
cow 0.513422 116.41 187.39 149.75 217.62
cow 0.513414 133.83 189.37 157.17 216.42
cow 0.513330 145.07 169.01 167.76 205.63
cow 0.513254 153.99 168.28 174.90 204.58
cow 0.513077 128.46 169.60 159.12 207.72
aeroplane 0.513070 173.50 170.56 193.54 203.49
bottle 0.513069 150.07 0.00 224.00 73.68
sheep 0.513031 212.00 188.04 223.91 221.64
car 0.512834 21.40 0.00 59.80 24.23
car 0.512776 11.16 131.65 31.95 179.54
dog 0.512615 198.70 176.91 211.46 207.12
dog 0.512590 171.79 208.04 201.46 224.00
chair 0.512500 179.69 154.61 201.87 199.51
sheep 0.512373 207.31 200.04 224.00 224.00
dog 0.512345 192.01 205.45 216.82 224.00
dog 0.512247 199.16 159.86 210.53 199.19
dog 0.512019 183.99 173.14 202.28 204.82
dog 0.511967 151.24 207.26 176.56 224.00
dog 0.511934 181.39 207.98 210.52 224.00
bottle 0.511821 212.00 161.38 223.87 204.27
cow 0.511610 144.24 206.46 167.67 224.00
dog 0.511562 212.00 176.21 224.00 211.89
cow 0.511448 132.73 205.06 159.87 224.00
cow 0.510669 118.13 203.01 152.64 224.00
