person 0.601128 54.57 90.73 73.30 127.33
person 0.597903 95.02 49.10 180.29 140.57
person 0.578809 55.51 123.83 85.82 169.54
car 0.576246 0.00 154.81 15.27 187.87
person 0.576191 74.96 65.43 115.43 135.31
person 0.569261 88.77 57.55 151.71 129.15
car 0.568763 3.32 157.62 21.82 186.25
person 0.567684 157.93 92.18 224.00 184.69
person 0.566842 63.72 81.67 86.10 131.33
car 0.565913 17.89 156.76 39.28 181.46
person 0.565725 101.86 74.49 186.60 136.73
car 0.564956 11.34 157.95 32.83 184.26
person 0.563109 79.84 70.32 134.22 138.68
person 0.562882 55.24 94.38 76.01 139.36
person 0.562526 49.04 93.07 68.56 126.54
person 0.562184 54.70 121.34 79.67 160.39
car 0.560304 0.72 111.65 16.68 152.16
person 0.560156 102.28 61.61 163.48 146.55
car 0.560131 16.08 118.08 35.23 149.30
car 0.559803 17.51 148.29 38.84 175.94
person 0.556942 134.53 51.95 191.27 126.57
person 0.556860 57.90 117.55 95.51 180.60
person 0.556431 53.93 111.96 76.94 152.08
car 0.555681 10.18 149.76 32.88 179.37
person 0.555378 117.94 57.20 198.00 137.68
car 0.554548 0.00 136.83 15.62 176.31
person 0.553974 71.30 77.49 111.84 153.12
car 0.553818 3.72 112.19 22.45 148.68
car 0.553770 21.91 162.72 45.92 184.65
car 0.553515 9.90 113.95 30.31 147.79
person 0.552478 129.31 105.83 156.82 162.88
person 0.552339 137.96 95.40 214.55 165.64
car 0.551869 0.50 124.42 16.19 166.18
person 0.551496 51.76 134.82 79.65 174.84
bicycle 0.549086 3.25 109.20 22.94 145.70
car 0.548532 30.00 163.23 56.41 185.09
car 0.548507 0.76 167.61 15.91 200.20
person 0.548198 121.12 89.23 163.04 160.75
person 0.547975 66.75 102.06 108.58 170.72
car 0.547682 42.72 159.89 68.87 185.99
car 0.547275 49.98 155.82 73.39 186.84
car 0.546790 17.05 137.09 38.24 168.62
car 0.546657 5.84 161.03 19.25 189.86
person 0.546467 50.54 146.12 76.21 181.08
person 0.545448 121.72 78.75 197.48 159.48
person 0.545339 13.93 114.68 34.66 146.53
person 0.544947 206.38 41.76 224.00 148.34
sofa 0.544722 1.50 96.49 21.43 136.88
person 0.544670 90.59 129.69 147.44 193.24
person 0.544593 199.32 97.26 224.00 181.37
person 0.544450 57.24 134.08 83.10 183.44
person 0.544271 134.88 101.96 178.80 158.95
car 0.544151 44.02 150.90 73.04 180.41
person 0.544150 169.44 126.85 224.00 211.36
sofa 0.544062 106.60 185.86 224.00 224.00
person 0.544033 17.04 126.42 37.58 159.83
car 0.544027 1.02 90.84 21.23 129.89
horse 0.543676 92.28 182.24 221.19 224.00
person 0.543405 127.81 113.37 151.25 171.39
person 0.543083 61.36 88.98 89.61 146.61
person 0.542856 49.06 101.86 68.51 137.41
car 0.542427 17.83 166.79 38.49 189.76
car 0.541978 70.57 147.01 216.42 224.00
car 0.541499 29.87 146.47 55.23 175.33
person 0.541464 171.04 103.55 222.17 174.55
car 0.541303 0.00 61.49 11.63 103.48
car 0.541246 11.55 164.46 29.28 190.06
car 0.541147 0.00 71.49 13.28 111.76
car 0.541112 0.00 81.56 15.77 121.94
person 0.541089 38.06 96.03 58.52 126.02
person 0.540352 48.80 120.77 74.10 157.23
person 0.540141 6.70 97.65 27.66 133.71
person 0.539575 9.47 136.93 32.42 171.45
person 0.539097 193.13 119.61 224.00 200.36
person 0.538980 94.96 95.96 183.41 161.20
person 0.538886 48.64 112.45 71.49 149.71
person 0.538866 65.81 130.16 91.45 184.91
car 0.538565 21.87 168.47 46.55 189.13
car 0.538282 0.41 178.36 16.48 207.47
sofa 0.538222 168.11 167.06 224.00 224.00
diningtable 0.538167 143.57 181.00 224.00 224.00
person 0.538016 12.15 99.52 33.93 132.15
dog 0.537974 78.05 177.35 183.87 224.00
person 0.537235 139.82 203.62 209.50 224.00
person 0.537025 72.90 120.73 101.91 181.24
person 0.537007 144.44 81.54 203.96 154.96
person 0.536914 216.10 0.34 224.00 32.92
person 0.536656 83.77 116.43 183.01 182.29
person 0.536556 136.26 20.63 196.03 76.80
person 0.536427 183.14 146.19 224.00 218.26
car 0.536146 45.57 139.74 76.40 174.08
person 0.536043 66.94 81.92 99.61 144.56
person 0.535960 144.75 43.25 192.33 105.76
person 0.535918 22.45 94.28 44.81 122.59
car 0.535864 0.00 191.67 65.25 224.00
car 0.535698 23.51 211.21 60.24 224.00
person 0.535444 115.45 118.32 147.15 179.03
person 0.535352 31.41 121.70 54.12 156.28
person 0.535227 9.12 124.05 31.58 160.68
car 0.535143 11.01 207.55 43.85 224.00
person 0.534753 20.95 99.35 42.87 129.52
person 0.534597 188.24 102.31 224.00 160.55
person 0.534575 220.00 44.87 224.00 92.01
car 0.534571 6.07 137.07 149.47 224.00
car 0.534390 0.00 195.52 20.96 224.00
person 0.534076 30.33 135.96 55.20 168.75
car 0.533897 0.00 187.60 17.43 216.60
car 0.533773 68.55 179.45 158.90 224.00
person 0.533685 142.24 103.66 197.20 160.73
person 0.533679 0.00 0.00 80.74 125.96
person 0.533613 76.97 119.80 121.32 182.54
person 0.533393 36.54 101.99 56.06 132.89
person 0.532850 99.31 122.11 143.43 181.96
person 0.532831 83.88 148.93 224.00 224.00
cow 0.532720 139.04 206.16 204.84 224.00
car 0.532706 34.95 211.08 72.06 224.00
aeroplane 0.532683 211.59 0.00 224.00 27.83
person 0.532241 194.68 0.00 224.00 54.78
car 0.531865 7.07 203.02 37.54 224.00
person 0.531488 43.85 211.79 81.45 224.00
person 0.531478 130.49 33.52 197.87 94.81
person 0.531468 189.77 192.38 224.00 224.00
person 0.531407 112.89 47.85 155.33 113.24
horse 0.531189 81.03 137.50 183.38 203.03
person 0.531111 59.90 78.46 80.70 122.98
person 0.531008 127.15 45.99 183.38 110.60
person 0.530846 58.12 211.18 98.81 224.00
car 0.530775 11.57 172.05 29.63 197.04
car 0.530687 0.00 14.39 8.20 66.40
car 0.530593 54.72 185.21 136.02 224.00
car 0.530538 0.00 0.00 20.10 22.84
car 0.530510 17.30 175.67 39.26 197.44
car 0.530457 40.50 189.02 114.51 224.00
person 0.530443 216.92 55.52 224.00 109.41
person 0.530357 34.18 109.28 54.94 141.72
car 0.530274 24.91 191.30 95.26 224.00
person 0.530143 190.29 168.96 224.00 223.81
cow 0.530026 81.09 211.64 121.25 224.00
person 0.530021 205.10 12.18 224.00 108.07
car 0.529894 0.00 0.00 43.68 44.13
dog 0.529876 103.94 211.28 144.31 224.00
dog 0.529711 74.01 211.15 114.65 224.00
person 0.529650 219.54 33.00 224.00 81.94
person 0.529591 64.23 105.39 88.47 164.63
dog 0.529336 88.64 211.26 128.21 224.00
horse 0.529192 82.62 111.65 191.75 179.98
person 0.528831 146.29 166.91 217.11 215.75
person 0.528619 217.69 7.37 224.00 55.25
sofa 0.528555 168.05 141.48 224.00 208.21
person 0.528538 86.69 133.38 130.57 185.45
person 0.528476 77.00 93.90 139.69 164.31
sofa 0.528447 108.35 143.03 222.37 204.75
cow 0.528432 112.25 211.11 152.97 224.00
person 0.528378 0.00 73.50 37.27 168.94
person 0.528253 120.19 38.75 173.26 96.06
person 0.528108 68.95 96.35 89.65 157.11
car 0.528033 6.35 86.35 26.48 118.62
person 0.528020 192.72 60.73 224.00 154.02
person 0.527977 19.29 107.29 40.56 138.93
person 0.527896 137.31 179.97 214.66 224.00
car 0.527875 0.00 39.71 9.06 88.79
person 0.527849 77.99 162.14 187.03 224.00
bird 0.527715 141.44 19.21 195.29 72.73
person 0.527671 218.95 20.23 224.00 71.09
person 0.527658 0.00 33.27 86.46 194.26
aeroplane 0.527358 94.58 0.00 158.02 53.62
aeroplane 0.527354 75.55 0.00 141.10 49.15
person 0.527299 195.34 47.14 212.84 89.30
aeroplane 0.527235 56.86 0.00 124.83 45.41
aeroplane 0.527057 129.39 26.62 189.42 75.65
person 0.527052 170.68 46.39 199.70 94.27
car 0.526997 14.12 200.18 39.54 222.11
person 0.526806 40.22 88.43 60.43 120.66
person 0.526738 52.78 157.85 75.72 191.40
car 0.526624 6.43 178.77 20.70 204.00
cow 0.526601 120.81 210.75 165.03 224.00
aeroplane 0.526484 41.64 0.00 108.58 42.92
person 0.526230 13.04 88.43 33.40 117.50
person 0.526177 160.27 143.73 213.35 200.36
person 0.526173 212.42 68.56 224.00 125.19
car 0.526153 16.31 187.82 38.92 206.45
person 0.526093 28.12 92.51 62.57 169.49
person 0.526030 97.24 151.13 136.65 197.27
person 0.526007 8.92 77.97 53.70 173.41
person 0.525974 164.76 197.85 224.00 224.00
train 0.525943 66.99 59.32 86.62 97.13
cow 0.525939 129.16 209.61 182.72 224.00
person 0.525932 85.50 89.00 133.21 148.06
aeroplane 0.525924 110.44 0.00 175.21 55.95
car 0.525917 3.41 0.00 74.46 35.14
person 0.525763 131.89 118.73 156.68 176.81
person 0.525751 157.82 125.52 216.32 188.96
person 0.525711 46.96 91.30 73.53 163.39
car 0.525633 11.04 194.76 32.22 216.52
person 0.525590 72.90 117.13 139.44 173.15
person 0.525354 81.36 63.74 109.98 122.32
car 0.525333 0.00 0.00 34.32 105.97
person 0.525325 68.05 74.17 95.60 131.12
car 0.525281 0.00 0.00 10.38 48.75
car 0.525151 20.63 177.04 47.13 196.78
person 0.525060 56.28 79.89 75.43 119.83
person 0.524904 186.80 40.63 224.00 136.35
car 0.524842 12.10 184.00 30.09 205.02
car 0.524763 0.00 55.85 15.23 95.19
person 0.524699 201.52 0.00 224.00 81.73
car 0.524654 5.55 188.45 23.85 212.60
car 0.524608 21.53 0.00 91.28 38.01
person 0.524201 74.32 64.17 102.25 120.04
car 0.524116 0.00 0.00 29.75 18.73
person 0.524085 165.86 51.86 201.00 109.09
car 0.523944 0.00 25.96 17.34 68.01
car 0.523933 13.92 0.00 119.42 132.42
car 0.523903 22.21 143.61 63.21 204.93
person 0.523888 191.54 54.06 213.84 106.71
person 0.523867 78.59 141.85 104.01 189.55
person 0.523813 204.36 84.66 224.00 140.63
aeroplane 0.523811 153.65 0.00 190.76 16.10
person 0.523772 136.53 113.14 215.84 181.22
aeroplane 0.523751 110.45 33.97 190.67 112.40
person 0.523734 139.85 0.00 224.00 152.00
car 0.523678 6.18 77.78 26.03 108.93
person 0.523578 66.73 66.84 86.87 110.97
person 0.523500 93.62 63.26 129.41 122.54
person 0.523402 43.63 122.53 73.61 181.01
train 0.523385 70.07 58.89 93.34 102.74
car 0.523300 2.27 67.58 105.32 216.22
car 0.523111 0.00 0.00 16.43 33.34
car 0.523015 9.93 139.75 54.22 203.44
car 0.523009 1.17 172.83 57.20 224.00
car 0.522964 0.00 108.86 40.83 179.77
car 0.522947 0.00 38.74 32.38 143.92
person 0.522927 159.42 82.39 209.24 143.62
person 0.522895 62.47 68.30 81.53 107.72
train 0.522889 62.45 60.38 81.22 93.94
person 0.522884 23.62 0.01 126.29 150.62
train 0.522849 75.09 58.53 101.57 107.72
car 0.522847 0.00 0.73 57.91 116.55
person 0.522842 77.71 132.70 166.05 197.62
car 0.522505 4.96 69.06 25.68 99.06
car 0.522484 40.30 139.04 75.08 201.99
car 0.522408 26.38 127.52 63.55 183.34
person 0.522372 169.22 31.93 202.77 83.54
person 0.522262 181.17 87.14 217.79 143.10
person 0.522214 111.54 45.59 146.47 97.44
car 0.521844 5.36 32.95 30.70 63.07
person 0.521836 57.72 134.35 92.95 197.77
aeroplane 0.521835 115.75 39.06 155.35 87.65
car 0.521762 49.20 169.12 72.15 197.82
aeroplane 0.521759 128.84 0.00 200.82 57.23
person 0.521732 104.65 54.00 140.81 108.76
person 0.521719 209.83 47.94 224.00 95.12
car 0.521674 26.63 71.35 45.96 98.95
car 0.521608 14.45 35.37 38.42 62.57
person 0.521545 56.77 152.62 82.50 192.19
car 0.521494 15.10 7.67 73.55 113.77
person 0.521450 69.65 65.70 93.84 115.78
car 0.521430 38.74 70.75 56.85 102.62
dog 0.521334 98.93 164.61 131.42 204.09
person 0.521279 67.62 150.98 92.24 195.48
car 0.521263 0.00 138.38 34.85 209.78
person 0.521192 162.02 64.22 203.70 126.41
person 0.521147 25.54 80.35 45.88 108.82
person 0.520958 206.60 54.67 224.00 106.91
person 0.520816 129.67 131.86 161.06 187.89
person 0.520766 194.49 24.07 213.10 70.53
person 0.520742 186.36 68.47 215.22 125.96
person 0.520714 20.66 67.96 57.46 153.94
dog 0.520615 64.23 181.04 98.87 223.73
person 0.520566 39.67 79.84 58.77 112.83
car 0.520559 24.47 202.73 57.24 224.00
car 0.520300 13.65 71.34 34.51 98.66
cow 0.520290 206.40 0.00 224.00 25.13
car 0.520266 0.00 9.54 15.27 57.30
car 0.520265 0.00 28.69 52.64 137.87
person 0.520255 83.79 118.65 199.08 209.19
car 0.520251 30.84 171.15 83.71 224.00
person 0.520235 56.71 0.00 152.39 136.52
person 0.520188 212.00 0.00 222.88 29.27
car 0.520180 9.71 0.00 46.69 14.14
train 0.520159 55.05 20.91 119.08 116.73
person 0.520013 13.24 80.28 33.73 108.68
sheep 0.519941 167.21 0.00 203.60 17.10
person 0.519919 71.29 132.12 134.70 193.91
car 0.519909 14.65 122.97 56.55 181.17
train 0.519909 38.14 14.40 97.39 114.59
aeroplane 0.519907 115.33 6.76 192.94 93.68
aeroplane 0.519897 141.81 0.00 178.80 14.89
car 0.519886 38.03 63.17 55.22 92.24
car 0.519868 14.32 43.76 36.86 71.03
car 0.519804 21.92 36.74 45.17 63.18
person 0.519739 106.74 139.45 148.88 192.82
car 0.519713 27.29 63.87 45.42 90.01
train 0.519605 45.74 0.00 113.16 86.76
person 0.519595 157.15 0.00 224.00 54.76
aeroplane 0.519594 106.66 41.06 135.56 84.49
aeroplane 0.519584 107.40 33.09 132.11 71.41
person 0.519566 49.01 80.52 67.98 116.43
person 0.519564 95.49 56.45 126.30 108.44
person 0.519480 56.94 70.20 74.96 105.97
person 0.519456 143.29 123.10 185.00 179.97
aeroplane 0.519453 61.76 0.00 91.82 16.00
car 0.519365 4.18 40.78 28.00 71.96
person 0.519363 195.33 13.08 213.93 56.07
train 0.519354 61.25 58.41 118.04 132.63
person 0.519279 170.87 16.68 204.63 65.15
train 0.519277 66.49 47.91 85.01 82.84
car 0.519257 20.29 37.17 68.65 133.31
dog 0.519251 101.67 148.49 144.17 196.12
car 0.519247 48.03 70.94 66.02 104.58
aeroplane 0.519237 111.83 33.40 144.89 75.02
car 0.519235 3.70 60.81 25.39 91.07
aeroplane 0.519228 57.25 0.00 129.21 90.84
person 0.519217 66.17 161.54 94.77 204.67
car 0.519185 28.40 174.61 56.13 196.18
car 0.519175 48.31 180.33 71.98 211.53
dog 0.519126 75.14 183.60 108.89 224.00
train 0.519094 105.72 47.99 138.23 96.29
dog 0.519082 77.27 163.54 106.17 205.23
car 0.519071 43.14 170.67 66.82 197.09
car 0.519063 37.87 201.22 68.39 224.00
car 0.519050 46.90 62.95 64.72 92.41
aeroplane 0.519031 95.14 31.40 169.84 119.84
car 0.519021 47.82 167.72 103.62 224.00
aeroplane 0.519016 100.73 0.00 130.97 16.20
person 0.518950 40.31 72.02 79.38 146.61
car 0.518944 14.34 63.09 35.00 89.77
aeroplane 0.518914 107.63 25.34 128.71 60.19
person 0.518895 86.85 151.53 121.20 196.13
person 0.518848 118.04 68.25 224.00 185.57
sheep 0.518820 151.98 0.00 191.17 20.69
car 0.518803 25.61 0.00 60.69 13.83
car 0.518733 36.92 55.56 140.94 176.34
train 0.518701 55.95 62.01 74.36 92.52
aeroplane 0.518663 55.70 178.45 89.77 219.28
train 0.518615 84.71 50.88 110.13 96.81
aeroplane 0.518592 119.80 32.11 166.23 77.74
aeroplane 0.518565 94.99 4.44 163.79 96.01
train 0.518550 70.11 44.94 137.98 126.08
person 0.518442 145.83 139.87 188.70 192.56
aeroplane 0.518435 68.81 0.00 99.98 14.63
sheep 0.518407 91.14 185.42 124.92 224.00
car 0.518406 23.51 45.31 45.16 71.58
dog 0.518331 85.66 163.78 116.39 204.34
person 0.518194 44.99 202.88 76.83 224.00
car 0.518128 14.43 53.55 35.74 81.13
aeroplane 0.518084 75.84 0.00 145.78 93.87
person 0.518082 155.14 157.48 203.85 203.57
car 0.518074 29.70 37.85 54.48 65.61
train 0.518063 62.64 39.92 80.66 74.27
car 0.518054 3.38 50.42 26.17 82.91
aeroplane 0.517869 180.02 0.00 212.28 17.44
aeroplane 0.517742 54.85 0.00 83.97 15.71
car 0.517718 25.71 55.05 45.32 81.24
aeroplane 0.517699 102.55 24.87 120.52 57.21
aeroplane 0.517629 127.92 0.00 159.02 15.78
person 0.517533 62.07 162.42 135.30 224.00
aeroplane 0.517520 153.55 3.86 190.62 39.19
car 0.517464 3.24 0.00 75.14 74.18
person 0.517348 84.52 0.00 179.04 142.50
car 0.517237 35.74 55.49 54.86 83.19
aeroplane 0.517204 108.68 17.96 124.90 46.81
aeroplane 0.517140 101.46 32.04 121.83 68.63
aeroplane 0.517140 85.20 0.00 115.65 14.92
aeroplane 0.517062 76.73 0.00 107.63 13.99
car 0.517046 32.76 46.56 55.03 74.28
aeroplane 0.517005 109.46 0.00 139.96 15.91
car 0.516983 41.22 41.24 98.00 129.75
car 0.516968 0.00 15.23 28.78 51.71
person 0.516959 192.24 87.02 224.00 142.55
person 0.516886 200.56 69.21 224.00 125.40
aeroplane 0.516844 78.24 29.67 150.74 120.86
train 0.516825 55.42 55.20 74.77 84.40
car 0.516781 42.48 180.75 65.96 208.93
person 0.516684 211.38 35.35 224.00 80.49
car 0.516672 26.68 185.48 55.21 207.77
train 0.516634 46.08 55.82 65.21 83.53
person 0.516631 99.83 86.98 196.64 194.57
aeroplane 0.516615 104.00 18.22 118.68 44.55
train 0.516607 24.16 0.00 93.71 78.83
train 0.516599 97.28 49.12 124.75 95.96
aeroplane 0.516551 112.87 25.25 140.67 65.10
train 0.516467 67.04 31.72 85.91 66.04
aeroplane 0.516437 119.85 0.00 150.37 16.06
car 0.516396 20.69 29.27 44.44 58.42
aeroplane 0.516377 192.69 0.00 219.78 19.39
person 0.516361 212.00 7.59 223.79 52.99
sheep 0.516312 101.35 184.24 139.70 224.00
train 0.516303 99.48 40.57 123.01 83.02
train 0.516246 86.34 42.28 110.82 83.55
car 0.516232 44.70 0.00 75.27 14.45
person 0.516186 63.50 205.89 104.80 224.00
train 0.516120 42.59 39.44 66.89 67.88
train 0.516056 62.58 32.49 79.87 64.15
sheep 0.515935 135.37 202.04 206.52 224.00
train 0.515868 74.36 45.60 99.88 86.66
car 0.515856 0.00 0.00 29.74 38.71
person 0.515824 211.19 21.59 224.00 69.32
person 0.515820 55.25 161.39 84.64 200.53
train 0.515768 68.93 39.03 91.57 76.92
person 0.515760 198.09 7.29 214.75 41.15
car 0.515637 11.39 18.37 37.16 50.91
aeroplane 0.515615 88.26 33.56 111.65 69.24
dog 0.515603 106.60 162.20 146.97 202.31
car 0.515523 7.83 0.00 38.29 36.81
train 0.515514 45.12 48.10 66.94 76.30
sheep 0.515228 141.01 189.09 211.52 224.00
aeroplane 0.515195 108.46 3.97 122.97 32.28
person 0.515176 165.10 24.43 224.00 109.99
aeroplane 0.515142 147.73 7.42 185.51 31.59
train 0.515140 55.28 40.15 75.71 70.80
car 0.515075 27.69 30.25 53.32 59.38
aeroplane 0.515012 103.39 4.39 117.98 32.34
person 0.514936 131.12 146.00 169.85 195.15
dog 0.514905 92.86 207.02 133.93 224.00
aeroplane 0.514872 90.33 26.17 111.82 57.90
aeroplane 0.514736 115.46 16.82 135.43 49.95
sheep 0.514732 99.97 207.21 143.53 224.00
person 0.514729 199.22 2.70 215.12 29.96
train 0.514667 75.56 36.65 100.61 74.15
dog 0.514646 154.66 11.27 197.36 58.88
train 0.514519 55.76 48.11 75.91 78.34
sheep 0.514426 195.20 0.00 217.76 22.51
aeroplane 0.514370 119.15 24.57 152.50 68.65
sheep 0.514323 113.10 151.25 152.60 197.24
boat 0.514283 39.79 31.74 64.92 60.00
car 0.514197 17.88 19.68 42.60 49.45
person 0.514121 177.06 12.18 205.78 52.21
person 0.513995 107.90 56.63 186.69 163.35
train 0.513900 70.33 30.48 92.84 66.28
aeroplane 0.513795 69.02 22.42 84.91 50.62
aeroplane 0.513678 74.83 0.00 93.75 33.17
aeroplane 0.513642 53.79 32.93 74.16 61.33
aeroplane 0.513438 141.68 7.20 173.20 29.92
aeroplane 0.513364 93.57 19.26 111.42 44.62
aeroplane 0.513320 142.67 16.46 187.52 54.04
aeroplane 0.513108 116.93 3.47 132.85 31.67
aeroplane 0.513080 68.94 0.00 85.65 34.57
aeroplane 0.513077 77.98 28.66 102.06 62.39
sheep 0.513063 118.75 206.07 168.25 224.00
aeroplane 0.513037 96.65 0.00 120.95 21.12
car 0.512904 80.00 108.13 189.74 185.99
person 0.512860 111.38 12.07 199.47 165.18
aeroplane 0.512860 74.37 21.13 93.11 50.04
sheep 0.512807 145.59 177.59 209.68 214.42
sheep 0.512666 118.48 165.78 161.96 203.67
aeroplane 0.512452 63.79 23.74 77.77 49.53
aeroplane 0.512403 83.57 2.36 102.47 32.25
sofa 0.512348 155.00 0.00 222.55 84.03
aeroplane 0.512275 94.35 4.27 111.27 31.85
aeroplane 0.512241 124.92 15.36 148.15 51.96
aeroplane 0.512083 135.82 5.43 157.45 29.96
boat 0.512082 21.61 0.00 51.51 34.01
sheep 0.512072 137.23 173.38 194.63 209.56
sheep 0.512012 134.90 159.71 181.78 202.80
car 0.511998 25.20 20.68 51.37 48.96
sheep 0.511995 120.67 185.69 169.99 224.00
sheep 0.511962 148.49 166.20 203.66 208.76
aeroplane 0.511925 82.62 20.42 102.73 46.98
sheep 0.511754 178.99 0.00 209.17 20.96
aeroplane 0.511532 128.04 3.66 145.73 30.26
aeroplane 0.511085 132.45 15.84 160.44 52.63
boat 0.511049 37.38 22.22 61.62 48.53
aeroplane 0.510909 53.83 23.93 71.18 48.05
aeroplane 0.510836 63.43 0.00 77.42 34.08
sheep 0.510536 181.16 2.94 206.66 34.67
aeroplane 0.510412 33.69 0.00 59.08 33.00
aeroplane 0.510009 51.30 0.00 68.04 32.64
boat 0.509567 30.95 0.00 63.11 16.34
aeroplane 0.508692 46.15 0.00 71.61 16.02
