diningtable 0.570632 65.23 181.81 208.16 222.82
chair 0.563230 24.89 154.94 177.25 208.78
chair 0.561737 36.16 169.93 187.97 217.38
chair 0.560003 140.30 134.09 221.16 183.03
chair 0.558572 93.40 190.05 121.62 216.57
chair 0.557459 3.38 144.39 24.56 206.11
chair 0.555955 142.32 142.25 201.30 177.67
sofa 0.555551 27.43 118.77 63.73 162.13
chair 0.554776 148.97 138.80 187.73 172.79
diningtable 0.553199 37.00 140.71 224.00 224.00
chair 0.552842 0.00 142.69 18.36 206.52
diningtable 0.551191 41.66 166.87 199.56 213.47
chair 0.551159 214.02 101.23 224.00 152.23
chair 0.550721 9.54 141.60 31.80 204.68
tvmonitor 0.550454 68.94 61.47 128.12 112.90
chair 0.549745 68.86 130.65 125.73 162.91
chair 0.547859 213.99 86.41 224.00 140.15
chair 0.547693 211.57 114.34 224.00 168.01
chair 0.547371 20.16 140.44 162.67 200.43
diningtable 0.546033 17.52 153.26 187.85 208.66
diningtable 0.545998 0.00 125.02 178.45 224.00
chair 0.545271 143.14 202.30 212.54 224.00
chair 0.545216 130.45 149.10 211.73 192.83
chair 0.545085 15.13 140.24 42.45 205.28
diningtable 0.545036 146.80 104.21 224.00 214.85
chair 0.544709 59.97 136.24 119.12 169.09
chair 0.544538 208.16 124.91 224.00 184.93
chair 0.544507 98.91 194.93 128.91 221.40
chair 0.543815 27.76 114.86 64.39 162.40
chair 0.543210 28.24 150.31 68.83 209.04
chair 0.542348 58.19 146.77 125.64 188.41
chair 0.541815 148.39 130.11 174.59 167.22
diningtable 0.541366 93.13 169.90 219.03 218.63
chair 0.541043 157.48 120.57 217.33 186.33
chair 0.540896 213.89 47.23 224.00 90.56
chair 0.540874 144.97 192.68 208.87 216.16
chair 0.540166 105.32 193.79 138.78 217.21
tvmonitor 0.540124 59.71 73.65 117.32 124.86
chair 0.540110 66.42 123.17 115.32 152.77
chair 0.538116 0.03 101.30 76.38 214.39
chair 0.537997 46.64 147.80 109.34 193.36
chair 0.537775 105.01 197.47 145.27 222.74
chair 0.537699 142.62 156.35 204.00 189.06
chair 0.537575 18.26 140.27 55.93 208.50
chair 0.537109 80.70 170.53 121.91 207.10
chair 0.537103 120.68 194.68 149.03 217.04
cat 0.537006 63.21 113.74 112.55 149.76
chair 0.536968 0.00 113.31 148.31 224.00
tvmonitor 0.536645 26.15 115.96 71.39 157.54
chair 0.536517 145.46 124.12 172.14 158.93
chair 0.536356 96.35 181.44 218.95 224.00
chair 0.536116 30.89 202.19 76.54 224.00
chair 0.535950 211.14 70.17 224.00 124.47
chair 0.535874 0.00 119.73 14.99 176.88
chair 0.535807 118.64 199.26 157.20 223.29
chair 0.535470 40.33 151.69 85.70 200.39
chair 0.535466 11.41 115.78 119.85 197.10
chair 0.535163 123.43 203.92 170.47 224.00
chair 0.535150 96.81 200.46 136.69 224.00
chair 0.534935 73.89 116.89 114.90 147.45
chair 0.534903 64.45 156.21 117.78 199.25
chair 0.534760 166.93 123.02 216.41 164.27
tvmonitor 0.534514 48.99 80.20 108.53 134.72
chair 0.534371 130.79 193.64 156.17 215.21
chair 0.534235 91.50 117.56 121.91 146.28
chair 0.534226 128.92 199.46 164.80 222.26
chair 0.534041 3.32 122.61 25.34 177.59
chair 0.533578 0.00 182.37 15.53 224.00
chair 0.533538 207.42 206.68 224.00 224.00
chair 0.533414 17.10 152.30 134.19 223.81
chair 0.533396 211.58 58.25 224.00 110.13
chair 0.533369 211.86 136.05 224.00 197.18
chair 0.532996 23.79 170.13 72.18 215.13
chair 0.532898 143.79 123.85 224.00 217.41
diningtable 0.532661 47.40 79.26 102.23 134.15
chair 0.532626 168.20 51.52 201.64 94.29
tvmonitor 0.532346 0.00 38.13 12.05 83.06
chair 0.532278 136.05 199.57 181.10 220.64
diningtable 0.532277 109.18 121.19 224.00 213.06
chair 0.532255 0.00 149.47 66.85 224.00
chair 0.531796 0.00 193.45 23.09 224.00
chair 0.531598 195.74 108.32 224.00 162.89
chair 0.531579 54.22 209.02 94.31 224.00
chair 0.531470 166.01 85.81 215.70 135.32
sofa 0.531449 124.92 174.32 224.00 224.00
chair 0.531229 139.00 192.32 176.83 212.68
tvmonitor 0.531158 170.44 52.53 201.40 96.98
tvmonitor 0.531032 74.81 66.12 114.51 106.52
chair 0.530983 17.56 197.78 71.48 224.00
chair 0.530970 103.48 115.35 132.72 145.42
chair 0.530864 176.67 116.97 220.56 182.72
chair 0.530560 137.64 175.74 209.26 209.46
chair 0.530427 132.49 161.23 209.53 203.64
boat 0.530353 215.16 38.84 224.00 77.87
tvmonitor 0.530337 121.53 72.00 157.18 103.70
tvmonitor 0.530196 0.87 48.95 19.81 83.23
chair 0.530170 4.47 185.14 24.06 220.37
chair 0.530063 167.85 114.34 214.57 153.38
chair 0.529913 156.08 132.58 215.41 173.46
boat 0.529851 218.69 24.92 224.00 58.86
chair 0.529749 21.49 129.30 64.10 200.38
chair 0.529744 199.46 92.24 224.00 148.35
chair 0.529611 101.61 188.19 134.33 212.51
sofa 0.529575 40.92 81.81 84.34 124.76
chair 0.529512 140.54 120.15 167.73 153.66
chair 0.529504 166.31 73.87 212.98 123.44
cat 0.529422 57.03 96.46 114.24 149.26
chair 0.529400 159.82 208.03 220.17 224.00
person 0.529136 0.00 82.37 10.02 134.90
chair 0.529105 189.73 208.53 224.00 224.00
chair 0.529085 11.49 200.73 51.62 224.00
tvmonitor 0.529013 0.00 20.92 10.77 70.18
chair 0.529002 7.05 133.35 92.27 209.09
chair 0.528885 166.65 100.24 214.92 146.14
diningtable 0.528838 162.08 81.25 224.00 179.32
person 0.528718 0.00 101.75 12.97 158.78
person 0.528603 0.00 68.36 10.84 116.93
chair 0.528584 120.47 187.71 144.82 211.54
sofa 0.528281 2.13 80.38 94.45 201.31
chair 0.527987 51.11 82.32 112.55 144.94
chair 0.527939 121.98 103.95 156.28 139.51
chair 0.527887 10.32 183.11 35.70 217.55
person 0.527880 0.00 36.31 128.69 200.81
chair 0.527790 113.94 112.47 146.35 141.90
boat 0.527729 217.03 32.48 224.00 68.84
tvmonitor 0.527721 0.00 0.00 20.17 25.78
sofa 0.527641 37.97 79.41 71.20 115.28
person 0.527606 0.00 0.00 99.39 145.33
chair 0.527498 68.97 209.08 108.01 224.00
chair 0.527408 133.95 112.65 165.00 146.51
sofa 0.527392 10.94 122.97 39.43 174.04
diningtable 0.527328 72.11 138.18 208.11 204.39
chair 0.527238 194.73 48.39 217.94 89.17
chair 0.527178 212.62 155.47 224.00 206.80
tvmonitor 0.527157 110.98 73.72 152.37 110.57
aeroplane 0.526863 209.84 0.00 224.00 24.15
car 0.526855 0.00 0.00 36.16 49.83
sofa 0.526733 12.64 69.88 109.06 180.36
boat 0.526642 219.35 18.39 224.00 51.57
chair 0.526622 4.79 170.64 23.58 214.45
aeroplane 0.526600 182.54 0.00 224.00 52.79
sofa 0.526579 0.00 59.80 68.48 180.73
tvmonitor 0.526508 57.99 73.61 94.90 115.65
chair 0.526473 11.72 67.51 122.31 192.97
chair 0.526469 170.93 127.90 223.04 196.88
chair 0.526331 185.61 77.50 220.57 133.44
chair 0.526295 16.87 160.17 64.56 211.84
person 0.526130 0.00 59.28 12.00 105.91
chair 0.526082 167.16 62.83 207.79 110.63
chair 0.526042 14.78 178.97 50.49 216.57
tvmonitor 0.526010 0.82 35.16 18.07 73.51
tvmonitor 0.525760 62.31 66.32 91.19 107.13
tvmonitor 0.525748 40.34 116.12 94.80 156.35
tvmonitor 0.525699 90.03 65.52 146.40 110.84
chair 0.525588 131.29 185.02 154.00 208.61
tvmonitor 0.525548 9.36 53.27 26.78 80.44
chair 0.525317 87.85 185.87 125.59 213.85
chair 0.525247 149.17 118.38 179.70 151.85
chair 0.525169 9.51 195.56 37.68 224.00
diningtable 0.525161 172.27 65.49 224.00 156.87
chair 0.524990 0.00 105.86 21.64 160.81
chair 0.524619 14.85 162.48 48.57 210.64
chair 0.524600 82.56 202.84 123.83 224.00
chair 0.524545 10.23 166.76 33.95 212.15
chair 0.524481 31.18 130.94 78.23 190.95
sofa 0.524197 0.00 32.12 53.79 144.93
chair 0.524148 28.61 187.43 72.95 224.00
tvmonitor 0.524116 0.00 94.08 18.06 145.38
sofa 0.524081 35.89 84.15 73.78 130.61
chair 0.524064 183.83 48.70 209.30 88.11
tvmonitor 0.524031 0.00 0.55 13.79 39.49
chair 0.524022 70.22 167.07 110.22 206.02
person 0.523942 0.00 85.20 16.33 132.93
chair 0.523891 10.25 119.58 38.44 169.20
tvmonitor 0.523829 23.19 64.68 116.72 160.92
chair 0.523767 42.35 134.84 97.23 183.30
sheep 0.523609 0.00 72.20 17.63 113.79
boat 0.523243 218.78 9.99 224.00 44.50
tvmonitor 0.523224 47.67 85.68 121.52 150.12
chair 0.523117 37.36 159.81 73.40 207.25
boat 0.523062 176.73 29.56 199.59 55.52
tvmonitor 0.522926 54.72 66.63 83.05 107.27
diningtable 0.522909 8.92 84.44 181.39 210.62
boat 0.522850 185.63 29.75 206.39 55.85
tvmonitor 0.522840 39.08 58.86 124.23 128.87
chair 0.522735 143.54 181.66 199.17 206.56
chair 0.522584 82.59 126.72 121.40 154.71
boat 0.522532 164.68 27.82 190.07 56.23
tvmonitor 0.522461 7.56 46.80 25.61 75.45
tvmonitor 0.522440 156.11 54.81 194.83 92.71
diningtable 0.522399 65.35 99.25 224.00 224.00
aeroplane 0.522324 190.18 10.97 224.00 106.81
person 0.522219 130.16 0.00 224.00 150.42
sofa 0.522177 45.27 55.16 127.53 117.15
chair 0.522072 19.83 122.22 60.27 175.86
chair 0.521908 0.00 16.02 43.26 127.79
chair 0.521866 140.10 182.52 178.90 205.70
chair 0.521866 15.49 127.52 53.35 191.70
chair 0.521860 50.54 160.36 88.20 205.72
diningtable 0.521830 1.02 62.24 128.06 183.27
chair 0.521786 76.43 161.37 120.11 193.40
boat 0.521765 56.37 0.00 128.53 49.12
chair 0.521714 41.85 121.45 94.48 158.33
diningtable 0.521685 18.03 112.83 165.65 198.21
aeroplane 0.521630 155.02 0.00 218.76 40.47
tvmonitor 0.521588 119.91 97.01 156.67 139.28
bottle 0.521570 0.00 0.00 33.83 104.24
boat 0.521534 193.32 29.35 211.68 55.60
chair 0.521464 147.19 104.24 184.02 145.29
diningtable 0.521436 141.71 91.49 224.00 162.37
chair 0.521435 72.64 179.36 106.19 212.22
boat 0.521407 160.13 13.55 179.30 37.07
chair 0.521406 146.82 87.89 190.55 134.51
diningtable 0.521402 79.56 117.16 204.79 193.33
boat 0.521385 181.86 0.00 211.68 17.97
chair 0.521361 137.97 103.98 170.72 143.15
boat 0.521237 157.44 25.78 182.43 55.51
sheep 0.521227 0.00 62.82 18.81 101.57
bottle 0.521203 65.92 9.50 83.06 27.29
chair 0.521185 211.48 181.17 224.00 223.17
boat 0.521160 200.54 0.00 224.00 22.30
boat 0.521105 180.89 45.09 203.83 85.01
tvmonitor 0.520989 19.68 56.62 40.63 80.26
bottle 0.520961 59.25 0.00 92.85 16.61
boat 0.520954 189.71 0.00 219.14 19.35
chair 0.520953 73.99 141.24 121.03 172.96
chair 0.520841 154.49 187.22 216.71 217.96
bottle 0.520806 75.21 18.77 90.00 39.12
chair 0.520785 58.41 116.64 119.54 157.13
diningtable 0.520759 180.86 46.05 224.00 142.71
chair 0.520753 187.34 58.10 218.45 108.27
tvmonitor 0.520700 3.07 16.87 18.60 53.14
tvmonitor 0.520680 81.15 56.65 119.26 102.79
tvmonitor 0.520663 130.23 65.43 163.89 96.44
sofa 0.520640 32.38 94.58 73.24 149.68
tvmonitor 0.520612 82.05 24.89 102.30 56.39
bottle 0.520611 60.67 8.61 77.16 25.41
boat 0.520518 176.84 23.63 199.18 45.00
chair 0.520459 33.91 81.47 67.90 119.87
bottle 0.520434 72.99 9.93 89.81 28.71
boat 0.520422 215.67 0.00 224.00 35.05
bottle 0.520338 83.14 18.96 99.64 41.65
chair 0.520306 161.46 151.60 216.73 204.40
chair 0.520235 96.31 177.61 130.19 206.78
boat 0.520225 141.47 0.00 205.88 41.70
chair 0.520183 73.46 149.48 120.11 181.67
tvmonitor 0.520177 43.61 59.86 66.99 90.43
bottle 0.520154 68.23 17.48 82.30 36.19
boat 0.520150 66.76 0.00 99.48 16.55
pottedplant 0.520123 202.86 41.12 216.82 76.08
boat 0.520121 164.82 21.82 187.42 45.97
tvmonitor 0.520109 56.22 48.40 133.91 123.85
tvmonitor 0.520096 81.82 32.50 105.46 71.06
boat 0.520054 0.00 0.00 114.04 149.11
chair 0.520025 178.13 150.32 223.20 206.24
sofa 0.520009 105.36 74.18 150.66 118.50
chair 0.519979 148.91 74.73 195.81 120.96
tvmonitor 0.519962 86.89 33.16 116.85 74.66
diningtable 0.519946 188.75 29.58 224.00 123.98
tvmonitor 0.519874 88.67 24.96 114.55 59.82
boat 0.519867 207.08 27.72 220.07 56.73
chair 0.519812 122.92 175.56 144.09 203.19
pottedplant 0.519796 188.76 43.63 209.94 78.90
boat 0.519717 159.24 20.06 179.88 45.93
chair 0.519704 132.90 129.05 162.19 155.55
tvmonitor 0.519685 74.88 24.40 91.20 52.34
chair 0.519569 96.69 126.91 128.30 154.67
bottle 0.519562 82.72 9.28 97.97 29.29
tvmonitor 0.519560 33.60 83.97 96.29 147.16
chair 0.519513 136.59 138.34 163.59 162.28
chair 0.519504 118.47 136.45 143.55 161.51
tvmonitor 0.519459 5.67 10.68 20.66 40.92
boat 0.519419 172.35 0.00 202.29 17.12
chair 0.519407 111.96 95.76 150.24 138.36
tvmonitor 0.519396 81.18 44.08 109.41 87.25
tvmonitor 0.519362 6.19 3.53 22.86 32.08
chair 0.519344 20.21 83.63 52.47 118.82
chair 0.519282 114.25 126.75 142.14 152.78
tvmonitor 0.519227 48.76 60.91 75.10 94.82
boat 0.519206 122.60 0.00 191.27 42.04
sofa 0.519205 43.35 67.26 70.85 99.96
boat 0.519203 187.17 23.01 208.00 46.09
tvmonitor 0.519182 38.09 57.78 59.92 86.67
tvmonitor 0.519176 45.94 75.51 83.45 115.85
tvmonitor 0.519169 28.30 99.90 87.55 159.77
boat 0.519051 77.11 0.00 107.18 16.16
boat 0.519044 156.84 0.00 185.80 17.28
chair 0.518972 51.32 171.88 84.90 211.66
boat 0.518930 155.43 24.28 176.24 51.96
bottle 0.518923 47.43 0.00 79.36 17.40
tvmonitor 0.518921 120.47 78.31 158.86 120.39
sheep 0.518914 6.15 83.11 26.81 119.57
tvmonitor 0.518908 73.49 54.92 101.99 96.20
sheep 0.518863 6.96 76.47 27.22 109.69
dog 0.518783 20.10 78.85 48.72 109.28
tvmonitor 0.518768 139.30 61.02 178.68 94.37
boat 0.518727 184.22 38.24 205.05 69.97
tvmonitor 0.518695 68.34 22.98 82.95 48.31
dog 0.518689 5.52 89.05 27.38 130.88
bottle 0.518619 17.17 50.13 39.32 75.38
bottle 0.518592 62.51 15.72 76.53 33.91
chair 0.518551 144.08 168.43 200.82 198.43
chair 0.518546 92.61 163.40 129.26 193.91
bottle 0.518536 55.59 8.73 70.33 23.48
tvmonitor 0.518488 31.02 57.67 53.61 83.12
boat 0.518484 59.71 22.22 134.44 118.17
boat 0.518481 164.26 14.43 186.07 37.47
tvmonitor 0.518392 74.61 31.43 92.80 66.67
sofa 0.518385 38.80 65.20 62.98 95.84
chair 0.518342 51.96 192.85 88.17 224.00
chair 0.518340 133.02 89.20 170.77 133.73
bottle 0.518328 14.36 4.85 29.48 26.65
boat 0.518211 86.97 0.00 115.89 15.70
bottle 0.518209 7.15 0.00 36.56 18.78
chair 0.518205 123.33 144.09 145.55 168.94
boat 0.518204 195.13 22.21 213.48 47.36
boat 0.518190 28.12 0.00 105.53 44.70
boat 0.518185 157.21 34.02 184.66 69.06
chair 0.518184 6.53 98.48 30.38 145.65
tvmonitor 0.518180 1.97 0.00 75.22 40.19
chair 0.518101 92.81 135.02 128.49 164.78
boat 0.518080 93.03 0.00 168.06 43.20
sofa 0.518038 111.01 85.18 153.28 133.73
diningtable 0.518000 117.73 97.86 216.80 177.88
boat 0.517975 176.91 37.26 200.12 70.47
boat 0.517920 72.22 0.00 149.64 45.98
bottle 0.517903 15.24 0.00 45.42 17.11
boat 0.517871 125.38 0.00 154.66 15.54
boat 0.517854 156.16 42.43 188.21 82.24
boat 0.517850 117.77 0.00 147.96 15.14
boat 0.517847 162.75 43.47 194.75 86.09
boat 0.517838 95.03 0.00 125.19 15.53
boat 0.517815 54.13 0.00 132.94 94.03
chair 0.517733 145.35 150.93 188.44 173.44
aeroplane 0.517712 91.19 18.47 110.70 43.74
boat 0.517693 141.02 12.18 157.16 29.65
sheep 0.517651 20.18 62.54 41.32 87.31
chair 0.517639 125.83 161.95 146.19 188.48
boat 0.517626 150.82 12.97 168.31 32.42
boat 0.517581 20.66 0.00 167.39 141.70
boat 0.517575 133.05 0.00 161.95 16.22
tvmonitor 0.517568 148.60 51.30 180.52 87.77
bottle 0.517427 40.20 8.97 52.36 23.61
bottle 0.517422 31.95 7.18 45.62 23.79
tvmonitor 0.517395 74.55 42.71 96.29 83.12
chair 0.517340 20.34 88.51 56.99 130.52
aeroplane 0.517317 131.24 9.76 147.18 28.40
chair 0.517290 138.13 144.44 164.53 167.68
boat 0.517263 208.22 21.50 221.15 49.83
chair 0.517248 126.38 152.21 146.95 177.10
chair 0.517248 130.57 76.81 171.75 120.97
tvmonitor 0.517226 29.46 51.08 51.62 76.40
boat 0.517223 142.00 0.00 170.90 16.74
sheep 0.517201 7.97 66.89 26.53 97.35
bottle 0.517187 40.78 0.00 70.49 18.03
diningtable 0.517156 103.31 51.42 224.00 217.47
boat 0.517148 205.63 35.32 217.76 66.75
bottle 0.517147 6.73 38.79 23.91 69.86
chair 0.517138 151.08 64.81 197.55 109.37
chair 0.517089 72.28 197.33 107.10 224.00
bottle 0.517083 38.54 29.61 52.76 54.75
tvmonitor 0.517067 123.42 62.40 152.46 99.89
boat 0.517066 102.92 0.00 134.28 15.34
boat 0.517064 154.11 32.64 177.46 64.36
bottle 0.517058 23.66 5.73 38.82 24.00
boat 0.517043 91.72 33.02 128.09 76.91
bottle 0.517023 31.14 0.00 59.74 17.67
chair 0.517015 90.99 142.98 128.61 173.49
tvmonitor 0.517014 67.53 30.15 83.98 62.77
boat 0.516992 191.54 37.73 210.16 67.51
tvmonitor 0.516990 129.90 69.36 173.24 109.96
boat 0.516990 174.39 15.89 198.29 37.93
boat 0.516983 164.56 35.72 192.33 70.86
sofa 0.516963 20.69 52.69 124.74 146.44
tvmonitor 0.516956 61.94 21.57 77.17 45.60
bottle 0.516942 49.37 9.18 61.88 22.85
boat 0.516848 152.34 0.00 176.27 24.45
tvmonitor 0.516807 37.90 50.78 57.56 78.24
chair 0.516754 90.77 152.00 128.71 182.35
bottle 0.516600 28.71 29.90 46.58 56.64
bottle 0.516561 56.28 15.00 69.10 31.44
tvmonitor 0.516559 64.48 52.92 87.26 93.04
boat 0.516535 186.05 15.55 209.93 40.62
boat 0.516484 195.25 14.43 216.18 41.98
bottle 0.516473 39.51 20.23 52.40 41.61
boat 0.516464 151.69 24.66 168.75 48.78
bottle 0.516464 91.85 8.06 107.69 29.43
tvmonitor 0.516426 60.58 29.56 77.47 59.44
chair 0.516419 135.40 170.69 157.53 197.79
bottle 0.516397 28.27 41.20 48.42 68.78
bottle 0.516356 30.38 20.08 45.90 43.13
tvmonitor 0.516353 87.82 44.70 126.44 92.36
bottle 0.516337 13.57 12.76 27.42 35.51
sofa 0.516334 130.50 74.60 210.96 133.28
tvmonitor 0.516320 0.00 28.11 65.41 139.04
diningtable 0.516281 125.97 82.63 212.29 150.03
aeroplane 0.516239 95.70 24.65 127.67 62.47
bottle 0.516179 32.27 13.44 45.51 31.74
sofa 0.516156 86.26 64.60 162.32 120.80
chair 0.516110 31.00 95.79 70.95 148.19
tvmonitor 0.516076 43.20 52.22 63.36 80.76
sheep 0.516033 20.35 70.61 44.65 98.19
bottle 0.516028 40.65 14.06 52.01 30.90
boat 0.516001 192.34 0.00 218.19 30.57
bottle 0.515943 38.07 40.69 54.26 68.32
bottle 0.515899 44.83 30.31 58.90 54.38
tvmonitor 0.515849 151.73 42.09 179.75 77.30
boat 0.515847 93.34 43.85 132.48 90.67
bottle 0.515830 7.64 29.55 23.57 60.80
boat 0.515827 183.52 0.00 211.14 29.01
tvmonitor 0.515742 105.91 60.52 147.31 103.08
tvmonitor 0.515715 94.92 52.07 138.64 98.56
bottle 0.515661 22.72 13.61 37.74 32.79
chair 0.515643 20.79 98.79 60.29 147.41
diningtable 0.515640 27.70 74.16 147.95 168.77
chair 0.515614 102.62 81.11 145.71 131.85
bottle 0.515606 49.27 14.55 59.91 30.02
boat 0.515595 150.90 33.16 168.46 60.60
bottle 0.515547 47.06 20.84 59.23 40.95
tvmonitor 0.515491 66.30 41.07 85.42 79.34
diningtable 0.515461 121.57 0.00 224.00 184.67
chair 0.515432 32.72 64.46 56.86 91.99
bottle 0.515403 10.22 19.92 24.91 48.08
tvmonitor 0.515366 14.48 42.25 91.57 139.28
aeroplane 0.515250 158.25 18.44 220.11 106.00
tvmonitor 0.515243 57.04 52.32 79.38 89.56
tvmonitor 0.515222 52.21 30.22 68.44 56.50
tvmonitor 0.515207 48.07 0.00 128.17 88.60
boat 0.515195 152.49 18.77 168.56 39.90
bottle 0.515131 78.14 0.00 102.16 19.67
chair 0.515049 92.59 97.83 126.73 140.41
bottle 0.515039 15.39 41.16 36.94 69.83
tvmonitor 0.515011 54.45 21.29 68.87 42.91
chair 0.514942 34.00 72.73 62.38 103.04
chair 0.514937 185.63 180.59 224.00 221.41
chair 0.514874 138.68 150.95 165.40 173.90
boat 0.514807 142.79 18.69 157.54 38.16
bottle 0.514782 24.87 0.00 49.39 18.62
boat 0.514754 103.59 31.52 139.77 72.05
aeroplane 0.514730 124.00 7.92 141.38 28.12
tvmonitor 0.514712 43.58 41.64 60.08 69.20
tvmonitor 0.514697 49.16 52.80 71.83 84.91
tvmonitor 0.514665 58.94 40.79 77.81 75.72
boat 0.514664 161.48 0.00 187.82 26.11
chair 0.514648 144.78 158.02 187.37 182.11
boat 0.514584 208.96 13.45 222.38 43.50
bottle 0.514582 18.96 20.76 36.33 45.37
diningtable 0.514568 86.42 90.17 189.88 171.78
boat 0.514545 143.13 25.44 158.04 47.76
bottle 0.514420 16.09 30.90 35.63 59.30
chair 0.514351 70.33 95.47 113.31 142.36
tvmonitor 0.514313 10.12 7.26 80.64 115.02
boat 0.513996 205.88 0.00 224.00 33.86
sheep 0.513963 119.32 0.00 144.57 18.66
chair 0.513934 138.32 158.54 162.81 183.38
tvmonitor 0.513933 50.52 41.65 69.07 71.95
boat 0.513916 171.33 0.00 199.17 26.77
boat 0.513913 104.72 0.00 224.00 148.11
tvmonitor 0.513873 142.18 52.98 167.49 85.37
tvmonitor 0.513792 36.34 17.28 113.88 117.53
aeroplane 0.513764 154.67 0.00 219.21 78.54
tvmonitor 0.513752 137.23 54.09 157.67 85.74
chair 0.513703 90.37 79.39 132.12 130.61
aeroplane 0.513550 99.79 17.89 123.58 45.26
tvmonitor 0.513543 147.94 42.79 168.73 73.15
boat 0.513354 143.45 34.04 158.25 59.75
bottle 0.513313 0.00 0.00 47.60 72.74
aeroplane 0.513295 130.37 16.89 146.58 37.87
sofa 0.513074 61.13 58.76 147.32 132.91
diningtable 0.512939 89.32 70.21 171.53 139.65
sheep 0.512804 88.53 0.00 111.71 19.01
boat 0.512606 127.98 24.33 147.40 49.12
boat 0.512546 145.05 0.00 205.94 74.67
diningtable 0.512458 156.75 44.68 219.58 127.10
tvmonitor 0.512314 105.56 51.60 144.81 92.93
aeroplane 0.512291 101.73 6.63 120.76 28.65
aeroplane 0.512191 108.85 23.71 140.17 58.64
tvmonitor 0.512059 124.09 53.57 149.95 88.48
tvmonitor 0.512008 141.86 43.58 158.26 71.93
boat 0.511898 75.18 20.82 154.00 105.33
sheep 0.511885 118.77 6.72 137.89 28.06
sofa 0.511845 150.96 47.22 205.84 122.23
boat 0.511818 106.42 40.47 143.33 80.04
aeroplane 0.511758 129.14 22.96 187.58 98.99
boat 0.511624 125.78 32.87 147.78 61.96
sofa 0.511593 75.25 49.23 154.66 116.50
tvmonitor 0.511540 29.93 0.00 112.21 79.40
aeroplane 0.511430 120.96 15.66 140.91 39.90
sheep 0.511289 97.71 0.00 123.35 18.21
sheep 0.510941 106.55 0.00 133.72 18.32
aeroplane 0.510758 108.58 17.17 133.22 44.57
sofa 0.510719 132.36 49.76 191.54 116.10
sheep 0.510709 111.90 6.55 132.04 28.16
tvmonitor 0.510431 124.15 42.36 148.33 74.43
boat 0.510234 122.95 0.00 190.79 73.70
diningtable 0.509926 44.21 0.00 201.78 179.17
boat 0.509658 78.62 0.00 162.31 78.73
