sheep 0.556821 0.00 135.23 56.60 202.45
car 0.546665 0.00 50.24 104.17 201.81
car 0.546417 119.13 167.19 183.86 194.47
car 0.541023 0.00 87.90 123.57 224.00
sofa 0.540177 98.10 56.34 211.70 147.53
aeroplane 0.537423 100.14 68.18 209.69 151.00
sheep 0.537417 2.73 208.57 50.26 224.00
aeroplane 0.537398 0.00 134.07 151.35 188.51
bird 0.536790 10.91 157.53 143.01 224.00
car 0.536616 0.00 0.00 90.35 168.21
car 0.536559 0.00 116.17 140.49 193.75
motorbike 0.536350 21.22 65.17 57.67 86.44
sofa 0.535481 168.75 90.89 213.46 132.25
bird 0.535474 0.00 206.68 41.46 224.00
bus 0.535358 74.52 71.81 214.26 148.99
car 0.535321 115.01 170.38 169.37 191.59
aeroplane 0.534990 9.04 151.46 147.68 220.84
aeroplane 0.534240 111.56 104.62 157.19 136.19
aeroplane 0.533892 203.55 82.68 224.00 131.06
car 0.533820 0.00 66.19 81.63 162.83
aeroplane 0.533048 109.52 92.20 153.88 125.72
car 0.532948 16.10 87.58 58.70 123.07
aeroplane 0.532831 70.97 210.62 120.11 224.00
sheep 0.532816 0.00 126.83 50.36 182.57
bird 0.532354 0.00 203.13 27.06 224.00
sheep 0.532304 0.00 136.69 33.24 199.83
car 0.532213 0.00 90.99 76.73 194.53
car 0.532111 20.68 68.98 57.94 90.11
aeroplane 0.531572 127.83 107.90 187.71 146.03
car 0.531124 86.32 16.46 107.34 25.07
car 0.530980 74.98 210.81 124.61 224.00
aeroplane 0.530970 161.72 92.32 210.56 137.70
person 0.530943 179.85 188.76 224.00 224.00
sofa 0.530671 148.17 52.83 224.00 156.13
sofa 0.530629 140.00 109.27 198.67 144.11
dog 0.530447 0.00 103.83 65.35 199.08
boat 0.530038 200.60 204.94 224.00 224.00
aeroplane 0.529898 113.42 103.72 175.03 144.26
car 0.529657 132.88 27.61 224.00 146.37
dog 0.529602 0.00 156.02 45.74 224.00
aeroplane 0.529384 15.34 175.96 139.32 224.00
cow 0.529330 50.49 209.93 96.08 224.00
aeroplane 0.529299 174.72 87.40 213.56 134.18
sofa 0.529213 161.04 103.26 214.63 134.02
boat 0.529162 91.90 212.34 136.74 224.00
cow 0.529157 0.00 121.15 48.89 170.30
car 0.529046 103.17 2.32 224.00 204.00
bird 0.528891 22.32 207.39 66.89 224.00
person 0.528710 0.00 0.00 21.27 21.15
cow 0.528676 37.24 209.24 81.25 224.00
bird 0.528573 0.00 158.38 68.09 224.00
train 0.528495 104.22 193.08 186.64 224.00
sofa 0.528367 150.60 107.80 211.30 139.09
boat 0.528269 41.13 138.13 189.81 224.00
train 0.528027 143.63 195.89 218.24 224.00
car 0.527901 209.00 0.00 224.00 18.13
boat 0.527723 175.71 207.87 221.02 224.00
car 0.527709 158.01 0.00 224.00 76.23
aeroplane 0.527566 172.45 208.51 218.96 224.00
aeroplane 0.527557 66.23 185.13 124.55 222.47
car 0.527509 4.21 127.02 169.02 224.00
aeroplane 0.527442 176.64 110.16 224.00 202.42
aeroplane 0.527333 207.45 119.35 224.00 153.92
car 0.527279 20.26 62.86 51.73 84.44
boat 0.527136 113.36 212.82 153.57 224.00
car 0.526992 19.69 95.22 55.60 128.27
aeroplane 0.526916 114.97 30.51 216.48 147.30
car 0.526864 0.00 0.00 52.12 45.21
car 0.526814 114.76 119.84 224.00 224.00
aeroplane 0.526784 171.81 117.22 209.48 150.37
train 0.526617 48.41 184.96 156.13 224.00
train 0.526586 146.13 206.44 194.29 224.00
aeroplane 0.526585 70.66 177.67 126.93 206.76
car 0.526528 107.74 18.06 130.43 25.13
aeroplane 0.526399 108.83 85.79 151.53 114.68
aeroplane 0.526328 177.51 196.61 208.56 214.85
car 0.526071 88.05 21.30 107.36 31.36
aeroplane 0.526037 135.70 109.92 207.40 151.39
train 0.526004 167.84 207.22 217.18 224.00
aeroplane 0.525952 163.85 79.50 224.00 169.83
cow 0.525799 12.46 120.83 53.07 163.07
sheep 0.525731 3.97 193.29 44.76 223.95
aeroplane 0.525703 63.47 90.90 189.39 154.86
car 0.525685 123.83 211.64 166.19 224.00
aeroplane 0.525513 205.06 94.77 224.00 145.72
motorbike 0.525419 20.56 59.52 54.85 81.99
person 0.525151 0.00 116.81 23.03 171.35
aeroplane 0.525144 1.56 118.27 165.83 173.58
car 0.525049 111.88 22.97 129.76 32.24
cow 0.524735 7.71 105.48 131.79 188.04
car 0.524711 1.52 36.91 88.27 129.74
aeroplane 0.524691 165.11 104.60 209.33 143.41
car 0.524645 6.68 0.00 78.21 34.50
car 0.524369 2.33 9.31 78.57 105.46
car 0.524363 84.09 0.00 112.98 19.32
aeroplane 0.524311 207.49 189.57 224.00 217.50
car 0.524285 127.71 179.68 181.74 202.59
aeroplane 0.524284 178.24 126.97 209.68 155.41
aeroplane 0.524250 183.40 134.22 224.00 220.30
car 0.524241 27.59 68.94 175.08 187.90
sheep 0.524188 3.13 82.06 45.31 119.77
aeroplane 0.524155 66.24 202.12 122.27 224.00
person 0.524097 0.00 71.79 12.89 122.02
car 0.523996 84.40 18.25 105.88 30.77
person 0.523930 220.00 52.21 224.00 91.28
train 0.523899 133.15 209.81 181.01 224.00
sheep 0.523888 0.00 189.75 16.66 224.00
car 0.523685 188.52 0.00 219.05 15.09
sheep 0.523656 10.82 187.23 56.17 224.00
boat 0.523641 79.73 129.77 217.45 224.00
motorbike 0.523572 13.80 77.84 60.21 111.18
aeroplane 0.523544 204.92 129.99 224.00 166.96
car 0.523218 74.67 174.15 129.25 201.89
sheep 0.523148 0.38 113.83 79.74 201.63
aeroplane 0.523135 202.75 199.61 224.00 224.00
sheep 0.523135 0.00 151.56 48.52 209.22
dog 0.522998 0.00 9.31 11.46 53.43
sheep 0.522924 0.00 73.83 34.57 116.35
car 0.522911 107.20 172.94 155.10 192.94
car 0.522897 35.57 0.00 68.19 14.58
aeroplane 0.522884 154.26 37.00 171.14 55.55
person 0.522796 217.26 61.08 224.00 104.77
car 0.522665 91.18 19.54 112.27 24.06
person 0.522661 0.00 59.64 11.70 102.69
sheep 0.522655 0.84 169.90 46.18 214.61
car 0.522522 220.00 44.51 224.00 83.48
motorbike 0.522352 32.84 27.04 49.52 48.44
sheep 0.522345 0.00 153.70 22.17 209.36
car 0.522320 0.00 0.00 29.65 17.22
aeroplane 0.522317 7.57 157.24 141.81 200.28
aeroplane 0.522300 209.16 179.62 224.00 211.55
aeroplane 0.522278 118.98 89.49 209.13 173.21
cow 0.522270 24.51 146.34 57.06 201.31
dog 0.522210 182.31 60.46 201.74 90.64
car 0.522125 15.34 110.89 53.30 152.13
aeroplane 0.522117 161.27 36.37 179.81 56.96
train 0.522099 140.52 192.66 183.94 210.54
aeroplane 0.522039 163.46 65.29 189.03 98.92
sheep 0.522016 24.42 150.88 57.19 207.95
aeroplane 0.521959 146.65 36.91 163.83 54.68
person 0.521904 0.00 108.23 16.93 164.01
car 0.521867 102.20 18.68 123.15 24.26
aeroplane 0.521845 162.57 59.59 185.16 89.20
motorbike 0.521791 34.48 18.32 50.00 40.04
aeroplane 0.521791 207.40 146.02 224.00 193.53
car 0.521686 94.59 171.15 143.71 189.46
sheep 0.521680 0.00 112.50 36.08 167.19
car 0.521650 31.71 66.97 64.42 88.81
aeroplane 0.521643 55.08 184.06 105.61 224.00
aeroplane 0.521642 173.31 60.04 194.74 89.90
aeroplane 0.521616 209.25 157.52 224.00 202.00
aeroplane 0.521590 56.95 174.68 109.02 213.73
sheep 0.521584 0.00 171.38 16.29 217.15
car 0.521543 105.73 0.00 140.87 15.12
sheep 0.521533 7.57 202.92 58.76 224.00
aeroplane 0.521521 173.27 186.61 208.31 208.51
motorbike 0.521515 30.30 35.05 48.80 56.03
aeroplane 0.521491 157.67 197.56 198.21 211.19
car 0.521412 30.23 0.00 105.37 35.92
aeroplane 0.521393 108.81 70.12 145.09 101.69
aeroplane 0.521388 168.66 155.55 212.84 194.63
aeroplane 0.521278 127.79 117.69 185.49 164.63
car 0.521231 77.82 165.62 128.78 194.80
horse 0.521221 172.01 0.00 205.97 15.10
dog 0.521064 5.79 76.78 47.88 111.18
aeroplane 0.521008 145.83 29.95 163.89 47.60
car 0.521007 62.90 35.63 205.15 191.01
car 0.520947 14.47 76.85 57.83 109.92
aeroplane 0.520947 153.45 30.40 170.53 48.05
chair 0.520862 210.49 72.05 224.00 118.19
aeroplane 0.520847 155.40 44.12 172.16 64.96
aeroplane 0.520802 149.21 119.94 207.03 159.09
aeroplane 0.520796 136.78 36.96 155.93 53.88
person 0.520793 0.00 47.38 12.18 88.45
motorbike 0.520760 17.18 70.77 59.35 97.19
diningtable 0.520725 182.22 68.68 205.91 106.22
cow 0.520688 4.79 129.97 50.32 185.68
dog 0.520627 0.00 40.59 12.63 83.40
car 0.520568 22.97 0.00 56.64 15.57
cow 0.520526 40.20 151.53 69.39 198.97
aeroplane 0.520515 110.03 109.96 152.97 145.82
car 0.520505 90.38 0.00 124.49 16.35
cow 0.520490 58.64 162.48 101.10 202.10
car 0.520481 0.00 0.00 56.35 70.92
person 0.520480 0.00 96.69 10.41 151.63
bird 0.520448 11.47 134.30 112.89 214.69
horse 0.520428 138.71 0.00 174.29 14.41
horse 0.520404 29.50 25.35 45.22 47.59
aeroplane 0.520403 180.59 167.06 224.00 224.00
aeroplane 0.520399 162.56 44.46 181.75 68.29
aeroplane 0.520398 150.19 65.75 175.71 97.86
car 0.520388 91.12 0.00 160.20 36.09
car 0.520378 61.72 0.00 132.38 33.99
boat 0.520348 98.61 87.42 197.33 172.38
car 0.520299 44.62 0.00 76.79 13.82
dog 0.520246 0.00 0.00 12.38 43.29
aeroplane 0.520148 175.03 67.39 200.54 102.18
car 0.520107 40.77 0.00 170.32 157.04
horse 0.520082 155.60 0.00 190.56 14.22
motorbike 0.520077 37.89 19.18 54.72 40.77
horse 0.520049 28.23 33.43 45.04 55.51
car 0.519985 7.54 41.86 143.59 183.25
aeroplane 0.519984 110.23 17.31 137.95 24.05
cow 0.519960 13.81 61.27 44.28 84.28
car 0.519925 78.15 0.00 198.16 163.68
dog 0.519900 220.00 10.15 224.00 45.72
aeroplane 0.519878 135.16 29.68 156.06 46.47
car 0.519874 106.88 22.64 123.39 30.23
aeroplane 0.519804 75.12 164.49 125.40 194.03
motorbike 0.519695 33.54 36.22 54.44 57.28
aeroplane 0.519691 141.33 4.72 166.36 29.23
car 0.519691 55.70 0.00 87.10 13.20
car 0.519681 71.36 0.00 105.86 14.86
aeroplane 0.519665 114.10 24.59 137.42 31.91
diningtable 0.519664 159.82 30.09 178.37 49.10
car 0.519603 64.04 0.00 97.14 13.24
aeroplane 0.519529 144.00 22.64 163.78 38.65
car 0.519494 103.36 0.00 180.30 41.83
dog 0.519492 220.00 27.43 224.00 66.75
car 0.519492 84.39 171.61 132.71 191.29
car 0.519460 14.42 18.28 126.19 106.55
aeroplane 0.519444 151.61 60.62 174.11 88.85
dog 0.519418 0.00 23.44 12.23 66.93
dog 0.519391 220.00 18.81 224.00 56.02
car 0.519376 0.00 96.70 144.14 167.45
aeroplane 0.519366 147.63 43.24 164.06 62.16
horse 0.519342 19.98 57.02 48.98 80.72
aeroplane 0.519321 89.83 88.82 118.22 113.58
car 0.519305 93.68 23.81 112.13 29.87
aeroplane 0.519244 129.75 117.35 205.27 182.79
sheep 0.519231 3.19 113.01 51.30 161.95
aeroplane 0.519210 98.65 89.48 138.08 111.99
aeroplane 0.519097 121.65 95.01 177.52 131.00
car 0.519090 34.40 60.94 63.36 84.45
car 0.519089 27.92 72.20 64.11 94.18
aeroplane 0.519064 84.10 159.33 167.84 194.57
car 0.519033 83.12 41.31 100.81 56.36
aeroplane 0.519020 132.65 22.52 156.26 37.35
sheep 0.519007 21.87 170.56 56.64 220.31
aeroplane 0.518893 180.93 54.95 199.43 81.07
aeroplane 0.518885 90.52 96.76 120.34 120.50
horse 0.518885 29.80 17.52 45.61 39.14
aeroplane 0.518863 127.13 37.74 146.78 52.22
sheep 0.518845 0.17 56.87 31.52 87.96
aeroplane 0.518832 188.54 53.81 205.13 82.15
car 0.518802 120.22 0.00 156.50 13.08
sheep 0.518764 0.00 84.25 31.05 134.02
motorbike 0.518742 27.18 43.41 49.29 66.20
aeroplane 0.518723 130.85 7.69 158.60 28.11
aeroplane 0.518717 51.43 160.29 157.25 196.70
aeroplane 0.518661 151.49 23.54 169.77 39.17
aeroplane 0.518655 36.90 182.67 77.52 224.00
aeroplane 0.518610 90.69 68.62 113.45 94.48
motorbike 0.518586 26.46 52.72 56.91 78.45
aeroplane 0.518567 163.16 53.41 183.69 78.82
sheep 0.518522 0.00 15.27 27.99 49.91
car 0.518467 14.32 65.90 46.31 89.12
aeroplane 0.518436 83.23 90.39 103.70 114.90
train 0.518428 160.26 204.21 204.50 223.96
aeroplane 0.518419 148.61 2.98 173.06 28.77
car 0.518402 6.21 0.00 39.95 15.79
aeroplane 0.518401 188.88 45.73 206.62 74.49
aeroplane 0.518351 121.31 165.33 194.07 195.12
aeroplane 0.518335 90.25 82.22 116.59 107.60
aeroplane 0.518334 115.05 26.88 130.22 39.72
cow 0.518317 51.18 200.77 100.83 224.00
sheep 0.518291 38.56 162.40 75.55 211.56
aeroplane 0.518286 155.25 114.37 220.48 188.45
aeroplane 0.518277 167.97 175.38 209.55 205.55
car 0.518271 83.23 32.46 103.59 47.32
car 0.518242 79.48 12.74 103.25 20.50
aeroplane 0.518230 167.22 36.95 187.50 58.83
aeroplane 0.518220 97.57 70.36 127.82 95.30
aeroplane 0.518187 137.76 43.15 155.52 60.91
horse 0.518171 26.80 41.87 46.46 66.31
aeroplane 0.518132 84.04 98.24 104.06 120.86
aeroplane 0.518115 91.09 75.86 114.98 101.78
aeroplane 0.518088 171.65 53.79 191.81 79.91
aeroplane 0.518076 109.28 102.39 163.74 126.34
car 0.518059 78.05 40.82 92.85 56.30
aeroplane 0.518024 187.85 36.05 207.01 62.94
aeroplane 0.518012 120.34 36.88 138.30 51.02
aeroplane 0.517964 98.19 83.79 135.87 106.15
aeroplane 0.517941 99.52 96.46 140.96 119.20
aeroplane 0.517936 140.36 143.69 203.69 197.27
aeroplane 0.517932 101.32 111.37 139.15 133.36
aeroplane 0.517914 162.73 166.85 210.62 199.55
aeroplane 0.517883 68.59 166.38 117.76 201.83
aeroplane 0.517881 92.18 104.62 122.13 127.77
aeroplane 0.517879 196.67 34.22 215.26 62.77
aeroplane 0.517850 193.90 0.00 214.40 28.65
aeroplane 0.517794 98.38 77.25 132.92 101.69
aeroplane 0.517740 100.48 104.05 140.90 126.39
aeroplane 0.517702 58.72 152.92 88.97 187.87
aeroplane 0.517689 169.62 45.25 189.37 70.77
boat 0.517654 65.75 59.91 205.04 188.32
aeroplane 0.517644 83.50 83.01 104.57 109.02
aeroplane 0.517642 75.94 91.64 94.37 115.34
aeroplane 0.517634 196.91 17.25 212.85 38.28
aeroplane 0.517630 154.95 53.60 173.56 77.35
aeroplane 0.517612 105.48 79.02 148.63 106.26
aeroplane 0.517606 116.99 33.93 130.21 49.18
dog 0.517546 220.00 0.00 224.00 35.97
aeroplane 0.517542 197.29 25.55 214.27 49.08
aeroplane 0.517535 77.07 99.42 93.35 120.99
sheep 0.517530 0.00 97.57 31.28 151.26
aeroplane 0.517520 93.19 122.64 181.33 179.77
horse 0.517512 23.20 25.49 41.38 48.84
dog 0.517505 0.00 0.00 16.90 27.60
aeroplane 0.517403 178.43 46.52 198.76 73.05
aeroplane 0.517401 175.59 36.87 197.44 61.20
dog 0.517399 216.22 0.00 224.00 23.75
aeroplane 0.517353 128.31 43.81 146.77 60.10
aeroplane 0.517334 119.33 24.34 145.54 34.02
aeroplane 0.517316 75.18 83.16 95.86 109.30
boat 0.517282 106.04 118.40 191.30 179.36
aeroplane 0.517263 83.48 68.02 104.68 94.07
aeroplane 0.517228 123.55 30.55 146.00 43.26
cow 0.517189 20.10 127.36 55.38 170.87
aeroplane 0.517176 173.64 142.81 212.69 179.89
aeroplane 0.517170 120.97 43.55 138.34 59.60
aeroplane 0.517166 84.28 76.08 105.25 102.45
aeroplane 0.517117 148.19 73.72 179.13 107.90
aeroplane 0.517075 117.54 29.77 137.57 41.05
car 0.517061 75.37 75.00 96.68 101.75
aeroplane 0.517046 186.38 0.00 207.64 28.64
car 0.516986 106.26 122.56 144.74 158.57
car 0.516985 67.95 90.38 86.36 113.81
aeroplane 0.516981 58.19 136.07 80.58 165.08
car 0.516969 70.75 34.59 86.34 49.18
car 0.516963 75.21 65.61 95.36 92.02
car 0.516950 17.74 0.00 111.93 69.74
aeroplane 0.516926 190.04 60.29 210.89 91.54
diningtable 0.516913 159.42 23.18 177.46 40.31
aeroplane 0.516873 194.73 43.96 213.88 73.76
motorbike 0.516872 39.25 8.19 55.15 29.18
aeroplane 0.516844 165.37 138.66 222.85 206.62
dog 0.516798 0.00 44.79 31.40 79.44
aeroplane 0.516796 113.99 147.61 188.08 193.78
car 0.516784 69.99 99.34 86.20 120.54
aeroplane 0.516780 85.98 105.47 105.82 127.30
car 0.516779 83.97 23.45 105.25 38.00
bird 0.516751 35.40 199.54 79.63 224.00
car 0.516746 80.35 17.23 102.00 28.05
car 0.516743 77.67 32.77 96.17 47.80
cow 0.516720 22.97 18.11 41.37 41.09
car 0.516692 69.87 42.57 83.62 58.50
aeroplane 0.516686 67.92 58.85 187.64 146.86
car 0.516673 81.78 49.25 101.24 68.22
aeroplane 0.516663 58.33 145.63 84.47 178.57
aeroplane 0.516626 136.55 186.38 186.95 203.73
aeroplane 0.516618 153.15 189.39 197.38 205.54
aeroplane 0.516588 88.96 61.21 112.67 84.87
aeroplane 0.516546 116.06 13.46 146.78 25.26
motorbike 0.516544 35.83 6.87 51.27 28.55
aeroplane 0.516528 93.65 112.19 123.62 135.26
horse 0.516526 21.93 33.46 41.52 57.45
aeroplane 0.516486 69.81 155.46 105.83 186.35
car 0.516459 122.13 157.83 188.96 190.70
aeroplane 0.516452 136.71 68.54 164.12 100.84
aeroplane 0.516430 192.73 52.80 211.69 81.87
aeroplane 0.516378 187.75 27.17 205.52 49.56
boat 0.516373 67.00 98.45 182.67 169.63
aeroplane 0.516332 81.56 182.67 168.77 224.00
aeroplane 0.516321 158.09 0.53 181.43 28.58
aeroplane 0.516311 164.17 74.42 196.04 109.01
aeroplane 0.516268 96.15 62.90 122.76 86.35
sheep 0.516223 181.39 81.03 211.82 124.19
car 0.516198 88.87 25.57 108.15 37.31
aeroplane 0.516182 116.77 41.77 129.70 58.91
aeroplane 0.516155 188.44 18.89 204.41 38.19
aeroplane 0.516147 79.04 106.38 93.22 126.82
car 0.516124 76.59 47.75 92.92 67.13
aeroplane 0.516124 144.50 96.35 194.23 127.54
diningtable 0.516107 181.34 79.30 211.47 118.78
aeroplane 0.516067 165.71 30.20 186.19 50.31
aeroplane 0.516001 48.46 135.85 164.41 183.72
car 0.515993 74.03 55.96 93.74 80.24
aeroplane 0.515990 183.62 191.90 218.14 214.46
car 0.515909 9.74 42.23 132.47 131.65
aeroplane 0.515901 76.06 137.82 105.63 163.69
aeroplane 0.515883 128.18 174.84 189.59 199.86
aeroplane 0.515880 102.53 63.81 133.87 89.14
car 0.515877 63.20 73.27 85.26 98.33
car 0.515868 116.69 0.00 206.59 61.77
car 0.515863 11.08 70.64 48.38 100.00
car 0.515800 37.57 53.41 61.42 77.19
car 0.515783 125.57 138.19 185.57 184.32
aeroplane 0.515774 91.44 124.37 124.89 152.27
aeroplane 0.515738 187.97 129.50 215.83 154.23
car 0.515716 63.99 80.24 85.97 105.77
car 0.515656 81.62 58.95 103.86 82.72
horse 0.515650 20.76 49.57 45.20 77.96
car 0.515644 43.01 36.96 60.93 56.51
aeroplane 0.515638 185.39 120.37 215.80 149.99
aeroplane 0.515633 109.22 117.72 150.30 157.03
aeroplane 0.515623 139.80 166.87 205.25 197.84
aeroplane 0.515616 101.31 116.45 138.29 139.91
aeroplane 0.515601 181.13 135.33 211.93 163.12
dog 0.515570 13.78 19.80 37.33 43.79
aeroplane 0.515500 75.43 148.96 113.12 177.70
aeroplane 0.515451 77.19 128.18 101.59 151.51
aeroplane 0.515437 93.60 118.44 125.38 143.17
car 0.515425 88.87 33.42 107.41 46.23
car 0.515421 89.49 41.55 106.22 55.49
car 0.515389 57.59 36.35 72.76 53.19
aeroplane 0.515385 125.10 86.12 171.43 121.09
aeroplane 0.515373 87.92 133.79 122.53 164.82
car 0.515365 41.45 45.04 60.55 66.14
car 0.515270 73.17 16.55 90.69 28.37
aeroplane 0.515263 84.61 126.63 116.22 152.22
car 0.515238 88.36 50.51 108.43 70.17
aeroplane 0.515234 98.49 120.97 135.13 148.86
aeroplane 0.515227 107.47 51.57 126.34 73.77
car 0.515217 43.98 28.03 61.13 48.09
aeroplane 0.515217 69.54 147.35 98.56 176.46
cow 0.515215 18.23 112.47 56.20 150.94
car 0.515213 63.29 65.43 83.71 90.23
car 0.515184 45.89 18.82 61.44 39.04
aeroplane 0.515113 57.56 126.74 78.09 152.98
car 0.515090 19.61 104.55 56.39 138.23
aeroplane 0.515079 175.35 28.92 196.05 50.08
boat 0.515064 143.02 179.68 209.21 224.00
aeroplane 0.515037 97.46 51.11 115.59 71.43
aeroplane 0.515009 130.79 76.19 166.38 111.35
sheep 0.515003 0.00 36.67 32.17 70.75
car 0.514979 80.88 159.67 124.13 188.12
aeroplane 0.514971 69.74 136.96 92.32 163.41
aeroplane 0.514894 183.02 202.40 220.13 224.00
dog 0.514888 14.46 26.60 38.86 50.42
aeroplane 0.514874 87.37 112.75 109.02 134.72
aeroplane 0.514867 109.34 0.00 144.09 15.84
car 0.514857 110.91 162.00 154.00 186.59
car 0.514857 72.30 9.25 92.08 20.00
aeroplane 0.514821 139.74 62.51 163.81 90.68
sheep 0.514791 0.00 0.95 25.31 40.11
car 0.514775 118.30 174.82 171.64 197.15
aeroplane 0.514703 123.68 70.73 153.82 104.38
car 0.514656 42.69 67.27 68.83 89.19
aeroplane 0.514629 127.09 135.88 189.33 181.97
car 0.514612 47.09 38.36 158.94 136.40
cow 0.514609 34.33 130.84 64.43 169.23
cow 0.514584 35.40 138.59 66.16 183.23
aeroplane 0.514531 177.25 0.00 199.87 27.55
aeroplane 0.514512 167.62 0.00 190.37 28.02
aeroplane 0.514509 146.38 85.84 186.78 118.46
boat 0.514490 71.78 204.92 130.52 224.00
aeroplane 0.514472 80.11 113.40 95.01 134.04
car 0.514431 72.08 24.70 89.38 38.85
aeroplane 0.514424 72.12 105.93 86.15 126.65
horse 0.514416 30.27 0.00 56.28 18.58
boat 0.514413 99.03 205.20 139.84 224.00
car 0.514405 60.55 17.35 75.77 32.65
boat 0.514401 115.62 181.77 190.63 224.00
aeroplane 0.514387 79.27 120.57 98.34 142.35
aeroplane 0.514372 88.12 175.79 139.08 198.45
cow 0.514345 11.76 97.41 53.16 142.40
boat 0.514321 166.17 175.02 224.00 224.00
aeroplane 0.514275 146.03 177.57 200.00 202.87
aeroplane 0.514271 86.77 119.67 113.28 143.00
aeroplane 0.514261 167.35 22.30 186.25 40.15
boat 0.514244 111.59 204.63 149.93 224.00
aeroplane 0.514242 145.85 53.75 164.10 77.55
aeroplane 0.514225 70.68 127.22 88.82 151.36
car 0.514190 58.71 26.79 74.89 43.47
sheep 0.514170 202.51 57.27 220.58 90.65
aeroplane 0.514158 177.81 20.81 196.16 38.64
aeroplane 0.514119 93.39 130.06 129.56 161.95
car 0.514099 106.84 140.71 144.68 177.37
car 0.514039 39.23 72.54 68.95 94.77
aeroplane 0.514001 112.83 52.86 134.45 76.81
aeroplane 0.513995 111.46 40.36 121.47 56.18
car 0.513957 83.45 147.28 121.42 180.30
car 0.513947 132.39 0.00 224.00 107.85
car 0.513931 78.98 23.33 99.55 37.37
car 0.513844 55.09 44.57 70.12 62.99
aeroplane 0.513765 190.15 0.00 216.63 16.18
car 0.513742 47.35 0.00 132.72 71.30
car 0.513735 61.65 7.75 77.79 21.61
aeroplane 0.513714 170.57 131.16 210.72 164.76
car 0.513683 47.24 7.79 62.99 26.84
car 0.513676 29.55 101.09 60.53 129.98
car 0.513657 75.70 21.70 172.58 114.33
car 0.513470 95.75 27.32 194.58 121.74
car 0.513465 109.73 25.57 123.54 36.46
dog 0.513465 203.58 49.35 220.88 81.93
aeroplane 0.513382 111.78 32.25 122.56 46.07
car 0.513294 65.55 49.64 82.51 70.30
car 0.513186 62.60 57.37 82.41 81.50
cow 0.513159 30.94 6.00 47.86 28.08
car 0.513127 36.27 79.01 169.17 150.00
sheep 0.513106 0.00 0.00 26.95 23.07
car 0.513097 97.15 0.00 186.58 87.68
aeroplane 0.513092 179.46 181.65 217.48 208.06
car 0.513040 96.16 160.64 137.85 184.39
dog 0.513004 205.63 40.19 221.51 73.26
boat 0.512999 125.88 203.34 165.38 224.00
car 0.512951 48.70 98.68 72.53 120.56
aeroplane 0.512950 98.47 40.99 111.19 54.79
cow 0.512930 13.81 33.82 40.17 58.77
cow 0.512924 33.06 123.22 62.49 158.71
car 0.512768 84.66 0.00 164.93 76.65
aeroplane 0.512696 138.70 0.00 172.80 16.49
aeroplane 0.512684 72.46 119.54 87.42 141.93
car 0.512677 95.04 26.60 112.15 36.00
car 0.512667 45.25 60.62 68.48 83.71
aeroplane 0.512651 110.18 63.34 143.59 92.28
dog 0.512648 208.33 30.79 221.93 62.71
aeroplane 0.512633 179.45 104.99 214.63 146.81
horse 0.512582 13.56 41.51 41.43 67.27
car 0.512581 22.20 77.68 61.88 103.46
aeroplane 0.512515 84.25 186.20 133.99 216.14
car 0.512454 96.26 33.57 111.63 45.45
aeroplane 0.512397 99.83 184.48 140.85 214.05
aeroplane 0.512370 73.14 112.64 86.59 133.74
horse 0.512360 129.70 0.00 164.45 16.34
aeroplane 0.512341 126.90 63.83 153.38 92.97
car 0.512331 53.53 104.76 74.28 125.68
horse 0.512296 183.20 0.00 212.31 16.66
aeroplane 0.512273 133.98 54.40 153.81 78.68
car 0.512199 135.97 202.10 181.44 224.00
diningtable 0.512191 163.42 86.57 205.39 118.60
dog 0.512179 208.73 22.35 220.77 50.52
car 0.512161 132.61 185.95 179.53 207.18
aeroplane 0.512104 56.68 117.56 76.67 142.14
car 0.512057 95.12 142.26 134.40 176.64
car 0.511984 49.63 52.81 68.02 75.22
boat 0.511954 112.65 183.49 152.12 210.04
dog 0.511926 208.12 14.01 219.11 39.84
car 0.511814 43.22 88.19 70.29 113.23
diningtable 0.511746 197.98 67.07 218.55 107.95
aeroplane 0.511675 146.74 0.00 180.45 15.38
aeroplane 0.511660 116.58 0.00 153.13 14.89
aeroplane 0.511595 123.05 55.02 145.00 78.58
cow 0.511279 23.16 4.61 43.35 31.17
aeroplane 0.511267 147.11 131.19 207.02 170.95
dog 0.511244 204.85 0.00 219.07 30.60
car 0.511199 38.44 78.10 68.85 102.58
cow 0.511136 25.50 0.00 52.96 17.66
car 0.511036 123.96 183.98 166.44 206.98
car 0.511024 115.39 135.41 168.82 177.74
car 0.510903 55.38 110.09 75.27 132.42
cow 0.510836 13.02 4.07 36.80 34.27
cow 0.510480 31.13 113.82 60.52 147.33
horse 0.510310 198.90 0.00 218.48 18.05
cow 0.509008 17.95 0.00 47.31 18.56
cow 0.508826 8.33 0.00 38.31 19.30
