bird 0.655835 57.69 67.70 171.10 202.87
bird 0.598551 36.81 61.91 204.26 224.00
bird 0.588739 89.65 77.00 169.63 191.35
bird 0.575447 59.90 108.50 127.66 213.84
bird 0.570759 71.24 77.25 136.13 179.84
bird 0.566909 62.94 101.76 109.28 197.89
bird 0.559347 65.42 76.86 114.80 175.86
aeroplane 0.558551 32.77 36.10 122.78 105.11
bird 0.555139 122.22 84.32 185.30 193.85
bird 0.554292 78.86 101.42 151.36 206.84
aeroplane 0.553082 40.71 17.16 128.11 74.48
bird 0.551595 23.40 46.58 108.85 123.31
bird 0.549166 31.11 78.73 136.84 202.15
bottle 0.548480 135.86 84.78 209.79 176.60
bird 0.548085 7.70 81.85 96.09 197.02
sheep 0.548027 144.84 89.55 218.31 166.92
bird 0.547702 16.38 65.53 75.61 144.58
bird 0.546830 56.98 131.26 116.69 207.05
aeroplane 0.545594 29.72 46.65 111.90 122.73
bird 0.542373 49.99 100.77 101.55 186.24
bird 0.541701 88.35 129.75 148.08 207.50
bird 0.540630 44.45 136.69 101.01 207.64
bottle 0.540603 115.79 87.75 183.45 182.27
bird 0.539623 39.10 117.72 149.20 224.00
bird 0.538941 59.62 66.64 108.13 151.12
bird 0.538484 7.92 108.42 62.54 172.08
bottle 0.538087 103.80 77.87 165.94 169.12
bird 0.537840 92.12 85.59 199.80 205.33
bird 0.537168 99.37 77.92 158.47 169.59
bird 0.536764 0.00 206.64 37.69 224.00
bird 0.535102 0.00 202.11 25.83 224.00
bird 0.534952 32.34 133.99 85.05 208.69
bird 0.534865 0.00 12.09 11.98 51.92
bird 0.534781 38.50 107.19 84.33 182.00
bird 0.534576 144.17 97.93 224.00 218.56
aeroplane 0.534023 62.96 20.37 128.15 65.29
aeroplane 0.533970 47.66 36.13 116.21 90.05
bird 0.533108 24.17 141.18 65.06 211.63
bird 0.533074 120.34 114.76 174.83 198.57
boat 0.533053 119.49 48.72 170.97 100.51
aeroplane 0.532917 183.22 0.00 224.00 41.74
bird 0.532842 48.96 53.03 109.31 132.42
sheep 0.532639 141.54 80.16 224.00 210.28
aeroplane 0.531903 51.95 45.73 113.34 107.11
bird 0.531709 9.47 210.21 50.21 224.00
aeroplane 0.531601 197.02 113.92 224.00 166.71
pottedplant 0.531294 78.18 77.89 169.97 216.19
boat 0.531277 106.06 69.73 156.79 144.56
bottle 0.531268 150.83 94.56 221.25 156.91
aeroplane 0.530974 90.95 14.37 152.88 52.10
bottle 0.530810 158.75 105.24 208.55 180.80
bird 0.530791 23.96 105.47 67.41 176.56
cow 0.530691 200.62 119.05 224.00 168.90
bird 0.530644 0.00 183.09 31.79 224.00
cow 0.530425 141.32 71.65 224.00 202.78
bird 0.530404 39.57 48.73 168.78 145.29
bird 0.530385 99.26 132.83 204.32 224.00
aeroplane 0.530247 101.11 71.55 149.78 145.70
bird 0.530011 25.61 211.44 66.52 224.00
pottedplant 0.529338 105.55 51.00 219.19 217.32
bird 0.529119 0.00 88.89 12.14 133.26
bird 0.529035 46.53 21.54 106.22 63.38
bird 0.529028 0.00 112.19 72.26 207.71
aeroplane 0.528902 46.83 22.92 110.23 68.45
bird 0.528875 72.66 211.87 115.37 224.00
bird 0.528835 211.37 204.53 224.00 224.00
aeroplane 0.528830 106.03 16.42 154.78 45.75
bird 0.528734 25.15 44.57 79.04 110.93
bird 0.528715 13.57 92.04 69.39 164.64
bird 0.528455 160.01 157.45 224.00 224.00
bird 0.528329 0.00 180.35 18.82 224.00
aeroplane 0.528161 113.35 52.67 166.20 95.19
sheep 0.528153 1.81 13.58 23.05 42.81
bird 0.528048 40.71 211.76 83.34 224.00
bird 0.527982 69.54 115.53 170.99 224.00
bird 0.527909 0.00 156.14 29.48 216.30
bird 0.527898 0.00 156.58 62.08 224.00
bird 0.527775 0.00 74.66 67.82 173.78
sheep 0.527760 156.00 88.93 216.37 144.66
bird 0.527713 57.34 211.44 99.58 224.00
bird 0.527654 3.90 136.73 39.36 202.64
cow 0.527580 166.89 31.50 224.00 158.88
bird 0.527508 139.36 210.89 177.84 224.00
bottle 0.527456 146.16 106.71 197.22 189.45
aeroplane 0.527311 76.20 12.18 144.64 58.32
bird 0.527274 0.00 0.00 18.12 29.14
boat 0.527206 146.74 53.86 201.99 98.20
sheep 0.527073 163.36 101.79 212.31 170.41
bird 0.527059 87.19 211.48 131.42 224.00
bird 0.526717 153.00 209.99 194.18 224.00
bird 0.526649 5.51 92.08 29.61 129.12
bird 0.526645 5.56 124.42 51.28 177.42
bird 0.526563 110.39 56.37 224.00 224.00
bird 0.526293 187.84 211.05 217.84 224.00
aeroplane 0.526220 121.82 0.00 162.46 17.21
bird 0.526213 66.86 159.01 115.59 211.60
bird 0.526210 104.97 212.21 147.20 224.00
boat 0.526196 116.88 55.31 166.95 117.71
bird 0.526194 16.13 121.95 60.85 198.65
bird 0.526107 59.05 40.10 195.75 177.46
aeroplane 0.525998 75.94 70.64 127.98 146.36
bird 0.525908 0.00 0.00 55.29 49.56
bird 0.525820 0.00 0.00 100.29 134.79
bird 0.525722 0.00 156.41 15.11 216.45
bird 0.525721 9.55 135.03 52.24 205.20
bird 0.525667 0.00 25.59 98.14 187.17
aeroplane 0.525645 109.93 57.92 153.20 103.16
aeroplane 0.525616 208.24 0.00 224.00 20.89
aeroplane 0.525474 60.34 31.52 124.17 78.53
cow 0.525396 185.46 0.00 224.00 121.83
bird 0.525373 0.00 77.26 10.60 120.12
bird 0.525371 0.00 119.90 24.36 166.22
aeroplane 0.525283 210.48 90.22 224.00 139.51
bird 0.525233 0.00 19.22 9.84 63.75
bird 0.525228 0.00 147.64 106.19 224.00
bird 0.525112 0.00 140.10 15.88 201.70
sheep 0.525015 169.95 146.43 213.27 202.80
bird 0.524969 27.86 86.02 79.17 165.40
sheep 0.524967 220.00 150.55 224.00 206.01
aeroplane 0.524942 63.44 44.18 124.95 93.22
sheep 0.524874 149.45 55.83 205.21 98.08
bird 0.524791 140.49 185.50 177.98 224.00
aeroplane 0.524790 92.44 21.44 148.22 69.20
bird 0.524762 30.98 157.97 71.73 212.79
bird 0.524618 0.00 28.26 8.62 73.02
bird 0.524566 22.28 68.65 105.39 160.66
pottedplant 0.524509 126.45 0.00 224.00 167.06
aeroplane 0.524491 203.65 95.05 224.00 148.78
aeroplane 0.524247 84.63 35.04 135.45 78.72
sheep 0.524203 24.57 14.30 54.25 40.85
bird 0.524200 0.00 128.86 23.89 182.45
sheep 0.524183 17.31 14.87 47.37 39.71
bird 0.524089 0.00 37.70 7.41 81.75
boat 0.524069 121.76 68.38 174.56 144.33
bird 0.524040 121.79 211.61 160.36 224.00
bird 0.523980 42.29 19.84 85.83 52.66
bird 0.523898 170.90 210.66 207.22 224.00
bird 0.523834 198.47 208.24 224.00 224.00
boat 0.523829 154.21 88.03 219.10 144.86
bird 0.523761 0.00 47.69 53.97 137.02
aeroplane 0.523748 98.98 37.41 147.61 81.99
bird 0.523725 12.36 90.18 45.72 129.08
sheep 0.523697 154.90 72.84 211.62 129.67
sheep 0.523693 215.98 143.60 224.00 197.19
sheep 0.523596 9.62 14.45 36.54 38.93
aeroplane 0.523572 90.57 49.23 139.29 92.15
bird 0.523441 69.69 183.89 111.34 220.70
bird 0.523404 33.59 18.64 64.76 48.12
aeroplane 0.523294 95.90 55.55 141.38 105.11
pottedplant 0.523240 75.75 49.89 192.33 193.84
aeroplane 0.523180 27.58 36.82 73.40 94.75
bird 0.523132 102.99 186.04 141.07 222.95
bird 0.523098 0.00 103.84 16.20 151.54
bird 0.523037 129.77 145.69 174.55 205.25
aeroplane 0.523006 215.31 83.84 224.00 129.99
aeroplane 0.522973 98.66 53.22 208.72 190.06
cow 0.522918 157.42 0.00 224.00 34.97
sheep 0.522882 0.81 0.00 26.57 27.22
sheep 0.522879 157.27 154.76 205.25 210.82
bird 0.522866 6.29 98.73 32.87 137.27
bird 0.522850 0.00 66.97 9.16 109.48
bird 0.522751 143.83 182.17 197.62 224.00
bird 0.522715 0.00 56.01 8.15 99.25
bird 0.522676 19.55 161.39 60.81 213.23
bird 0.522668 122.94 148.77 219.10 224.00
sheep 0.522665 165.91 122.35 210.04 188.99
sheep 0.522589 176.68 113.77 214.50 168.71
bird 0.522582 33.14 24.07 66.91 60.69
aeroplane 0.522579 98.78 63.43 142.60 120.65
sheep 0.522547 211.07 134.78 224.00 184.92
sheep 0.522521 31.98 15.11 65.02 42.04
bird 0.522507 135.28 162.75 177.43 215.32
bird 0.522478 46.14 158.63 92.12 211.22
aeroplane 0.522334 220.00 59.13 224.00 98.96
sheep 0.522334 5.34 81.86 23.75 117.19
bird 0.522295 24.37 38.84 65.91 90.69
bird 0.522141 19.62 78.35 72.60 130.40
bird 0.522100 27.88 20.37 55.98 49.67
boat 0.522076 154.05 70.85 212.37 127.20
aeroplane 0.521948 30.60 29.38 68.93 75.37
cow 0.521928 125.72 49.59 217.64 181.44
aeroplane 0.521800 8.02 0.00 100.39 47.88
sheep 0.521722 173.80 167.80 210.46 216.19
sheep 0.521683 179.05 138.64 217.47 195.29
boat 0.521652 123.97 43.63 187.95 97.11
bird 0.521599 9.80 164.38 50.11 214.78
aeroplane 0.521572 116.66 19.20 178.81 65.11
boat 0.521502 133.09 0.00 178.23 18.05
aeroplane 0.521488 39.83 24.54 91.55 63.21
bird 0.521434 27.12 25.15 58.20 58.69
sheep 0.521406 3.85 60.30 18.79 94.73
sheep 0.521188 182.43 153.07 215.82 208.13
bird 0.521169 104.77 158.41 147.25 215.06
sheep 0.521119 14.05 0.00 45.19 24.00
sheep 0.521118 20.45 19.98 52.75 46.65
aeroplane 0.521106 111.31 0.00 152.90 19.33
sheep 0.521056 4.82 71.45 20.86 105.40
sheep 0.521004 1.75 5.14 25.13 36.36
bird 0.521002 0.00 4.31 52.51 97.90
aeroplane 0.520945 220.00 9.55 224.00 45.24
sheep 0.520842 7.09 0.00 35.60 25.33
aeroplane 0.520835 218.83 75.20 224.00 119.01
sheep 0.520798 3.09 50.88 17.65 85.29
bird 0.520795 25.95 31.20 61.38 73.02
bird 0.520767 8.87 181.28 46.92 223.29
bird 0.520705 6.54 117.16 46.19 158.43
bird 0.520625 48.43 15.41 96.08 48.27
aeroplane 0.520499 124.19 36.56 182.24 95.37
bird 0.520498 27.48 177.97 64.56 223.26
bird 0.520394 80.38 187.47 125.42 220.08
sheep 0.520343 21.77 0.00 54.99 23.00
bird 0.520258 18.18 179.74 55.73 222.39
sheep 0.520240 162.16 184.12 204.09 224.00
bottle 0.520119 132.10 114.02 181.63 196.38
aeroplane 0.520090 107.01 38.81 161.30 86.61
sheep 0.520065 140.11 166.50 195.76 219.37
bird 0.520032 69.93 204.43 112.04 224.00
bird 0.520018 101.12 140.86 158.61 207.20
bird 0.520002 7.59 201.87 47.18 224.00
aeroplane 0.519909 112.68 10.25 153.36 36.28
sheep 0.519799 136.40 43.09 200.62 91.14
aeroplane 0.519764 142.99 0.00 189.10 18.20
aeroplane 0.519710 52.97 0.00 94.11 19.69
cow 0.519696 181.95 108.78 222.97 165.70
aeroplane 0.519684 72.22 59.95 124.66 122.29
sheep 0.519667 2.25 41.39 16.70 77.01
aeroplane 0.519644 121.15 16.59 169.91 45.78
aeroplane 0.519488 35.44 29.18 93.40 77.08
aeroplane 0.519460 52.54 16.03 104.49 52.28
cow 0.519366 128.83 0.00 209.37 34.19
pottedplant 0.519333 95.21 0.00 189.85 161.24
boat 0.519215 109.05 0.00 195.91 36.95
bird 0.519208 40.55 34.20 145.61 116.88
sheep 0.519202 11.82 18.33 38.45 45.68
sheep 0.519103 28.63 0.00 65.15 21.81
sheep 0.519078 0.99 21.52 17.86 57.77
sheep 0.518958 1.30 31.04 16.98 67.53
aeroplane 0.518833 220.00 0.00 224.00 35.21
bird 0.518608 74.32 0.00 171.36 155.50
sheep 0.518596 36.94 0.00 76.50 20.53
bird 0.518537 94.14 205.88 136.06 224.00
aeroplane 0.518531 160.64 0.00 199.81 18.39
bird 0.518514 127.96 182.86 168.35 224.00
aeroplane 0.518457 220.00 21.97 224.00 64.07
bird 0.518394 7.09 107.59 39.55 149.61
sheep 0.518378 193.97 146.28 224.00 202.84
bird 0.518366 59.42 179.14 100.66 221.29
sheep 0.518349 179.42 183.61 209.06 222.81
sheep 0.518346 19.72 24.76 56.58 55.41
bird 0.518345 38.22 177.12 79.26 222.31
sheep 0.518330 20.79 59.36 68.53 102.97
bird 0.518310 143.14 204.45 184.77 224.00
aeroplane 0.518253 213.77 0.00 224.00 26.39
bird 0.518217 26.01 21.56 102.36 102.71
aeroplane 0.518151 93.69 0.00 185.49 41.04
aeroplane 0.518097 20.76 0.00 125.38 58.87
bird 0.518082 216.64 194.28 224.00 224.00
aeroplane 0.518026 74.03 0.37 185.91 120.44
aeroplane 0.517940 220.00 42.46 224.00 82.58
bird 0.517896 9.28 0.00 132.72 168.01
aeroplane 0.517863 220.00 177.05 224.00 222.41
bird 0.517792 43.31 0.00 153.50 147.24
aeroplane 0.517745 137.09 15.59 184.09 49.32
aeroplane 0.517733 73.47 0.00 112.56 21.42
aeroplane 0.517679 153.09 16.15 193.25 45.72
sheep 0.517649 8.15 5.12 36.08 33.13
aeroplane 0.517648 185.23 0.00 219.27 17.21
bird 0.517615 24.73 201.31 64.61 224.00
bird 0.517593 85.36 159.16 137.73 213.24
aeroplane 0.517577 90.10 21.16 196.15 151.27
sheep 0.517576 12.82 62.33 37.93 95.22
sheep 0.517519 138.09 20.83 189.05 57.36
sheep 0.517444 13.80 81.44 43.55 117.36
sheep 0.517400 128.11 31.37 193.79 81.53
aeroplane 0.517347 129.85 0.00 176.80 24.84
sheep 0.517340 12.67 53.36 37.05 85.51
bird 0.517267 11.82 0.00 107.57 78.21
sheep 0.517264 190.08 179.99 213.13 218.50
aeroplane 0.517173 196.40 0.00 224.00 17.82
sheep 0.517171 190.55 121.76 222.92 171.49
sheep 0.517127 14.63 3.77 46.78 32.43
aeroplane 0.517082 174.49 0.00 212.35 18.39
aeroplane 0.516957 74.23 0.00 173.43 50.14
aeroplane 0.516906 155.64 2.86 194.20 35.64
boat 0.516901 126.43 57.93 184.07 120.35
aeroplane 0.516895 148.67 22.18 192.61 54.26
aeroplane 0.516824 45.67 25.99 167.91 117.20
boat 0.516819 137.54 65.13 204.36 123.42
aeroplane 0.516769 176.23 102.35 222.06 164.87
bird 0.516577 120.43 159.54 170.58 212.65
sheep 0.516573 20.55 42.01 64.55 81.53
sheep 0.516522 13.55 72.59 40.44 105.99
bird 0.516471 112.46 179.74 152.79 223.45
sheep 0.516439 110.08 21.21 208.56 149.68
bird 0.516419 56.98 201.89 98.50 224.00
bird 0.516324 152.68 201.14 199.70 224.00
aeroplane 0.516319 123.59 6.35 164.64 33.09
sheep 0.516262 20.13 32.34 60.88 67.20
sheep 0.516203 12.53 43.03 37.17 75.51
sheep 0.516196 146.29 138.88 195.88 200.39
aeroplane 0.516152 50.13 0.00 156.06 62.48
aeroplane 0.516086 90.88 0.00 133.32 22.44
bird 0.516085 37.94 200.49 80.72 224.00
aeroplane 0.516022 131.82 4.12 173.79 35.00
sheep 0.515778 141.96 27.47 193.55 64.36
aeroplane 0.515751 51.35 0.00 100.15 36.25
bird 0.515673 22.11 0.00 139.71 92.20
bird 0.515593 110.76 203.22 149.08 224.00
sheep 0.515498 168.37 61.49 211.91 97.89
aeroplane 0.515478 148.30 0.00 196.32 27.18
bird 0.515305 130.76 204.35 168.07 224.00
sheep 0.515264 45.94 0.00 91.94 34.29
aeroplane 0.515181 170.18 93.08 219.48 151.00
sheep 0.515168 11.77 31.94 38.18 64.07
cow 0.514968 151.56 0.00 224.00 124.47
sheep 0.514703 143.10 36.35 201.70 77.41
sheep 0.514459 92.69 0.00 195.01 73.82
sheep 0.514440 131.12 147.00 183.03 207.33
aeroplane 0.513999 109.17 0.00 154.76 29.51
sheep 0.513868 190.54 201.34 214.49 224.00
bird 0.513535 167.63 202.80 204.81 224.00
aeroplane 0.513297 186.37 14.10 210.65 39.22
bird 0.512856 181.47 203.36 208.70 224.00
aeroplane 0.512586 196.81 61.72 220.89 97.15
bird 0.512552 56.60 0.00 176.23 82.35
aeroplane 0.512514 167.52 15.92 203.13 40.40
aeroplane 0.512264 184.43 19.48 211.07 48.31
aeroplane 0.512245 68.70 0.00 115.87 43.19
aeroplane 0.512128 168.55 0.00 207.81 23.98
sheep 0.512051 180.84 87.25 218.92 133.84
aeroplane 0.511962 185.03 0.00 210.77 29.77
aeroplane 0.511924 164.41 21.70 203.84 49.55
sheep 0.511821 203.67 198.40 222.41 224.00
sheep 0.511798 158.15 27.01 204.17 60.89
aeroplane 0.511720 204.23 12.39 220.09 40.32
aeroplane 0.511329 191.99 67.83 219.71 106.80
cow 0.511263 150.00 0.00 224.00 75.54
sheep 0.511231 205.60 177.49 222.90 217.65
aeroplane 0.511213 177.55 35.59 210.94 72.91
aeroplane 0.511118 180.56 25.52 211.11 59.46
aeroplane 0.510976 175.53 47.73 210.68 83.56
aeroplane 0.510881 203.24 17.41 220.82 49.83
sheep 0.510789 202.52 161.63 223.95 211.19
sheep 0.510286 186.59 77.62 219.07 121.81
aeroplane 0.510282 85.13 0.00 135.80 42.35
aeroplane 0.510190 203.15 0.00 220.15 30.75
aeroplane 0.509867 203.03 24.10 221.89 60.14
aeroplane 0.509748 203.76 33.93 221.86 71.28
aeroplane 0.509161 202.75 46.68 220.83 81.42
