cat 0.657492 0.00 0.00 210.86 218.65
bottle 0.575234 6.80 0.00 191.87 212.51
sheep 0.575005 15.07 0.00 208.63 176.67
sheep 0.547900 42.58 13.84 177.36 224.00
sheep 0.546917 97.16 21.29 215.47 207.35
bottle 0.546279 33.05 44.24 157.71 220.26
sheep 0.542271 38.29 0.00 209.16 108.37
sheep 0.542115 23.24 0.00 158.89 142.30
bottle 0.540189 70.66 0.00 212.75 157.53
cat 0.538605 111.34 30.59 214.25 203.71
cat 0.536141 187.87 0.00 224.00 62.27
bottle 0.535165 0.00 205.33 21.03 224.00
bottle 0.534933 0.00 209.04 34.70 224.00
sheep 0.534532 201.90 0.00 224.00 107.29
bottle 0.534291 0.00 62.28 20.86 201.64
bird 0.533826 0.00 163.56 34.68 224.00
dog 0.533712 220.00 59.77 224.00 126.82
bottle 0.533378 51.21 96.14 145.45 224.00
bottle 0.532582 211.17 201.53 224.00 224.00
aeroplane 0.532564 20.48 104.35 68.81 175.91
dog 0.532303 202.73 0.00 224.00 124.34
sheep 0.531661 54.62 0.00 188.99 75.23
sheep 0.531507 217.26 176.18 224.00 211.84
cat 0.531434 158.54 48.64 224.00 193.01
sheep 0.531434 193.24 0.00 224.00 83.83
bottle 0.531239 185.52 207.36 217.53 224.00
bird 0.530934 0.00 121.03 24.06 224.00
sheep 0.530896 187.23 181.89 224.00 224.00
bird 0.530745 0.00 170.60 54.61 224.00
cat 0.530539 208.84 0.00 224.00 23.24
sheep 0.530346 184.61 185.67 205.31 207.81
sheep 0.530119 101.60 192.17 180.17 224.00
sheep 0.530053 131.44 195.08 202.24 224.00
bottle 0.529976 12.99 35.13 123.48 211.53
person 0.529874 0.00 0.00 56.46 50.56
dog 0.529803 185.94 27.25 224.00 166.73
sheep 0.529494 96.58 0.00 213.46 120.65
sheep 0.529409 82.07 0.00 195.15 51.39
sheep 0.529326 58.51 182.16 139.31 224.00
cat 0.528997 220.00 31.26 224.00 82.18
bottle 0.528987 176.47 209.48 212.16 224.00
sheep 0.528966 149.55 191.21 216.82 224.00
bottle 0.528722 0.00 18.01 23.34 168.30
dog 0.528233 0.00 0.00 38.12 132.10
boat 0.528116 0.00 119.49 29.82 178.54
sheep 0.528036 218.73 163.09 224.00 202.17
bottle 0.528032 3.23 113.65 62.95 224.00
bottle 0.527900 199.04 203.51 224.00 224.00
bird 0.527817 14.66 176.68 76.80 224.00
sheep 0.527613 83.74 108.61 162.73 224.00
bird 0.527602 44.19 180.59 122.38 224.00
dog 0.527532 0.00 0.00 18.59 22.57
sheep 0.527494 123.46 0.00 214.23 42.10
sheep 0.527043 0.00 180.77 12.60 220.78
sheep 0.527012 1.57 185.13 25.81 216.05
sheep 0.526955 34.71 0.00 145.04 63.49
sheep 0.526887 180.76 184.49 199.46 206.93
cat 0.526378 183.87 96.70 224.00 218.97
cat 0.526368 25.79 0.00 64.89 27.58
sheep 0.526285 38.99 210.64 81.23 224.00
sheep 0.526223 92.84 62.42 173.93 224.00
dog 0.526065 220.00 41.30 224.00 97.78
bird 0.526063 29.58 178.40 100.91 224.00
sheep 0.525879 132.09 44.57 205.48 210.02
sheep 0.525807 166.21 0.00 224.00 52.31
bottle 0.525781 20.00 108.57 88.79 224.00
sheep 0.525685 184.00 178.68 205.21 202.12
sheep 0.525607 60.52 30.40 91.54 60.95
bottle 0.525399 8.48 210.75 50.88 224.00
sheep 0.525354 15.36 0.00 110.61 127.41
sheep 0.525251 15.82 210.40 57.17 224.00
bottle 0.525226 32.57 101.66 120.85 224.00
sheep 0.525207 169.81 209.58 207.70 224.00
sheep 0.525092 102.82 210.11 146.78 224.00
sheep 0.524818 191.74 126.64 224.00 224.00
sheep 0.524777 25.02 12.63 60.16 62.22
sheep 0.524672 117.75 210.33 163.14 224.00
sheep 0.524665 214.49 190.37 224.00 224.00
sheep 0.524631 53.88 210.90 96.59 224.00
sheep 0.524531 58.46 0.00 93.65 23.34
sheep 0.524453 29.27 0.00 63.06 32.68
sheep 0.524230 134.51 210.25 178.44 224.00
sheep 0.524043 220.00 152.82 224.00 195.65
sheep 0.524024 86.93 210.09 130.58 224.00
cat 0.523952 220.00 18.52 224.00 68.60
aeroplane 0.523933 21.32 93.21 73.72 155.30
boat 0.523867 0.00 123.61 13.27 183.59
aeroplane 0.523791 17.47 125.43 62.21 183.29
sheep 0.523737 71.15 210.67 113.62 224.00
sheep 0.523464 83.41 0.00 116.94 17.86
dog 0.523365 25.47 0.22 60.90 52.99
sheep 0.523260 153.43 209.80 195.78 224.00
sheep 0.523234 92.64 0.00 125.34 17.96
aeroplane 0.523233 0.00 107.57 28.34 163.83
dog 0.523151 17.69 0.00 105.34 52.53
sheep 0.523071 180.52 187.91 200.61 215.03
sheep 0.522961 67.82 2.78 97.34 27.05
sheep 0.522872 53.75 25.31 83.53 61.03
aeroplane 0.522727 4.60 118.63 40.44 175.75
sheep 0.522718 2.24 193.66 26.57 224.00
dog 0.522686 0.00 0.00 58.18 75.82
bottle 0.522623 22.81 0.00 62.88 27.10
sheep 0.522593 98.59 9.25 132.36 29.68
boat 0.522568 0.00 146.84 24.76 198.30
sheep 0.522335 72.67 0.00 107.69 17.99
sheep 0.522308 10.11 185.79 34.63 213.88
boat 0.522304 0.00 101.30 25.45 139.35
dog 0.522265 0.00 59.58 10.07 100.52
boat 0.522223 0.00 69.92 23.47 103.39
sheep 0.522181 17.89 184.91 47.20 212.92
sheep 0.522144 41.11 16.99 75.37 61.64
cat 0.522109 197.46 0.00 224.00 20.85
sheep 0.521895 174.94 0.00 224.00 112.54
cat 0.521877 220.00 130.05 224.00 170.40
sheep 0.521866 109.77 187.44 142.36 224.00
aeroplane 0.521861 23.17 80.29 69.25 137.58
sheep 0.521802 0.00 64.14 23.54 97.74
sheep 0.521673 67.16 33.29 97.90 58.37
sheep 0.521659 51.15 184.34 79.88 214.93
sheep 0.521603 121.07 183.80 153.21 218.79
sheep 0.521561 124.59 0.00 156.70 18.43
sheep 0.521560 175.09 185.09 194.64 205.41
sheep 0.521453 30.82 183.51 60.22 213.52
cat 0.521346 172.61 123.51 204.50 175.86
boat 0.521340 0.00 144.37 12.07 199.16
sheep 0.521258 180.14 161.74 202.17 191.35
sheep 0.521219 108.28 0.00 140.90 17.65
cat 0.521174 166.43 121.47 195.15 174.68
sheep 0.521171 0.00 29.35 23.39 60.07
sheep 0.521165 42.90 183.50 73.09 213.74
sheep 0.521149 59.74 12.63 91.96 48.70
boat 0.521131 0.00 104.91 12.07 162.45
boat 0.521117 0.00 65.43 9.55 106.95
sheep 0.521104 139.13 0.00 172.65 18.70
cat 0.521054 220.00 142.77 224.00 187.18
sheep 0.521050 116.36 0.00 148.79 18.12
sheep 0.521039 58.21 184.61 87.41 216.14
aeroplane 0.521000 25.11 72.55 66.63 118.54
sheep 0.520959 97.96 0.00 133.04 22.01
dog 0.520942 0.00 26.59 9.94 64.43
cat 0.520833 183.72 0.00 217.67 18.18
dog 0.520804 26.93 70.05 65.44 110.27
sheep 0.520685 49.33 0.00 88.97 19.09
sheep 0.520657 180.23 170.04 201.06 196.64
boat 0.520559 0.00 161.77 12.54 206.46
sheep 0.520555 154.38 79.09 212.38 215.37
sheep 0.520516 130.00 184.03 161.22 217.30
sheep 0.520513 151.59 184.16 175.07 210.57
sheep 0.520500 0.81 167.64 24.98 205.46
boat 0.520422 0.00 84.29 24.15 119.97
sheep 0.520276 139.61 184.08 168.29 214.13
sheep 0.520263 84.30 7.28 119.61 28.96
boat 0.520216 0.00 96.74 11.53 140.65
dog 0.520194 220.00 84.27 224.00 144.68
sheep 0.520192 74.57 4.57 107.47 27.57
sheep 0.520064 157.51 122.48 183.85 171.58
sheep 0.520062 65.70 184.43 95.86 216.60
sheep 0.520047 153.71 153.95 174.38 181.19
cat 0.520044 175.22 138.33 202.36 181.93
sheep 0.519978 84.47 183.70 114.58 217.65
sheep 0.519924 164.12 185.15 185.39 207.11
aeroplane 0.519901 7.02 130.62 35.25 186.25
bottle 0.519893 5.49 0.00 36.46 18.48
bottle 0.519863 15.41 0.00 52.73 20.62
sheep 0.519850 153.77 162.82 173.85 190.08
sheep 0.519845 124.72 10.69 149.10 29.06
sheep 0.519805 177.91 153.48 201.47 186.64
sheep 0.519764 150.12 187.53 176.62 220.62
sheep 0.519751 26.03 0.00 65.55 52.15
sheep 0.519690 136.67 187.32 170.03 223.95
sheep 0.519684 74.86 183.92 104.78 217.02
sheep 0.519661 94.11 183.31 125.68 217.31
dog 0.519659 168.83 72.78 202.36 131.79
sheep 0.519657 35.00 0.00 82.39 21.53
sheep 0.519628 21.56 0.00 125.12 87.47
sheep 0.519532 173.46 163.71 195.42 190.05
cat 0.519529 157.33 112.95 184.46 167.54
sheep 0.519500 174.40 187.74 194.76 214.61
aeroplane 0.519489 20.23 147.62 59.09 201.13
cat 0.519451 215.04 0.00 224.00 33.25
sheep 0.519443 163.26 163.98 184.21 189.60
aeroplane 0.519415 220.00 115.80 224.00 157.79
sheep 0.519413 103.25 182.90 135.78 216.55
boat 0.519383 0.00 79.00 10.81 122.47
sheep 0.519344 115.51 152.98 135.35 190.55
sheep 0.519324 148.13 0.00 181.12 19.02
sheep 0.519290 168.79 138.93 193.94 181.37
sheep 0.519272 58.92 156.01 144.46 224.00
sheep 0.519251 103.14 200.39 143.64 224.00
sheep 0.519183 0.00 205.43 32.43 224.00
sheep 0.519160 144.44 154.23 164.64 181.26
sheep 0.519106 179.52 199.82 208.31 224.00
sheep 0.519096 145.80 20.56 224.00 178.72
sheep 0.519024 163.66 188.04 187.01 216.99
dog 0.518912 26.41 20.02 59.91 66.06
sheep 0.518895 159.43 139.26 183.01 178.24
sheep 0.518835 7.83 27.26 34.12 55.91
dog 0.518785 209.71 56.10 224.00 125.11
sheep 0.518742 185.63 196.03 213.93 224.00
sheep 0.518670 162.81 154.94 184.61 183.02
bottle 0.518667 0.00 0.00 9.73 38.06
sheep 0.518611 157.88 121.71 210.80 224.00
sheep 0.518606 53.77 8.46 83.64 48.65
dog 0.518563 171.62 0.00 202.91 16.66
sheep 0.518443 144.63 161.06 164.77 190.68
sheep 0.518359 158.42 0.00 187.69 18.56
sheep 0.518303 43.37 191.34 73.46 224.00
dog 0.518205 21.55 24.30 52.39 64.13
sheep 0.518197 171.75 155.29 195.06 185.41
sheep 0.518171 132.26 10.97 155.74 28.79
sheep 0.518158 87.31 167.09 169.33 224.00
sheep 0.518128 194.81 179.60 215.88 206.74
sheep 0.518093 9.54 194.64 34.61 224.00
boat 0.518062 19.81 112.19 68.39 176.86
dog 0.518051 163.04 105.97 194.49 165.34
bottle 0.518035 46.50 156.05 129.20 224.00
sheep 0.518000 69.82 40.34 96.62 62.65
cat 0.517999 220.00 0.00 224.00 46.18
sheep 0.517989 112.35 164.34 136.63 204.07
sheep 0.517956 151.17 141.53 173.39 175.11
aeroplane 0.517939 6.56 107.63 42.36 163.14
sheep 0.517877 15.18 21.70 46.55 56.13
sheep 0.517857 0.00 53.92 22.42 90.41
sheep 0.517843 109.45 152.75 128.88 191.13
sheep 0.517815 22.10 192.73 51.26 224.00
dog 0.517772 0.00 39.97 9.33 81.44
sheep 0.517761 113.54 198.64 158.76 224.00
dog 0.517715 0.00 7.31 8.98 48.10
aeroplane 0.517709 8.23 145.85 33.50 196.66
bottle 0.517694 0.00 0.00 24.98 24.18
sheep 0.517579 200.00 192.23 220.17 224.00
sheep 0.517545 109.98 177.42 139.00 214.41
dog 0.517454 180.99 61.06 216.06 124.55
sheep 0.517452 112.21 66.96 191.75 219.74
sheep 0.517438 113.49 10.28 142.71 27.54
sheep 0.517411 0.00 19.72 24.86 53.47
sheep 0.517360 38.81 2.30 75.60 49.79
sheep 0.517236 173.64 171.92 194.77 195.30
sheep 0.517233 187.15 170.61 208.52 198.53
sheep 0.517217 0.00 0.00 23.09 33.57
sheep 0.517216 99.74 26.16 128.98 45.09
sheep 0.517197 135.00 153.10 155.15 181.44
sheep 0.517164 118.93 118.96 186.46 224.00
sheep 0.517106 131.38 200.54 174.22 224.00
sheep 0.517072 29.22 191.59 58.36 224.00
sheep 0.517036 31.91 19.94 65.18 66.98
sheep 0.517017 150.29 127.90 174.31 168.61
dog 0.516951 163.18 73.24 195.16 118.15
sheep 0.516910 8.19 33.54 30.99 61.05
sheep 0.516910 118.40 150.26 138.16 181.58
dog 0.516896 157.60 108.27 185.11 160.55
sheep 0.516886 100.09 40.00 127.11 52.89
dog 0.516862 168.02 96.74 202.17 154.90
sheep 0.516846 140.99 121.58 196.98 224.00
sheep 0.516816 105.76 164.24 129.89 203.83
aeroplane 0.516815 143.34 77.82 168.73 95.07
dog 0.516802 26.15 50.41 65.97 94.38
sheep 0.516735 22.17 178.91 54.68 206.36
bird 0.516715 33.22 154.57 107.95 224.00
dog 0.516698 164.60 85.61 192.68 141.83
sheep 0.516693 86.12 201.27 127.89 224.00
aeroplane 0.516631 102.21 48.22 125.18 59.49
aeroplane 0.516585 6.78 72.23 33.32 100.68
sheep 0.516318 143.80 201.35 181.46 224.00
aeroplane 0.516310 25.39 165.51 61.62 206.05
sheep 0.516295 162.28 172.41 183.30 196.52
sheep 0.516281 150.93 171.38 211.17 224.00
sheep 0.516250 99.45 15.01 130.17 35.11
sheep 0.516200 166.72 200.97 197.65 224.00
sheep 0.516164 133.22 175.00 197.81 224.00
sheep 0.516142 151.70 171.46 173.14 199.41
sheep 0.516009 134.48 158.12 155.82 191.13
sheep 0.515900 142.80 145.26 163.83 174.23
aeroplane 0.515883 6.76 101.27 36.11 137.00
sheep 0.515874 34.01 178.61 67.50 207.89
dog 0.515791 4.70 67.63 32.70 94.79
sheep 0.515769 156.42 201.49 191.31 224.00
aeroplane 0.515759 12.85 105.52 61.58 154.08
sheep 0.515695 0.00 9.95 24.36 44.85
sheep 0.515650 0.00 42.64 20.45 78.99
sheep 0.515581 124.49 151.44 144.58 181.65
aeroplane 0.515565 122.45 80.59 138.38 89.88
sheep 0.515549 99.56 149.10 119.72 182.51
dog 0.515469 158.11 81.40 182.49 125.52
aeroplane 0.515437 117.68 81.22 131.57 90.05
aeroplane 0.515437 5.37 94.93 34.11 125.21
dog 0.515345 8.39 167.60 32.51 204.03
aeroplane 0.515325 142.70 72.69 169.17 89.69
sheep 0.515210 152.21 115.09 177.20 155.48
sheep 0.515197 66.77 75.78 85.23 96.16
sheep 0.515183 142.13 170.02 165.10 201.61
sheep 0.515145 115.71 145.56 133.72 174.40
dog 0.514970 145.99 77.35 176.86 95.81
bottle 0.514894 69.56 144.79 97.19 176.15
sheep 0.514892 170.68 167.08 224.00 224.00
aeroplane 0.514847 121.39 74.36 139.26 83.95
sheep 0.514815 94.65 164.43 120.42 204.42
sheep 0.514784 185.33 125.84 215.74 165.16
aeroplane 0.514727 138.50 77.96 160.72 91.32
dog 0.514721 144.34 79.18 167.12 100.65
sheep 0.514630 74.32 79.07 90.35 92.69
aeroplane 0.514621 5.59 84.12 33.15 115.00
dog 0.514606 204.05 65.93 224.00 133.69
sheep 0.514582 69.43 201.30 109.87 224.00
sheep 0.514580 97.71 47.43 120.79 59.52
sheep 0.514573 196.03 168.52 214.99 200.52
sheep 0.514566 44.76 203.90 84.57 224.00
sheep 0.514526 63.95 2.75 91.51 33.26
dog 0.514520 18.16 8.61 51.89 48.47
dog 0.514497 151.94 76.07 183.15 103.42
cat 0.514484 184.57 132.19 213.51 171.52
aeroplane 0.514457 143.59 55.07 168.25 73.12
sheep 0.514409 133.70 147.35 154.09 173.58
dog 0.514396 15.29 166.26 48.78 203.12
sheep 0.514379 203.48 127.02 224.00 162.37
sheep 0.514360 132.23 167.29 157.42 203.18
dog 0.514334 21.29 34.61 54.93 77.18
sheep 0.514310 9.49 16.03 37.43 48.83
aeroplane 0.514298 142.69 48.59 167.90 62.81
sheep 0.514289 185.83 161.29 207.87 191.56
boat 0.514281 65.64 143.90 93.37 176.65
aeroplane 0.514281 115.94 74.92 132.20 84.29
dog 0.514238 159.58 91.50 182.81 137.00
dog 0.514216 212.00 24.73 224.00 73.40
aeroplane 0.514185 143.80 62.86 168.91 82.15
sheep 0.514176 121.63 164.44 148.13 204.01
sheep 0.514169 142.51 134.00 164.34 166.94
aeroplane 0.514137 137.51 73.48 160.55 86.05
aeroplane 0.514107 118.71 83.97 130.28 96.92
dog 0.514099 13.53 0.00 37.72 29.36
sheep 0.514026 110.43 144.60 128.16 174.45
boat 0.514019 22.35 139.53 66.48 193.64
sheep 0.514003 30.86 205.48 70.48 224.00
aeroplane 0.513987 103.97 54.76 123.28 67.30
dog 0.513897 68.57 77.11 85.07 102.77
sheep 0.513857 144.21 125.90 165.88 159.43
sheep 0.513845 78.70 36.74 106.76 54.44
aeroplane 0.513816 12.55 99.11 58.09 140.84
aeroplane 0.513792 129.52 79.66 146.42 89.18
aeroplane 0.513686 136.21 49.09 159.25 60.93
boat 0.513669 64.98 150.15 90.08 183.17
aeroplane 0.513626 109.20 48.94 131.84 58.77
bottle 0.513612 82.45 148.51 109.08 183.65
dog 0.513607 16.07 72.10 57.41 102.66
aeroplane 0.513568 111.74 55.12 130.72 67.94
dog 0.513552 173.72 112.14 211.70 161.94
sheep 0.513511 126.22 18.24 147.81 34.99
sheep 0.513468 133.87 19.88 154.26 35.28
sheep 0.513464 139.35 7.27 162.79 26.48
aeroplane 0.513439 129.00 74.29 148.12 83.35
aeroplane 0.513437 122.61 84.03 137.17 97.90
bottle 0.513361 73.77 149.00 101.21 182.78
aeroplane 0.513344 147.79 47.33 174.65 63.82
bottle 0.513342 58.20 167.14 87.59 203.68
aeroplane 0.513335 134.40 41.05 157.81 52.10
dog 0.513334 30.86 64.76 65.55 99.41
dog 0.513324 191.69 60.32 217.83 117.07
dog 0.513279 152.82 88.62 174.54 122.59
aeroplane 0.513274 134.08 29.90 156.15 44.29
aeroplane 0.513258 141.69 40.66 167.05 53.46
dog 0.513245 145.72 84.07 166.14 111.00
sheep 0.513206 145.62 120.61 167.36 150.79
sheep 0.513191 106.96 40.89 133.09 51.21
dog 0.513173 152.64 108.30 176.48 143.50
sheep 0.513078 106.86 27.20 134.33 43.18
sheep 0.513008 64.63 40.62 87.93 70.53
aeroplane 0.513007 137.64 55.36 159.70 70.73
bottle 0.512994 64.91 165.49 95.26 203.59
aeroplane 0.512967 114.19 64.29 131.52 76.72
aeroplane 0.512957 119.29 90.40 130.26 107.08
sheep 0.512940 64.97 69.72 86.07 89.78
dog 0.512927 2.94 56.28 31.28 86.57
sheep 0.512925 119.55 129.84 133.25 154.09
bottle 0.512917 190.93 28.25 217.11 71.23
boat 0.512913 65.47 131.56 95.16 172.22
bottle 0.512911 61.98 155.69 88.27 192.80
sheep 0.512900 76.63 20.01 106.70 46.09
aeroplane 0.512893 120.54 54.97 139.63 67.69
dog 0.512884 189.20 31.94 215.25 74.71
sheep 0.512878 117.31 137.55 133.38 164.64
sheep 0.512839 106.35 16.05 134.93 33.32
sheep 0.512836 122.32 110.25 135.88 126.21
sheep 0.512806 120.58 124.33 132.46 143.66
dog 0.512787 153.28 98.97 175.14 132.65
sheep 0.512781 75.90 9.86 105.72 34.00
sheep 0.512773 122.09 100.69 136.27 118.83
aeroplane 0.512769 122.50 90.80 136.33 108.70
sheep 0.512767 49.23 167.92 78.99 203.85
sheep 0.512749 120.26 109.68 131.62 126.20
sheep 0.512742 120.46 117.94 131.60 134.31
sheep 0.512741 7.50 207.40 48.23 224.00
dog 0.512733 151.01 80.75 174.80 110.86
sheep 0.512732 119.79 100.21 131.40 117.90
sheep 0.512709 80.70 163.18 110.57 204.41
aeroplane 0.512665 112.17 82.40 124.50 88.03
bottle 0.512640 67.70 154.68 95.00 191.53
cat 0.512618 183.45 141.25 211.08 177.62
aeroplane 0.512610 121.18 64.10 139.40 76.62
sheep 0.512574 57.06 0.00 84.62 33.19
aeroplane 0.512569 138.07 63.81 160.06 79.44
sheep 0.512567 72.24 71.47 90.70 86.25
aeroplane 0.512530 106.96 64.61 124.37 75.95
sheep 0.512502 81.91 43.35 105.65 58.93
dog 0.512492 5.92 42.01 29.25 73.29
sheep 0.512435 183.85 152.02 208.84 184.96
aeroplane 0.512407 149.16 38.68 174.67 54.96
aeroplane 0.512392 99.68 52.95 118.41 66.63
sheep 0.512383 127.13 28.60 149.12 43.69
dog 0.512383 212.00 38.72 224.00 93.34
sheep 0.512310 75.20 82.03 90.01 99.77
dog 0.512258 36.62 167.30 71.59 204.55
dog 0.512257 13.19 6.41 38.60 39.63
dog 0.512246 169.76 71.89 205.55 108.54
aeroplane 0.512244 130.54 54.68 149.42 68.40
dog 0.512228 138.04 79.74 159.40 98.71
sheep 0.512216 86.26 13.19 117.86 34.47
aeroplane 0.512204 109.65 76.00 125.00 82.89
sheep 0.512193 133.11 137.83 153.84 165.68
sheep 0.512165 64.20 52.88 86.60 80.52
aeroplane 0.512136 153.34 46.49 183.50 65.20
aeroplane 0.512121 128.95 48.67 149.99 59.27
sheep 0.512114 146.25 113.97 166.88 139.66
aeroplane 0.512037 142.20 30.03 165.81 45.62
aeroplane 0.512027 16.53 73.28 56.87 106.33
dog 0.512003 182.35 117.01 217.01 157.74
sheep 0.511947 51.26 74.68 77.44 99.73
dog 0.511942 145.51 94.08 165.26 121.40
boat 0.511936 49.42 141.78 85.10 177.15
dog 0.511935 14.26 38.99 45.26 73.49
bottle 0.511924 67.20 133.72 97.40 170.74
boat 0.511906 51.63 149.58 82.01 184.82
aeroplane 0.511905 127.10 40.69 149.86 51.30
sheep 0.511902 212.00 18.13 224.00 67.61
aeroplane 0.511895 12.54 89.03 55.69 126.12
sheep 0.511865 71.05 163.11 102.46 203.87
sheep 0.511790 195.06 157.61 214.87 193.03
dog 0.511756 12.07 56.12 51.02 89.03
aeroplane 0.511712 159.58 45.98 194.23 67.53
dog 0.511711 22.57 0.00 56.44 38.40
aeroplane 0.511660 118.03 49.21 140.70 58.08
sheep 0.511656 151.81 4.65 170.97 25.69
sheep 0.511631 134.22 129.75 154.66 157.12
aeroplane 0.511614 149.07 70.56 183.96 91.88
sheep 0.511610 81.09 152.11 108.91 191.43
sheep 0.511602 145.97 105.18 165.78 129.78
dog 0.511596 182.76 0.00 216.31 22.75
aeroplane 0.511581 129.94 64.10 148.94 77.06
sheep 0.511547 135.73 123.67 155.20 147.16
boat 0.511529 50.67 156.19 79.71 194.76
bottle 0.511524 70.27 121.85 94.85 153.06
aeroplane 0.511519 113.54 84.73 123.02 94.47
boat 0.511493 46.26 127.28 86.06 172.99
aeroplane 0.511473 156.50 37.61 183.78 56.92
dog 0.511469 31.41 31.44 63.53 76.93
boat 0.511467 30.71 145.51 72.25 189.14
sheep 0.511447 89.58 39.58 116.86 52.39
boat 0.511427 26.52 134.53 73.69 179.83
dog 0.511413 165.94 4.43 178.43 26.10
boat 0.511364 66.31 118.47 95.07 159.00
aeroplane 0.511361 101.21 63.11 117.75 75.21
sheep 0.511359 70.01 44.49 93.39 68.00
dog 0.511342 176.05 67.76 212.78 112.47
aeroplane 0.511338 63.64 89.91 88.29 129.54
dog 0.511290 167.68 0.00 190.59 17.83
dog 0.511280 175.03 78.66 215.51 136.12
aeroplane 0.511218 150.85 53.64 181.45 74.06
sheep 0.511205 136.29 116.77 154.36 136.19
aeroplane 0.511192 171.78 2.16 186.86 27.44
aeroplane 0.511130 128.56 82.60 144.49 98.25
sheep 0.511085 142.10 19.45 162.94 35.12
sheep 0.511063 87.03 79.95 100.38 88.90
sheep 0.511053 113.94 17.20 141.19 32.66
sheep 0.511045 87.49 23.48 117.28 44.42
aeroplane 0.511004 105.49 81.86 116.55 87.46
aeroplane 0.510992 158.00 68.68 194.09 96.18
sheep 0.510953 122.91 139.58 142.59 164.50
sheep 0.510886 70.62 55.09 91.77 77.99
dog 0.510880 161.63 0.00 183.62 18.42
aeroplane 0.510846 157.87 52.51 191.35 74.84
sheep 0.510827 92.79 46.14 115.67 58.09
sheep 0.510805 112.95 136.48 127.72 164.46
aeroplane 0.510783 190.44 0.00 215.72 38.30
aeroplane 0.510772 162.88 37.84 195.30 60.73
aeroplane 0.510739 103.13 75.57 117.23 82.20
aeroplane 0.510704 116.00 41.34 141.51 50.03
sheep 0.510691 115.17 28.28 141.57 42.10
dog 0.510688 152.30 28.40 174.42 47.17
bottle 0.510641 88.55 124.03 106.36 146.46
sheep 0.510600 135.81 108.18 153.20 127.36
dog 0.510539 47.33 72.76 76.21 106.18
dog 0.510515 177.24 98.34 216.20 148.95
dog 0.510496 136.35 86.34 155.96 110.51
boat 0.510415 44.68 113.37 87.68 163.11
sheep 0.510371 212.00 0.00 224.00 43.07
aeroplane 0.510211 107.08 84.16 114.95 94.07
dog 0.510205 160.75 27.94 183.14 49.17
sheep 0.510190 124.86 125.66 141.35 144.15
sheep 0.510153 123.57 131.49 141.82 154.69
sheep 0.510107 125.58 118.93 141.01 134.41
bottle 0.510076 98.56 80.05 109.63 87.62
sheep 0.510060 125.62 110.42 141.04 126.32
aeroplane 0.510049 149.17 61.33 181.25 83.04
sheep 0.510038 194.60 147.42 216.39 184.59
aeroplane 0.510037 192.37 41.07 214.92 87.53
bottle 0.509964 62.39 104.35 92.79 143.36
sheep 0.509960 197.60 139.14 219.91 175.25
dog 0.509914 204.05 100.02 224.00 149.48
aeroplane 0.509912 114.15 90.72 123.07 104.38
dog 0.509905 73.14 85.34 89.28 108.77
aeroplane 0.509851 157.32 59.73 191.11 84.40
sheep 0.509849 115.63 129.13 128.07 153.05
sheep 0.509841 135.15 97.41 153.53 120.47
dog 0.509766 154.23 17.94 171.66 36.09
bottle 0.509734 193.91 10.13 216.90 55.68
sheep 0.509720 126.65 90.00 142.16 110.42
boat 0.509695 16.24 93.34 74.26 153.44
sheep 0.509638 101.28 137.80 118.90 165.08
dog 0.509614 165.62 18.28 179.92 38.51
bottle 0.509581 100.00 81.48 107.64 94.34
aeroplane 0.509539 167.26 42.30 203.46 69.58
dog 0.509531 172.07 36.86 210.44 71.80
sheep 0.509529 125.28 100.32 141.25 119.90
sheep 0.509524 87.56 81.61 98.11 96.07
sheep 0.509501 56.60 36.87 79.06 71.56
aeroplane 0.509439 166.13 28.83 194.04 53.45
bottle 0.509429 88.45 119.38 104.58 137.56
aeroplane 0.509365 177.26 0.00 196.94 29.65
bottle 0.509324 82.58 136.10 107.98 168.17
sheep 0.509308 116.00 124.87 127.71 142.60
bottle 0.509220 85.75 127.89 107.22 157.36
aeroplane 0.509218 107.39 89.31 113.64 103.15
dog 0.509217 170.91 18.88 190.01 42.20
sheep 0.509194 104.92 126.02 118.60 142.64
bottle 0.509183 69.30 117.57 93.75 144.02
sheep 0.509164 84.84 72.99 101.24 82.73
bottle 0.509151 104.07 130.02 119.10 153.54
sheep 0.509124 115.58 111.30 125.86 124.88
bottle 0.509108 72.74 126.83 98.77 160.25
aeroplane 0.509108 96.37 73.66 110.67 82.28
sheep 0.509088 114.93 101.04 124.78 116.01
aeroplane 0.509079 95.41 60.50 111.53 74.69
sheep 0.509016 94.90 50.16 113.30 64.92
sheep 0.508953 51.82 52.80 76.72 83.40
sheep 0.508928 115.85 119.66 126.58 133.15
sheep 0.508860 83.37 47.35 102.77 64.96
sheep 0.508801 104.16 120.96 116.72 133.52
bottle 0.508682 99.97 85.17 105.05 103.70
aeroplane 0.508578 181.27 0.00 207.66 33.98
bottle 0.508556 69.10 94.52 89.95 124.03
aeroplane 0.508514 37.81 98.86 82.91 149.10
aeroplane 0.508513 172.22 27.93 203.26 59.27
bottle 0.508388 178.96 25.72 211.35 65.70
bottle 0.508367 175.91 16.60 199.21 47.00
sheep 0.508346 42.11 34.52 68.17 75.72
dog 0.508331 36.67 82.21 77.51 134.17
aeroplane 0.508301 106.61 99.56 114.45 115.20
aeroplane 0.508271 167.16 64.61 202.39 98.48
sheep 0.508212 83.85 58.22 101.75 74.89
aeroplane 0.508181 104.89 111.35 115.43 125.00
bottle 0.508104 75.23 118.57 95.29 140.24
bottle 0.507877 182.67 13.02 209.15 52.80
bottle 0.507593 85.26 84.72 95.20 105.88
sheep 0.507506 34.80 53.53 65.18 89.05
bottle 0.507491 95.76 95.09 103.83 117.43
dog 0.507443 173.95 59.15 209.91 100.97
aeroplane 0.507439 166.09 55.01 199.48 84.20
bottle 0.507252 90.26 108.42 103.84 129.16
aeroplane 0.506737 172.57 47.53 207.88 83.93
bottle 0.506432 74.81 108.14 93.70 132.30
bottle 0.506102 79.82 94.52 93.66 120.23
