bird 0.626750 43.89 67.01 172.39 215.62
bird 0.603162 60.33 35.51 197.98 200.94
bird 0.594826 48.77 68.88 128.59 180.51
sheep 0.571615 47.31 47.49 186.64 207.38
bird 0.560539 54.10 77.12 104.95 175.04
bird 0.555386 67.44 65.83 134.79 159.43
sheep 0.553124 95.69 136.03 170.32 202.43
sheep 0.549157 41.03 105.98 106.25 194.20
bird 0.549005 0.00 30.07 44.86 76.02
bird 0.548303 74.40 79.10 147.40 177.49
sheep 0.546387 86.90 83.82 150.22 176.02
bird 0.544890 37.63 102.77 112.59 194.41
bird 0.544040 75.17 52.30 145.51 126.28
bird 0.538928 0.00 20.89 37.25 138.61
sheep 0.537754 71.99 27.90 224.00 217.17
bird 0.537465 87.00 54.30 150.38 110.21
sheep 0.536923 51.25 83.67 98.53 169.75
bird 0.536394 0.00 26.82 100.36 199.38
sheep 0.536371 38.72 130.53 100.15 203.22
sheep 0.536332 198.04 45.13 224.00 172.27
dog 0.536086 1.18 93.97 25.88 127.98
sheep 0.535744 105.80 87.15 152.55 157.08
bird 0.535605 92.36 72.53 146.70 154.59
aeroplane 0.534729 187.16 0.00 224.00 39.22
sheep 0.534688 47.21 104.78 90.07 176.37
bird 0.534672 53.08 77.29 91.84 150.09
bird 0.534670 89.89 56.63 132.88 100.01
dog 0.534033 0.00 179.49 35.35 224.00
bird 0.532874 195.98 36.50 224.00 156.34
dog 0.532407 0.00 206.06 22.05 224.00
bird 0.532395 64.13 107.52 125.82 189.75
bird 0.532127 36.87 205.61 88.44 224.00
sheep 0.531938 203.38 73.72 224.00 193.11
bird 0.531710 0.00 29.80 55.76 155.86
dog 0.531698 0.00 67.93 32.85 188.42
sheep 0.531653 93.02 109.36 157.47 191.09
dog 0.531518 160.29 211.86 211.49 224.00
sheep 0.531380 167.81 149.90 218.86 195.35
dog 0.531359 0.00 210.06 34.30 224.00
bird 0.531141 116.55 208.65 169.83 224.00
bird 0.531066 26.35 58.50 112.42 189.49
bird 0.530499 77.75 20.06 189.24 152.90
sheep 0.530474 204.59 111.46 224.00 208.51
sheep 0.530164 184.83 171.59 224.00 224.00
bird 0.530056 79.73 55.04 113.55 85.81
sheep 0.530036 34.78 156.71 94.05 214.06
bird 0.529691 72.15 51.47 96.83 79.46
sheep 0.529689 100.71 68.80 153.65 133.59
bird 0.529478 0.00 33.72 39.48 95.13
sheep 0.528843 1.07 180.16 66.66 224.00
bird 0.528733 55.86 68.24 84.43 129.34
bird 0.528634 25.61 209.23 74.93 224.00
sheep 0.528598 116.29 92.26 161.15 149.55
sheep 0.528497 169.49 0.00 224.00 37.98
bird 0.528371 96.41 141.62 154.13 195.25
sheep 0.528338 41.23 124.12 83.94 191.25
sheep 0.528309 8.65 67.47 80.81 191.24
sheep 0.528219 43.17 102.73 78.70 166.67
sheep 0.528087 173.48 95.64 216.62 136.08
bird 0.528076 86.88 210.35 127.64 224.00
bird 0.527864 66.35 53.34 87.20 81.13
sheep 0.527818 34.54 112.25 60.80 166.58
bird 0.527695 75.00 59.56 126.42 118.58
aeroplane 0.527669 201.58 4.38 224.00 106.83
bird 0.527657 73.65 209.81 118.71 224.00
dog 0.527597 183.55 137.11 224.00 199.83
bird 0.527476 62.54 69.42 108.18 137.09
sheep 0.527468 84.68 91.22 189.70 206.25
bird 0.527465 0.00 0.00 45.19 60.19
sheep 0.527391 135.09 35.44 224.00 183.02
bird 0.527345 92.95 52.53 126.31 90.02
bird 0.527313 53.31 130.27 112.15 201.40
aeroplane 0.527179 184.45 135.07 224.00 192.60
sheep 0.527135 202.85 204.37 224.00 224.00
bird 0.527102 60.39 52.38 80.80 81.20
sheep 0.527088 32.31 164.52 79.86 209.29
sheep 0.526884 130.26 94.94 170.06 144.17
sheep 0.526866 45.73 88.72 83.16 155.44
aeroplane 0.526849 196.72 81.49 224.00 141.08
sheep 0.526723 1.94 128.02 26.03 170.20
bird 0.526706 97.16 210.38 139.25 224.00
sheep 0.526625 38.11 189.45 89.50 220.50
sheep 0.526595 3.39 139.35 27.52 178.35
dog 0.526437 142.63 210.87 196.28 224.00
sheep 0.526300 55.26 146.98 108.53 204.59
aeroplane 0.526239 149.64 0.00 214.60 37.95
sheep 0.526227 36.15 176.94 89.18 216.25
bird 0.526188 80.15 113.60 146.60 194.14
bird 0.526124 58.02 57.61 80.67 106.68
dog 0.525997 0.00 134.79 16.98 179.35
dog 0.525929 101.84 151.48 202.83 224.00
aeroplane 0.525912 207.58 0.00 224.00 18.92
sheep 0.525851 3.01 212.04 40.64 224.00
dog 0.525843 0.00 44.35 26.22 107.69
dog 0.525785 0.00 80.19 20.21 126.73
dog 0.525663 0.00 97.48 18.71 137.66
sheep 0.525650 17.14 119.75 48.79 165.21
bird 0.525638 62.42 57.38 88.47 107.94
sheep 0.525619 115.15 159.43 211.87 224.00
dog 0.525574 0.00 0.00 34.12 30.02
bird 0.525544 47.10 207.36 103.73 224.00
bird 0.525528 89.48 146.46 128.90 195.27
bird 0.525403 59.49 42.71 160.03 162.46
bird 0.525281 11.70 12.51 144.28 191.13
dog 0.525226 0.62 117.18 25.15 160.21
bird 0.525206 73.66 141.89 180.28 224.00
bird 0.525062 0.00 82.28 109.13 224.00
bird 0.524898 143.19 31.95 224.00 168.86
sheep 0.524773 0.00 100.91 27.04 209.45
bird 0.524732 79.79 148.58 117.19 198.97
sheep 0.524618 37.38 94.10 64.32 144.96
dog 0.524586 0.00 114.24 16.00 162.06
sheep 0.524518 37.21 130.32 69.85 190.61
sheep 0.524393 162.67 191.57 211.64 213.85
sheep 0.524369 170.61 209.34 218.20 224.00
bird 0.524290 10.29 212.16 52.78 224.00
aeroplane 0.524099 166.69 88.82 220.17 138.27
sheep 0.524045 106.72 166.11 165.51 212.09
bird 0.523982 99.24 53.03 157.05 98.62
aeroplane 0.523956 202.13 61.14 224.00 113.47
bird 0.523938 68.58 58.37 103.91 110.99
aeroplane 0.523861 128.56 0.00 198.39 36.50
sheep 0.523849 34.74 145.32 81.41 200.84
sheep 0.523839 21.76 166.20 56.53 202.39
sheep 0.523652 30.98 133.59 59.60 190.81
sheep 0.523626 4.94 149.42 28.89 186.37
sheep 0.523587 0.00 154.91 30.06 224.00
aeroplane 0.523578 77.60 0.00 158.07 31.98
sheep 0.523573 195.59 0.00 224.00 67.56
sheep 0.523572 27.34 159.03 64.99 203.86
aeroplane 0.523554 188.20 154.71 224.00 211.53
sheep 0.523536 109.57 109.90 206.16 207.79
sheep 0.523492 162.01 176.20 215.06 208.99
dog 0.523447 0.00 168.00 15.74 204.94
dog 0.523406 0.00 60.24 21.98 118.88
sheep 0.523242 143.61 166.10 224.00 224.00
bird 0.523239 44.32 48.91 72.23 81.78
bird 0.523227 42.36 145.15 153.39 224.00
bird 0.523175 15.84 40.90 83.94 157.85
sheep 0.523156 105.79 100.39 158.90 177.10
dog 0.523097 0.00 154.44 18.00 192.43
aeroplane 0.523048 104.89 0.00 183.15 36.18
bird 0.522982 83.24 0.00 224.00 189.04
dog 0.522871 4.47 103.91 27.44 133.66
sheep 0.522833 0.21 58.24 30.62 114.27
sheep 0.522819 174.24 136.34 224.00 199.69
sheep 0.522715 50.86 68.94 75.00 124.18
aeroplane 0.522681 216.87 14.98 224.00 54.99
sheep 0.522654 20.11 137.68 51.46 188.40
sheep 0.522619 33.95 88.03 61.35 133.20
sheep 0.522548 122.51 97.17 167.50 162.97
sheep 0.522430 161.46 205.90 210.47 224.00
dog 0.522430 16.63 167.59 42.74 197.55
sheep 0.522364 0.00 0.00 37.69 36.41
sheep 0.522361 113.93 187.16 167.90 224.00
sheep 0.522335 18.14 176.28 94.32 224.00
sheep 0.522244 5.62 121.54 28.63 157.03
dog 0.522222 0.41 105.26 25.14 145.57
bird 0.522212 47.78 56.78 71.74 106.47
aeroplane 0.522183 49.98 0.00 130.68 32.24
sheep 0.522013 139.66 95.14 180.74 149.26
sheep 0.521949 153.40 122.06 224.00 209.78
aeroplane 0.521903 214.80 20.14 224.00 64.62
sheep 0.521790 134.62 148.16 189.97 194.29
sheep 0.521789 156.83 151.60 206.70 191.44
bird 0.521731 106.40 66.16 159.47 118.38
sheep 0.521526 9.83 161.26 33.84 192.38
aeroplane 0.521517 32.78 0.00 107.43 33.65
dog 0.521478 5.74 159.12 29.86 192.82
aeroplane 0.521413 163.30 43.37 205.77 83.96
sheep 0.521388 28.67 168.66 114.08 224.00
bird 0.521365 2.60 20.87 52.14 59.43
dog 0.521357 11.32 168.29 33.09 196.39
aeroplane 0.521135 179.97 15.88 205.65 28.75
sheep 0.521124 16.43 161.18 42.60 194.60
bird 0.521100 16.12 42.26 64.38 77.47
dog 0.521090 15.54 98.99 49.13 134.46
bird 0.521037 76.74 102.01 181.54 213.15
sheep 0.521009 22.58 152.39 54.56 196.78
aeroplane 0.520911 147.04 20.89 182.97 38.29
sheep 0.520898 174.36 103.11 217.09 154.70
bird 0.520896 1.81 18.14 66.92 128.51
aeroplane 0.520859 190.64 101.29 224.00 164.80
bird 0.520824 0.00 0.00 54.87 100.92
aeroplane 0.520800 208.07 48.11 224.00 94.05
bird 0.520779 36.34 42.78 106.34 150.05
aeroplane 0.520748 166.69 56.43 210.34 95.87
aeroplane 0.520730 141.44 0.00 171.56 16.65
sheep 0.520708 0.00 42.93 42.12 101.02
sheep 0.520705 115.13 203.24 170.41 224.00
aeroplane 0.520677 140.00 19.47 170.22 36.48
dog 0.520643 6.50 171.81 27.90 201.01
sheep 0.520624 167.14 90.88 218.91 147.09
bird 0.520547 0.00 0.00 69.39 48.69
sheep 0.520529 39.31 79.25 69.37 130.33
aeroplane 0.520476 93.55 0.00 123.55 17.58
aeroplane 0.520448 100.88 0.00 130.88 16.88
sheep 0.520442 125.41 81.07 170.07 128.99
bird 0.520419 171.79 67.43 212.26 107.50
aeroplane 0.520335 54.09 0.00 85.08 16.79
sheep 0.520322 12.83 93.45 48.17 125.72
aeroplane 0.520320 45.86 0.00 77.52 17.25
sheep 0.520297 15.58 103.94 49.48 146.37
aeroplane 0.520100 212.57 27.60 224.00 74.13
bird 0.519931 111.02 29.63 206.68 162.31
aeroplane 0.519731 34.04 0.00 69.11 18.87
aeroplane 0.519725 188.23 0.00 217.94 16.53
aeroplane 0.519722 141.95 12.68 167.02 27.92
sheep 0.519688 142.70 80.89 224.00 202.47
bird 0.519657 48.26 23.84 119.98 130.58
aeroplane 0.519527 210.12 37.31 224.00 84.31
bird 0.519488 12.52 0.00 86.32 39.82
sheep 0.519441 12.13 141.79 40.14 181.57
aeroplane 0.519407 105.43 51.24 158.19 94.65
sheep 0.519394 99.53 22.04 113.56 36.99
aeroplane 0.519336 185.99 116.81 224.00 179.82
bird 0.519300 2.30 7.58 51.27 46.17
aeroplane 0.519244 148.77 0.00 179.37 15.85
bird 0.519173 28.58 22.53 92.71 128.97
sheep 0.519141 10.56 131.50 37.61 169.71
aeroplane 0.519083 172.68 21.48 205.45 39.80
dog 0.519080 0.00 183.21 15.39 223.43
aeroplane 0.519071 215.88 4.58 224.00 30.22
aeroplane 0.519050 109.45 0.00 139.29 16.43
sheep 0.519038 26.28 76.33 59.38 123.03
sheep 0.518941 1.23 5.31 49.36 45.85
sheep 0.518935 36.21 86.01 123.51 198.78
aeroplane 0.518928 6.37 0.00 52.78 24.12
sheep 0.518907 9.80 122.86 36.19 160.00
sheep 0.518876 0.18 0.00 48.74 25.77
aeroplane 0.518826 196.96 180.51 224.00 218.70
sheep 0.518736 165.43 165.77 214.08 201.20
sheep 0.518734 106.40 21.89 121.37 35.91
aeroplane 0.518718 148.14 14.42 176.83 29.29
bird 0.518658 119.65 62.71 167.85 106.41
aeroplane 0.518655 118.32 0.00 148.87 16.78
aeroplane 0.518628 126.32 0.00 157.09 17.09
sheep 0.518596 136.89 108.62 181.97 174.67
aeroplane 0.518559 70.94 0.00 169.71 91.71
aeroplane 0.518443 196.94 0.00 224.00 17.24
sheep 0.518317 13.04 115.97 78.96 211.02
aeroplane 0.518289 138.36 47.16 194.66 85.12
sheep 0.518284 6.96 79.14 47.07 119.89
sheep 0.518265 173.48 120.84 216.58 174.43
sheep 0.518235 116.29 122.43 167.31 187.16
aeroplane 0.518233 69.14 0.00 100.55 16.81
aeroplane 0.518229 122.69 47.74 180.21 85.92
sheep 0.518199 173.06 139.56 216.93 184.32
sheep 0.518170 96.92 27.07 114.73 48.06
sheep 0.518149 135.69 127.01 184.55 185.24
aeroplane 0.518137 155.82 22.36 197.57 38.67
sheep 0.518023 78.60 28.93 99.48 51.98
bird 0.517944 36.66 40.47 74.83 77.94
sheep 0.517893 6.05 176.50 27.62 206.45
aeroplane 0.517886 173.64 0.00 205.97 17.03
dog 0.517815 7.00 102.12 33.63 129.08
sheep 0.517799 99.55 12.18 113.93 27.77
aeroplane 0.517790 78.62 0.00 108.60 16.92
sheep 0.517644 90.66 22.38 105.34 37.42
sheep 0.517642 47.82 184.30 106.59 224.00
sheep 0.517586 32.57 66.18 64.53 118.55
sheep 0.517562 71.19 29.24 93.22 53.65
aeroplane 0.517557 186.87 14.38 209.85 28.16
sheep 0.517522 94.65 145.64 150.02 200.06
aeroplane 0.517479 136.96 11.78 161.31 26.51
sheep 0.517470 176.05 88.40 217.50 125.98
sheep 0.517435 86.82 28.22 106.41 49.80
bird 0.517380 8.26 27.16 64.58 74.27
sheep 0.517367 25.64 172.28 63.64 208.96
sheep 0.517345 12.18 177.36 31.33 205.20
bird 0.517342 56.74 45.59 83.39 77.02
bird 0.517210 129.34 17.36 209.63 135.93
aeroplane 0.517202 157.09 0.00 188.62 15.20
aeroplane 0.517194 169.97 12.02 224.00 122.93
sheep 0.517164 81.41 22.83 97.73 37.93
sheep 0.517110 8.25 151.18 72.83 224.00
sheep 0.517087 14.70 60.43 57.68 114.35
sheep 0.517087 72.19 22.93 90.23 39.77
bird 0.517026 135.83 54.28 186.61 93.35
bird 0.516981 172.81 79.15 214.40 120.20
aeroplane 0.516886 200.41 195.02 224.00 224.00
bird 0.516868 65.29 46.86 90.02 76.54
aeroplane 0.516770 166.09 0.00 198.04 16.24
sheep 0.516762 104.13 26.54 122.36 47.53
sheep 0.516729 63.09 11.11 82.56 29.67
sheep 0.516729 105.57 12.69 121.21 27.73
sheep 0.516669 94.45 185.75 138.43 224.00
bird 0.516619 32.82 29.67 73.44 72.57
aeroplane 0.516616 168.41 67.80 216.19 110.92
sheep 0.516599 56.05 8.43 76.05 29.16
bird 0.516568 120.62 51.79 176.32 89.42
sheep 0.516535 63.17 22.07 83.87 40.97
sheep 0.516458 148.89 94.71 201.73 135.99
aeroplane 0.516427 130.73 18.98 158.07 34.88
bird 0.516400 24.27 53.54 62.57 105.78
sheep 0.516377 148.69 130.56 201.69 181.89
aeroplane 0.516326 145.92 37.24 203.43 81.78
sheep 0.516320 4.22 185.39 27.93 220.59
sheep 0.516295 61.49 162.51 113.74 214.85
bird 0.516226 76.59 46.24 104.76 77.07
aeroplane 0.516215 111.48 42.41 158.14 83.19
aeroplane 0.516113 162.68 26.04 204.71 66.30
sheep 0.516110 18.63 174.90 46.28 206.26
aeroplane 0.516049 168.75 22.11 205.85 52.10
sheep 0.515946 91.75 160.02 142.85 209.07
bird 0.515942 82.60 45.94 113.15 77.26
sheep 0.515926 72.26 12.02 89.79 29.11
sheep 0.515922 29.62 185.28 79.71 223.86
bird 0.515884 91.51 45.88 121.74 79.29
sheep 0.515832 0.00 204.48 31.34 224.00
bird 0.515807 62.11 28.45 86.96 54.63
sheep 0.515761 78.02 185.04 122.44 224.00
dog 0.515673 9.20 112.24 35.90 147.33
bird 0.515669 53.14 34.63 81.89 70.21
sheep 0.515655 92.22 12.12 106.16 27.23
bird 0.515590 54.75 19.53 77.22 41.48
sheep 0.515486 85.51 149.26 128.49 201.99
bird 0.515478 105.81 204.27 153.43 224.00
bird 0.515421 83.08 0.00 186.22 91.44
sheep 0.515420 137.43 83.57 184.24 128.39
sheep 0.515411 172.73 0.00 224.00 75.09
bird 0.515368 52.33 25.36 79.47 55.79
sheep 0.515358 24.62 205.29 78.78 224.00
aeroplane 0.515327 157.26 16.47 190.84 29.18
aeroplane 0.515209 148.80 51.94 203.03 91.52
sheep 0.515203 54.19 0.00 80.01 18.70
sheep 0.515189 77.32 160.83 124.85 211.56
aeroplane 0.515180 119.12 29.83 159.29 63.45
sheep 0.515172 83.05 12.18 98.14 27.53
bird 0.515166 19.96 46.94 61.54 90.33
aeroplane 0.515103 126.57 21.75 159.38 45.20
aeroplane 0.515067 145.50 0.00 211.56 79.61
bird 0.515060 134.60 62.10 182.30 104.70
aeroplane 0.515041 167.82 16.85 200.32 29.39
sheep 0.515023 0.17 82.66 33.13 121.87
sheep 0.515016 174.72 167.52 222.61 211.35
bird 0.514975 81.58 204.23 124.08 224.00
sheep 0.514829 147.18 111.87 200.19 171.69
sheep 0.514757 10.90 186.97 33.26 221.04
aeroplane 0.514665 166.68 76.91 217.57 124.39
sheep 0.514565 70.74 153.06 116.05 206.61
aeroplane 0.514562 142.91 21.31 188.04 48.41
aeroplane 0.514454 182.97 20.03 211.30 38.88
sheep 0.514452 93.18 36.45 116.96 66.92
sheep 0.514390 115.61 22.18 140.53 34.47
sheep 0.514335 121.00 191.48 177.91 217.42
bird 0.514321 71.48 38.16 95.14 69.06
bird 0.514315 66.39 203.07 115.65 224.00
bird 0.514265 63.43 37.57 89.10 69.15
aeroplane 0.514164 151.75 21.49 200.77 50.34
bird 0.514114 34.84 21.89 71.97 59.63
sheep 0.514034 95.95 0.00 118.30 18.96
sheep 0.514025 146.48 99.35 199.41 155.28
sheep 0.514012 76.80 38.15 101.24 69.01
aeroplane 0.514003 162.06 34.96 213.42 74.34
aeroplane 0.513981 134.62 20.80 174.26 44.89
aeroplane 0.513973 135.61 0.00 161.67 18.38
sheep 0.513864 60.81 0.00 87.01 19.39
aeroplane 0.513836 136.83 25.74 191.80 67.52
sheep 0.513804 83.32 37.54 108.20 68.08
aeroplane 0.513769 112.82 25.50 143.63 47.14
sheep 0.513753 144.17 204.71 198.56 224.00
bird 0.513577 11.07 0.00 87.87 91.11
sheep 0.513544 17.74 186.48 48.51 222.86
aeroplane 0.513541 126.79 25.58 177.71 62.78
sheep 0.513533 99.28 36.12 124.72 67.24
sheep 0.513491 115.26 176.85 172.83 208.34
sheep 0.513393 102.09 0.00 124.74 18.86
bird 0.513321 33.05 0.00 112.13 86.51
sheep 0.513286 44.99 0.00 73.61 19.48
sheep 0.513192 145.83 192.29 196.54 213.45
aeroplane 0.513133 44.66 5.29 69.68 29.87
sheep 0.513026 134.53 72.48 181.63 117.16
aeroplane 0.512938 175.71 183.68 221.08 214.55
aeroplane 0.512818 172.96 57.19 222.55 102.98
bird 0.512749 40.82 16.62 70.49 44.03
sheep 0.512624 115.30 13.83 136.18 27.13
bird 0.512407 50.86 0.00 140.23 87.72
sheep 0.512367 69.46 0.00 95.18 19.33
bird 0.512364 98.90 45.92 146.05 84.91
sheep 0.511995 150.81 85.15 202.52 125.76
aeroplane 0.511974 105.39 34.63 144.63 67.12
sheep 0.511739 35.68 124.28 124.52 224.00
aeroplane 0.511728 198.95 9.24 217.81 27.20
aeroplane 0.511722 180.05 22.22 222.20 62.86
aeroplane 0.511688 0.00 5.37 54.23 39.84
sheep 0.511668 89.51 0.00 111.18 18.08
sheep 0.511609 143.98 179.45 196.55 205.28
aeroplane 0.511519 194.94 15.13 218.99 38.94
bird 0.511491 149.67 60.51 201.20 101.75
sheep 0.511446 80.63 0.00 103.56 18.17
sheep 0.511391 12.35 207.92 52.06 224.00
sheep 0.511188 27.95 0.00 65.83 22.55
aeroplane 0.511070 187.32 17.80 221.04 51.91
sheep 0.510847 139.68 163.18 195.81 201.11
sheep 0.510840 176.90 199.86 220.92 224.00
sheep 0.510744 111.38 0.00 135.81 18.59
aeroplane 0.510704 175.57 30.70 221.89 74.40
aeroplane 0.510239 126.13 13.62 152.88 27.52
bird 0.510116 14.28 15.70 62.25 48.95
aeroplane 0.510114 21.44 5.29 61.64 33.05
sheep 0.509628 150.88 72.95 201.22 114.30
sheep 0.509471 122.30 0.00 149.82 19.40
