sofa 0.611749 1.60 55.48 220.60 224.00
bus 0.579259 9.14 46.36 210.54 211.05
person 0.574527 26.02 65.32 203.12 221.09
bus 0.569104 129.26 62.30 222.43 223.84
car 0.567931 0.00 55.56 224.00 215.53
sofa 0.563888 39.95 73.79 203.88 207.03
bus 0.563257 212.17 109.77 221.74 193.87
bus 0.562058 216.28 131.88 221.77 213.97
bus 0.559772 76.70 72.60 218.49 224.00
tvmonitor 0.559314 218.30 137.95 221.30 215.59
dog 0.559034 27.34 70.97 191.64 206.77
bus 0.557273 168.48 76.05 221.58 210.96
person 0.553658 0.00 133.39 11.93 183.47
bird 0.551787 111.37 14.42 151.39 41.28
sofa 0.551159 115.14 131.24 188.91 214.41
person 0.549462 0.00 61.68 22.29 188.18
bus 0.548339 145.70 110.82 211.83 196.59
sheep 0.546377 83.64 79.46 135.54 156.77
person 0.545571 3.12 62.66 36.01 194.70
bus 0.544323 200.96 107.83 219.53 198.72
sofa 0.543823 136.57 110.10 205.98 193.33
bus 0.543807 216.19 97.76 222.82 173.93
dog 0.543536 91.26 137.23 128.99 215.99
person 0.543369 39.24 66.20 148.87 207.40
person 0.542738 3.51 137.10 18.85 181.85
sofa 0.542478 126.37 107.64 186.78 190.50
person 0.541145 25.83 67.92 77.06 200.73
bottle 0.541117 31.77 61.64 174.65 208.77
car 0.541116 220.00 39.88 224.00 96.33
person 0.540704 71.12 87.45 224.00 208.56
car 0.540576 220.00 12.47 223.43 45.28
dog 0.540571 84.14 80.56 140.52 159.79
dog 0.540494 97.50 143.66 149.19 221.99
person 0.540379 59.08 120.58 86.02 188.74
train 0.539893 0.00 39.97 33.26 171.75
dog 0.539862 87.71 108.55 133.22 170.16
diningtable 0.538949 128.45 106.86 178.53 181.20
car 0.538792 166.37 49.19 224.00 193.55
sofa 0.538496 211.25 128.94 222.49 215.70
sheep 0.538394 79.22 113.24 124.23 171.33
bus 0.538266 218.66 88.98 224.00 166.43
bus 0.538143 207.36 119.76 221.53 212.25
sheep 0.537644 55.53 137.35 87.47 195.02
tvmonitor 0.537625 219.48 150.53 221.96 215.77
aeroplane 0.537403 93.61 105.54 139.45 171.23
person 0.537113 12.66 138.63 26.66 180.79
dog 0.536785 106.93 137.58 165.00 217.68
aeroplane 0.536671 128.67 112.58 190.16 185.75
car 0.536400 219.33 9.21 222.62 38.40
aeroplane 0.536158 115.14 138.98 192.02 215.79
dog 0.536091 96.69 90.94 145.75 169.50
person 0.535999 22.08 139.41 34.55 180.13
car 0.535996 0.00 21.64 35.89 151.97
car 0.535913 186.17 0.00 224.00 63.69
person 0.535579 30.61 65.42 103.68 207.32
sheep 0.535541 83.26 141.70 119.04 210.23
dog 0.535070 77.64 95.91 127.68 164.35
car 0.535021 188.99 33.99 213.67 93.35
car 0.534819 0.00 47.66 24.65 109.42
person 0.534680 0.00 206.17 18.57 224.00
bus 0.534553 172.70 109.48 215.17 200.26
dog 0.534273 0.00 210.37 26.70 224.00
car 0.533630 0.00 0.00 58.06 54.04
sofa 0.533516 109.31 87.59 210.05 200.55
tvmonitor 0.533509 177.61 101.48 221.90 209.47
aeroplane 0.533099 105.66 151.31 168.72 222.41
sheep 0.532930 91.59 157.03 136.63 223.81
person 0.532589 0.00 163.98 34.67 224.00
bus 0.532578 220.00 80.02 224.00 155.27
sheep 0.532315 91.13 114.69 127.03 184.98
bus 0.532177 206.34 97.20 220.59 178.24
diningtable 0.532004 114.24 102.67 158.70 176.10
person 0.531979 0.00 108.80 28.10 215.44
sofa 0.531868 56.10 114.19 187.71 218.60
chair 0.531379 89.48 204.07 151.14 224.00
sofa 0.531217 185.54 134.74 214.74 214.03
tvmonitor 0.531170 146.58 96.40 214.63 201.97
bottle 0.531106 101.83 12.48 152.24 44.80
person 0.531043 28.61 138.15 40.71 179.26
aeroplane 0.530873 95.11 167.25 152.12 224.00
dog 0.530861 61.23 87.19 80.89 152.90
dog 0.530848 60.55 113.21 86.73 175.24
dog 0.530787 96.94 125.75 141.39 205.76
car 0.530550 0.00 49.21 13.76 107.53
person 0.530252 51.57 131.73 82.18 187.86
dog 0.530076 4.31 212.83 34.89 224.00
car 0.530058 220.00 31.57 222.95 85.07
sheep 0.529899 61.21 163.01 93.13 202.37
car 0.529893 188.20 17.77 224.00 151.29
bus 0.529818 183.22 87.14 218.20 170.86
tvmonitor 0.529785 188.44 207.26 216.01 224.00
bird 0.529502 101.19 13.79 123.52 32.03
car 0.529424 0.00 0.00 46.84 100.82
sheep 0.529335 62.85 88.42 84.57 149.48
dog 0.529276 9.94 89.81 30.44 139.43
car 0.529240 0.00 0.00 18.31 21.60
person 0.529098 45.17 136.01 64.62 184.01
car 0.529094 0.00 87.84 23.18 141.07
person 0.528976 1.27 87.76 47.80 203.29
person 0.528889 35.40 136.60 50.14 180.77
person 0.528864 38.64 110.94 187.81 217.71
tvmonitor 0.528862 174.86 209.18 209.89 224.00
sofa 0.528755 152.34 127.84 210.96 215.75
sheep 0.528725 63.60 119.90 89.86 176.89
car 0.528622 172.32 90.71 215.08 168.59
dog 0.528445 64.87 80.22 85.42 131.30
aeroplane 0.528373 0.00 46.13 31.45 110.06
car 0.528289 220.00 71.47 224.00 141.17
tvmonitor 0.528081 212.56 198.03 224.00 224.00
diningtable 0.528015 95.98 205.83 156.17 224.00
car 0.528005 154.26 115.72 202.60 181.73
dog 0.527999 33.77 119.48 176.58 221.86
dog 0.527932 95.98 113.43 137.42 186.57
sheep 0.527889 60.76 101.99 85.80 165.69
aeroplane 0.527887 105.30 108.15 146.34 179.63
sheep 0.527807 70.29 119.17 108.62 173.36
tvmonitor 0.527769 219.05 163.06 223.58 217.64
sheep 0.527703 75.10 79.58 117.92 139.94
train 0.527688 182.58 76.07 218.81 160.35
car 0.527664 15.86 53.56 63.07 184.37
person 0.527626 0.00 147.35 11.12 199.13
car 0.527460 65.79 0.00 224.00 190.46
person 0.527409 79.15 201.79 139.79 224.00
dog 0.527315 0.00 162.18 57.64 224.00
dog 0.527304 62.57 209.92 112.45 224.00
car 0.527250 212.34 0.00 224.00 28.93
bottle 0.527226 110.25 39.54 140.00 65.82
sheep 0.527202 79.78 162.30 124.14 217.66
car 0.527139 197.10 35.41 218.62 94.80
car 0.527041 216.66 0.00 222.80 34.59
bus 0.526969 159.71 114.97 208.70 183.58
boat 0.526952 70.06 18.69 84.10 37.92
sheep 0.526883 90.52 178.37 151.15 224.00
dog 0.526878 11.56 214.25 45.84 224.00
car 0.526658 0.00 90.40 10.47 145.83
dog 0.526633 60.55 75.23 81.95 125.19
bottle 0.526614 111.63 29.17 145.20 56.34
bird 0.526483 94.49 12.95 115.10 33.59
sheep 0.526437 88.11 70.86 122.03 133.58
dog 0.526436 54.47 85.81 73.59 156.69
car 0.526300 0.00 63.19 23.65 125.40
tvmonitor 0.526297 202.00 201.97 223.57 224.00
boat 0.526292 51.84 0.00 108.36 115.60
dog 0.526022 107.60 115.65 150.63 191.24
person 0.525979 0.00 109.20 12.16 170.48
person 0.525874 50.69 118.04 73.91 181.55
dog 0.525863 32.58 213.52 71.29 224.00
boat 0.525800 60.72 0.00 90.75 20.34
boat 0.525777 74.64 14.46 93.91 33.24
sofa 0.525734 118.39 117.30 162.57 194.77
tvmonitor 0.525720 185.93 140.52 214.77 214.58
boat 0.525559 67.41 14.31 84.64 33.87
person 0.525294 44.29 51.87 185.55 183.05
car 0.525245 8.04 81.17 30.19 134.51
tvmonitor 0.525206 173.97 139.13 224.00 224.00
boat 0.525137 77.56 19.56 93.64 37.12
bottle 0.524997 99.50 42.11 122.60 68.56
car 0.524931 0.00 63.76 12.65 122.53
dog 0.524858 58.48 160.03 91.34 200.34
car 0.524849 185.83 27.00 208.54 83.27
boat 0.524831 68.45 0.00 98.42 19.94
tvmonitor 0.524809 158.55 208.55 203.27 224.00
dog 0.524714 108.98 96.60 159.25 163.99
person 0.524698 41.80 128.71 59.84 181.70
car 0.524586 103.73 0.00 174.46 29.00
sheep 0.524572 0.00 185.85 11.85 221.22
dog 0.524567 48.38 212.29 95.44 224.00
car 0.524518 164.79 25.72 218.22 141.19
car 0.524509 153.03 0.00 212.70 46.27
car 0.524441 169.48 81.10 207.01 154.47
car 0.524430 0.00 0.00 70.16 77.46
person 0.524392 19.71 130.25 37.30 180.51
car 0.524361 101.09 8.43 156.67 48.30
person 0.524231 0.00 97.45 10.49 155.40
dog 0.524219 51.71 109.33 73.50 177.23
aeroplane 0.524146 140.00 149.80 200.39 213.01
bus 0.524065 0.00 0.00 145.44 192.77
car 0.524037 178.04 70.83 214.59 143.44
dog 0.523998 32.48 144.15 141.93 224.00
dog 0.523937 44.83 86.38 64.96 158.65
dog 0.523876 0.00 174.38 11.57 214.40
car 0.523808 167.08 8.20 214.75 109.65
tvmonitor 0.523772 212.00 146.95 221.63 215.23
boat 0.523762 37.18 0.00 101.80 43.42
dog 0.523641 0.00 199.89 14.90 224.00
bottle 0.523623 96.81 0.00 123.44 24.22
boat 0.523618 88.89 0.00 115.81 23.54
car 0.523616 92.83 46.57 212.63 167.68
bottle 0.523515 63.44 0.00 120.60 118.46
dog 0.523484 63.43 175.01 98.67 208.26
boat 0.523373 78.56 0.00 108.04 20.92
bird 0.523346 112.29 0.00 152.07 28.20
dog 0.523268 15.53 90.17 35.22 138.94
car 0.523240 186.61 18.33 205.26 47.06
diningtable 0.523218 145.80 209.42 192.15 224.00
car 0.523174 183.11 45.66 211.86 112.66
person 0.523136 0.00 99.24 22.67 156.22
bottle 0.523127 99.92 34.55 126.28 59.55
sheep 0.523048 62.58 144.72 97.70 201.13
car 0.523029 12.54 0.00 89.22 43.73
dog 0.523020 34.04 89.67 56.44 155.48
car 0.523018 193.11 13.07 209.01 39.15
car 0.522992 0.00 0.00 25.98 16.79
bus 0.522949 204.75 75.17 222.15 161.04
aeroplane 0.522947 166.31 144.62 208.88 214.50
sheep 0.522908 0.00 190.06 18.86 216.69
sofa 0.522828 148.56 208.59 195.55 224.00
sheep 0.522801 62.74 176.45 100.67 209.69
car 0.522719 0.00 28.35 10.73 86.39
boat 0.522593 44.68 0.00 75.03 19.23
car 0.522583 173.68 0.00 224.00 93.11
bottle 0.522468 45.36 36.84 146.81 178.22
dog 0.522463 23.82 155.44 107.79 224.00
boat 0.522425 114.18 0.00 157.81 29.86
diningtable 0.522360 123.76 209.51 175.22 224.00
person 0.522352 30.94 124.42 51.57 181.53
sheep 0.522333 69.45 102.21 111.29 162.34
car 0.522327 0.00 0.00 9.84 35.69
bird 0.522295 102.15 19.31 127.14 40.98
sheep 0.522271 45.84 148.44 66.68 193.19
sheep 0.522084 68.46 81.29 90.35 130.98
bird 0.522065 109.85 0.22 159.34 39.98
aeroplane 0.522019 123.50 109.00 173.26 173.93
person 0.522011 0.00 112.93 22.79 173.23
boat 0.521997 38.40 0.00 103.77 81.56
boat 0.521944 57.43 0.00 119.36 40.95
dog 0.521886 53.66 72.68 74.03 124.90
boat 0.521783 34.47 0.00 66.86 18.05
car 0.521780 183.54 0.00 210.88 24.46
car 0.521746 122.51 0.00 197.60 39.88
bottle 0.521703 54.04 19.18 133.50 154.59
car 0.521660 182.01 54.76 217.08 128.32
sheep 0.521648 66.87 122.54 100.30 184.59
dog 0.521636 23.15 93.51 44.83 149.20
boat 0.521629 64.39 17.63 77.83 36.78
boat 0.521617 87.04 14.88 108.47 33.13
dog 0.521604 42.81 109.72 62.64 177.61
dog 0.521560 12.69 99.25 31.50 155.51
bottle 0.521535 62.68 30.99 178.24 152.80
bottle 0.521464 96.81 18.77 118.20 43.56
dog 0.521451 67.92 70.77 85.71 113.10
sheep 0.521428 0.00 204.60 22.29 224.00
car 0.521327 160.28 95.86 198.74 163.62
boat 0.521204 25.30 0.00 59.80 16.98
sheep 0.521163 37.23 147.85 51.17 192.49
car 0.521066 207.58 11.14 214.54 37.65
bird 0.521026 105.97 0.00 140.99 26.54
boat 0.520996 62.41 14.09 79.54 33.58
car 0.520983 23.79 1.50 49.69 31.96
person 0.520827 12.70 113.70 31.33 173.06
tvmonitor 0.520817 215.82 181.07 224.00 224.00
car 0.520730 16.43 0.00 41.43 30.25
car 0.520694 18.53 15.04 41.22 36.58
aeroplane 0.520664 69.27 37.60 83.58 74.09
bird 0.520607 92.50 2.21 115.77 28.33
aeroplane 0.520592 58.48 34.75 76.17 78.58
bottle 0.520583 85.27 3.49 175.79 106.71
car 0.520563 17.74 0.00 51.90 15.20
car 0.520561 155.35 0.00 212.30 78.80
car 0.520552 185.44 24.09 205.59 67.30
dog 0.520533 87.84 71.93 132.62 140.05
sheep 0.520482 37.91 157.18 52.71 200.05
sheep 0.520292 52.41 156.81 84.08 198.23
sheep 0.520279 73.03 182.96 128.79 224.00
car 0.520265 0.00 7.55 19.94 39.88
dog 0.520263 45.57 156.55 66.94 199.16
bottle 0.520239 75.09 0.00 140.48 36.77
car 0.520227 79.70 30.03 195.13 144.45
sheep 0.520216 0.00 177.32 18.30 209.77
car 0.520096 192.09 0.00 216.75 25.27
car 0.520051 0.00 29.80 23.08 91.36
car 0.520025 9.28 12.17 31.90 36.90
dog 0.519962 61.33 54.66 77.30 98.42
aeroplane 0.519952 69.20 49.02 83.26 81.28
person 0.519861 24.78 115.63 44.33 175.85
dog 0.519811 33.01 112.37 53.78 177.33
bird 0.519673 90.39 18.32 109.53 36.66
car 0.519619 11.01 0.00 43.95 13.79
dog 0.519602 19.83 99.93 37.51 157.34
car 0.519591 2.67 0.00 36.28 14.18
boat 0.519557 33.20 4.24 57.45 33.16
car 0.519451 21.16 0.00 93.30 112.79
car 0.519403 27.61 15.91 48.49 37.29
bottle 0.519397 96.27 39.88 116.61 69.81
sheep 0.519395 0.00 163.27 18.63 203.82
dog 0.519378 28.99 92.25 127.82 206.62
bottle 0.519324 107.76 43.31 137.30 72.96
car 0.519314 145.50 111.32 190.14 172.92
person 0.519303 0.00 147.27 18.06 194.28
aeroplane 0.519274 88.15 190.92 155.65 224.00
car 0.519274 0.00 32.89 64.41 163.38
sheep 0.519199 30.75 148.12 41.89 191.23
dog 0.519067 44.39 56.95 64.14 113.25
bottle 0.519023 96.76 25.53 121.09 52.80
car 0.519019 6.69 0.00 31.80 29.12
sheep 0.518977 9.36 192.47 26.24 214.56
aeroplane 0.518977 69.22 26.13 84.09 64.39
car 0.518953 152.03 11.30 178.45 43.45
aeroplane 0.518887 13.88 46.67 44.82 104.28
boat 0.518849 164.41 151.48 207.00 216.65
boat 0.518844 43.48 9.26 64.51 34.13
car 0.518838 185.50 36.35 204.13 92.74
aeroplane 0.518801 51.80 49.15 70.46 101.76
aeroplane 0.518801 59.95 25.02 77.31 68.30
car 0.518776 205.04 0.00 222.19 28.86
aeroplane 0.518773 43.20 47.27 63.76 103.05
car 0.518689 0.00 11.38 9.33 53.65
dog 0.518675 8.11 66.27 32.57 124.09
aeroplane 0.518661 46.57 18.05 62.15 37.56
dog 0.518661 44.71 78.75 64.02 135.11
car 0.518650 0.00 19.05 9.54 69.37
aeroplane 0.518612 91.47 71.66 141.11 140.74
dog 0.518598 37.03 168.89 54.35 206.30
boat 0.518591 8.59 0.00 91.80 79.36
car 0.518547 99.69 5.26 189.01 100.35
aeroplane 0.518533 150.09 100.00 188.04 161.76
dog 0.518525 69.30 59.86 83.31 93.78
bird 0.518300 101.51 25.33 128.89 49.08
dog 0.518298 64.71 187.28 107.53 224.00
boat 0.518279 56.30 18.14 71.41 36.13
pottedplant 0.518263 98.71 6.63 155.68 46.63
boat 0.518251 37.77 16.93 55.51 37.70
car 0.518243 178.29 63.86 203.98 125.14
aeroplane 0.518217 48.81 41.04 68.39 90.13
car 0.518189 0.00 14.48 20.62 49.66
person 0.518173 0.00 125.82 56.07 224.00
bird 0.518144 83.41 0.50 108.23 27.21
aeroplane 0.518138 31.09 46.70 56.42 102.86
boat 0.518105 54.26 13.33 73.72 33.48
dog 0.518081 122.28 94.84 164.79 152.51
sheep 0.518030 80.05 39.14 93.22 71.12
car 0.517925 8.13 16.86 32.12 45.91
car 0.517886 17.75 18.31 41.48 45.27
sheep 0.517868 93.95 64.01 116.18 115.78
boat 0.517828 186.89 162.37 213.08 216.56
car 0.517810 201.49 66.17 221.88 145.73
dog 0.517763 29.99 54.80 55.38 111.93
aeroplane 0.517747 134.60 102.73 179.18 161.71
car 0.517703 192.98 1.90 212.40 32.76
sheep 0.517686 31.29 158.95 43.43 198.78
aeroplane 0.517651 1.36 29.81 33.34 89.26
aeroplane 0.517632 39.58 34.77 61.96 85.82
sheep 0.517505 79.28 49.58 91.79 78.01
boat 0.517451 58.46 0.00 81.23 27.70
aeroplane 0.517264 145.41 169.74 194.18 215.04
bottle 0.517180 155.48 14.75 180.21 51.37
sheep 0.517117 69.92 19.90 83.92 51.20
bottle 0.517091 99.89 52.16 120.44 90.18
sheep 0.517048 10.97 177.77 25.88 206.31
bottle 0.517027 91.01 20.55 111.44 42.50
bottle 0.517020 95.95 60.75 128.42 118.76
dog 0.516844 31.17 82.28 54.65 133.93
dog 0.516799 51.94 167.33 82.37 203.93
sheep 0.516697 74.76 72.05 93.36 112.69
car 0.516687 0.00 20.94 21.35 69.57
person 0.516671 13.08 147.28 24.93 191.45
person 0.516664 24.20 147.08 33.42 190.94
sheep 0.516601 84.59 68.28 108.58 114.00
aeroplane 0.516593 12.46 30.06 40.90 84.96
car 0.516570 170.83 0.00 197.88 21.90
dog 0.516536 34.69 186.91 55.97 220.16
sheep 0.516522 12.09 162.68 25.67 199.78
sheep 0.516463 76.58 194.38 142.69 224.00
aeroplane 0.516451 55.93 17.77 69.77 42.35
aeroplane 0.516395 48.80 25.87 68.44 71.94
sheep 0.516391 96.37 45.19 113.40 76.89
tvmonitor 0.516341 207.22 183.23 220.65 224.00
dog 0.516313 18.05 85.68 41.55 132.90
car 0.516182 142.53 0.00 177.39 19.64
car 0.516155 205.94 16.24 215.36 50.31
bottle 0.516155 103.47 47.70 135.99 89.54
dog 0.516145 40.59 185.09 64.71 220.65
dog 0.516119 29.74 172.01 44.52 204.96
aeroplane 0.516053 155.48 88.75 186.87 147.74
car 0.516030 161.55 0.00 187.74 18.69
aeroplane 0.516029 131.08 95.71 171.44 150.48
sheep 0.516018 18.77 191.71 35.13 214.75
bottle 0.516015 116.03 42.60 150.41 91.77
sheep 0.516002 78.01 60.44 91.68 90.22
person 0.515981 36.50 34.03 117.19 169.17
aeroplane 0.515910 99.01 58.31 136.85 117.25
aeroplane 0.515877 5.00 21.61 32.17 65.61
aeroplane 0.515874 27.59 18.68 48.78 45.30
aeroplane 0.515789 15.64 22.78 41.61 63.10
dog 0.515785 6.81 207.49 30.03 224.00
sheep 0.515667 79.63 28.66 94.36 62.34
bottle 0.515650 96.68 0.00 175.77 57.76
dog 0.515649 29.67 70.20 54.38 122.90
dog 0.515638 27.45 189.64 46.34 217.47
car 0.515611 203.42 31.50 216.06 85.60
sheep 0.515577 23.65 160.13 33.85 198.59
car 0.515534 207.50 2.49 216.72 34.98
aeroplane 0.515508 22.03 30.81 48.98 80.70
aeroplane 0.515394 63.47 18.37 78.19 51.84
aeroplane 0.515390 38.03 19.27 54.93 44.73
dog 0.515349 99.21 69.41 147.72 139.60
aeroplane 0.515324 18.12 38.58 47.96 93.10
dog 0.515318 68.77 197.03 131.29 224.00
bird 0.515308 110.25 21.20 147.12 45.30
car 0.515255 120.69 0.00 167.84 25.02
aeroplane 0.515230 168.75 76.69 195.83 136.70
bottle 0.515177 114.15 10.02 161.21 51.97
car 0.515174 147.08 6.52 175.17 35.52
aeroplane 0.515140 141.40 93.42 178.58 148.49
aeroplane 0.515107 118.32 51.46 152.59 113.82
aeroplane 0.515038 43.53 23.06 60.74 56.92
sheep 0.515038 92.00 37.98 112.38 68.46
sheep 0.514981 21.32 174.70 33.89 204.57
sheep 0.514957 78.14 23.25 93.61 51.04
tvmonitor 0.514933 188.71 186.50 213.25 224.00
bottle 0.514930 111.90 41.09 148.26 74.72
sheep 0.514847 96.65 53.84 113.56 90.29
car 0.514771 172.00 16.56 188.29 42.58
dog 0.514730 13.85 70.14 40.46 123.50
sheep 0.514721 90.25 45.69 106.96 75.84
aeroplane 0.514703 53.34 20.24 69.33 54.73
car 0.514703 105.40 0.00 187.15 56.76
aeroplane 0.514551 25.65 23.44 49.63 60.99
aeroplane 0.514542 33.77 30.29 56.59 76.73
dog 0.514315 169.38 42.10 183.86 85.00
car 0.514274 180.00 18.71 196.64 43.23
bottle 0.514200 92.00 31.05 116.16 61.35
dog 0.514172 57.89 183.12 98.36 221.70
aeroplane 0.514138 129.78 51.42 158.85 112.07
dog 0.514133 163.02 41.11 175.93 84.98
car 0.514096 30.48 17.58 103.29 137.33
dog 0.514037 113.62 68.34 155.02 136.66
dog 0.514006 48.06 183.18 80.15 220.78
car 0.513986 182.27 0.00 205.76 33.80
sheep 0.513920 88.51 56.35 105.00 89.05
bottle 0.513877 170.06 36.15 186.02 77.88
aeroplane 0.513741 36.46 23.64 55.76 58.56
bottle 0.513698 73.21 0.00 139.33 71.84
aeroplane 0.513677 173.56 67.59 195.53 122.37
bottle 0.513676 163.66 35.23 178.21 77.40
aeroplane 0.513574 169.20 49.41 183.46 94.64
car 0.513466 171.31 12.02 186.73 34.64
aeroplane 0.513395 125.50 42.03 155.56 91.95
tvmonitor 0.513391 172.67 189.47 206.89 224.00
dog 0.513385 127.64 68.66 161.42 132.77
bottle 0.513363 113.92 34.01 153.00 67.73
bottle 0.513306 159.51 20.19 181.14 59.60
bottle 0.513086 179.10 33.73 195.82 81.50
diningtable 0.513039 96.98 189.91 161.39 224.00
dog 0.512977 160.80 57.87 176.76 108.50
aeroplane 0.512957 159.90 80.53 185.22 134.96
dog 0.512844 14.05 209.70 40.52 224.00
bottle 0.512790 138.18 38.39 164.44 81.26
dog 0.512777 145.13 53.96 168.32 110.96
dog 0.512737 33.35 208.23 66.38 224.00
aeroplane 0.512627 146.12 191.54 192.53 224.00
dog 0.512602 21.20 209.94 51.09 224.00
aeroplane 0.512572 177.28 54.71 196.98 107.86
dog 0.512559 134.50 85.86 171.39 141.32
dog 0.512545 143.02 43.86 166.21 93.81
car 0.512525 179.01 38.79 196.37 87.08
bottle 0.512377 163.26 27.78 180.85 69.43
aeroplane 0.512192 165.40 71.09 184.44 121.58
car 0.512101 204.71 23.97 214.99 68.73
bottle 0.512078 107.96 21.46 152.89 58.22
tvmonitor 0.511993 155.83 190.31 200.44 224.00
bottle 0.511982 171.16 30.47 189.12 69.68
dog 0.511968 50.46 203.92 98.07 224.00
aeroplane 0.511935 147.48 84.04 178.12 137.47
dog 0.511874 40.02 206.13 79.61 224.00
dog 0.511581 141.19 70.39 169.68 129.36
dog 0.511365 155.04 71.92 177.07 124.84
car 0.510743 180.00 24.45 196.34 59.99
bottle 0.510324 125.19 21.91 162.80 64.31
diningtable 0.510269 134.88 189.54 185.73 224.00
diningtable 0.509951 115.82 189.18 175.87 224.00
