person 0.681685 6.18 2.54 173.66 222.00
person 0.678002 83.96 15.26 224.00 224.00
person 0.603318 3.18 22.81 116.26 224.00
person 0.583351 120.96 54.13 224.00 224.00
sofa 0.552589 33.39 0.00 116.59 40.12
aeroplane 0.552512 37.55 5.55 116.71 69.03
sofa 0.551661 12.67 0.00 169.11 60.05
person 0.550808 0.00 97.07 7.09 165.51
person 0.549165 12.93 0.00 168.65 138.38
bottle 0.545519 107.77 73.46 136.59 99.55
bottle 0.544804 35.48 79.16 56.58 175.64
diningtable 0.544720 165.42 150.70 217.63 202.86
person 0.543575 64.41 9.08 208.29 174.67
dog 0.542909 59.53 133.14 115.74 212.87
person 0.542806 0.00 45.12 7.38 120.91
dog 0.542439 35.66 79.57 56.71 171.28
person 0.542134 0.56 96.73 13.84 168.50
dog 0.541829 95.20 135.42 144.43 212.25
motorbike 0.541636 166.49 152.59 219.03 200.10
dog 0.541176 62.94 83.93 89.37 170.44
person 0.540275 74.79 82.22 220.14 215.71
bottle 0.539738 42.65 78.57 62.22 178.08
dog 0.539672 58.32 84.22 81.18 177.44
dog 0.539348 52.55 142.61 102.89 216.26
sheep 0.539323 53.02 133.04 105.41 212.89
bird 0.539277 62.17 65.34 106.83 110.16
bottle 0.539042 0.22 96.04 15.12 168.79
person 0.538812 20.88 3.10 180.38 86.51
sofa 0.538549 19.23 0.00 95.31 44.11
person 0.538511 30.72 0.00 158.21 63.91
person 0.538499 0.00 81.72 142.40 214.05
dog 0.538459 49.47 79.82 71.03 171.44
dog 0.538200 42.41 78.43 60.96 172.48
dog 0.538167 23.62 1.73 81.58 41.36
bottle 0.538161 22.55 86.40 47.89 172.41
bottle 0.538156 49.61 80.90 71.44 177.79
dog 0.538144 22.78 86.79 47.99 169.10
person 0.538033 214.45 145.46 224.00 200.33
dog 0.537705 65.57 78.29 99.20 155.85
bottle 0.537425 65.28 67.56 113.25 108.39
aeroplane 0.537069 48.05 24.01 106.76 86.84
person 0.536794 19.07 11.98 131.93 164.34
bottle 0.536778 54.30 205.98 114.67 224.00
bottle 0.536668 0.00 124.18 128.31 224.00
person 0.536073 0.00 27.67 7.54 99.16
bottle 0.535761 0.00 202.11 20.14 224.00
person 0.535707 88.14 13.43 204.83 123.13
bottle 0.535634 44.09 207.63 88.79 224.00
car 0.535556 163.71 155.14 217.75 196.93
person 0.535419 0.00 37.29 15.11 117.25
dog 0.535377 65.62 96.44 97.60 183.24
person 0.535250 21.37 18.01 71.11 86.25
bottle 0.535222 0.00 205.53 31.36 224.00
bottle 0.535144 58.47 87.73 80.37 184.13
person 0.534994 0.00 74.22 6.75 150.02
bottle 0.534665 105.65 190.11 166.27 220.02
dog 0.534627 73.02 134.80 128.52 209.95
bottle 0.534598 1.04 184.60 21.35 218.39
sheep 0.534424 56.70 110.94 97.77 202.83
aeroplane 0.534372 48.56 0.00 118.38 26.30
dog 0.534169 33.70 49.94 57.47 112.78
bottle 0.534158 50.63 145.89 89.04 214.65
bottle 0.533951 24.72 208.87 69.07 224.00
bottle 0.533007 59.05 59.49 105.51 112.81
bottle 0.532984 0.00 102.84 8.48 170.85
aeroplane 0.532866 53.59 41.84 103.37 104.37
person 0.532653 113.27 192.36 175.66 220.69
bottle 0.532430 0.00 181.58 10.79 222.67
person 0.532348 209.72 204.69 224.00 224.00
bottle 0.532134 8.32 95.05 25.82 168.95
aeroplane 0.532080 30.56 0.00 110.75 47.38
bottle 0.532043 100.14 15.93 209.23 126.13
aeroplane 0.532038 124.15 192.99 178.65 220.49
person 0.531927 0.00 21.29 77.81 155.34
dog 0.531813 71.23 91.67 102.75 163.34
person 0.531809 209.91 149.42 224.00 206.47
person 0.531777 0.00 0.00 45.97 45.52
aeroplane 0.531654 98.01 23.57 138.14 76.22
car 0.531648 183.50 0.00 224.00 50.07
aeroplane 0.531584 76.52 11.20 200.01 90.58
dog 0.531540 57.80 157.94 111.73 224.00
person 0.531410 137.71 15.66 224.00 172.18
bottle 0.531376 9.76 209.44 51.69 224.00
dog 0.531235 26.00 48.76 50.99 114.49
bottle 0.531205 55.46 108.42 86.84 200.99
person 0.531183 216.20 133.03 224.00 188.01
dog 0.531072 35.23 62.20 55.38 135.69
person 0.530968 166.20 151.06 218.89 203.37
dog 0.530893 69.84 109.62 107.56 191.81
sheep 0.530811 103.12 122.83 137.32 183.70
person 0.530768 83.83 130.09 203.82 224.00
bottle 0.530694 0.00 157.80 20.58 200.79
bottle 0.530684 111.99 77.50 138.14 107.13
motorbike 0.530524 82.57 132.16 217.16 224.00
bottle 0.530451 107.85 181.82 157.38 216.30
dog 0.530433 104.24 167.30 151.27 217.69
person 0.530271 19.70 0.00 103.46 47.44
bottle 0.530183 46.14 190.92 84.14 224.00
aeroplane 0.530156 133.97 37.61 179.94 68.62
sheep 0.530146 64.14 156.24 117.41 222.44
bottle 0.529931 11.94 93.30 34.26 168.60
bottle 0.529893 127.81 204.34 183.88 224.00
bottle 0.529814 0.00 152.69 9.05 203.62
bottle 0.529786 140.50 209.30 187.32 224.00
bottle 0.529546 46.03 166.26 77.00 218.16
person 0.529468 217.58 114.44 224.00 169.44
person 0.529427 0.00 73.64 13.73 155.22
dog 0.529250 25.04 61.78 48.90 138.10
pottedplant 0.529230 74.82 71.15 125.32 103.36
dog 0.529193 161.93 131.24 201.17 180.92
bottle 0.529168 211.18 0.00 224.00 22.32
person 0.529155 8.36 94.73 24.61 168.89
person 0.528973 0.00 22.13 22.41 81.89
dog 0.528967 17.31 11.80 79.81 80.61
person 0.528916 6.44 42.10 27.60 122.57
person 0.528881 27.06 31.82 59.32 99.22
dog 0.528877 62.98 65.10 95.78 141.40
bottle 0.528861 38.67 52.39 62.87 110.26
bottle 0.528619 217.58 108.94 224.00 158.21
person 0.528613 20.72 0.00 81.20 66.79
person 0.528363 159.84 146.44 224.00 224.00
bottle 0.528346 30.12 192.04 61.46 224.00
bottle 0.528288 158.75 212.09 204.35 224.00
person 0.528247 0.00 15.71 7.55 71.89
bottle 0.528237 113.82 196.53 179.81 224.00
dog 0.528154 168.10 211.98 214.78 224.00
bottle 0.528040 41.40 159.10 69.74 213.80
bottle 0.528031 8.18 184.88 29.00 216.70
aeroplane 0.527947 100.59 36.83 135.20 82.90
person 0.527875 14.32 45.65 42.31 118.54
person 0.527837 0.00 146.22 91.31 224.00
bottle 0.527784 39.30 181.26 71.73 223.76
aeroplane 0.527709 126.70 26.74 182.98 62.22
bottle 0.527668 48.92 55.92 92.88 109.14
bottle 0.527664 34.02 153.21 58.75 208.28
bird 0.527618 40.25 57.46 61.05 117.14
diningtable 0.527611 173.92 212.14 218.91 224.00
boat 0.527494 139.72 47.68 173.88 72.98
dog 0.527209 217.66 104.26 224.00 148.93
bottle 0.527193 114.47 93.93 138.59 123.72
sheep 0.527190 65.63 63.28 111.90 110.88
dog 0.527187 14.02 50.05 38.32 126.48
bottle 0.527167 21.79 193.27 53.82 224.00
bottle 0.526970 113.35 84.57 139.21 115.92
bottle 0.526964 164.18 114.12 183.31 143.05
dog 0.526830 10.38 87.46 34.78 164.76
person 0.526726 145.83 109.26 224.00 224.00
bottle 0.526706 8.23 192.56 30.54 224.00
bottle 0.526636 22.89 156.65 50.14 206.03
bottle 0.526579 0.00 138.30 20.44 190.36
person 0.526480 5.18 34.77 34.50 108.31
aeroplane 0.526295 220.00 21.43 224.00 62.17
diningtable 0.526133 185.45 145.08 222.16 202.68
dog 0.526079 2.90 0.00 72.72 44.16
aeroplane 0.526047 64.31 29.00 120.86 79.96
person 0.526033 25.13 0.00 116.97 72.65
dog 0.526013 66.09 66.32 112.98 108.20
person 0.525726 23.47 0.00 77.31 40.57
bottle 0.525634 0.00 136.05 9.03 192.57
bottle 0.525485 64.47 0.00 185.40 48.89
aeroplane 0.525476 151.92 13.60 224.00 146.24
bottle 0.525418 54.96 192.26 113.65 224.00
boat 0.525396 69.25 0.00 197.20 64.40
person 0.525353 0.00 7.12 61.13 118.73
dog 0.525139 99.67 121.47 134.04 184.92
person 0.524954 0.00 0.00 21.52 24.69
dog 0.524733 0.00 17.28 27.11 70.82
bottle 0.524709 0.08 114.01 19.51 177.47
boat 0.524639 83.22 0.00 189.95 44.95
dog 0.524626 40.58 63.29 59.45 132.98
bottle 0.524488 14.62 185.65 38.91 217.53
bottle 0.524402 14.55 193.69 42.06 224.00
dog 0.524344 113.90 189.37 170.78 219.30
dog 0.524328 217.14 93.36 224.00 132.60
bottle 0.524296 49.11 179.03 92.03 224.00
bottle 0.524210 23.48 145.96 146.14 224.00
person 0.524180 6.75 55.72 25.47 143.49
person 0.524046 3.84 24.13 50.78 90.74
bird 0.524023 51.99 57.20 88.19 113.14
tvmonitor 0.523934 220.00 15.87 224.00 58.33
bottle 0.523902 76.93 201.84 135.55 224.00
dog 0.523885 4.08 18.51 57.40 78.75
sheep 0.523883 96.78 130.22 141.19 198.96
motorbike 0.523783 138.72 140.97 224.00 224.00
dog 0.523690 162.00 146.47 211.24 194.12
sheep 0.523657 107.05 118.84 140.58 167.11
diningtable 0.523547 194.13 208.17 224.00 224.00
bottle 0.523433 158.59 115.22 177.55 140.66
bottle 0.523395 50.92 127.29 82.09 204.98
aeroplane 0.523395 64.25 0.00 126.21 22.15
sheep 0.523315 218.19 85.32 224.00 125.54
bottle 0.523291 15.90 204.87 59.74 224.00
bottle 0.523094 165.68 118.64 188.90 148.54
sheep 0.523082 111.09 106.99 138.35 151.46
bottle 0.523071 164.22 121.05 193.03 160.30
bottle 0.523052 6.11 158.00 26.68 197.07
person 0.522880 0.00 0.00 49.17 74.45
person 0.522872 191.83 143.27 222.82 197.42
bottle 0.522841 45.61 108.25 67.74 189.45
boat 0.522840 152.55 0.00 222.01 43.68
aeroplane 0.522805 104.51 16.24 213.90 130.41
dog 0.522801 149.88 159.26 196.11 201.08
dog 0.522646 164.05 120.33 187.47 159.64
boat 0.522570 106.22 62.76 135.04 92.83
sheep 0.522433 158.63 117.81 178.33 147.44
bottle 0.522429 7.62 169.47 26.43 205.13
dog 0.522410 114.07 153.96 157.65 211.70
diningtable 0.522382 213.13 176.61 224.00 224.00
sheep 0.522357 75.82 113.84 113.36 189.69
bottle 0.522274 34.50 134.47 58.79 195.97
bottle 0.522269 35.29 204.40 79.46 224.00
aeroplane 0.522249 97.17 12.51 140.57 64.08
aeroplane 0.522203 104.40 51.77 134.36 88.37
bottle 0.522160 96.53 198.20 153.32 224.00
person 0.522047 18.31 121.10 156.65 223.76
boat 0.522012 124.98 0.00 209.65 42.94
aeroplane 0.521948 219.26 35.25 224.00 73.88
dog 0.521744 0.00 8.85 8.03 60.52
bottle 0.521721 217.04 0.00 224.00 28.16
boat 0.521703 149.11 56.27 175.29 76.66
bottle 0.521661 114.70 100.45 138.44 134.63
bottle 0.521589 164.45 109.24 182.93 133.30
pottedplant 0.521576 98.57 74.29 141.05 98.13
bottle 0.521497 44.23 131.73 71.72 199.89
dog 0.521497 51.07 59.38 80.41 126.59
bottle 0.521432 192.16 0.00 217.45 17.31
bottle 0.521352 21.75 135.49 48.52 193.72
boat 0.521309 146.22 47.34 183.32 70.29
dog 0.521239 84.39 156.75 141.76 213.85
boat 0.521226 102.83 11.49 209.49 99.98
aeroplane 0.521173 220.00 56.74 224.00 98.61
person 0.521131 13.37 8.69 104.22 128.82
dog 0.521035 76.09 83.96 111.97 141.61
person 0.520990 212.44 193.48 224.00 224.00
bottle 0.520680 201.38 0.00 224.00 18.99
dog 0.520652 136.49 160.54 175.73 206.24
dog 0.520645 78.45 95.17 108.50 156.23
aeroplane 0.520597 220.00 45.97 224.00 85.82
sheep 0.520596 163.40 90.53 180.68 113.08
bottle 0.520516 20.25 177.98 49.34 216.12
aeroplane 0.520498 220.00 66.98 224.00 109.51
sheep 0.520482 77.46 100.28 108.99 167.39
aeroplane 0.520475 143.99 191.77 191.45 218.30
sheep 0.520472 61.73 57.82 96.23 119.78
sheep 0.520449 167.30 109.16 186.48 131.61
dog 0.520400 169.55 132.08 215.82 190.33
bottle 0.520395 29.72 175.50 57.83 217.47
bottle 0.520386 220.00 0.00 224.00 38.43
sheep 0.520312 163.75 81.39 179.68 103.15
aeroplane 0.520195 0.00 0.00 36.43 21.44
boat 0.520187 142.94 55.56 168.54 78.92
aeroplane 0.520169 124.54 0.00 170.55 16.94
bottle 0.520137 26.66 33.22 66.04 98.92
dog 0.520075 72.91 172.04 122.65 221.26
bottle 0.520047 5.49 137.58 26.20 187.73
bottle 0.520047 171.11 118.49 196.69 148.27
aeroplane 0.519908 164.53 164.00 219.34 207.68
sheep 0.519873 172.20 115.32 195.51 140.23
car 0.519872 175.42 0.00 224.00 86.72
aeroplane 0.519836 101.90 24.53 155.45 71.10
sheep 0.519798 220.00 76.54 224.00 118.97
aeroplane 0.519713 85.02 0.00 137.26 18.69
sheep 0.519682 163.92 101.33 181.71 123.72
aeroplane 0.519615 37.69 36.39 94.80 100.39
aeroplane 0.519601 120.72 7.12 173.35 33.47
sheep 0.519594 152.86 82.79 170.78 104.25
sheep 0.519580 182.82 115.67 208.98 147.46
bottle 0.519541 14.15 169.55 37.07 207.45
aeroplane 0.519505 132.68 184.71 183.56 215.70
bottle 0.519454 12.43 157.63 35.86 199.81
boat 0.519444 184.71 0.00 212.05 18.25
boat 0.519368 196.19 35.25 212.12 60.45
sheep 0.519343 153.83 91.15 172.27 112.78
sheep 0.519341 163.09 72.90 179.67 93.28
bottle 0.519241 157.63 110.17 176.56 130.93
aeroplane 0.519174 140.61 0.00 179.92 18.79
sheep 0.519171 151.74 74.17 170.83 95.17
dog 0.518984 158.19 120.96 181.55 155.85
aeroplane 0.518944 186.91 65.43 203.48 85.58
sheep 0.518882 185.48 112.90 208.27 138.72
sheep 0.518785 199.09 112.11 216.68 147.41
aeroplane 0.518782 187.70 73.50 204.23 95.24
dog 0.518750 197.56 116.68 218.22 162.41
chair 0.518679 190.24 127.86 219.93 185.56
aeroplane 0.518670 107.64 0.00 159.33 16.59
sheep 0.518587 84.24 119.02 129.79 187.48
aeroplane 0.518571 146.00 205.83 190.13 224.00
aeroplane 0.518505 166.92 185.97 216.39 218.68
person 0.518351 199.66 133.84 224.00 192.17
aeroplane 0.518343 180.60 73.72 194.84 93.64
boat 0.518328 176.07 0.00 204.88 17.70
sheep 0.518321 146.80 114.65 165.71 137.39
bottle 0.518293 177.38 120.10 211.27 163.83
bottle 0.518265 84.94 171.31 138.67 214.99
boat 0.518245 155.37 56.32 180.74 75.31
aeroplane 0.518239 150.42 38.84 191.95 63.89
aeroplane 0.518227 172.11 73.29 186.67 93.10
boat 0.518221 157.26 48.03 188.87 68.46
bottle 0.518163 124.25 83.56 151.90 111.18
sheep 0.518142 155.44 101.32 174.49 122.07
sheep 0.518115 113.15 148.53 157.18 202.18
sheep 0.518102 170.50 91.02 185.94 111.45
aeroplane 0.518072 78.18 7.68 132.46 61.37
sheep 0.518066 172.17 81.68 186.31 102.17
sheep 0.517968 0.00 11.36 33.87 58.38
sheep 0.517954 0.00 0.00 11.13 46.64
aeroplane 0.517902 107.57 15.81 162.85 58.29
bottle 0.517825 139.41 83.72 160.52 108.07
aeroplane 0.517824 132.10 168.83 175.40 215.26
sheep 0.517784 168.95 101.40 185.68 121.51
aeroplane 0.517759 178.99 66.04 194.75 84.38
aeroplane 0.517749 167.15 0.00 196.12 17.21
aeroplane 0.517727 120.08 14.92 177.65 46.03
aeroplane 0.517694 154.47 0.00 187.89 17.44
aeroplane 0.517691 156.17 189.22 204.25 217.17
dog 0.517677 0.00 0.00 17.07 33.81
boat 0.517577 54.89 51.18 110.12 104.20
aeroplane 0.517560 116.54 19.57 182.72 56.19
aeroplane 0.517501 73.36 44.06 122.28 89.34
aeroplane 0.517494 195.95 62.49 211.59 85.98
bird 0.517476 78.21 68.05 127.93 105.60
dog 0.517438 110.57 92.63 135.43 123.53
person 0.517381 207.55 121.33 224.00 180.57
boat 0.517333 206.58 30.31 220.15 62.04
boat 0.517292 182.93 38.12 205.01 61.05
boat 0.517273 107.63 0.00 208.21 72.15
boat 0.517253 164.70 56.84 186.96 74.64
boat 0.517200 183.44 31.50 205.83 56.18
dog 0.517103 17.71 0.00 67.73 31.74
bottle 0.517071 139.24 76.10 160.81 99.67
boat 0.517066 176.22 56.85 194.92 74.64
boat 0.516972 186.29 55.75 203.27 75.23
dog 0.516956 7.38 0.00 55.42 24.91
bottle 0.516940 145.97 108.38 163.59 127.85
aeroplane 0.516940 144.72 164.82 192.28 207.80
boat 0.516927 151.47 64.75 172.73 84.62
sheep 0.516927 145.71 119.64 166.93 145.60
bottle 0.516815 81.58 183.25 135.11 221.98
boat 0.516797 195.23 22.95 212.53 48.72
sheep 0.516760 140.37 90.48 160.96 114.77
dog 0.516741 157.19 129.57 188.56 168.53
bird 0.516675 100.62 71.02 140.64 99.56
aeroplane 0.516634 149.77 30.45 193.91 58.06
diningtable 0.516596 176.08 176.35 218.40 218.90
sheep 0.516595 180.83 81.95 194.49 101.61
boat 0.516587 169.87 65.53 186.55 83.39
bottle 0.516487 126.63 77.22 152.42 102.38
boat 0.516478 168.14 38.85 198.32 62.12
bottle 0.516355 142.76 99.71 162.02 121.02
aeroplane 0.516347 170.10 31.25 200.28 57.01
boat 0.516296 160.87 64.71 179.99 83.09
sheep 0.516270 73.23 71.96 117.33 122.10
boat 0.516260 171.64 47.12 196.14 66.72
bottle 0.516252 211.90 111.17 224.00 165.00
boat 0.516243 197.06 52.46 210.51 75.26
aeroplane 0.516191 196.25 71.70 213.96 97.61
boat 0.516189 118.60 14.44 218.94 141.17
sheep 0.516045 188.61 82.32 205.98 104.44
aeroplane 0.515967 155.95 206.35 202.28 224.00
bottle 0.515935 121.43 89.30 151.07 117.70
boat 0.515691 197.30 41.48 210.44 65.71
boat 0.515635 184.83 45.17 203.48 65.83
aeroplane 0.515628 170.13 203.22 215.62 224.00
bottle 0.515466 10.59 136.27 33.61 190.05
sheep 0.515410 173.63 109.55 194.36 130.35
bottle 0.515402 124.18 105.79 150.57 127.93
bottle 0.515262 121.53 97.53 150.68 122.60
dog 0.515242 154.69 143.59 195.41 182.70
boat 0.515203 141.64 65.43 163.83 88.77
aeroplane 0.515028 114.62 38.30 162.81 74.45
sheep 0.514979 178.82 91.48 193.74 110.75
diningtable 0.514972 181.98 157.51 224.00 212.77
sheep 0.514970 110.84 98.68 134.63 135.21
sheep 0.514905 188.27 91.91 207.00 113.34
aeroplane 0.514902 114.37 0.17 167.11 26.70
tvmonitor 0.514874 185.73 24.01 206.92 49.02
boat 0.514860 77.81 57.96 125.60 99.81
sheep 0.514851 144.39 124.78 168.17 153.66
bottle 0.514757 109.69 102.86 140.58 126.79
sheep 0.514747 186.39 108.44 208.23 130.37
dog 0.514730 91.19 86.65 132.06 129.61
sheep 0.514706 0.00 0.00 39.06 42.56
aeroplane 0.514660 144.08 178.44 197.83 211.94
aeroplane 0.514583 114.10 8.83 166.08 41.97
sheep 0.514554 200.51 106.13 217.92 130.45
bottle 0.514456 92.03 73.37 137.64 103.73
tvmonitor 0.514339 206.85 18.59 219.64 52.05
bottle 0.514330 124.02 112.61 150.43 137.39
tvmonitor 0.514330 197.81 14.57 212.05 41.38
sheep 0.514228 198.35 92.36 218.41 117.02
sheep 0.514186 89.74 103.88 126.43 159.40
bottle 0.514146 198.84 0.38 211.58 27.04
sheep 0.514117 114.47 141.17 155.12 186.58
aeroplane 0.513933 103.69 0.00 152.82 24.03
dog 0.513931 10.81 7.36 65.09 50.61
sheep 0.513894 199.50 100.74 218.57 123.64
diningtable 0.513773 189.40 174.45 224.00 220.94
aeroplane 0.513700 174.25 23.97 201.61 49.45
aeroplane 0.513582 197.45 82.31 216.84 108.94
boat 0.513566 208.69 37.67 219.91 68.39
sheep 0.513561 92.63 96.34 128.32 143.96
aeroplane 0.513498 105.80 6.16 152.69 42.46
sheep 0.513491 122.44 118.71 150.89 147.43
sheep 0.513457 187.07 101.58 207.50 121.94
sheep 0.513369 142.79 132.51 170.00 164.78
aeroplane 0.513366 155.42 24.38 194.41 50.01
dog 0.513330 139.73 144.63 172.59 180.96
sheep 0.513326 118.80 132.14 153.36 168.54
sheep 0.513121 175.77 101.81 193.59 120.40
tvmonitor 0.513080 190.45 15.32 206.78 40.45
bottle 0.513073 208.93 10.63 218.67 44.56
sheep 0.513048 120.71 124.92 152.04 156.77
diningtable 0.513023 178.42 199.31 220.56 224.00
bottle 0.512990 110.03 109.03 140.04 136.82
boat 0.512916 210.59 48.48 220.87 79.49
aeroplane 0.512896 210.54 58.57 223.65 91.85
boat 0.512894 132.65 56.66 162.43 81.22
bottle 0.512873 205.94 0.00 220.42 22.11
sheep 0.512549 212.00 102.54 224.00 143.14
aeroplane 0.512286 94.65 2.66 137.19 39.93
dog 0.512057 89.03 76.95 135.02 115.70
bottle 0.511971 209.85 0.00 218.57 31.08
aeroplane 0.511946 114.42 52.44 153.07 81.13
bottle 0.511888 192.72 0.32 206.73 26.26
boat 0.511886 129.84 67.54 155.62 92.20
sheep 0.511633 212.00 88.15 224.00 123.79
diningtable 0.511616 192.07 196.33 224.00 224.00
aeroplane 0.511562 211.33 69.14 224.00 104.43
bottle 0.511317 188.50 0.00 209.34 17.66
aeroplane 0.511281 75.72 0.00 124.36 36.36
tvmonitor 0.511218 181.02 16.26 201.33 39.31
boat 0.510504 113.44 62.73 144.44 88.57
aeroplane 0.510428 164.62 17.29 192.68 38.79
tvmonitor 0.509784 184.67 1.65 201.54 25.62
aeroplane 0.509713 133.21 15.49 184.73 40.78
aeroplane 0.509513 170.94 2.56 191.32 25.15
aeroplane 0.509356 141.46 3.42 181.10 26.66
