car 0.608990 11.04 95.31 67.41 132.35
car 0.586267 73.47 94.41 111.07 123.57
car 0.576411 0.00 91.86 16.38 145.10
car 0.575935 18.43 0.00 174.56 177.24
car 0.570304 2.83 91.67 25.62 137.74
car 0.561720 15.00 0.00 131.53 147.08
car 0.556054 55.78 93.15 116.89 124.71
car 0.553849 18.29 63.41 97.11 144.14
car 0.552498 28.28 93.90 100.53 129.43
bicycle 0.548197 127.69 46.17 172.36 85.92
car 0.544434 23.07 40.55 111.89 137.91
car 0.543652 11.80 1.52 67.14 149.18
car 0.542642 0.00 5.52 40.02 143.88
car 0.541850 22.08 84.30 88.57 150.17
car 0.540252 13.68 0.00 117.10 96.48
car 0.538946 97.55 96.76 207.56 210.80
car 0.538823 0.00 106.72 14.44 169.21
car 0.538601 3.80 86.73 39.85 134.61
car 0.538334 11.19 93.41 43.94 138.54
car 0.538310 17.44 96.38 77.35 167.16
car 0.537519 0.00 202.10 17.42 224.00
car 0.535604 125.37 104.17 160.13 128.14
car 0.535326 111.05 12.72 169.04 91.55
car 0.535055 0.00 205.70 27.47 224.00
car 0.534936 0.00 60.40 48.09 141.89
car 0.534569 0.00 32.45 23.36 88.86
car 0.534296 0.00 118.84 11.78 177.41
car 0.534233 122.53 97.87 161.64 124.23
car 0.534110 0.00 52.26 28.18 107.40
car 0.533868 0.00 47.08 12.31 106.09
car 0.533554 0.00 25.29 7.10 80.54
cow 0.533126 160.96 212.42 195.27 224.00
bird 0.533064 153.40 212.88 187.23 224.00
car 0.532862 191.89 0.00 224.00 45.89
car 0.532858 10.43 79.23 57.08 135.41
car 0.532651 8.95 105.80 69.15 159.59
aeroplane 0.532022 90.78 101.92 218.11 218.93
car 0.531873 134.22 105.47 176.08 128.55
car 0.531785 0.00 100.46 21.07 165.09
car 0.531771 0.00 34.11 9.23 94.63
person 0.531747 209.69 204.91 224.00 224.00
car 0.531719 0.00 181.24 44.90 224.00
car 0.531710 131.81 97.57 175.80 124.21
car 0.531434 41.84 196.32 140.36 224.00
cow 0.531371 168.60 211.93 204.18 224.00
car 0.531316 0.00 97.59 50.40 173.52
car 0.531258 0.00 60.34 17.05 119.09
car 0.530972 0.00 0.00 50.92 65.53
car 0.530609 0.00 87.07 91.04 224.00
car 0.530425 14.35 68.86 52.88 126.20
bird 0.530315 139.06 213.42 173.03 224.00
car 0.530185 0.00 210.87 39.36 224.00
car 0.529895 59.20 61.56 108.97 111.08
car 0.529885 108.03 98.90 145.72 123.68
dog 0.529876 57.79 211.37 93.59 224.00
car 0.529537 0.94 44.31 35.63 98.37
car 0.529521 205.59 6.43 224.00 112.77
car 0.529482 60.97 187.13 173.63 224.00
aeroplane 0.529461 52.22 25.58 86.00 66.45
car 0.529412 49.04 9.22 154.10 101.71
motorbike 0.529122 117.16 53.94 151.52 82.67
cow 0.529075 185.17 210.67 221.20 224.00
car 0.529056 0.00 7.08 115.73 191.06
car 0.529027 8.79 56.95 44.13 108.52
car 0.528955 0.00 0.00 23.09 18.36
car 0.528846 10.08 194.06 78.86 224.00
car 0.528796 112.05 0.00 170.02 61.47
dog 0.528716 73.13 211.78 108.50 224.00
dog 0.528701 42.44 211.42 75.86 224.00
car 0.528648 1.68 66.86 34.85 122.60
car 0.528565 88.86 98.71 128.18 122.16
car 0.528470 50.53 0.00 224.00 171.85
car 0.528418 0.03 75.70 23.53 128.41
car 0.528307 162.28 176.84 224.00 224.00
car 0.528277 102.58 79.63 188.67 187.51
car 0.528251 0.00 27.74 33.58 78.62
car 0.528165 43.28 64.25 98.34 115.00
dog 0.528083 82.68 212.02 117.09 224.00
cow 0.527942 104.17 213.57 142.27 224.00
person 0.527914 35.05 211.61 67.78 224.00
bicycle 0.527903 130.02 37.41 164.35 96.46
diningtable 0.527843 35.97 0.00 224.00 183.93
car 0.527801 38.88 22.41 67.81 72.12
cow 0.527800 130.53 213.90 166.26 224.00
aeroplane 0.527640 75.58 185.08 189.40 224.00
person 0.527529 26.96 212.59 60.38 224.00
person 0.527522 113.75 51.07 147.59 84.45
car 0.527517 21.60 196.25 105.68 224.00
car 0.527484 0.00 191.35 11.98 224.00
car 0.527228 136.31 52.39 181.15 85.70
dog 0.527097 60.48 28.12 92.11 65.48
car 0.527073 44.57 31.73 80.04 76.42
car 0.527057 8.64 212.57 47.11 224.00
aeroplane 0.526956 186.24 92.89 224.00 196.09
cow 0.526892 118.92 214.10 156.63 224.00
car 0.526847 10.97 112.76 56.01 166.19
car 0.526820 147.01 104.91 187.86 128.27
dog 0.526528 91.08 212.93 127.75 224.00
car 0.526468 59.51 49.47 101.99 96.58
dog 0.526384 216.65 58.43 224.00 89.45
car 0.526364 0.00 162.39 7.62 215.26
dog 0.526363 98.20 213.76 137.55 224.00
car 0.526241 209.24 0.00 224.00 21.31
car 0.526120 3.30 0.00 82.12 69.08
car 0.526112 44.20 88.46 142.92 224.00
person 0.526111 104.80 56.77 138.75 82.34
dog 0.526019 70.29 50.09 110.21 95.66
car 0.525956 4.60 98.36 39.46 159.75
car 0.525915 63.76 0.00 100.12 14.42
diningtable 0.525857 195.08 80.46 224.00 183.59
bicycle 0.525786 133.88 28.48 160.24 86.33
dog 0.525762 57.81 0.00 94.26 14.76
car 0.525558 48.06 41.31 87.66 83.53
car 0.525443 73.79 0.00 150.93 64.63
chair 0.525415 205.85 44.93 224.00 147.00
boat 0.525346 78.79 80.71 224.00 224.00
car 0.525303 46.12 52.16 93.12 98.24
aeroplane 0.525294 107.29 189.56 212.55 224.00
car 0.525261 26.66 21.77 54.01 75.60
car 0.525174 136.25 21.76 159.00 71.36
dog 0.525172 60.09 40.27 95.59 82.50
car 0.525091 120.75 83.30 164.26 114.76
car 0.525016 143.86 96.59 187.34 122.78
diningtable 0.524806 201.35 65.14 224.00 168.33
car 0.524682 198.02 0.00 224.00 71.94
sheep 0.524631 218.90 13.13 224.00 46.05
aeroplane 0.524600 165.81 119.33 224.00 224.00
car 0.524594 218.21 131.66 224.00 165.43
car 0.524507 218.16 115.65 224.00 149.79
car 0.524424 0.00 140.99 8.92 198.06
car 0.524410 78.12 60.66 117.40 104.30
car 0.524328 67.94 75.83 116.81 117.37
car 0.524179 217.67 108.49 224.00 141.80
car 0.524108 0.10 0.00 36.53 13.51
car 0.524030 147.33 111.38 188.76 132.92
dog 0.524000 70.09 35.52 99.65 73.60
car 0.523861 154.31 56.34 189.53 84.43
bicycle 0.523745 62.84 0.00 151.57 87.68
dog 0.523703 70.58 41.74 104.01 83.72
car 0.523607 29.47 109.61 93.61 185.94
aeroplane 0.523606 150.49 188.62 173.34 208.07
dog 0.523499 217.89 92.29 224.00 126.57
car 0.523464 141.21 21.71 163.37 66.10
sheep 0.523456 218.00 6.58 224.00 37.50
person 0.523428 96.08 49.17 123.90 82.06
aeroplane 0.523368 47.79 18.73 80.53 59.35
car 0.523344 5.80 23.43 45.15 76.97
car 0.523315 137.57 28.45 164.07 82.59
dog 0.523191 219.19 18.45 224.00 54.22
car 0.523181 10.33 0.00 44.94 12.55
car 0.523134 8.16 35.40 45.64 89.42
car 0.523075 129.22 81.53 175.85 113.89
dog 0.522977 53.13 18.67 85.78 58.53
dog 0.522855 218.45 44.15 224.00 80.00
car 0.522851 150.01 146.06 191.82 169.99
aeroplane 0.522837 218.84 185.11 224.00 223.21
car 0.522815 49.36 0.00 86.62 13.61
aeroplane 0.522785 38.38 17.32 66.50 61.30
car 0.522745 117.67 130.30 147.30 157.19
car 0.522659 147.89 136.50 194.85 159.89
car 0.522625 0.00 128.88 42.19 211.89
car 0.522499 188.57 12.31 205.00 29.78
car 0.522466 124.76 0.00 155.42 13.78
person 0.522442 87.96 51.72 117.42 90.62
aeroplane 0.522413 219.67 177.43 224.00 213.01
bicycle 0.522354 122.52 32.09 150.23 80.88
car 0.522345 218.87 148.37 224.00 179.44
car 0.522328 70.85 136.12 185.91 224.00
car 0.522234 133.35 15.86 153.31 53.90
car 0.522186 17.26 128.38 62.05 171.23
car 0.522164 139.23 16.34 159.01 55.01
dog 0.522112 193.59 62.52 210.83 85.92
car 0.522085 132.44 0.00 163.51 13.78
car 0.522045 159.67 0.00 224.00 40.97
aeroplane 0.522044 149.57 179.64 175.06 200.51
car 0.521993 102.18 49.44 183.40 156.75
person 0.521990 214.68 197.10 224.00 224.00
aeroplane 0.521972 146.83 162.66 179.57 186.00
aeroplane 0.521952 150.87 181.80 224.00 224.00
aeroplane 0.521889 194.37 186.22 212.09 206.37
dog 0.521873 115.58 146.54 143.39 182.51
car 0.521871 39.49 67.14 129.54 149.92
car 0.521859 38.87 43.31 79.76 87.06
dog 0.521848 218.20 81.93 224.00 115.95
car 0.521821 31.17 93.94 99.93 168.57
car 0.521799 10.44 152.92 41.23 195.46
car 0.521799 148.33 0.00 177.92 14.49
boat 0.521790 151.66 162.61 186.80 186.35
aeroplane 0.521778 155.56 179.76 182.89 200.29
car 0.521776 140.38 0.00 170.93 14.17
car 0.521773 183.37 0.00 209.84 19.13
car 0.521748 111.15 132.12 138.98 155.61
aeroplane 0.521747 153.72 170.96 184.73 193.58
car 0.521740 193.77 146.00 211.06 165.20
car 0.521678 192.56 138.28 211.93 158.59
dog 0.521661 83.09 43.69 112.06 84.42
dog 0.521631 83.89 37.04 108.50 74.09
aeroplane 0.521628 156.73 188.87 180.59 208.09
car 0.521587 77.64 117.23 96.39 144.20
dog 0.521352 194.93 11.70 210.36 29.99
car 0.521303 107.59 86.38 145.24 116.42
aeroplane 0.521302 185.48 188.46 203.03 206.56
car 0.521276 23.28 0.00 57.61 11.76
aeroplane 0.521243 117.00 136.45 144.44 167.82
car 0.521239 34.93 121.12 79.60 155.03
person 0.521235 103.16 44.99 130.99 79.29
bicycle 0.521226 121.30 41.37 156.03 89.94
car 0.521191 144.70 16.91 163.18 52.37
person 0.521171 74.92 72.59 114.92 112.94
car 0.521150 150.84 153.92 189.07 178.33
car 0.521129 123.78 23.81 147.28 66.02
car 0.521054 99.93 133.82 115.80 154.28
aeroplane 0.520995 11.01 0.00 43.24 27.11
car 0.520983 181.30 62.89 203.53 85.91
car 0.520965 133.82 38.16 170.68 89.30
aeroplane 0.520958 192.37 113.83 211.32 134.82
aeroplane 0.520946 145.41 189.06 166.42 207.72
dog 0.520914 219.80 34.19 224.00 72.18
person 0.520906 83.10 60.15 117.78 99.43
sheep 0.520900 219.48 25.04 224.00 63.12
aeroplane 0.520880 191.90 106.32 211.84 128.73
dog 0.520864 217.04 71.42 224.00 103.76
car 0.520851 171.33 57.23 196.96 82.58
car 0.520845 220.00 164.03 224.00 198.47
aeroplane 0.520844 146.17 154.17 182.82 177.97
car 0.520812 29.38 66.25 80.26 118.99
car 0.520812 19.81 56.93 53.41 107.89
dog 0.520800 93.41 38.13 114.54 74.89
car 0.520782 17.51 127.46 73.82 203.46
dog 0.520779 63.62 9.40 89.37 45.19
car 0.520735 123.22 0.00 189.80 56.30
car 0.520732 20.21 151.95 54.70 191.89
dog 0.520727 123.44 147.37 150.59 181.28
car 0.520633 146.89 22.77 169.02 59.62
aeroplane 0.520586 178.46 108.03 203.65 127.85
car 0.520571 147.99 116.82 191.48 139.45
dog 0.520552 192.54 56.68 210.34 80.48
car 0.520552 0.00 127.06 16.60 181.41
car 0.520525 181.25 138.37 204.88 158.72
car 0.520519 219.32 156.84 224.00 189.18
aeroplane 0.520447 194.86 178.91 211.78 198.38
dog 0.520441 64.50 0.00 92.53 29.69
car 0.520434 95.63 0.00 121.89 15.40
car 0.520417 105.35 133.83 127.55 154.08
car 0.520374 93.76 131.97 107.88 153.78
car 0.520365 23.05 123.13 72.82 164.71
aeroplane 0.520361 124.63 137.24 151.32 168.03
car 0.520350 85.37 0.00 114.70 15.26
car 0.520321 182.80 146.04 204.17 165.91
car 0.520317 150.21 17.69 168.87 47.93
person 0.520296 98.10 41.98 121.32 76.52
person 0.520277 112.22 34.61 138.77 73.89
car 0.520245 131.14 0.00 206.24 44.74
car 0.520243 116.94 0.00 146.95 13.68
car 0.520217 0.00 9.37 8.44 59.73
dog 0.520208 111.81 162.30 133.71 189.41
aeroplane 0.520199 185.16 180.94 202.57 198.65
car 0.520163 110.51 106.61 147.93 127.78
car 0.520149 78.50 130.68 92.70 152.82
dog 0.520142 82.50 31.32 105.00 63.10
aeroplane 0.520116 192.87 121.02 211.06 141.58
car 0.520110 84.36 117.47 103.38 144.03
car 0.520105 138.87 133.65 180.21 157.88
car 0.520073 0.00 180.24 16.54 222.15
dog 0.520064 116.04 160.30 141.81 190.97
car 0.520064 213.88 0.00 224.00 28.54
aeroplane 0.520057 176.31 114.89 202.80 133.21
diningtable 0.520042 102.53 81.76 213.94 187.86
car 0.520030 192.75 129.13 211.76 150.04
car 0.520010 34.32 54.98 80.00 101.56
car 0.519984 157.21 0.00 186.35 15.44
car 0.519965 51.77 90.43 129.84 159.39
car 0.519950 102.71 0.00 129.50 14.20
car 0.519860 55.49 97.96 136.99 182.60
car 0.519829 39.97 0.00 79.83 11.89
car 0.519786 132.93 6.30 152.22 36.51
car 0.519698 140.70 7.13 159.91 38.05
aeroplane 0.519606 164.21 188.84 187.93 207.24
car 0.519591 28.28 110.60 80.54 145.33
car 0.519587 64.40 115.28 91.08 144.08
aeroplane 0.519565 141.14 143.78 177.59 167.66
car 0.519541 66.39 127.65 87.36 152.41
car 0.519541 86.15 131.20 100.34 152.77
car 0.519534 168.14 0.00 196.16 17.53
car 0.519515 153.22 9.64 169.36 36.63
aeroplane 0.519494 173.68 188.79 195.16 206.40
car 0.519462 191.07 0.00 216.96 19.46
aeroplane 0.519437 143.56 171.33 168.84 193.19
aeroplane 0.519422 110.65 147.75 134.85 180.86
aeroplane 0.519394 166.27 107.56 197.25 127.57
person 0.519375 104.36 35.68 127.74 68.71
car 0.519338 0.00 162.65 13.01 212.87
aeroplane 0.519302 149.94 199.91 173.38 224.00
aeroplane 0.519277 180.45 98.90 203.45 121.00
aeroplane 0.519267 144.60 180.39 166.85 200.14
aeroplane 0.519219 133.35 150.47 162.49 178.57
car 0.519212 147.81 8.43 164.48 38.46
car 0.519195 31.25 0.00 66.93 11.08
car 0.519185 10.90 165.06 36.60 203.76
aeroplane 0.519165 49.35 11.57 80.04 47.12
car 0.519153 147.06 125.11 194.96 147.71
aeroplane 0.519142 162.28 180.02 189.45 199.45
car 0.519127 130.65 130.74 166.38 156.74
dog 0.519127 123.39 160.38 149.58 190.09
car 0.519103 190.02 16.28 204.97 34.76
dog 0.519103 196.18 16.24 210.53 34.91
aeroplane 0.519088 192.47 194.86 214.26 221.27
car 0.519056 109.29 0.00 137.95 13.55
car 0.519016 104.96 124.74 131.58 145.81
aeroplane 0.519013 191.76 97.15 211.40 121.18
aeroplane 0.518986 23.35 14.98 53.64 62.77
dog 0.518950 134.57 162.11 161.44 187.49
car 0.518931 1.63 18.33 39.90 65.31
car 0.518921 125.77 16.21 144.66 47.73
boat 0.518904 76.09 60.70 183.43 203.79
dog 0.518892 99.65 33.70 118.33 65.30
car 0.518872 30.33 45.26 65.29 91.93
car 0.518858 126.42 109.89 158.58 136.87
aeroplane 0.518849 62.53 170.37 86.26 190.09
dog 0.518817 93.57 31.23 111.45 63.10
car 0.518811 112.16 123.41 144.64 145.21
aeroplane 0.518786 132.79 140.01 163.78 167.06
car 0.518773 17.05 139.37 59.11 179.93
car 0.518744 96.51 122.01 115.77 145.41
car 0.518742 89.73 118.66 108.55 144.74
car 0.518737 167.40 145.43 199.76 167.74
car 0.518714 46.44 139.37 153.12 224.00
car 0.518682 177.05 120.80 202.71 139.61
boat 0.518678 159.94 171.17 190.72 192.74
dog 0.518668 67.37 21.42 93.61 54.91
car 0.518653 164.25 113.85 196.94 132.15
car 0.518639 81.21 100.81 108.68 133.56
car 0.518597 0.00 153.07 29.25 200.29
car 0.518587 140.77 82.78 186.17 113.00
car 0.518558 124.75 119.60 156.54 145.94
aeroplane 0.518555 49.19 166.27 75.99 189.19
car 0.518537 21.64 47.06 52.20 95.74
aeroplane 0.518501 57.97 0.00 87.18 29.60
car 0.518471 127.13 5.28 202.56 98.33
car 0.518460 2.12 10.35 36.54 48.44
car 0.518410 166.94 137.26 200.81 159.13
car 0.518358 178.87 128.79 203.95 148.77
aeroplane 0.518339 170.77 180.62 195.30 198.59
car 0.518338 113.94 25.90 136.29 58.01
dog 0.518325 101.81 24.60 116.35 49.03
aeroplane 0.518241 72.06 172.13 94.04 190.51
car 0.518219 118.30 0.00 179.25 83.56
aeroplane 0.518187 183.71 198.13 205.23 221.96
dog 0.518184 106.48 26.54 125.29 52.27
car 0.518167 110.61 137.35 135.43 165.52
car 0.518153 20.95 78.42 78.38 133.71
car 0.518071 88.44 89.77 128.26 116.92
car 0.518069 0.00 184.42 30.20 220.10
person 0.518018 90.10 60.95 126.09 91.46
car 0.518004 27.70 100.29 84.83 134.30
car 0.517956 189.21 20.21 205.31 41.59
car 0.517854 161.75 0.00 224.00 90.61
car 0.517841 195.72 152.43 210.52 171.17
motorbike 0.517840 102.00 59.22 140.58 83.13
aeroplane 0.517768 166.87 98.75 196.74 121.65
aeroplane 0.517740 70.60 159.91 94.07 183.61
aeroplane 0.517701 35.93 11.76 62.96 45.88
sheep 0.517690 67.73 0.00 94.37 27.85
dog 0.517619 107.25 164.71 124.28 187.47
aeroplane 0.517554 195.44 170.28 211.95 189.51
aeroplane 0.517542 156.40 200.14 180.61 223.61
boat 0.517499 184.29 171.68 202.18 189.68
car 0.517499 204.88 135.61 224.00 160.69
aeroplane 0.517488 34.88 160.77 66.59 190.18
car 0.517478 205.92 143.54 224.00 167.11
car 0.517439 184.77 11.32 200.98 29.14
car 0.517402 134.48 111.05 177.16 137.31
car 0.517387 2.00 125.90 38.12 174.24
aeroplane 0.517317 66.50 177.23 86.23 197.36
aeroplane 0.517284 144.61 200.12 167.29 224.00
dog 0.517232 114.17 172.30 133.59 194.34
sheep 0.517161 203.59 60.92 217.26 84.59
aeroplane 0.517107 101.01 164.76 116.47 186.67
car 0.517055 0.00 172.60 27.69 211.80
car 0.517051 181.67 49.76 202.54 77.68
car 0.517046 0.00 139.94 14.55 195.47
sheep 0.516922 103.70 15.15 113.79 34.77
car 0.516852 125.92 6.93 143.01 32.14
car 0.516846 0.00 0.00 14.71 39.42
dog 0.516838 116.62 17.50 132.89 40.93
aeroplane 0.516835 6.94 10.25 41.86 44.08
car 0.516812 112.85 111.65 147.89 135.28
aeroplane 0.516759 110.26 137.67 224.00 224.00
dog 0.516753 94.86 22.68 109.13 48.12
dog 0.516741 135.74 172.10 159.32 194.15
aeroplane 0.516739 27.11 148.47 68.69 181.06
sheep 0.516739 115.50 189.36 137.39 211.10
sheep 0.516714 58.64 0.00 95.43 16.88
aeroplane 0.516694 174.00 199.25 196.45 222.20
aeroplane 0.516677 193.57 86.77 210.67 111.07
car 0.516645 158.94 17.80 177.43 42.73
car 0.516639 93.30 102.86 130.90 126.38
car 0.516595 28.60 132.48 102.02 217.02
aeroplane 0.516577 164.45 200.10 188.56 223.17
car 0.516572 203.82 111.80 223.24 136.73
aeroplane 0.516549 81.21 160.78 101.89 184.46
car 0.516527 183.03 152.44 202.73 172.15
dog 0.516524 108.69 17.51 121.59 36.69
aeroplane 0.516522 93.70 162.34 110.17 186.21
aeroplane 0.516520 58.51 157.79 86.54 182.12
boat 0.516479 167.79 171.67 195.65 191.22
car 0.516474 143.48 40.28 177.06 83.47
car 0.516472 204.44 118.63 223.63 144.02
car 0.516451 25.91 135.00 71.01 171.52
aeroplane 0.516447 73.91 178.61 93.24 197.08
dog 0.516445 81.01 22.85 101.51 50.56
car 0.516350 135.96 120.52 179.82 145.82
car 0.516336 164.26 119.18 197.69 138.18
dog 0.516302 190.77 49.55 208.52 75.56
car 0.516297 0.00 165.57 58.05 224.00
aeroplane 0.516263 203.13 104.21 222.34 130.32
car 0.516226 31.20 181.11 136.36 224.00
car 0.516205 183.77 18.66 199.13 41.33
dog 0.516189 194.90 74.95 210.39 99.20
dog 0.516155 195.06 20.41 210.95 41.63
car 0.516141 118.51 66.35 158.47 99.29
car 0.516093 155.77 23.10 175.98 53.60
car 0.516085 41.08 128.89 78.97 161.24
aeroplane 0.516047 66.42 183.66 88.41 208.73
car 0.516044 204.58 126.54 224.00 152.59
aeroplane 0.516025 11.28 0.00 48.92 15.01
car 0.515989 18.40 163.78 43.53 201.39
car 0.515975 9.73 188.17 39.53 222.54
car 0.515974 161.56 10.52 179.26 32.70
car 0.515968 181.11 0.00 202.25 23.39
aeroplane 0.515952 182.86 88.16 203.16 111.76
diningtable 0.515920 109.84 60.01 206.86 161.13
dog 0.515886 103.32 173.89 116.19 191.04
car 0.515884 185.91 14.81 200.09 33.70
dog 0.515815 115.61 181.53 135.26 202.00
aeroplane 0.515812 41.87 153.80 76.36 180.68
boat 0.515800 105.96 149.18 124.47 177.99
car 0.515784 171.40 23.30 224.00 120.29
aeroplane 0.515755 56.73 173.75 76.01 196.43
aeroplane 0.515746 207.37 180.95 224.00 207.21
person 0.515738 81.28 70.26 121.32 103.76
aeroplane 0.515724 150.97 85.23 190.64 113.38
car 0.515723 148.61 62.86 188.08 88.94
car 0.515686 24.97 162.15 53.12 200.45
dog 0.515677 118.40 171.14 140.49 196.18
aeroplane 0.515675 136.48 190.64 158.55 207.85
car 0.515539 127.84 63.99 173.66 97.39
aeroplane 0.515507 196.30 160.71 211.70 179.69
aeroplane 0.515499 84.00 172.11 102.10 189.36
dog 0.515479 109.58 174.38 124.76 192.30
aeroplane 0.515434 142.84 100.10 224.00 210.19
boat 0.515432 99.84 148.81 116.02 176.45
dog 0.515422 117.15 8.07 131.34 26.22
diningtable 0.515371 159.19 80.68 224.00 184.45
aeroplane 0.515364 204.34 188.82 224.00 220.12
aeroplane 0.515360 19.25 0.00 51.18 25.38
boat 0.515355 92.72 145.93 109.25 175.30
sheep 0.515338 109.04 8.52 120.93 23.20
car 0.515326 12.82 170.23 75.75 224.00
aeroplane 0.515310 136.27 181.72 158.19 200.61
car 0.515295 62.91 99.64 99.41 132.93
car 0.515292 174.24 16.17 191.69 36.23
dog 0.515285 203.41 94.87 221.13 122.22
aeroplane 0.515243 186.22 207.07 217.68 224.00
car 0.515219 165.96 152.58 197.81 175.34
car 0.515212 101.16 109.88 132.65 135.31
car 0.515209 0.00 138.94 34.14 187.78
dog 0.515176 124.64 171.51 148.33 196.39
sheep 0.515142 102.93 6.90 114.34 22.65
car 0.515104 164.71 127.14 199.41 147.70
dog 0.515083 119.13 180.26 140.49 203.00
car 0.515062 111.08 69.65 147.40 101.68
car 0.514995 105.21 138.69 124.34 162.61
sheep 0.514970 204.72 14.83 221.59 38.13
boat 0.514922 183.17 161.26 202.19 180.25
car 0.514908 170.94 21.24 189.61 46.11
car 0.514905 100.42 138.33 115.27 161.77
dog 0.514880 96.45 171.77 109.82 190.17
car 0.514861 150.00 0.00 172.73 21.19
sheep 0.514848 205.28 10.26 220.73 32.59
car 0.514848 175.39 10.84 193.44 29.08
dog 0.514845 182.79 39.58 202.42 69.32
aeroplane 0.514832 208.59 174.17 224.00 200.61
dog 0.514817 186.74 28.40 204.07 54.15
dog 0.514806 80.97 11.26 100.10 37.45
aeroplane 0.514692 73.88 184.52 94.48 207.33
car 0.514688 150.72 30.92 174.83 69.73
aeroplane 0.514687 33.68 164.56 59.44 199.04
aeroplane 0.514682 32.26 0.00 62.41 27.41
car 0.514583 160.29 41.19 187.85 78.35
dog 0.514572 97.12 12.93 108.10 34.44
sheep 0.514545 99.16 0.00 118.00 14.74
aeroplane 0.514544 197.42 202.16 224.00 224.00
car 0.514524 94.48 136.04 108.20 161.28
aeroplane 0.514505 20.53 9.75 51.30 42.35
aeroplane 0.514416 26.42 170.70 53.00 209.23
car 0.514398 173.83 40.17 196.16 73.07
car 0.514393 207.84 150.87 224.00 174.16
car 0.514363 77.32 134.73 92.75 160.09
boat 0.514328 165.62 161.70 196.11 183.47
aeroplane 0.514325 73.10 143.19 94.07 171.80
aeroplane 0.514289 177.12 209.81 209.22 224.00
car 0.514267 65.43 133.17 86.75 159.33
aeroplane 0.514265 167.48 87.31 196.08 112.83
car 0.514212 142.68 0.00 166.88 20.71
car 0.514165 163.91 64.53 194.56 89.31
sheep 0.514164 76.99 0.00 100.90 24.83
sheep 0.514152 124.37 190.74 147.75 209.87
aeroplane 0.514108 57.39 180.59 78.32 208.44
aeroplane 0.514065 81.62 143.46 100.91 173.16
car 0.513994 21.01 172.36 103.34 224.00
aeroplane 0.513954 168.65 210.87 200.83 224.00
aeroplane 0.513790 181.45 74.17 202.69 99.26
car 0.513771 41.36 138.74 77.82 169.96
sheep 0.513745 95.74 4.55 109.43 23.13
car 0.513743 179.31 27.97 197.38 55.90
car 0.513717 103.42 29.44 177.14 109.97
aeroplane 0.513686 160.39 211.88 192.84 224.00
car 0.513635 88.20 104.08 114.10 133.02
dog 0.513629 204.80 84.20 219.28 111.42
dog 0.513624 124.89 181.65 147.53 202.59
car 0.513580 95.57 63.98 138.00 91.12
aeroplane 0.513555 43.33 169.23 65.18 197.22
sheep 0.513539 204.76 48.06 216.36 75.76
aeroplane 0.513536 35.36 172.77 58.83 209.50
car 0.513502 85.30 134.70 100.09 160.25
diningtable 0.513493 172.03 42.82 224.00 139.03
diningtable 0.513491 120.03 37.73 200.70 124.27
dog 0.513426 190.71 39.37 208.39 66.93
boat 0.513422 17.88 190.28 47.72 224.00
car 0.513307 165.97 30.28 187.14 62.00
sheep 0.513272 204.90 73.65 217.66 98.67
sheep 0.513267 105.69 0.00 124.59 13.64
aeroplane 0.513198 86.51 178.05 101.74 195.08
sheep 0.513178 88.34 0.00 111.88 15.09
aeroplane 0.513150 60.79 141.84 87.04 170.30
car 0.513105 138.51 66.48 182.73 97.02
dog 0.513100 111.58 182.99 127.00 199.44
sheep 0.513087 202.80 19.17 221.75 45.37
car 0.512974 0.00 0.00 42.21 30.62
sheep 0.512941 115.23 199.56 143.13 224.00
sheep 0.512932 202.95 0.00 221.27 25.67
aeroplane 0.512821 209.45 167.07 224.00 192.87
dog 0.512785 105.87 180.79 117.41 197.08
sheep 0.512781 112.05 190.21 130.12 208.01
car 0.512765 90.51 76.55 131.16 106.63
dog 0.512724 192.37 28.32 209.66 53.62
boat 0.512714 25.69 191.24 57.88 224.00
sheep 0.512670 69.51 0.00 102.97 14.24
aeroplane 0.512579 135.70 201.45 159.94 224.00
dog 0.512116 106.19 186.82 119.80 206.17
dog 0.512039 99.28 177.18 110.16 195.51
car 0.511875 209.19 159.32 224.00 183.65
aeroplane 0.511794 86.45 183.59 103.35 205.60
aeroplane 0.511713 44.57 177.14 65.56 208.19
dog 0.511710 119.59 0.00 143.94 16.98
sheep 0.511445 204.39 37.74 218.38 67.57
sheep 0.511335 122.63 201.33 149.10 224.00
boat 0.511236 17.95 209.55 52.47 224.00
dog 0.511126 98.87 182.73 111.92 205.84
aeroplane 0.511088 62.78 199.91 93.75 224.00
aeroplane 0.511061 164.77 71.60 194.24 98.65
sheep 0.510999 202.89 26.85 220.66 56.06
dog 0.510991 111.92 0.00 133.43 13.97
boat 0.510773 33.85 193.97 63.81 224.00
bird 0.510441 130.25 212.00 164.14 224.00
aeroplane 0.510112 29.01 0.00 64.83 12.49
aeroplane 0.509987 40.65 0.00 82.89 13.02
dog 0.509984 25.95 211.02 62.49 224.00
sheep 0.509803 102.82 212.00 141.89 224.00
sheep 0.509770 108.70 201.34 132.96 224.00
sheep 0.509763 102.16 198.69 122.55 224.00
aeroplane 0.509607 53.36 198.91 84.17 224.00
dog 0.509364 93.04 196.82 114.65 224.00
bird 0.509337 116.91 212.00 153.59 224.00
boat 0.508654 41.66 197.16 71.06 224.00
dog 0.508500 80.25 198.96 106.28 224.00
sheep 0.508125 91.58 212.00 126.73 224.00
