bird 0.660533 31.37 64.40 71.24 91.54
bird 0.611499 16.24 62.01 69.52 89.01
bird 0.589096 52.23 62.73 78.40 93.86
bird 0.585565 4.57 23.27 206.38 182.00
bird 0.574545 122.37 101.20 157.21 128.02
bird 0.572189 116.12 33.26 154.59 58.67
bird 0.559848 85.96 34.06 110.29 60.56
bird 0.556699 19.35 129.86 54.61 150.73
bird 0.556672 105.71 30.70 133.63 55.38
bird 0.555754 78.79 6.07 202.39 159.64
bird 0.555552 70.45 205.28 111.23 221.06
bird 0.555429 65.44 64.05 88.19 95.02
bird 0.554872 121.53 63.84 153.92 88.79
bird 0.553946 71.98 185.71 105.17 205.37
bird 0.553561 91.25 32.86 117.35 57.11
bird 0.553304 10.15 61.47 55.02 92.31
bird 0.550575 71.98 195.48 107.04 211.65
bird 0.549924 70.00 208.74 115.82 224.00
bird 0.549094 0.00 66.30 221.42 224.00
bird 0.548598 67.86 180.84 104.59 198.57
bird 0.547937 115.93 39.05 155.96 70.40
bird 0.547557 117.69 70.80 151.40 91.58
bird 0.546097 164.14 39.98 205.73 74.24
bird 0.545629 70.39 128.62 101.09 148.82
bird 0.545506 113.15 67.02 146.47 88.54
bird 0.545076 81.72 210.81 126.61 224.00
bird 0.544873 93.72 212.10 134.84 224.00
bird 0.544825 120.36 91.94 158.91 118.74
bird 0.543721 14.93 82.44 64.21 112.12
bird 0.543540 124.04 106.16 157.64 136.68
bird 0.543322 66.14 186.30 99.97 201.12
bird 0.543307 60.21 185.54 89.02 201.82
bird 0.542882 17.70 91.91 59.00 120.53
bird 0.542572 77.66 62.76 100.15 91.00
pottedplant 0.542457 98.05 25.20 201.22 152.53
bird 0.542031 111.64 30.81 147.06 55.32
bird 0.541468 118.80 52.47 155.78 81.66
bird 0.541357 85.33 4.45 117.85 30.80
bird 0.540713 41.87 11.40 67.47 34.16
bird 0.540696 70.58 135.95 101.39 155.64
bird 0.540395 2.43 52.77 63.08 139.93
bird 0.540210 70.80 156.04 104.81 174.72
bird 0.540185 87.20 11.74 115.38 34.14
bird 0.539914 72.91 146.18 105.15 166.42
bird 0.539460 72.76 121.14 106.47 144.47
bird 0.539250 54.84 186.23 81.30 202.07
bird 0.539056 16.26 72.25 70.08 101.13
bird 0.538526 18.97 121.15 55.02 144.47
bird 0.538452 110.41 69.81 138.40 90.71
bird 0.538027 121.18 79.17 157.19 106.71
bird 0.537804 57.28 207.46 95.80 224.00
bird 0.537530 78.38 92.63 103.14 117.04
bird 0.537505 66.24 174.04 104.75 192.15
bird 0.537503 112.54 212.28 150.69 224.00
bird 0.537402 131.62 211.74 166.03 224.00
bird 0.537204 124.68 69.22 157.51 96.40
bird 0.537107 77.34 100.01 104.60 125.57
bird 0.537013 37.46 68.04 72.57 100.00
bird 0.536193 78.53 128.85 110.91 152.20
bird 0.536127 0.00 51.96 77.45 172.28
bird 0.536060 139.99 211.46 174.88 224.00
bird 0.536035 85.77 40.01 108.68 69.21
bird 0.535969 67.80 165.42 104.97 182.28
bird 0.535944 2.22 17.10 42.58 47.83
bird 0.535727 0.00 210.00 33.46 224.00
bird 0.535563 0.00 205.87 21.22 224.00
bird 0.535407 88.18 63.57 110.17 88.25
bird 0.535285 214.59 57.46 224.00 93.91
bird 0.535225 81.65 43.66 103.85 74.52
bird 0.535137 19.33 105.09 55.37 132.18
bird 0.535057 0.00 46.78 142.76 186.63
bird 0.534692 66.72 195.11 100.82 207.14
bird 0.534630 84.87 27.39 112.65 54.81
bird 0.534422 117.90 98.84 163.03 121.34
bird 0.534417 29.67 131.96 57.93 153.43
bird 0.534265 32.59 71.59 161.60 217.77
bird 0.534262 39.47 30.11 183.88 162.74
bird 0.534109 5.13 129.74 45.40 153.96
bird 0.533952 31.70 182.52 58.56 201.09
sheep 0.533798 216.85 140.23 224.00 170.86
pottedplant 0.533798 161.47 17.82 224.00 146.58
bird 0.533574 0.00 14.08 29.82 48.99
bird 0.533487 78.60 137.18 110.23 159.49
bird 0.533304 210.18 205.84 224.00 224.00
bird 0.533293 106.37 37.11 129.29 66.68
bird 0.533269 123.27 33.68 162.35 63.53
bird 0.533257 101.89 26.98 203.15 139.89
bird 0.533213 179.28 53.55 215.60 87.24
bird 0.533119 78.19 70.77 99.05 99.18
bird 0.533089 74.74 110.87 106.22 136.17
bird 0.532723 82.08 94.33 110.59 119.33
bird 0.532664 168.66 51.84 197.96 84.11
bird 0.532592 44.16 6.34 73.00 30.23
bird 0.532559 83.34 198.32 115.59 212.63
bird 0.532531 93.69 38.17 116.39 65.88
bird 0.532435 43.18 187.04 69.86 202.25
bird 0.532428 164.53 54.86 188.31 84.28
bird 0.532396 101.57 69.63 125.97 90.58
bird 0.532319 47.51 130.05 71.16 149.65
bird 0.532306 73.06 99.19 98.81 122.21
bird 0.532182 134.28 61.81 166.76 88.85
bird 0.532012 60.85 193.05 88.67 206.72
bird 0.531926 1.59 45.84 70.68 92.65
bird 0.531911 113.93 76.32 155.14 98.75
bird 0.531766 68.71 122.39 95.79 141.79
bird 0.531750 104.05 209.72 138.21 224.00
bird 0.531569 66.38 58.46 92.88 89.00
pottedplant 0.531454 171.07 41.65 224.00 188.51
bird 0.531448 99.65 65.29 122.54 87.36
bird 0.531412 188.42 211.05 218.46 224.00
bird 0.531302 72.77 89.91 96.01 113.64
bird 0.531270 0.84 60.50 33.01 93.16
bird 0.531094 180.39 211.97 212.43 224.00
bird 0.531018 168.19 36.30 205.71 63.43
bird 0.530998 0.00 127.45 26.62 158.00
bird 0.530983 69.66 144.52 98.62 160.29
bird 0.530968 77.99 53.99 101.81 84.51
bird 0.530743 86.52 17.25 113.26 44.25
bird 0.530680 111.36 55.28 146.25 82.08
bird 0.530587 157.32 210.66 190.44 224.00
bird 0.530574 34.75 12.23 63.13 36.50
bird 0.530462 63.51 71.68 84.04 102.28
bird 0.530462 163.20 0.00 206.35 12.90
bird 0.530309 12.00 211.28 52.34 224.00
bird 0.530275 64.59 128.94 88.29 147.92
bird 0.530182 78.43 82.60 101.31 109.10
bird 0.530132 44.40 115.52 153.77 224.00
bird 0.530049 0.00 180.73 75.63 224.00
bird 0.530016 215.94 27.16 224.00 66.69
pottedplant 0.529967 125.75 14.27 210.84 175.59
pottedplant 0.529928 168.35 0.00 224.00 56.40
bird 0.529784 163.26 15.40 224.00 132.37
bird 0.529730 98.60 198.36 125.41 214.57
bird 0.529573 117.33 33.90 203.15 186.66
pottedplant 0.529514 0.00 48.11 169.26 220.83
bird 0.529490 171.74 45.09 212.36 81.60
bird 0.529482 49.85 134.54 71.36 153.30
bird 0.529464 197.74 209.03 224.00 224.00
aeroplane 0.529430 177.46 60.80 224.00 199.83
bird 0.529312 54.33 12.57 77.54 32.12
bird 0.529309 70.09 153.97 101.81 168.47
bird 0.529306 82.98 188.34 113.55 206.16
bird 0.529298 215.24 43.92 224.00 82.74
bird 0.529217 114.33 87.30 160.56 109.77
bird 0.529185 86.50 128.02 119.17 151.29
bird 0.529108 152.07 39.48 199.25 70.94
cow 0.529057 186.41 184.53 224.00 224.00
bird 0.529046 217.28 134.01 224.00 166.26
bird 0.528950 0.00 68.32 100.07 200.99
bird 0.528813 7.06 53.04 117.15 148.47
bird 0.528781 112.06 21.34 142.44 47.58
pottedplant 0.528768 75.05 0.00 223.76 171.89
bird 0.528713 87.78 73.02 224.00 224.00
aeroplane 0.528563 189.95 104.25 224.00 218.77
bird 0.528465 157.79 56.78 182.80 85.05
bird 0.528405 71.31 77.07 92.32 106.02
bird 0.528346 29.91 208.41 67.16 224.00
bird 0.528264 65.25 134.74 89.30 152.83
bird 0.528260 57.66 174.61 148.57 224.00
bird 0.528239 28.16 48.04 71.38 88.49
sheep 0.528095 182.17 154.27 206.70 174.23
bird 0.528081 38.38 15.88 66.02 40.68
bird 0.528055 41.45 207.24 76.77 224.00
bird 0.527843 127.12 0.00 165.55 14.34
bird 0.527796 59.25 81.82 81.20 110.79
bird 0.527778 3.10 23.19 55.13 56.67
bird 0.527686 205.45 0.00 224.00 19.50
bird 0.527667 86.03 51.80 109.26 80.21
bird 0.527608 165.23 63.49 185.01 89.00
bird 0.527563 66.65 85.92 87.78 111.53
bird 0.527346 55.72 191.88 80.80 205.52
bird 0.527167 88.68 74.08 112.96 98.72
bird 0.527093 102.40 187.51 186.56 224.00
bird 0.527087 51.39 6.13 79.96 27.88
bird 0.527086 215.25 91.95 224.00 124.81
bird 0.527055 129.46 50.37 165.43 80.95
sheep 0.527052 176.12 178.57 198.89 197.87
bird 0.526971 78.82 183.66 170.72 224.00
bird 0.526956 108.93 198.33 133.26 214.88
bird 0.526901 39.12 80.70 71.81 110.77
bird 0.526870 107.15 53.78 131.23 80.93
bird 0.526831 0.00 0.00 19.42 33.10
bird 0.526802 47.06 121.26 71.64 143.12
bird 0.526789 20.55 182.13 50.30 200.62
bird 0.526755 84.78 85.58 112.53 110.41
bird 0.526722 99.05 188.86 124.28 207.31
bird 0.526671 101.30 19.40 127.61 45.81
bird 0.526589 133.12 68.34 165.99 96.00
bird 0.526542 109.91 92.77 153.58 115.35
bird 0.526534 119.29 20.09 153.08 48.43
bird 0.526411 68.24 97.16 90.63 120.52
bird 0.526404 97.99 10.47 126.61 34.39
bird 0.526314 73.11 49.08 97.26 80.41
bird 0.526313 93.53 93.57 131.83 117.17
sheep 0.526154 217.52 150.61 224.00 182.07
bird 0.526140 136.48 0.00 174.00 13.32
bird 0.526116 124.90 207.94 154.42 224.00
bird 0.526115 63.83 121.42 87.43 141.95
bird 0.525998 68.66 110.52 93.58 132.44
bird 0.525992 54.03 201.84 83.25 223.22
bird 0.525965 185.68 33.76 216.74 60.61
bird 0.525947 16.60 170.89 100.36 224.00
bird 0.525891 0.00 0.00 46.49 48.95
bird 0.525883 157.13 46.70 187.98 78.51
bird 0.525880 213.10 69.04 224.00 106.82
bird 0.525853 61.73 94.56 83.01 120.78
bird 0.525791 42.53 94.03 70.97 121.27
bird 0.525780 10.30 115.96 102.50 224.00
bird 0.525699 0.00 3.53 22.06 44.62
bird 0.525689 169.55 61.44 194.39 88.11
bird 0.525666 23.03 172.97 52.84 197.35
bird 0.525600 156.19 64.88 179.87 91.35
sheep 0.525505 182.23 145.70 208.22 169.46
aeroplane 0.525432 114.02 90.25 193.84 224.00
bird 0.525354 186.05 61.83 220.47 90.22
bird 0.525329 0.47 50.36 36.15 86.95
bird 0.525263 109.15 84.03 151.13 107.73
bird 0.525258 0.00 32.91 67.85 81.87
sheep 0.525216 110.24 189.45 132.86 207.65
bird 0.525188 66.18 6.43 94.32 26.31
bird 0.525107 86.81 118.01 121.80 142.24
bird 0.525089 168.59 27.93 202.33 57.20
bird 0.525086 148.15 0.00 188.88 12.24
bird 0.525081 83.84 146.87 115.15 167.77
aeroplane 0.525076 128.42 58.92 204.13 203.73
bird 0.525018 217.85 124.44 224.00 159.58
bird 0.525009 128.98 197.30 150.33 214.87
bird 0.524987 142.37 188.51 213.36 224.00
bird 0.524972 137.25 196.88 157.61 214.62
boat 0.524952 91.31 0.00 174.05 47.00
bird 0.524872 43.03 47.41 74.44 84.09
bird 0.524794 217.27 11.32 224.00 47.90
bird 0.524683 92.52 0.00 130.50 28.31
bird 0.524673 176.56 189.17 197.02 204.49
bird 0.524655 118.57 198.33 141.98 214.37
bird 0.524621 23.15 13.38 54.90 41.07
bird 0.524608 213.93 80.39 224.00 117.05
boat 0.524548 10.91 36.76 186.79 204.46
bird 0.524534 45.67 107.28 70.93 132.22
bird 0.524446 115.20 0.00 155.15 17.07
bird 0.524373 62.67 108.34 84.71 132.17
bird 0.524329 111.27 10.68 141.93 34.33
bird 0.524205 76.53 0.00 107.91 27.61
bird 0.524204 70.46 12.77 92.80 30.81
bird 0.524194 96.06 52.36 119.75 79.01
bird 0.524176 183.69 40.25 217.41 66.21
bird 0.524162 100.51 74.84 131.12 97.83
bird 0.524143 30.95 21.43 66.72 59.39
bird 0.524058 177.55 118.31 207.26 147.08
bird 0.524035 181.11 0.00 217.72 14.24
bird 0.524006 142.72 206.28 170.22 224.00
sheep 0.523928 97.73 180.55 123.50 201.19
bird 0.523870 137.91 165.94 156.54 181.69
bird 0.523715 91.03 99.44 127.71 123.40
bird 0.523685 176.82 110.31 206.60 136.96
bird 0.523614 67.34 35.35 88.81 64.49
bird 0.523596 80.71 181.07 112.94 201.21
bird 0.523563 137.40 189.63 157.06 207.06
bird 0.523513 68.28 21.66 183.18 125.77
bird 0.523461 66.11 142.17 90.03 158.80
bird 0.523417 216.38 106.50 224.00 139.21
bird 0.523401 217.44 114.35 224.00 149.62
bird 0.523392 86.10 127.53 186.12 224.00
boat 0.523359 0.00 0.00 114.99 163.16
bird 0.523330 0.00 99.80 67.25 210.55
bird 0.523243 0.00 72.93 35.16 108.12
bird 0.523212 0.00 173.68 14.93 206.71
bird 0.523189 144.81 165.74 166.51 182.20
sheep 0.523172 119.89 190.12 141.60 207.10
bird 0.523155 78.15 56.74 185.84 185.24
bird 0.523110 60.98 44.93 84.84 77.59
sheep 0.523104 177.36 167.08 200.99 188.15
bird 0.523103 98.18 134.92 127.43 158.03
bird 0.522978 179.06 127.09 207.47 156.54
bird 0.522948 137.79 172.88 156.75 189.76
boat 0.522947 122.30 0.00 212.11 57.80
bird 0.522898 137.33 155.72 156.32 173.85
bird 0.522871 129.51 189.76 149.85 207.26
bird 0.522792 108.19 104.04 148.59 128.25
bird 0.522790 96.26 84.95 133.74 108.88
sheep 0.522772 109.96 180.99 132.40 200.78
bird 0.522705 61.05 175.67 95.20 193.89
bird 0.522705 20.82 156.64 51.11 186.11
bird 0.522700 106.99 0.00 146.34 25.01
bird 0.522690 208.52 56.45 224.00 89.19
bird 0.522685 101.11 124.00 134.50 148.41
bird 0.522666 144.90 173.10 166.76 190.38
bird 0.522664 0.00 80.50 33.53 118.42
bird 0.522652 17.28 18.01 59.43 48.03
pottedplant 0.522634 162.68 188.00 224.00 224.00
bird 0.522590 48.19 34.00 75.52 68.97
bird 0.522586 171.86 189.84 191.80 203.06
sheep 0.522577 180.43 160.69 204.73 180.20
bird 0.522554 214.75 199.54 224.00 224.00
sheep 0.522547 171.25 180.26 193.53 197.05
bird 0.522524 137.66 180.85 157.14 198.88
bird 0.522484 146.32 197.28 167.17 213.11
bird 0.522449 165.87 70.40 185.39 95.50
bird 0.522431 53.01 24.33 77.09 53.15
bird 0.522407 20.82 139.42 53.27 167.57
bird 0.522401 104.91 113.36 142.79 138.44
bird 0.522396 216.76 2.11 224.00 34.82
bird 0.522382 217.61 189.45 224.00 217.45
bird 0.522356 5.34 5.35 37.32 42.38
bird 0.522324 175.83 103.27 206.03 128.21
bird 0.522238 187.59 24.87 214.93 53.54
bird 0.522227 32.32 33.21 70.63 75.26
bird 0.522178 0.00 162.97 14.22 198.84
bird 0.522158 54.66 18.07 77.17 40.26
bird 0.522128 96.45 145.52 123.42 166.92
bird 0.522095 151.47 73.38 178.50 100.60
bird 0.522093 146.31 190.60 167.19 206.11
bird 0.522040 180.90 146.42 205.46 168.83
bird 0.522029 6.70 0.00 34.71 29.93
aeroplane 0.522026 138.34 119.56 207.47 224.00
bird 0.521989 145.57 181.67 167.20 198.86
bird 0.521913 182.01 135.79 208.31 163.96
sheep 0.521882 218.77 180.63 224.00 209.97
bird 0.521769 0.00 189.15 15.31 221.18
bird 0.521697 45.68 191.23 70.23 205.28
bird 0.521681 81.99 156.48 113.07 176.99
bird 0.521593 176.78 196.40 196.50 210.73
bird 0.521588 0.00 40.68 56.14 119.57
bird 0.521553 0.00 89.66 30.21 129.23
bird 0.521377 181.85 197.21 202.97 212.44
bird 0.521258 88.49 107.40 124.05 132.00
bird 0.521178 143.92 155.26 165.47 174.73
sheep 0.521152 95.70 172.29 121.98 195.13
sheep 0.521040 218.90 158.47 224.00 191.90
bird 0.521020 36.09 0.00 62.81 30.75
bird 0.520993 182.14 66.15 217.64 97.63
bird 0.520992 134.37 139.32 156.50 165.27
bird 0.520945 53.18 139.73 73.01 158.16
boat 0.520882 192.26 0.00 224.00 16.04
bird 0.520872 169.97 69.14 192.90 94.02
sheep 0.520796 13.38 181.38 45.45 199.41
bird 0.520781 0.34 37.61 38.43 78.41
bird 0.520776 152.50 205.15 179.16 224.00
bird 0.520766 162.16 0.00 224.00 85.18
bird 0.520760 166.01 80.13 186.18 104.41
bird 0.520716 121.44 8.46 153.30 32.58
sheep 0.520713 219.44 170.08 224.00 202.66
bird 0.520684 129.06 121.44 157.94 155.16
bird 0.520684 154.96 182.04 177.16 198.65
bird 0.520651 1.39 177.79 35.70 202.44
bird 0.520601 175.04 93.84 205.02 117.54
sheep 0.520597 108.95 172.67 131.56 193.40
sheep 0.520575 120.98 181.39 141.80 199.18
boat 0.520555 25.46 0.00 174.61 170.47
sheep 0.520501 200.28 147.75 217.28 172.26
bird 0.520495 5.31 120.92 48.44 149.80
bird 0.520453 164.49 181.85 186.48 197.56
bird 0.520396 35.84 189.51 61.51 206.86
bird 0.520361 170.50 93.06 194.04 115.33
bird 0.520354 145.59 84.47 176.59 110.65
bird 0.520342 172.22 4.91 204.25 20.50
bird 0.520322 14.68 0.00 44.32 30.05
bird 0.520290 154.08 172.51 176.47 190.25
bird 0.520286 181.83 206.88 206.53 224.00
bird 0.520272 173.80 14.53 202.37 39.25
boat 0.520245 12.40 0.00 85.26 43.05
bird 0.520241 0.00 156.40 53.53 224.00
bird 0.520212 156.35 191.13 177.39 204.99
bird 0.520196 130.77 180.52 150.19 198.35
sheep 0.520029 79.26 172.99 112.27 195.37
bird 0.520027 171.44 195.72 190.55 208.67
bird 0.519938 165.75 190.66 186.22 203.25
bird 0.519922 40.24 176.30 66.94 197.28
bird 0.519892 0.97 24.04 37.46 64.66
bird 0.519881 84.20 0.00 187.20 86.98
aeroplane 0.519856 148.17 67.66 224.00 208.11
boat 0.519812 0.00 0.00 63.49 44.86
bird 0.519808 95.78 155.33 121.42 176.82
bird 0.519755 70.90 27.12 91.60 52.90
bird 0.519633 12.39 6.26 45.31 39.36
bird 0.519624 12.62 22.60 72.95 103.71
bird 0.519618 53.24 177.08 82.02 195.87
bird 0.519617 0.00 149.35 14.26 187.98
bird 0.519582 66.26 150.75 92.00 166.69
bird 0.519579 26.04 0.00 54.55 30.55
bird 0.519549 166.65 90.53 189.15 114.33
bird 0.519500 205.32 30.91 224.00 63.15
boat 0.519486 48.51 0.00 133.10 40.82
bird 0.519481 0.00 103.00 27.52 142.10
bird 0.519376 4.96 89.74 50.29 122.85
bird 0.519359 156.52 196.78 177.28 210.83
bird 0.519328 136.35 101.10 173.72 127.11
bird 0.519315 154.00 164.62 176.25 181.15
bird 0.519285 175.81 206.05 200.32 224.00
bird 0.519265 133.99 165.03 149.76 179.70
bird 0.519250 132.86 172.22 150.45 188.67
bird 0.519202 150.99 28.77 193.56 59.64
bird 0.519167 133.68 155.09 149.14 171.68
bird 0.519150 175.50 78.62 206.61 105.16
bird 0.519094 27.55 41.16 149.66 137.71
sheep 0.519047 95.02 164.45 120.82 186.83
bird 0.518988 189.81 195.03 209.79 211.75
bird 0.518985 207.24 38.15 224.00 70.58
bird 0.518968 0.00 16.33 50.04 98.17
bird 0.518858 122.41 114.36 154.37 142.17
bird 0.518848 166.52 99.03 193.85 124.05
bird 0.518805 109.62 142.94 133.26 163.76
sheep 0.518765 79.74 165.20 111.90 186.94
bird 0.518755 140.52 94.14 175.14 119.40
bird 0.518743 22.88 153.50 133.39 224.00
bird 0.518714 190.02 205.07 213.09 224.00
bird 0.518697 169.59 204.42 192.23 224.00
bird 0.518677 28.52 188.00 56.12 207.84
bird 0.518641 127.32 5.86 214.92 118.73
bird 0.518628 109.80 154.88 130.95 173.79
bird 0.518607 134.62 106.42 172.02 133.77
sheep 0.518598 187.41 163.46 224.00 224.00
bird 0.518565 162.19 204.19 186.03 224.00
bird 0.518557 131.61 139.72 150.64 163.02
bird 0.518478 165.60 195.89 184.99 208.64
bird 0.518466 112.97 118.10 147.29 143.86
bird 0.518448 0.00 135.98 17.46 174.25
bird 0.518308 187.40 93.67 216.81 119.33
sheep 0.518270 122.99 172.64 142.47 189.63
sheep 0.518265 109.18 164.67 130.97 183.95
bird 0.518220 189.23 14.38 213.43 40.87
bird 0.518218 180.95 78.13 214.50 108.22
bird 0.518153 165.14 171.45 187.80 188.42
bird 0.518149 166.68 105.96 197.35 132.18
bird 0.518093 110.20 129.32 138.89 153.81
bird 0.517983 13.72 42.32 96.59 124.44
bird 0.517938 121.61 167.77 196.81 224.00
bird 0.517852 153.72 155.66 175.70 173.70
bird 0.517802 71.48 19.10 91.47 40.97
bird 0.517754 139.84 138.89 164.17 166.28
bird 0.517606 38.43 159.62 64.06 187.55
bird 0.517526 14.37 184.42 44.62 202.03
sheep 0.517395 181.10 136.49 208.77 163.55
bird 0.517389 204.13 22.75 224.00 55.41
sheep 0.517280 0.00 167.11 36.39 195.53
bird 0.517260 2.25 189.33 29.91 216.08
bird 0.517231 187.46 102.39 214.15 127.96
bird 0.517212 125.03 164.66 142.51 179.33
bird 0.517158 205.94 91.59 224.00 121.27
bird 0.516858 125.66 154.65 142.19 170.08
sheep 0.516744 202.44 135.95 220.02 165.01
bird 0.516731 12.90 131.83 52.89 156.00
bird 0.516669 11.98 0.00 86.16 74.83
bird 0.516663 33.32 200.51 64.92 224.00
sheep 0.516604 11.85 171.90 46.30 193.49
bird 0.516602 55.43 148.01 76.06 167.14
bird 0.516564 184.54 4.93 212.21 24.38
aeroplane 0.516536 157.20 121.14 224.00 224.00
bird 0.516476 6.05 204.19 40.75 224.00
bird 0.516447 205.83 99.65 224.00 127.88
bird 0.516429 124.57 140.61 144.22 160.93
bird 0.516243 201.30 202.30 220.82 224.00
bird 0.516216 5.86 103.82 48.81 136.80
bird 0.516196 122.79 124.96 149.12 151.74
bird 0.516052 130.44 16.85 161.37 46.83
sheep 0.516043 185.15 186.85 208.32 203.51
bird 0.516029 150.49 141.96 174.06 166.28
bird 0.515675 15.81 202.16 51.52 224.00
bird 0.515643 202.53 191.53 219.02 212.27
bird 0.515640 167.02 162.36 190.35 178.16
bird 0.515636 185.01 108.35 212.99 136.88
bird 0.515622 152.85 14.38 186.90 41.56
bird 0.515500 203.59 13.65 224.00 43.15
bird 0.515448 55.45 162.24 79.96 184.46
bird 0.515419 166.09 112.12 198.34 139.49
bird 0.515418 35.37 142.20 61.79 167.74
bird 0.515344 19.94 20.17 94.48 108.46
sheep 0.515235 176.92 159.64 200.94 175.68
bird 0.515087 176.77 134.94 204.97 158.72
bird 0.514901 143.77 126.40 171.96 157.64
bird 0.514872 203.77 65.47 224.00 100.84
sheep 0.514853 177.92 153.71 203.53 169.17
sheep 0.514736 181.70 176.19 207.76 195.40
bird 0.514706 167.58 154.62 191.52 171.19
bird 0.514645 204.38 77.60 224.00 112.11
bird 0.514382 202.30 126.63 221.58 158.09
bird 0.514242 32.45 19.44 132.07 114.80
bird 0.514188 204.59 107.02 224.00 136.30
bird 0.514051 167.36 143.89 191.96 164.45
bird 0.514048 165.69 130.86 193.12 156.87
bird 0.514048 164.82 120.04 196.20 148.00
bird 0.513983 12.52 188.24 41.22 210.43
bird 0.513858 202.68 116.12 223.22 147.35
bird 0.513785 199.52 3.89 222.15 28.27
bird 0.513703 135.56 3.67 163.69 27.54
sheep 0.513696 181.75 166.02 207.60 186.17
sheep 0.513538 200.09 183.11 218.75 204.79
bird 0.513533 137.20 115.63 170.34 147.19
bird 0.513409 153.24 1.89 185.15 21.65
bird 0.513254 192.70 0.00 221.91 17.33
bird 0.512957 0.00 150.65 36.61 183.16
bird 0.512918 44.42 0.00 144.70 76.37
bird 0.512552 1.40 135.65 37.76 167.28
sheep 0.512285 198.32 171.87 218.71 197.51
sheep 0.512090 198.02 160.49 217.64 186.64
sheep 0.511521 157.44 163.38 224.00 224.00
sheep 0.511337 11.77 153.45 47.24 179.88
bird 0.511099 11.97 137.04 48.89 164.00
