motorbike 0.689535 20.51 7.02 201.51 221.27
person 0.670572 21.45 10.09 199.59 220.64
sheep 0.562349 12.88 0.00 73.98 87.72
motorbike 0.558411 12.19 64.06 168.14 220.71
bird 0.556906 16.77 0.00 139.53 121.11
bottle 0.555468 14.83 0.00 134.19 116.18
dog 0.555122 16.32 0.00 72.25 93.83
pottedplant 0.554556 35.15 10.43 196.09 182.14
motorbike 0.550259 15.00 1.06 144.22 184.25
pottedplant 0.549991 138.49 162.27 169.64 184.82
bottle 0.549789 92.59 9.62 209.51 180.02
pottedplant 0.549548 14.51 0.00 142.05 135.29
person 0.549547 3.76 0.00 176.16 158.64
cow 0.549103 70.82 62.46 117.33 124.52
motorbike 0.548509 54.31 148.29 113.92 212.61
aeroplane 0.547666 0.00 0.00 69.19 73.38
dog 0.547425 157.35 212.75 199.26 224.00
dog 0.546912 22.65 2.47 102.07 82.56
sheep 0.546202 19.31 1.35 95.32 76.89
dog 0.545898 143.47 210.67 184.74 224.00
bottle 0.545098 135.38 13.91 219.20 165.54
motorbike 0.544540 0.00 106.63 147.31 224.00
sheep 0.543993 144.82 207.51 182.42 224.00
car 0.543709 47.09 47.89 116.30 124.93
aeroplane 0.543332 16.41 6.98 71.83 98.71
aeroplane 0.543093 0.00 3.35 42.07 69.74
person 0.542781 108.84 2.37 214.31 190.14
dog 0.542710 16.33 135.43 52.63 209.30
motorbike 0.542255 43.41 44.74 110.05 120.19
sheep 0.542244 144.16 162.80 174.22 184.44
sheep 0.541986 11.66 133.97 49.69 208.62
horse 0.541816 48.19 150.93 104.76 212.49
cow 0.541288 48.50 145.85 103.86 211.61
motorbike 0.541287 39.26 201.29 115.97 224.00
aeroplane 0.540792 44.26 41.10 98.97 117.75
cow 0.540190 53.36 53.46 116.29 128.25
bottle 0.539933 145.52 18.70 209.66 88.58
motorbike 0.539370 76.55 92.65 111.45 167.43
motorbike 0.539287 1.61 18.50 94.27 179.18
car 0.539118 0.00 37.14 35.81 105.87
sheep 0.538673 38.85 7.86 114.34 72.13
motorbike 0.538668 48.55 193.83 119.62 221.04
cow 0.538646 94.87 68.70 139.27 118.41
motorbike 0.538530 1.41 149.69 134.72 224.00
horse 0.538297 7.36 92.26 150.07 213.82
sheep 0.538113 164.34 162.87 191.42 184.86
person 0.537890 0.00 204.62 16.32 224.00
dog 0.537739 171.71 213.46 211.78 224.00
dog 0.537496 206.73 207.76 224.00 224.00
car 0.537401 0.00 75.07 33.65 145.54
bottle 0.537124 0.00 76.66 35.93 151.67
aeroplane 0.537116 0.00 30.63 35.56 101.41
sheep 0.536883 172.25 163.50 199.60 185.72
cow 0.536855 87.86 70.47 127.41 120.06
dog 0.536773 23.85 15.81 90.96 103.05
sheep 0.536665 152.39 163.29 182.38 183.90
bicycle 0.536538 5.30 98.87 157.29 214.38
sheep 0.536320 157.52 209.36 197.02 224.00
sheep 0.536118 181.49 212.91 217.68 224.00
pottedplant 0.535734 0.00 0.00 89.14 111.76
aeroplane 0.535306 108.54 68.30 145.52 116.74
aeroplane 0.535114 30.64 27.04 91.95 111.07
cow 0.535046 72.80 88.19 104.82 162.78
bird 0.534896 0.00 208.53 28.58 224.00
sheep 0.534731 192.90 211.43 224.00 224.00
cow 0.534609 10.36 0.00 118.86 154.23
bottle 0.534367 134.88 22.59 178.07 83.21
motorbike 0.534319 70.36 145.91 123.31 208.33
cow 0.534064 53.03 165.09 113.82 220.82
car 0.533677 0.00 53.27 33.12 122.00
cow 0.533582 23.68 21.71 96.28 103.02
car 0.533326 44.47 196.53 115.66 224.00
car 0.533033 35.13 204.37 102.33 224.00
aeroplane 0.532869 92.19 64.09 140.17 118.22
boat 0.532454 0.00 4.43 33.23 63.20
bottle 0.532444 0.00 135.35 6.45 206.56
sheep 0.532159 177.11 169.23 206.87 191.58
bottle 0.531995 11.11 0.00 98.00 98.18
cow 0.531951 64.76 93.56 94.40 163.99
motorbike 0.531717 72.98 100.61 102.21 168.62
dog 0.531586 46.85 7.85 114.19 74.47
aeroplane 0.531503 38.66 34.47 80.29 117.13
cat 0.531405 208.42 0.00 224.00 28.05
person 0.531343 149.68 16.51 224.00 180.69
car 0.531294 218.27 117.96 224.00 157.67
aeroplane 0.531248 12.79 0.00 75.59 55.38
cow 0.531057 35.91 146.82 83.77 206.54
sheep 0.530934 140.31 194.66 175.30 216.14
dog 0.530894 213.62 165.32 224.00 197.04
bottle 0.530585 153.73 72.86 192.77 136.02
aeroplane 0.530576 0.00 13.36 27.74 87.13
bottle 0.530563 220.00 76.92 224.00 138.90
boat 0.530060 176.99 188.27 224.00 224.00
cow 0.530059 55.82 95.70 82.90 166.03
bottle 0.529945 87.75 67.30 129.80 120.82
sheep 0.529511 0.00 133.82 30.73 207.35
aeroplane 0.529472 0.00 10.50 50.17 96.41
bottle 0.529470 165.42 68.29 204.37 136.53
bottle 0.529440 0.00 95.12 25.73 157.41
bicycle 0.529065 8.67 130.59 132.69 224.00
motorbike 0.528883 79.27 116.34 111.04 180.95
cow 0.528777 112.02 126.83 136.91 168.71
sheep 0.528723 91.58 31.05 142.93 83.77
sheep 0.528616 17.94 0.00 83.53 54.44
dog 0.528599 86.12 28.60 139.10 85.35
dog 0.528511 56.09 90.82 84.99 161.06
pottedplant 0.528337 23.42 0.00 159.54 74.81
dog 0.528229 44.27 80.72 77.42 156.49
car 0.528181 170.45 0.00 224.00 56.45
aeroplane 0.527915 0.00 57.93 36.82 138.46
car 0.527812 0.00 78.68 22.63 140.77
sheep 0.527676 184.69 168.87 214.05 193.09
bottle 0.527652 160.74 32.26 207.47 88.61
pottedplant 0.527595 41.86 0.00 181.16 110.97
car 0.527591 65.61 0.00 175.17 56.50
cow 0.527586 102.10 195.01 129.61 224.00
dog 0.527567 34.74 77.71 65.12 157.50
bottle 0.527559 100.95 202.47 134.43 224.00
sheep 0.527556 87.33 40.03 136.61 101.34
car 0.527502 65.77 102.03 91.61 167.94
bottle 0.527385 0.00 88.41 17.32 148.17
dog 0.527366 4.53 209.87 46.79 224.00
aeroplane 0.527356 153.45 10.26 211.02 81.89
sheep 0.527182 173.43 172.31 200.29 196.17
sheep 0.527169 128.28 208.19 175.03 224.00
sheep 0.527099 86.48 55.79 133.17 121.34
sheep 0.527058 25.14 108.84 51.65 174.69
bottle 0.527028 105.39 62.94 145.43 114.44
dog 0.526926 18.47 208.94 66.44 224.00
dog 0.526873 0.00 140.36 6.65 212.01
dog 0.526737 26.49 206.34 90.12 224.00
bottle 0.526725 91.26 51.31 141.12 115.70
dog 0.526719 21.16 166.22 58.54 223.62
dog 0.526684 23.14 76.97 54.48 156.71
aeroplane 0.526615 56.18 84.44 86.85 154.46
dog 0.526606 42.15 95.30 72.77 168.51
car 0.526388 219.53 111.11 224.00 152.31
cow 0.526311 103.11 192.49 183.70 224.00
aeroplane 0.526298 119.25 0.00 173.62 48.97
cow 0.526139 118.41 126.67 145.04 170.51
dog 0.526137 214.11 177.83 224.00 209.53
person 0.526104 0.00 0.00 19.76 23.51
sheep 0.525991 63.15 12.49 122.02 72.44
bottle 0.525927 168.05 49.09 210.70 121.32
person 0.525900 0.00 197.40 12.50 224.00
sheep 0.525778 192.89 124.69 214.54 155.11
bottle 0.525768 220.00 55.04 224.00 117.86
sheep 0.525677 142.92 199.17 210.04 224.00
bottle 0.525647 175.82 61.53 211.89 135.15
bottle 0.525572 145.84 0.00 213.64 45.14
tvmonitor 0.525514 220.00 7.24 224.00 64.57
sheep 0.525493 19.43 109.30 44.09 172.16
aeroplane 0.525472 61.17 0.00 102.38 17.73
pottedplant 0.525420 124.29 161.40 153.28 187.18
motorbike 0.525419 94.38 151.84 130.89 200.00
aeroplane 0.525418 189.13 110.95 224.00 224.00
cow 0.525404 21.52 143.03 62.14 206.19
pottedplant 0.525389 131.30 158.05 161.03 184.70
aeroplane 0.525367 116.60 0.00 157.17 17.12
sheep 0.525359 159.26 195.93 224.00 224.00
cow 0.525331 125.85 127.35 153.10 170.60
sheep 0.525283 162.18 195.43 192.70 216.79
bottle 0.525272 151.40 10.32 224.00 133.50
sheep 0.525243 154.00 195.71 184.65 216.44
bottle 0.525206 0.00 132.48 29.07 202.45
bottle 0.525168 115.52 72.30 148.51 116.33
aeroplane 0.525099 44.80 48.95 77.32 130.95
motorbike 0.525068 110.98 134.78 137.91 176.80
car 0.525066 73.08 114.76 104.36 178.66
bird 0.525038 116.19 205.89 157.09 224.00
car 0.525012 124.77 0.00 164.08 17.35
cow 0.524999 123.24 197.82 195.22 224.00
sheep 0.524975 167.00 170.03 192.36 195.12
cow 0.524947 98.21 183.77 128.12 215.91
bottle 0.524946 136.51 8.57 193.94 80.26
sheep 0.524945 0.00 182.00 9.08 224.00
bottle 0.524938 220.00 0.00 224.00 55.27
boat 0.524929 169.75 0.00 204.68 17.08
car 0.524917 51.02 186.14 117.02 218.66
motorbike 0.524857 91.04 201.98 132.89 224.00
motorbike 0.524857 53.66 183.59 118.80 215.94
bottle 0.524835 129.36 34.34 160.85 78.32
bottle 0.524727 142.27 78.54 177.93 130.89
cow 0.524694 101.39 123.33 126.17 168.29
cow 0.524593 134.93 128.71 163.28 170.23
aeroplane 0.524581 79.60 0.00 117.48 16.91
boat 0.524550 127.68 200.02 199.04 224.00
boat 0.524499 161.57 0.00 196.20 16.57
sheep 0.524497 21.56 0.00 62.57 19.84
motorbike 0.524470 109.43 157.65 140.78 192.83
bottle 0.524462 220.00 42.60 224.00 94.80
horse 0.524436 0.00 116.87 86.68 215.85
car 0.524346 118.72 0.00 199.79 47.68
aeroplane 0.524320 51.67 52.30 88.60 126.14
bottle 0.524258 0.00 121.61 6.27 182.94
bottle 0.524234 0.00 98.21 12.77 155.86
sheep 0.524167 172.23 179.97 200.68 205.78
aeroplane 0.524119 183.13 76.14 224.00 204.88
person 0.524112 0.00 104.17 90.28 214.32
motorbike 0.524087 54.89 179.32 163.18 224.00
aeroplane 0.524067 168.37 40.09 224.00 191.39
bottle 0.524062 213.35 0.00 224.00 34.96
sheep 0.524057 183.15 129.54 207.74 156.48
aeroplane 0.524000 45.42 0.00 84.63 17.98
aeroplane 0.523993 17.67 31.87 65.10 113.85
bottle 0.523984 109.55 34.14 150.11 80.94
bottle 0.523934 220.00 26.59 224.00 80.39
sheep 0.523928 168.05 130.01 191.07 160.94
motorbike 0.523895 68.76 201.10 128.81 224.00
sheep 0.523871 171.27 210.67 209.69 224.00
sheep 0.523813 36.44 0.00 77.23 19.03
aeroplane 0.523779 101.68 0.00 141.20 16.32
person 0.523752 3.25 57.53 86.97 200.14
sheep 0.523751 175.19 130.61 198.90 157.44
dog 0.523702 74.78 18.30 132.35 77.52
aeroplane 0.523639 116.47 78.94 145.23 137.39
aeroplane 0.523627 108.17 0.00 162.38 33.36
sheep 0.523500 166.21 179.07 192.78 205.68
dog 0.523362 31.85 94.70 60.39 170.38
chair 0.523362 178.66 0.00 211.67 17.64
sheep 0.523312 79.39 19.22 136.21 73.30
aeroplane 0.523198 66.77 85.52 98.83 153.59
sheep 0.523095 209.62 202.95 224.00 224.00
car 0.523036 144.28 0.00 178.56 16.75
sheep 0.523024 0.00 202.29 23.82 224.00
sheep 0.522976 169.65 157.25 198.22 182.22
cow 0.522958 143.07 129.68 172.25 170.07
dog 0.522913 0.00 146.15 72.83 224.00
motorbike 0.522848 74.32 60.06 115.61 132.11
sheep 0.522735 140.45 166.50 170.15 190.47
sheep 0.522718 159.58 129.92 185.49 165.07
dog 0.522683 0.00 165.01 7.15 224.00
sheep 0.522654 108.73 196.65 137.04 224.00
dog 0.522571 7.90 142.72 46.04 214.04
bottle 0.522554 7.12 100.23 31.87 162.85
car 0.522548 67.38 133.67 111.98 200.87
bottle 0.522510 0.00 106.86 9.75 164.60
bottle 0.522508 220.00 99.64 224.00 148.30
motorbike 0.522478 101.35 130.14 126.96 176.33
sheep 0.522420 214.54 189.13 224.00 220.80
sheep 0.522419 140.79 176.45 171.81 203.67
cow 0.522403 128.02 137.65 157.26 178.52
aeroplane 0.522281 39.25 47.63 68.25 134.29
cow 0.522267 106.05 186.06 134.15 214.53
dog 0.522227 195.55 167.46 221.24 194.72
sheep 0.522179 0.00 150.18 6.44 219.87
sheep 0.522124 65.50 54.75 117.36 125.92
dog 0.521963 26.49 186.87 69.85 224.00
aeroplane 0.521888 131.49 23.21 174.79 69.94
boat 0.521876 206.63 119.28 222.30 153.95
bottle 0.521873 15.95 110.36 37.27 169.66
sheep 0.521873 14.28 94.83 42.86 166.35
sheep 0.521829 14.44 0.00 68.92 39.49
bottle 0.521729 207.41 71.52 222.72 138.89
dog 0.521663 215.52 145.61 224.00 183.96
dog 0.521628 217.17 131.14 224.00 172.97
car 0.521547 36.15 165.49 92.60 220.58
cow 0.521426 151.26 130.20 179.83 168.83
aeroplane 0.521418 126.47 13.50 175.59 56.48
sheep 0.521391 0.00 184.88 22.61 224.00
dog 0.521365 45.11 36.65 108.45 112.49
bottle 0.521331 199.13 0.00 224.00 22.59
aeroplane 0.521323 20.03 144.44 65.26 209.74
aeroplane 0.521238 93.72 0.00 155.79 45.80
aeroplane 0.521146 154.62 0.00 199.97 53.56
cow 0.521109 135.43 138.91 164.86 178.86
sheep 0.521056 52.62 3.11 117.62 53.31
bottle 0.521025 17.55 120.35 39.97 180.45
bottle 0.520964 162.17 14.35 216.98 77.71
sheep 0.520920 156.79 178.07 183.94 205.20
chair 0.520910 188.35 0.00 218.78 18.16
car 0.520839 110.91 154.84 141.50 190.76
bottle 0.520830 0.00 117.95 21.72 173.72
motorbike 0.520739 61.71 59.30 190.01 217.22
aeroplane 0.520600 55.16 117.34 82.79 178.17
sheep 0.520522 10.06 0.00 50.36 17.20
aeroplane 0.520520 59.41 54.12 107.37 122.70
aeroplane 0.520488 123.10 80.79 151.83 134.62
aeroplane 0.520481 78.12 14.22 137.01 55.37
sheep 0.520410 129.73 191.73 167.46 212.93
aeroplane 0.520397 118.45 103.26 144.49 156.20
sheep 0.520391 39.64 0.00 98.52 38.75
cow 0.520358 93.26 169.35 128.01 210.33
aeroplane 0.520341 118.27 71.97 149.87 123.85
motorbike 0.520298 67.28 174.73 125.14 212.49
boat 0.520248 0.00 0.00 28.21 19.57
motorbike 0.520239 87.52 122.56 118.85 178.64
sheep 0.520208 10.69 130.17 39.28 194.54
sheep 0.520140 21.96 142.97 60.04 204.03
motorbike 0.520139 80.41 135.37 119.23 198.18
sheep 0.520125 0.00 0.00 20.39 39.86
sheep 0.520017 155.20 168.09 182.75 192.96
sheep 0.520011 185.09 179.42 213.63 205.30
bottle 0.519998 126.10 78.04 159.18 121.04
aeroplane 0.519990 128.90 0.00 172.84 33.22
aeroplane 0.519822 28.45 193.83 93.27 224.00
sheep 0.519822 117.83 200.39 153.04 224.00
aeroplane 0.519810 86.13 19.66 141.20 65.56
aeroplane 0.519807 2.12 0.00 38.84 17.10
aeroplane 0.519806 141.01 4.80 191.38 67.27
sheep 0.519603 190.77 116.42 215.39 149.31
sheep 0.519546 175.93 195.20 206.35 218.32
sheep 0.519535 118.53 188.94 149.56 213.08
car 0.519508 39.18 186.26 102.16 224.00
bottle 0.519191 130.41 0.00 213.64 99.93
dog 0.519185 65.90 40.04 118.08 108.86
dog 0.519041 66.20 23.76 120.59 88.30
bottle 0.518929 11.11 123.00 33.33 179.57
sheep 0.518866 71.29 15.43 132.48 59.01
bottle 0.518731 202.76 57.20 221.50 128.07
cow 0.518726 50.34 134.23 90.00 197.01
aeroplane 0.518651 127.25 77.49 160.58 125.01
aeroplane 0.518628 94.52 12.99 154.02 54.04
aeroplane 0.518516 80.14 0.00 137.91 44.93
motorbike 0.518451 100.88 141.43 129.50 188.36
aeroplane 0.518429 120.12 24.19 164.62 66.52
cow 0.518339 76.48 106.54 117.17 167.68
sheep 0.518272 59.65 0.00 112.87 32.76
aeroplane 0.518224 137.19 0.00 181.62 52.73
cow 0.518178 104.65 172.26 135.20 207.29
aeroplane 0.518116 157.97 0.00 197.79 30.81
aeroplane 0.518034 132.00 83.29 163.44 134.92
dog 0.517944 39.28 120.42 69.39 180.07
aeroplane 0.517933 20.15 49.72 55.25 135.66
aeroplane 0.517758 126.17 103.56 152.36 153.94
sheep 0.517732 190.63 130.23 213.68 162.54
sheep 0.517689 73.82 2.02 133.14 47.83
sheep 0.517679 204.64 124.25 220.58 160.16
car 0.517650 95.64 50.91 204.68 208.08
aeroplane 0.517641 177.12 178.30 224.00 224.00
sheep 0.517583 166.00 138.44 189.21 172.09
cow 0.517572 106.98 103.63 134.89 158.48
aeroplane 0.517526 91.43 0.00 142.82 30.10
dog 0.517397 29.18 121.87 57.01 183.05
sheep 0.517395 184.98 192.57 212.22 218.26
pottedplant 0.517323 135.01 149.74 164.30 183.74
sheep 0.517223 180.74 135.05 205.96 165.75
sheep 0.517208 173.07 137.19 196.42 168.02
aeroplane 0.517171 144.99 103.06 175.30 153.55
sheep 0.517158 198.19 178.25 219.33 205.63
dog 0.517137 103.02 26.60 152.48 75.24
sheep 0.517068 0.00 164.44 26.63 224.00
bottle 0.517036 95.86 0.00 201.06 103.37
dog 0.517034 5.09 183.94 46.35 224.00
aeroplane 0.516933 172.64 9.62 217.34 70.64
bottle 0.516894 207.96 112.51 222.50 148.85
bottle 0.516886 181.99 122.35 209.23 151.29
bottle 0.516859 168.42 125.43 192.25 154.97
sheep 0.516812 156.43 139.77 182.84 176.31
bottle 0.516760 151.98 101.91 182.98 154.06
bottle 0.516721 152.64 54.14 191.68 115.71
aeroplane 0.516614 150.15 0.00 188.11 32.93
aeroplane 0.516593 0.00 42.04 43.84 122.08
motorbike 0.516510 35.00 136.60 166.97 224.00
sheep 0.516493 78.98 0.00 129.07 29.53
bottle 0.516409 191.37 13.87 224.00 73.65
sheep 0.516404 147.76 140.57 177.02 179.25
bottle 0.516401 175.10 125.74 200.51 152.64
aeroplane 0.516367 136.01 103.36 163.73 152.89
pottedplant 0.516293 132.14 165.66 161.56 190.34
bottle 0.516087 146.22 36.66 194.63 94.86
sheep 0.516065 119.71 174.56 149.91 203.77
cow 0.515946 120.81 149.79 150.31 185.14
bottle 0.515927 161.23 125.20 187.38 157.29
sheep 0.515905 129.48 175.50 162.98 201.35
aeroplane 0.515893 22.34 157.90 72.17 219.79
bottle 0.515876 185.26 96.10 214.31 147.43
cow 0.515862 104.17 161.80 136.95 201.03
bottle 0.515767 101.10 77.51 134.09 138.64
aeroplane 0.515747 144.96 124.70 173.27 159.78
bottle 0.515723 187.73 31.60 223.88 84.55
bottle 0.515676 146.18 55.66 180.62 114.35
dog 0.515611 35.00 135.23 72.29 195.08
bottle 0.515606 162.73 99.35 193.12 152.47
sheep 0.515525 169.55 147.35 194.86 178.66
sheep 0.515476 175.56 144.68 203.85 177.46
bottle 0.515370 138.66 60.93 168.49 111.28
bottle 0.515340 128.56 66.13 154.49 109.02
dog 0.515322 23.98 135.42 57.19 197.50
sheep 0.515242 182.93 154.60 212.89 183.86
bottle 0.515225 199.62 5.92 223.91 65.40
bottle 0.515027 193.30 42.83 221.81 107.87
sheep 0.514995 162.61 149.37 187.73 180.72
sheep 0.514913 199.86 190.46 219.10 218.39
bottle 0.514886 153.72 124.84 181.83 158.91
sheep 0.514722 0.00 0.00 43.96 38.99
motorbike 0.514645 70.47 76.34 112.21 146.90
pottedplant 0.514594 122.86 165.09 151.33 194.88
bottle 0.514558 176.28 97.83 209.15 149.96
car 0.514098 137.63 63.01 215.74 201.64
bottle 0.514025 207.19 0.00 224.00 54.26
bottle 0.513971 135.89 43.35 170.38 94.39
sheep 0.513907 185.47 138.75 212.11 174.63
bottle 0.513711 123.54 51.34 150.03 99.67
car 0.513470 126.96 94.85 205.15 217.29
aeroplane 0.513366 184.91 5.04 217.42 57.68
sheep 0.513315 151.89 151.63 180.56 183.49
aeroplane 0.513266 175.56 0.00 212.45 23.70
aeroplane 0.513101 162.81 146.46 221.24 224.00
car 0.513059 157.51 104.04 220.38 219.58
person 0.512968 93.33 161.87 184.92 224.00
aeroplane 0.512954 173.53 0.00 213.28 43.61
sheep 0.512883 202.14 133.20 220.13 172.43
sheep 0.512600 197.84 150.61 220.19 184.38
motorbike 0.512417 98.39 120.07 189.37 222.74
bottle 0.512376 131.06 49.52 157.57 95.63
aeroplane 0.512308 189.34 0.00 218.09 22.59
aeroplane 0.512124 191.93 0.00 218.77 37.36
boat 0.511777 143.67 144.58 204.77 224.00
person 0.511089 118.86 180.09 193.81 224.00
boat 0.511053 142.98 192.81 204.83 224.00
cow 0.511052 89.79 101.62 121.56 160.46
boat 0.510460 117.38 138.43 193.55 220.29
cow 0.510120 83.88 78.13 119.41 140.91
