dog 0.580633 60.14 49.20 221.57 222.47
horse 0.578116 0.00 49.70 57.94 188.59
car 0.565551 4.26 10.01 62.96 97.01
person 0.564024 72.55 46.40 106.62 115.29
horse 0.561719 0.00 54.54 73.89 142.14
dog 0.561349 55.64 210.75 116.85 224.00
person 0.561315 1.26 14.09 64.72 105.15
person 0.559992 0.00 105.92 16.56 170.70
horse 0.555636 5.05 14.08 75.90 160.96
person 0.555393 7.12 17.83 74.94 161.06
person 0.554764 0.00 34.84 69.71 128.28
dog 0.554400 79.06 57.34 199.18 189.85
dog 0.553848 108.15 47.39 170.30 131.32
car 0.553176 16.12 16.19 60.41 82.94
person 0.551196 0.00 87.59 19.98 163.96
person 0.550491 22.41 133.54 67.03 179.70
sheep 0.549906 111.79 50.91 170.01 135.64
person 0.549745 12.69 24.57 81.29 116.75
horse 0.548727 0.00 68.99 25.04 156.53
motorbike 0.548415 7.90 17.79 73.74 153.87
person 0.547783 0.00 64.44 19.45 143.24
person 0.546115 48.94 208.84 110.87 224.00
dog 0.546043 68.30 208.42 129.24 224.00
person 0.544905 0.00 81.86 55.61 189.35
car 0.544887 0.00 0.00 13.58 34.67
dog 0.544645 88.46 62.27 172.54 170.35
car 0.543755 0.00 10.18 13.63 82.71
dog 0.543693 36.37 33.75 170.19 177.47
dog 0.543374 59.35 204.00 110.47 217.95
horse 0.543145 0.00 78.39 51.14 166.29
person 0.543083 68.06 51.64 94.29 114.47
person 0.542189 0.00 130.35 15.82 177.53
person 0.541987 24.81 59.88 69.29 126.48
car 0.541574 0.00 87.02 53.84 193.01
dog 0.540215 114.71 114.86 163.61 179.01
bird 0.539636 37.36 208.90 96.97 222.23
person 0.538922 77.44 49.25 118.14 102.52
dog 0.538524 103.96 46.43 156.57 113.61
dog 0.538404 54.95 87.78 174.79 197.98
dog 0.538345 95.21 211.90 140.85 224.00
dog 0.537834 48.18 174.58 155.62 224.00
horse 0.537573 11.32 62.05 65.54 133.18
person 0.537540 14.43 28.22 112.08 166.93
person 0.537478 0.00 38.90 14.96 116.73
dog 0.536590 168.53 47.22 224.00 172.04
dog 0.536489 115.79 128.76 152.74 179.51
car 0.536161 0.00 6.56 52.51 131.45
person 0.536118 94.23 53.06 129.84 105.32
dog 0.535997 129.10 59.78 224.00 196.59
person 0.535602 34.77 207.68 96.41 224.00
person 0.535590 37.59 32.36 135.31 169.70
person 0.535417 0.00 46.81 28.43 131.27
person 0.535409 0.00 90.73 44.70 169.24
horse 0.535355 12.56 33.86 139.11 165.55
car 0.535324 8.29 13.74 67.86 137.16
dog 0.535015 91.70 51.78 129.18 101.21
dog 0.535015 0.00 47.88 81.93 204.44
sheep 0.534896 114.43 80.50 154.61 155.58
dog 0.534469 21.07 56.93 141.14 180.02
person 0.534136 14.23 113.08 68.13 174.55
person 0.534116 43.93 58.68 81.86 122.08
sheep 0.534097 104.58 212.70 147.50 224.00
sheep 0.533399 137.84 212.27 171.80 224.00
person 0.532817 26.35 204.09 83.03 221.76
dog 0.532809 108.84 109.72 151.43 174.37
dog 0.532650 211.02 54.08 224.00 106.57
cow 0.532634 115.83 212.93 154.68 224.00
dog 0.532562 185.11 32.42 224.00 154.26
dog 0.532539 65.78 159.63 103.93 191.53
car 0.532534 24.43 15.81 58.33 66.58
dog 0.532497 189.56 0.00 224.00 48.89
sheep 0.532470 127.71 212.60 163.16 224.00
car 0.532441 19.78 13.19 83.36 94.29
car 0.532326 0.00 0.00 21.02 29.76
sheep 0.532241 120.74 63.72 178.06 151.69
dog 0.532058 66.91 54.75 95.77 114.96
sheep 0.531991 147.33 212.86 180.29 224.00
dog 0.531854 28.08 100.30 143.25 194.97
dog 0.531723 80.26 174.01 193.31 224.00
sheep 0.531715 207.94 208.40 224.00 224.00
dog 0.531682 49.06 120.26 159.82 204.61
dog 0.531576 96.80 113.15 126.88 169.60
person 0.531399 4.05 100.44 63.57 169.21
dog 0.531181 27.49 198.49 76.93 212.44
dog 0.531072 116.98 106.64 178.26 171.13
car 0.530989 0.00 0.00 44.96 70.16
dog 0.530941 48.04 203.98 97.57 213.25
person 0.530875 71.18 26.68 97.68 94.98
dog 0.530756 0.00 97.90 77.27 189.07
dog 0.530572 62.51 194.97 105.83 213.10
sheep 0.530559 172.04 213.25 204.50 224.00
car 0.530544 0.00 159.43 60.13 224.00
sheep 0.530385 180.43 213.05 211.69 224.00
dog 0.530303 67.47 128.44 92.62 155.88
dog 0.530199 206.49 60.68 224.00 116.45
dog 0.530151 24.24 129.36 64.65 169.03
person 0.530120 62.62 58.52 89.22 116.47
car 0.529868 1.87 189.63 29.26 212.44
sheep 0.529772 196.61 212.49 224.00 224.00
dog 0.529646 145.05 90.96 224.00 216.78
sheep 0.529629 156.97 213.50 191.05 224.00
dog 0.529552 54.47 128.63 84.52 156.61
bird 0.529404 33.01 200.55 83.24 212.80
dog 0.529210 73.15 52.83 149.18 168.06
person 0.529148 18.18 145.09 66.39 187.56
car 0.529133 8.27 193.87 43.04 211.84
dog 0.528837 0.00 87.05 108.47 224.00
person 0.528772 0.00 151.56 16.07 193.75
person 0.528762 0.00 112.48 65.66 197.83
dog 0.528703 69.84 40.54 113.18 104.36
dog 0.528398 38.45 202.36 89.19 212.72
person 0.528327 0.00 28.89 24.75 107.85
car 0.528277 0.00 20.18 21.47 97.00
person 0.528163 0.00 113.74 37.02 169.52
person 0.527885 3.99 202.09 48.50 224.00
dog 0.527725 57.41 155.22 172.93 224.00
dog 0.527629 116.01 183.84 218.55 224.00
sheep 0.527613 94.23 122.46 126.61 177.02
person 0.527532 10.76 203.82 63.25 224.00
car 0.527526 73.18 14.40 94.34 48.62
car 0.527437 0.00 186.41 20.52 214.51
dog 0.527390 166.29 181.69 224.00 224.00
car 0.527324 208.46 0.00 224.00 19.64
dog 0.527307 42.64 84.09 149.18 224.00
dog 0.527059 100.40 35.89 177.95 153.70
dog 0.526931 115.80 99.36 153.76 164.50
sheep 0.526661 109.78 62.78 144.04 136.50
dog 0.526598 209.36 73.83 224.00 129.27
dog 0.526492 97.79 16.75 164.11 128.19
dog 0.526488 81.02 44.89 119.63 101.81
person 0.526417 0.00 195.97 28.11 224.00
person 0.526412 36.67 18.44 94.02 127.94
dog 0.526390 13.45 173.15 115.21 224.00
car 0.526352 0.00 0.00 17.38 49.87
dog 0.526293 145.35 48.79 205.99 166.40
person 0.526292 0.00 165.15 16.08 203.03
person 0.526228 15.47 195.96 63.65 210.99
car 0.526073 72.90 10.15 93.11 34.92
person 0.526063 58.33 19.68 113.75 127.28
dog 0.525956 213.46 83.04 224.00 135.34
person 0.525946 14.52 71.92 65.35 144.17
person 0.525882 71.54 16.68 95.60 63.06
sheep 0.525873 134.00 51.68 178.54 133.55
car 0.525871 18.05 0.00 72.43 60.17
dog 0.525735 171.71 50.18 207.50 112.84
sheep 0.525593 170.41 56.70 203.46 125.19
dog 0.525409 66.21 120.11 91.33 149.34
car 0.525368 69.74 0.00 98.91 16.86
dog 0.525360 66.10 168.30 103.17 199.98
person 0.525254 0.00 178.43 18.43 209.12
dog 0.524744 56.60 70.07 84.87 121.82
person 0.524670 110.03 16.78 131.32 47.10
dog 0.524629 220.00 27.40 224.00 69.71
person 0.524602 150.59 0.00 224.00 141.77
dog 0.524363 53.34 120.04 83.79 150.45
dog 0.524355 216.12 92.80 224.00 141.87
dog 0.524335 50.75 154.76 100.06 188.24
sheep 0.524305 130.02 92.44 181.40 165.25
person 0.524300 38.21 67.98 74.91 125.32
dog 0.524174 64.57 70.33 90.41 121.15
dog 0.524125 167.46 47.53 197.01 114.69
dog 0.523921 27.00 180.67 69.18 204.78
sheep 0.523885 162.58 67.68 199.09 143.17
dog 0.523766 103.97 132.54 142.63 183.48
dog 0.523654 111.82 96.45 142.18 159.57
dog 0.523636 154.65 0.00 213.84 43.09
dog 0.523625 187.14 6.21 224.00 120.04
car 0.523603 9.31 0.00 35.39 26.36
person 0.523578 74.80 20.76 131.82 126.96
car 0.523481 17.38 0.00 45.48 25.58
person 0.523430 28.53 76.76 68.32 139.64
dog 0.523413 135.08 48.07 178.86 128.05
car 0.523365 0.00 192.25 23.89 222.13
person 0.523364 25.48 158.52 66.33 196.23
person 0.523331 46.35 19.27 89.44 81.08
dog 0.523305 218.94 35.71 224.00 84.20
sheep 0.523243 147.84 88.99 189.65 157.70
sheep 0.523224 111.08 14.28 133.02 37.34
person 0.523126 47.98 43.60 85.49 113.16
dog 0.523070 214.88 44.34 224.00 98.01
person 0.523013 19.30 95.28 63.79 158.59
person 0.522875 27.87 121.45 65.92 164.50
dog 0.522826 217.45 103.16 224.00 149.78
dog 0.522738 6.90 120.27 92.13 197.87
dog 0.522710 114.24 139.06 145.39 182.00
person 0.522707 106.22 19.10 132.23 73.89
dog 0.522546 31.55 129.51 71.00 161.93
person 0.522429 0.00 140.30 65.26 224.00
dog 0.522425 92.32 95.13 209.38 207.03
sheep 0.522383 154.96 53.98 190.10 130.57
person 0.522338 68.69 37.46 142.78 152.95
dog 0.522290 65.38 141.60 97.58 177.52
dog 0.522216 80.93 155.40 121.23 193.45
sheep 0.522206 109.93 80.30 134.84 147.64
sheep 0.522198 99.08 96.81 121.26 154.24
dog 0.522161 102.02 147.36 136.04 190.60
sheep 0.522131 173.24 67.44 210.87 132.77
dog 0.522052 219.73 127.03 224.00 168.61
dog 0.522034 104.29 40.21 135.59 108.38
person 0.521928 7.86 183.84 39.10 204.89
dog 0.521924 64.00 183.04 104.36 209.13
dog 0.521864 79.49 121.78 108.23 162.33
dog 0.521835 159.29 47.17 188.99 117.21
dog 0.521813 218.70 115.29 224.00 159.41
person 0.521785 84.01 52.84 122.36 116.12
dog 0.521761 220.00 15.46 224.00 48.49
person 0.521754 102.85 28.70 128.53 93.07
dog 0.521710 29.16 157.02 141.40 224.00
car 0.521402 23.97 0.00 57.52 25.22
car 0.521361 26.75 7.31 53.92 50.63
person 0.521325 78.73 15.09 98.66 48.38
sheep 0.521199 115.31 142.29 144.84 188.77
dog 0.521053 142.04 3.68 224.00 167.63
sheep 0.520974 159.98 90.38 195.78 152.36
boat 0.520967 180.62 0.00 210.36 17.07
person 0.520956 105.92 15.52 127.74 55.54
dog 0.520930 129.78 0.00 196.24 45.27
dog 0.520632 88.95 138.29 123.69 188.24
sheep 0.520503 187.74 53.70 218.79 108.04
dog 0.520502 64.07 104.66 89.28 141.69
sheep 0.520430 141.12 65.51 184.54 151.80
sheep 0.520424 155.44 108.12 191.30 168.31
dog 0.520316 220.00 6.49 224.00 38.76
dog 0.520161 70.68 133.83 99.12 163.85
person 0.520072 69.74 0.00 132.44 56.64
sheep 0.519986 102.33 63.46 130.58 130.88
sheep 0.519964 100.23 80.30 120.29 141.62
boat 0.519883 188.91 0.00 217.42 16.40
dog 0.519875 129.39 19.09 189.80 126.24
dog 0.519845 52.32 139.23 90.87 175.29
person 0.519811 54.21 0.00 116.89 58.92
car 0.519786 55.96 15.48 88.22 57.02
dog 0.519724 220.00 146.42 224.00 183.16
person 0.519715 37.72 0.00 99.38 58.84
person 0.519652 87.31 16.74 111.54 48.37
dog 0.519636 45.34 188.69 88.59 206.58
boat 0.519629 107.80 0.00 138.29 15.73
dog 0.519512 165.84 0.00 195.73 17.33
dog 0.519422 62.68 86.38 87.90 129.90
dog 0.519419 51.39 101.81 82.03 142.82
sheep 0.519348 173.31 91.46 202.82 147.37
car 0.519328 77.77 0.00 106.09 15.64
dog 0.519273 215.43 0.00 224.00 27.87
dog 0.519264 91.90 0.00 161.79 49.07
boat 0.519249 107.87 14.29 128.70 36.19
person 0.519088 73.66 19.71 110.27 81.96
car 0.519056 79.63 10.83 98.12 33.81
person 0.519050 80.75 16.61 111.11 63.32
dog 0.519044 51.87 83.04 82.37 129.90
dog 0.519035 185.00 56.45 218.11 111.53
sheep 0.519013 157.33 0.00 187.12 16.52
sheep 0.518991 160.62 121.13 192.59 174.72
sheep 0.518984 94.30 62.21 119.67 124.95
sheep 0.518929 61.83 182.39 105.53 208.61
dog 0.518921 156.79 16.85 207.64 122.12
sheep 0.518900 166.16 115.51 196.71 167.45
sheep 0.518834 184.26 91.71 210.51 143.05
dog 0.518816 17.06 183.44 62.53 203.23
dog 0.518778 77.86 146.46 204.98 224.00
dog 0.518774 198.15 0.00 224.00 17.27
sheep 0.518771 107.29 150.16 138.18 199.27
boat 0.518755 132.68 0.00 161.31 16.12
sheep 0.518719 80.76 115.47 107.23 156.65
sheep 0.518713 176.91 161.59 198.16 185.04
person 0.518670 94.59 29.67 123.10 94.57
sheep 0.518612 112.23 18.03 136.30 47.58
sheep 0.518487 140.78 0.00 169.75 15.35
dog 0.518479 53.21 163.02 100.54 195.62
person 0.518476 101.02 17.17 122.13 46.20
person 0.518453 0.00 141.04 36.00 177.94
sheep 0.518443 148.77 0.00 178.37 15.47
person 0.518442 97.10 19.84 123.07 76.82
sheep 0.518384 220.00 155.08 224.00 189.26
car 0.518371 56.36 0.00 87.36 18.33
sheep 0.518371 169.33 128.13 197.86 174.35
car 0.518307 22.88 0.00 50.62 38.53
sheep 0.518185 174.00 112.80 202.33 159.46
boat 0.518161 123.43 0.00 152.88 16.26
sheep 0.518133 175.80 188.53 195.65 207.92
car 0.518097 14.95 0.00 38.12 34.12
sheep 0.517927 173.41 145.54 198.70 179.58
sheep 0.517916 140.13 115.35 184.38 174.69
car 0.517906 14.44 6.06 44.99 49.37
sheep 0.517866 182.05 163.96 202.94 185.13
sheep 0.517850 177.25 170.92 196.88 192.45
sheep 0.517809 92.61 212.00 138.98 224.00
dog 0.517789 123.96 44.95 170.52 108.37
sheep 0.517697 166.20 140.26 193.57 179.93
dog 0.517605 102.59 27.98 139.80 92.28
car 0.517605 83.65 0.00 114.45 14.73
person 0.517543 76.87 0.00 164.52 156.80
dog 0.517533 29.43 147.21 75.85 184.78
boat 0.517496 93.69 0.00 123.05 14.75
dog 0.517489 187.13 11.65 203.11 31.31
dog 0.517464 79.12 0.00 147.66 100.92
sheep 0.517394 102.09 165.71 135.03 208.79
sheep 0.517389 95.36 153.78 132.10 199.32
person 0.517379 10.54 150.78 108.43 224.00
person 0.517271 66.65 0.00 132.25 104.19
sheep 0.517263 121.49 115.99 174.19 174.12
dog 0.517224 36.65 80.44 72.85 134.55
person 0.517212 5.09 165.50 36.80 196.43
sheep 0.517157 118.73 15.19 142.27 36.47
person 0.517031 107.97 17.77 136.66 57.51
sheep 0.517009 220.00 191.03 224.00 224.00
sheep 0.516979 156.29 154.35 224.00 224.00
sheep 0.516942 176.09 135.03 204.12 172.90
sheep 0.516941 179.32 149.77 204.01 178.92
sheep 0.516886 213.27 204.17 224.00 224.00
sheep 0.516882 170.80 158.10 193.88 184.93
sheep 0.516876 220.00 179.87 224.00 213.24
sheep 0.516728 220.00 171.19 224.00 204.58
sheep 0.516719 60.06 191.76 109.92 211.85
sheep 0.516689 146.79 132.99 185.44 179.62
sheep 0.516671 176.73 179.63 195.86 200.22
sheep 0.516638 117.38 131.31 164.41 178.08
dog 0.516634 104.51 20.21 136.66 73.31
sheep 0.516594 182.63 63.21 217.86 123.21
person 0.516584 0.82 151.22 36.60 186.67
sheep 0.516418 182.06 172.68 201.79 192.55
car 0.516403 88.03 13.00 110.84 35.10
car 0.516217 40.78 0.00 74.51 22.27
sheep 0.516191 170.43 189.16 189.97 207.82
dog 0.516114 68.87 141.77 108.97 184.58
dog 0.516112 116.69 36.98 159.11 93.02
sheep 0.516074 108.62 0.00 134.50 24.28
sheep 0.516071 183.67 117.32 210.32 156.46
sheep 0.516031 183.10 129.72 210.65 164.04
sheep 0.515993 172.59 169.04 192.52 191.56
dog 0.515952 56.21 178.56 102.64 204.65
dog 0.515934 192.55 11.34 208.84 31.55
dog 0.515827 28.91 136.09 72.22 174.92
car 0.515760 69.22 0.00 92.95 27.19
car 0.515738 100.97 13.93 122.13 35.59
sheep 0.515710 184.71 140.19 210.91 171.23
dog 0.515669 178.81 36.98 204.77 88.92
sheep 0.515548 101.12 186.67 134.60 216.49
sheep 0.515529 73.70 161.09 119.80 199.83
sheep 0.515394 88.60 167.73 127.96 207.66
dog 0.515330 183.50 0.00 205.82 20.67
sheep 0.515310 194.02 79.57 218.91 134.73
dog 0.515305 181.62 45.54 211.36 102.70
dog 0.515302 128.04 14.33 150.38 35.64
person 0.515274 117.98 0.00 212.65 152.03
sheep 0.515217 154.29 151.12 186.10 184.81
dog 0.515191 186.82 20.26 202.52 41.29
sheep 0.515104 97.35 149.28 212.20 224.00
sheep 0.515076 135.44 144.62 174.02 183.85
sheep 0.514920 82.81 102.78 106.38 148.69
dog 0.514897 184.28 25.01 202.76 53.38
sheep 0.514894 62.01 166.79 110.15 199.35
sheep 0.514891 71.08 106.12 94.55 142.57
sheep 0.514891 189.58 163.20 208.94 183.05
sheep 0.514884 171.67 178.99 190.67 199.29
sheep 0.514839 180.56 189.35 201.16 208.40
dog 0.514722 111.59 18.53 143.12 56.57
sheep 0.514700 186.85 152.07 210.16 177.33
dog 0.514693 182.16 30.48 203.19 67.81
sheep 0.514591 70.22 68.53 95.60 119.90
dog 0.514589 26.02 160.57 70.59 196.47
dog 0.514500 34.78 101.08 71.05 148.41
sheep 0.514465 181.43 181.00 201.20 200.44
dog 0.514455 153.58 20.85 172.34 42.70
sheep 0.514355 198.18 91.41 219.64 140.11
car 0.514333 77.78 0.00 99.78 21.78
dog 0.514331 152.92 25.42 173.92 55.79
sheep 0.514315 175.09 200.13 197.99 224.00
sheep 0.514265 81.09 64.00 107.26 121.15
dog 0.514259 123.13 21.24 151.94 56.23
dog 0.514244 138.79 12.62 159.35 33.17
dog 0.514220 60.74 203.44 119.85 223.07
dog 0.514213 152.74 9.73 171.52 31.36
sheep 0.514204 86.33 187.89 126.96 214.50
dog 0.514132 119.55 27.28 154.32 72.62
car 0.514093 55.59 11.80 87.60 42.38
car 0.514057 30.42 12.52 64.54 55.17
sheep 0.514021 160.91 165.01 186.05 191.76
dog 0.513988 138.80 21.54 160.21 43.39
dog 0.513983 189.96 0.00 211.80 20.57
dog 0.513970 166.74 23.72 184.90 55.08
dog 0.513969 126.92 20.16 150.58 45.10
boat 0.513830 103.67 0.00 128.83 22.75
dog 0.513817 191.95 20.81 207.79 40.78
dog 0.513737 38.76 169.09 82.61 199.75
dog 0.513627 136.88 24.92 161.90 55.85
dog 0.513618 170.64 35.25 194.01 91.41
sheep 0.513587 143.62 159.84 174.42 192.79
dog 0.513575 125.39 0.00 192.25 95.40
dog 0.513523 176.34 0.00 224.00 93.43
dog 0.513516 129.91 40.17 167.32 93.89
sheep 0.513493 162.69 189.55 185.08 208.20
sheep 0.513480 190.47 171.18 207.88 189.75
sheep 0.513477 83.17 83.91 105.84 135.63
sheep 0.513473 122.06 143.69 163.11 184.15
sheep 0.513465 169.40 201.23 191.72 224.00
dog 0.513373 199.74 103.75 219.96 147.04
sheep 0.513373 66.49 173.51 116.70 207.62
dog 0.513372 185.62 38.71 209.37 85.16
sheep 0.513289 97.97 203.28 133.89 224.00
dog 0.513271 190.25 25.95 208.28 51.82
dog 0.513266 167.23 8.48 183.97 30.91
dog 0.513246 177.08 22.95 193.40 53.17
sheep 0.513220 148.56 189.48 175.05 210.99
dog 0.513167 164.93 30.13 184.82 70.87
dog 0.513156 174.72 28.81 193.35 68.66
dog 0.513127 199.49 130.48 221.12 164.10
dog 0.513122 95.58 0.00 173.41 95.96
sheep 0.513077 82.38 204.00 127.96 224.00
dog 0.513075 168.10 19.11 184.49 41.80
sheep 0.512874 196.23 46.40 218.54 100.40
sheep 0.512846 163.45 178.02 185.06 199.36
dog 0.512840 150.98 31.90 174.72 71.98
dog 0.512837 188.52 31.67 208.30 65.45
dog 0.512813 133.96 31.50 163.79 72.53
sheep 0.512804 120.53 0.00 145.99 24.36
dog 0.512706 199.37 117.73 220.56 155.59
sheep 0.512645 69.75 87.50 93.23 130.68
sheep 0.512642 199.90 140.61 220.78 171.66
sheep 0.512605 112.15 186.10 146.50 214.47
dog 0.512576 161.61 37.02 185.86 93.25
sheep 0.512514 147.97 176.43 174.95 202.01
sheep 0.512482 130.88 0.00 154.63 23.89
dog 0.512401 146.31 39.29 176.91 94.05
sheep 0.512248 108.93 169.39 145.00 205.29
dog 0.512218 177.92 9.76 193.48 30.02
sheep 0.512017 132.56 188.80 162.46 214.14
sheep 0.511996 180.61 200.65 203.70 224.00
dog 0.511976 206.66 9.54 219.50 34.22
dog 0.511826 179.08 18.61 193.48 39.94
sheep 0.511803 204.53 30.46 219.48 66.31
sheep 0.511782 188.99 187.92 207.75 207.22
dog 0.511745 206.35 24.41 219.84 53.60
dog 0.511725 201.84 0.00 220.60 24.11
sheep 0.511683 190.02 179.38 207.41 198.06
sheep 0.511665 201.31 38.44 218.38 83.78
sheep 0.511591 127.16 158.12 162.29 194.73
sheep 0.511559 120.39 187.65 153.68 214.58
dog 0.511506 207.29 19.11 219.13 43.18
sheep 0.511372 200.83 150.50 220.22 177.92
sheep 0.511304 140.74 0.00 163.77 21.55
dog 0.511142 151.37 0.00 174.62 19.74
dog 0.511137 162.75 0.00 185.42 19.83
sheep 0.511105 161.26 202.08 186.08 224.00
sheep 0.511102 114.34 200.64 148.53 224.00
sheep 0.511003 134.51 200.64 164.15 224.00
sheep 0.510925 130.94 175.38 162.81 205.20
sheep 0.510865 114.41 156.36 152.38 195.42
sheep 0.510841 203.52 159.69 219.92 183.35
sheep 0.510838 148.13 201.97 175.67 224.00
sheep 0.510712 123.46 200.16 156.21 224.00
sheep 0.510657 117.40 173.24 152.85 205.47
sheep 0.510424 188.50 199.94 209.75 224.00
sheep 0.510134 205.59 167.24 219.95 190.11
sheep 0.509784 206.52 183.90 221.64 208.08
sheep 0.509448 206.76 175.37 220.81 198.52
sheep 0.509448 204.57 195.60 222.07 224.00
car 0.509196 33.04 0.00 67.93 41.16
