bus 0.674596 0.00 49.49 215.06 212.85
aeroplane 0.566920 85.11 43.47 165.83 127.28
bus 0.565885 31.73 82.56 202.21 196.84
bus 0.563353 40.02 49.55 209.60 165.69
car 0.562135 86.04 51.57 165.72 125.51
car 0.551387 90.98 104.80 169.54 172.99
dog 0.550179 86.63 116.92 168.89 178.74
boat 0.548755 96.05 53.49 152.51 131.60
car 0.548619 219.43 93.08 223.71 131.57
car 0.546358 156.80 46.31 222.42 191.09
car 0.545988 41.80 213.25 83.63 224.00
aeroplane 0.545417 76.83 35.32 163.70 101.87
person 0.545151 219.27 96.29 223.15 138.43
person 0.544856 92.70 145.34 130.03 188.80
car 0.544380 96.52 72.02 166.97 152.58
boat 0.544379 100.00 69.31 161.53 150.42
car 0.541300 51.60 213.28 101.61 224.00
dog 0.540431 95.84 136.64 144.37 181.31
aeroplane 0.540182 92.37 57.59 135.58 131.47
person 0.539919 219.47 88.07 223.67 125.62
car 0.539488 28.82 212.40 72.50 224.00
person 0.539246 89.09 151.09 121.42 191.21
aeroplane 0.537925 78.76 22.23 158.01 77.48
bus 0.537762 49.65 32.20 199.11 127.94
person 0.537606 219.48 100.38 222.22 147.63
sofa 0.537207 64.93 124.48 92.93 169.33
car 0.536817 61.69 211.43 119.43 224.00
person 0.536393 89.87 163.97 126.11 199.89
bus 0.536291 57.23 174.20 99.05 196.76
person 0.535992 220.00 117.69 223.17 163.81
bus 0.535670 25.94 135.03 163.09 224.00
bus 0.535630 25.58 1.67 224.00 192.34
dog 0.535151 74.18 211.26 123.66 224.00
person 0.534761 95.30 134.62 140.69 185.10
person 0.534503 71.09 126.91 96.46 173.61
dog 0.534464 99.86 93.35 159.29 158.99
dog 0.534341 97.17 128.23 159.38 183.87
person 0.533097 82.33 211.58 126.65 224.00
car 0.533015 18.69 184.30 64.95 201.35
car 0.532880 197.16 0.00 224.00 68.59
person 0.532243 211.41 200.33 224.00 224.00
person 0.531779 220.00 80.57 223.41 117.13
train 0.531674 0.00 28.49 47.50 148.20
bottle 0.531558 220.00 168.56 224.00 222.87
car 0.531293 102.49 39.68 218.31 194.60
bus 0.531288 104.05 41.01 221.10 199.42
bus 0.531081 64.00 165.22 106.56 191.75
aeroplane 0.530972 93.84 75.56 124.06 144.50
dog 0.530756 65.48 120.42 91.30 157.90
aeroplane 0.530399 87.55 64.24 123.31 129.84
dog 0.530303 98.93 210.82 140.55 224.00
bus 0.530248 63.11 158.89 178.76 224.00
boat 0.530219 0.00 0.00 42.65 44.94
car 0.530053 220.00 56.36 224.00 87.94
person 0.529969 89.49 128.14 114.40 179.29
car 0.529834 0.00 169.39 43.45 224.00
bus 0.529651 73.28 157.69 115.93 190.45
bus 0.529577 43.75 108.18 188.41 217.72
aeroplane 0.529447 60.05 126.24 89.26 163.09
bus 0.529419 19.80 38.31 177.11 183.19
car 0.529415 12.89 211.81 57.23 224.00
person 0.529372 79.51 128.19 106.60 176.95
car 0.529365 0.00 206.92 38.17 224.00
person 0.529126 96.27 129.75 123.63 181.22
person 0.528857 168.95 159.86 224.00 224.00
dog 0.528412 110.09 211.48 153.30 224.00
car 0.528319 0.00 203.07 25.65 224.00
car 0.528316 220.00 160.06 224.00 207.61
aeroplane 0.528267 64.66 140.43 97.00 185.31
car 0.528264 0.00 58.01 58.16 194.54
car 0.528223 9.88 182.18 46.94 201.65
person 0.528190 76.66 154.95 115.28 191.46
car 0.527900 0.00 175.60 16.87 211.52
car 0.527890 220.00 71.80 223.64 105.79
bus 0.527767 52.44 179.91 91.70 201.43
person 0.527749 220.00 129.60 223.63 177.06
car 0.527452 181.50 17.02 224.00 150.70
dog 0.527407 98.78 123.92 143.20 169.67
aeroplane 0.527381 7.56 34.02 29.97 55.67
bus 0.527354 51.16 0.00 198.79 107.09
car 0.527239 161.30 84.82 224.00 213.74
car 0.527180 2.66 180.19 36.04 205.79
car 0.527100 8.40 39.32 29.74 60.52
car 0.527083 5.74 209.88 47.14 224.00
boat 0.526981 0.00 21.65 45.51 132.77
car 0.526938 220.00 38.26 224.00 77.74
dog 0.526700 128.33 210.96 167.87 224.00
car 0.526655 209.14 0.00 224.00 18.68
car 0.526610 210.01 93.75 220.46 126.36
car 0.526603 0.00 0.00 23.60 22.45
train 0.526597 0.00 167.41 84.10 224.00
car 0.526241 0.00 47.94 8.82 100.60
person 0.526208 96.68 157.30 134.35 194.49
car 0.526189 0.00 90.57 8.32 133.71
car 0.525978 199.07 95.67 215.52 123.14
aeroplane 0.525955 85.22 80.96 113.75 143.68
dog 0.525923 143.85 211.46 178.74 224.00
aeroplane 0.525815 92.62 8.81 143.88 41.23
car 0.525758 0.00 117.54 9.38 157.35
car 0.525696 193.82 0.00 224.00 124.65
bus 0.525582 27.71 183.33 75.41 200.38
car 0.525531 0.00 136.39 8.63 180.31
train 0.525355 31.29 184.09 74.25 202.68
aeroplane 0.525348 51.57 58.45 80.96 94.52
car 0.525333 21.24 151.80 56.36 182.53
boat 0.525317 0.00 51.35 19.16 95.05
bus 0.525289 62.85 152.98 98.34 193.03
person 0.525249 220.00 151.14 224.00 197.12
car 0.525075 105.53 101.77 169.90 153.91
dog 0.524930 93.90 100.27 118.62 148.87
car 0.524924 22.25 144.62 54.46 174.31
car 0.524841 67.48 72.37 211.14 194.40
boat 0.524778 6.20 57.96 29.41 90.51
car 0.524594 78.84 156.42 184.48 224.00
car 0.524297 220.00 20.89 224.00 59.45
train 0.524236 13.08 155.90 120.28 224.00
car 0.524188 0.00 165.25 13.64 205.74
bottle 0.524088 216.72 189.87 224.00 224.00
bottle 0.523972 186.33 208.01 220.48 224.00
car 0.523891 192.33 34.56 202.90 59.25
dog 0.523874 156.04 210.48 188.81 224.00
aeroplane 0.523787 47.68 128.51 80.32 161.54
train 0.523757 4.16 35.11 103.73 166.58
train 0.523736 0.00 98.20 58.79 223.50
aeroplane 0.523671 89.93 16.22 152.17 57.42
aeroplane 0.523663 59.98 0.00 91.73 15.97
aeroplane 0.523660 4.04 0.00 38.75 16.40
car 0.523626 23.90 131.81 51.69 167.54
aeroplane 0.523611 97.25 0.00 133.03 16.19
car 0.523582 1.48 31.53 23.28 56.59
car 0.523538 12.33 42.09 34.95 61.82
car 0.523289 94.73 66.73 171.77 116.91
bus 0.523251 20.06 60.50 142.02 223.56
car 0.523238 0.00 78.28 8.48 124.10
aeroplane 0.523236 53.43 40.81 83.57 65.09
bottle 0.523189 164.23 210.52 199.15 224.00
aeroplane 0.523080 13.94 0.00 51.89 18.81
car 0.522997 0.00 96.95 17.65 128.13
car 0.522948 12.87 63.24 35.55 90.43
car 0.522920 0.00 151.00 9.95 197.00
aeroplane 0.522916 23.79 0.00 59.99 18.32
car 0.522896 11.13 36.19 35.46 56.86
aeroplane 0.522869 51.64 48.84 82.30 86.59
car 0.522816 192.80 41.11 203.72 64.66
car 0.522743 191.85 29.70 201.35 53.16
aeroplane 0.522724 79.41 73.88 112.05 127.98
person 0.522720 71.12 141.59 101.97 189.24
train 0.522622 24.33 37.32 154.70 176.06
aeroplane 0.522597 80.94 57.86 132.53 112.76
aeroplane 0.522340 57.78 152.65 96.71 189.66
aeroplane 0.522262 66.86 0.00 101.80 15.37
train 0.522234 49.01 190.87 85.83 217.04
car 0.522199 0.00 31.67 15.45 65.16
boat 0.522059 9.65 65.66 28.56 97.05
bus 0.522057 40.48 210.52 81.10 224.00
car 0.521995 0.00 40.26 11.24 88.51
aeroplane 0.521966 14.28 0.00 91.01 40.93
dog 0.521919 162.16 123.47 183.76 164.78
aeroplane 0.521905 47.17 123.44 77.43 152.94
car 0.521897 0.00 106.72 18.20 136.41
aeroplane 0.521883 93.69 0.00 138.71 24.10
aeroplane 0.521879 107.99 19.71 159.06 69.10
bus 0.521876 69.19 0.00 187.68 77.18
aeroplane 0.521861 84.11 102.48 109.77 148.54
car 0.521808 192.64 96.05 211.28 122.14
car 0.521701 16.70 188.83 50.64 211.36
aeroplane 0.521691 115.59 0.00 148.01 16.46
aeroplane 0.521641 45.64 0.00 78.35 17.04
bus 0.521636 23.98 142.77 57.94 177.51
car 0.521633 21.84 191.15 61.18 214.35
sheep 0.521631 110.32 146.22 154.14 194.09
aeroplane 0.521626 6.20 25.27 29.72 49.88
bottle 0.521617 171.55 210.19 210.27 224.00
person 0.521539 68.91 153.48 104.83 194.91
bottle 0.521527 201.15 202.95 224.00 224.00
aeroplane 0.521480 65.08 114.50 91.19 149.19
car 0.521426 198.86 59.21 208.91 78.08
car 0.521323 2.07 170.60 33.72 201.27
car 0.521322 197.85 51.10 209.30 72.42
aeroplane 0.521315 36.57 0.00 70.47 17.17
aeroplane 0.521288 52.84 68.68 80.36 100.79
car 0.521275 1.21 141.31 23.21 172.07
car 0.521141 1.30 122.97 22.29 149.90
aeroplane 0.521131 74.92 88.20 104.29 143.23
car 0.521116 186.29 31.02 196.08 57.15
aeroplane 0.521106 83.93 0.00 119.55 14.98
bus 0.521089 23.18 150.55 60.09 186.15
boat 0.521021 2.94 29.69 92.23 148.30
aeroplane 0.521001 45.04 99.09 73.39 130.53
aeroplane 0.520945 52.90 98.44 82.16 134.12
car 0.520934 24.01 125.27 49.20 157.20
aeroplane 0.520900 55.79 106.47 85.43 140.60
car 0.520871 185.64 26.27 195.14 51.44
aeroplane 0.520824 60.47 97.22 88.12 138.68
car 0.520812 15.81 70.35 35.09 96.37
train 0.520795 0.00 143.86 43.84 224.00
car 0.520792 176.13 23.19 187.06 48.74
car 0.520690 197.31 34.07 208.96 59.06
car 0.520667 165.57 22.63 179.42 48.93
car 0.520641 18.58 163.20 58.62 196.26
car 0.520498 197.34 42.18 209.42 66.06
aeroplane 0.520497 0.78 23.85 23.75 51.79
car 0.520430 160.76 108.99 183.53 138.28
car 0.520402 193.66 48.84 204.25 70.00
aeroplane 0.520381 54.13 34.79 88.87 60.80
aeroplane 0.520375 66.12 84.34 92.59 127.20
dog 0.520320 115.97 133.47 160.45 188.33
car 0.520306 0.20 116.22 20.61 143.64
car 0.520254 160.14 117.93 183.54 156.24
train 0.520253 27.77 191.94 65.49 216.80
car 0.520213 199.50 65.58 208.93 85.00
sheep 0.520178 114.56 159.64 154.04 202.35
aeroplane 0.520162 89.98 37.27 150.90 88.04
boat 0.520154 0.00 83.82 17.11 119.23
aeroplane 0.520111 59.26 54.95 101.06 99.57
car 0.520110 149.00 21.04 171.24 51.38
car 0.520091 175.82 28.89 186.23 54.93
aeroplane 0.520087 126.13 0.00 155.68 16.10
car 0.520078 191.53 24.82 199.33 44.10
car 0.520060 175.28 0.00 202.11 14.54
dog 0.520037 166.44 137.51 184.66 180.93
car 0.520030 1.37 155.46 28.13 191.59
aeroplane 0.519967 46.05 106.82 75.78 137.39
sheep 0.519906 96.66 151.64 143.05 193.43
aeroplane 0.519842 159.58 58.72 184.62 93.21
dog 0.519835 122.38 146.71 160.28 195.33
aeroplane 0.519824 131.22 18.58 165.48 56.98
car 0.519810 2.19 128.52 22.13 157.37
boat 0.519782 5.76 48.63 30.25 78.28
car 0.519767 197.27 28.43 207.96 52.66
car 0.519758 157.16 86.02 187.21 118.15
car 0.519722 9.95 100.65 29.85 123.04
person 0.519678 97.97 155.58 197.07 224.00
aeroplane 0.519663 135.46 0.00 162.33 15.24
car 0.519652 159.37 95.09 186.19 125.44
car 0.519648 131.36 106.06 173.64 143.48
car 0.519600 198.55 83.57 214.14 111.55
dog 0.519514 174.97 126.62 192.32 163.95
aeroplane 0.519510 8.31 0.89 36.42 29.92
aeroplane 0.519457 42.37 59.84 70.46 91.88
bus 0.519404 68.52 168.35 116.82 198.26
dog 0.519391 130.86 178.68 161.00 210.49
boat 0.519379 0.00 20.55 15.29 55.15
dog 0.519335 72.75 203.60 122.29 224.00
aeroplane 0.519333 6.38 15.31 29.34 41.93
car 0.519291 13.73 126.32 34.50 147.40
aeroplane 0.519291 30.46 0.00 119.02 45.43
aeroplane 0.519275 38.61 99.36 65.24 130.20
car 0.519273 31.28 129.90 65.18 167.30
car 0.519232 199.43 73.64 210.72 97.95
boat 0.519203 0.00 69.75 17.33 109.62
aeroplane 0.519110 45.74 142.09 86.84 178.05
car 0.519024 163.17 0.00 221.60 64.14
car 0.519011 11.40 187.51 39.94 210.46
person 0.519008 125.76 157.44 216.37 224.00
sheep 0.518998 127.59 162.96 160.82 204.19
car 0.518996 185.24 21.85 193.39 43.60
dog 0.518958 96.24 117.58 119.43 155.33
aeroplane 0.518956 79.90 44.63 134.55 95.23
aeroplane 0.518938 46.42 115.93 76.82 145.48
dog 0.518926 86.86 178.18 121.90 211.89
aeroplane 0.518912 155.57 75.04 187.12 110.16
car 0.518889 187.72 37.49 196.54 62.50
aeroplane 0.518882 64.54 75.60 95.49 112.91
car 0.518826 124.32 80.08 177.03 120.19
dog 0.518779 166.96 185.31 181.43 208.46
dog 0.518779 192.26 158.88 207.84 187.03
aeroplane 0.518775 142.39 0.00 169.05 14.13
dog 0.518768 191.88 149.65 207.13 180.06
dog 0.518762 168.42 148.40 184.35 187.97
car 0.518737 20.98 207.48 65.97 224.00
aeroplane 0.518730 155.81 65.92 186.03 102.28
car 0.518708 15.49 175.24 61.27 199.35
car 0.518694 18.70 65.55 42.79 89.67
car 0.518690 11.65 46.75 34.76 68.30
car 0.518672 174.43 107.90 192.94 135.38
aeroplane 0.518671 27.56 63.67 52.75 90.51
car 0.518666 120.03 70.20 177.41 112.11
dog 0.518655 132.05 192.72 163.68 222.93
car 0.518630 194.99 56.73 204.92 76.26
aeroplane 0.518598 135.83 8.28 156.22 40.01
boat 0.518590 0.00 42.52 21.47 82.04
aeroplane 0.518588 59.05 88.85 85.56 126.35
car 0.518553 174.28 102.38 194.06 127.84
car 0.518550 177.31 18.81 187.13 41.91
dog 0.518508 129.83 117.88 174.01 166.45
car 0.518495 11.66 110.33 30.52 132.07
car 0.518481 16.21 43.23 42.25 62.01
dog 0.518461 70.43 116.40 94.49 151.23
car 0.518458 165.47 34.67 178.39 62.05
car 0.518455 125.52 112.65 173.93 160.27
car 0.518454 0.00 36.91 22.48 68.81
car 0.518395 167.75 0.00 194.60 14.69
dog 0.518390 192.89 121.68 207.68 151.21
car 0.518375 198.33 23.30 206.94 42.93
car 0.518354 174.05 96.69 196.12 122.64
car 0.518344 174.57 114.17 192.33 144.57
dog 0.518338 193.35 129.82 206.89 160.15
dog 0.518329 192.71 138.91 206.46 170.43
aeroplane 0.518313 58.36 0.00 80.45 23.08
aeroplane 0.518285 166.75 18.72 179.35 41.22
aeroplane 0.518264 36.86 106.82 65.06 137.67
car 0.518257 19.79 102.97 39.18 124.63
dog 0.518252 88.36 117.42 111.30 154.59
car 0.518246 99.29 55.94 169.42 102.41
car 0.518194 20.95 111.42 39.98 134.05
car 0.518184 33.47 123.56 65.02 156.39
dog 0.518178 168.92 162.51 183.15 195.94
aeroplane 0.518140 137.75 16.46 163.24 49.79
car 0.518117 10.25 173.72 48.61 197.97
aeroplane 0.518114 43.70 0.00 139.77 53.87
car 0.518104 26.67 102.33 47.78 127.70
train 0.518095 18.94 77.68 136.17 223.98
car 0.518061 25.82 109.90 47.42 137.25
car 0.518052 14.80 131.68 37.51 154.28
aeroplane 0.518050 22.73 33.91 142.38 156.72
car 0.518032 220.00 3.42 224.00 39.56
aeroplane 0.518028 15.25 37.25 42.19 56.91
car 0.517995 32.71 100.71 55.50 130.59
sheep 0.517990 116.65 173.89 153.81 208.63
car 0.517982 199.80 0.00 224.00 15.82
car 0.517978 181.90 0.00 208.73 13.78
aeroplane 0.517978 125.05 57.04 174.92 96.93
aeroplane 0.517946 162.70 51.52 182.15 81.78
car 0.517943 10.60 54.12 35.33 79.70
aeroplane 0.517936 57.87 78.55 85.38 111.38
bus 0.517913 20.21 176.42 64.72 202.17
car 0.517895 173.70 89.43 197.44 116.93
aeroplane 0.517843 51.74 91.19 79.48 124.91
aeroplane 0.517839 150.71 18.00 169.51 43.71
aeroplane 0.517836 1.18 13.55 24.83 43.87
dog 0.517823 167.75 175.73 182.11 203.76
aeroplane 0.517820 55.75 37.53 100.25 68.23
car 0.517820 193.16 111.70 208.59 141.40
boat 0.517798 0.00 10.68 15.00 47.51
car 0.517796 24.42 118.36 47.65 148.09
aeroplane 0.517765 26.07 41.77 52.29 62.70
aeroplane 0.517764 73.91 105.95 101.55 148.96
boat 0.517742 10.23 73.94 27.75 104.42
car 0.517740 211.42 58.11 216.44 82.73
car 0.517729 14.76 145.33 43.33 166.47
car 0.517719 190.45 0.00 216.37 14.10
car 0.517705 200.25 122.47 211.66 150.93
aeroplane 0.517692 142.94 9.39 161.75 35.84
car 0.517687 185.28 96.47 204.83 120.75
aeroplane 0.517640 50.20 23.43 86.21 55.53
aeroplane 0.517624 150.03 0.00 176.90 13.37
dog 0.517624 198.28 175.71 212.48 207.49
aeroplane 0.517619 40.85 36.65 77.42 59.15
bus 0.517590 42.24 175.14 89.89 198.02
car 0.517589 20.89 120.10 41.83 144.43
aeroplane 0.517580 64.64 0.00 85.75 22.19
boat 0.517552 9.73 87.39 28.61 114.18
car 0.517552 14.41 204.67 54.46 224.00
car 0.517545 192.75 82.41 210.63 110.52
dog 0.517544 200.58 129.31 209.81 158.15
aeroplane 0.517526 2.52 9.38 78.29 117.23
car 0.517484 12.92 119.47 32.16 140.89
car 0.517449 14.23 150.70 45.39 173.69
car 0.517437 194.47 103.53 209.20 131.71
dog 0.517406 166.93 191.99 182.78 217.30
aeroplane 0.517404 175.13 60.28 192.83 89.42
aeroplane 0.517379 45.23 91.79 72.08 123.16
aeroplane 0.517368 25.31 36.83 52.25 57.02
car 0.517366 200.72 103.76 214.65 132.54
car 0.517345 195.05 63.33 205.59 84.56
bus 0.517342 53.37 0.00 160.54 63.60
aeroplane 0.517298 174.00 68.67 195.42 100.01
dog 0.517290 152.47 184.75 171.86 209.47
car 0.517286 0.00 192.79 21.62 224.00
car 0.517264 176.27 35.23 185.82 60.49
car 0.517263 129.90 90.13 175.43 129.48
car 0.517235 30.18 107.95 54.55 139.18
car 0.517229 5.38 185.47 32.83 210.91
car 0.517223 193.93 71.92 207.29 97.58
aeroplane 0.517213 21.95 71.63 43.21 95.52
aeroplane 0.517204 89.91 28.22 148.22 66.68
train 0.517190 105.89 33.96 216.58 174.22
car 0.517169 14.92 138.06 40.74 160.44
dog 0.517143 186.35 120.92 201.90 151.92
aeroplane 0.517138 158.72 0.00 185.59 13.74
car 0.517111 217.03 0.00 224.00 27.23
dog 0.517106 93.48 172.92 131.00 203.47
car 0.517076 173.45 79.05 197.22 109.42
sheep 0.517037 195.64 183.32 214.40 219.83
aeroplane 0.517030 42.73 67.37 67.58 98.39
dog 0.516994 175.75 143.88 193.69 180.83
sheep 0.516975 85.89 199.70 128.25 224.00
boat 0.516913 16.76 78.12 35.71 105.15
bus 0.516897 45.27 152.28 88.91 186.74
aeroplane 0.516883 121.72 6.83 152.90 42.38
boat 0.516882 0.00 0.00 20.37 27.99
dog 0.516878 198.93 158.15 210.46 185.30
sheep 0.516870 119.49 188.65 156.58 221.66
boat 0.516869 34.78 115.72 65.19 147.04
bus 0.516821 20.81 162.71 60.61 198.59
car 0.516771 149.38 33.78 169.35 65.48
dog 0.516688 187.27 128.65 202.46 162.05
car 0.516685 210.47 50.37 217.01 78.17
dog 0.516677 152.88 192.80 173.16 217.51
car 0.516657 186.00 112.28 202.13 141.67
dog 0.516579 199.86 170.86 211.67 200.97
car 0.516544 135.22 51.63 172.03 86.62
car 0.516531 212.00 64.73 215.94 89.44
dog 0.516510 193.64 165.85 208.16 193.39
sheep 0.516488 212.00 177.07 222.85 224.00
car 0.516456 211.07 82.48 217.86 113.71
aeroplane 0.516442 109.24 0.00 147.66 24.08
aeroplane 0.516423 30.41 69.37 53.08 96.63
aeroplane 0.516352 0.00 0.00 16.74 37.18
aeroplane 0.516324 183.96 10.43 193.26 34.27
car 0.516306 199.87 112.71 213.89 142.41
bottle 0.516296 212.00 169.07 222.03 214.89
dog 0.516211 77.72 117.92 102.85 153.96
boat 0.516187 0.00 0.00 67.39 73.26
car 0.516182 164.63 42.75 179.34 70.17
aeroplane 0.516064 42.91 50.81 74.87 83.64
aeroplane 0.516016 47.74 80.33 72.53 111.21
aeroplane 0.516007 189.96 13.06 198.99 34.23
dog 0.516006 187.79 137.65 203.44 172.18
car 0.515955 186.55 104.81 202.55 132.36
dog 0.515888 198.53 147.83 209.85 176.51
car 0.515870 12.95 159.65 47.06 187.53
dog 0.515828 199.95 137.66 209.62 167.42
car 0.515792 24.98 55.35 52.14 83.04
car 0.515791 8.20 200.63 42.43 224.00
sheep 0.515756 176.15 185.36 190.26 205.93
boat 0.515746 18.33 91.07 38.11 115.22
aeroplane 0.515662 1.47 0.00 28.54 31.89
aeroplane 0.515583 176.72 52.40 190.21 78.36
motorbike 0.515572 212.00 119.38 221.66 157.48
dog 0.515550 177.33 154.24 194.03 187.52
car 0.515540 53.99 186.41 104.80 215.09
aeroplane 0.515538 77.68 34.99 130.99 71.26
boat 0.515535 2.55 196.63 34.22 224.00
sheep 0.515533 175.65 191.69 190.86 215.86
dog 0.515468 152.12 172.63 172.55 203.83
dog 0.515418 192.87 179.83 207.99 206.15
dog 0.515364 141.74 130.98 173.53 179.77
person 0.515361 212.00 102.32 221.47 141.01
aeroplane 0.515333 152.84 8.91 169.33 32.05
car 0.515330 188.00 45.51 197.85 68.32
dog 0.515307 190.27 187.75 209.31 218.42
aeroplane 0.515237 177.71 7.51 188.19 32.99
car 0.515070 212.00 72.95 216.39 101.02
aeroplane 0.515058 198.31 11.48 207.22 32.89
dog 0.515058 194.05 172.71 207.82 200.17
dog 0.515046 150.74 156.92 172.55 194.57
bus 0.515045 44.32 163.69 89.35 196.23
person 0.514997 212.00 124.32 221.29 162.54
aeroplane 0.514979 22.90 80.33 44.94 107.06
car 0.514954 111.52 0.00 201.20 63.17
car 0.514953 14.60 56.96 41.91 81.52
aeroplane 0.514919 24.01 14.28 123.58 122.72
car 0.514913 210.38 40.87 217.23 72.19
dog 0.514829 120.12 205.90 161.08 224.00
aeroplane 0.514797 25.15 93.20 47.58 118.33
car 0.514763 124.26 29.95 163.06 71.98
car 0.514756 24.86 46.60 52.08 72.53
aeroplane 0.514736 55.78 11.77 81.76 41.18
aeroplane 0.514730 167.42 7.77 180.15 31.24
dog 0.514709 212.00 166.22 220.93 208.53
aeroplane 0.514699 32.80 93.07 55.88 120.88
car 0.514642 188.00 53.88 199.31 75.41
car 0.514623 14.34 48.56 41.53 70.31
car 0.514586 188.00 61.82 201.25 84.94
dog 0.514581 177.90 165.41 193.08 193.96
car 0.514573 185.30 81.77 205.90 108.28
aeroplane 0.514564 138.25 0.00 158.11 20.48
car 0.514537 63.84 181.58 116.39 213.79
dog 0.514525 176.76 176.47 191.65 200.82
dog 0.514520 188.00 156.95 204.49 186.37
car 0.514491 177.45 43.54 187.56 68.21
car 0.514431 186.81 70.95 203.60 96.87
car 0.514403 210.02 31.58 216.77 63.74
aeroplane 0.514356 13.68 27.74 41.78 51.72
car 0.514268 119.78 93.80 221.44 212.24
sheep 0.514240 97.86 171.05 141.57 204.14
dog 0.514230 146.39 141.80 172.67 185.82
car 0.514228 143.70 43.80 169.52 75.20
car 0.513970 116.55 26.08 216.73 154.97
car 0.513946 209.52 24.28 215.50 54.55
aeroplane 0.513894 18.33 0.00 104.88 74.52
boat 0.513891 37.60 0.00 160.54 93.33
car 0.513843 117.45 42.53 164.18 84.36
aeroplane 0.513735 44.81 43.00 77.78 72.94
aeroplane 0.513701 31.60 79.88 54.50 108.41
aeroplane 0.513685 59.04 21.15 99.28 55.47
dog 0.513529 162.16 203.71 185.71 224.00
aeroplane 0.513464 76.70 19.04 127.63 54.65
bottle 0.513413 188.77 198.94 216.96 224.00
dog 0.513409 170.23 203.88 194.47 224.00
dog 0.513341 147.24 205.04 175.56 224.00
aeroplane 0.513291 42.47 79.41 66.82 108.89
bottle 0.513225 206.71 192.81 224.00 224.00
aeroplane 0.513120 21.25 0.00 49.14 27.62
car 0.513113 150.04 0.00 216.12 94.50
dog 0.513107 188.00 165.01 203.95 192.26
aeroplane 0.513086 12.07 16.51 40.17 42.35
car 0.513082 210.80 18.49 214.54 43.99
dog 0.513038 185.75 188.53 204.24 214.62
aeroplane 0.512961 39.40 26.00 74.83 52.17
dog 0.512953 103.89 201.63 149.53 224.00
person 0.512912 73.71 116.69 194.29 219.43
aeroplane 0.512904 42.63 0.00 67.60 23.89
car 0.512814 134.80 10.64 216.33 125.27
aeroplane 0.512785 23.82 27.20 51.28 51.54
dog 0.512704 181.53 202.90 212.73 224.00
aeroplane 0.512690 30.41 0.00 138.16 81.60
dog 0.512654 212.00 153.65 219.94 190.07
aeroplane 0.512555 143.91 0.00 163.41 19.12
dog 0.512459 136.05 206.74 170.30 224.00
aeroplane 0.512368 179.80 0.00 196.04 21.41
dog 0.512340 187.47 181.63 203.69 204.10
sheep 0.512273 91.01 180.06 130.36 210.92
dog 0.512144 188.00 173.60 203.59 198.94
sheep 0.512106 100.17 182.77 143.63 215.41
dog 0.511979 212.00 142.00 220.27 180.04
aeroplane 0.511917 82.35 9.67 123.80 38.35
aeroplane 0.511740 185.64 0.00 201.74 20.56
aeroplane 0.511583 194.56 0.00 210.39 20.16
aeroplane 0.511343 42.32 13.22 70.38 38.32
aeroplane 0.511223 67.28 9.35 98.00 37.92
aeroplane 0.511183 173.19 0.00 190.87 21.31
aeroplane 0.511035 22.88 16.17 49.08 41.13
person 0.510728 136.25 128.10 224.00 224.00
aeroplane 0.510685 211.38 7.61 215.51 34.98
aeroplane 0.510546 151.43 0.00 171.30 18.62
aeroplane 0.509974 162.86 0.00 181.99 19.22
aeroplane 0.509790 206.63 0.00 217.97 23.32
