motorbike 0.660906 0.17 16.31 221.60 209.42
person 0.603382 6.09 0.00 220.16 187.98
pottedplant 0.577854 3.58 21.46 198.30 206.30
chair 0.562894 2.96 21.63 182.89 207.13
person 0.553931 1.26 30.75 176.94 210.38
person 0.550241 53.72 27.27 207.40 201.69
motorbike 0.549641 121.73 59.51 173.74 84.80
motorbike 0.547717 38.65 6.08 193.67 162.55
motorbike 0.545873 146.66 34.65 204.86 93.07
motorbike 0.545866 109.26 54.19 178.70 97.11
person 0.545434 202.13 17.85 224.00 126.45
car 0.545225 0.00 14.84 13.39 46.15
person 0.545201 72.97 27.85 99.22 81.91
chair 0.542570 1.07 26.07 113.62 199.43
motorbike 0.541155 130.27 50.92 192.55 87.86
motorbike 0.540522 27.70 68.10 191.73 219.35
person 0.540309 157.71 15.22 209.01 130.50
motorbike 0.539847 109.65 65.09 175.10 124.77
person 0.539692 93.79 8.25 199.97 155.81
motorbike 0.539308 21.66 166.02 167.86 224.00
car 0.538928 2.76 18.00 17.90 42.55
person 0.538016 65.28 202.17 123.57 224.00
motorbike 0.537912 109.99 107.00 168.74 156.07
person 0.537845 206.19 46.09 224.00 161.73
person 0.537679 113.46 20.44 148.54 80.77
person 0.537551 98.72 40.37 210.87 189.61
motorbike 0.537352 198.12 111.94 223.59 162.75
person 0.537312 0.00 185.00 36.26 224.00
person 0.537093 178.74 18.25 216.89 122.26
person 0.536979 49.00 3.14 191.37 147.11
aeroplane 0.536300 33.11 198.40 75.08 220.72
person 0.536211 69.78 0.00 163.45 91.18
person 0.535267 190.97 0.00 224.00 65.28
motorbike 0.534505 100.98 146.06 150.99 200.82
person 0.534429 207.42 82.02 224.00 182.58
diningtable 0.534241 217.65 17.51 224.00 70.42
motorbike 0.534058 120.54 50.15 164.79 88.35
person 0.533781 0.00 35.20 89.83 189.03
person 0.533228 0.00 190.72 77.52 224.00
aeroplane 0.533036 29.70 205.50 78.56 224.00
motorbike 0.532772 106.51 83.22 179.03 141.09
person 0.532770 118.65 36.18 159.68 87.44
motorbike 0.532763 131.22 98.17 181.08 162.00
motorbike 0.532628 162.44 15.44 207.65 86.79
aeroplane 0.532342 217.99 14.99 224.00 68.08
chair 0.532208 0.00 46.95 71.20 186.79
person 0.532071 77.09 23.69 109.81 81.34
car 0.531419 0.00 0.00 18.86 27.77
motorbike 0.531155 142.91 103.27 186.99 169.81
person 0.531049 27.78 204.59 79.17 224.00
person 0.530822 78.05 205.53 138.50 224.00
person 0.530782 208.81 101.91 224.00 149.10
motorbike 0.530698 24.52 124.82 179.46 224.00
person 0.530529 153.71 11.45 204.57 85.15
person 0.530456 188.81 186.72 224.00 224.00
car 0.530410 0.00 21.66 12.69 55.82
motorbike 0.530378 117.90 98.72 174.49 148.62
person 0.529852 33.67 197.66 76.42 221.04
person 0.529765 209.20 206.44 224.00 224.00
bottle 0.529748 0.00 202.21 19.55 224.00
person 0.529694 216.98 19.92 224.00 73.73
person 0.529671 79.60 154.05 125.82 210.45
person 0.529659 102.46 19.61 140.01 78.35
chair 0.529532 0.00 68.98 49.08 195.55
motorbike 0.529527 81.35 149.24 126.43 206.03
aeroplane 0.529157 33.52 144.23 75.06 192.39
car 0.528939 0.00 30.74 11.77 65.73
car 0.528824 0.00 48.74 9.74 83.38
person 0.528815 0.00 0.00 45.61 42.88
car 0.528752 0.00 40.55 11.05 75.14
person 0.528701 212.16 95.65 224.00 139.35
car 0.528698 209.80 0.00 224.00 22.16
tvmonitor 0.528588 2.61 124.80 31.91 167.90
person 0.528534 177.31 36.60 224.00 161.87
motorbike 0.528529 49.92 184.69 178.43 224.00
person 0.528504 95.77 208.65 145.77 224.00
motorbike 0.528438 208.11 123.77 224.00 171.97
person 0.528334 84.24 20.45 118.77 78.70
motorbike 0.528105 185.05 112.69 218.48 161.01
person 0.528103 71.68 40.17 92.78 87.65
pottedplant 0.527898 31.29 35.14 64.06 58.31
person 0.527861 218.83 56.92 224.00 104.95
car 0.527775 10.95 18.94 27.34 39.06
motorbike 0.527746 158.10 107.06 196.05 165.99
aeroplane 0.527633 77.71 149.37 124.54 206.16
person 0.527458 153.12 192.92 217.70 224.00
motorbike 0.527200 126.93 193.79 197.99 224.00
tvmonitor 0.527157 0.00 121.08 10.69 169.84
person 0.527132 39.54 204.46 96.68 224.00
car 0.527031 22.00 13.35 50.62 32.11
bottle 0.526852 0.66 205.25 34.60 224.00
person 0.526695 110.97 210.21 152.38 224.00
chair 0.526495 74.23 100.88 97.88 144.64
person 0.526324 70.61 191.04 126.19 224.00
diningtable 0.526278 0.00 8.56 73.19 127.58
dog 0.526242 27.77 205.47 78.95 224.00
motorbike 0.526189 107.42 115.07 158.74 172.16
person 0.526084 9.15 0.00 74.24 36.93
diningtable 0.526049 160.73 10.87 207.87 79.26
motorbike 0.525910 13.24 188.96 122.63 224.00
person 0.525869 217.97 36.67 224.00 88.03
car 0.525756 0.00 0.00 61.06 34.85
person 0.525547 122.20 0.00 195.97 57.90
aeroplane 0.525467 160.50 12.78 207.11 82.48
person 0.525454 150.70 0.00 209.85 58.08
aeroplane 0.525312 13.95 91.50 48.71 145.15
chair 0.525186 82.98 104.22 105.05 141.70
car 0.525169 15.05 13.46 42.46 32.32
horse 0.525168 215.12 132.99 224.00 181.05
diningtable 0.525121 76.41 155.91 124.63 212.00
tvmonitor 0.525107 6.04 137.57 30.23 189.99
car 0.525067 3.08 59.26 17.89 85.44
sheep 0.524930 3.18 188.01 26.83 214.35
car 0.524916 2.82 51.68 17.90 78.40
car 0.524802 0.00 61.17 8.86 96.71
car 0.524748 173.57 0.00 205.23 16.40
motorbike 0.524711 166.07 52.78 205.43 102.39
diningtable 0.524663 0.00 32.64 81.18 154.78
pottedplant 0.524659 31.70 40.51 66.60 63.64
person 0.524658 139.19 21.72 175.83 80.70
aeroplane 0.524646 28.04 11.61 57.36 32.24
person 0.524537 87.85 0.00 181.80 65.68
person 0.524526 113.70 11.77 140.09 55.39
car 0.524502 19.80 0.00 53.70 17.98
aeroplane 0.524466 11.37 137.04 33.96 191.89
pottedplant 0.524406 30.68 29.09 62.21 52.14
car 0.524386 117.29 0.00 148.86 14.19
aeroplane 0.524348 178.44 0.00 210.09 16.99
boat 0.524328 65.73 98.55 93.20 147.03
car 0.524328 148.56 0.00 179.98 14.04
tvmonitor 0.524226 1.85 107.56 35.62 152.09
aeroplane 0.524220 10.28 125.51 33.91 167.74
chair 0.524204 0.00 97.63 34.50 208.49
tvmonitor 0.524130 0.00 131.58 12.66 184.43
person 0.524121 144.70 20.66 187.95 84.42
person 0.524097 0.00 165.17 31.28 224.00
boat 0.524064 5.00 145.78 27.93 194.00
aeroplane 0.524036 9.23 84.20 43.92 133.72
motorbike 0.523988 153.92 120.10 186.06 180.26
person 0.523983 216.00 84.09 224.00 128.22
motorbike 0.523961 170.59 137.93 189.93 190.90
car 0.523956 18.97 20.25 44.76 38.10
chair 0.523938 0.00 135.82 13.16 189.95
aeroplane 0.523929 33.55 161.13 72.16 204.87
car 0.523894 156.14 0.00 189.56 14.32
car 0.523889 30.09 20.67 59.46 42.82
aeroplane 0.523803 18.69 80.37 55.48 135.35
aeroplane 0.523803 81.32 108.55 107.86 163.45
aeroplane 0.523781 80.67 118.16 111.79 179.04
car 0.523507 141.32 0.00 171.88 13.80
diningtable 0.523486 35.94 58.70 67.57 84.62
person 0.523473 169.49 212.00 203.94 224.00
person 0.523458 178.00 212.00 212.80 224.00
car 0.523457 24.84 21.97 53.55 41.00
person 0.523436 186.91 211.40 221.48 224.00
motorbike 0.523424 103.58 128.07 154.07 186.44
aeroplane 0.523333 9.40 108.01 40.23 153.18
person 0.523279 113.38 1.56 138.49 39.08
person 0.523240 27.65 0.00 99.64 49.78
bottle 0.523185 0.00 184.56 12.57 218.54
person 0.523021 0.00 5.01 59.27 114.05
person 0.523002 52.08 0.00 137.93 68.67
person 0.522948 131.10 20.94 166.23 76.55
person 0.522925 0.00 26.25 72.27 142.34
person 0.522882 95.32 146.44 157.01 199.74
car 0.522880 3.71 22.80 17.36 50.49
motorbike 0.522873 165.44 140.81 184.99 190.74
cow 0.522819 207.52 136.24 224.00 223.63
car 0.522711 132.14 0.00 163.72 13.43
car 0.522656 110.32 0.00 140.57 14.73
cow 0.522587 84.57 121.93 117.31 177.95
cow 0.522537 107.15 63.50 208.62 188.05
aeroplane 0.522488 37.08 123.96 76.85 182.47
person 0.522487 71.95 53.41 91.95 95.18
person 0.522474 197.63 209.06 224.00 224.00
person 0.522350 196.85 170.04 224.00 224.00
chair 0.522332 91.24 107.50 110.43 137.52
horse 0.522278 220.00 144.40 224.00 191.45
motorbike 0.522236 165.48 121.47 192.97 180.39
car 0.522208 3.25 42.65 17.69 69.62
aeroplane 0.522153 41.00 105.38 76.61 161.51
chair 0.522131 34.85 50.78 68.33 78.01
motorbike 0.522117 89.43 109.79 111.66 145.73
bottle 0.522105 3.20 160.52 25.54 204.33
motorbike 0.522093 178.02 114.81 210.66 165.69
motorbike 0.522064 136.89 31.68 174.38 88.64
motorbike 0.522004 87.08 113.15 114.29 159.59
cow 0.521994 206.73 111.33 224.00 198.75
motorbike 0.521913 116.77 0.00 145.63 41.74
aeroplane 0.521896 79.61 133.27 117.36 192.84
person 0.521881 162.15 73.32 224.00 183.27
car 0.521881 6.87 0.00 35.64 21.67
diningtable 0.521838 185.54 13.61 215.51 73.38
pottedplant 0.521756 33.64 51.30 67.89 78.16
person 0.521718 127.02 210.47 166.05 224.00
car 0.521714 3.77 32.60 17.15 60.23
tvmonitor 0.521607 34.22 59.05 66.33 84.05
tvmonitor 0.521581 0.00 102.85 8.51 152.29
car 0.521549 34.48 0.00 69.98 18.29
bottle 0.521504 36.48 65.00 66.91 90.15
bottle 0.521372 67.90 50.96 88.17 95.03
person 0.521370 75.54 43.77 99.28 87.21
tvmonitor 0.521364 1.63 83.80 34.11 133.55
cow 0.521348 82.71 136.17 121.26 194.30
bottle 0.521340 2.71 178.86 26.13 211.63
boat 0.521282 67.15 92.02 98.13 131.51
pottedplant 0.521174 33.00 44.84 68.17 71.17
person 0.521167 152.75 211.96 189.49 224.00
bottle 0.521114 6.99 207.38 43.77 224.00
dog 0.521094 52.04 98.52 87.47 149.22
chair 0.521079 72.37 94.09 97.90 128.02
person 0.521069 220.00 165.50 224.00 205.35
aeroplane 0.521060 23.37 137.65 63.23 194.27
car 0.521013 11.51 62.94 26.94 83.60
car 0.520934 10.82 54.95 27.03 76.24
person 0.520925 56.09 35.36 82.32 74.67
aeroplane 0.520880 218.38 0.00 224.00 50.82
person 0.520862 101.97 68.43 122.87 92.37
person 0.520852 104.22 0.00 193.30 97.14
aeroplane 0.520836 18.57 135.06 44.04 193.15
motorbike 0.520826 143.40 0.00 204.07 92.51
motorbike 0.520586 140.79 16.01 174.54 70.87
person 0.520535 119.80 12.23 152.61 61.90
aeroplane 0.520533 215.28 0.00 224.00 33.33
person 0.520447 176.96 0.00 215.74 92.33
boat 0.520439 33.00 11.35 61.14 32.81
tvmonitor 0.520412 34.40 65.47 64.31 89.17
car 0.520191 26.84 28.91 59.19 48.40
motorbike 0.520130 190.15 96.76 221.08 140.47
diningtable 0.520119 72.22 168.53 123.68 223.00
person 0.520110 89.32 65.36 107.83 93.04
aeroplane 0.520075 54.11 95.16 92.86 141.63
car 0.520037 0.00 0.00 49.15 74.60
motorbike 0.519998 0.00 0.00 66.20 78.76
car 0.519994 28.34 34.52 64.29 54.34
boat 0.519979 66.55 80.07 93.25 119.37
chair 0.519900 33.06 20.95 60.92 42.60
boat 0.519884 0.00 82.20 7.18 133.39
boat 0.519882 43.57 0.00 76.00 17.79
person 0.519827 102.53 76.02 117.15 98.95
aeroplane 0.519820 73.35 105.79 98.18 166.50
car 0.519814 103.52 0.00 132.10 15.13
aeroplane 0.519667 17.43 102.89 52.79 155.44
aeroplane 0.519604 38.94 92.59 80.81 144.81
motorbike 0.519591 202.57 95.55 224.00 141.03
motorbike 0.519550 172.28 68.69 205.83 119.99
aeroplane 0.519511 13.95 118.45 40.58 161.02
aeroplane 0.519462 180.81 13.15 213.79 71.40
car 0.519446 11.87 68.48 27.87 90.15
person 0.519386 101.02 4.32 117.37 34.83
person 0.519315 82.97 19.45 104.11 62.15
boat 0.519274 25.58 0.00 60.99 22.90
person 0.519261 0.98 167.38 77.73 224.00
person 0.519186 108.39 3.39 128.81 35.72
sheep 0.519150 29.56 198.56 66.26 217.87
person 0.519143 106.76 12.04 130.39 52.32
chair 0.519125 8.96 86.61 86.72 205.36
aeroplane 0.519112 9.35 158.25 32.07 203.22
car 0.519098 13.22 0.00 44.10 24.46
car 0.519093 0.00 74.80 7.07 119.72
person 0.519064 93.72 6.13 110.63 35.77
car 0.519012 10.57 45.93 26.46 67.48
aeroplane 0.518980 23.46 74.21 57.13 115.06
aeroplane 0.518947 10.32 77.85 39.57 116.70
bottle 0.518934 67.19 65.20 88.41 105.51
car 0.518868 94.85 0.00 122.32 15.62
aeroplane 0.518838 30.83 81.87 71.22 134.89
sheep 0.518783 11.61 189.36 34.29 212.40
car 0.518773 20.26 24.47 47.98 43.07
motorbike 0.518771 146.16 15.52 185.11 74.70
motorbike 0.518766 166.26 40.74 209.61 92.23
person 0.518753 110.45 63.05 156.51 94.09
car 0.518742 10.48 27.08 26.17 49.63
aeroplane 0.518692 22.68 88.01 64.61 148.67
dog 0.518672 220.00 174.09 224.00 209.75
car 0.518651 10.54 36.51 25.89 58.65
chair 0.518644 32.04 36.19 69.53 60.62
person 0.518604 82.73 50.46 107.41 86.22
aeroplane 0.518592 17.80 129.86 40.25 177.81
car 0.518585 86.75 0.00 114.04 15.89
person 0.518561 77.76 58.41 100.14 93.47
motorbike 0.518558 172.61 156.37 188.34 199.14
aeroplane 0.518548 21.99 129.40 54.75 180.46
motorbike 0.518531 160.17 90.15 193.46 143.26
person 0.518488 94.13 75.38 107.87 99.69
dog 0.518470 16.08 206.98 59.28 224.00
motorbike 0.518429 155.29 134.72 180.37 184.18
person 0.518409 20.28 18.05 128.59 141.83
car 0.518393 79.06 0.00 106.08 16.20
person 0.518382 214.66 198.37 224.00 224.00
chair 0.518382 20.76 66.35 141.51 208.80
person 0.518359 68.27 173.30 124.24 223.13
person 0.518334 112.25 55.99 161.35 88.29
car 0.518265 29.16 39.32 67.96 60.05
motorbike 0.518241 134.24 91.08 179.88 141.97
motorbike 0.518208 98.33 112.96 126.99 142.04
motorbike 0.518145 92.85 159.91 139.20 213.25
aeroplane 0.518112 26.74 119.45 67.80 171.39
diningtable 0.518081 1.87 0.00 77.47 86.57
aeroplane 0.518072 19.99 121.84 50.87 170.29
chair 0.518036 8.80 121.39 78.59 223.36
chair 0.518029 100.48 110.18 123.24 134.25
sheep 0.518011 12.96 194.81 35.07 216.88
person 0.517992 32.21 85.95 153.90 224.00
bottle 0.517929 0.00 159.80 12.29 206.11
boat 0.517918 53.56 0.00 82.43 17.18
bottle 0.517910 72.47 67.52 92.27 103.65
boat 0.517906 2.10 76.22 28.38 117.22
aeroplane 0.517886 171.55 0.00 207.78 58.69
car 0.517870 21.03 63.27 47.40 81.66
car 0.517856 2.96 69.88 22.38 101.57
motorbike 0.517852 159.86 145.10 178.20 187.65
motorbike 0.517842 167.33 156.18 182.11 199.78
person 0.517762 97.65 56.18 126.85 85.92
aeroplane 0.517756 35.48 69.83 67.70 99.99
dog 0.517675 220.00 184.47 224.00 220.76
dog 0.517614 86.55 9.84 103.50 35.90
car 0.517593 187.11 0.00 222.01 20.07
person 0.517562 88.76 15.09 110.57 58.74
car 0.517420 19.97 54.99 48.24 74.76
aeroplane 0.517414 32.40 75.04 69.62 116.75
car 0.517339 20.44 30.76 49.03 50.09
aeroplane 0.517261 32.10 182.51 72.65 219.32
person 0.517242 96.68 12.65 116.55 53.86
person 0.517199 77.67 23.68 96.45 60.06
car 0.517198 21.24 69.22 46.91 88.00
dog 0.517103 55.73 105.76 83.26 169.24
motorbike 0.517060 176.30 93.78 206.92 141.82
sheep 0.517042 42.37 12.96 65.74 33.61
motorbike 0.517038 109.80 113.76 159.81 143.00
car 0.517037 11.88 73.15 32.40 100.65
motorbike 0.517036 85.85 62.67 201.67 189.32
motorbike 0.516997 161.59 65.38 196.42 119.43
motorbike 0.516914 174.69 123.50 201.33 176.47
motorbike 0.516902 92.23 126.28 130.87 174.70
dog 0.516886 72.43 115.69 101.21 179.25
car 0.516760 20.38 38.50 48.80 57.84
motorbike 0.516753 109.05 68.93 150.13 101.21
bottle 0.516740 53.14 51.67 83.31 93.62
boat 0.516735 71.33 0.00 97.67 16.53
motorbike 0.516596 89.24 139.41 132.61 192.03
sheep 0.516560 55.20 13.13 73.59 32.74
chair 0.516533 30.21 41.15 69.85 72.80
sheep 0.516528 63.77 0.00 90.10 17.00
motorbike 0.516524 177.35 105.02 208.67 152.16
person 0.516492 25.33 0.00 111.57 97.26
motorbike 0.516417 176.16 149.20 192.96 193.17
motorbike 0.516415 194.22 42.84 220.73 92.60
chair 0.516410 92.34 102.63 109.90 127.56
person 0.516397 103.09 83.63 114.55 105.13
person 0.516372 57.56 41.84 85.17 86.01
motorbike 0.516225 95.47 117.09 129.30 155.52
aeroplane 0.516178 24.16 156.28 56.59 203.02
motorbike 0.516093 89.22 177.88 140.27 224.00
aeroplane 0.516065 51.48 77.07 89.99 120.01
aeroplane 0.516012 173.46 0.00 207.60 31.72
dog 0.516006 174.16 0.00 206.96 28.90
chair 0.515982 94.73 84.29 107.89 106.56
aeroplane 0.515976 18.12 156.10 40.61 202.86
aeroplane 0.515919 72.48 130.10 106.73 189.81
person 0.515899 90.20 39.06 125.74 81.10
sheep 0.515893 10.10 177.90 33.39 209.81
chair 0.515839 82.38 94.74 104.07 122.43
car 0.515803 20.07 46.36 48.79 66.10
chair 0.515774 81.44 71.32 101.13 101.07
chair 0.515648 82.46 83.96 102.40 110.90
motorbike 0.515629 189.03 130.25 212.71 174.13
aeroplane 0.515614 49.29 137.13 84.78 195.23
motorbike 0.515585 106.69 159.88 150.83 208.49
sheep 0.515560 41.59 0.00 70.80 22.94
motorbike 0.515550 194.02 21.19 217.52 79.49
motorbike 0.515506 118.16 155.98 157.06 199.57
aeroplane 0.515503 20.47 73.29 48.25 98.52
sheep 0.515420 22.84 196.49 51.44 216.02
motorbike 0.515408 133.42 123.28 175.28 173.22
motorbike 0.515391 185.12 77.76 218.02 121.58
sheep 0.515384 78.15 13.26 92.98 34.79
car 0.515360 29.43 44.73 70.00 67.33
aeroplane 0.515344 30.02 65.99 61.67 87.67
diningtable 0.515232 89.09 200.02 145.31 224.00
car 0.515188 30.28 59.84 65.93 81.83
motorbike 0.515168 203.73 130.08 221.22 175.38
aeroplane 0.515038 29.63 52.10 69.30 75.54
aeroplane 0.515023 28.48 70.21 59.04 97.83
person 0.515006 98.25 0.00 120.28 20.14
sheep 0.514988 69.63 13.90 83.63 33.23
bottle 0.514873 51.05 63.68 84.50 105.32
dog 0.514857 90.12 0.00 112.08 21.16
cow 0.514837 160.91 171.01 211.56 224.00
motorbike 0.514795 203.76 81.97 224.00 125.56
sheep 0.514793 21.08 190.99 47.43 212.14
person 0.514776 112.11 0.00 140.96 20.08
dog 0.514776 40.05 23.72 65.51 45.21
person 0.514772 21.25 106.42 124.18 224.00
diningtable 0.514709 103.16 176.62 147.27 224.00
motorbike 0.514676 132.78 0.05 161.59 47.76
cow 0.514647 154.02 122.07 206.35 207.65
cow 0.514628 131.53 86.83 203.91 185.87
motorbike 0.514624 142.19 0.00 171.60 52.77
cow 0.514554 147.69 0.00 181.52 56.81
motorbike 0.514543 140.80 153.33 165.98 191.30
person 0.514515 19.88 147.61 138.55 224.00
aeroplane 0.514452 156.74 0.00 195.93 56.57
dog 0.514452 82.72 0.00 104.09 20.79
aeroplane 0.514434 28.08 193.20 63.49 214.54
sheep 0.514282 54.52 24.44 76.12 48.53
chair 0.514175 36.16 31.94 68.56 54.87
sheep 0.514072 53.90 0.00 76.79 21.17
cow 0.514035 109.50 104.41 195.96 205.17
motorbike 0.513997 109.07 147.33 156.46 188.80
dog 0.513997 50.01 115.20 81.57 179.78
motorbike 0.513992 173.75 167.96 186.91 202.86
motorbike 0.513875 160.73 157.70 175.29 197.94
motorbike 0.513751 109.67 78.16 146.34 109.13
motorbike 0.513645 138.20 136.79 172.43 181.86
person 0.513580 106.88 0.00 131.52 19.48
motorbike 0.513558 178.59 158.49 191.83 196.28
person 0.513548 9.96 164.62 112.22 224.00
motorbike 0.513414 180.85 141.69 201.57 185.29
dog 0.513379 72.13 25.11 88.43 54.98
horse 0.513372 193.65 143.33 212.53 181.99
motorbike 0.513365 134.67 69.05 182.43 120.53
sheep 0.513313 10.26 203.88 39.25 224.00
horse 0.513278 197.91 156.89 211.84 189.17
motorbike 0.513232 198.87 63.96 222.68 110.05
chair 0.513232 102.13 103.67 119.32 124.27
person 0.513202 53.75 32.30 80.65 63.25
motorbike 0.513188 122.56 163.97 194.52 224.00
chair 0.513181 93.37 94.25 108.58 116.45
motorbike 0.512898 183.55 153.61 200.88 189.87
motorbike 0.512856 174.81 59.14 212.07 104.67
cow 0.512801 187.83 131.10 224.00 213.75
sheep 0.512701 74.59 0.00 94.29 19.54
diningtable 0.512568 127.08 180.22 160.65 224.00
horse 0.512514 199.20 166.72 210.14 194.92
cow 0.512447 172.88 186.29 189.49 216.77
cow 0.512354 166.10 186.57 183.08 218.66
horse 0.512275 210.73 143.56 222.64 185.51
sheep 0.512237 20.18 204.29 57.00 224.00
aeroplane 0.512225 25.42 178.70 58.26 212.52
aeroplane 0.512175 19.15 177.59 42.70 209.70
person 0.512165 45.78 191.51 87.59 221.62
dog 0.512070 199.85 187.15 212.02 213.72
chair 0.511888 103.19 93.95 115.34 113.85
dog 0.511750 173.78 205.58 199.96 224.00
dog 0.511671 157.20 0.00 191.90 23.37
cow 0.511643 176.92 104.18 224.00 188.11
dog 0.511636 183.02 205.69 208.89 224.00
diningtable 0.511622 113.35 201.51 159.49 224.00
horse 0.511611 212.00 156.36 224.00 192.84
motorbike 0.511521 140.35 166.32 164.00 205.39
dog 0.511474 165.46 206.07 193.92 224.00
motorbike 0.511437 112.10 103.47 152.05 127.57
dog 0.511357 192.71 204.80 217.50 224.00
horse 0.511305 186.49 162.92 200.37 194.44
dog 0.511245 200.04 175.17 209.45 200.63
aeroplane 0.511218 50.66 156.34 86.13 207.05
motorbike 0.510934 160.58 167.64 173.82 203.53
dog 0.510832 212.00 185.91 223.39 216.22
dog 0.510828 149.15 0.00 179.41 22.73
cow 0.510784 181.16 169.88 190.93 200.42
dog 0.510782 205.20 202.07 224.00 224.00
dog 0.510720 212.00 175.16 224.00 203.21
diningtable 0.510651 157.90 206.67 186.91 224.00
cow 0.510536 180.98 186.03 194.11 212.97
dog 0.510288 190.54 186.62 202.74 212.01
cow 0.510251 157.90 185.62 175.73 220.34
diningtable 0.510205 141.96 183.03 167.14 224.00
dog 0.510113 143.41 0.00 170.95 21.41
motorbike 0.509809 111.62 90.63 147.31 118.21
motorbike 0.509744 120.33 0.00 152.86 19.00
diningtable 0.509431 137.45 203.74 170.88 224.00
dog 0.509413 189.37 172.64 199.71 199.34
diningtable 0.509162 148.62 205.87 179.40 224.00
motorbike 0.509023 132.79 0.00 162.15 19.84
dog 0.508538 47.37 177.98 85.62 217.91
