cat 0.667216 11.71 29.62 224.00 191.06
cat 0.570387 69.41 32.18 201.91 176.47
cat 0.563986 63.43 37.18 151.82 112.95
cat 0.553919 113.55 57.41 189.53 144.75
cat 0.545069 207.65 46.27 224.00 165.08
cat 0.545063 55.01 51.78 137.15 107.07
cat 0.544034 80.65 49.97 162.49 129.27
cat 0.543202 116.64 25.74 187.99 107.10
cat 0.541362 108.53 104.82 180.56 172.59
cat 0.540204 62.99 71.87 131.61 133.12
cat 0.538863 29.71 28.03 185.37 157.15
bird 0.537769 0.00 210.19 32.27 224.00
sheep 0.537362 0.00 44.56 55.53 190.94
cat 0.536859 0.00 37.75 51.19 181.98
cat 0.536729 100.70 47.03 182.74 122.41
sheep 0.536451 137.76 208.96 175.29 224.00
cat 0.535710 86.05 25.23 153.23 97.86
cat 0.535667 126.09 10.25 194.86 85.58
bird 0.535561 0.00 206.46 20.95 224.00
sheep 0.535519 121.15 209.09 159.84 224.00
cat 0.535112 0.00 48.29 174.32 224.00
sheep 0.534949 155.56 208.98 193.25 224.00
sheep 0.534537 178.55 211.48 211.89 224.00
cat 0.534356 17.79 37.01 136.78 202.56
cat 0.534321 68.77 86.90 203.33 201.67
cat 0.534153 205.05 71.84 224.00 188.60
sheep 0.534152 206.54 208.01 224.00 224.00
cat 0.533738 114.53 29.26 216.80 174.33
sheep 0.533692 104.83 209.58 145.03 224.00
cat 0.533614 116.94 80.26 189.01 168.38
sheep 0.533593 165.67 209.19 202.71 224.00
cat 0.533451 63.48 89.57 116.92 138.44
cat 0.533367 198.77 103.60 224.00 214.72
cat 0.533204 208.28 0.00 224.00 19.00
cat 0.533168 204.39 16.61 224.00 143.43
bottle 0.533139 58.93 22.43 137.73 80.23
sheep 0.532860 16.29 44.52 136.68 197.33
bottle 0.532529 43.13 17.70 106.37 57.67
bottle 0.532528 90.55 24.56 149.24 84.32
sheep 0.532332 0.00 39.37 96.10 200.41
cat 0.532161 60.06 25.15 141.52 92.02
cat 0.531876 0.00 37.36 86.24 192.84
cat 0.531136 195.87 0.00 224.00 60.31
sheep 0.531113 193.09 212.00 224.00 224.00
cat 0.531066 82.80 70.72 151.08 138.52
cat 0.530996 95.43 65.08 172.02 142.95
cat 0.530793 49.24 21.84 125.77 72.12
cat 0.530533 100.21 93.73 169.59 161.74
sheep 0.530407 91.03 209.48 131.23 224.00
cat 0.530132 63.68 96.60 127.62 150.98
cat 0.529823 92.96 142.58 205.37 224.00
sheep 0.529394 9.86 212.84 52.87 224.00
dog 0.529152 23.98 212.49 65.56 224.00
cat 0.529076 106.21 16.10 180.71 82.03
sheep 0.528955 11.00 161.25 96.45 224.00
cat 0.528951 103.39 115.24 157.36 172.61
dog 0.528311 179.41 159.19 224.00 224.00
cat 0.528226 219.73 86.86 224.00 136.26
cat 0.527326 69.83 112.35 124.48 167.59
sheep 0.527229 27.02 176.84 61.73 204.95
bird 0.527150 0.00 0.00 19.53 23.36
sheep 0.527139 41.62 211.12 78.40 224.00
cat 0.527100 62.14 98.55 100.26 142.76
cat 0.526872 0.00 0.00 44.50 43.48
sheep 0.526545 15.36 120.89 114.23 220.08
bottle 0.526514 71.24 0.00 190.03 130.85
cat 0.526420 19.63 94.68 179.76 205.69
cat 0.526413 58.57 62.82 116.97 111.86
cat 0.526133 219.77 124.93 224.00 171.34
cat 0.526129 220.00 98.88 224.00 151.08
cat 0.525910 72.72 103.64 140.92 163.01
sheep 0.525720 58.48 211.07 95.87 224.00
sheep 0.525553 31.93 98.24 58.95 133.44
cat 0.525487 49.94 54.59 108.76 96.06
bottle 0.525360 198.97 0.00 224.00 16.93
sheep 0.525348 74.53 211.00 111.43 224.00
cat 0.525321 86.53 93.89 147.16 156.16
sheep 0.525307 0.00 157.43 24.45 193.91
cat 0.525272 30.21 91.28 59.80 128.30
bottle 0.525170 105.74 0.00 140.04 15.49
cat 0.525122 220.00 61.90 224.00 110.80
bottle 0.525011 199.87 0.00 224.00 95.09
sheep 0.524728 27.21 17.57 80.51 42.57
sheep 0.524655 0.00 159.83 61.09 224.00
cat 0.524288 119.23 0.00 156.73 14.48
bottle 0.524236 93.60 0.00 184.55 83.18
bottle 0.524171 78.81 0.00 115.55 17.40
sheep 0.524153 26.15 97.95 49.51 132.62
bottle 0.524130 45.99 0.00 139.88 52.85
cat 0.524125 47.08 155.11 171.74 224.00
cat 0.524106 28.89 49.90 61.44 78.35
sheep 0.524061 0.00 151.01 10.77 196.49
cat 0.523967 0.00 23.15 41.63 131.73
boat 0.523871 189.81 0.00 218.39 16.30
cat 0.523739 29.75 57.32 58.64 86.65
cat 0.523719 27.78 38.92 66.87 70.45
bottle 0.523694 220.00 20.17 224.00 67.97
bottle 0.523621 90.97 0.00 126.42 16.69
sheep 0.523490 0.00 102.45 64.70 213.20
bird 0.523393 0.00 10.87 11.16 44.40
bottle 0.523374 133.64 6.31 195.44 63.06
cat 0.523342 66.59 102.77 109.69 147.09
bottle 0.523297 62.36 0.00 96.93 21.07
cat 0.523278 4.25 157.90 126.16 224.00
cat 0.522942 184.46 138.10 224.00 224.00
bottle 0.522691 32.54 1.50 168.30 114.47
sheep 0.522640 0.00 3.31 11.49 37.00
bottle 0.522510 98.07 12.31 200.90 146.11
cat 0.522323 219.67 138.27 224.00 182.98
cat 0.522267 76.63 119.79 129.65 178.44
cat 0.522111 121.29 65.86 224.00 192.49
sheep 0.522016 8.73 161.75 33.32 192.64
bottle 0.521926 136.42 0.00 171.35 13.57
bottle 0.521782 26.81 0.00 111.87 39.34
cat 0.521727 133.60 93.82 196.99 170.55
cat 0.521692 63.28 124.67 209.47 218.80
bottle 0.521628 220.00 43.15 224.00 92.78
cat 0.521587 31.03 63.34 57.87 94.70
sheep 0.521454 16.39 179.35 48.98 202.17
sheep 0.521451 0.00 0.00 14.11 28.77
bottle 0.521282 62.29 0.00 165.43 76.55
sheep 0.521154 34.14 109.65 57.53 148.47
sheep 0.521076 0.00 0.00 27.11 19.63
sheep 0.520987 26.17 64.95 49.63 94.26
sheep 0.520959 26.05 58.41 52.91 84.79
cat 0.520958 181.40 0.00 212.37 15.71
sheep 0.520876 0.00 62.66 9.40 108.51
cat 0.520856 104.37 146.43 139.88 195.41
sheep 0.520846 28.17 0.00 68.87 20.95
bottle 0.520842 13.79 0.00 89.11 36.67
sheep 0.520824 26.75 27.38 73.73 62.95
sheep 0.520799 0.00 14.96 20.64 39.42
cat 0.520676 41.94 19.99 103.28 64.34
sheep 0.520657 0.00 117.97 8.08 167.26
sheep 0.520617 34.84 119.35 56.79 157.10
sheep 0.520572 27.17 158.22 61.96 203.90
sheep 0.520554 0.00 133.83 9.43 182.63
sheep 0.520553 21.08 170.23 56.20 202.08
bottle 0.520498 84.44 14.44 148.31 61.73
sheep 0.520458 10.47 178.09 35.23 201.86
cat 0.520361 83.45 134.17 128.11 190.98
cat 0.520354 30.69 71.25 58.15 107.64
cat 0.520340 96.58 123.79 143.05 178.96
sheep 0.520270 25.47 82.85 53.04 120.24
sheep 0.520202 220.00 156.45 224.00 196.80
cat 0.520143 104.38 131.28 147.94 189.79
sheep 0.520137 89.93 149.22 126.62 198.81
cat 0.520091 171.94 0.00 205.36 15.06
sheep 0.520011 79.00 136.93 118.58 187.99
cat 0.519947 139.53 69.56 203.07 143.94
cat 0.519916 36.13 99.05 61.30 131.39
bottle 0.519904 56.38 8.58 95.85 38.76
sheep 0.519899 0.00 173.79 27.94 203.15
cat 0.519854 55.36 85.79 101.82 130.97
bottle 0.519838 161.93 0.00 196.76 14.40
sheep 0.519770 216.35 189.74 224.00 222.01
sheep 0.519761 218.96 177.48 224.00 211.04
bird 0.519713 0.00 20.79 11.22 59.79
cat 0.519709 120.16 37.42 196.10 128.13
bottle 0.519703 151.08 0.00 187.41 13.13
sheep 0.519665 25.76 51.55 58.01 75.70
cat 0.519607 137.67 147.83 224.00 224.00
sheep 0.519599 0.00 65.97 18.34 103.96
sheep 0.519593 26.85 20.01 78.12 54.32
sheep 0.519509 184.24 185.60 203.94 211.95
sheep 0.519478 26.23 72.90 50.66 107.28
sheep 0.519372 0.00 205.02 29.63 224.00
cat 0.519361 64.60 115.19 90.90 153.91
sheep 0.519352 0.00 8.36 20.33 31.96
bottle 0.519305 27.88 15.37 100.32 49.56
sheep 0.519284 0.00 187.95 12.77 223.82
sheep 0.519181 99.43 158.96 133.29 204.02
bottle 0.519128 115.83 6.43 179.34 59.37
bottle 0.519108 220.00 4.05 224.00 55.32
sheep 0.519054 23.57 190.45 63.03 224.00
sheep 0.519034 0.00 167.31 12.86 206.92
bottle 0.518903 158.68 0.00 224.00 60.93
sheep 0.518886 6.95 153.62 32.54 187.03
cat 0.518886 27.18 15.94 98.12 54.09
bottle 0.518827 62.47 15.15 130.41 58.37
sheep 0.518824 25.14 41.85 64.38 68.51
bottle 0.518775 194.07 88.59 216.83 133.56
cat 0.518703 45.10 30.01 105.83 77.49
cat 0.518659 134.22 102.00 224.00 211.41
dog 0.518650 38.75 118.99 59.67 154.43
sheep 0.518626 15.24 171.11 44.59 198.73
cat 0.518610 169.13 149.96 195.28 189.90
sheep 0.518598 0.00 94.10 7.14 143.10
sheep 0.518576 26.38 0.00 77.84 30.68
cat 0.518485 42.51 96.99 72.81 131.88
sheep 0.518482 0.00 28.65 9.96 68.71
sheep 0.518464 27.58 15.62 77.80 34.14
sheep 0.518398 104.72 171.09 142.40 213.39
cat 0.518313 209.49 87.88 224.00 134.02
sheep 0.518252 83.15 152.09 116.33 196.39
bottle 0.518244 191.05 52.28 215.77 103.52
bottle 0.518217 212.90 0.00 224.00 19.86
sheep 0.518118 0.00 140.13 20.92 180.84
sheep 0.518076 178.38 184.08 201.13 214.03
sheep 0.518042 0.00 32.14 21.20 63.58
sheep 0.518041 0.00 47.68 8.58 87.82
cat 0.518016 190.48 155.16 205.49 183.22
cat 0.517961 128.68 108.59 187.64 178.47
sheep 0.517934 24.86 121.40 47.58 158.22
sheep 0.517929 0.00 24.01 21.52 54.52
sheep 0.517850 64.90 126.61 88.06 161.32
sheep 0.517835 13.90 162.14 41.67 194.57
sheep 0.517833 0.00 77.92 7.96 125.13
sheep 0.517802 7.60 0.00 37.19 17.22
sheep 0.517728 26.43 111.12 47.78 148.69
cat 0.517701 195.10 92.45 216.11 139.88
sheep 0.517663 190.03 162.55 204.06 191.48
sheep 0.517564 104.23 186.42 148.02 224.00
sheep 0.517497 0.00 38.43 8.82 77.17
sheep 0.517471 0.00 42.03 20.41 72.06
sheep 0.517441 0.00 131.69 18.01 172.49
sheep 0.517429 10.60 68.68 26.20 95.20
sheep 0.517424 25.43 183.34 71.50 208.15
bottle 0.517423 144.30 12.82 224.00 138.66
dog 0.517380 171.43 159.45 193.78 197.54
cat 0.517369 148.28 119.43 196.22 178.45
sheep 0.517318 16.04 0.00 52.94 18.17
sheep 0.517307 10.57 61.20 27.41 86.37
bottle 0.517289 134.25 0.00 182.68 37.25
sheep 0.517252 0.00 140.67 138.94 224.00
cat 0.517212 25.23 23.25 80.21 62.96
cat 0.517188 190.08 146.90 206.84 176.47
sheep 0.517184 67.80 123.51 99.44 161.03
sheep 0.517155 0.00 51.31 19.35 83.15
cat 0.517113 59.20 104.09 88.57 145.99
cat 0.516972 183.38 153.06 202.06 186.18
sheep 0.516938 181.42 197.68 205.18 224.00
sheep 0.516931 15.13 17.57 38.94 34.75
bottle 0.516906 170.95 80.43 208.58 137.94
cat 0.516905 0.00 27.71 70.73 141.39
sheep 0.516853 1.24 190.47 28.68 220.68
cat 0.516843 39.05 52.75 87.53 88.25
bottle 0.516669 112.26 0.00 157.80 17.91
cat 0.516657 159.79 135.52 195.84 184.21
sheep 0.516631 187.80 173.24 203.35 201.11
sheep 0.516629 20.85 100.13 41.87 127.49
cat 0.516608 197.26 138.14 213.63 168.54
sheep 0.516608 14.12 21.23 38.22 41.25
sheep 0.516586 19.84 93.87 42.61 121.57
cat 0.516533 189.43 137.76 208.74 170.38
cat 0.516467 183.42 160.11 200.17 194.00
sheep 0.516462 70.57 127.63 111.31 171.83
bottle 0.516461 180.54 19.54 216.21 65.69
bottle 0.516377 135.27 62.24 202.74 139.05
cat 0.516337 35.45 44.25 89.68 80.57
bottle 0.516325 208.31 53.69 224.00 101.87
sheep 0.516309 20.26 205.89 64.09 224.00
cat 0.516279 181.85 143.13 203.66 180.69
cat 0.516263 113.14 119.11 169.61 187.71
sheep 0.516254 17.38 151.40 51.53 194.55
cat 0.516200 208.98 62.20 224.00 108.27
cat 0.516197 13.99 30.34 107.44 144.85
bottle 0.516173 124.19 0.00 167.50 17.42
bottle 0.516151 158.39 15.13 210.22 71.27
cat 0.516095 196.82 145.59 211.71 174.78
sheep 0.516021 58.71 114.95 82.71 153.40
sheep 0.516000 39.01 127.17 59.37 163.54
sheep 0.515934 4.76 136.51 27.28 167.39
cat 0.515880 211.21 97.84 224.00 147.57
sheep 0.515857 4.92 145.10 29.94 177.51
sheep 0.515772 4.90 128.30 26.28 157.72
cat 0.515756 196.26 154.06 210.34 181.28
cat 0.515747 209.74 132.83 224.00 170.88
sheep 0.515746 39.58 0.00 86.65 23.29
bottle 0.515711 135.73 16.21 201.49 87.81
cat 0.515676 174.55 85.05 208.74 142.81
dog 0.515675 148.82 142.53 184.01 190.93
cat 0.515664 197.97 130.89 216.42 163.27
sheep 0.515656 21.51 66.57 44.07 91.73
cat 0.515629 32.76 81.57 60.46 118.33
bottle 0.515624 97.96 0.64 146.91 38.89
bottle 0.515599 99.21 8.70 164.92 61.68
cat 0.515534 29.11 18.03 145.69 123.58
sheep 0.515490 8.71 191.29 38.57 218.75
sheep 0.515414 10.38 75.49 25.76 103.43
sheep 0.515393 12.74 52.25 30.57 75.64
sheep 0.515347 22.96 130.84 47.42 168.79
bottle 0.515338 193.51 69.96 215.47 116.20
sheep 0.515326 8.81 94.96 25.66 122.20
sheep 0.515323 15.31 191.28 53.48 218.93
sheep 0.515312 99.20 199.72 143.65 224.00
sheep 0.515281 9.39 101.85 25.54 129.77
sheep 0.515220 12.99 26.47 36.84 49.35
bottle 0.515217 220.00 0.00 224.00 36.91
cat 0.515204 177.22 130.93 204.99 175.33
sheep 0.515192 0.00 91.54 15.55 130.68
sheep 0.515181 63.75 138.22 86.30 171.18
sheep 0.515155 30.16 146.42 63.44 194.79
sheep 0.515127 54.36 185.38 92.36 210.72
sheep 0.515053 93.60 185.72 132.41 221.89
sheep 0.515051 13.26 34.27 35.55 58.44
sheep 0.515043 67.99 135.60 94.44 169.57
cat 0.515022 189.64 128.50 211.17 164.94
dog 0.515001 46.92 116.75 67.22 153.25
cat 0.514993 196.35 106.97 217.34 152.27
dog 0.514966 181.70 171.54 200.12 203.77
sheep 0.514951 72.91 142.97 105.81 182.41
sheep 0.514944 0.00 115.16 15.83 156.79
cat 0.514913 32.64 31.71 92.51 71.97
cat 0.514890 197.58 120.17 217.95 158.28
sheep 0.514870 56.80 125.77 78.33 162.21
sheep 0.514848 13.70 42.84 33.55 66.19
sheep 0.514822 35.74 178.73 80.04 203.60
cat 0.514793 112.45 148.72 158.63 204.48
sheep 0.514747 195.00 163.37 209.00 189.90
sheep 0.514701 92.46 173.85 127.68 210.64
sheep 0.514641 85.43 186.18 119.01 218.99
dog 0.514639 154.83 157.80 183.20 200.71
sheep 0.514614 20.19 83.93 43.01 113.68
sheep 0.514575 166.58 185.74 197.28 218.76
cat 0.514565 171.50 119.17 206.20 169.99
bottle 0.514553 142.57 0.00 200.33 48.65
sheep 0.514530 13.86 11.39 37.92 28.13
cat 0.514503 162.86 105.65 205.68 165.57
bottle 0.514496 68.92 3.32 123.27 35.09
sheep 0.514452 167.64 196.77 198.90 224.00
sheep 0.514425 21.10 74.17 42.47 102.02
sheep 0.514354 8.99 84.87 25.47 113.60
sheep 0.514348 66.68 187.46 98.46 212.54
sheep 0.514319 31.06 137.20 57.15 181.77
bottle 0.514306 165.89 43.70 205.04 109.30
cat 0.514231 210.99 117.10 224.00 161.42
sheep 0.514223 83.68 175.59 114.88 208.84
bottle 0.514188 131.32 34.04 198.92 116.42
cat 0.514182 44.55 105.39 68.09 144.77
cat 0.514059 153.50 90.74 203.32 161.44
cat 0.514054 187.53 116.49 211.89 160.27
sheep 0.514033 74.85 157.38 103.35 191.78
sheep 0.513989 114.07 197.40 158.81 224.00
sheep 0.513936 126.70 198.36 166.55 224.00
bottle 0.513926 106.99 0.00 161.44 37.29
sheep 0.513919 15.55 126.41 35.68 155.91
sheep 0.513910 23.52 19.43 63.75 40.15
sheep 0.513880 56.24 195.55 95.10 224.00
sheep 0.513877 76.34 187.42 107.20 214.81
sheep 0.513858 85.93 198.45 121.15 224.00
cat 0.513794 137.31 124.58 185.16 184.06
bottle 0.513774 187.92 33.95 214.53 80.47
bottle 0.513583 204.06 18.67 223.32 65.35
sheep 0.513552 21.16 34.10 59.17 57.80
sheep 0.513552 54.65 178.86 90.14 204.59
sheep 0.513532 20.59 106.05 39.31 135.53
sheep 0.513529 192.08 174.42 207.83 200.46
sheep 0.513445 60.63 150.24 85.97 181.68
dog 0.513368 168.80 172.27 194.78 208.88
sheep 0.513356 19.04 141.13 48.36 182.26
sheep 0.513316 5.52 118.48 25.44 149.14
sheep 0.513285 67.43 149.63 92.03 179.78
cat 0.513242 182.33 102.15 210.14 155.21
sheep 0.513233 21.68 25.25 61.09 48.73
sheep 0.513180 154.42 197.51 188.93 224.00
sheep 0.513132 66.65 198.25 101.88 224.00
bottle 0.513026 53.03 0.00 104.81 29.62
sheep 0.513003 45.40 126.43 66.04 162.52
sheep 0.512926 7.89 108.88 25.12 139.15
bottle 0.512898 26.56 0.00 130.88 78.19
sheep 0.512880 13.67 135.40 35.56 166.09
sheep 0.512875 51.78 136.62 76.39 173.64
bottle 0.512871 158.00 0.00 206.06 42.52
sheep 0.512863 41.92 160.29 77.23 196.07
sheep 0.512853 45.99 148.63 76.93 186.07
dog 0.512841 124.01 150.08 165.88 202.58
sheep 0.512831 24.78 13.78 66.54 29.89
bottle 0.512809 0.00 0.00 69.25 70.48
sheep 0.512700 11.38 144.69 36.85 178.00
sheep 0.512696 38.54 192.64 83.21 224.00
sheep 0.512674 74.44 167.54 102.05 199.51
sheep 0.512650 17.85 115.37 36.74 146.09
bottle 0.512631 165.08 28.39 205.97 88.30
sheep 0.512582 76.22 198.78 110.20 224.00
bottle 0.512494 16.24 0.00 99.62 70.23
bottle 0.512477 192.14 0.00 216.58 14.99
sheep 0.512429 29.89 169.55 70.19 203.06
sheep 0.512426 74.81 178.11 103.20 205.80
bottle 0.512419 207.83 32.70 224.00 78.26
cat 0.512392 207.61 149.47 224.00 183.19
sheep 0.512330 143.17 198.12 179.34 224.00
bottle 0.512324 139.31 0.00 182.78 16.95
sheep 0.512226 66.39 179.45 95.11 204.43
cat 0.512203 42.12 79.22 77.92 118.77
sheep 0.512189 58.15 160.73 86.45 191.75
sheep 0.512151 55.64 169.86 87.77 199.68
sheep 0.512062 31.30 204.39 76.29 224.00
sheep 0.512021 67.11 161.45 92.23 189.67
sheep 0.512001 206.60 160.26 222.94 191.56
cat 0.511946 129.50 136.45 173.44 191.14
bottle 0.511946 168.50 61.69 205.50 122.68
bottle 0.511873 33.47 0.00 93.78 31.14
sheep 0.511771 121.28 187.00 164.78 224.00
bottle 0.511700 184.58 6.51 217.42 50.36
cat 0.511596 44.94 66.19 82.23 105.82
dog 0.511519 136.06 154.43 172.77 200.99
sheep 0.511484 197.23 195.44 216.83 220.78
sheep 0.511283 66.18 170.38 92.93 198.25
dog 0.511175 152.62 173.34 183.33 213.19
sheep 0.511132 39.81 135.63 66.14 175.63
sheep 0.511027 204.43 171.84 219.82 200.70
sheep 0.510888 201.15 183.25 218.19 208.78
bottle 0.510756 174.30 0.00 211.95 34.85
bottle 0.510592 181.31 0.00 211.38 15.89
bottle 0.510506 167.91 0.00 204.75 17.29
sheep 0.510498 116.48 169.46 159.26 216.66
dog 0.509975 128.78 170.71 166.83 215.58
bottle 0.509516 191.11 0.00 216.48 29.24
bottle 0.508877 206.98 2.91 222.77 51.12
bottle 0.507478 207.14 0.00 220.38 31.49
