dog 0.683853 23.23 62.66 211.09 205.41
dog 0.654761 75.26 57.80 195.67 178.98
dog 0.593427 59.75 83.72 191.68 205.57
dog 0.588279 98.16 40.31 128.64 103.93
cow 0.587857 84.51 98.27 182.79 199.81
dog 0.585913 87.60 32.39 183.29 159.18
sheep 0.585131 81.77 107.72 180.58 205.95
sheep 0.584091 101.86 65.17 191.81 167.90
dog 0.577800 108.11 39.35 176.32 133.50
person 0.577206 37.18 87.38 74.06 178.18
dog 0.577073 109.68 66.56 208.52 183.90
sheep 0.576655 85.97 80.92 185.61 183.23
sheep 0.574946 73.60 127.68 171.23 220.35
dog 0.571443 31.52 84.34 73.44 184.98
sheep 0.571301 25.86 53.08 186.60 196.28
dog 0.571256 25.85 91.21 151.70 213.22
dog 0.563520 80.00 108.24 168.52 203.75
sheep 0.561754 27.80 132.95 64.77 206.77
dog 0.560554 180.84 73.06 224.00 180.85
sheep 0.555412 78.01 136.81 144.53 212.87
sheep 0.551715 29.09 83.88 126.50 189.62
cow 0.551480 112.95 72.58 185.27 165.96
sheep 0.550446 66.46 150.77 128.32 211.79
horse 0.549955 185.74 90.57 206.94 178.24
sheep 0.549630 75.10 106.64 143.97 186.62
dog 0.547991 37.31 75.69 164.10 184.91
sheep 0.545739 82.94 70.75 139.18 149.42
person 0.545615 46.74 91.64 80.61 172.98
sheep 0.545578 3.95 87.28 91.17 193.09
dog 0.545280 117.38 16.77 166.79 109.09
sheep 0.544830 108.71 60.00 158.77 144.57
sheep 0.544587 73.27 85.60 133.10 163.14
dog 0.544421 186.20 95.61 206.31 180.79
sheep 0.543922 0.00 88.19 58.73 197.20
cow 0.543699 148.89 78.47 193.88 165.22
dog 0.542959 139.90 71.89 194.33 163.46
dog 0.542552 101.06 40.29 142.98 108.44
person 0.542541 48.36 91.63 70.27 151.75
horse 0.542121 168.42 81.64 199.86 167.82
dog 0.542043 21.98 101.41 66.88 184.77
dog 0.541649 83.13 127.98 151.48 207.14
dog 0.540968 110.46 13.27 154.58 96.36
horse 0.540321 191.14 83.54 209.55 169.38
dog 0.540035 166.06 77.65 199.47 162.78
sheep 0.539595 36.54 162.49 64.95 209.61
sheep 0.539054 0.00 127.18 12.00 186.71
sheep 0.539021 84.12 62.21 128.50 128.90
dog 0.537845 68.88 117.73 180.47 224.00
person 0.537791 0.00 92.48 11.20 136.37
pottedplant 0.537439 0.00 132.03 11.96 191.43
dog 0.536918 162.68 109.07 186.30 188.72
sheep 0.536576 55.69 93.46 100.03 172.44
dog 0.536570 104.02 44.60 157.61 116.61
dog 0.536413 88.09 53.01 125.36 106.41
person 0.536322 0.00 122.82 12.74 181.32
sheep 0.536235 19.80 114.69 67.60 194.81
dog 0.536183 211.36 97.25 224.00 166.64
dog 0.535980 100.02 11.11 174.48 120.64
cow 0.535869 162.35 104.12 187.93 183.83
dog 0.535798 189.41 82.66 206.45 159.71
dog 0.535599 45.00 93.16 70.10 157.11
sheep 0.535009 54.86 153.11 96.82 209.81
bird 0.534954 54.63 87.43 74.60 127.62
sheep 0.534638 70.33 81.03 119.72 146.82
cow 0.534367 171.44 101.67 194.45 182.66
cow 0.534360 124.03 92.72 179.87 180.05
bird 0.534200 50.45 88.59 70.60 131.34
dog 0.534083 171.18 107.61 192.02 187.32
sheep 0.533530 15.97 120.92 54.60 188.08
person 0.533454 0.00 110.30 11.83 164.19
pottedplant 0.533400 0.00 201.46 19.93 224.00
horse 0.533279 211.15 92.43 224.00 160.92
person 0.532923 54.68 91.31 73.62 132.91
dog 0.532688 214.76 81.20 224.00 129.58
dog 0.532623 15.98 112.62 48.32 179.79
sheep 0.532619 102.60 56.24 145.97 136.48
dog 0.532602 0.04 96.58 19.69 132.31
sheep 0.532559 2.10 127.81 23.38 183.91
dog 0.532368 100.41 18.69 135.13 82.03
cow 0.532244 0.00 93.72 64.78 194.36
dog 0.532210 182.65 107.27 200.84 185.26
sheep 0.532060 49.80 206.73 81.29 224.00
sheep 0.531979 40.02 204.29 73.07 224.00
dog 0.531951 184.81 39.57 224.00 157.32
dog 0.531877 188.21 116.42 205.12 190.74
sheep 0.531767 39.29 177.46 64.29 212.97
dog 0.531567 122.06 10.96 161.25 89.93
boat 0.531339 0.00 0.00 16.52 29.44
bird 0.531294 0.00 82.37 52.79 187.98
person 0.531205 205.18 208.27 224.00 224.00
dog 0.531054 192.70 168.34 224.00 224.00
dog 0.530679 193.95 82.24 210.28 132.78
cow 0.530543 0.00 72.19 167.56 192.75
pottedplant 0.530532 0.00 205.66 29.81 224.00
sheep 0.530506 9.88 125.26 40.14 183.81
sheep 0.530440 76.51 70.57 119.72 126.46
pottedplant 0.530335 33.81 203.96 66.58 224.00
person 0.530327 60.14 84.94 80.27 123.68
pottedplant 0.530304 0.00 160.34 11.76 207.58
dog 0.529579 133.92 109.77 175.04 196.91
bird 0.528875 0.00 0.00 40.18 45.08
sheep 0.528779 59.24 209.42 95.36 224.00
dog 0.528653 187.29 212.43 218.09 224.00
dog 0.528601 194.96 105.71 224.00 207.86
sheep 0.528501 62.57 116.40 115.16 192.02
sheep 0.528359 103.84 15.64 131.45 64.24
sheep 0.528316 47.11 94.37 80.87 181.78
dog 0.528267 1.62 103.66 19.67 142.82
dog 0.528248 55.33 82.70 76.23 124.88
dog 0.528190 125.47 58.04 188.02 149.78
bird 0.528085 94.24 12.70 174.97 116.93
dog 0.527953 156.62 68.81 196.31 145.04
dog 0.527916 8.18 97.40 28.21 129.06
dog 0.527892 45.65 89.39 68.52 133.70
sheep 0.527609 98.08 19.59 134.71 74.37
dog 0.527574 60.09 81.73 80.59 121.86
car 0.527443 177.40 0.00 224.00 59.81
dog 0.527366 70.48 72.09 107.53 114.73
car 0.527298 209.03 0.00 224.00 24.70
pottedplant 0.527276 3.34 208.73 40.09 224.00
dog 0.527271 11.73 120.59 36.97 175.89
dog 0.527126 216.14 117.77 224.00 179.08
horse 0.527065 195.85 89.95 215.82 172.04
person 0.527031 56.02 89.06 79.12 146.61
cow 0.526959 0.00 154.30 53.02 224.00
dog 0.526889 27.00 100.61 61.38 157.89
dog 0.526859 179.57 211.74 211.23 224.00
dog 0.526847 124.24 39.19 179.82 116.23
dog 0.526670 183.17 79.49 204.47 149.82
dog 0.526565 17.27 108.45 42.22 162.36
dog 0.526551 195.77 92.91 216.95 174.68
bird 0.526505 0.00 11.14 29.90 129.61
sheep 0.526424 0.00 90.49 20.03 125.35
dog 0.526400 100.83 148.95 139.61 224.00
dog 0.526344 157.29 129.95 183.30 202.74
sheep 0.526209 40.39 145.23 71.18 206.61
bird 0.526109 105.23 0.00 172.81 93.83
dog 0.526079 39.28 94.48 65.81 145.61
dog 0.525965 189.67 144.05 205.58 200.94
bird 0.525954 0.00 36.52 35.83 154.54
bottle 0.525891 0.00 0.00 12.30 37.14
person 0.525827 4.68 115.81 22.68 164.44
person 0.525677 0.00 0.00 112.13 146.73
sheep 0.525625 0.00 150.37 64.15 224.00
dog 0.525538 191.97 114.96 210.07 188.66
dog 0.525533 111.76 156.34 152.36 224.00
dog 0.525478 169.29 131.54 190.53 202.39
sheep 0.525421 69.54 74.88 102.59 117.53
dog 0.525373 216.52 68.18 224.00 115.12
sheep 0.525290 49.07 132.09 88.83 204.71
dog 0.525181 109.20 0.00 179.09 92.50
dog 0.525165 219.75 56.10 224.00 103.72
sheep 0.525043 0.00 136.08 17.94 192.19
dog 0.524989 27.31 97.45 56.95 141.76
dog 0.524937 220.00 45.14 224.00 91.53
pottedplant 0.524916 0.00 182.65 12.57 219.80
dog 0.524908 3.58 109.65 20.75 154.33
dog 0.524899 10.17 104.41 30.02 142.32
dog 0.524895 16.58 98.34 38.08 132.93
pottedplant 0.524793 18.59 206.73 59.75 224.00
sheep 0.524745 66.70 50.84 85.37 75.11
dog 0.524719 220.00 33.24 224.00 72.42
sheep 0.524647 37.67 98.04 160.23 204.23
dog 0.524609 11.58 110.90 32.39 156.09
sheep 0.524316 82.93 154.62 123.17 219.50
dog 0.524282 218.23 129.73 224.00 186.73
dog 0.524229 86.17 148.47 128.70 220.40
dog 0.524125 109.78 116.12 165.38 201.22
dog 0.524090 219.95 141.17 224.00 195.75
dog 0.524010 158.23 42.10 191.08 109.01
sheep 0.523490 70.82 210.05 112.19 224.00
dog 0.523341 78.38 54.92 115.46 89.76
dog 0.523331 182.53 138.37 200.78 201.89
pottedplant 0.523299 0.00 148.33 16.75 198.74
bird 0.523176 0.00 0.00 61.91 39.11
sheep 0.523168 16.81 146.73 56.79 197.25
bottle 0.523168 87.12 209.18 126.28 224.00
sheep 0.523165 14.52 147.33 89.89 224.00
person 0.523103 0.00 78.02 10.64 121.90
bird 0.523086 80.11 0.00 157.60 83.93
sheep 0.523063 68.96 56.41 85.36 82.40
person 0.523045 63.10 85.98 95.81 145.83
sheep 0.522965 28.34 156.80 65.96 202.24
dog 0.522954 183.98 0.00 224.00 115.40
dog 0.522847 5.71 51.71 153.93 182.44
sheep 0.522775 60.67 49.69 75.89 71.95
bird 0.522752 26.98 24.30 78.70 133.68
sheep 0.522589 67.18 80.37 97.10 125.92
sheep 0.522536 7.10 91.76 26.85 121.77
dog 0.522504 162.79 211.18 200.35 224.00
dog 0.522493 93.42 29.99 130.58 87.46
dog 0.522419 105.47 209.22 145.53 224.00
sheep 0.522403 28.42 138.31 112.78 224.00
sheep 0.522401 59.49 42.19 75.99 66.06
sheep 0.522320 53.24 31.15 68.90 57.74
sheep 0.522290 105.97 11.23 127.51 45.91
dog 0.522275 111.48 14.46 141.95 74.00
aeroplane 0.522274 220.00 0.00 224.00 39.00
sheep 0.522171 45.41 29.10 62.04 58.05
person 0.522164 74.80 0.00 195.33 167.47
dog 0.522065 182.74 72.11 207.35 130.15
pottedplant 0.522062 0.00 175.32 18.17 207.94
aeroplane 0.522034 44.59 21.07 61.71 49.48
dog 0.522024 193.53 145.71 209.72 199.16
bird 0.522010 22.63 0.00 74.64 106.76
bird 0.521986 0.00 19.45 9.77 66.48
bird 0.521911 0.00 23.49 19.00 62.78
bird 0.521874 0.73 0.00 59.91 113.02
dog 0.521828 108.38 141.46 205.98 224.00
sheep 0.521822 37.26 109.49 70.68 193.38
dog 0.521795 180.02 38.30 199.32 97.00
dog 0.521718 118.84 12.63 150.87 78.49
bird 0.521647 4.37 20.49 64.22 138.09
dog 0.521576 181.44 49.08 202.42 105.36
dog 0.521550 0.00 68.26 9.07 112.41
bottle 0.521538 0.00 8.97 9.57 59.66
dog 0.521493 78.56 61.42 115.03 102.68
dog 0.521493 145.02 211.34 185.21 224.00
dog 0.521463 202.49 82.85 214.70 131.05
sheep 0.521449 37.57 192.81 63.58 224.00
dog 0.521425 180.52 19.84 200.31 71.60
dog 0.521407 120.55 209.84 160.92 224.00
sheep 0.521381 62.79 54.93 76.43 80.99
aeroplane 0.521295 34.23 27.98 53.60 59.45
cow 0.521273 0.00 0.00 132.20 173.12
aeroplane 0.521244 214.76 0.00 224.00 30.88
sheep 0.521193 39.63 123.45 146.42 224.00
aeroplane 0.521188 24.83 0.00 61.34 18.80
dog 0.521186 25.20 80.77 108.93 183.01
aeroplane 0.521030 180.17 0.00 210.08 16.35
sheep 0.520992 59.49 32.80 75.40 57.25
dog 0.520980 26.01 92.67 52.82 129.56
aeroplane 0.520929 220.00 17.08 224.00 58.62
aeroplane 0.520892 32.78 20.10 53.62 51.96
dog 0.520869 164.47 28.51 188.53 100.61
sheep 0.520868 53.80 40.49 69.66 64.96
pottedplant 0.520862 0.99 186.07 19.18 215.72
sheep 0.520857 30.72 112.54 120.72 207.25
dog 0.520847 106.90 139.59 156.89 211.04
sheep 0.520817 10.45 178.01 31.42 205.60
sheep 0.520750 109.75 9.42 133.11 51.94
sheep 0.520736 6.34 149.03 35.51 196.45
aeroplane 0.520723 53.32 22.97 68.64 47.89
dog 0.520707 135.82 8.41 170.03 84.32
boat 0.520690 2.17 0.00 35.24 23.16
dog 0.520677 121.89 164.25 160.10 224.00
aeroplane 0.520642 187.92 0.00 216.77 16.71
sheep 0.520638 19.16 162.80 52.87 200.62
dog 0.520637 167.52 14.05 189.21 83.48
sheep 0.520580 8.69 164.92 33.25 200.98
aeroplane 0.520490 29.65 0.00 56.50 34.11
dog 0.520420 190.30 55.86 205.24 102.42
aeroplane 0.520413 33.09 9.78 55.09 43.54
sheep 0.520380 100.11 11.33 122.20 39.12
sheep 0.520377 92.71 17.03 122.32 47.26
dog 0.520363 187.79 26.01 204.39 64.14
dog 0.520340 141.77 11.23 177.95 91.96
aeroplane 0.520339 7.11 27.62 27.06 59.41
sheep 0.520290 40.38 28.14 101.77 133.55
dog 0.520289 190.75 70.62 208.61 116.09
sheep 0.520278 66.73 43.07 85.93 69.67
sheep 0.520251 71.61 170.85 105.42 216.93
aeroplane 0.520249 43.71 13.32 62.61 40.29
horse 0.520171 6.22 0.00 137.58 151.73
boat 0.520110 172.55 0.00 203.78 15.43
bottle 0.520063 0.00 11.88 18.79 56.38
dog 0.520049 220.00 164.78 224.00 210.08
boat 0.519987 154.97 0.00 186.89 14.29
dog 0.519962 190.28 163.24 204.30 206.80
bird 0.519954 0.00 0.00 37.47 75.29
boat 0.519915 163.80 0.00 195.53 14.71
dog 0.519882 188.50 43.11 202.57 90.77
bird 0.519874 0.00 49.98 8.35 93.05
dog 0.519803 152.55 90.93 219.29 197.32
sheep 0.519787 10.65 188.84 30.64 213.87
dog 0.519780 158.42 157.17 224.00 224.00
boat 0.519765 146.91 0.00 179.02 13.94
sheep 0.519632 69.54 0.00 101.93 15.69
dog 0.519621 110.67 184.89 149.98 224.00
sheep 0.519583 35.88 0.00 99.68 106.32
sheep 0.519580 84.25 17.23 111.40 38.96
sheep 0.519550 62.61 64.30 77.63 101.44
aeroplane 0.519539 188.23 0.00 204.28 30.34
aeroplane 0.519515 0.00 33.61 18.94 69.71
bird 0.519500 8.43 48.72 77.15 164.08
aeroplane 0.519470 189.30 18.29 204.81 53.54
aeroplane 0.519375 0.00 64.79 17.26 99.31
dog 0.519334 188.05 196.97 206.44 224.00
horse 0.519329 199.92 84.70 213.61 155.74
dog 0.519296 86.44 41.30 126.23 91.15
dog 0.519291 130.96 0.00 162.92 14.37
sheep 0.519224 99.85 0.00 130.50 15.10
sheep 0.519216 0.00 74.32 17.89 109.97
aeroplane 0.519175 37.92 0.00 63.12 31.15
aeroplane 0.519094 170.79 0.00 189.57 37.79
sheep 0.519063 46.64 38.20 62.53 64.26
dog 0.519061 14.80 93.36 35.82 123.22
aeroplane 0.519020 42.78 0.00 76.65 18.32
sheep 0.518963 58.23 76.13 78.32 120.71
aeroplane 0.518931 181.07 0.00 198.64 31.56
aeroplane 0.518931 11.48 0.00 46.74 20.12
sheep 0.518896 56.52 63.29 72.72 101.57
sheep 0.518874 25.93 55.42 93.50 164.01
sheep 0.518831 83.27 9.44 107.71 29.31
dog 0.518799 57.34 35.52 148.42 138.72
bottle 0.518784 0.00 0.00 20.10 34.24
aeroplane 0.518763 22.61 28.88 43.44 60.38
aeroplane 0.518754 198.35 0.00 224.00 19.99
dog 0.518708 189.04 182.35 204.29 212.68
aeroplane 0.518698 8.61 36.46 27.00 64.85
sheep 0.518666 20.77 175.76 51.05 204.30
sheep 0.518631 57.18 174.41 89.65 215.69
dog 0.518620 56.13 13.62 144.03 110.35
sheep 0.518597 83.08 0.00 116.12 14.99
aeroplane 0.518563 6.19 66.83 25.95 92.14
sheep 0.518531 55.83 48.53 69.83 70.12
sheep 0.518531 92.32 0.00 123.15 14.76
dog 0.518521 35.70 57.98 115.75 167.24
sheep 0.518452 57.26 53.63 70.73 80.19
bird 0.518420 26.90 0.00 105.24 42.90
dog 0.518326 121.44 0.00 154.17 14.47
dog 0.518315 131.20 26.21 210.80 151.04
sheep 0.518303 75.73 8.26 98.13 25.35
dog 0.518303 171.23 150.86 192.61 208.31
sheep 0.518267 38.94 63.53 58.37 98.80
sheep 0.518253 48.30 63.13 65.72 100.75
sheep 0.518199 68.37 65.17 84.08 101.54
sheep 0.518178 76.69 16.54 99.79 33.17
dog 0.518162 217.38 192.04 224.00 224.00
dog 0.518149 84.44 0.00 207.56 171.71
sheep 0.518122 21.35 121.61 91.55 210.20
sheep 0.518093 36.45 35.42 53.49 64.47
aeroplane 0.518089 53.27 15.91 69.51 37.39
sheep 0.518085 76.94 43.31 108.28 79.57
aeroplane 0.518063 0.00 55.61 16.93 89.29
dog 0.518052 112.47 0.00 145.59 14.64
bird 0.518001 61.08 23.70 76.10 45.78
aeroplane 0.517989 196.69 0.00 210.02 28.38
aeroplane 0.517942 5.73 16.40 26.50 52.98
sheep 0.517891 91.15 10.74 115.99 33.80
aeroplane 0.517887 190.77 11.17 203.94 40.27
sheep 0.517816 67.02 33.41 84.37 59.91
dog 0.517774 183.65 157.75 200.65 207.54
aeroplane 0.517772 157.49 0.00 179.01 47.41
sheep 0.517576 86.24 31.48 121.28 78.10
sheep 0.517567 113.81 5.86 138.40 56.66
sheep 0.517533 6.52 76.56 26.13 104.81
dog 0.517520 200.32 108.28 218.94 179.50
dog 0.517493 196.52 60.14 208.11 100.36
sheep 0.517432 20.71 187.07 48.62 211.93
aeroplane 0.517430 0.00 44.64 17.40 79.35
dog 0.517413 194.85 164.47 208.93 205.70
aeroplane 0.517392 54.16 0.00 85.29 16.99
aeroplane 0.517366 30.63 0.00 66.53 24.10
dog 0.517247 208.73 205.41 224.00 224.00
aeroplane 0.517233 183.13 7.91 198.77 43.56
aeroplane 0.517217 14.82 29.54 34.17 59.66
sheep 0.517175 45.76 191.79 74.59 224.00
dog 0.517129 194.65 197.63 210.77 224.00
aeroplane 0.517008 20.85 20.77 43.37 54.35
aeroplane 0.516889 195.42 31.68 208.45 59.50
sheep 0.516861 58.13 194.73 91.04 224.00
sheep 0.516851 29.94 182.40 59.81 210.04
sheep 0.516822 49.46 53.32 63.06 80.07
dog 0.516821 38.71 84.86 63.28 125.74
horse 0.516655 22.68 17.08 163.21 181.59
sheep 0.516637 85.60 21.71 116.67 55.92
aeroplane 0.516605 7.07 57.45 24.89 81.84
dog 0.516576 95.53 180.18 132.14 224.00
sheep 0.516576 39.60 53.15 54.44 80.49
sheep 0.516569 38.60 75.31 62.16 115.21
dog 0.516511 121.34 1.65 147.56 62.19
sheep 0.516510 25.53 35.48 43.20 64.44
dog 0.516479 130.57 0.00 156.67 63.56
aeroplane 0.516479 20.79 0.00 46.91 34.54
dog 0.516459 68.02 0.00 164.10 100.06
bird 0.516428 70.67 15.84 88.45 32.36
dog 0.516351 183.39 179.38 201.73 213.12
dog 0.516346 138.66 0.00 163.68 60.02
sheep 0.516313 48.66 46.72 62.08 69.08
dog 0.516282 194.79 182.41 208.63 212.30
dog 0.516218 146.72 0.00 224.00 64.78
dog 0.516210 146.86 0.00 170.40 54.97
aeroplane 0.516183 22.09 7.50 44.58 45.73
aeroplane 0.516174 8.28 46.11 25.22 72.63
dog 0.516153 46.82 75.82 68.88 117.88
dog 0.516078 171.67 5.30 188.73 52.54
dog 0.516033 44.63 0.00 134.17 56.84
aeroplane 0.515990 62.94 16.25 77.91 34.53
sheep 0.515981 26.86 65.17 47.18 94.40
dog 0.515910 173.48 174.50 195.83 214.89
sheep 0.515903 27.12 76.39 50.92 110.58
aeroplane 0.515895 198.53 12.52 208.89 38.26
sheep 0.515865 38.43 43.63 52.52 69.55
sheep 0.515841 76.61 32.73 102.76 68.02
aeroplane 0.515792 196.73 22.60 208.95 50.29
aeroplane 0.515754 17.52 36.73 33.91 63.62
dog 0.515745 136.61 142.75 172.83 209.04
dog 0.515744 195.73 37.28 207.13 66.83
aeroplane 0.515634 0.00 0.00 30.06 29.85
sheep 0.515604 68.33 23.15 85.07 44.54
dog 0.515592 195.95 47.89 206.69 86.91
dog 0.515551 132.73 172.24 167.73 224.00
dog 0.515508 161.21 167.59 187.40 216.08
sheep 0.515478 76.34 22.32 100.27 47.56
aeroplane 0.515270 13.10 19.73 33.49 53.95
dog 0.515232 143.62 6.56 168.66 70.53
dog 0.515225 155.33 4.76 177.46 63.24
aeroplane 0.515189 5.00 1.63 25.43 46.35
dog 0.515085 205.39 134.31 220.47 194.17
dog 0.515071 205.04 73.17 215.74 114.16
aeroplane 0.515045 49.25 0.23 70.23 27.90
bird 0.514944 14.45 0.00 78.51 71.63
aeroplane 0.514926 70.33 6.02 90.18 24.12
dog 0.514918 120.03 0.00 198.21 75.79
dog 0.514914 172.40 194.38 198.86 224.00
sheep 0.514910 67.13 194.99 101.94 224.00
sheep 0.514881 16.47 66.58 33.19 89.82
sheep 0.514741 16.69 77.02 35.37 104.66
dog 0.514632 79.59 184.94 116.30 224.00
sheep 0.514559 101.89 0.00 127.92 24.82
sheep 0.514527 15.03 201.66 48.46 224.00
sheep 0.514306 77.09 0.00 107.95 18.89
sheep 0.514305 27.26 54.56 43.06 79.47
aeroplane 0.514304 174.29 0.00 201.51 19.74
dog 0.514240 162.09 189.56 190.54 224.00
sheep 0.514237 15.72 87.14 35.47 117.33
dog 0.514159 142.41 159.65 174.30 217.68
sheep 0.514119 24.09 198.04 58.71 224.00
sheep 0.514050 26.82 43.73 41.91 69.86
dog 0.514002 208.45 60.76 217.00 100.82
dog 0.513990 147.18 181.37 178.67 224.00
dog 0.513941 125.55 194.75 165.42 224.00
sheep 0.513789 73.54 190.37 109.88 224.00
aeroplane 0.513763 13.53 0.00 36.65 35.02
dog 0.513743 209.84 37.47 218.53 66.66
aeroplane 0.513718 14.02 4.80 33.30 45.99
sheep 0.513466 94.23 0.00 120.73 22.33
dog 0.513336 137.08 2.76 211.49 121.60
dog 0.513333 165.07 0.00 194.00 21.08
aeroplane 0.513309 209.79 0.00 221.12 30.96
aeroplane 0.513295 62.78 4.05 79.26 25.20
sheep 0.513286 43.87 0.00 142.87 85.13
aeroplane 0.513167 18.07 45.46 32.03 70.01
dog 0.513092 209.80 49.26 217.90 87.28
aeroplane 0.512929 17.25 56.70 31.31 78.63
sheep 0.512753 25.56 0.00 104.13 73.91
aeroplane 0.512359 212.00 10.82 219.72 41.41
dog 0.512287 154.64 0.00 184.74 24.76
dog 0.512278 205.87 196.72 219.94 224.00
aeroplane 0.511841 210.99 21.70 219.02 52.87
dog 0.511630 207.33 165.72 219.84 206.01
dog 0.511508 146.12 0.00 176.71 28.16
dog 0.511480 130.57 0.00 160.91 33.25
dog 0.511455 135.58 201.11 174.16 224.00
dog 0.511451 198.28 210.44 223.06 224.00
dog 0.511348 138.70 0.00 169.31 30.88
sheep 0.511320 120.28 0.00 151.06 32.41
sheep 0.511287 111.22 0.00 141.34 29.25
dog 0.511236 207.49 181.00 219.40 212.96
