dog 0.703309 51.75 65.04 219.57 220.40
person 0.640145 17.17 34.22 210.27 217.58
dog 0.633035 13.14 8.27 219.81 210.57
bottle 0.575671 3.26 16.27 201.81 196.08
dog 0.573183 41.00 163.09 109.83 224.00
dog 0.567914 130.19 112.40 196.56 192.80
dog 0.566101 131.15 126.37 188.20 218.10
dog 0.564145 107.86 114.75 164.35 208.19
dog 0.556427 110.83 135.34 156.01 223.77
dog 0.552993 35.30 175.23 96.71 209.60
person 0.552360 0.00 46.69 22.79 193.67
sheep 0.551982 34.79 176.45 88.72 209.54
dog 0.550013 97.77 149.04 144.69 224.00
person 0.549937 23.65 23.14 129.72 192.15
dog 0.549865 133.72 147.29 177.88 224.00
bottle 0.548962 27.96 66.39 65.49 150.39
dog 0.547703 35.82 68.59 67.94 157.91
dog 0.547510 127.54 85.87 194.17 127.48
dog 0.547168 40.45 111.69 196.51 224.00
bottle 0.547099 35.20 56.86 72.35 143.99
bottle 0.546737 1.03 74.49 25.80 140.66
dog 0.546494 135.81 113.80 195.94 161.95
dog 0.546240 109.98 52.31 223.65 211.95
dog 0.545479 113.14 105.50 162.55 172.47
bottle 0.544261 43.73 52.44 78.26 135.50
dog 0.544171 131.39 100.07 201.44 150.70
person 0.544166 4.51 35.59 60.51 197.98
bottle 0.543957 0.00 209.38 29.71 224.00
dog 0.543894 77.96 117.44 109.55 185.66
cat 0.543082 218.06 135.27 224.00 191.06
dog 0.543080 117.88 157.05 149.39 224.00
dog 0.543008 33.08 33.62 165.49 198.68
dog 0.543006 42.96 57.17 75.30 142.44
bird 0.542698 137.61 88.17 206.42 125.90
dog 0.542681 123.58 147.60 161.62 224.00
bottle 0.542671 0.00 206.06 20.04 224.00
dog 0.542130 50.23 56.09 83.56 134.92
dog 0.541663 88.56 135.39 137.76 220.85
cat 0.541276 217.13 129.25 224.00 174.63
cat 0.540541 219.53 146.39 223.20 202.43
dog 0.540170 28.92 86.77 60.40 164.00
train 0.539987 108.62 51.64 165.59 105.42
cat 0.539567 218.71 152.65 224.00 206.29
dog 0.539527 78.96 153.80 131.28 224.00
person 0.539423 0.00 31.32 41.65 157.21
dog 0.539410 27.56 134.13 162.02 224.00
bottle 0.539125 30.08 50.81 67.88 119.75
bottle 0.539037 52.37 53.87 86.26 125.73
person 0.538962 181.07 0.00 224.00 69.04
dog 0.538464 47.86 192.22 116.44 224.00
dog 0.538409 144.00 34.05 224.00 192.20
bottle 0.538401 39.22 44.44 75.16 112.48
bottle 0.538180 16.14 25.80 151.54 176.12
bottle 0.538158 178.90 0.00 224.00 93.77
dog 0.537868 144.77 126.82 190.48 176.37
bird 0.537675 9.97 211.35 55.03 224.00
dog 0.537442 59.60 149.64 106.88 222.31
dog 0.537358 87.21 122.91 114.55 184.76
dog 0.537150 61.62 129.83 104.98 197.15
dog 0.537107 93.69 126.83 128.92 195.40
dog 0.536910 64.67 60.51 98.73 131.96
person 0.536372 136.42 208.09 174.07 224.00
dog 0.536279 133.02 173.63 173.06 224.00
dog 0.536146 70.83 109.42 103.05 169.49
dog 0.536140 59.42 57.22 91.15 125.33
dog 0.535488 89.77 207.85 135.44 224.00
dog 0.535414 141.61 208.44 181.88 224.00
bird 0.535407 17.13 209.46 67.31 224.00
person 0.535303 160.18 19.80 224.00 172.04
bottle 0.535186 171.47 8.35 224.00 147.21
bottle 0.534813 0.00 70.11 15.82 134.40
dog 0.534587 85.57 114.67 110.52 168.21
dog 0.534362 83.92 65.93 116.07 117.59
dog 0.534314 35.95 200.51 95.65 224.00
dog 0.534182 36.41 108.20 67.34 171.51
bottle 0.534138 42.05 14.98 175.18 151.72
dog 0.534009 143.01 94.45 205.22 135.55
bottle 0.533972 48.44 41.41 77.76 103.32
bottle 0.533934 44.36 24.21 73.97 84.77
tvmonitor 0.533719 0.00 38.06 8.94 73.27
dog 0.533670 55.33 27.76 82.94 84.60
dog 0.533538 84.26 129.89 116.18 206.47
person 0.533251 121.93 208.13 161.50 224.00
bottle 0.533242 38.42 31.00 67.85 91.15
dog 0.533085 43.90 86.28 69.02 165.54
dog 0.533079 102.88 209.76 144.84 224.00
bottle 0.533020 129.56 87.23 196.12 134.20
bottle 0.532903 151.58 27.25 224.00 180.50
dog 0.532899 74.01 63.46 111.35 126.14
dog 0.532842 148.44 109.25 202.36 146.94
dog 0.532773 71.46 204.00 124.94 224.00
dog 0.532728 76.47 131.93 108.40 208.26
dog 0.532662 20.59 62.14 106.50 214.10
dog 0.532655 63.57 30.92 88.97 84.15
dog 0.532431 121.25 88.82 166.20 126.35
person 0.532345 11.64 29.43 98.12 174.97
bottle 0.532281 29.08 28.03 60.21 79.02
dog 0.532132 154.75 119.49 198.25 155.90
dog 0.532046 209.74 0.25 224.00 63.49
dog 0.531979 98.40 83.78 116.47 122.05
bottle 0.531959 14.74 73.20 48.25 143.82
chair 0.531856 208.91 0.00 224.00 29.59
bottle 0.531827 107.71 48.31 163.60 105.98
bottle 0.531692 57.08 38.06 83.34 90.72
dog 0.531657 6.24 66.13 66.65 215.68
bottle 0.531497 33.05 41.36 63.07 94.75
bottle 0.531415 207.01 0.00 224.00 67.89
bottle 0.531400 8.40 75.74 35.05 139.46
tvmonitor 0.531335 0.00 62.36 11.26 120.01
dog 0.531284 96.19 73.03 117.23 117.52
bird 0.531171 31.70 204.17 88.39 224.00
dog 0.530883 50.50 73.11 75.76 147.60
boat 0.530882 111.40 50.97 165.11 105.65
dog 0.530765 91.79 79.88 111.49 124.25
person 0.530715 0.00 89.44 25.59 216.99
dog 0.530673 36.26 126.79 69.03 182.80
dog 0.530664 91.45 67.50 123.25 113.83
bottle 0.530500 48.92 0.00 142.26 75.81
dog 0.530210 126.58 175.35 159.59 224.00
bottle 0.530196 83.59 43.75 208.73 186.86
cat 0.530194 0.00 161.47 40.10 224.00
tvmonitor 0.529786 0.00 54.91 8.74 104.09
tvmonitor 0.529723 0.00 48.02 7.99 90.36
person 0.529627 0.00 0.00 41.42 53.58
dog 0.529585 209.51 203.43 224.00 224.00
dog 0.529473 77.48 74.97 104.40 127.14
cat 0.529117 215.29 120.09 224.00 162.36
dog 0.529051 121.15 75.03 178.93 124.37
dog 0.529040 83.40 103.95 105.00 151.34
dog 0.528974 58.42 107.11 94.86 166.70
bottle 0.528946 0.00 65.89 21.01 120.30
bottle 0.528870 19.13 100.02 48.89 161.99
person 0.528844 158.76 139.54 224.00 224.00
dog 0.528824 104.34 87.77 124.96 122.32
bottle 0.528765 62.85 55.16 90.90 113.37
dog 0.528625 161.82 126.06 195.80 161.18
sheep 0.528505 28.71 124.56 62.30 181.29
tvmonitor 0.528414 0.00 42.45 15.96 69.42
dog 0.528066 72.38 99.92 99.07 154.03
dog 0.528065 59.10 76.22 83.83 140.10
bottle 0.527948 21.72 35.04 52.21 72.21
dog 0.527922 155.21 101.34 207.38 140.77
dog 0.527849 93.97 11.95 137.92 64.73
dog 0.527640 147.65 139.82 191.64 207.90
train 0.527515 218.83 85.47 224.00 128.98
bottle 0.527454 18.15 57.99 50.96 115.60
sheep 0.527414 28.53 179.12 70.26 208.29
dog 0.527159 218.97 92.92 224.00 137.21
tvmonitor 0.527147 15.33 40.28 45.27 67.41
dog 0.527072 68.90 58.81 103.27 114.07
dog 0.527056 68.26 78.93 93.41 133.67
dog 0.526867 106.78 61.41 164.28 107.88
aeroplane 0.526790 97.77 11.04 145.26 64.02
bottle 0.526642 0.00 159.94 9.94 204.99
dog 0.526633 56.38 118.11 99.05 179.59
dog 0.526579 165.60 115.76 206.92 149.06
bottle 0.526572 28.96 2.00 157.88 125.23
dog 0.526564 181.94 0.00 213.12 21.91
tvmonitor 0.526557 0.00 0.00 17.41 25.97
dog 0.526556 159.46 210.28 196.75 224.00
bottle 0.526534 7.37 100.51 28.95 162.39
dog 0.526453 163.76 147.67 202.57 203.23
cat 0.526419 210.36 133.17 224.00 177.21
dog 0.526413 173.70 124.71 204.46 155.46
bottle 0.526301 21.68 53.12 50.89 98.76
bottle 0.526266 0.00 100.59 21.79 167.37
bottle 0.526262 16.08 46.53 40.66 73.36
bottle 0.526113 0.00 177.04 11.08 215.84
bottle 0.526013 31.66 0.00 116.76 66.21
sheep 0.525867 20.64 110.12 50.36 167.72
bottle 0.525849 0.00 189.88 12.33 224.00
bottle 0.525803 0.00 103.08 11.20 169.39
dog 0.525672 70.35 43.92 96.63 90.17
bottle 0.525635 171.05 24.27 221.13 89.43
tvmonitor 0.525580 0.00 58.30 17.48 100.70
cat 0.525554 198.91 158.30 216.23 205.55
dog 0.525534 97.99 67.13 139.32 111.03
bottle 0.525510 153.13 84.61 203.90 124.44
dog 0.525446 59.65 96.20 89.15 155.24
dog 0.525439 49.57 102.24 77.18 165.13
boat 0.525382 216.05 75.17 224.00 121.21
bottle 0.525365 164.07 43.87 197.20 76.50
aeroplane 0.525361 189.93 0.00 220.28 23.06
dog 0.525359 89.86 108.12 109.67 147.62
dog 0.525335 115.43 59.44 173.26 120.16
bottle 0.525298 0.00 110.78 28.73 224.00
tvmonitor 0.525264 0.00 22.41 8.66 60.02
bottle 0.525196 4.10 66.19 28.37 117.63
bottle 0.525183 27.65 8.44 51.53 31.64
dog 0.525118 68.41 20.99 94.16 74.29
tvmonitor 0.525110 8.52 42.51 34.08 66.61
dog 0.525089 200.13 0.00 224.00 25.10
sheep 0.525014 36.53 151.45 73.02 203.04
cat 0.524963 189.20 158.53 211.18 207.89
bottle 0.524956 0.00 181.02 21.07 211.61
dog 0.524830 208.25 24.33 224.00 87.58
bottle 0.524790 0.00 193.13 21.94 224.00
bottle 0.524790 164.02 40.53 214.87 95.35
sheep 0.524781 70.56 53.58 99.95 102.32
cat 0.524668 208.64 127.18 224.00 164.25
bottle 0.524653 0.00 89.67 13.22 156.05
dog 0.524634 178.81 130.30 202.87 158.91
bottle 0.524461 187.96 3.53 224.00 66.53
tvmonitor 0.524445 0.00 0.00 59.00 52.85
cat 0.524430 184.24 127.39 212.61 156.42
aeroplane 0.524407 211.31 60.78 224.00 113.13
bottle 0.524401 15.77 52.58 37.63 82.96
dog 0.524393 76.35 55.54 112.16 103.39
bottle 0.524389 0.00 125.91 10.11 186.37
bird 0.524381 99.84 8.90 145.72 55.98
tvmonitor 0.524379 0.18 51.56 15.80 85.47
dog 0.524342 84.35 94.02 103.87 136.63
dog 0.524322 101.36 76.91 127.52 117.40
sheep 0.524217 172.65 0.00 202.23 20.83
tvmonitor 0.524175 18.35 0.00 85.99 57.74
dog 0.524148 216.58 111.46 224.00 154.90
bottle 0.524055 15.31 31.65 50.41 62.16
bottle 0.523931 163.45 38.30 194.30 68.86
chair 0.523821 29.39 0.00 58.98 19.23
dog 0.523817 124.20 98.62 171.05 142.20
dog 0.523756 100.90 100.25 115.18 132.10
bottle 0.523590 82.49 0.00 169.79 52.54
sheep 0.523579 8.00 112.16 28.84 170.27
dog 0.523523 93.32 98.83 110.21 134.31
bird 0.523512 4.44 157.94 93.29 224.00
bottle 0.523507 0.00 0.00 11.55 32.24
dog 0.523380 76.31 42.57 109.36 89.89
tvmonitor 0.523347 0.00 5.22 8.35 40.83
dog 0.523310 64.27 12.21 89.47 60.53
cat 0.523301 209.52 154.14 221.38 204.34
bottle 0.523268 161.38 32.17 192.59 61.98
tvmonitor 0.523267 10.11 48.39 30.15 73.05
person 0.523200 126.79 201.09 165.10 224.00
bird 0.523130 111.07 52.88 172.66 104.43
aeroplane 0.523078 207.41 46.10 224.00 104.10
bottle 0.523018 22.58 0.00 52.08 19.21
sheep 0.522960 194.94 207.85 224.00 224.00
dog 0.522891 198.19 165.49 215.59 209.55
dog 0.522886 76.64 28.58 110.53 79.67
dog 0.522801 113.56 78.73 160.34 120.39
bottle 0.522780 13.15 58.61 36.60 96.94
dog 0.522765 191.27 0.30 224.00 56.46
bottle 0.522746 63.96 0.00 93.62 17.47
chair 0.522738 46.78 0.00 76.49 19.14
dog 0.522729 217.37 167.35 224.00 219.32
bottle 0.522673 46.12 13.05 73.62 63.62
cat 0.522615 196.59 128.03 220.72 159.51
bottle 0.522537 29.10 0.00 57.27 24.20
dog 0.522520 110.03 117.33 218.01 224.00
bottle 0.522509 28.63 16.02 57.90 61.46
person 0.522491 0.00 17.32 51.98 125.46
boat 0.522439 163.77 46.35 216.59 106.79
tvmonitor 0.522423 0.00 13.19 7.49 50.15
bottle 0.522311 7.66 59.75 27.87 97.30
bird 0.522302 0.00 137.47 32.70 224.00
bottle 0.522301 0.00 165.34 19.36 200.53
bottle 0.522277 0.00 0.00 25.96 22.61
cat 0.522271 211.62 142.71 223.73 195.58
chair 0.522207 56.99 0.00 85.77 18.73
bottle 0.522154 120.56 6.88 166.17 34.41
bottle 0.522126 8.69 64.02 35.37 115.58
dog 0.522075 34.26 187.02 98.91 224.00
bottle 0.521981 68.75 3.69 90.98 30.08
cat 0.521954 187.70 134.87 210.08 165.12
tvmonitor 0.521868 9.89 53.97 27.84 82.40
dog 0.521806 86.42 22.76 123.69 76.52
bottle 0.521797 158.84 43.49 186.00 77.68
bottle 0.521760 102.10 0.00 184.67 44.00
bottle 0.521732 164.27 49.94 201.82 86.37
cat 0.521667 199.68 134.44 219.18 169.96
tvmonitor 0.521406 7.73 34.32 38.43 60.18
bottle 0.521396 13.31 100.83 36.73 159.93
bottle 0.521352 71.17 0.00 102.91 16.08
sheep 0.521325 182.91 211.33 219.53 224.00
bottle 0.521323 0.00 126.14 19.51 182.93
dog 0.521322 177.98 119.89 213.70 151.86
tvmonitor 0.521293 0.00 0.00 44.01 90.32
sheep 0.521264 34.81 166.88 77.51 216.31
sheep 0.521257 21.43 182.88 58.58 208.31
bottle 0.521217 131.14 0.00 212.41 43.73
bottle 0.521158 75.61 4.44 101.05 27.73
bottle 0.521156 36.18 4.94 59.62 33.89
boat 0.521135 148.90 0.00 183.94 22.52
bottle 0.521098 8.87 184.41 30.92 209.89
dog 0.521021 84.61 39.41 117.78 89.37
bottle 0.521002 159.84 73.36 205.99 117.35
sheep 0.520856 161.01 0.00 192.49 21.58
dog 0.520831 173.42 211.53 213.02 224.00
bottle 0.520736 155.28 30.24 184.16 63.71
bottle 0.520682 93.78 0.00 132.22 20.07
dog 0.520605 78.89 18.53 113.38 69.29
bottle 0.520577 159.98 0.00 224.00 50.68
bottle 0.520552 162.97 57.15 209.47 105.37
sheep 0.520532 23.86 145.42 57.08 197.79
dog 0.520466 96.15 110.03 113.85 144.11
bottle 0.520365 99.87 10.71 141.42 49.43
bottle 0.520268 117.27 11.44 165.83 44.87
bottle 0.520246 163.65 34.87 209.27 70.89
dog 0.520209 107.01 99.85 124.81 130.09
sheep 0.520110 157.69 4.24 191.31 45.45
boat 0.520094 134.97 0.00 175.89 23.81
bottle 0.520092 68.19 9.13 90.29 42.66
bottle 0.520045 120.45 0.00 164.13 24.66
bottle 0.520029 114.44 62.42 174.86 126.18
bottle 0.519994 31.47 13.03 55.21 45.81
sheep 0.519984 13.10 106.27 100.32 217.45
bottle 0.519984 144.37 2.38 182.95 43.51
dog 0.519964 178.24 12.34 224.00 58.21
sheep 0.519962 15.11 111.33 38.06 166.71
dog 0.519902 46.04 133.27 87.00 188.17
bird 0.519876 109.23 12.35 161.41 53.15
bottle 0.519872 79.29 0.00 114.76 17.10
dog 0.519855 96.07 117.85 122.80 163.44
dog 0.519739 41.83 154.79 95.80 208.98
dog 0.519672 70.05 13.01 95.93 59.00
bottle 0.519637 127.50 0.00 175.45 33.58
bottle 0.519635 51.60 3.84 76.63 31.81
dog 0.519556 182.21 0.00 220.13 40.84
sheep 0.519377 8.88 177.76 31.85 204.21
dog 0.519371 170.59 158.30 201.23 215.23
bottle 0.519371 8.40 0.00 37.79 19.83
dog 0.519335 189.71 164.29 209.98 212.10
dog 0.519275 92.05 38.92 128.83 90.44
bottle 0.519258 165.08 22.83 209.22 58.14
bottle 0.519255 157.74 17.12 191.41 51.64
bottle 0.519242 101.08 6.30 137.81 37.68
dog 0.519167 35.01 168.48 88.36 220.47
dog 0.519141 80.72 190.86 133.57 224.00
cat 0.519070 185.75 145.27 213.95 191.75
boat 0.519051 118.24 31.59 165.17 83.75
dog 0.519045 200.89 0.00 224.00 46.47
sheep 0.519035 170.59 0.00 204.55 36.81
bottle 0.519034 149.84 21.23 183.47 57.71
dog 0.518837 155.60 153.29 189.79 221.29
sheep 0.518782 168.40 6.44 207.91 48.59
bottle 0.518770 50.14 10.27 75.56 46.50
boat 0.518747 115.31 20.31 164.71 67.78
dog 0.518687 213.97 187.13 224.00 224.00
cat 0.518685 200.42 144.77 219.87 191.21
dog 0.518656 170.50 136.93 202.25 174.64
tvmonitor 0.518536 0.00 25.56 14.73 55.73
dog 0.518490 117.42 96.97 158.49 128.88
bird 0.518484 32.71 192.15 92.10 224.00
bottle 0.518468 6.85 194.10 30.11 223.14
dog 0.518413 98.22 197.27 143.18 224.00
bottle 0.518411 17.97 21.10 54.03 54.43
cat 0.518306 186.01 139.36 211.41 175.70
bottle 0.518255 74.36 9.93 99.07 40.31
dog 0.518191 91.71 57.60 129.68 104.31
bottle 0.518087 107.41 9.57 152.07 45.93
bottle 0.518081 48.36 0.00 76.80 23.17
dog 0.518071 111.70 200.87 151.03 224.00
sheep 0.517962 8.03 169.77 33.71 199.32
tvmonitor 0.517949 11.06 25.30 98.73 143.37
tvmonitor 0.517856 21.57 0.00 104.78 105.39
boat 0.517845 162.66 76.39 212.35 117.97
bottle 0.517519 107.57 13.60 204.21 129.45
bottle 0.517503 86.44 5.39 118.68 29.25
bottle 0.517488 110.91 0.00 151.64 22.17
bottle 0.517421 141.47 47.93 173.32 89.39
bird 0.517418 25.45 197.18 79.35 224.00
sheep 0.517403 5.46 141.04 29.80 186.24
tvmonitor 0.517380 1.65 0.00 74.10 98.35
sheep 0.517316 16.96 142.18 44.95 191.07
bottle 0.517217 190.52 20.68 224.00 88.68
sheep 0.517157 163.54 90.11 214.01 131.75
bottle 0.517126 60.33 0.00 86.91 22.94
boat 0.517075 196.20 87.41 223.89 127.48
dog 0.516988 82.29 12.00 116.94 56.47
bottle 0.516866 0.00 9.20 17.28 33.66
bottle 0.516865 122.68 55.50 168.79 116.25
sheep 0.516854 200.16 93.67 224.00 134.82
sheep 0.516849 182.43 110.99 218.20 149.92
boat 0.516746 185.00 60.96 224.00 112.77
aeroplane 0.516653 102.33 22.24 158.13 76.38
sheep 0.516588 6.15 158.34 33.05 193.88
dog 0.516526 114.28 104.21 159.22 139.58
sheep 0.516423 27.09 163.88 64.84 209.42
dog 0.516376 103.26 109.79 123.89 140.72
boat 0.516290 115.63 43.86 172.33 95.35
boat 0.516231 190.67 76.86 222.79 119.77
dog 0.516099 194.02 175.38 218.13 223.80
bottle 0.516097 103.84 0.00 144.42 28.03
bottle 0.516063 10.64 134.12 102.23 224.00
sheep 0.515990 171.40 98.90 215.58 140.24
sheep 0.515976 207.35 112.95 224.00 152.38
bottle 0.515861 73.16 0.00 179.34 101.81
bottle 0.515791 139.02 65.06 178.29 118.62
bottle 0.515774 115.96 13.18 169.74 62.89
bottle 0.515696 85.80 10.02 118.99 40.48
bottle 0.515590 23.56 14.20 54.14 39.68
bottle 0.515534 157.51 59.12 193.03 100.37
bottle 0.515495 117.08 39.41 165.24 94.71
sheep 0.515195 26.29 185.78 69.72 217.55
sheep 0.515162 204.91 102.13 224.00 142.74
dog 0.515160 207.09 170.74 222.17 218.34
sheep 0.515107 20.14 160.87 54.27 201.93
tvmonitor 0.514995 8.66 23.70 40.39 52.24
bottle 0.514905 126.39 11.18 175.58 51.82
dog 0.514899 99.66 40.24 146.54 91.42
bottle 0.514846 133.76 26.05 177.77 67.22
tvmonitor 0.514766 0.00 15.74 14.57 43.98
sheep 0.514307 17.11 190.33 54.27 219.79
bottle 0.514143 138.29 34.46 176.87 76.00
bottle 0.514099 116.24 0.00 210.21 88.92
bottle 0.513891 14.81 9.10 39.82 27.35
dog 0.512871 183.41 177.45 211.57 224.00
dog 0.512832 107.56 40.95 164.38 92.51
dog 0.512561 167.82 176.58 202.07 224.00
dog 0.511710 199.33 192.60 222.86 224.00
bottle 0.511530 13.31 14.61 40.57 38.27
dog 0.509937 182.35 200.25 217.93 224.00
