car 0.659122 7.25 49.77 224.00 191.91
aeroplane 0.608266 4.73 49.81 224.00 188.58
boat 0.576888 2.01 53.04 224.00 175.03
car 0.553459 5.29 73.63 194.06 167.33
cow 0.553308 0.00 79.18 12.06 148.64
bottle 0.549140 41.70 29.97 212.36 172.91
cow 0.548887 3.59 77.89 15.08 156.01
boat 0.543950 70.37 101.30 110.36 183.54
boat 0.543013 10.50 70.51 177.60 162.55
person 0.542956 3.26 108.72 18.92 195.97
horse 0.542572 2.64 116.02 18.51 201.43
boat 0.541652 58.79 98.89 94.53 187.57
person 0.540697 0.00 128.19 10.96 204.09
person 0.539368 3.15 81.77 72.86 165.76
sheep 0.538879 4.15 89.40 17.57 180.24
boat 0.538689 0.00 56.10 9.48 110.63
boat 0.538649 51.93 104.30 79.45 194.29
cow 0.537626 9.46 76.34 22.38 153.65
person 0.537564 0.00 103.37 10.90 187.03
person 0.537450 4.21 79.40 126.09 165.34
person 0.537032 28.05 81.36 51.26 136.96
person 0.536867 0.94 82.45 42.37 174.34
car 0.536714 33.45 92.07 217.73 224.00
bottle 0.536384 159.49 20.84 224.00 150.77
car 0.536331 39.38 138.02 192.97 224.00
pottedplant 0.536138 15.80 77.56 32.95 149.63
boat 0.536039 57.11 95.91 83.72 173.44
person 0.536021 0.00 163.65 34.84 224.00
boat 0.535951 8.79 75.68 22.40 160.43
bottle 0.535707 7.85 95.58 25.78 190.35
cow 0.535547 0.00 76.03 58.22 167.34
person 0.535000 0.00 98.97 33.60 193.96
person 0.534986 7.31 106.42 26.40 195.89
aeroplane 0.534944 0.94 131.31 18.60 206.57
person 0.534901 71.64 68.65 98.38 116.71
cow 0.534770 0.51 76.21 16.55 135.46
aeroplane 0.534480 35.14 97.38 212.62 224.00
bottle 0.534430 101.38 17.88 214.70 156.94
boat 0.534231 65.74 93.26 96.35 159.81
bottle 0.534219 8.41 79.99 22.41 170.07
car 0.533853 156.35 0.00 224.00 69.63
aeroplane 0.533335 39.56 153.07 167.18 224.00
dog 0.533278 0.00 169.35 50.54 224.00
pottedplant 0.532654 21.64 81.55 41.49 139.47
motorbike 0.532553 6.83 114.19 26.13 200.49
boat 0.531919 28.52 103.55 53.98 194.06
bottle 0.531886 180.96 46.02 224.00 168.99
boat 0.531664 72.44 88.22 102.07 145.50
boat 0.531585 43.71 106.04 69.23 192.92
boat 0.531522 0.00 46.58 9.39 92.74
car 0.531494 198.72 0.00 224.00 29.34
cow 0.531294 0.00 0.00 53.34 49.28
boat 0.530967 73.91 95.38 107.26 161.37
bottle 0.530877 28.17 94.96 52.25 185.04
person 0.530868 0.00 199.36 19.63 224.00
person 0.530801 198.51 179.81 224.00 224.00
cow 0.530597 1.40 73.91 124.56 166.77
dog 0.530306 0.00 0.00 19.04 26.07
car 0.530163 220.00 29.90 224.00 92.87
person 0.530148 105.25 73.22 123.54 98.46
person 0.530070 210.16 204.84 224.00 224.00
person 0.529998 73.96 52.69 100.30 92.14
boat 0.529996 72.25 73.64 99.53 119.59
person 0.529926 105.54 80.45 123.70 105.16
aeroplane 0.529841 32.10 167.50 133.36 224.00
car 0.529833 220.00 83.67 224.00 134.79
bottle 0.529790 28.14 79.60 50.95 154.19
aeroplane 0.529754 49.56 120.21 77.16 204.59
bottle 0.529634 196.71 71.14 224.00 184.08
bottle 0.529496 15.00 81.86 32.39 168.95
aeroplane 0.529492 6.83 121.40 26.42 203.36
boat 0.529293 0.13 68.22 14.62 121.97
car 0.529208 208.41 0.94 223.48 49.76
bottle 0.529175 147.23 82.85 177.50 116.92
boat 0.529171 9.52 82.89 25.70 144.04
aeroplane 0.529017 54.68 111.29 85.57 199.71
car 0.528824 100.95 0.00 190.91 36.88
boat 0.528786 36.18 113.26 61.05 198.42
bottle 0.528764 19.81 102.07 45.89 194.25
boat 0.528716 67.99 79.16 97.22 129.89
person 0.528641 34.83 81.42 55.75 134.46
car 0.528490 32.27 119.91 59.07 202.22
car 0.528426 21.14 112.71 48.58 198.53
person 0.528418 4.26 175.41 69.36 224.00
bottle 0.528402 0.00 204.50 32.20 224.00
aeroplane 0.528372 70.87 111.15 104.45 191.64
person 0.528353 77.23 48.11 104.22 83.50
bottle 0.528182 13.64 97.67 35.79 191.61
boat 0.528167 35.18 97.93 57.15 183.61
bird 0.528098 0.00 9.26 8.94 51.16
sheep 0.528015 73.74 48.58 101.55 85.35
car 0.528007 120.15 0.00 209.52 43.72
aeroplane 0.527909 220.00 69.76 224.00 122.10
boat 0.527897 0.00 55.80 14.00 101.56
person 0.527864 95.55 77.62 116.48 106.33
bottle 0.527797 206.67 93.37 224.00 201.40
car 0.527759 218.57 12.08 224.00 76.39
sheep 0.527631 0.00 159.04 10.52 217.74
person 0.527594 104.33 65.21 123.11 90.81
car 0.527489 146.60 76.99 178.94 113.33
aeroplane 0.527450 38.57 119.35 63.12 202.24
bottle 0.527436 20.31 85.33 41.51 169.58
car 0.527422 82.74 0.00 172.61 31.01
person 0.527380 78.32 72.61 108.42 110.73
car 0.527333 220.00 99.26 224.00 148.26
boat 0.527295 20.75 79.33 41.42 155.04
car 0.527097 212.95 4.87 224.00 61.88
car 0.527037 220.00 49.34 224.00 107.74
person 0.526960 92.82 68.87 115.65 100.05
bottle 0.526750 211.43 114.21 224.00 216.19
aeroplane 0.526692 43.08 127.92 69.08 207.11
person 0.526339 102.43 57.09 123.38 81.90
car 0.526315 145.73 68.41 193.57 116.96
chair 0.526209 210.30 133.79 224.00 224.00
bottle 0.526209 147.83 92.06 170.28 119.26
sheep 0.526204 36.16 89.74 56.07 168.89
aeroplane 0.526032 0.00 0.00 59.33 44.10
boat 0.525995 47.04 92.76 68.00 169.97
aeroplane 0.525955 61.75 111.47 96.70 195.81
bottle 0.525765 70.37 59.59 210.16 190.04
aeroplane 0.525602 151.74 20.24 197.96 86.78
car 0.525502 150.13 31.07 195.90 90.49
car 0.525423 13.73 117.78 39.11 199.90
sheep 0.525351 0.00 36.09 9.09 79.98
aeroplane 0.525281 30.59 82.52 164.76 206.81
sheep 0.525190 0.00 0.00 10.12 43.01
sheep 0.525107 15.14 65.91 34.09 107.72
person 0.525044 105.09 86.22 123.16 111.43
car 0.524964 66.66 0.00 151.69 27.52
car 0.524786 220.00 148.66 224.00 200.91
car 0.524736 145.19 51.61 194.00 108.24
sheep 0.524722 21.74 66.46 41.42 106.39
bottle 0.524672 146.71 71.50 180.58 110.45
person 0.524596 109.68 81.35 131.40 106.19
sheep 0.524569 61.05 82.98 88.99 141.24
sheep 0.524381 0.00 24.18 8.84 68.02
boat 0.524304 100.58 97.36 123.71 141.76
person 0.524300 58.83 138.72 201.69 224.00
car 0.524285 154.19 81.68 191.46 124.95
person 0.524260 100.62 50.18 123.66 74.39
sheep 0.524252 27.16 65.54 49.87 107.99
aeroplane 0.524166 220.00 156.23 224.00 209.10
car 0.524150 220.00 117.25 224.00 164.94
cow 0.524142 53.90 0.00 129.98 27.87
boat 0.524124 84.48 95.18 116.29 145.56
aeroplane 0.524094 158.37 0.10 196.13 65.96
horse 0.524079 0.00 111.33 46.43 199.89
car 0.524039 152.24 0.00 189.51 13.60
sheep 0.523886 197.57 207.70 224.00 224.00
aeroplane 0.523860 15.89 70.76 151.51 179.51
sheep 0.523810 0.00 0.00 14.41 34.20
sheep 0.523786 116.67 86.25 141.16 113.09
person 0.523786 108.96 74.10 130.47 99.30
car 0.523752 168.78 76.86 200.38 119.52
aeroplane 0.523733 4.80 208.44 43.57 224.00
car 0.523617 151.17 0.00 224.00 117.58
car 0.523559 182.87 0.00 216.78 18.33
aeroplane 0.523510 149.44 95.50 175.86 126.60
person 0.523508 85.02 213.31 121.17 224.00
sheep 0.523506 62.32 78.12 95.12 128.04
sheep 0.523504 186.93 210.67 219.57 224.00
person 0.523444 88.73 59.88 114.22 91.88
boat 0.523420 79.15 84.99 108.97 129.75
car 0.523408 188.36 0.00 223.26 23.78
aeroplane 0.523388 23.88 129.67 53.68 204.80
person 0.523338 0.00 136.46 43.93 224.00
car 0.523329 156.08 17.63 201.22 82.81
bird 0.523323 109.59 87.71 131.63 113.04
boat 0.523269 103.54 91.81 123.15 122.60
aeroplane 0.523258 145.51 118.87 170.03 155.10
aeroplane 0.523216 30.82 163.09 65.47 218.44
bird 0.523146 108.18 99.67 132.36 138.65
sheep 0.523105 133.65 210.73 172.46 224.00
car 0.523050 165.16 0.00 201.63 62.84
chair 0.522997 205.67 160.54 224.00 224.00
aeroplane 0.522951 106.52 104.21 132.58 151.55
car 0.522940 159.82 0.00 199.96 14.64
person 0.522884 158.58 177.71 224.00 224.00
person 0.522862 85.18 53.60 113.84 82.97
sheep 0.522858 15.63 74.47 33.77 121.69
sheep 0.522836 220.00 166.11 224.00 215.58
aeroplane 0.522833 117.20 117.36 140.81 157.34
sheep 0.522744 220.00 187.39 224.00 224.00
car 0.522742 187.98 0.00 213.27 31.65
boat 0.522730 96.77 101.82 123.35 156.33
car 0.522696 220.00 133.42 224.00 182.12
aeroplane 0.522692 14.93 125.97 41.81 202.91
cow 0.522662 39.07 0.00 111.48 29.92
car 0.522654 174.38 85.10 199.32 123.46
person 0.522571 108.53 66.76 129.83 91.95
sheep 0.522563 162.66 209.43 197.61 224.00
car 0.522540 51.02 32.82 224.00 150.94
sheep 0.522535 151.12 210.44 189.16 224.00
aeroplane 0.522515 32.75 139.13 61.67 213.71
bird 0.522506 109.16 93.66 131.57 122.33
boat 0.522411 91.26 89.02 117.04 125.86
cow 0.522385 0.00 0.00 46.88 98.91
aeroplane 0.522329 46.82 213.18 82.18 224.00
sheep 0.522270 7.98 63.63 24.67 109.21
car 0.522245 190.64 4.70 212.28 41.99
bird 0.522224 117.50 93.05 141.09 121.17
car 0.522200 99.79 43.79 123.91 70.06
aeroplane 0.522006 146.91 104.02 169.23 131.42
sheep 0.521994 0.00 51.99 14.39 91.47
aeroplane 0.521984 33.41 121.57 149.76 224.00
person 0.521969 108.62 58.79 130.49 83.34
dog 0.521968 102.00 213.24 142.25 224.00
sheep 0.521954 129.07 80.89 156.45 104.74
pottedplant 0.521921 21.31 74.91 41.20 119.08
car 0.521921 171.05 0.00 209.16 16.14
person 0.521775 0.00 186.16 14.72 224.00
motorbike 0.521724 65.90 39.34 224.00 166.99
aeroplane 0.521720 0.00 157.45 20.39 213.48
car 0.521698 142.13 84.74 181.21 122.99
sheep 0.521686 128.40 75.16 155.28 98.63
person 0.521679 107.93 50.31 131.79 75.28
car 0.521678 123.11 0.00 157.33 13.71
aeroplane 0.521629 11.34 210.14 56.00 224.00
person 0.521623 44.23 79.38 66.72 126.08
person 0.521530 112.72 168.80 213.93 224.00
sheep 0.521474 171.64 210.11 207.75 224.00
aeroplane 0.521449 31.51 211.94 71.08 224.00
aeroplane 0.521441 118.20 100.17 140.86 133.80
sheep 0.521429 115.87 74.71 139.33 99.85
aeroplane 0.521341 150.86 37.86 188.67 90.07
sheep 0.521333 77.68 43.55 105.93 79.61
sheep 0.521325 127.05 68.70 152.87 91.74
aeroplane 0.521320 193.04 19.56 213.05 77.83
aeroplane 0.521317 117.09 105.76 140.23 145.41
aeroplane 0.521293 145.77 110.93 170.31 142.32
sheep 0.521283 140.71 68.04 174.09 95.87
car 0.521265 107.31 42.76 133.10 69.05
bottle 0.521247 149.73 49.27 186.66 96.98
sheep 0.521231 130.00 86.45 156.07 110.64
cow 0.521201 0.00 20.82 47.36 131.52
sheep 0.521154 9.01 72.08 24.83 122.60
aeroplane 0.521146 147.24 128.20 168.66 164.23
bottle 0.521141 145.59 58.03 178.97 92.43
car 0.521134 196.13 28.00 212.63 82.75
tvmonitor 0.521100 73.63 73.40 210.30 200.31
bottle 0.521017 142.65 80.53 176.44 106.97
dog 0.520994 110.01 212.31 152.94 224.00
car 0.520957 159.25 61.06 200.17 109.85
aeroplane 0.520920 165.35 124.56 189.91 165.46
aeroplane 0.520743 6.99 0.00 91.30 33.32
car 0.520722 178.44 93.94 198.52 128.42
sheep 0.520702 215.28 198.89 224.00 224.00
sheep 0.520640 0.00 13.91 13.15 47.40
aeroplane 0.520483 137.21 119.62 161.11 153.41
sheep 0.520302 144.16 86.22 174.70 111.20
sheep 0.520291 0.00 0.00 26.06 23.15
car 0.520279 170.11 18.98 206.00 78.60
sheep 0.520262 47.77 83.71 66.64 152.89
sheep 0.520192 25.96 28.31 43.32 48.27
aeroplane 0.520177 0.00 0.00 191.48 175.73
aeroplane 0.520017 56.47 212.85 96.79 224.00
boat 0.519997 91.61 109.94 120.17 167.59
aeroplane 0.519978 53.71 144.31 84.48 211.48
car 0.519934 190.26 82.58 208.45 116.50
person 0.519854 69.74 212.24 110.74 224.00
sheep 0.519770 115.09 68.10 138.38 92.24
car 0.519706 174.94 1.49 205.50 53.69
aeroplane 0.519666 160.01 113.08 189.44 155.82
aeroplane 0.519617 153.60 12.23 189.52 71.13
dog 0.519613 138.40 60.41 169.40 88.50
car 0.519609 136.69 0.00 171.20 11.80
aeroplane 0.519607 123.99 119.03 148.15 154.80
aeroplane 0.519557 138.12 128.83 159.13 162.06
car 0.519557 183.08 4.16 208.48 46.18
aeroplane 0.519556 84.44 0.00 123.66 14.63
boat 0.519535 82.44 43.87 109.31 78.11
aeroplane 0.519515 7.09 82.04 95.27 179.94
car 0.519483 191.94 89.68 206.90 120.47
aeroplane 0.519475 149.86 123.94 175.48 164.76
dog 0.519468 78.51 36.59 109.13 76.49
sheep 0.519394 33.88 37.30 49.63 56.14
aeroplane 0.519355 73.74 167.31 95.91 216.13
car 0.519343 88.03 45.26 114.66 74.38
car 0.519266 100.10 0.00 224.00 91.02
car 0.519261 102.25 0.00 145.37 12.76
sheep 0.519251 124.54 60.85 151.13 83.76
sheep 0.519158 132.09 93.26 155.19 117.14
aeroplane 0.519155 182.56 129.63 197.29 160.82
sheep 0.519154 49.08 59.22 71.61 94.71
sheep 0.519099 33.47 29.04 49.96 48.19
car 0.519057 158.76 97.43 189.82 136.23
car 0.519007 97.93 36.53 125.19 66.20
aeroplane 0.518941 60.94 140.10 90.48 206.10
aeroplane 0.518878 23.16 0.00 60.58 17.28
sheep 0.518849 67.53 55.96 98.39 94.09
boat 0.518768 109.37 118.83 131.03 165.61
aeroplane 0.518701 144.35 110.57 181.34 156.17
sheep 0.518674 114.90 60.10 138.59 83.28
aeroplane 0.518665 78.98 174.32 100.50 215.50
sheep 0.518657 15.78 27.37 34.75 50.92
aeroplane 0.518649 175.79 153.39 188.62 186.66
sheep 0.518610 24.11 19.75 43.63 41.42
car 0.518607 104.85 36.08 134.50 63.38
aeroplane 0.518583 181.25 119.14 197.10 152.12
car 0.518563 210.94 19.06 221.40 83.69
sheep 0.518526 26.14 36.88 41.93 57.44
car 0.518520 201.19 89.30 212.52 120.94
aeroplane 0.518491 170.59 137.30 189.84 174.02
car 0.518470 180.13 101.56 197.51 134.84
aeroplane 0.518388 183.70 154.92 194.89 185.26
car 0.518381 176.38 36.65 205.45 88.58
aeroplane 0.518370 139.59 110.95 163.43 141.36
car 0.518278 196.28 1.39 217.55 43.44
aeroplane 0.518250 69.09 0.00 107.21 14.77
aeroplane 0.518204 2.67 0.00 36.05 20.15
aeroplane 0.518200 120.21 174.27 145.05 206.53
aeroplane 0.518199 9.00 144.18 31.83 210.70
aeroplane 0.518181 131.67 184.30 152.65 214.30
sheep 0.518166 145.41 92.48 171.50 115.57
sheep 0.518163 14.68 19.45 34.84 43.57
aeroplane 0.518110 115.74 157.56 142.43 190.08
aeroplane 0.518104 9.71 0.00 45.46 18.14
aeroplane 0.518058 58.71 0.00 95.53 13.07
aeroplane 0.518032 79.99 123.09 108.46 194.54
aeroplane 0.518011 184.64 169.73 195.95 202.18
sheep 0.518008 50.61 55.28 71.52 82.62
sheep 0.517988 114.26 51.13 139.50 74.73
sheep 0.517986 0.00 188.98 26.30 224.00
aeroplane 0.517974 158.13 104.13 189.01 145.22
aeroplane 0.517948 128.58 171.80 151.26 204.98
aeroplane 0.517929 174.20 147.27 189.91 180.83
cow 0.517915 0.00 30.38 71.79 145.50
sheep 0.517897 6.17 17.85 24.57 45.05
car 0.517883 192.81 97.59 205.29 125.39
car 0.517707 114.31 43.39 140.85 68.15
aeroplane 0.517678 177.31 167.22 188.77 202.04
aeroplane 0.517669 187.72 183.49 203.88 208.82
aeroplane 0.517660 132.87 99.94 153.86 125.96
car 0.517655 200.48 75.79 212.90 111.22
aeroplane 0.517628 138.75 185.08 156.12 210.26
sheep 0.517626 145.02 98.42 167.86 121.72
aeroplane 0.517616 83.48 0.00 116.83 30.02
aeroplane 0.517612 180.79 109.46 196.84 142.98
bottle 0.517548 110.20 73.39 220.39 195.19
sheep 0.517543 0.00 41.73 13.69 77.84
dog 0.517542 145.64 47.50 179.29 84.71
aeroplane 0.517523 144.68 97.77 180.78 133.95
aeroplane 0.517500 149.39 138.90 169.06 172.61
aeroplane 0.517481 117.11 145.75 142.08 182.64
aeroplane 0.517446 187.82 171.47 203.09 201.26
car 0.517431 201.59 96.96 211.83 126.23
aeroplane 0.517430 126.64 161.40 150.74 194.15
sheep 0.517410 33.57 65.70 54.77 109.05
aeroplane 0.517373 126.21 111.95 149.61 146.08
sheep 0.517353 44.43 70.57 68.12 115.58
sheep 0.517345 195.56 193.88 214.66 221.24
car 0.517330 205.73 10.93 220.35 73.43
sheep 0.517323 41.96 38.88 58.29 57.05
sheep 0.517305 0.00 29.49 13.06 65.50
aeroplane 0.517303 118.80 131.77 140.81 170.51
aeroplane 0.517297 59.84 164.09 86.45 216.88
aeroplane 0.517161 183.85 140.54 196.60 169.45
aeroplane 0.517089 81.66 165.74 106.34 207.77
sheep 0.517082 6.18 24.78 24.87 52.70
sheep 0.517061 18.29 0.00 44.09 35.24
aeroplane 0.517059 41.74 150.43 73.63 215.70
aeroplane 0.517053 188.09 162.81 202.76 193.02
bottle 0.517049 133.80 2.46 220.18 125.52
boat 0.516998 88.98 37.09 116.29 71.27
aeroplane 0.516931 154.42 134.66 180.42 174.60
aeroplane 0.516927 79.35 183.23 104.40 224.00
car 0.516920 199.90 4.32 218.61 56.56
aeroplane 0.516894 196.14 183.12 212.40 209.11
sheep 0.516875 187.50 195.22 208.06 222.64
aeroplane 0.516818 72.05 144.02 99.51 205.69
aeroplane 0.516804 50.68 0.00 85.00 13.16
aeroplane 0.516791 10.57 172.96 35.94 215.82
aeroplane 0.516768 130.10 105.51 151.69 136.45
aeroplane 0.516756 184.03 149.39 195.80 177.76
sheep 0.516747 32.64 47.44 48.49 68.85
aeroplane 0.516732 123.99 184.90 147.40 215.85
car 0.516716 186.00 66.43 207.61 105.29
aeroplane 0.516647 161.41 153.96 179.16 186.45
sheep 0.516620 31.18 21.02 49.93 42.07
aeroplane 0.516501 150.82 0.00 189.78 46.40
sheep 0.516445 40.39 30.56 56.93 48.42
car 0.516400 181.35 51.01 205.95 98.38
aeroplane 0.516394 6.83 102.88 77.31 198.14
aeroplane 0.516382 138.90 162.26 158.67 192.28
aeroplane 0.516374 19.04 163.29 55.85 211.96
aeroplane 0.516366 80.79 145.60 106.96 203.96
car 0.516318 200.24 52.24 212.30 97.68
dog 0.516275 135.22 50.87 165.02 79.91
car 0.516237 212.00 38.01 221.46 95.81
aeroplane 0.516232 127.42 146.52 149.79 179.43
aeroplane 0.516230 42.47 0.00 74.86 14.21
aeroplane 0.516189 140.00 139.00 159.87 170.17
aeroplane 0.516162 138.66 172.80 156.59 202.50
aeroplane 0.516066 149.14 163.35 165.90 192.48
car 0.515975 202.03 104.87 211.51 132.59
aeroplane 0.515954 126.85 135.05 148.09 169.47
sheep 0.515945 41.78 47.68 58.03 68.08
aeroplane 0.515922 138.14 194.94 158.28 224.00
bottle 0.515894 138.80 115.02 224.00 218.48
sheep 0.515893 16.23 35.52 33.34 60.81
car 0.515882 193.43 104.85 204.17 131.68
aeroplane 0.515862 158.70 146.57 180.44 181.62
aeroplane 0.515817 85.79 150.07 111.79 199.34
dog 0.515813 121.93 51.47 150.48 75.05
sheep 0.515777 24.75 47.66 39.85 70.53
car 0.515643 212.00 84.73 221.89 128.39
aeroplane 0.515630 184.79 181.96 197.84 208.98
dog 0.515621 147.00 35.23 180.53 77.95
aeroplane 0.515594 139.61 156.36 160.86 184.49
sheep 0.515590 28.72 56.70 47.26 85.43
sheep 0.515582 21.89 57.29 39.10 84.97
cow 0.515525 0.00 0.00 75.43 63.13
aeroplane 0.515493 196.28 171.64 212.45 202.32
aeroplane 0.515490 192.60 131.92 204.15 157.60
aeroplane 0.515478 155.83 156.15 174.00 185.75
aeroplane 0.515463 150.10 149.59 169.83 179.92
aeroplane 0.515421 184.34 193.00 202.17 221.63
sheep 0.515302 5.80 54.27 23.60 88.50
aeroplane 0.515292 154.69 148.24 175.10 180.49
sheep 0.515268 10.81 0.00 34.55 36.01
aeroplane 0.515251 13.84 54.66 177.56 156.29
aeroplane 0.515216 196.54 162.04 212.19 194.06
aeroplane 0.515149 131.91 193.89 154.40 224.00
dog 0.515126 121.97 43.56 149.81 67.79
aeroplane 0.515080 155.39 162.58 171.77 192.19
aeroplane 0.515055 193.29 122.67 204.03 148.58
aeroplane 0.515026 140.49 149.56 161.39 178.00
aeroplane 0.515020 87.91 170.33 111.80 204.51
aeroplane 0.514996 178.10 179.06 190.51 208.41
sheep 0.514989 53.35 49.13 73.19 71.11
aeroplane 0.514959 62.98 177.76 88.57 224.00
aeroplane 0.514955 105.09 144.85 131.19 186.14
aeroplane 0.514955 193.70 113.04 203.74 139.50
sheep 0.514942 13.61 57.07 31.68 86.75
dog 0.514932 112.23 36.34 141.46 62.08
dog 0.514902 70.76 45.87 100.38 84.02
sheep 0.514870 37.12 56.12 55.51 84.56
dog 0.514867 134.56 41.09 161.46 71.61
aeroplane 0.514822 197.22 155.45 212.14 185.90
aeroplane 0.514802 177.47 190.53 194.49 221.55
sheep 0.514781 13.54 0.00 51.71 26.49
dog 0.514728 52.51 42.00 73.09 62.91
aeroplane 0.514702 189.08 150.31 202.83 176.91
dog 0.514701 72.47 28.66 103.93 64.61
aeroplane 0.514670 145.06 7.40 178.16 56.17
car 0.514640 64.57 0.00 196.82 82.77
aeroplane 0.514635 163.05 167.80 177.39 200.10
aeroplane 0.514607 83.73 14.48 114.67 49.63
aeroplane 0.514595 147.00 174.04 162.76 202.04
car 0.514563 202.67 113.59 211.71 140.31
aeroplane 0.514553 0.00 0.00 85.61 114.95
aeroplane 0.514516 191.39 141.46 203.49 167.36
cow 0.514465 0.38 45.25 104.72 149.50
aeroplane 0.514422 144.85 185.80 161.25 208.64
aeroplane 0.514416 6.07 32.53 23.78 63.30
boat 0.514363 81.64 125.95 111.23 189.14
car 0.514312 212.00 100.60 222.24 140.63
sheep 0.514209 209.48 189.05 221.27 222.14
cow 0.514180 30.47 22.76 156.50 128.50
sheep 0.514122 4.02 0.12 24.03 36.88
aeroplane 0.514111 25.07 194.45 66.37 224.00
car 0.514066 151.08 0.00 193.78 23.88
dog 0.514052 50.30 33.28 70.64 52.26
aeroplane 0.514036 202.35 131.72 212.45 157.93
aeroplane 0.514020 29.80 27.79 176.42 134.50
aeroplane 0.514019 87.50 180.89 110.45 208.41
aeroplane 0.513992 202.83 123.21 212.32 149.22
aeroplane 0.513981 102.98 160.25 131.03 193.95
aeroplane 0.513926 7.53 191.40 37.98 224.00
sheep 0.513917 38.25 22.47 55.76 41.85
car 0.513908 212.00 71.79 220.73 117.49
aeroplane 0.513874 78.38 0.00 118.69 19.55
sheep 0.513861 150.68 151.39 224.00 224.00
dog 0.513829 124.49 193.78 149.37 224.00
aeroplane 0.513783 143.77 195.93 164.09 221.84
sheep 0.513729 15.24 46.78 31.54 73.68
dog 0.513650 55.23 0.00 79.92 32.45
aeroplane 0.513578 198.88 148.53 212.20 177.05
sheep 0.513563 32.64 0.00 56.88 36.40
aeroplane 0.513482 63.71 0.00 96.93 32.87
aeroplane 0.513433 6.03 44.00 23.14 75.60
aeroplane 0.513318 201.17 140.22 212.27 167.38
aeroplane 0.513207 84.08 29.39 115.47 68.65
aeroplane 0.513147 154.22 172.46 169.51 200.47
dog 0.513129 133.26 32.73 159.39 64.40
aeroplane 0.513031 163.94 179.75 177.92 206.66
sheep 0.513021 211.27 178.34 222.08 213.66
dog 0.512902 48.04 23.80 66.49 42.30
dog 0.512897 44.49 0.00 65.42 33.59
aeroplane 0.512883 212.00 149.56 223.53 193.24
aeroplane 0.512873 107.03 177.93 131.38 206.45
cow 0.512710 36.41 0.00 127.76 66.45
sheep 0.512674 203.03 201.89 222.01 224.00
dog 0.512662 65.64 18.18 94.97 48.38
aeroplane 0.512662 163.01 192.65 182.75 221.73
dog 0.512648 61.04 33.01 85.88 60.93
sheep 0.512648 169.09 202.91 197.17 224.00
dog 0.512604 58.92 22.32 80.43 46.16
cow 0.512596 11.74 53.99 159.59 153.77
aeroplane 0.512513 103.38 170.12 130.43 199.57
aeroplane 0.512507 124.84 0.00 153.22 30.93
boat 0.512488 92.63 137.55 117.43 186.77
sheep 0.512477 181.84 207.04 212.33 224.00
aeroplane 0.512424 152.47 184.30 168.30 207.14
dog 0.512415 121.12 36.54 149.04 61.81
aeroplane 0.512388 14.27 192.23 54.47 224.00
aeroplane 0.512234 93.14 158.31 117.67 195.91
sheep 0.512183 95.19 133.92 208.56 224.00
dog 0.512173 65.44 48.69 93.68 80.30
aeroplane 0.512126 133.59 11.14 158.04 50.65
dog 0.512111 63.97 42.05 90.45 73.70
aeroplane 0.512057 109.69 185.41 132.41 212.82
car 0.512033 212.00 119.35 223.55 157.13
sheep 0.512022 28.41 0.00 63.35 25.24
aeroplane 0.511959 42.52 176.15 73.94 223.20
sheep 0.511858 212.00 167.08 223.28 209.03
aeroplane 0.511815 151.08 195.89 172.35 221.84
aeroplane 0.511701 95.20 0.00 138.86 28.54
dog 0.511629 72.56 14.86 105.83 46.71
sheep 0.511561 130.37 205.66 162.49 224.00
aeroplane 0.511553 110.43 0.00 146.57 30.05
aeroplane 0.511471 101.30 29.34 135.98 61.94
aeroplane 0.511443 95.84 30.27 127.43 64.76
aeroplane 0.511387 41.38 0.00 71.36 21.82
aeroplane 0.511299 95.27 0.00 146.34 14.51
aeroplane 0.511250 67.79 200.85 102.65 224.00
sheep 0.511238 144.44 205.98 179.01 224.00
aeroplane 0.511188 212.00 135.32 222.96 173.88
aeroplane 0.511139 140.40 0.00 176.15 38.48
aeroplane 0.511138 132.69 24.03 158.02 59.09
aeroplane 0.510993 123.97 12.54 150.06 49.34
dog 0.510964 122.46 205.76 156.94 224.00
aeroplane 0.510584 93.60 173.12 117.26 201.18
aeroplane 0.510499 94.66 181.28 116.63 205.48
dog 0.510446 109.19 28.27 141.75 58.70
aeroplane 0.510233 86.95 194.71 109.50 222.86
aeroplane 0.509979 109.74 13.02 143.21 50.68
aeroplane 0.509681 95.92 187.65 116.00 210.52
dog 0.509601 109.81 194.36 134.78 224.00
aeroplane 0.509523 77.14 206.49 112.93 224.00
aeroplane 0.509489 97.74 13.67 135.71 51.71
dog 0.509482 120.23 26.99 148.43 56.99
aeroplane 0.509442 89.96 14.29 126.33 50.43
aeroplane 0.509430 58.39 200.28 92.96 224.00
aeroplane 0.508197 42.85 199.32 77.53 224.00
aeroplane 0.508009 95.53 196.05 116.96 222.73
dog 0.507763 91.59 210.32 123.05 224.00
