motorbike 0.652979 79.86 34.30 194.15 201.56
person 0.634549 76.53 33.80 188.37 198.63
motorbike 0.619103 51.26 73.84 188.16 204.28
horse 0.603625 17.09 141.26 77.03 218.83
motorbike 0.593025 134.04 32.68 183.47 124.00
person 0.587097 130.77 38.09 182.74 131.02
motorbike 0.584897 64.27 100.16 157.54 202.93
motorbike 0.582139 89.65 56.13 157.55 174.38
bicycle 0.578690 78.14 103.75 168.00 195.84
horse 0.577190 8.22 118.17 82.39 208.90
person 0.573671 97.20 28.93 180.51 161.39
motorbike 0.570685 99.95 44.91 167.20 153.65
motorbike 0.570239 36.56 117.64 142.64 204.35
horse 0.565672 42.45 130.37 105.35 214.01
motorbike 0.563542 112.36 37.44 180.01 134.08
motorbike 0.563294 140.34 54.41 177.71 140.44
motorbike 0.561037 85.23 96.39 164.50 186.87
horse 0.560927 56.30 124.49 118.06 210.57
person 0.557642 104.92 41.55 143.53 148.73
bicycle 0.557240 112.70 100.15 180.00 190.83
bicycle 0.556742 62.54 66.09 201.79 187.38
motorbike 0.554998 83.33 71.06 134.41 171.21
motorbike 0.553924 97.54 46.87 138.90 157.01
motorbike 0.553656 130.11 67.18 172.61 157.53
person 0.550175 140.98 45.63 198.07 119.57
motorbike 0.549460 120.58 94.22 178.32 183.64
horse 0.548544 54.10 79.58 195.68 194.17
motorbike 0.548076 60.82 122.19 117.07 207.31
motorbike 0.546420 74.40 67.16 123.09 157.03
person 0.545145 120.12 37.00 164.27 124.64
motorbike 0.545086 40.21 50.06 164.65 185.08
bicycle 0.543209 92.75 48.13 210.70 173.79
person 0.543091 159.66 49.04 205.52 106.88
motorbike 0.542606 74.92 108.32 136.06 199.12
person 0.542264 135.93 56.17 224.00 172.25
horse 0.541190 39.41 118.31 139.04 201.55
person 0.541040 75.84 58.15 117.78 142.11
person 0.541032 116.56 35.74 149.30 121.54
person 0.540423 111.27 36.34 137.54 126.48
horse 0.539419 26.44 140.35 71.28 199.87
person 0.538254 210.59 82.06 224.00 144.06
person 0.537404 69.55 70.32 105.93 151.10
horse 0.536735 10.13 153.19 89.79 210.33
person 0.536144 96.68 43.49 212.83 182.78
person 0.536066 104.28 41.52 128.79 133.29
horse 0.535835 10.83 177.86 93.07 212.57
sheep 0.534814 191.06 28.32 213.75 46.79
motorbike 0.533835 33.34 80.12 53.14 140.32
horse 0.533739 0.04 146.01 49.20 202.16
person 0.533372 78.46 52.52 110.47 125.48
person 0.533367 190.68 83.04 215.67 141.58
person 0.533092 71.63 60.00 101.19 134.63
person 0.533059 63.84 83.11 98.34 158.29
person 0.532964 118.96 35.31 193.84 151.41
horse 0.532607 0.00 146.16 30.19 200.84
person 0.532313 169.43 45.53 224.00 164.30
horse 0.532301 60.46 138.95 155.38 205.83
person 0.532289 185.39 0.00 224.00 46.01
horse 0.532254 6.71 190.66 82.39 219.21
person 0.532139 207.72 208.80 224.00 224.00
dog 0.531769 148.47 211.10 180.19 224.00
horse 0.531459 104.07 130.92 177.80 192.06
motorbike 0.531379 43.34 130.92 162.31 224.00
horse 0.531072 37.81 146.99 129.86 224.00
person 0.531051 0.00 74.17 8.77 130.53
person 0.530914 51.29 81.96 83.94 152.06
person 0.530880 173.14 53.72 207.52 98.57
person 0.530860 64.94 75.18 160.11 214.73
person 0.530840 167.27 63.87 211.42 124.25
person 0.530821 212.87 67.42 224.00 118.86
dog 0.530792 209.45 56.49 224.00 93.78
cow 0.530629 113.61 136.06 175.35 191.89
dog 0.530587 206.39 51.69 224.00 85.57
dog 0.530582 212.07 61.45 224.00 103.54
horse 0.530575 30.63 186.35 115.46 213.29
motorbike 0.530411 27.30 82.95 45.34 141.05
sheep 0.530243 195.56 212.50 224.00 224.00
person 0.530066 102.11 39.64 121.60 110.79
sheep 0.530039 208.13 0.00 224.00 25.76
sheep 0.530032 191.38 23.03 214.16 42.10
dog 0.529969 156.79 211.34 187.93 224.00
aeroplane 0.529864 0.00 36.16 8.46 85.10
dog 0.529617 136.20 211.38 173.34 224.00
motorbike 0.529590 73.73 132.05 167.94 197.55
bicycle 0.529458 137.68 73.25 224.00 179.15
motorbike 0.529436 0.00 27.10 105.81 172.95
person 0.529400 74.45 55.88 92.25 96.86
person 0.529381 72.02 113.69 121.65 196.73
aeroplane 0.529243 0.00 40.20 29.64 147.23
person 0.529212 0.00 88.43 9.09 148.25
person 0.529137 80.59 50.58 104.24 110.11
cow 0.529126 88.81 187.43 148.99 214.02
motorbike 0.528949 141.43 55.28 197.01 126.00
horse 0.528940 21.07 137.92 97.30 200.13
person 0.528926 74.19 54.55 96.61 118.38
person 0.528867 178.13 59.44 210.29 107.95
motorbike 0.528738 0.00 52.43 30.95 160.78
person 0.528668 179.90 178.78 224.00 224.00
person 0.528625 213.35 109.95 224.00 155.33
aeroplane 0.528533 0.00 18.28 7.79 72.85
cow 0.528450 41.99 186.91 125.17 212.49
horse 0.528389 0.00 108.81 10.22 164.02
dog 0.528251 202.99 46.58 224.00 77.95
person 0.528133 73.27 97.65 117.85 172.08
aeroplane 0.528054 16.73 0.00 108.36 42.50
person 0.528013 182.41 68.06 213.82 123.27
horse 0.527886 0.00 172.40 47.61 224.00
person 0.527842 0.00 44.08 8.51 91.38
cow 0.527795 64.11 163.36 151.47 209.49
person 0.527761 37.30 77.02 58.38 140.40
horse 0.527667 58.01 164.47 145.36 209.98
horse 0.527438 32.95 85.62 54.60 143.90
person 0.527323 181.30 27.29 224.00 140.08
horse 0.527296 8.19 196.57 72.11 224.00
aeroplane 0.527289 30.90 17.04 65.18 66.01
dog 0.527265 164.47 211.84 197.71 224.00
horse 0.527259 0.00 123.87 11.62 180.08
sheep 0.527217 190.09 33.74 213.44 54.52
aeroplane 0.527137 0.00 0.00 46.40 44.77
person 0.527111 103.11 25.79 131.57 99.64
sheep 0.527042 204.63 25.12 224.00 49.88
person 0.526921 0.00 59.15 8.61 111.49
horse 0.526810 66.50 132.20 174.57 224.00
dog 0.526805 179.19 213.38 213.00 224.00
cow 0.526801 22.12 195.74 106.56 222.23
horse 0.526783 0.00 77.04 39.97 177.58
aeroplane 0.526771 38.30 15.55 73.55 67.92
horse 0.526691 22.77 164.41 95.95 224.00
motorbike 0.526667 16.21 82.95 36.70 142.27
aeroplane 0.526657 0.00 0.00 121.68 147.16
person 0.526640 67.76 59.88 89.79 130.63
dog 0.526482 187.42 49.20 212.25 77.02
horse 0.526410 26.90 88.55 46.30 145.08
motorbike 0.526409 138.44 70.78 193.12 150.00
sheep 0.526404 191.84 14.49 213.10 37.51
horse 0.526337 0.00 133.18 17.63 192.61
motorbike 0.526310 147.39 102.60 194.60 170.20
person 0.526248 122.15 210.15 166.38 224.00
person 0.526173 126.71 34.90 158.97 107.75
aeroplane 0.525931 26.89 0.00 76.43 16.80
sheep 0.525927 191.70 0.00 217.95 24.60
cow 0.525842 60.20 183.65 140.26 211.13
motorbike 0.525729 171.40 81.18 212.29 143.21
sheep 0.525612 206.88 11.30 224.00 41.37
dog 0.525548 175.86 50.21 206.99 89.34
aeroplane 0.525522 0.00 21.65 38.65 120.06
horse 0.525457 8.50 144.96 66.46 207.10
dog 0.525274 183.64 56.75 210.03 89.55
horse 0.525269 0.00 111.69 47.34 190.61
person 0.525255 44.04 73.30 68.52 140.92
person 0.525110 69.75 59.97 87.37 96.07
person 0.524984 183.44 59.92 209.89 95.20
car 0.524932 0.00 0.00 19.32 25.47
motorbike 0.524851 0.00 101.36 118.51 224.00
horse 0.524848 147.32 92.31 224.00 197.51
dog 0.524832 188.90 41.41 213.41 66.55
horse 0.524796 0.00 88.12 15.87 149.60
motorbike 0.524667 32.94 87.01 126.82 193.42
person 0.524569 70.42 56.58 87.07 115.12
horse 0.524557 0.00 120.86 24.79 173.60
dog 0.524541 201.08 40.05 224.00 68.95
horse 0.524476 16.41 88.90 37.50 148.13
person 0.524441 103.89 75.83 224.00 224.00
sheep 0.524408 184.55 0.00 211.23 24.69
horse 0.524265 0.00 76.56 14.52 131.15
cow 0.524096 98.10 203.38 148.02 224.00
person 0.524071 192.43 102.81 215.30 146.31
aeroplane 0.523984 29.87 25.85 60.76 75.71
cow 0.523972 46.30 200.14 116.83 224.00
motorbike 0.523950 37.60 74.55 56.81 135.42
aeroplane 0.523937 0.00 6.88 8.50 53.38
person 0.523810 186.98 0.38 224.00 111.73
dog 0.523699 139.12 19.92 161.68 61.70
aeroplane 0.523691 68.97 59.07 89.07 95.44
motorbike 0.523675 5.44 81.31 26.30 141.20
person 0.523672 57.20 63.01 78.86 130.33
horse 0.523603 159.93 116.48 224.00 219.61
aeroplane 0.523599 31.20 57.49 57.08 104.24
dog 0.523569 180.51 46.17 208.16 79.76
sheep 0.523507 202.24 32.52 224.00 58.37
aeroplane 0.523461 45.45 15.79 83.69 70.56
sheep 0.523443 139.74 18.18 161.34 47.67
motorbike 0.523321 26.56 52.94 130.69 157.61
horse 0.523290 7.29 181.73 67.86 212.75
aeroplane 0.523289 104.27 16.01 126.33 41.56
sheep 0.523268 146.71 20.67 168.15 49.37
horse 0.523218 5.16 88.02 27.34 149.27
aeroplane 0.523165 129.14 18.66 152.54 59.96
horse 0.523054 42.07 168.68 125.87 212.54
dog 0.522984 146.41 23.50 169.70 62.19
aeroplane 0.522917 101.00 16.22 128.04 53.34
aeroplane 0.522909 22.09 21.98 53.19 64.20
cow 0.522871 109.57 207.82 159.93 224.00
person 0.522793 94.20 26.67 121.66 94.55
motorbike 0.522771 33.09 64.28 55.54 113.96
aeroplane 0.522644 108.69 16.78 131.97 42.88
aeroplane 0.522608 25.25 14.34 57.10 53.49
sheep 0.522553 176.99 0.00 204.81 23.59
aeroplane 0.522515 39.45 4.36 75.49 48.74
aeroplane 0.522505 129.91 17.64 152.55 44.85
horse 0.522397 0.00 195.79 34.75 224.00
boat 0.522395 97.45 0.00 171.81 58.16
aeroplane 0.522392 47.88 26.53 76.95 78.76
car 0.522218 110.40 0.00 184.82 55.18
aeroplane 0.522208 34.38 37.07 161.34 151.77
motorbike 0.522150 23.79 59.60 48.39 103.17
aeroplane 0.522070 19.09 0.00 64.41 15.19
dog 0.521983 162.85 0.00 224.00 43.00
person 0.521900 65.42 107.80 104.67 179.99
horse 0.521865 96.34 154.02 192.19 224.00
sheep 0.521841 154.21 26.90 179.80 60.57
person 0.521841 60.32 120.05 104.15 196.79
aeroplane 0.521755 0.00 41.61 13.24 82.13
dog 0.521744 192.51 55.06 215.35 82.30
person 0.521728 94.93 0.00 176.99 117.13
sheep 0.521701 184.21 29.32 209.07 46.93
person 0.521606 127.83 24.94 153.44 84.43
aeroplane 0.521605 116.91 17.35 141.00 43.68
cow 0.521506 126.64 169.49 215.59 224.00
sheep 0.521505 167.57 0.00 196.86 21.54
sheep 0.521479 144.04 13.08 166.00 36.12
sheep 0.521425 154.55 23.38 177.38 49.46
dog 0.521409 216.16 124.54 224.00 167.32
aeroplane 0.521313 56.39 31.44 88.37 82.72
person 0.521300 64.23 60.68 79.67 103.03
dog 0.521249 186.10 0.00 224.00 78.83
sheep 0.521237 156.87 0.00 187.32 19.70
sheep 0.521194 196.44 14.43 219.60 39.99
aeroplane 0.521185 20.40 32.04 49.29 73.50
motorbike 0.521060 0.00 46.74 76.08 151.25
horse 0.521016 85.73 171.79 157.32 212.50
motorbike 0.521004 25.93 0.00 158.89 171.73
aeroplane 0.521000 27.98 8.39 59.12 41.66
dog 0.521000 157.57 177.20 224.00 224.00
aeroplane 0.520997 99.56 18.46 129.77 77.24
sheep 0.520971 199.15 2.19 221.84 33.49
person 0.520966 140.03 38.74 173.28 106.49
sheep 0.520928 137.97 11.21 160.90 35.31
horse 0.520866 12.09 128.35 42.42 177.97
cow 0.520846 66.37 200.78 130.04 224.00
cow 0.520832 100.54 189.98 157.37 220.44
horse 0.520806 6.42 102.59 30.03 157.20
aeroplane 0.520794 114.30 17.94 141.83 58.05
aeroplane 0.520783 56.78 18.68 96.50 73.29
motorbike 0.520758 187.73 116.00 211.27 153.09
aeroplane 0.520718 23.51 52.61 48.76 94.10
aeroplane 0.520678 38.71 58.10 62.84 101.28
horse 0.520463 8.95 118.88 35.26 166.63
boat 0.520446 145.72 0.00 178.00 17.88
boat 0.520358 137.86 0.00 171.07 16.60
person 0.520295 114.86 22.63 144.19 83.31
motorbike 0.520257 72.53 27.54 167.22 142.53
horse 0.520119 24.48 103.10 47.62 156.42
horse 0.520103 93.30 92.95 206.13 195.85
person 0.520082 137.27 27.03 162.41 83.94
aeroplane 0.520067 29.70 38.05 58.14 86.10
horse 0.520011 28.86 100.74 54.74 156.44
horse 0.519987 0.00 165.08 37.12 211.69
aeroplane 0.519961 76.85 0.00 160.14 59.78
motorbike 0.519939 52.80 60.02 72.87 96.44
motorbike 0.519926 175.38 110.85 210.56 158.24
aeroplane 0.519906 47.58 0.00 95.76 17.18
dog 0.519903 193.94 63.34 214.36 96.69
motorbike 0.519901 39.62 63.46 59.45 112.35
horse 0.519863 17.06 103.66 39.70 157.10
motorbike 0.519862 51.78 62.81 68.57 107.34
aeroplane 0.519849 21.91 43.07 48.28 83.45
aeroplane 0.519827 0.00 5.56 40.84 93.23
aeroplane 0.519811 0.00 0.10 9.93 41.89
sheep 0.519797 164.73 28.79 191.67 57.51
aeroplane 0.519721 71.91 0.00 109.97 15.56
horse 0.519679 6.79 165.27 70.37 210.68
dog 0.519657 179.62 37.82 207.70 70.68
aeroplane 0.519517 18.05 12.41 41.89 40.36
cow 0.519493 194.59 122.56 214.03 154.82
sheep 0.519490 151.67 14.87 174.07 36.77
aeroplane 0.519473 0.00 0.00 13.76 32.51
person 0.519470 143.38 35.76 208.75 147.58
sheep 0.519378 175.70 29.03 201.26 52.36
person 0.519284 103.88 20.08 136.31 80.40
dog 0.519250 220.00 165.22 224.00 196.83
sheep 0.519166 220.00 173.86 224.00 203.19
aeroplane 0.519153 98.18 0.00 131.56 15.67
aeroplane 0.519121 22.17 44.78 125.35 144.97
aeroplane 0.519106 0.00 39.82 82.96 140.87
aeroplane 0.519063 48.57 0.00 145.65 56.82
aeroplane 0.519059 38.87 38.39 67.23 85.94
horse 0.519021 13.60 135.07 51.21 187.80
dog 0.518974 167.57 38.90 201.82 83.73
sheep 0.518955 183.66 32.51 209.08 54.83
boat 0.518871 123.90 0.00 156.49 14.97
car 0.518768 138.99 0.00 211.68 45.99
sheep 0.518681 220.00 181.57 224.00 210.18
aeroplane 0.518630 85.69 15.22 116.77 55.26
aeroplane 0.518619 6.86 47.33 24.11 79.45
aeroplane 0.518604 89.36 0.00 123.93 15.21
aeroplane 0.518558 128.90 10.94 152.84 33.62
person 0.518539 28.64 136.91 67.88 191.37
person 0.518477 144.24 30.02 170.87 81.80
motorbike 0.518475 4.46 85.98 81.95 187.34
aeroplane 0.518440 77.50 29.78 110.83 89.81
person 0.518391 171.71 150.98 224.00 224.00
aeroplane 0.518387 52.21 43.88 77.05 87.47
aeroplane 0.518335 114.49 0.00 147.33 15.06
aeroplane 0.518324 109.06 9.68 131.96 33.16
person 0.518317 193.07 67.70 215.07 112.58
aeroplane 0.518296 80.44 18.67 114.40 72.83
aeroplane 0.518269 14.70 18.52 39.03 52.99
aeroplane 0.518254 70.58 48.42 99.42 96.38
horse 0.518246 18.41 122.74 47.37 168.70
aeroplane 0.518195 102.89 9.19 126.49 32.95
dog 0.518152 218.25 135.16 224.00 176.91
motorbike 0.518124 48.51 66.20 65.46 122.53
motorbike 0.518116 81.07 0.00 170.82 113.86
motorbike 0.518105 15.21 61.43 35.53 99.33
sheep 0.518024 184.25 24.79 209.12 42.09
horse 0.518021 0.00 63.20 12.64 109.84
aeroplane 0.518012 35.63 0.00 74.33 32.44
sheep 0.517963 165.52 24.61 190.53 47.76
cow 0.517942 94.87 172.32 160.01 213.47
sheep 0.517879 181.41 3.97 206.36 30.13
aeroplane 0.517867 15.34 55.62 36.20 89.06
aeroplane 0.517867 13.52 48.30 34.97 79.87
aeroplane 0.517864 0.00 55.72 12.63 98.56
horse 0.517835 79.63 114.40 190.34 214.83
aeroplane 0.517830 0.00 15.72 12.00 60.46
aeroplane 0.517822 14.43 0.00 134.48 67.15
person 0.517760 151.12 32.65 181.26 78.83
cow 0.517694 86.84 196.36 145.71 221.75
aeroplane 0.517683 61.08 49.10 84.68 90.66
person 0.517681 196.05 111.22 219.02 150.25
aeroplane 0.517670 71.43 14.82 108.16 59.01
car 0.517667 187.49 120.33 209.52 158.44
dog 0.517663 220.00 151.64 224.00 188.08
aeroplane 0.517576 90.34 15.63 117.51 44.22
aeroplane 0.517557 8.41 54.02 24.56 86.08
person 0.517459 153.57 40.62 192.38 97.19
sheep 0.517406 161.85 33.44 192.34 73.34
aeroplane 0.517406 117.13 10.67 141.09 33.12
person 0.517400 31.95 97.94 58.74 155.52
sheep 0.517383 183.52 15.99 207.26 36.56
sheep 0.517356 219.78 192.43 224.00 223.35
sheep 0.517350 174.21 32.71 202.05 63.54
aeroplane 0.517344 66.14 31.86 101.27 87.05
motorbike 0.517199 15.03 68.71 34.44 110.13
person 0.517136 43.92 114.36 84.01 178.43
sheep 0.517132 212.32 204.85 224.00 224.00
motorbike 0.517086 6.38 74.76 24.54 120.38
motorbike 0.517067 16.02 76.94 35.46 122.72
aeroplane 0.516998 25.86 6.92 139.31 95.73
aeroplane 0.516933 0.00 0.00 25.83 21.65
horse 0.516787 26.07 123.45 61.40 171.82
aeroplane 0.516773 5.12 0.00 37.37 16.88
person 0.516720 37.21 131.06 80.63 196.40
sheep 0.516704 145.77 0.00 174.61 26.34
aeroplane 0.516648 11.62 27.87 35.76 64.74
aeroplane 0.516561 11.13 38.11 33.83 72.49
sheep 0.516538 137.48 0.00 167.17 24.95
horse 0.516499 91.30 150.37 166.66 207.84
sheep 0.516429 164.39 16.07 188.56 37.35
cow 0.516344 106.36 152.71 167.72 206.35
person 0.516314 37.37 96.30 67.72 157.30
aeroplane 0.516271 195.13 186.31 211.50 205.19
sheep 0.516224 171.95 1.29 198.91 29.64
aeroplane 0.516219 4.51 37.90 22.77 74.49
aeroplane 0.516205 8.28 13.93 23.62 43.03
cow 0.515992 113.15 169.60 167.33 215.22
aeroplane 0.515965 27.76 0.00 62.23 27.31
aeroplane 0.515942 96.06 8.10 121.94 32.60
aeroplane 0.515922 47.86 8.31 93.89 53.63
aeroplane 0.515921 7.95 59.66 23.68 96.72
aeroplane 0.515645 195.46 179.16 212.24 197.49
sheep 0.515620 176.27 24.88 201.47 45.13
aeroplane 0.515512 77.59 14.17 110.12 47.81
aeroplane 0.515476 62.83 11.77 101.10 51.13
aeroplane 0.515454 195.13 170.15 213.59 189.32
aeroplane 0.515428 19.66 2.16 46.96 26.94
aeroplane 0.515419 30.42 0.00 87.50 23.87
motorbike 0.515343 6.80 67.03 22.89 108.18
cow 0.515302 139.56 126.45 194.61 184.10
aeroplane 0.515289 5.81 19.36 22.91 55.53
dog 0.514902 119.27 188.63 168.13 224.00
sheep 0.514880 175.02 16.33 199.84 37.27
person 0.514650 27.60 121.92 63.08 171.80
aeroplane 0.514619 186.01 186.51 206.69 206.74
cow 0.514482 169.17 116.33 205.49 170.45
aeroplane 0.514402 9.62 5.69 26.27 30.33
dog 0.514180 115.87 204.63 164.74 224.00
aeroplane 0.514002 195.24 156.14 214.46 180.12
cow 0.513718 186.38 122.65 209.51 165.01
aeroplane 0.513633 174.58 185.01 200.87 206.10
horse 0.513440 108.91 131.69 206.02 224.00
person 0.513439 154.14 12.92 210.35 120.19
aeroplane 0.513438 87.33 5.59 116.74 33.84
dog 0.513376 185.68 178.57 207.97 198.40
aeroplane 0.513341 10.13 6.57 101.13 88.85
aeroplane 0.513279 184.04 169.29 208.91 189.35
aeroplane 0.513070 97.64 0.00 128.47 24.42
sheep 0.513046 193.87 198.21 213.43 223.88
sheep 0.512894 124.50 0.00 154.64 23.02
aeroplane 0.512789 164.93 149.80 203.70 181.14
aeroplane 0.512759 182.77 154.26 209.28 181.08
cow 0.512695 124.75 154.42 181.63 190.75
aeroplane 0.512683 121.37 170.89 172.07 212.52
aeroplane 0.512604 183.66 134.48 209.42 173.14
aeroplane 0.512577 142.95 158.96 192.99 187.93
aeroplane 0.512541 166.83 165.50 202.64 187.79
aeroplane 0.512442 195.36 137.29 214.47 170.20
dog 0.512361 170.64 175.28 201.60 196.98
aeroplane 0.512330 156.11 179.82 190.42 206.24
sheep 0.512284 184.66 198.88 208.53 224.00
dog 0.512245 207.28 177.76 219.52 198.29
dog 0.512188 200.79 125.79 218.19 160.91
dog 0.512174 207.16 168.65 220.07 191.12
aeroplane 0.512118 57.06 0.00 103.38 22.02
sheep 0.511971 207.00 184.96 219.09 205.40
aeroplane 0.511910 75.93 2.37 109.69 34.77
aeroplane 0.511864 45.67 0.00 92.24 36.65
sheep 0.511813 155.42 0.00 224.00 87.84
aeroplane 0.511769 113.72 0.00 143.71 22.95
aeroplane 0.511559 61.84 0.00 100.93 35.32
dog 0.511522 175.94 199.08 202.28 224.00
aeroplane 0.511462 79.69 0.00 115.77 23.20
aeroplane 0.511418 148.76 168.57 191.12 196.37
horse 0.511252 141.91 144.16 224.00 224.00
sheep 0.511155 130.91 190.68 173.94 224.00
aeroplane 0.510967 134.51 173.96 179.39 208.79
sheep 0.510851 125.53 0.00 199.05 99.52
aeroplane 0.510788 128.39 162.02 179.80 198.49
dog 0.510782 162.20 197.43 192.61 224.00
dog 0.510764 206.41 154.55 219.97 182.38
sheep 0.510521 187.77 212.00 217.53 224.00
sheep 0.510168 205.57 196.13 219.71 221.76
dog 0.510108 204.06 136.44 218.88 170.95
sheep 0.509731 145.06 193.86 182.01 224.00
