horse 0.619973 117.07 68.28 149.55 167.25
horse 0.615599 87.29 88.04 110.85 175.71
car 0.583840 168.24 60.71 188.39 87.32
horse 0.577653 94.88 84.59 115.46 173.71
person 0.576207 120.59 69.79 151.33 135.55
horse 0.570284 30.62 114.03 78.82 214.49
horse 0.568523 104.23 67.54 161.92 178.75
horse 0.568332 107.02 85.84 133.29 168.62
person 0.566207 104.72 67.29 161.31 182.56
person 0.563319 119.88 92.28 150.07 168.23
person 0.563075 112.74 71.11 155.12 160.10
horse 0.561534 37.25 103.11 67.51 203.27
horse 0.560571 99.02 77.22 118.37 164.71
horse 0.559139 122.27 66.83 152.69 136.87
car 0.557815 173.25 61.38 195.00 88.09
dog 0.554062 39.30 95.24 59.44 183.20
horse 0.553671 41.63 99.55 71.23 180.68
person 0.552434 94.55 76.84 112.13 156.07
horse 0.552213 76.49 99.35 113.72 187.20
horse 0.551881 115.21 92.95 141.38 168.23
person 0.551703 102.26 74.32 120.02 155.89
horse 0.550849 102.73 95.13 125.66 171.93
horse 0.550229 87.53 89.70 155.74 184.07
person 0.550167 111.37 70.95 140.80 149.64
horse 0.549477 81.52 93.98 105.64 177.42
dog 0.548863 92.62 74.67 111.34 127.51
dog 0.546888 98.99 73.06 118.69 134.53
person 0.546184 38.97 98.49 68.22 183.12
horse 0.545935 63.18 100.65 102.06 186.88
horse 0.545895 110.29 70.84 136.18 141.14
horse 0.545605 84.90 116.75 112.25 193.49
person 0.544836 126.72 68.35 154.37 122.67
cow 0.543115 84.86 130.48 114.25 193.66
car 0.543027 156.68 62.81 180.16 93.06
person 0.542837 98.97 74.04 139.68 157.82
horse 0.542822 92.22 70.81 190.66 193.93
horse 0.542660 49.04 115.26 92.62 201.38
horse 0.542112 48.14 103.43 80.01 190.65
motorbike 0.541940 127.86 66.51 160.45 126.95
car 0.540356 181.84 63.57 205.00 87.40
person 0.540070 88.56 80.67 107.63 154.50
dog 0.539058 88.19 76.24 106.32 134.73
person 0.537799 103.72 58.08 207.12 193.04
car 0.537323 107.89 58.88 214.81 178.06
person 0.537049 134.85 67.33 162.78 111.82
horse 0.536414 23.97 133.67 71.71 211.86
person 0.536349 125.77 66.00 160.53 138.04
sofa 0.536203 95.31 54.12 213.97 188.69
person 0.535749 130.94 63.03 155.92 109.48
dog 0.535467 36.30 88.34 54.78 169.03
cow 0.535289 32.42 96.17 58.51 177.35
car 0.535039 122.01 68.34 197.04 167.48
cow 0.535036 31.81 107.98 66.33 195.48
cow 0.535031 0.00 99.74 41.06 198.61
car 0.534891 169.79 65.04 190.06 95.84
horse 0.534831 55.38 99.35 88.48 177.93
dog 0.534706 86.02 74.65 202.29 201.12
cow 0.534541 0.00 125.29 10.39 186.66
person 0.534126 29.18 87.81 62.06 181.44
horse 0.534065 65.23 117.04 127.33 198.64
cow 0.533909 0.00 98.17 11.51 151.87
cow 0.533847 25.54 147.78 70.70 212.68
person 0.533828 116.61 66.34 172.96 150.94
dog 0.533738 110.80 72.52 133.47 132.44
aeroplane 0.533698 87.47 85.62 215.30 206.82
person 0.533697 140.19 63.08 165.27 101.37
horse 0.533192 42.02 125.22 81.05 202.01
motorbike 0.533062 151.35 77.17 194.22 122.01
cow 0.532755 0.00 110.26 11.59 169.31
motorbike 0.532663 152.13 66.64 175.25 101.82
person 0.532477 124.56 64.74 148.48 109.98
person 0.532463 143.96 71.67 183.63 127.87
car 0.532334 214.30 37.49 224.00 59.18
dog 0.531974 87.93 75.85 103.98 107.77
person 0.531952 0.00 140.09 9.80 201.51
car 0.531941 213.48 44.11 224.00 65.74
person 0.531799 0.00 86.97 11.04 134.93
person 0.531654 153.07 81.01 198.98 129.21
motorbike 0.531644 145.11 70.26 178.75 120.92
person 0.531614 0.00 183.06 13.61 223.49
cow 0.531288 84.16 150.73 120.02 198.28
horse 0.531225 96.69 103.91 123.35 178.27
person 0.531099 0.00 0.00 74.37 124.69
car 0.531040 161.72 65.77 185.85 99.99
person 0.530883 210.00 206.63 224.00 224.00
car 0.530653 212.64 50.38 224.00 71.89
car 0.530418 0.00 106.79 91.05 224.00
horse 0.530402 69.42 126.85 109.54 196.17
car 0.530281 175.31 67.78 197.08 96.02
person 0.530199 130.87 57.50 151.36 91.22
person 0.530187 0.00 195.15 19.47 224.00
horse 0.530071 0.00 103.94 58.01 194.42
dog 0.530045 165.66 135.76 212.68 151.79
horse 0.529872 83.95 95.56 130.68 182.23
person 0.529703 0.00 0.00 19.18 25.07
car 0.529405 212.61 56.49 224.00 78.44
chair 0.529341 100.13 82.72 198.68 224.00
car 0.529216 0.00 0.00 58.21 45.93
person 0.529196 0.00 9.82 65.80 182.95
person 0.529111 135.73 57.08 156.59 92.20
person 0.528876 0.00 73.73 9.80 117.33
cow 0.528875 24.18 119.87 60.14 194.57
car 0.528618 189.11 64.64 210.95 83.74
motorbike 0.528612 155.74 72.69 189.55 111.64
horse 0.528394 67.43 93.36 92.31 167.46
sheep 0.528322 5.70 186.93 25.80 218.14
car 0.528321 140.74 23.03 155.49 34.42
horse 0.528307 42.39 165.99 109.50 224.00
sheep 0.528224 170.37 213.24 203.78 224.00
sheep 0.528194 164.70 137.28 208.20 153.46
horse 0.528166 126.58 71.40 161.15 144.29
dog 0.528150 164.59 131.26 213.16 148.10
dog 0.528139 81.66 78.31 99.34 128.39
car 0.527913 215.53 30.64 224.00 52.56
dog 0.527901 39.83 81.23 56.22 155.93
sheep 0.527860 163.91 132.64 208.61 149.25
cow 0.527839 52.24 205.37 89.92 224.00
car 0.527821 212.84 63.24 224.00 85.80
car 0.527779 182.23 0.00 224.00 49.24
sheep 0.527695 124.23 142.75 150.07 190.18
bird 0.527672 42.28 70.55 57.98 127.35
sheep 0.527617 56.75 75.08 74.47 116.86
dog 0.527572 81.66 84.23 100.51 149.58
sheep 0.527505 197.54 210.76 224.00 224.00
cow 0.527416 0.00 158.04 49.15 224.00
chair 0.527396 83.04 42.11 224.00 209.64
dog 0.527298 84.35 157.64 184.35 224.00
cow 0.527280 24.11 102.06 54.21 169.45
car 0.527242 188.07 59.88 209.97 79.21
bird 0.527127 48.25 71.09 65.71 111.97
horse 0.527043 24.63 125.89 60.70 199.90
cow 0.526983 73.50 159.02 172.09 224.00
sheep 0.526968 154.58 213.03 188.04 224.00
cow 0.526943 65.57 209.76 102.21 224.00
cow 0.526888 19.74 196.37 59.75 224.00
car 0.526834 208.24 0.00 224.00 18.24
sheep 0.526718 187.23 213.30 218.31 224.00
car 0.526699 181.63 73.17 206.01 96.89
car 0.526683 164.27 74.53 194.29 106.90
person 0.526671 3.09 197.34 30.22 224.00
dog 0.526643 36.75 74.67 52.50 141.03
person 0.526561 80.65 87.22 124.45 169.17
sheep 0.526452 69.45 76.13 85.57 112.92
person 0.526312 126.41 58.07 145.38 87.54
aeroplane 0.526309 217.72 102.37 224.00 132.90
horse 0.526287 15.54 164.95 79.82 224.00
person 0.526192 0.00 163.46 11.34 216.71
cow 0.526185 30.79 90.75 50.98 165.57
aeroplane 0.526129 217.55 95.17 224.00 124.33
dog 0.526042 90.38 72.42 109.40 103.00
cow 0.525952 41.27 199.92 80.11 224.00
dog 0.525819 172.13 176.81 224.00 224.00
person 0.525816 144.48 58.65 166.86 90.05
aeroplane 0.525810 33.99 31.67 62.13 58.07
cow 0.525778 15.06 108.14 43.90 161.85
cow 0.525767 15.95 125.80 45.82 188.98
horse 0.525762 59.63 162.88 153.06 224.00
horse 0.525742 47.17 143.13 96.40 214.87
person 0.525735 25.77 193.98 70.26 224.00
sheep 0.525696 128.52 160.22 150.14 195.79
aeroplane 0.525656 143.07 105.35 224.00 212.20
horse 0.525638 0.00 160.60 64.13 224.00
person 0.525561 109.90 71.53 131.14 121.65
car 0.525560 136.58 44.83 224.00 149.22
person 0.525505 0.00 56.63 9.87 97.66
person 0.525444 15.67 197.58 51.14 224.00
car 0.525423 213.66 70.62 224.00 93.45
sheep 0.525392 101.76 100.82 213.57 211.11
car 0.525331 135.16 24.21 150.57 34.68
car 0.525331 144.95 24.00 160.33 34.03
person 0.525330 0.00 32.00 10.42 69.56
dog 0.525313 68.86 79.26 87.36 127.11
car 0.525307 189.34 69.91 211.25 88.29
horse 0.525288 52.30 91.83 79.06 167.65
train 0.525253 0.00 0.00 58.59 50.69
sheep 0.525248 138.57 212.32 172.73 224.00
boat 0.525165 138.96 17.96 155.02 30.85
cow 0.525154 8.68 127.52 32.17 184.85
aeroplane 0.524952 216.81 135.59 224.00 163.86
aeroplane 0.524940 128.34 73.46 224.00 192.88
person 0.524899 119.23 65.59 141.49 108.27
sheep 0.524898 13.56 186.49 35.73 216.01
cow 0.524853 24.88 174.59 61.83 213.78
aeroplane 0.524841 218.26 141.92 224.00 172.07
aeroplane 0.524809 216.27 127.91 224.00 156.07
dog 0.524779 96.94 72.36 115.37 112.54
car 0.524772 194.58 40.66 209.47 55.98
car 0.524740 143.55 17.98 160.44 29.14
aeroplane 0.524723 37.41 69.01 54.79 115.82
car 0.524719 164.52 85.48 203.21 118.09
person 0.524692 10.78 198.53 39.71 224.00
sheep 0.524687 94.53 159.76 195.99 224.00
aeroplane 0.524686 0.00 0.00 66.80 42.34
bird 0.524630 37.45 71.66 53.14 127.46
aeroplane 0.524616 217.32 109.95 224.00 140.62
car 0.524590 111.91 0.00 224.00 169.54
person 0.524583 53.95 92.09 93.42 172.87
horse 0.524555 160.41 91.55 204.47 127.25
aeroplane 0.524527 11.49 0.00 61.41 20.10
aeroplane 0.524474 216.67 118.63 224.00 148.51
sheep 0.524410 129.41 211.88 165.30 224.00
sheep 0.524389 96.99 211.84 131.65 224.00
dog 0.524322 68.26 86.43 89.63 148.73
person 0.524298 157.02 91.03 203.13 136.50
person 0.524290 158.10 60.00 180.46 88.95
dog 0.524282 55.47 77.02 75.77 130.63
dog 0.524194 86.21 72.48 103.77 97.99
car 0.524154 15.20 0.00 60.81 13.94
cow 0.524102 72.79 211.55 112.07 224.00
person 0.524089 0.00 59.30 79.13 217.94
person 0.524085 90.51 95.37 182.11 224.00
sheep 0.524069 70.00 75.33 84.31 101.42
person 0.524001 0.00 47.05 10.06 87.37
aeroplane 0.523984 216.61 87.46 224.00 114.29
aeroplane 0.523952 40.38 62.85 61.04 103.03
aeroplane 0.523930 219.41 148.74 224.00 179.54
person 0.523912 38.57 73.72 70.97 163.99
sheep 0.523905 122.99 112.49 149.05 179.55
sheep 0.523903 113.11 144.28 140.49 194.21
sheep 0.523836 89.18 64.34 107.62 89.96
sheep 0.523827 81.75 76.04 97.10 102.49
sheep 0.523821 83.03 45.71 102.76 60.72
sheep 0.523785 125.96 174.36 220.16 224.00
car 0.523779 171.38 77.44 200.21 105.63
cow 0.523774 20.36 181.44 49.99 214.03
dog 0.523766 106.46 166.53 207.40 224.00
aeroplane 0.523744 163.07 131.35 209.61 151.14
aeroplane 0.523739 44.20 37.27 67.13 61.88
boat 0.523719 16.83 14.77 74.31 63.65
sheep 0.523613 105.42 211.95 143.31 224.00
person 0.523540 108.12 65.45 127.87 103.80
car 0.523512 215.18 78.77 224.00 103.35
person 0.523410 0.00 17.55 10.49 55.85
cow 0.523378 8.44 140.68 27.61 197.98
car 0.523368 177.90 57.21 201.77 79.18
cow 0.523368 8.87 108.55 34.81 157.05
sheep 0.523365 89.96 45.81 108.10 60.60
boat 0.523318 63.39 0.00 137.57 28.03
aeroplane 0.523312 163.40 136.50 210.24 156.10
horse 0.523249 59.13 142.21 125.87 218.44
bird 0.523091 47.04 64.91 65.95 99.11
sheep 0.523075 83.67 53.90 102.48 71.23
sheep 0.523074 27.09 31.61 58.96 54.87
aeroplane 0.523063 17.76 0.00 59.36 31.51
sheep 0.523034 80.14 212.13 118.03 224.00
car 0.522943 205.64 40.06 218.13 57.09
aeroplane 0.522936 220.00 155.73 224.00 185.82
car 0.522907 140.37 25.86 155.50 39.40
sheep 0.522834 89.69 54.68 107.13 72.19
sheep 0.522745 84.48 63.35 103.35 85.49
car 0.522725 187.81 55.38 208.96 74.08
dog 0.522640 45.66 74.99 62.40 137.08
boat 0.522590 97.78 18.64 118.56 26.59
person 0.522571 132.25 46.00 149.48 71.63
train 0.522541 0.00 52.56 40.95 157.91
sheep 0.522510 116.31 158.07 139.82 197.93
boat 0.522494 89.94 18.82 113.41 25.36
sheep 0.522484 50.93 38.64 72.34 60.17
car 0.522471 176.62 81.64 207.09 106.54
car 0.522421 128.61 24.76 143.98 35.83
train 0.522397 0.00 12.05 43.74 91.42
boat 0.522394 142.08 0.00 171.01 18.78
car 0.522360 57.98 108.76 158.03 224.00
cow 0.522327 98.10 146.51 127.76 196.56
dog 0.522250 19.59 31.11 44.99 52.42
aeroplane 0.522198 169.35 89.10 208.06 117.76
boat 0.522189 135.29 0.00 163.00 20.33
car 0.522180 98.96 23.73 117.07 32.66
car 0.522123 134.71 26.54 149.65 38.91
car 0.522080 191.11 48.62 208.96 66.30
boat 0.522076 106.37 0.00 202.59 158.88
aeroplane 0.522016 48.53 33.39 73.10 55.60
car 0.521992 216.83 22.94 223.47 44.54
dog 0.521956 162.27 114.87 210.01 143.16
horse 0.521951 148.47 86.88 193.35 141.66
sheep 0.521945 161.92 118.39 207.60 144.52
person 0.521940 119.42 58.64 137.17 83.31
aeroplane 0.521939 82.82 17.73 106.71 24.10
sheep 0.521926 95.30 65.00 113.15 97.23
car 0.521914 195.84 34.07 208.92 47.71
horse 0.521900 25.81 160.81 66.45 210.79
horse 0.521837 16.46 138.47 43.24 198.89
dog 0.521778 53.60 84.15 77.00 150.54
sheep 0.521775 220.00 162.84 224.00 191.72
boat 0.521732 133.85 19.43 150.32 31.11
cow 0.521711 15.45 100.05 37.57 146.14
car 0.521690 186.43 41.17 202.80 57.75
bird 0.521689 30.53 85.56 47.92 152.05
person 0.521680 137.95 46.54 156.05 73.93
sheep 0.521657 168.51 165.35 196.32 186.83
car 0.521650 0.00 0.00 101.12 139.14
car 0.521631 145.69 27.82 161.25 41.18
cow 0.521614 114.63 116.27 142.20 183.94
cow 0.521602 23.87 95.57 45.47 155.57
aeroplane 0.521554 29.23 21.35 63.13 54.92
person 0.521499 0.00 7.84 10.99 47.10
horse 0.521481 160.16 109.54 206.73 144.54
car 0.521440 106.47 25.12 123.96 33.12
sheep 0.521437 20.23 37.33 42.21 58.12
person 0.521306 98.54 46.37 113.43 61.35
sheep 0.521304 76.02 45.50 95.87 58.92
sheep 0.521297 166.38 144.19 207.18 169.60
person 0.521225 107.96 57.75 124.72 78.26
boat 0.521156 92.52 0.00 166.01 35.10
cow 0.521120 9.39 99.03 31.20 141.25
sheep 0.521096 57.07 67.96 74.03 95.02
car 0.521091 203.63 46.49 217.10 64.40
dog 0.521035 13.57 31.11 31.04 53.19
cow 0.521032 0.00 85.44 59.80 187.69
sheep 0.520979 79.39 72.16 96.59 93.91
boat 0.520870 90.37 36.39 109.77 49.56
car 0.520862 187.96 34.02 202.71 47.27
sheep 0.520851 13.31 37.53 28.85 59.65
boat 0.520848 127.79 0.00 155.19 20.99
sheep 0.520828 169.33 153.74 204.92 179.06
horse 0.520824 131.70 96.35 163.53 157.26
train 0.520765 0.00 28.43 40.59 123.64
sheep 0.520755 83.73 36.71 104.21 50.08
aeroplane 0.520726 166.02 95.67 208.35 127.68
car 0.520715 117.66 25.44 134.39 34.57
dog 0.520706 42.89 82.33 61.45 153.98
aeroplane 0.520687 23.00 7.30 61.03 46.60
sheep 0.520664 69.22 70.04 84.62 92.19
sheep 0.520657 61.46 40.16 79.55 58.18
sheep 0.520656 97.15 55.83 112.34 74.67
car 0.520634 188.00 76.13 210.99 95.19
boat 0.520564 91.48 23.74 112.28 31.57
boat 0.520542 137.34 2.78 158.14 24.80
aeroplane 0.520524 31.56 72.54 48.19 112.02
boat 0.520480 105.87 19.36 125.61 27.08
cow 0.520394 9.16 93.68 26.67 132.77
person 0.520335 8.21 167.56 24.01 212.60
person 0.520324 101.12 28.62 179.71 173.86
person 0.520237 56.83 77.30 103.75 161.34
bird 0.520227 8.36 86.71 22.47 123.92
sheep 0.520222 76.83 36.68 96.55 49.58
sheep 0.520212 170.31 173.96 190.59 195.19
boat 0.520202 22.43 0.00 90.24 35.84
boat 0.520181 98.45 36.32 115.12 49.69
sheep 0.520180 69.22 42.99 87.28 57.69
horse 0.520174 160.63 101.33 205.68 135.73
train 0.520159 19.70 29.94 71.46 94.21
person 0.520147 0.00 0.00 11.88 37.86
sheep 0.520131 60.74 34.38 80.00 52.35
boat 0.520109 149.87 0.00 214.66 37.09
aeroplane 0.520108 40.57 52.25 62.15 86.91
car 0.520093 182.02 34.21 198.03 46.88
aeroplane 0.520072 30.55 66.65 49.63 101.40
aeroplane 0.520047 22.30 0.00 68.20 16.83
car 0.520037 153.93 30.78 170.48 43.14
boat 0.519998 120.18 0.00 148.31 20.19
car 0.519886 152.69 26.02 168.79 33.41
sheep 0.519866 215.48 201.08 224.00 224.00
aeroplane 0.519853 76.48 15.99 98.90 22.33
person 0.519836 135.62 106.66 164.43 161.01
sheep 0.519833 220.00 170.26 224.00 199.48
aeroplane 0.519811 163.29 119.50 208.71 146.17
car 0.519785 128.53 27.79 143.07 40.10
car 0.519666 186.02 17.71 201.56 29.84
person 0.519662 108.04 47.81 122.27 63.17
boat 0.519642 149.29 0.00 178.99 17.75
sheep 0.519622 77.13 62.79 97.21 81.95
boat 0.519621 99.41 28.53 116.21 40.48
horse 0.519592 77.10 123.88 172.75 224.00
train 0.519590 23.60 48.09 66.47 131.25
sheep 0.519582 76.04 53.39 96.48 68.75
boat 0.519566 84.50 23.18 106.02 30.97
sheep 0.519558 69.76 35.44 87.87 49.99
aeroplane 0.519492 35.62 53.06 57.02 88.38
sheep 0.519461 18.80 189.51 49.07 221.52
car 0.519435 181.03 41.75 197.67 58.96
person 0.519423 127.09 46.34 142.76 69.64
boat 0.519417 174.36 0.00 203.90 18.81
car 0.519401 168.93 6.76 224.00 122.77
person 0.519383 0.00 62.84 57.93 168.40
boat 0.519379 181.37 0.00 211.06 17.98
bird 0.519354 7.82 79.58 19.73 113.43
person 0.519333 6.40 29.61 20.24 56.64
car 0.519325 0.00 0.00 31.61 19.87
car 0.519265 189.63 0.00 218.09 17.34
aeroplane 0.519244 43.24 42.32 64.73 69.97
cow 0.519180 15.55 94.78 33.74 136.04
person 0.519178 0.00 0.00 98.86 162.70
sheep 0.519156 176.29 174.13 197.73 194.82
boat 0.519139 110.85 0.00 140.56 18.34
car 0.519107 217.64 11.00 224.00 34.94
sheep 0.519090 163.96 138.98 210.30 162.49
person 0.519065 5.59 35.77 19.58 63.04
boat 0.519063 35.74 0.00 106.47 31.26
bird 0.519052 6.68 71.23 18.29 103.01
car 0.519036 206.64 34.05 217.50 50.58
bird 0.519026 31.44 76.07 47.08 124.35
car 0.519026 107.34 30.09 123.42 40.52
bird 0.518943 46.99 53.29 67.25 83.73
car 0.518942 200.58 52.85 215.46 70.92
car 0.518939 187.69 27.10 201.35 39.02
cow 0.518935 31.55 182.80 70.30 223.77
car 0.518919 164.79 33.01 182.04 45.02
car 0.518894 150.77 18.49 167.97 26.66
boat 0.518853 102.08 0.00 132.36 17.21
person 0.518837 139.10 33.71 154.46 53.83
sheep 0.518827 220.00 189.10 224.00 222.83
boat 0.518745 129.78 0.00 197.96 39.42
sheep 0.518722 68.02 59.84 86.89 79.66
cow 0.518693 102.57 123.16 130.58 188.07
boat 0.518676 127.66 19.73 144.55 30.96
car 0.518673 181.65 50.62 201.54 71.02
horse 0.518660 152.22 104.29 197.59 148.66
car 0.518645 180.32 18.74 195.62 29.94
boat 0.518618 91.55 28.46 110.59 39.94
car 0.518617 53.66 0.00 149.71 147.73
cow 0.518590 87.01 169.92 113.58 214.03
person 0.518571 133.76 32.99 148.15 51.39
aeroplane 0.518567 181.83 92.11 211.10 116.06
sheep 0.518553 57.03 55.77 76.30 80.77
person 0.518533 145.81 49.47 165.86 76.38
car 0.518528 174.55 34.18 191.75 46.05
aeroplane 0.518464 185.38 84.31 211.08 105.33
person 0.518443 80.99 61.96 133.75 147.96
boat 0.518391 108.72 0.00 179.89 39.58
horse 0.518378 15.74 165.94 36.69 210.30
sheep 0.518353 220.00 178.28 224.00 208.50
car 0.518329 174.63 42.03 191.18 60.09
cow 0.518328 79.80 170.07 106.00 214.08
aeroplane 0.518301 70.22 0.00 102.92 13.95
bird 0.518264 15.48 87.91 31.49 125.39
car 0.518255 118.45 29.66 133.88 40.39
sheep 0.518202 134.82 162.87 154.15 193.99
cow 0.518194 35.96 170.25 74.08 214.01
person 0.518191 145.55 36.73 162.60 57.89
boat 0.518183 158.20 0.00 187.83 17.91
car 0.518150 6.51 0.00 44.62 16.35
cow 0.518137 5.46 62.03 17.95 93.18
dog 0.518114 163.54 134.20 204.75 159.98
aeroplane 0.518107 36.94 41.73 59.30 70.20
boat 0.518095 116.77 19.67 135.75 28.70
person 0.518095 107.35 37.39 122.42 49.59
car 0.518089 181.88 28.00 196.41 38.09
dog 0.518048 156.29 118.09 199.75 153.23
aeroplane 0.517997 164.65 105.12 208.29 137.32
car 0.517949 197.98 58.54 214.63 76.51
person 0.517932 119.10 47.50 133.83 66.73
sheep 0.517924 49.69 43.48 69.98 68.20
boat 0.517915 131.39 4.61 152.04 25.84
sheep 0.517846 19.57 22.32 49.03 46.41
aeroplane 0.517825 77.23 0.00 110.54 15.23
car 0.517773 166.30 41.50 182.87 61.83
person 0.517747 73.49 88.52 160.22 204.57
boat 0.517729 94.87 0.00 121.74 20.33
car 0.517722 195.97 26.66 207.64 39.30
sheep 0.517713 68.57 50.15 87.49 66.45
bird 0.517704 14.69 73.99 29.12 102.88
car 0.517697 155.65 39.84 172.96 61.27
person 0.517676 35.88 52.87 76.50 133.88
aeroplane 0.517662 24.43 74.76 39.59 107.18
boat 0.517656 85.47 0.00 118.03 16.48
aeroplane 0.517649 23.18 67.90 39.90 97.40
sheep 0.517633 13.20 45.05 27.98 69.33
sheep 0.517627 136.68 171.26 154.20 200.00
aeroplane 0.517621 45.07 24.42 72.31 49.65
boat 0.517595 84.49 28.55 104.61 39.92
boat 0.517563 194.56 16.49 208.35 29.41
sheep 0.517548 80.56 114.61 183.37 224.00
aeroplane 0.517523 13.79 65.73 28.98 93.29
person 0.517463 102.04 52.73 152.75 146.99
aeroplane 0.517435 37.30 0.00 77.42 15.39
car 0.517413 176.18 0.00 224.00 89.09
car 0.517376 213.53 0.00 224.00 23.98
bird 0.517341 24.25 84.74 40.14 131.06
sheep 0.517316 166.32 171.38 186.39 195.72
sheep 0.517307 176.99 182.46 195.00 203.40
dog 0.517251 14.44 22.67 34.14 46.40
cow 0.517239 68.61 140.42 103.05 202.73
boat 0.517181 28.49 19.31 85.47 66.05
sheep 0.517175 59.79 45.51 78.31 66.11
sheep 0.517145 176.21 163.95 205.19 186.75
person 0.517131 7.21 21.68 20.86 49.91
boat 0.517122 78.05 21.82 97.95 30.03
person 0.517087 5.26 42.60 18.75 71.78
cow 0.517073 80.95 152.60 109.67 205.74
bird 0.517064 15.45 81.27 30.09 113.77
sheep 0.517022 20.76 45.36 40.17 69.17
sheep 0.517014 130.73 173.81 149.21 207.06
sheep 0.517007 170.45 181.54 187.59 203.18
car 0.516954 166.31 52.00 183.55 78.07
aeroplane 0.516935 29.97 56.33 51.94 87.05
aeroplane 0.516921 179.57 99.06 210.99 125.48
car 0.516920 172.19 52.00 189.56 75.88
car 0.516918 164.03 27.81 180.91 34.02
sheep 0.516827 92.58 171.04 119.48 213.63
person 0.516818 128.18 33.74 141.87 50.90
cow 0.516770 67.89 170.52 96.13 214.35
cow 0.516736 5.11 51.68 18.13 82.35
sheep 0.516647 137.06 178.28 154.96 206.49
car 0.516641 196.30 64.34 214.43 82.10
cow 0.516588 44.96 140.91 79.90 207.46
aeroplane 0.516556 21.76 57.59 39.58 84.69
person 0.516551 114.33 26.69 224.00 217.82
boat 0.516522 77.54 28.00 96.59 39.40
sheep 0.516483 132.01 144.47 153.48 187.20
sheep 0.516477 13.28 55.29 28.47 81.78
sheep 0.516472 135.45 191.52 158.97 219.74
sheep 0.516459 161.86 150.14 224.00 224.00
car 0.516449 175.15 28.00 190.94 36.13
boat 0.516419 90.37 50.25 145.41 141.32
boat 0.516381 33.39 35.05 83.20 99.62
person 0.516319 118.97 35.96 133.33 49.90
sheep 0.516231 158.66 161.47 185.90 188.97
cow 0.516153 48.99 171.91 81.57 214.13
car 0.516147 176.71 52.00 195.59 74.28
car 0.516130 174.13 19.04 189.48 28.35
person 0.516084 157.37 52.00 176.89 78.66
person 0.516077 70.30 28.84 156.75 171.19
boat 0.516020 191.05 0.00 212.49 19.95
aeroplane 0.515990 19.93 10.21 53.13 36.73
boat 0.515903 124.41 3.16 145.91 25.52
person 0.515887 55.41 59.49 112.29 138.97
person 0.515886 54.99 0.00 87.79 14.43
aeroplane 0.515880 29.95 43.40 55.45 69.32
bicycle 0.515875 139.67 111.71 165.30 163.41
sheep 0.515788 181.67 173.81 203.24 193.95
car 0.515743 162.17 19.16 179.17 26.02
sheep 0.515725 128.75 188.54 153.10 220.89
sheep 0.515668 145.28 163.56 168.63 191.73
cow 0.515576 66.32 194.18 96.46 224.00
cow 0.515520 49.90 190.17 83.96 224.00
sheep 0.515453 175.53 195.45 197.07 218.11
sheep 0.515323 110.59 134.14 213.04 224.00
sheep 0.515280 158.74 169.88 179.39 196.73
person 0.515246 17.38 70.47 108.03 201.01
sheep 0.515245 168.80 193.85 189.59 218.01
aeroplane 0.515221 197.67 101.37 217.32 126.74
aeroplane 0.515217 72.52 12.40 91.66 21.86
aeroplane 0.515191 197.69 94.06 216.93 117.90
sheep 0.515134 145.47 171.31 164.30 198.91
sheep 0.515129 184.46 183.17 201.83 202.43
person 0.515071 70.49 26.62 88.23 40.81
aeroplane 0.515064 177.45 107.58 210.99 134.45
aeroplane 0.515037 60.73 26.23 80.42 44.70
sheep 0.514906 165.78 179.82 183.10 203.37
person 0.514857 7.64 11.27 22.45 40.64
aeroplane 0.514817 172.27 138.54 211.57 160.72
boat 0.514618 91.09 22.20 150.73 113.90
dog 0.514392 15.27 11.57 37.14 36.63
sheep 0.514359 101.72 158.53 127.12 199.14
sheep 0.514332 75.32 196.20 106.30 224.00
sheep 0.514322 145.10 178.40 162.77 205.27
car 0.514282 144.75 20.26 212.52 128.92
aeroplane 0.514265 193.06 127.65 217.53 149.99
aeroplane 0.514259 193.87 133.94 218.96 156.52
car 0.514253 130.36 54.06 200.31 144.24
sheep 0.514156 143.89 191.06 165.64 217.89
aeroplane 0.513987 194.48 118.72 217.46 143.20
boat 0.513971 74.70 49.29 134.54 129.51
aeroplane 0.513943 196.68 109.22 217.53 134.85
person 0.513908 80.00 62.56 172.29 187.11
sheep 0.513842 183.51 196.10 204.66 218.21
boat 0.513840 88.63 0.00 161.16 77.89
aeroplane 0.513782 41.92 13.44 71.46 40.71
sheep 0.513761 162.90 192.38 183.89 218.31
aeroplane 0.513736 196.32 139.48 220.66 164.11
boat 0.513725 76.05 20.65 140.94 102.36
boat 0.513701 170.87 0.00 192.53 20.16
sheep 0.513613 130.47 115.63 151.72 177.04
aeroplane 0.513586 72.59 19.53 89.65 31.28
sheep 0.513543 83.72 196.21 113.06 224.00
aeroplane 0.513533 197.17 86.04 215.89 107.28
car 0.513506 206.95 26.75 215.99 42.00
sheep 0.513411 157.61 178.17 176.06 203.67
boat 0.513397 42.42 23.30 110.07 75.43
car 0.513313 195.69 77.71 214.66 96.39
boat 0.513304 51.21 0.00 124.28 43.58
sheep 0.513251 180.14 154.48 209.35 176.71
boat 0.513238 63.59 22.92 129.13 90.60
sheep 0.513203 158.25 148.52 192.73 180.16
sheep 0.513183 92.14 195.74 119.97 224.00
sheep 0.513181 155.13 191.14 176.56 217.73
horse 0.513157 6.29 0.00 25.78 30.05
aeroplane 0.513126 14.94 0.00 41.70 25.59
horse 0.513096 0.00 0.00 30.53 23.15
boat 0.513092 135.49 26.63 197.59 125.69
aeroplane 0.513092 200.39 146.69 221.95 172.17
dog 0.513054 157.30 125.14 195.57 162.34
sheep 0.513049 98.82 196.65 126.51 224.00
boat 0.513007 50.00 43.59 114.38 110.33
boat 0.512937 146.66 0.00 215.21 90.81
sheep 0.512931 91.51 158.35 120.49 202.75
sheep 0.512863 119.48 182.35 142.62 217.65
boat 0.512851 127.88 0.00 196.69 89.86
sheep 0.512802 118.13 166.97 137.75 204.92
sheep 0.512797 186.87 164.45 208.22 183.39
boat 0.512716 104.58 0.00 175.54 86.14
sheep 0.512671 206.13 155.28 222.82 179.38
aeroplane 0.512638 38.81 0.86 71.56 26.92
sheep 0.512564 144.39 147.14 171.12 183.35
boat 0.512532 118.19 26.67 176.13 123.97
sheep 0.512389 164.05 209.14 193.16 224.00
aeroplane 0.512274 64.49 7.82 83.64 22.88
sheep 0.512105 157.13 132.73 195.08 170.73
sheep 0.512094 123.74 205.57 157.24 224.00
sheep 0.512074 106.93 198.58 136.96 224.00
car 0.512050 202.72 0.00 219.40 21.71
sheep 0.511920 192.77 173.38 207.07 190.49
car 0.511920 206.77 15.20 216.75 31.73
boat 0.511903 63.45 17.75 81.36 34.73
boat 0.511824 33.88 0.00 74.66 17.65
sheep 0.511813 211.63 163.40 223.62 185.47
sheep 0.511743 107.37 177.74 130.46 214.04
sheep 0.511624 115.88 202.47 148.69 224.00
sheep 0.511622 203.63 204.96 222.87 224.00
sheep 0.511533 195.57 182.06 206.88 198.91
sheep 0.511485 178.63 210.65 209.78 224.00
sheep 0.511399 195.23 193.76 210.53 215.44
sheep 0.511374 141.86 114.40 165.89 166.23
sheep 0.511308 149.78 207.76 179.18 224.00
boat 0.510770 57.90 0.00 85.88 15.32
sheep 0.510685 212.00 171.27 223.53 193.03
sheep 0.510676 143.23 125.07 169.03 173.55
sheep 0.509851 212.00 190.19 222.46 217.38
sheep 0.509513 212.00 179.24 222.95 201.72
