motorbike 0.682651 9.91 30.81 215.48 200.73
car 0.631351 0.31 22.99 209.24 205.67
person 0.577969 131.80 8.32 184.36 69.82
motorbike 0.568094 75.34 0.00 215.31 191.66
person 0.562798 13.99 36.98 183.03 206.65
person 0.553777 72.78 0.00 218.81 183.14
car 0.547791 0.00 44.75 27.55 100.93
person 0.546831 0.00 46.38 56.56 112.97
person 0.544986 11.94 53.64 120.11 202.11
car 0.544422 6.48 39.97 62.41 111.07
motorbike 0.542007 116.81 32.92 224.00 193.60
cow 0.541486 112.89 80.58 153.47 167.26
car 0.541176 4.11 48.89 44.44 102.28
person 0.540838 110.92 1.05 215.20 136.39
motorbike 0.539727 113.12 76.62 150.46 161.23
person 0.538730 6.82 43.09 55.86 94.42
motorbike 0.538388 121.44 59.97 154.65 112.99
motorbike 0.538258 150.16 92.88 175.50 150.08
car 0.538169 0.00 40.64 16.64 90.37
person 0.537418 0.00 42.02 29.23 140.39
car 0.537062 3.31 155.46 63.41 211.33
car 0.536694 72.45 7.86 108.54 29.71
person 0.536664 73.20 0.00 224.00 111.37
car 0.536301 0.00 0.00 35.78 53.97
person 0.536271 6.71 63.68 54.94 123.87
person 0.536196 139.48 22.01 173.14 67.60
person 0.536081 134.21 17.03 178.61 60.12
motorbike 0.535956 0.00 105.57 187.92 224.00
motorbike 0.535825 143.05 65.08 169.21 106.19
cow 0.535719 111.01 100.19 142.53 176.55
person 0.535650 6.62 46.66 73.67 145.28
motorbike 0.535452 132.89 62.68 164.74 108.39
person 0.535208 154.78 5.65 191.30 67.35
motorbike 0.534917 121.52 0.00 216.06 156.92
person 0.534761 13.38 79.90 53.92 128.50
car 0.534697 206.84 0.00 224.00 24.84
person 0.534479 14.48 49.68 99.60 158.24
person 0.534188 75.31 80.96 93.13 106.30
motorbike 0.534156 219.44 132.85 224.00 181.51
car 0.533736 0.00 0.00 23.94 24.64
person 0.533436 193.66 175.02 224.00 224.00
person 0.533304 123.86 47.67 159.56 100.14
person 0.533292 119.47 61.56 148.19 112.26
car 0.533288 219.44 31.96 224.00 70.36
car 0.533194 14.94 67.33 133.05 207.74
person 0.532958 139.56 51.87 171.35 95.00
motorbike 0.532899 28.58 9.51 209.61 144.97
motorbike 0.532832 145.76 73.74 172.55 129.09
car 0.532779 20.04 34.36 55.44 77.96
person 0.532485 94.90 0.00 212.95 84.09
motorbike 0.532265 186.68 91.97 224.00 211.18
car 0.532261 0.00 67.36 19.61 113.43
person 0.532249 213.49 202.17 224.00 224.00
motorbike 0.531982 165.19 71.30 224.00 201.97
person 0.531814 201.57 114.38 224.00 224.00
motorbike 0.531716 168.52 104.70 194.76 147.59
motorbike 0.531677 219.55 103.68 224.00 145.99
person 0.531643 153.58 0.00 224.00 89.40
car 0.531459 13.38 43.53 53.31 89.82
person 0.531235 72.00 77.57 90.44 108.65
person 0.530882 220.00 154.21 224.00 203.15
motorbike 0.530378 119.14 66.33 146.03 117.94
car 0.530367 0.00 169.07 46.01 224.00
car 0.530326 0.00 58.57 36.08 186.35
cow 0.530239 113.67 78.34 139.44 136.16
motorbike 0.530207 6.87 140.91 158.60 224.00
person 0.530173 19.31 92.04 52.61 133.85
person 0.530040 74.86 6.28 111.21 29.76
motorbike 0.529915 180.74 107.91 204.59 145.42
motorbike 0.529785 218.65 63.30 224.00 101.38
motorbike 0.529734 186.61 149.46 202.36 194.66
person 0.529667 0.00 24.97 28.25 111.80
car 0.529335 218.83 55.80 224.00 94.65
aeroplane 0.529317 113.04 145.73 154.02 203.34
car 0.529245 219.87 18.21 224.00 57.04
person 0.529235 178.66 9.59 200.85 60.14
person 0.529146 186.00 155.77 202.96 198.74
dog 0.529091 46.80 208.90 83.26 224.00
cow 0.528999 113.73 145.60 155.47 203.40
dog 0.528856 15.84 116.31 54.70 170.95
car 0.528807 22.48 9.22 53.93 32.56
person 0.528799 27.48 16.50 57.27 40.11
person 0.528778 0.00 5.99 26.43 90.22
motorbike 0.528666 218.44 117.85 224.00 162.15
person 0.528448 81.25 82.03 98.02 106.25
motorbike 0.528445 150.37 115.04 174.57 164.84
car 0.528356 26.24 13.70 54.87 37.74
person 0.528342 17.82 32.79 55.89 75.85
car 0.528315 46.63 0.00 151.78 51.29
motorbike 0.528298 138.64 54.44 173.91 94.69
car 0.528207 33.90 207.01 73.27 224.00
dog 0.528059 90.58 136.07 113.17 198.78
person 0.528051 115.91 71.91 139.09 112.48
person 0.527970 89.89 36.22 107.14 61.78
person 0.527913 83.84 34.50 101.87 62.32
motorbike 0.527826 135.65 86.87 169.34 153.24
motorbike 0.527672 188.94 138.79 203.80 182.83
car 0.527491 216.45 0.00 224.00 34.51
car 0.527485 0.00 137.00 40.27 224.00
car 0.527358 4.45 65.46 40.34 108.50
person 0.527226 186.01 208.76 217.58 224.00
car 0.527131 12.01 58.86 54.89 114.82
motorbike 0.527127 132.80 70.13 165.88 125.96
car 0.527115 218.62 8.34 224.00 45.31
car 0.527070 0.00 199.15 41.50 224.00
car 0.527027 69.65 10.78 100.27 34.87
car 0.526992 20.86 204.97 66.76 224.00
dog 0.526913 89.05 124.61 114.90 184.14
motorbike 0.526905 219.20 91.66 224.00 130.75
cow 0.526782 220.00 173.04 224.00 212.34
car 0.526763 0.00 159.59 24.36 202.68
car 0.526723 10.51 0.00 56.07 25.48
car 0.526636 0.00 102.94 39.29 210.42
car 0.526490 12.43 165.23 107.60 224.00
motorbike 0.526463 187.63 58.57 207.42 91.04
motorbike 0.526458 115.69 96.91 156.10 171.51
person 0.526451 57.43 0.00 186.24 62.82
car 0.526446 0.00 0.00 37.34 19.98
car 0.526410 16.42 150.57 142.40 224.00
motorbike 0.526383 188.39 108.51 208.81 143.79
person 0.526382 25.54 21.40 56.92 50.23
person 0.526296 173.63 179.06 224.00 224.00
motorbike 0.526189 51.24 163.44 184.33 224.00
person 0.526032 76.68 64.78 92.32 90.96
dog 0.525988 18.62 107.66 54.34 154.69
person 0.525921 70.94 63.84 88.36 93.81
car 0.525911 2.31 38.54 23.36 79.90
motorbike 0.525863 163.07 96.25 193.17 142.42
cow 0.525739 73.24 99.36 93.04 127.27
dog 0.525650 80.41 123.01 107.29 183.68
person 0.525628 71.51 52.99 86.80 81.18
car 0.525620 66.32 0.00 112.70 25.78
car 0.525619 196.33 30.97 212.34 63.51
car 0.525613 16.05 89.78 100.70 210.16
cow 0.525585 108.50 90.17 138.67 154.00
dog 0.525410 83.70 138.17 105.77 197.82
person 0.525305 160.23 0.00 198.84 21.21
cow 0.525296 114.96 74.32 137.65 118.83
person 0.525215 139.91 34.05 171.44 76.60
motorbike 0.525046 148.81 128.34 172.94 171.74
person 0.525010 143.77 209.27 182.25 224.00
car 0.524954 6.48 176.38 60.22 216.62
cow 0.524926 218.49 71.67 224.00 108.99
person 0.524909 76.56 13.05 105.26 39.99
motorbike 0.524904 129.36 181.03 208.86 224.00
person 0.524903 71.30 44.71 86.91 71.40
motorbike 0.524839 195.59 58.36 212.49 89.21
cow 0.524838 73.81 87.57 91.18 121.33
motorbike 0.524826 175.44 97.53 202.79 137.30
motorbike 0.524825 196.49 66.65 211.98 96.47
person 0.524807 87.87 83.06 105.01 105.51
person 0.524806 80.44 74.86 97.77 99.91
dog 0.524804 57.34 209.47 95.69 224.00
person 0.524790 103.53 6.66 124.44 29.73
motorbike 0.524771 178.47 59.82 200.47 93.00
person 0.524647 110.52 78.26 134.75 106.74
motorbike 0.524646 188.61 67.18 207.06 98.41
person 0.524628 24.54 27.01 56.52 66.10
dog 0.524590 83.51 111.48 112.81 174.01
person 0.524548 198.75 204.86 223.79 224.00
person 0.524468 70.71 34.17 88.32 63.30
motorbike 0.524461 179.84 68.43 200.54 100.13
motorbike 0.524446 194.25 113.14 211.38 148.46
person 0.524424 148.92 0.00 190.47 20.87
person 0.524401 187.72 19.66 207.25 59.67
person 0.524398 183.71 163.62 199.80 203.77
person 0.524355 87.34 45.40 100.88 68.00
dog 0.524339 80.33 211.02 115.83 224.00
train 0.524258 13.38 202.54 61.72 224.00
person 0.524195 97.49 37.61 112.33 60.51
chair 0.524172 220.00 181.98 224.00 219.85
cow 0.524094 219.20 81.70 224.00 119.59
person 0.524074 78.32 34.91 95.91 61.61
car 0.523984 20.71 89.63 51.21 131.09
person 0.523913 173.28 208.13 207.73 224.00
car 0.523893 0.00 0.00 17.03 31.90
dog 0.523869 3.46 143.44 60.66 202.88
dog 0.523865 21.26 100.49 53.32 141.61
car 0.523863 57.15 8.35 92.16 33.62
car 0.523823 196.19 0.00 224.00 21.69
person 0.523743 79.40 53.72 93.11 78.04
motorbike 0.523719 190.14 132.19 206.16 172.83
person 0.523712 5.54 11.63 50.20 88.14
person 0.523652 99.57 82.59 115.44 105.04
person 0.523627 138.06 0.00 175.95 21.43
car 0.523597 0.00 22.55 11.81 67.37
person 0.523494 93.84 45.54 106.00 66.59
person 0.523475 217.88 192.69 224.00 224.00
car 0.523395 186.12 0.00 216.62 20.16
person 0.523367 79.62 22.10 103.45 50.69
motorbike 0.523356 148.88 142.30 172.84 178.87
person 0.523313 69.23 0.00 113.73 26.27
motorbike 0.523286 86.52 178.55 194.92 224.00
car 0.523194 0.00 124.33 14.40 163.74
person 0.523133 156.86 0.00 197.81 40.02
sheep 0.523052 99.62 137.70 120.00 196.42
car 0.523033 0.00 0.00 48.36 67.02
person 0.523026 19.96 12.71 198.48 143.79
person 0.523015 80.15 45.97 94.48 68.62
aeroplane 0.523015 17.78 121.09 53.04 169.18
person 0.522937 130.40 15.62 169.05 49.12
aeroplane 0.522936 112.62 151.42 141.93 208.56
motorbike 0.522906 148.81 151.83 172.35 189.35
dog 0.522899 104.40 211.01 140.21 224.00
dog 0.522830 96.52 211.36 130.56 224.00
dog 0.522828 12.34 129.32 55.98 187.16
motorbike 0.522798 161.51 84.80 192.61 129.65
car 0.522769 18.56 0.00 85.50 46.59
dog 0.522746 74.72 122.10 98.10 181.59
person 0.522746 58.70 13.22 86.81 39.02
cow 0.522706 97.21 110.83 120.08 174.86
cow 0.522607 73.41 210.25 109.32 224.00
motorbike 0.522521 192.33 104.09 211.40 137.77
motorbike 0.522512 163.71 70.29 190.89 101.36
cow 0.522397 107.30 126.05 130.53 183.69
car 0.522387 198.01 38.94 212.53 69.06
motorbike 0.522322 176.12 85.83 202.76 126.47
cow 0.522231 110.24 136.42 143.71 194.41
cow 0.522214 109.83 80.07 132.58 112.41
sheep 0.522182 82.46 192.04 104.35 224.00
dog 0.522170 77.09 112.92 104.87 171.48
sheep 0.522101 72.68 104.93 92.92 135.28
motorbike 0.522085 173.35 139.53 194.27 179.40
motorbike 0.521943 158.95 59.65 190.52 93.99
motorbike 0.521926 188.89 47.36 207.07 80.84
person 0.521894 127.84 0.00 161.74 22.71
person 0.521867 70.51 14.65 96.61 41.45
cow 0.521847 81.94 86.47 97.70 110.73
aeroplane 0.521756 139.31 154.97 170.72 205.85
person 0.521710 37.71 16.93 63.30 42.88
person 0.521570 120.88 10.48 146.51 35.90
motorbike 0.521530 204.67 110.95 220.01 150.52
person 0.521500 25.99 0.00 185.04 91.08
person 0.521493 131.79 0.00 179.19 48.92
car 0.521468 194.69 17.23 211.78 49.93
sheep 0.521461 87.96 193.85 112.21 224.00
aeroplane 0.521441 117.15 159.55 147.01 222.26
bottle 0.521421 127.93 209.83 171.03 224.00
car 0.521419 0.00 113.02 11.71 154.88
dog 0.521414 111.87 210.07 150.29 224.00
motorbike 0.521394 153.98 105.87 178.21 156.47
dog 0.521351 146.75 183.67 170.74 224.00
motorbike 0.521339 183.75 97.23 208.02 133.81
aeroplane 0.521311 20.52 111.24 51.49 155.02
motorbike 0.521258 179.17 75.07 201.29 110.96
motorbike 0.521257 200.94 133.70 217.70 182.37
person 0.521249 187.22 175.39 202.30 206.78
person 0.521167 82.02 64.17 97.65 90.42
motorbike 0.521144 197.16 48.32 212.69 79.18
motorbike 0.521063 194.40 121.03 210.42 158.91
motorbike 0.521055 137.74 107.18 170.76 166.10
person 0.520999 176.95 0.00 201.17 46.85
car 0.520954 207.75 32.82 220.66 65.48
motorbike 0.520912 146.71 70.50 177.38 104.58
person 0.520897 86.01 52.52 99.21 77.08
person 0.520879 110.20 38.44 121.76 60.08
cow 0.520879 89.28 86.13 105.71 110.64
sheep 0.520858 73.52 112.85 96.09 167.91
cow 0.520832 96.18 98.97 119.19 157.69
motorbike 0.520830 131.58 151.34 167.16 192.89
person 0.520769 102.35 44.66 112.17 64.76
car 0.520729 0.00 4.84 13.05 46.79
cow 0.520676 100.67 84.26 115.01 109.93
car 0.520652 1.89 127.25 45.08 161.34
dog 0.520641 99.33 127.19 120.44 183.24
dog 0.520503 76.95 142.38 96.68 195.13
car 0.520477 2.62 25.67 22.89 64.63
cow 0.520460 99.14 136.06 120.22 192.40
car 0.520417 14.06 137.64 54.35 180.19
person 0.520390 130.47 35.79 164.14 77.44
dog 0.520359 69.21 121.83 90.85 180.11
motorbike 0.520339 184.39 121.41 204.58 163.76
person 0.520317 168.82 0.00 204.15 33.70
car 0.520302 0.00 135.59 16.13 173.45
dog 0.520300 77.61 189.26 96.99 224.00
motorbike 0.520275 169.49 118.29 193.75 165.23
car 0.520273 23.71 101.82 51.54 141.40
person 0.520233 64.55 71.34 86.40 110.23
person 0.520226 85.11 76.04 103.46 100.08
dog 0.520211 80.56 183.26 101.50 212.24
person 0.520208 39.43 12.35 65.99 37.46
dog 0.520164 71.87 111.42 90.66 165.67
person 0.520136 186.58 8.55 206.46 47.58
person 0.520108 189.88 35.67 206.38 70.29
aeroplane 0.520107 14.01 134.60 55.23 185.22
person 0.520105 56.93 47.97 77.36 85.61
person 0.520002 119.36 55.93 150.39 95.86
person 0.519992 54.73 41.06 75.35 76.19
car 0.519966 37.32 0.00 172.17 84.78
motorbike 0.519903 209.06 65.12 224.00 97.03
person 0.519827 111.06 0.00 141.82 23.41
person 0.519766 71.15 22.86 92.33 51.49
cow 0.519620 78.91 99.73 98.69 127.16
sheep 0.519612 80.96 102.79 109.57 153.88
car 0.519587 14.34 74.71 52.51 120.69
person 0.519556 97.75 0.00 125.96 24.89
motorbike 0.519533 155.29 131.23 177.45 171.78
motorbike 0.519517 204.92 102.02 220.99 138.11
person 0.519442 60.00 57.30 81.61 96.48
motorbike 0.519411 188.10 75.07 206.69 107.94
dog 0.519382 117.95 180.90 147.58 224.00
motorbike 0.519380 177.69 151.00 195.78 189.17
car 0.519344 0.00 83.51 11.87 131.17
motorbike 0.519336 178.05 45.52 199.56 82.33
car 0.519304 0.00 98.26 10.07 144.14
sheep 0.519295 77.07 104.73 99.23 136.53
bottle 0.519291 149.80 185.20 174.72 222.05
car 0.519239 0.00 146.29 17.87 185.90
person 0.519231 111.53 43.83 121.88 65.04
person 0.519212 131.00 27.95 165.49 62.60
aeroplane 0.519172 125.80 149.43 167.04 197.53
motorbike 0.519172 184.48 85.84 207.38 122.44
bottle 0.519170 187.83 186.27 204.15 214.95
car 0.519105 206.42 26.64 219.27 59.47
dog 0.519038 85.34 182.25 108.99 214.04
cow 0.519036 82.41 99.37 107.18 139.41
motorbike 0.518997 195.31 75.07 211.21 105.13
dog 0.518962 82.78 163.73 108.88 210.59
car 0.518873 193.49 0.00 211.14 31.48
motorbike 0.518868 156.06 147.34 176.86 183.08
dog 0.518862 86.22 146.92 109.93 204.01
motorbike 0.518821 52.79 53.14 195.38 198.37
person 0.518808 83.44 0.00 120.40 23.00
person 0.518794 57.43 17.66 81.38 47.07
person 0.518722 184.75 0.00 206.64 37.60
motorbike 0.518702 188.15 156.01 206.28 199.44
car 0.518674 194.52 9.71 210.66 41.12
sheep 0.518602 75.72 107.09 101.18 149.89
dog 0.518551 96.72 143.93 116.61 201.81
car 0.518482 26.47 19.71 55.99 54.62
person 0.518452 176.33 0.00 208.60 27.93
bottle 0.518449 144.49 167.45 172.20 210.14
person 0.518393 97.47 76.28 114.96 99.83
person 0.518383 84.70 8.91 113.45 31.95
car 0.518380 209.14 39.45 221.40 71.74
cow 0.518369 99.29 91.00 116.74 132.02
person 0.518323 89.66 25.67 111.86 51.57
dog 0.518313 123.51 177.13 155.98 224.00
person 0.518243 184.02 184.94 199.70 216.23
sheep 0.518237 15.65 114.18 54.93 169.70
cow 0.518201 85.36 95.60 106.82 128.69
motorbike 0.518156 204.43 119.54 218.42 160.27
person 0.518139 178.13 31.11 198.54 71.20
motorbike 0.518099 191.70 86.33 211.11 118.70
dog 0.518071 68.84 187.40 90.27 223.32
bottle 0.518026 140.55 155.05 172.06 203.22
dog 0.518000 78.23 168.29 100.96 207.35
person 0.517990 121.58 18.38 150.21 46.71
person 0.517961 156.11 24.33 188.84 71.26
cow 0.517934 190.54 165.57 206.36 202.75
car 0.517917 0.00 177.53 34.62 218.26
dog 0.517909 76.91 183.15 94.26 211.92
person 0.517906 122.91 34.25 154.71 59.84
car 0.517854 2.34 116.59 42.56 150.97
dog 0.517842 66.44 134.91 89.81 190.61
person 0.517614 107.11 28.48 121.37 52.92
cow 0.517567 80.68 91.84 97.80 117.49
person 0.517503 55.66 24.81 77.40 57.43
person 0.517477 177.99 148.02 223.05 224.00
cow 0.517475 194.10 185.80 209.42 213.68
person 0.517475 122.32 26.85 153.04 54.17
car 0.517428 3.00 138.47 46.90 173.45
aeroplane 0.517316 9.24 192.52 59.50 224.00
cow 0.517299 65.07 86.09 85.35 122.24
cow 0.517291 192.85 175.97 206.71 206.46
dog 0.517247 67.95 152.33 89.02 195.94
dog 0.517186 68.30 181.26 88.28 211.51
sheep 0.517152 17.89 101.43 54.63 143.53
person 0.517034 112.45 49.35 124.95 73.99
sheep 0.517007 94.79 194.23 118.55 224.00
aeroplane 0.516954 135.84 179.18 165.40 224.00
car 0.516930 55.56 0.00 95.10 23.93
person 0.516906 178.18 162.10 194.71 201.55
person 0.516821 124.37 0.00 160.44 36.06
car 0.516800 18.18 113.99 50.82 151.46
sheep 0.516781 64.44 92.84 84.28 129.58
person 0.516666 91.26 51.77 104.22 76.27
car 0.516661 10.34 151.73 61.81 195.31
motorbike 0.516535 156.52 40.74 189.32 82.28
car 0.516523 10.57 36.83 45.17 77.63
person 0.516385 112.00 61.77 131.06 91.98
aeroplane 0.516323 120.91 155.15 156.37 218.12
car 0.516279 2.80 188.75 52.94 224.00
person 0.516273 18.35 15.53 98.01 98.44
car 0.516252 206.47 19.47 217.28 52.55
dog 0.516227 112.28 186.35 137.73 224.00
dog 0.516113 75.51 172.02 93.45 205.58
motorbike 0.516100 126.98 104.80 204.08 211.62
motorbike 0.516089 208.39 73.26 223.96 104.64
car 0.516085 16.26 196.56 63.48 224.00
car 0.516048 204.22 0.00 216.36 30.09
dog 0.516017 112.88 165.91 137.78 220.51
motorbike 0.515991 209.46 48.23 223.27 81.66
person 0.515898 101.64 50.17 112.20 73.65
bottle 0.515834 140.30 202.16 172.74 224.00
person 0.515754 122.01 44.77 152.66 75.73
motorbike 0.515742 205.75 84.31 222.97 116.73
motorbike 0.515732 135.73 141.00 167.56 185.52
person 0.515731 18.58 54.13 60.00 110.27
car 0.515677 28.70 0.00 60.21 28.73
person 0.515673 103.22 16.09 120.56 42.52
car 0.515575 3.87 150.18 50.47 188.39
dog 0.515470 92.17 159.26 115.18 209.67
car 0.515458 206.21 9.95 215.69 41.01
person 0.515413 85.80 64.42 102.27 91.07
aeroplane 0.515389 130.69 159.88 165.11 214.11
dog 0.515353 80.08 152.75 101.36 201.56
dog 0.515256 71.81 201.63 100.32 224.00
bottle 0.515237 155.66 185.27 181.83 217.03
bottle 0.515237 178.94 172.65 194.85 205.99
sheep 0.515144 208.83 183.69 218.28 214.78
cow 0.515116 200.54 156.04 217.63 201.32
motorbike 0.515101 198.71 145.67 216.94 197.66
dog 0.515100 78.12 204.10 107.54 224.00
car 0.515055 2.85 6.63 26.97 41.65
cow 0.515050 204.47 166.46 218.04 205.08
person 0.515002 182.98 201.44 207.15 224.00
chair 0.514962 177.95 184.44 195.10 214.32
person 0.514923 42.04 0.00 77.02 26.54
dog 0.514870 105.64 154.98 132.88 207.61
sheep 0.514866 62.89 99.15 82.09 138.18
person 0.514679 84.75 12.49 111.69 39.92
dog 0.514614 103.19 191.56 126.70 224.00
sheep 0.514579 190.08 199.65 213.04 224.00
dog 0.514502 42.04 200.13 78.83 224.00
sheep 0.514481 204.46 195.76 220.26 224.00
person 0.514454 98.29 63.42 112.83 89.84
dog 0.514394 62.26 200.86 93.92 224.00
cow 0.514366 208.19 175.68 218.19 207.97
car 0.514331 3.34 100.36 40.28 138.69
dog 0.514269 76.27 158.98 92.95 198.81
bottle 0.514207 150.72 170.33 179.27 208.21
dog 0.514034 92.24 179.96 115.15 214.74
dog 0.513888 118.97 202.14 157.57 224.00
motorbike 0.513693 59.56 93.23 188.84 213.43
dog 0.513519 130.55 201.74 167.41 224.00
car 0.513472 38.23 0.00 71.84 33.42
person 0.513449 154.77 201.24 185.82 224.00
car 0.513255 3.67 83.54 39.75 124.62
dog 0.513101 91.16 207.31 121.63 224.00
aeroplane 0.513088 38.02 188.39 73.79 220.19
car 0.512989 12.66 23.56 48.16 61.11
sheep 0.512970 59.23 105.62 79.10 149.51
person 0.512736 172.19 199.48 197.21 224.00
aeroplane 0.512718 21.29 187.63 63.94 219.57
person 0.512498 26.56 75.16 60.00 123.72
motorbike 0.512491 127.25 150.81 204.72 224.00
person 0.512395 32.68 14.14 165.83 118.13
dog 0.511702 103.21 173.76 126.60 216.54
sheep 0.511593 53.21 115.53 76.63 166.40
car 0.511223 13.75 7.93 50.09 38.59
dog 0.510679 32.50 181.56 70.70 212.96
sheep 0.510252 11.35 147.03 60.00 199.89
sheep 0.509867 33.57 153.98 70.71 198.84
sheep 0.509842 28.43 96.06 60.00 135.38
sheep 0.509712 46.01 127.57 74.62 181.64
sheep 0.508325 39.44 141.30 72.53 192.96
sheep 0.507517 26.74 109.39 60.00 155.26
sheep 0.506758 20.10 129.98 60.00 183.82
