sofa 0.667150 15.62 70.13 218.82 168.14
person 0.618079 11.18 63.57 223.24 194.53
sofa 0.574515 4.10 77.68 183.93 193.60
person 0.572922 81.38 76.24 218.90 222.17
sofa 0.569403 84.16 90.81 191.83 132.89
person 0.565229 56.11 82.95 210.26 172.12
dog 0.564408 92.44 84.92 189.62 127.67
sofa 0.554673 92.58 80.22 186.63 123.63
sofa 0.554411 59.43 84.96 208.35 165.00
dog 0.550835 108.50 94.02 182.28 132.34
sofa 0.549631 91.59 103.37 172.87 135.60
bus 0.547329 3.25 52.51 211.66 188.93
sofa 0.546461 99.67 77.55 211.17 200.88
chair 0.545572 108.77 97.06 218.44 224.00
sofa 0.544124 139.13 76.37 218.97 204.04
sofa 0.543977 157.42 106.98 202.18 179.48
person 0.543924 127.29 87.20 221.70 224.00
sofa 0.542883 85.40 120.58 159.12 146.52
person 0.542822 5.78 72.22 156.83 204.96
person 0.542098 6.00 38.61 50.53 172.90
car 0.541679 0.00 64.70 63.96 200.50
sofa 0.541292 87.99 110.98 166.68 140.62
chair 0.541227 157.67 147.83 196.68 216.57
sofa 0.540918 211.94 108.90 224.00 181.93
bus 0.540832 0.00 55.57 19.95 126.42
car 0.540620 0.00 35.64 35.47 168.20
sofa 0.540499 116.81 100.37 182.06 138.80
sofa 0.540467 84.94 128.34 151.95 153.87
car 0.540246 0.00 71.71 13.27 129.13
sofa 0.540024 196.39 100.92 218.36 185.64
cat 0.539731 84.05 210.34 137.55 224.00
tvmonitor 0.538811 2.08 57.98 139.24 196.42
sofa 0.537788 204.80 97.57 224.00 157.78
tvmonitor 0.537218 88.30 208.66 141.70 224.00
cat 0.536980 122.89 210.78 169.21 224.00
sofa 0.536725 160.74 143.29 197.63 211.54
person 0.536694 14.83 40.35 73.13 172.21
cat 0.536664 83.96 120.65 158.58 146.10
cat 0.536220 81.63 126.99 151.94 152.11
dog 0.536194 7.21 54.17 33.31 126.41
tvmonitor 0.535989 0.00 53.27 29.85 126.45
sofa 0.535879 107.13 54.10 180.75 89.88
person 0.535860 0.00 28.95 34.22 159.20
sofa 0.535343 167.35 100.74 211.79 187.56
tvmonitor 0.535332 0.00 52.37 19.66 119.07
sofa 0.534909 104.71 64.44 183.79 102.68
person 0.534824 13.85 50.83 129.64 174.29
dog 0.534690 9.86 57.18 46.76 123.28
sofa 0.534664 102.86 46.05 183.36 81.40
person 0.534475 90.62 101.01 149.72 137.40
cat 0.534295 84.60 131.11 138.22 156.82
cat 0.534253 85.33 190.06 123.61 206.79
car 0.534229 6.54 51.15 29.83 127.43
dog 0.534144 19.01 58.35 54.66 117.56
cat 0.533927 85.22 197.06 124.84 214.16
sofa 0.533689 151.83 110.70 193.77 166.25
sofa 0.533460 194.61 99.75 218.18 142.16
cat 0.533421 84.98 137.57 132.84 162.13
car 0.533414 0.00 56.85 21.09 125.94
sofa 0.533256 108.74 73.22 181.74 112.12
boat 0.533250 0.00 127.55 10.47 175.10
person 0.533115 7.35 61.02 100.80 205.65
sofa 0.533086 113.70 90.45 180.15 127.38
chair 0.532874 206.79 205.88 224.00 224.00
chair 0.532655 0.00 53.74 170.01 192.79
car 0.532653 11.66 55.93 46.53 122.63
tvmonitor 0.532506 26.47 131.37 57.45 177.05
person 0.532256 139.80 128.16 224.00 224.00
person 0.532227 0.00 4.70 34.49 120.45
car 0.532151 20.36 60.58 55.48 119.14
pottedplant 0.532113 0.00 204.23 20.58 224.00
cat 0.531907 134.79 211.94 185.33 224.00
cat 0.531862 94.43 187.69 133.94 207.95
chair 0.531635 184.84 0.00 224.00 53.43
chair 0.531628 182.88 128.48 212.89 210.03
sofa 0.531555 190.19 117.74 213.87 199.36
chair 0.531513 26.64 135.45 57.34 183.03
sofa 0.531324 164.25 121.97 201.42 203.16
chair 0.531266 164.33 138.57 205.40 214.96
chair 0.530941 83.79 107.16 144.03 141.65
bottle 0.530592 0.00 208.79 30.18 224.00
chair 0.530566 215.24 126.02 224.00 196.02
car 0.530547 0.00 0.00 21.09 23.39
cat 0.530296 84.26 111.43 142.58 143.87
cat 0.530257 84.86 145.61 124.70 169.75
chair 0.530100 217.60 146.61 224.00 212.55
car 0.530091 0.00 13.41 10.12 51.57
sofa 0.529880 145.39 114.14 184.75 159.93
sheep 0.529783 28.76 143.14 56.82 189.26
boat 0.529770 0.00 133.05 16.04 178.48
sofa 0.529705 205.24 110.47 224.00 187.90
chair 0.529399 190.88 2.00 224.00 108.41
pottedplant 0.529233 0.00 157.62 35.36 224.00
bottle 0.529105 1.81 10.60 64.34 124.17
sofa 0.529082 154.03 161.67 189.85 215.09
tvmonitor 0.528798 0.00 133.01 11.89 184.10
boat 0.528722 26.83 79.91 54.06 128.72
cat 0.528524 211.16 0.00 224.00 26.20
sofa 0.528300 114.32 37.42 182.27 69.35
chair 0.528282 218.88 168.19 224.00 224.00
sofa 0.528231 46.73 51.69 206.87 152.26
sofa 0.528205 168.66 63.04 224.00 173.05
car 0.528040 0.00 0.00 45.59 66.24
sheep 0.527932 187.06 210.70 220.24 224.00
chair 0.527838 177.37 211.56 214.11 224.00
bottle 0.527672 0.00 40.29 11.58 95.74
chair 0.527638 151.44 211.31 197.31 224.00
chair 0.527505 92.90 136.92 211.62 224.00
bottle 0.527478 0.00 89.22 13.00 137.92
sheep 0.527410 72.71 107.02 94.40 136.56
tvmonitor 0.527330 22.16 128.26 52.45 165.30
bottle 0.527287 0.00 79.89 18.84 128.39
sofa 0.526921 110.59 116.09 175.82 149.49
bottle 0.526887 33.76 210.73 66.71 224.00
cat 0.526775 84.76 184.26 123.34 202.46
cat 0.526746 85.11 157.44 118.58 180.86
chair 0.526707 37.55 169.78 132.85 224.00
car 0.526598 1.54 17.74 17.91 47.90
sheep 0.526507 67.51 105.07 89.71 135.55
car 0.526473 0.00 6.33 11.68 40.88
chair 0.526469 181.30 41.05 224.00 154.13
boat 0.526459 0.00 105.19 11.75 152.11
dog 0.526348 67.65 110.76 91.70 143.11
sofa 0.526319 136.35 107.98 182.71 152.52
aeroplane 0.526196 138.93 37.97 201.88 84.85
boat 0.526102 21.35 73.79 46.87 126.39
cat 0.526078 67.77 117.45 93.17 151.05
sheep 0.526061 27.08 116.88 57.51 157.85
bottle 0.526027 42.19 211.16 77.82 224.00
sofa 0.526002 187.56 103.03 212.98 139.17
sheep 0.525871 30.14 95.33 54.85 136.30
person 0.525857 0.00 0.00 166.56 173.50
sheep 0.525795 197.87 208.74 224.00 224.00
chair 0.525781 216.82 184.04 224.00 224.00
sofa 0.525603 176.20 99.54 214.52 167.50
bottle 0.525586 25.11 170.42 115.97 224.00
dog 0.525536 73.15 113.69 97.03 143.41
sheep 0.525518 72.02 99.97 92.66 127.49
bottle 0.525415 71.58 209.59 115.56 224.00
chair 0.525368 151.07 170.15 185.98 224.00
bottle 0.525345 6.37 68.63 26.54 126.18
chair 0.525279 25.04 142.66 48.86 187.23
dog 0.525253 220.00 26.65 224.00 67.44
sheep 0.525236 31.61 156.16 55.14 194.48
dog 0.525221 219.99 46.33 224.00 88.00
sheep 0.525165 66.63 98.92 88.06 127.14
chair 0.525151 0.00 101.71 42.99 217.89
dog 0.525138 218.14 4.96 224.00 37.19
bottle 0.525110 50.81 211.31 90.22 224.00
tvmonitor 0.525020 5.02 136.58 28.72 175.98
cat 0.525020 84.82 172.26 119.71 194.17
cat 0.524970 131.80 178.73 163.52 213.92
bottle 0.524967 0.00 22.17 8.68 69.30
sheep 0.524907 29.09 106.55 56.14 147.83
dog 0.524857 80.29 108.19 128.03 139.73
sofa 0.524797 140.63 46.03 201.27 87.73
sofa 0.524794 174.08 106.22 206.69 149.49
aeroplane 0.524751 95.00 0.00 133.24 35.14
cat 0.524689 68.89 124.61 95.79 157.18
sofa 0.524686 114.57 36.93 197.60 84.32
cat 0.524675 85.72 148.67 137.05 173.18
aeroplane 0.524616 100.42 0.00 148.35 37.77
bottle 0.524552 17.69 211.21 53.33 224.00
bottle 0.524482 60.49 210.47 102.29 224.00
bottle 0.524466 0.00 186.76 12.13 224.00
tvmonitor 0.524450 0.00 67.00 90.42 200.13
sofa 0.524423 139.84 122.46 177.72 161.00
cat 0.524372 74.28 120.84 101.51 150.69
car 0.524259 11.68 18.68 28.10 44.84
chair 0.524138 131.75 0.00 162.16 19.40
cat 0.524133 114.60 185.01 146.13 210.00
tvmonitor 0.524114 17.28 135.34 50.55 174.34
pottedplant 0.524099 0.00 162.36 56.23 224.00
cat 0.524080 75.86 127.48 106.54 155.69
cat 0.524039 82.92 120.19 128.66 150.76
chair 0.523944 59.31 159.22 166.47 224.00
dog 0.523919 214.91 0.00 224.00 31.18
boat 0.523912 104.65 0.00 140.93 18.25
boat 0.523903 90.19 49.90 111.78 72.97
sofa 0.523875 158.01 134.13 192.63 194.42
boat 0.523797 87.18 42.70 110.62 67.12
sofa 0.523785 114.56 62.53 172.96 94.88
sheep 0.523763 65.23 46.22 84.11 71.89
dog 0.523749 219.31 13.41 224.00 47.28
cat 0.523734 81.89 205.16 123.69 224.00
sheep 0.523724 54.52 105.97 81.24 135.31
car 0.523724 2.70 11.39 18.36 37.45
boat 0.523720 78.23 42.77 99.69 66.66
sheep 0.523700 0.00 20.11 17.38 56.79
sheep 0.523683 63.18 39.15 84.11 66.81
chair 0.523672 122.93 0.00 154.58 19.41
sheep 0.523641 59.62 36.41 77.96 66.29
pottedplant 0.523636 8.18 168.48 92.13 224.00
sofa 0.523508 177.44 105.39 206.22 135.85
bottle 0.523423 0.00 191.33 21.99 224.00
chair 0.523390 113.33 0.00 147.29 18.96
dog 0.523294 20.01 19.84 39.57 53.04
sofa 0.523228 106.78 0.00 154.43 40.77
sofa 0.523203 200.56 130.93 223.78 208.62
dog 0.523103 11.66 19.88 29.09 53.08
boat 0.523082 80.97 49.48 99.93 72.01
dog 0.523058 27.23 23.21 47.57 60.32
sofa 0.523039 117.61 28.91 181.50 62.66
dog 0.523011 218.53 62.10 224.00 104.97
aeroplane 0.522978 96.21 0.00 135.51 17.13
chair 0.522958 142.41 168.21 180.71 216.46
cat 0.522910 20.85 132.52 59.48 177.04
dog 0.522908 32.77 30.73 54.44 70.40
sheep 0.522906 70.96 48.49 90.69 71.38
dog 0.522854 207.56 87.69 224.00 131.89
boat 0.522851 92.38 56.25 113.13 78.55
dog 0.522848 24.96 30.72 47.64 74.39
boat 0.522825 140.02 0.00 172.14 19.45
boat 0.522800 68.63 42.29 90.97 66.95
aeroplane 0.522794 141.05 26.16 199.05 71.30
sofa 0.522784 159.29 108.18 198.62 147.53
dog 0.522760 34.70 23.79 53.48 58.98
chair 0.522686 0.00 131.59 33.17 224.00
sheep 0.522591 60.54 44.15 77.27 71.99
cat 0.522530 128.61 188.40 160.04 223.45
sheep 0.522523 54.20 98.60 80.11 127.62
sheep 0.522480 41.68 186.00 58.99 207.15
aeroplane 0.522479 59.36 19.58 74.51 41.26
sofa 0.522358 114.04 50.89 169.16 82.53
boat 0.522317 60.27 0.00 91.69 16.83
sofa 0.522297 101.79 0.00 147.52 29.51
sofa 0.522282 81.63 31.91 202.26 128.96
bottle 0.522166 12.97 69.97 35.65 125.06
dog 0.522121 53.79 111.52 82.20 143.23
boat 0.522106 24.59 89.88 48.14 132.88
person 0.522050 94.65 92.58 144.68 126.52
sheep 0.522045 67.27 53.27 83.16 76.97
dog 0.522028 54.90 18.41 68.12 38.66
sofa 0.522004 117.92 124.54 172.59 156.87
boat 0.522004 22.81 116.83 52.24 156.17
sheep 0.521966 34.12 172.01 53.39 200.40
cat 0.521948 113.20 192.75 147.45 218.56
tvmonitor 0.521922 111.03 207.17 156.17 224.00
dog 0.521894 28.75 17.62 45.21 43.23
sheep 0.521877 59.72 28.37 77.47 59.28
sheep 0.521865 42.26 193.00 60.11 216.72
boat 0.521782 0.00 176.54 11.13 216.71
chair 0.521717 197.75 141.26 223.75 214.17
boat 0.521708 76.30 35.17 98.99 61.15
aeroplane 0.521670 82.90 0.00 115.84 15.50
pottedplant 0.521668 0.00 149.08 11.48 197.01
cat 0.521614 98.68 194.71 138.06 215.78
dog 0.521552 53.24 118.31 84.34 151.81
boat 0.521545 62.50 31.53 82.92 60.89
cat 0.521537 80.33 161.80 128.64 184.46
sofa 0.521535 90.48 138.15 148.04 163.95
sheep 0.521465 35.57 185.56 52.57 207.58
tvmonitor 0.521453 0.00 89.93 18.09 134.82
cat 0.521382 54.27 125.23 87.30 158.58
aeroplane 0.521370 57.98 10.02 74.54 30.53
sheep 0.521314 67.08 88.07 85.89 115.65
sheep 0.521289 59.49 23.01 75.71 51.86
sofa 0.521268 101.99 56.43 124.71 79.86
boat 0.521267 148.08 0.00 184.75 19.21
cat 0.521265 99.92 182.69 137.14 202.40
aeroplane 0.521223 161.18 0.00 199.38 19.54
cat 0.521218 78.15 141.26 110.09 163.53
sofa 0.521172 116.92 44.35 173.19 75.18
car 0.521149 18.16 0.00 88.58 57.90
boat 0.521109 84.40 34.34 108.87 60.65
sofa 0.521082 158.60 106.34 196.86 133.39
cat 0.521072 71.31 137.73 96.44 166.84
sheep 0.521069 83.21 56.01 99.85 77.40
chair 0.520999 170.82 155.26 205.77 223.89
sheep 0.520998 72.98 55.08 89.58 76.37
cat 0.520996 26.33 145.54 59.48 189.10
sofa 0.520991 100.46 50.65 123.48 74.68
sheep 0.520977 69.10 60.51 83.08 83.95
dog 0.520817 53.39 35.31 72.00 65.15
boat 0.520780 23.57 102.27 49.99 143.29
dog 0.520779 30.07 39.13 53.93 82.90
sofa 0.520748 145.12 75.17 196.69 112.59
dog 0.520737 213.91 75.06 224.00 121.43
bottle 0.520719 8.92 193.42 29.77 220.72
chair 0.520704 116.11 0.00 199.97 60.93
sheep 0.520650 0.00 181.03 19.30 212.60
sheep 0.520646 54.49 21.72 70.40 48.33
aeroplane 0.520575 98.81 43.59 122.67 68.33
aeroplane 0.520516 152.79 48.29 201.57 84.17
boat 0.520436 93.65 62.38 116.10 85.24
sofa 0.520427 151.14 123.87 183.52 171.04
dog 0.520424 134.90 170.23 168.00 205.92
dog 0.520395 54.24 26.75 72.32 56.63
car 0.520351 11.07 12.65 26.48 34.30
sofa 0.520348 102.78 62.21 126.84 85.97
chair 0.520331 144.66 0.00 221.01 53.36
bottle 0.520290 15.75 13.07 94.19 123.91
sheep 0.520267 34.62 193.13 53.54 218.56
sofa 0.520223 147.67 160.18 176.12 203.86
dog 0.520217 183.26 158.49 213.44 224.00
dog 0.520205 17.96 29.99 39.60 75.70
sheep 0.520197 26.59 154.35 46.92 192.16
boat 0.520186 75.90 0.00 107.56 15.36
sheep 0.520182 70.03 68.03 83.28 91.92
dog 0.520177 41.63 32.82 61.70 66.49
boat 0.520104 14.96 130.30 51.23 163.56
bottle 0.520098 0.00 44.18 20.85 96.06
aeroplane 0.520074 96.62 34.07 121.99 61.11
dog 0.520046 191.75 91.09 216.82 128.79
aeroplane 0.520020 105.22 11.19 147.76 44.82
sheep 0.519957 61.07 51.86 76.14 78.11
car 0.519949 23.24 0.00 53.78 17.40
dog 0.519938 26.84 49.70 53.64 96.73
boat 0.519917 0.00 162.82 10.68 206.61
dog 0.519915 36.83 17.36 51.24 40.76
boat 0.519912 110.43 0.00 152.51 30.08
car 0.519884 47.21 0.00 76.46 16.85
aeroplane 0.519880 87.65 0.00 119.76 33.35
aeroplane 0.519745 96.55 8.86 127.83 42.57
boat 0.519668 128.14 0.00 165.17 30.76
dog 0.519660 43.26 25.52 61.18 56.76
sheep 0.519654 75.06 62.54 89.28 82.85
sofa 0.519654 94.21 0.00 202.21 103.45
sheep 0.519642 73.49 89.83 91.14 114.82
sofa 0.519620 66.09 0.00 169.93 65.80
sofa 0.519574 112.30 56.80 155.18 83.12
chair 0.519509 183.96 0.00 215.78 23.60
chair 0.519503 199.48 0.00 223.49 24.32
dog 0.519464 155.81 56.11 200.96 90.14
aeroplane 0.519414 95.50 21.17 123.33 52.55
sofa 0.519355 152.46 139.13 182.02 190.71
sheep 0.519322 54.86 86.02 78.11 117.72
car 0.519273 15.13 0.00 45.91 16.86
chair 0.519257 171.62 0.00 209.73 23.57
sheep 0.519223 50.90 194.63 69.29 213.70
dog 0.519206 21.23 40.57 46.43 89.54
dog 0.519201 26.59 74.31 56.67 122.58
car 0.519180 40.69 0.00 135.22 57.52
sofa 0.519172 142.84 64.13 197.03 103.33
sheep 0.519169 52.38 43.38 70.53 72.00
car 0.519139 39.81 0.00 68.20 17.12
boat 0.519116 62.72 24.78 81.35 54.03
aeroplane 0.519096 152.28 0.00 198.73 28.44
sheep 0.519074 68.91 75.88 83.65 102.28
boat 0.519062 5.20 129.73 29.43 163.76
dog 0.519042 46.17 17.93 58.95 38.32
cat 0.519025 135.92 181.50 174.37 224.00
dog 0.518999 44.49 21.18 60.17 48.02
bottle 0.518973 9.38 183.97 26.83 208.16
cat 0.518965 56.17 135.87 85.54 170.31
chair 0.518965 18.10 142.69 43.01 184.43
sofa 0.518946 155.23 99.33 196.76 124.90
dog 0.518938 11.39 30.78 29.88 76.54
aeroplane 0.518873 53.92 10.86 66.94 28.63
chair 0.518862 0.00 82.79 124.39 206.80
bottle 0.518843 15.50 85.40 36.32 129.08
sofa 0.518837 112.28 14.34 158.33 48.43
chair 0.518798 39.66 130.27 161.44 224.00
bottle 0.518782 0.00 32.29 17.96 80.30
bottle 0.518779 18.49 193.67 37.93 218.44
cat 0.518779 78.61 191.31 107.57 205.12
sheep 0.518741 189.22 179.52 215.00 224.00
car 0.518698 7.19 0.00 37.11 17.53
aeroplane 0.518649 168.39 0.00 207.02 26.31
boat 0.518646 69.30 26.50 89.71 54.94
dog 0.518646 17.80 51.95 46.72 104.46
aeroplane 0.518581 107.39 23.20 146.62 54.87
sheep 0.518531 27.07 193.25 46.17 218.24
sofa 0.518528 100.71 0.00 195.45 65.91
sofa 0.518511 122.87 53.83 198.11 100.24
dog 0.518470 63.06 19.93 80.37 42.62
aeroplane 0.518454 62.40 8.83 81.86 32.07
car 0.518447 20.55 11.99 36.82 32.31
sheep 0.518379 49.17 188.12 67.91 205.21
sheep 0.518369 76.44 69.44 89.23 90.26
sheep 0.518313 59.81 58.82 75.35 86.47
sheep 0.518277 60.71 195.53 80.98 213.50
dog 0.518266 88.35 92.55 140.29 125.14
dog 0.518221 39.40 40.16 60.99 76.07
sheep 0.518203 28.24 185.14 44.72 206.51
sheep 0.518192 84.43 62.63 100.80 83.47
sofa 0.518181 102.60 68.86 130.99 96.10
sofa 0.518180 150.15 88.80 197.50 119.01
cat 0.518102 79.22 196.63 108.57 211.70
cat 0.518080 91.51 174.62 133.67 196.31
sheep 0.518059 16.83 0.00 96.27 100.86
cat 0.518058 70.42 195.46 93.55 213.65
aeroplane 0.517956 109.26 35.26 147.20 63.92
sheep 0.517923 59.05 65.71 75.84 95.51
dog 0.517878 11.82 52.98 38.45 107.31
diningtable 0.517862 99.65 79.70 137.49 111.48
sofa 0.517851 114.63 25.43 161.45 58.35
sofa 0.517771 45.22 0.00 183.02 101.39
aeroplane 0.517744 159.15 63.21 202.24 99.11
dog 0.517695 9.31 43.57 31.12 93.30
aeroplane 0.517671 183.49 0.00 212.95 25.91
car 0.517662 29.98 10.96 45.14 30.81
person 0.517622 16.07 25.72 89.58 144.27
boat 0.517474 125.09 5.08 172.13 45.05
aeroplane 0.517342 84.00 23.26 109.46 52.92
chair 0.517314 143.74 201.73 189.13 224.00
sheep 0.517311 19.40 184.97 35.54 206.23
sofa 0.517299 118.87 3.27 166.67 43.50
sheep 0.517283 57.31 73.56 76.32 105.45
dog 0.517279 14.38 42.02 38.73 92.01
sheep 0.517208 27.92 170.16 45.27 198.61
bottle 0.517136 7.69 93.05 26.21 133.87
sheep 0.517122 75.52 77.61 89.63 100.78
sheep 0.517117 60.63 190.12 80.98 205.67
aeroplane 0.517116 86.77 12.21 113.34 42.09
aeroplane 0.517076 188.66 8.70 210.50 29.72
boat 0.517066 76.38 25.94 99.14 54.02
dog 0.517014 93.87 68.78 122.76 95.20
boat 0.517009 15.39 96.98 39.12 136.75
cat 0.516981 70.68 190.24 93.43 206.29
dog 0.516886 177.36 176.53 207.42 224.00
sheep 0.516870 0.00 165.56 17.61 202.56
boat 0.516797 0.00 149.44 17.72 192.54
sofa 0.516789 110.60 44.68 150.26 71.26
bottle 0.516787 37.09 204.96 62.38 224.00
chair 0.516778 106.78 0.00 206.26 95.20
dog 0.516696 70.04 19.59 88.63 42.45
boat 0.516610 15.41 114.63 45.18 151.32
cat 0.516584 28.31 130.73 64.18 169.28
dog 0.516571 164.52 74.64 205.09 113.99
sheep 0.516553 206.76 182.60 224.00 224.00
sheep 0.516506 202.34 0.00 220.16 28.61
chair 0.516485 203.91 164.45 224.00 224.00
sofa 0.516462 146.84 143.81 175.62 187.48
sheep 0.516448 207.89 7.12 219.63 33.03
aeroplane 0.516344 23.66 18.45 130.63 126.99
aeroplane 0.516307 131.25 5.07 179.98 45.93
boat 0.516291 7.96 152.63 26.29 189.76
sofa 0.516286 120.85 19.39 178.15 55.26
cat 0.516267 79.74 147.97 107.84 168.60
tvmonitor 0.516256 126.15 205.32 175.40 224.00
sheep 0.516241 43.64 176.02 66.02 198.96
aeroplane 0.516239 68.68 6.18 90.39 32.20
aeroplane 0.516147 38.60 11.02 51.92 29.49
dog 0.516129 35.55 49.77 59.06 88.63
aeroplane 0.516057 47.39 11.30 59.09 28.38
cat 0.515938 73.15 144.91 94.93 172.66
sofa 0.515844 30.77 25.88 169.04 129.34
sofa 0.515833 112.30 68.07 159.40 98.01
aeroplane 0.515775 78.30 16.77 102.42 41.56
sofa 0.515775 125.52 131.21 171.15 165.67
chair 0.515766 158.31 172.06 197.08 224.00
aeroplane 0.515754 80.01 2.21 108.32 31.87
dog 0.515730 91.96 79.12 131.69 109.64
aeroplane 0.515677 160.11 3.29 200.02 36.58
bottle 0.515668 28.81 205.36 55.56 224.00
aeroplane 0.515557 156.08 18.55 199.38 56.93
sheep 0.515546 50.38 51.79 68.54 81.18
dog 0.515521 55.38 0.00 80.29 20.27
boat 0.515492 6.33 112.37 26.99 148.53
bottle 0.515489 45.83 206.15 72.82 224.00
sofa 0.515471 171.83 89.98 208.41 123.54
cat 0.515446 78.79 183.42 107.21 199.26
sheep 0.515414 19.62 153.51 38.78 189.30
dog 0.515400 189.76 77.28 212.73 115.74
dog 0.515357 187.24 53.59 208.63 78.03
sheep 0.515329 59.25 179.58 80.60 199.28
sheep 0.515256 84.79 68.88 105.03 91.49
cat 0.515195 114.07 173.61 144.80 200.47
sheep 0.515185 188.71 46.35 209.70 73.59
bottle 0.515144 21.19 205.85 49.15 224.00
sheep 0.515111 9.54 168.53 25.68 198.58
aeroplane 0.515083 171.99 8.11 203.23 29.59
sheep 0.515027 38.29 94.74 63.99 129.72
bottle 0.514863 12.99 206.51 41.84 224.00
sofa 0.514769 133.06 146.66 169.87 182.16
sheep 0.514702 81.66 91.91 122.35 118.91
bottle 0.514653 55.17 206.65 85.46 224.00
dog 0.514615 185.64 59.46 208.18 83.84
sheep 0.514607 39.07 104.82 63.87 137.15
aeroplane 0.514522 123.53 19.16 183.97 57.04
cat 0.514521 70.99 181.25 93.25 200.07
dog 0.514424 210.65 55.63 224.00 87.99
dog 0.514300 41.94 64.60 65.07 103.87
sheep 0.514274 20.06 169.47 35.98 197.20
bottle 0.514271 25.46 0.00 123.12 99.80
sheep 0.514221 210.88 48.77 224.00 81.18
sheep 0.514199 37.20 161.49 64.15 193.43
sheep 0.514199 0.00 129.59 58.02 224.00
sheep 0.514045 45.46 59.02 66.02 93.98
dog 0.513896 194.59 29.36 213.16 58.17
sheep 0.513893 58.00 165.28 79.61 191.08
sheep 0.513882 209.70 63.83 224.00 98.88
sheep 0.513871 37.83 82.04 63.67 121.57
dog 0.513769 186.69 65.19 209.07 93.71
sheep 0.513757 211.37 14.76 221.88 42.35
sheep 0.513742 33.35 119.13 63.91 155.37
sheep 0.513731 191.57 37.83 211.35 67.17
sheep 0.513701 212.00 20.84 224.00 53.20
dog 0.513685 194.73 21.91 213.69 48.31
cat 0.513605 79.36 169.98 104.61 189.31
dog 0.513519 111.05 164.39 145.54 193.42
aeroplane 0.513468 161.30 27.41 202.87 61.46
sheep 0.513449 84.02 78.20 113.18 103.73
sheep 0.513428 36.70 111.46 63.77 146.49
cat 0.513385 94.26 164.46 135.59 186.50
dog 0.513334 66.53 0.00 94.63 20.52
dog 0.513316 78.03 0.00 109.74 21.44
cat 0.513283 72.12 167.19 91.89 190.30
dog 0.513263 164.73 64.32 203.74 94.35
aeroplane 0.513158 156.79 35.45 201.81 70.59
cat 0.513128 57.49 151.57 80.55 183.00
sheep 0.513120 39.87 71.36 64.13 112.02
sheep 0.513072 211.88 34.70 224.00 69.65
sheep 0.513067 204.94 77.43 223.80 118.65
cat 0.513067 73.47 153.88 92.81 179.85
cat 0.513032 79.92 156.56 104.61 176.92
dog 0.512976 192.66 15.90 211.95 37.69
dog 0.512968 50.41 0.00 71.91 19.84
aeroplane 0.512957 166.88 20.59 203.21 50.91
sofa 0.512931 105.19 149.88 148.65 177.91
chair 0.512691 158.70 202.09 202.19 224.00
dog 0.512381 34.67 0.00 55.95 19.87
aeroplane 0.512336 162.86 12.36 199.48 44.37
sheep 0.512240 6.36 130.04 103.60 224.00
dog 0.512064 43.49 0.00 63.20 19.54
aeroplane 0.511460 171.18 15.02 202.58 38.69
