car 0.623708 0.00 18.88 221.53 219.09
motorbike 0.609862 6.25 13.62 224.00 224.00
horse 0.604283 3.30 17.62 216.58 217.28
sofa 0.584613 15.46 20.37 212.72 211.80
person 0.573797 22.92 25.52 217.06 217.10
dog 0.570484 23.83 29.12 204.12 217.77
diningtable 0.558695 0.00 10.73 224.00 224.00
sheep 0.554892 30.47 28.86 196.58 217.10
bottle 0.550205 16.37 27.75 215.56 197.65
motorbike 0.547823 85.16 29.06 211.00 213.23
bus 0.547370 202.74 32.84 220.73 80.92
bottle 0.546499 4.91 3.23 50.36 139.84
bus 0.546004 209.38 31.25 224.00 83.61
cow 0.544416 52.39 76.20 182.32 224.00
sheep 0.543993 28.34 64.04 154.97 222.53
bottle 0.542962 0.00 0.00 27.59 110.65
car 0.542935 209.28 35.18 224.00 86.22
bottle 0.540964 40.52 150.29 68.11 176.09
motorbike 0.540828 142.25 46.07 224.00 212.30
person 0.540469 159.68 33.92 224.00 192.42
tvmonitor 0.540186 181.66 0.00 222.75 94.86
car 0.538868 145.80 56.24 224.00 209.16
car 0.538761 202.23 35.18 220.93 82.13
person 0.538503 212.94 46.19 224.00 110.44
car 0.538012 158.03 1.72 198.32 51.49
person 0.537947 0.00 0.00 34.45 64.18
bird 0.537920 3.76 103.27 43.91 139.35
person 0.537844 209.80 38.21 224.00 97.05
person 0.537597 0.00 180.68 102.40 224.00
bottle 0.537404 5.87 0.00 47.73 74.27
car 0.537308 171.90 23.55 224.00 169.51
bus 0.536850 195.82 27.96 218.70 79.16
sheep 0.536591 37.86 150.47 70.80 178.71
pottedplant 0.536485 0.00 9.10 35.29 152.63
sheep 0.536442 25.44 106.93 127.99 224.00
tvmonitor 0.536240 145.29 0.00 217.55 80.57
bottle 0.536130 1.78 21.90 56.01 173.93
person 0.536086 216.19 57.32 224.00 119.27
tvmonitor 0.535847 178.93 9.99 223.51 140.38
bus 0.535644 148.08 0.00 220.20 71.91
dog 0.535357 156.56 3.15 197.29 57.34
person 0.534886 38.10 192.48 130.98 224.00
dog 0.534099 218.97 89.10 224.00 158.18
bottle 0.533349 4.32 0.00 21.19 72.56
sofa 0.533276 43.34 0.00 184.82 63.14
person 0.533237 63.47 191.60 153.90 224.00
motorbike 0.533083 151.19 72.47 186.85 102.89
person 0.532606 0.00 204.78 22.01 224.00
bottle 0.532538 218.93 84.83 224.00 150.29
car 0.532322 207.08 0.00 224.00 29.81
bottle 0.532210 34.49 9.27 202.90 153.62
bottle 0.532060 26.93 23.16 142.07 181.91
sofa 0.532024 151.25 1.36 201.78 53.64
bottle 0.531821 15.10 25.72 78.75 179.92
motorbike 0.531582 146.44 65.88 188.86 98.15
bottle 0.531452 64.52 0.00 125.10 38.48
dog 0.531343 11.84 207.55 64.91 224.00
bottle 0.531258 0.00 0.00 9.70 69.97
bottle 0.531187 161.91 157.09 204.71 210.93
bottle 0.531033 56.82 0.00 175.31 58.14
sheep 0.530951 23.75 184.88 68.05 211.37
person 0.530914 0.80 207.63 38.97 224.00
person 0.530744 197.92 37.57 218.33 80.17
person 0.530609 217.78 68.08 224.00 127.70
bottle 0.530114 13.78 205.82 70.58 224.00
bottle 0.529968 7.10 129.51 42.66 166.60
person 0.529946 162.92 0.00 197.75 31.32
bottle 0.529454 10.38 0.00 28.99 73.96
bottle 0.529359 5.26 64.00 34.95 110.96
bottle 0.529300 211.03 205.96 224.00 224.00
aeroplane 0.529227 160.67 104.22 200.70 175.04
person 0.529037 184.36 173.20 224.00 224.00
dog 0.529013 152.70 12.49 193.50 69.73
person 0.528917 0.00 0.00 16.88 26.84
motorbike 0.528837 115.45 64.74 212.91 209.96
dog 0.528696 220.00 102.35 224.00 175.01
bottle 0.528553 15.11 0.00 68.79 46.85
aeroplane 0.528475 74.50 23.29 111.21 59.22
sheep 0.528466 9.68 141.91 38.62 172.50
person 0.528446 83.82 26.82 209.26 188.63
bottle 0.528306 0.00 71.75 68.06 196.80
bottle 0.528233 69.59 5.29 117.51 50.94
bottle 0.528109 3.04 45.91 24.76 83.16
bottle 0.528036 49.01 0.00 143.57 42.43
sheep 0.527845 13.32 103.00 99.02 217.88
bottle 0.527819 49.55 108.75 68.89 140.96
aeroplane 0.527583 187.93 94.60 218.37 177.95
car 0.527512 159.08 0.00 195.87 32.24
person 0.527498 81.81 187.95 175.27 224.00
person 0.527402 132.64 25.41 216.73 178.19
sheep 0.527200 23.29 170.34 71.91 205.08
bottle 0.527144 45.31 0.00 188.95 95.32
bottle 0.527141 3.24 53.27 26.55 94.29
aeroplane 0.527079 209.51 0.00 224.00 44.11
bottle 0.526874 33.25 0.00 111.15 39.29
person 0.526743 0.00 75.77 50.39 191.72
bottle 0.526727 15.60 6.35 40.94 76.94
bottle 0.526723 42.31 108.67 60.81 139.95
person 0.526718 147.83 24.06 192.39 80.65
tvmonitor 0.526704 153.87 0.00 201.88 43.02
bottle 0.526626 50.10 208.46 90.68 224.00
aeroplane 0.526606 78.76 36.50 105.28 65.33
bottle 0.526462 20.54 194.31 68.50 221.52
person 0.526440 145.33 53.15 192.77 93.50
bottle 0.526397 16.44 143.61 45.32 172.13
bottle 0.526280 74.26 0.00 131.26 26.23
sheep 0.526263 17.86 199.26 69.84 221.57
bottle 0.526219 19.75 15.92 50.48 77.88
sheep 0.526215 6.76 113.83 42.79 154.74
car 0.526028 146.47 63.87 192.53 99.21
bus 0.525995 109.70 0.00 206.36 60.22
aeroplane 0.525910 174.23 98.75 213.96 178.99
sheep 0.525906 54.46 110.56 75.28 140.38
bottle 0.525894 6.04 97.88 45.52 142.62
bottle 0.525780 3.85 80.23 39.43 126.19
bottle 0.525394 36.92 205.23 82.34 224.00
aeroplane 0.525303 155.47 105.03 188.43 169.74
person 0.525297 17.20 166.63 116.99 224.00
bottle 0.525237 128.09 177.45 211.26 224.00
boat 0.524833 158.16 0.00 209.51 53.24
motorbike 0.524725 157.17 78.06 186.66 108.02
aeroplane 0.524698 194.76 87.07 217.49 154.48
bottle 0.524677 23.81 146.53 55.58 173.31
bottle 0.524675 97.51 0.00 139.33 21.32
bottle 0.524633 121.98 210.42 155.83 224.00
bottle 0.524486 199.58 209.83 224.00 224.00
sheep 0.524423 161.93 122.94 203.66 188.63
sofa 0.524417 96.71 0.00 208.21 70.08
bottle 0.524409 137.63 210.83 177.00 224.00
bottle 0.524365 62.75 210.81 100.36 224.00
person 0.524346 0.00 134.56 97.86 224.00
bottle 0.524338 169.55 102.15 224.00 213.95
sofa 0.524298 65.17 25.61 210.81 172.42
sheep 0.524289 207.55 88.34 224.00 166.13
aeroplane 0.524119 179.36 0.00 217.52 53.25
bottle 0.524112 30.17 33.63 58.96 76.35
bottle 0.523989 0.00 17.40 11.47 78.19
car 0.523970 144.74 37.73 190.45 88.35
person 0.523951 0.00 132.72 20.44 176.58
boat 0.523918 188.41 11.92 219.24 68.47
bottle 0.523899 188.45 212.28 220.51 224.00
sheep 0.523867 2.41 196.63 37.06 217.86
bottle 0.523863 55.09 116.17 74.56 147.15
bottle 0.523818 52.30 105.32 73.89 134.97
bottle 0.523798 39.82 140.97 65.77 172.82
sheep 0.523798 91.92 64.89 110.35 87.43
dog 0.523756 206.92 95.88 224.00 177.41
car 0.523751 198.56 59.01 216.75 109.09
bottle 0.523696 17.03 0.00 61.90 98.73
bottle 0.523681 25.43 3.59 127.74 134.17
sheep 0.523680 159.73 147.50 208.82 208.96
bottle 0.523623 48.85 67.22 69.51 100.58
sheep 0.523474 96.61 66.58 114.59 87.62
person 0.523465 198.09 46.11 218.88 101.31
dog 0.523400 180.73 18.00 214.21 75.79
bus 0.523345 209.80 9.73 223.33 71.03
sheep 0.523304 17.00 194.13 61.76 213.25
aeroplane 0.523223 82.32 47.47 104.08 71.81
tvmonitor 0.523166 0.00 0.00 26.01 23.95
bottle 0.523141 0.00 0.00 13.70 45.54
bottle 0.523130 220.00 130.19 224.00 195.38
tvmonitor 0.523123 145.16 14.23 215.43 142.88
sheep 0.523055 25.59 159.54 71.69 193.97
aeroplane 0.523048 192.95 0.00 223.93 25.07
car 0.522905 194.03 36.39 216.11 78.15
person 0.522818 62.48 155.12 160.65 224.00
bottle 0.522753 51.04 59.05 70.58 88.57
person 0.522726 0.00 195.02 15.16 222.84
sheep 0.522688 10.15 196.66 50.03 214.68
bottle 0.522678 148.60 28.69 197.33 79.72
person 0.522591 0.00 159.70 74.70 224.00
bottle 0.522560 0.00 42.50 11.27 88.11
car 0.522536 133.69 0.00 162.12 20.63
bottle 0.522525 13.34 0.00 27.79 55.75
bottle 0.522510 89.22 0.00 138.66 29.44
bottle 0.522386 118.45 0.00 151.98 19.45
sheep 0.522319 63.27 112.32 81.52 138.54
aeroplane 0.522283 161.94 96.30 197.18 155.85
aeroplane 0.522212 150.34 107.08 174.67 163.39
bottle 0.522157 106.23 210.46 142.07 224.00
bottle 0.522150 0.00 123.06 27.16 169.76
bottle 0.522149 17.95 107.63 49.46 138.19
aeroplane 0.522116 86.95 46.60 110.16 70.79
sheep 0.522067 90.19 56.68 110.08 79.02
bottle 0.522027 8.95 33.64 29.95 77.30
boat 0.521934 179.49 0.00 216.54 23.65
bottle 0.521929 44.30 99.58 66.79 133.47
bottle 0.521846 155.78 161.80 190.88 206.62
boat 0.521796 166.16 0.00 208.15 27.10
person 0.521741 0.00 114.40 63.73 217.20
bottle 0.521720 50.96 52.55 70.30 79.94
car 0.521661 144.83 0.00 176.19 25.99
bottle 0.521578 151.46 211.13 194.67 224.00
motorbike 0.521574 130.82 103.61 155.93 149.31
cow 0.521539 115.78 73.47 131.56 94.01
aeroplane 0.521531 104.28 19.51 134.65 55.20
car 0.521515 143.48 21.41 195.55 77.60
car 0.521500 34.26 0.00 70.94 16.53
bottle 0.521487 27.56 0.00 60.17 16.76
sheep 0.521455 92.69 70.84 110.13 94.06
sheep 0.521431 50.51 100.13 72.30 129.34
bottle 0.521384 46.81 125.24 67.78 161.46
bottle 0.521356 220.00 150.11 224.00 207.85
sheep 0.521351 178.58 115.99 214.68 190.49
sheep 0.521314 28.61 150.78 58.86 173.78
motorbike 0.521294 128.14 113.98 152.37 163.19
bottle 0.521254 25.49 38.17 48.42 75.35
bottle 0.521181 70.30 211.61 110.59 224.00
bottle 0.521063 63.33 0.00 105.92 25.12
cow 0.521053 96.23 73.25 113.76 94.41
bottle 0.521038 170.06 212.37 208.72 224.00
sheep 0.521008 73.40 112.26 89.36 136.58
car 0.520928 162.09 71.37 197.66 103.46
dog 0.520926 77.72 211.47 119.36 224.00
cow 0.520903 141.60 110.58 164.58 160.71
sheep 0.520867 95.57 57.31 114.69 78.80
sheep 0.520828 61.06 107.24 80.58 132.95
bottle 0.520765 32.97 0.00 70.31 25.16
sheep 0.520749 71.92 106.83 89.57 131.37
aeroplane 0.520708 127.91 119.69 150.52 168.39
aeroplane 0.520699 182.05 92.01 211.88 154.60
car 0.520687 182.18 65.90 207.92 104.54
bottle 0.520686 126.04 97.50 215.19 210.53
aeroplane 0.520678 190.03 0.00 221.45 41.11
bottle 0.520615 8.76 112.13 42.89 153.45
bottle 0.520516 98.73 6.78 134.79 48.84
bottle 0.520516 25.92 0.00 58.01 28.85
bottle 0.520492 1.81 0.00 24.53 45.63
sheep 0.520480 83.05 99.10 97.58 122.22
bottle 0.520458 18.60 34.84 40.03 75.44
bottle 0.520431 42.58 124.06 61.39 160.01
cow 0.520407 126.26 73.00 141.25 92.96
bottle 0.520353 0.00 60.29 13.25 110.31
aeroplane 0.520351 156.46 89.34 185.35 139.71
bottle 0.520328 86.22 211.19 125.70 224.00
bottle 0.520318 7.43 0.00 34.20 22.99
sheep 0.520241 72.73 101.29 90.32 124.38
bottle 0.520218 40.08 40.24 66.86 73.63
bottle 0.520211 19.07 0.00 35.65 49.63
sheep 0.520172 211.10 81.74 224.00 148.02
sheep 0.520073 151.45 112.72 175.37 168.86
aeroplane 0.520056 73.31 38.47 98.62 64.59
sheep 0.520028 81.84 105.89 96.70 129.45
boat 0.520013 168.02 10.70 212.06 66.39
aeroplane 0.519976 70.08 8.32 113.44 49.75
boat 0.519966 28.01 0.00 54.66 41.67
car 0.519920 66.28 0.00 113.62 25.08
bottle 0.519911 17.02 63.61 43.79 109.94
sheep 0.519867 63.35 118.45 79.98 145.62
tvmonitor 0.519830 109.02 1.51 208.07 113.96
motorbike 0.519809 140.88 107.05 165.33 154.62
car 0.519784 173.50 33.45 205.41 77.90
sheep 0.519758 74.11 119.01 88.21 143.62
bottle 0.519754 43.71 65.84 61.66 101.44
cow 0.519713 149.89 99.95 174.24 150.40
sheep 0.519692 155.76 159.60 193.14 203.90
sheep 0.519689 84.35 119.63 97.26 142.54
sheep 0.519648 54.07 61.16 74.53 89.16
bottle 0.519645 36.59 99.71 59.58 136.46
bottle 0.519636 21.83 0.00 51.81 17.92
sheep 0.519615 51.51 68.68 73.63 99.85
bottle 0.519608 55.55 55.03 74.57 81.35
sheep 0.519598 20.57 149.35 44.89 171.80
person 0.519550 0.00 185.67 13.55 216.10
bottle 0.519535 22.37 0.00 44.16 45.08
sheep 0.519531 125.91 157.70 142.24 200.54
sheep 0.519490 2.96 187.50 38.80 211.50
bird 0.519485 0.00 105.94 36.82 149.94
sheep 0.519482 94.93 141.79 106.70 165.16
car 0.519448 160.69 60.91 199.35 98.61
bottle 0.519439 216.11 198.66 224.00 224.00
car 0.519410 43.57 0.00 82.87 17.73
sheep 0.519376 83.07 112.34 97.02 135.45
bottle 0.519342 101.39 176.40 194.76 224.00
sheep 0.519317 93.32 128.21 105.84 149.52
bottle 0.519301 177.97 138.57 224.00 224.00
cow 0.519287 102.80 67.06 120.55 87.30
sofa 0.519271 73.42 0.00 203.97 95.52
sheep 0.519262 92.85 120.48 105.50 141.91
aeroplane 0.519217 113.97 66.56 130.14 86.11
person 0.519209 102.32 73.75 120.10 94.23
dog 0.519195 204.19 116.08 224.00 187.90
sheep 0.519180 125.53 170.46 141.07 207.24
sheep 0.519162 44.86 80.17 67.19 115.45
sheep 0.519103 90.76 99.70 103.95 120.12
bottle 0.519098 37.85 0.00 66.96 36.45
bottle 0.519084 220.00 171.88 224.00 219.05
sheep 0.519060 94.39 135.08 106.24 156.89
dog 0.519017 126.52 146.17 143.92 192.67
sheep 0.518956 90.93 106.71 103.72 127.05
bottle 0.518856 15.16 134.20 51.92 168.24
bus 0.518836 198.09 11.26 220.30 71.17
bottle 0.518793 132.98 118.65 155.21 167.85
sheep 0.518782 129.70 144.92 148.84 194.52
bottle 0.518770 15.72 0.00 43.95 20.13
bottle 0.518734 46.96 41.27 70.62 70.17
bottle 0.518732 46.35 57.35 63.52 86.98
sheep 0.518728 59.71 102.06 79.25 126.45
sheep 0.518692 142.96 116.06 164.36 166.38
aeroplane 0.518691 109.04 32.38 133.19 62.09
cow 0.518675 125.49 66.25 140.88 85.12
bottle 0.518603 94.76 19.40 127.67 54.91
cow 0.518594 117.27 79.43 133.54 103.17
sheep 0.518593 126.30 188.04 143.13 222.76
sheep 0.518584 91.36 87.92 106.52 111.73
sheep 0.518565 84.40 127.53 97.25 150.33
car 0.518548 186.11 52.95 211.24 97.44
dog 0.518529 125.75 122.94 145.31 167.97
sheep 0.518508 94.81 147.80 106.98 173.45
sheep 0.518489 92.25 113.27 104.65 133.98
motorbike 0.518437 136.80 99.14 159.21 138.64
sheep 0.518405 128.44 126.99 148.83 173.76
sheep 0.518377 92.95 45.78 115.94 70.03
aeroplane 0.518332 161.99 80.82 194.55 121.73
bottle 0.518329 54.73 0.00 94.41 23.58
bird 0.518294 4.67 113.56 48.01 156.74
bottle 0.518286 150.25 166.42 174.95 208.76
sheep 0.518284 75.30 48.52 95.73 70.40
bottle 0.518282 55.00 48.85 74.67 74.49
bottle 0.518268 79.20 20.07 121.37 55.51
motorbike 0.518218 127.15 78.99 142.72 103.07
car 0.518211 53.71 0.00 93.38 19.15
bottle 0.518108 24.31 53.34 44.69 91.59
motorbike 0.518094 158.62 82.11 186.72 121.25
bottle 0.518093 16.31 52.78 37.72 91.03
bottle 0.518053 43.42 0.00 82.93 23.26
aeroplane 0.517979 126.24 129.47 143.99 173.12
cow 0.517822 198.15 78.91 217.12 130.90
sheep 0.517769 86.01 87.67 101.46 112.86
sheep 0.517712 150.38 162.91 175.05 206.07
bottle 0.517698 10.33 0.00 30.74 42.13
bird 0.517695 0.00 90.55 29.21 137.65
sheep 0.517694 93.08 77.36 109.63 101.71
person 0.517666 0.00 146.89 14.77 186.16
motorbike 0.517655 127.61 87.34 146.20 116.15
motorbike 0.517625 133.73 93.26 154.66 127.48
sheep 0.517567 86.11 142.17 98.58 165.21
bottle 0.517559 28.16 47.06 46.46 77.39
bottle 0.517519 0.00 76.76 19.93 126.25
motorbike 0.517487 135.39 84.18 153.62 111.02
bottle 0.517378 45.76 51.30 64.74 77.82
sheep 0.517355 84.80 135.37 97.63 157.74
bottle 0.517329 31.17 64.77 53.19 105.48
sheep 0.517321 42.01 92.53 66.39 125.93
bottle 0.517308 19.95 46.29 38.47 77.37
motorbike 0.517247 143.93 98.04 164.61 136.01
sheep 0.517210 118.41 183.11 134.11 210.79
sheep 0.517202 10.06 188.09 50.43 209.75
aeroplane 0.517121 87.95 34.13 118.17 61.77
aeroplane 0.517072 169.92 87.68 203.85 141.72
sheep 0.517064 153.12 123.23 178.66 177.20
aeroplane 0.517031 150.82 93.65 174.45 137.04
sheep 0.517019 77.21 56.93 96.20 76.94
bottle 0.516935 137.33 0.00 162.08 26.62
sheep 0.516863 97.70 107.63 109.93 126.19
person 0.516844 0.00 157.54 12.82 194.95
person 0.516825 0.00 171.89 11.34 207.19
dog 0.516785 95.25 154.12 107.27 182.20
dog 0.516763 118.77 189.60 135.20 221.60
bottle 0.516734 36.50 54.86 55.41 88.87
aeroplane 0.516683 33.28 20.00 62.33 66.45
dog 0.516640 101.68 183.31 117.32 209.88
bottle 0.516596 16.90 0.00 39.52 36.48
dog 0.516580 161.78 6.97 204.63 49.52
aeroplane 0.516559 61.00 0.00 90.21 28.62
sheep 0.516538 99.64 163.26 114.09 193.01
bottle 0.516456 156.38 165.72 196.81 220.01
sheep 0.516454 78.57 63.77 96.88 84.42
sheep 0.516447 49.17 93.06 71.62 121.65
sheep 0.516419 50.08 81.08 72.29 112.68
boat 0.516385 49.61 0.00 78.55 31.05
motorbike 0.516327 136.92 71.77 155.91 90.30
bottle 0.516320 37.79 48.67 57.13 77.71
motorbike 0.516241 178.89 74.40 206.89 110.67
sheep 0.516204 96.55 100.52 109.99 118.83
sheep 0.516201 87.12 147.60 99.07 172.56
sheep 0.516169 118.30 173.86 135.47 206.00
dog 0.516165 99.56 154.51 112.59 182.63
sheep 0.516147 129.83 167.43 145.64 207.20
sheep 0.516142 100.66 174.72 116.27 203.11
bottle 0.516107 42.39 33.41 68.46 66.38
cow 0.516056 95.44 79.08 112.17 101.19
sheep 0.516042 74.89 92.14 92.40 115.34
person 0.516025 211.88 66.79 224.00 122.50
motorbike 0.515991 164.80 76.59 198.11 107.82
sheep 0.515987 112.75 57.43 129.61 78.46
dog 0.515964 95.56 162.82 107.66 192.38
sheep 0.515962 124.85 56.94 141.32 77.81
sheep 0.515921 133.98 126.96 154.43 174.41
sheep 0.515899 99.93 148.05 111.76 173.93
sheep 0.515870 102.89 57.80 120.92 79.40
sheep 0.515859 199.61 124.64 224.00 195.22
sheep 0.515839 34.63 195.54 77.16 224.00
sheep 0.515806 71.53 127.98 86.28 153.36
cow 0.515783 135.99 66.44 155.80 84.62
aeroplane 0.515753 115.20 31.00 141.18 61.97
motorbike 0.515701 128.75 95.94 150.74 129.24
sheep 0.515691 100.23 128.31 111.87 149.85
dog 0.515671 100.57 190.32 119.88 224.00
sheep 0.515656 137.11 147.11 156.26 197.44
cow 0.515631 119.03 88.00 138.85 114.44
sheep 0.515619 100.63 135.00 111.53 157.22
bottle 0.515613 131.01 185.27 148.18 221.77
bottle 0.515586 37.10 80.39 59.15 119.10
sheep 0.515569 100.08 32.99 125.87 61.59
sheep 0.515543 100.62 141.61 111.48 165.51
sheep 0.515511 118.94 160.36 136.44 198.03
sheep 0.515494 153.86 137.31 184.78 190.48
sheep 0.515452 99.54 113.92 110.92 134.03
motorbike 0.515449 148.04 45.87 196.31 84.40
dog 0.515404 119.99 148.89 138.14 188.17
sheep 0.515399 108.39 184.99 123.91 209.03
bottle 0.515387 212.00 76.18 224.00 135.91
cow 0.515369 101.90 79.08 119.50 101.18
sheep 0.515353 102.57 8.21 138.13 47.96
motorbike 0.515299 137.04 76.48 154.91 98.07
bottle 0.515297 28.97 119.73 54.16 156.88
sheep 0.515257 100.35 120.80 111.94 142.23
sheep 0.515226 62.31 50.15 80.98 73.05
bottle 0.515222 149.63 0.00 182.43 34.53
sheep 0.515191 147.78 149.94 172.08 199.15
sheep 0.515182 111.84 44.21 131.23 70.08
sheep 0.515176 78.96 70.50 96.98 93.66
car 0.515176 165.26 48.05 202.61 90.67
sheep 0.515136 95.17 87.97 110.81 110.69
bottle 0.515121 148.78 176.85 175.15 220.21
motorbike 0.515112 146.09 68.78 180.37 90.61
bottle 0.515107 139.55 171.09 155.24 210.10
sheep 0.515079 61.92 56.83 79.09 79.76
person 0.515044 192.27 41.59 214.38 86.44
dog 0.515034 93.52 182.38 109.62 209.68
aeroplane 0.515031 62.33 42.26 85.32 67.25
dog 0.514997 94.73 173.76 108.67 203.03
bottle 0.514958 120.25 201.84 146.55 224.00
motorbike 0.514949 140.38 90.52 160.94 122.38
sheep 0.514890 5.77 174.30 41.23 203.36
sheep 0.514878 139.17 164.50 155.24 207.32
motorbike 0.514863 149.57 78.41 174.80 104.73
dog 0.514862 108.08 191.09 125.43 221.43
cow 0.514778 109.66 106.57 122.70 126.93
aeroplane 0.514769 81.84 91.97 206.10 214.94
dog 0.514757 120.52 139.39 140.11 177.64
sheep 0.514751 69.04 143.69 86.99 168.94
cow 0.514731 108.25 99.70 121.55 119.00
sheep 0.514705 33.33 93.00 59.08 130.93
motorbike 0.514698 143.84 79.79 166.57 105.83
sheep 0.514651 59.93 63.24 78.46 87.23
sheep 0.514642 102.33 45.15 123.39 70.13
dog 0.514637 92.49 190.55 112.95 224.00
sheep 0.514632 88.96 76.36 105.85 101.92
bottle 0.514612 112.53 0.00 147.33 24.74
bottle 0.514592 125.11 139.69 209.35 224.00
dog 0.514552 154.87 1.58 188.08 39.25
sheep 0.514539 135.18 136.57 154.86 186.88
aeroplane 0.514534 68.00 0.15 102.52 36.43
dog 0.514528 121.50 132.59 143.49 168.75
aeroplane 0.514503 37.20 0.99 63.03 51.07
bottle 0.514492 139.46 182.02 157.73 220.64
sheep 0.514454 69.26 137.13 85.89 162.08
person 0.514442 145.33 63.74 183.54 86.81
sheep 0.514305 59.03 128.60 77.13 157.75
sheep 0.514258 59.37 94.89 78.16 118.87
person 0.514251 86.78 142.05 186.85 224.00
sheep 0.514246 9.12 149.17 42.26 177.78
bottle 0.514246 139.52 198.15 175.65 224.00
aeroplane 0.514212 121.25 43.22 141.88 70.35
sheep 0.514198 34.45 161.50 79.90 189.82
sheep 0.514179 58.75 71.04 78.13 97.70
aeroplane 0.514172 124.12 34.57 152.15 64.93
cow 0.514160 104.63 87.28 120.30 110.60
sheep 0.514082 41.33 186.41 80.85 214.47
sheep 0.514078 32.14 154.70 66.22 176.70
aeroplane 0.514011 117.22 22.82 148.62 55.15
sheep 0.513847 45.34 198.19 85.88 224.00
sheep 0.513821 146.12 137.75 168.21 187.87
sheep 0.513780 107.25 175.83 124.10 203.78
cow 0.513765 120.85 98.71 145.68 124.54
sheep 0.513738 7.94 159.66 42.45 188.36
aeroplane 0.513733 178.27 80.45 208.47 125.85
sheep 0.513669 64.77 190.43 92.03 218.44
bottle 0.513657 146.23 9.32 165.83 39.95
dog 0.513635 150.65 34.11 200.47 75.39
bottle 0.513588 149.98 191.30 192.75 224.00
motorbike 0.513585 146.21 72.61 174.45 95.47
sheep 0.513556 135.61 58.93 155.61 79.54
sheep 0.513527 86.61 153.31 98.71 181.17
aeroplane 0.513513 62.34 31.45 91.84 60.52
sheep 0.513493 77.71 80.18 95.11 104.72
aeroplane 0.513483 81.14 192.32 102.65 221.24
sheep 0.513476 46.99 147.45 76.00 174.86
bottle 0.513426 132.49 200.24 162.50 224.00
dog 0.513421 110.33 133.26 121.93 158.83
bottle 0.513316 50.74 33.69 73.98 63.28
motorbike 0.513310 153.84 84.85 178.27 119.21
motorbike 0.513261 147.28 88.42 167.47 119.08
aeroplane 0.513255 65.08 13.34 98.48 49.87
dog 0.513201 110.54 127.36 123.45 152.64
dog 0.513181 122.69 121.99 152.28 158.66
sheep 0.513124 80.24 184.51 99.11 208.54
sheep 0.513106 23.35 154.54 50.54 175.41
bottle 0.513087 196.00 134.11 224.00 200.35
cow 0.513052 122.83 104.47 152.34 133.51
dog 0.513048 109.72 139.13 120.46 165.97
dog 0.512873 108.62 145.45 120.29 174.30
sheep 0.512838 106.95 162.69 123.05 194.69
sheep 0.512791 68.07 148.43 87.62 175.83
sheep 0.512728 59.16 82.65 78.19 109.73
cow 0.512718 110.61 112.85 123.21 135.93
sheep 0.512716 113.37 12.25 144.85 47.80
aeroplane 0.512708 42.33 20.08 67.95 59.46
bottle 0.512698 24.69 81.32 50.49 123.21
sheep 0.512643 51.97 140.20 76.00 168.27
dog 0.512624 130.86 47.22 154.42 73.63
sheep 0.512571 36.69 179.59 77.98 208.14
dog 0.512569 107.87 152.85 121.64 183.77
sheep 0.512550 12.82 176.39 51.48 203.38
dog 0.512524 145.94 16.39 173.55 49.84
sheep 0.512428 62.90 202.67 96.77 224.00
dog 0.512374 145.92 26.25 182.70 60.10
dog 0.512288 112.38 202.29 138.93 224.00
dog 0.512228 110.89 120.04 123.73 144.99
dog 0.512135 156.00 10.11 192.55 45.41
cow 0.512060 123.13 115.50 154.67 151.34
sheep 0.512034 60.74 182.99 88.40 208.78
dog 0.511977 91.08 203.86 122.85 224.00
bottle 0.511963 20.83 94.00 50.76 135.01
sheep 0.511821 84.51 162.16 98.13 191.66
aeroplane 0.511679 48.51 0.53 72.88 43.93
dog 0.511513 146.15 37.04 187.67 70.76
sheep 0.511491 81.41 174.79 98.08 202.47
aeroplane 0.511447 53.52 17.43 77.95 53.22
cow 0.511334 145.69 57.22 185.86 83.71
dog 0.511295 73.72 205.18 107.38 224.00
bottle 0.511294 205.79 202.37 224.00 224.00
bottle 0.511026 202.87 156.20 224.00 209.15
sheep 0.510812 22.84 163.95 59.62 188.99
bottle 0.510758 166.19 194.33 205.75 224.00
bottle 0.510444 187.77 202.41 217.36 224.00
bottle 0.510353 210.36 183.88 224.00 223.24
dog 0.510338 146.09 47.97 187.48 79.38
bottle 0.510107 167.09 169.62 207.25 217.85
bottle 0.509954 180.54 176.85 213.37 219.72
bottle 0.509540 207.47 167.27 224.00 213.62
sheep 0.509255 63.18 153.71 86.46 183.99
bottle 0.509044 175.38 198.67 211.79 224.00
sheep 0.508721 58.47 173.49 86.14 203.20
sheep 0.507661 59.26 161.34 85.48 193.55
