person 0.625633 29.01 52.63 186.58 210.02
person 0.610908 12.32 25.57 208.32 178.21
bus 0.607615 27.86 53.60 206.52 178.39
person 0.606707 85.47 54.78 186.50 148.27
car 0.606691 42.47 53.25 201.61 169.43
person 0.603396 30.75 63.03 133.11 194.03
person 0.579760 77.34 48.57 162.13 136.20
bus 0.578184 138.39 89.63 223.28 173.97
bus 0.576798 92.07 65.77 207.09 156.35
car 0.576535 134.10 91.47 224.00 174.34
sofa 0.574042 87.32 69.11 185.21 158.09
person 0.570009 55.63 78.84 118.77 171.31
person 0.569296 99.46 72.42 182.15 161.09
person 0.559965 62.63 93.11 100.81 189.11
train 0.558517 93.02 84.40 177.48 170.07
car 0.558486 99.84 87.23 175.49 174.16
person 0.558465 65.84 68.91 140.83 156.79
car 0.557939 34.39 70.64 159.92 184.64
person 0.553564 47.66 82.06 78.73 173.88
bus 0.550261 116.00 80.73 212.26 165.26
car 0.550066 219.44 22.50 223.39 91.17
horse 0.550035 62.96 110.65 91.49 201.60
car 0.547342 60.88 81.85 187.64 181.81
person 0.547074 47.98 79.47 97.68 171.71
bus 0.545531 60.95 56.25 194.81 143.74
car 0.545325 86.17 52.05 187.37 127.09
person 0.545053 56.34 98.66 84.87 197.73
person 0.544738 71.68 93.32 127.09 184.66
person 0.543280 84.06 75.84 160.34 165.24
horse 0.542749 102.18 135.53 157.68 206.56
car 0.541856 147.11 73.33 212.90 158.64
cow 0.541786 0.00 64.51 37.57 187.61
person 0.541754 51.07 93.49 69.99 186.16
person 0.541574 70.74 116.48 103.84 196.29
car 0.541550 186.88 101.33 224.00 174.28
car 0.541306 98.59 110.84 166.37 189.63
car 0.541108 112.91 51.67 210.80 149.35
car 0.540910 0.00 48.60 149.58 187.55
person 0.540610 64.86 116.43 90.06 202.20
person 0.540223 56.08 66.86 201.19 164.42
person 0.540037 47.08 82.90 67.12 171.81
car 0.539961 219.23 21.47 221.92 88.03
bus 0.539482 101.80 87.31 188.28 168.01
person 0.539118 53.85 70.00 109.44 145.57
car 0.538491 149.48 142.87 198.56 201.54
car 0.538421 169.37 36.70 222.54 153.88
motorbike 0.538258 0.00 79.22 41.53 200.90
person 0.538149 65.44 61.92 127.06 129.84
sofa 0.538096 108.66 80.66 200.26 168.34
car 0.537542 132.00 37.83 206.80 116.31
person 0.537462 44.86 109.76 59.73 195.93
car 0.536792 101.51 39.01 190.26 113.22
horse 0.536432 74.27 123.24 104.56 199.54
car 0.536085 0.00 203.21 16.79 224.00
car 0.535267 219.06 47.82 224.00 100.32
motorbike 0.535119 31.30 144.86 123.26 224.00
motorbike 0.534742 99.57 160.80 197.08 224.00
car 0.534485 191.07 0.00 224.00 76.22
person 0.534481 80.20 58.52 134.45 122.06
car 0.534459 217.95 58.14 224.00 108.88
person 0.533429 35.43 118.64 50.37 200.50
car 0.533397 35.54 116.44 50.56 194.25
person 0.533244 46.74 97.38 62.45 184.68
car 0.533183 143.26 111.44 209.49 188.57
person 0.533139 207.63 206.29 224.00 224.00
car 0.533012 0.00 207.52 25.33 224.00
person 0.532818 60.32 64.07 105.72 127.59
person 0.532691 50.51 112.54 67.71 200.65
dog 0.532589 0.00 41.53 8.06 97.74
person 0.532545 50.60 70.34 88.67 143.08
car 0.532539 209.59 20.75 219.22 94.80
car 0.532355 0.00 140.53 8.29 184.92
cow 0.532122 0.00 47.11 32.38 153.47
car 0.531931 166.05 101.00 224.00 180.24
car 0.531853 151.43 50.18 206.85 123.65
person 0.531771 137.46 101.63 211.73 177.18
person 0.531740 166.37 158.28 224.00 224.00
motorbike 0.531617 17.58 74.92 100.33 211.23
car 0.531564 215.66 64.00 224.00 120.64
car 0.531534 0.00 178.30 9.12 214.70
car 0.531432 180.27 15.58 222.77 131.78
car 0.531411 29.16 126.86 43.58 194.56
car 0.531320 121.40 22.70 191.12 100.72
dog 0.531307 47.59 67.12 71.21 144.03
sheep 0.531201 37.23 77.85 58.10 162.03
car 0.530938 193.17 22.57 211.15 96.38
person 0.530739 37.32 85.15 56.31 166.84
cow 0.530692 13.08 70.29 87.87 205.12
car 0.530669 0.00 0.00 44.94 43.58
horse 0.530309 80.95 121.86 121.17 194.64
person 0.530305 36.73 106.27 118.63 217.23
dog 0.530065 36.80 71.61 58.39 152.90
person 0.529873 75.40 92.96 191.14 178.98
motorbike 0.529843 161.96 207.68 197.75 224.00
car 0.529445 213.47 69.29 224.00 133.92
sheep 0.529365 1.21 47.52 17.17 97.81
car 0.529316 220.00 18.86 221.35 78.13
car 0.529274 210.60 0.00 224.00 20.10
car 0.529266 71.89 127.77 94.60 202.59
diningtable 0.529052 132.22 208.50 180.55 224.00
tvmonitor 0.528957 118.53 70.16 200.98 154.21
car 0.528919 0.00 161.05 8.49 203.42
person 0.528784 0.00 75.71 8.75 139.03
motorbike 0.528661 140.37 207.60 184.76 224.00
person 0.528595 90.84 60.73 176.32 126.57
person 0.528535 41.93 121.94 57.26 205.76
motorbike 0.528495 0.00 160.98 45.68 224.00
car 0.528482 119.09 156.02 210.20 224.00
car 0.528463 80.04 109.25 179.74 199.57
diningtable 0.528311 170.95 208.42 207.06 224.00
horse 0.528306 148.83 149.93 195.41 201.79
dog 0.528278 0.00 0.00 19.27 24.33
person 0.528255 96.81 211.17 132.52 224.00
car 0.528050 172.85 24.44 202.98 98.52
car 0.528003 36.34 95.48 53.91 172.04
car 0.527981 197.95 109.42 224.00 180.67
car 0.527776 86.56 31.34 214.82 179.57
person 0.527683 87.88 210.83 123.35 224.00
person 0.527578 104.51 211.45 143.57 224.00
car 0.527487 146.77 17.23 192.84 92.74
diningtable 0.527376 179.21 209.55 215.40 224.00
car 0.527267 209.24 78.40 224.00 149.69
dog 0.527251 47.86 57.36 66.72 110.62
car 0.527227 187.86 209.62 223.89 224.00
car 0.527101 7.07 0.00 81.35 39.25
horse 0.527051 88.31 137.03 117.09 202.00
sheep 0.526938 0.00 74.99 17.64 137.15
horse 0.526927 95.98 120.39 149.05 192.58
horse 0.526888 100.42 141.43 138.91 203.79
motorbike 0.526651 0.00 157.80 76.71 224.00
person 0.526451 35.06 149.90 50.36 213.80
car 0.526442 52.12 69.28 197.23 222.14
car 0.526401 202.01 90.89 224.00 162.90
dog 0.526362 27.80 80.73 47.39 151.70
car 0.526360 42.57 0.00 114.00 45.45
motorbike 0.526355 116.09 210.30 165.70 224.00
car 0.526068 22.72 135.19 37.30 187.96
car 0.525964 152.28 30.54 201.02 105.84
motorbike 0.525885 58.91 150.75 153.90 224.00
car 0.525827 0.00 194.05 12.22 224.00
car 0.525773 158.44 53.39 202.80 108.30
motorbike 0.525745 2.95 211.14 37.00 224.00
person 0.525536 71.52 211.01 113.23 224.00
person 0.525491 100.70 142.27 131.14 205.69
car 0.525441 155.88 0.00 189.27 18.05
person 0.525427 58.82 0.00 184.35 161.25
car 0.525318 217.43 153.75 224.00 202.69
car 0.525251 0.00 0.00 129.78 163.19
car 0.525103 216.90 187.30 224.00 222.75
person 0.524992 94.05 137.48 185.89 224.00
car 0.524987 88.66 125.94 158.38 195.90
horse 0.524973 142.18 170.47 184.08 213.57
car 0.524949 103.93 136.86 197.48 224.00
car 0.524926 220.00 12.71 222.15 60.15
person 0.524812 70.75 58.51 121.77 112.68
car 0.524760 217.69 175.63 224.00 213.47
car 0.524704 213.49 138.89 224.00 196.59
car 0.524680 118.05 0.00 156.04 18.16
dog 0.524556 0.00 16.05 7.50 64.42
car 0.524547 27.98 142.25 42.53 205.49
person 0.524538 0.00 124.67 7.79 172.26
sheep 0.524535 0.44 36.57 16.69 80.09
person 0.524481 83.36 49.53 124.63 105.99
person 0.524462 0.00 57.42 8.61 118.22
dog 0.524407 9.26 50.14 25.20 95.78
person 0.524402 60.09 62.14 92.97 108.69
person 0.524262 42.86 161.91 58.02 219.05
person 0.524023 91.53 113.95 189.44 197.78
horse 0.523947 112.16 154.52 170.89 209.08
horse 0.523860 132.32 195.63 178.09 224.00
car 0.523851 136.62 0.00 198.48 61.34
person 0.523851 54.64 212.08 101.38 224.00
cow 0.523846 7.69 55.85 69.20 168.12
dog 0.523704 5.92 72.55 26.11 134.40
car 0.523660 206.80 122.97 224.00 188.67
car 0.523543 28.49 90.92 47.07 157.02
person 0.523512 32.08 211.12 70.92 224.00
car 0.523436 203.74 36.46 217.80 98.16
car 0.523331 139.51 20.62 183.71 81.68
car 0.523302 168.57 0.00 216.07 72.64
dog 0.523111 35.85 57.10 55.27 123.64
motorbike 0.522953 36.87 174.39 55.70 224.00
car 0.522914 212.06 200.26 224.00 224.00
dog 0.522772 15.36 72.99 34.85 135.61
car 0.522715 181.80 41.18 207.18 101.14
car 0.522537 76.96 48.69 119.83 102.34
person 0.522506 105.39 0.00 224.00 170.57
person 0.522501 66.82 58.53 100.78 103.84
motorbike 0.522465 10.38 211.73 47.26 224.00
car 0.522444 220.00 1.94 223.63 42.40
car 0.522355 111.93 0.00 178.34 47.00
car 0.522309 77.37 35.63 111.00 87.68
car 0.522267 0.00 145.56 13.83 181.02
dog 0.522138 68.82 145.60 89.88 206.34
sheep 0.521989 0.00 21.58 15.85 59.50
dog 0.521982 48.22 51.71 66.88 92.07
car 0.521971 0.00 187.45 15.83 213.82
person 0.521957 43.52 176.28 62.14 224.00
diningtable 0.521953 139.75 192.68 180.64 224.00
dog 0.521919 35.87 54.63 53.11 100.19
horse 0.521908 138.37 161.23 189.89 205.49
car 0.521902 28.60 166.54 44.05 212.99
person 0.521896 0.00 95.86 8.66 150.98
car 0.521863 27.62 118.30 44.97 177.16
horse 0.521847 109.39 146.69 149.87 214.09
dog 0.521720 54.84 60.96 86.55 107.36
car 0.521650 162.00 129.56 224.00 224.00
person 0.521583 60.99 129.69 80.06 204.37
person 0.521547 18.10 211.04 56.34 224.00
car 0.521509 172.65 0.00 202.55 16.80
car 0.521433 198.95 49.62 217.38 99.51
car 0.521331 74.39 145.90 96.94 207.30
car 0.521296 62.52 59.69 92.50 99.75
car 0.521168 71.24 0.00 142.11 39.88
dog 0.521150 0.00 0.00 31.10 102.86
person 0.521142 51.62 120.45 140.81 216.72
dog 0.520955 15.83 55.33 32.22 95.01
car 0.520943 177.65 144.18 214.43 197.23
dog 0.520938 0.00 0.00 13.85 31.67
car 0.520875 164.39 17.01 197.19 83.90
sheep 0.520814 0.00 0.00 9.03 42.79
car 0.520788 19.99 164.14 36.28 205.31
motorbike 0.520768 141.86 168.00 184.21 211.29
sheep 0.520745 0.00 57.04 17.49 112.96
car 0.520729 137.80 0.00 176.01 18.05
horse 0.520576 87.60 186.54 111.00 224.00
sheep 0.520534 0.00 14.37 15.50 48.70
horse 0.520490 117.17 172.10 171.19 222.86
horse 0.520420 101.04 147.49 124.19 208.76
car 0.520394 106.71 0.00 148.28 15.64
car 0.520315 72.79 0.00 110.47 18.35
car 0.520242 57.95 0.00 95.98 18.24
car 0.520237 13.05 143.41 27.02 180.01
car 0.520211 92.12 0.00 161.92 42.82
car 0.520142 182.88 0.00 209.66 16.32
car 0.520000 0.00 174.84 12.36 205.52
car 0.519951 191.98 0.00 217.21 15.97
car 0.519915 200.99 0.00 223.60 17.08
aeroplane 0.519893 28.49 178.52 47.88 221.09
car 0.519871 218.38 0.00 224.00 29.11
diningtable 0.519780 111.92 169.22 157.10 224.00
car 0.519761 181.16 20.76 204.40 84.68
horse 0.519747 90.32 166.52 110.50 215.41
car 0.519736 82.93 147.98 103.41 207.67
diningtable 0.519684 80.44 188.78 107.81 224.00
car 0.519672 78.92 23.84 106.86 74.02
car 0.519656 168.18 127.95 214.05 194.08
car 0.519632 195.96 185.82 215.18 216.18
horse 0.519509 91.94 149.73 111.40 207.94
sheep 0.519369 25.26 63.88 43.38 129.54
dog 0.519273 0.00 0.00 40.36 62.19
car 0.519265 191.82 58.21 216.88 106.55
car 0.519255 185.79 158.08 214.40 201.93
horse 0.519101 105.82 152.57 133.24 214.78
car 0.519043 83.02 168.46 106.06 214.68
car 0.519012 162.00 13.67 189.27 66.51
dog 0.519006 57.97 54.16 82.14 91.31
car 0.518990 51.37 0.00 85.38 17.72
sheep 0.518837 0.00 97.63 17.24 147.68
car 0.518805 191.61 170.86 214.21 206.08
car 0.518757 158.77 66.47 209.16 135.61
horse 0.518687 95.40 181.43 116.63 224.00
car 0.518674 67.40 47.74 95.54 90.87
person 0.518656 48.76 134.68 64.82 205.44
dog 0.518648 6.89 38.82 23.88 76.12
car 0.518588 124.78 28.82 176.90 79.53
car 0.518554 70.54 26.94 89.89 71.02
horse 0.518529 98.60 160.89 118.44 215.56
car 0.518514 25.91 0.00 61.26 16.33
dog 0.518445 46.48 46.39 65.07 83.66
car 0.518417 167.67 152.64 205.49 201.79
car 0.518362 164.09 0.00 188.20 47.32
car 0.518316 68.49 37.89 92.27 80.02
car 0.518256 62.56 49.03 86.89 87.34
car 0.518211 57.30 38.61 174.75 152.83
car 0.518151 45.83 38.65 62.78 73.60
dog 0.518105 75.33 169.34 101.03 212.75
car 0.518098 46.42 29.08 61.87 66.61
car 0.518063 205.52 188.23 221.60 218.51
dog 0.518042 9.08 24.20 23.52 54.74
car 0.517967 112.56 144.73 177.46 200.62
horse 0.517940 103.31 174.37 127.10 224.00
car 0.517934 63.94 29.05 80.76 70.21
dog 0.517906 69.01 167.86 93.04 210.44
car 0.517881 72.16 47.16 109.95 95.61
car 0.517721 56.43 48.60 77.50 84.12
dog 0.517719 19.55 92.89 37.86 148.31
car 0.517684 56.55 29.66 72.20 68.25
dog 0.517653 7.68 30.90 23.56 65.54
car 0.517594 11.73 181.59 25.50 207.04
horse 0.517556 115.12 197.32 167.13 224.00
car 0.517546 62.33 40.06 83.26 77.94
diningtable 0.517506 159.93 193.28 191.44 224.00
car 0.517483 55.73 40.24 74.22 75.30
car 0.517481 185.34 62.35 217.39 119.95
motorbike 0.517472 2.88 125.52 85.81 224.00
car 0.517459 55.30 0.00 143.78 100.21
car 0.517422 211.23 20.41 216.81 81.73
dog 0.517360 66.46 188.46 94.97 224.00
car 0.517352 118.50 0.00 200.47 115.99
dog 0.517341 24.56 58.30 39.94 103.44
car 0.517326 88.07 0.00 125.76 16.79
car 0.517310 160.89 0.00 191.42 25.71
sheep 0.517293 0.00 6.25 63.34 115.11
aeroplane 0.517281 21.50 184.27 38.74 215.75
car 0.517239 0.00 0.00 63.94 63.80
sheep 0.517218 0.00 0.00 15.88 37.08
dog 0.517214 3.65 0.00 36.02 17.10
person 0.517200 49.57 166.19 64.47 214.56
car 0.517183 154.09 170.15 187.92 210.61
car 0.517089 170.57 15.49 194.45 66.01
dog 0.517078 60.53 148.00 78.74 206.55
car 0.517062 149.89 0.00 182.63 27.10
car 0.517048 43.46 0.00 75.64 16.87
person 0.516988 48.09 182.03 67.62 224.00
car 0.516902 21.30 128.05 38.73 172.99
car 0.516891 10.67 172.72 25.60 203.39
car 0.516860 204.19 174.96 221.73 207.77
car 0.516803 11.83 188.37 27.24 213.52
car 0.516801 195.93 149.90 221.93 198.90
car 0.516677 148.52 15.37 179.94 67.67
sheep 0.516672 0.00 132.55 16.11 170.85
car 0.516564 192.70 202.71 219.25 224.00
bus 0.516534 81.77 1.47 206.92 177.30
dog 0.516526 9.98 17.39 22.98 43.22
dog 0.516466 33.16 30.56 49.32 66.50
car 0.516438 83.36 16.75 105.45 64.11
dog 0.516265 11.22 0.00 44.92 15.79
diningtable 0.516221 108.94 196.95 153.64 224.00
person 0.516198 81.31 204.07 114.17 224.00
car 0.516194 120.31 0.00 146.00 31.09
car 0.516169 183.94 200.54 210.05 224.00
dog 0.516144 9.41 94.62 27.48 144.92
person 0.516110 65.40 207.18 106.03 224.00
car 0.516098 0.00 156.08 12.00 193.12
diningtable 0.516052 172.88 196.62 200.10 224.00
car 0.516041 188.16 132.71 222.21 194.74
dog 0.516037 11.96 49.12 30.04 84.50
sheep 0.516031 0.00 115.46 16.62 157.65
person 0.515999 89.58 201.87 119.50 224.00
car 0.515961 179.07 114.00 222.81 186.40
car 0.515958 201.50 163.43 221.51 203.61
person 0.515904 97.64 199.53 128.21 224.00
dog 0.515897 56.19 185.39 79.39 224.00
car 0.515864 129.19 21.89 169.15 68.30
car 0.515829 20.51 110.61 39.03 159.24
car 0.515805 183.44 181.16 206.21 212.61
dog 0.515791 20.80 53.55 37.67 89.47
car 0.515753 172.42 3.47 193.11 44.46
dog 0.515725 31.75 39.79 48.97 74.42
car 0.515710 9.07 0.00 90.41 68.79
car 0.515701 176.01 76.02 219.51 154.09
dog 0.515642 31.94 46.78 50.26 84.83
car 0.515598 185.03 19.05 201.97 64.50
car 0.515555 201.34 203.19 223.99 224.00
car 0.515543 48.13 21.91 60.50 57.55
person 0.515505 103.73 197.81 141.24 224.00
car 0.515445 175.52 165.44 205.11 204.55
car 0.515367 159.22 158.58 195.87 203.21
dog 0.515154 35.91 23.21 49.60 57.21
person 0.515143 95.68 56.07 151.68 112.64
aeroplane 0.515121 84.07 0.00 103.75 31.65
car 0.515117 121.42 0.00 161.45 26.23
car 0.515066 58.39 21.79 70.23 58.36
car 0.515038 12.41 151.21 25.71 191.66
car 0.514977 153.68 0.00 178.41 48.21
car 0.514829 66.18 20.94 79.39 60.21
person 0.514816 29.98 197.14 60.32 224.00
car 0.514776 124.91 6.97 150.62 47.92
sheep 0.514771 0.00 0.00 22.06 26.54
car 0.514691 67.45 0.00 104.76 24.32
car 0.514567 185.92 6.97 201.21 40.28
car 0.514529 7.44 201.18 31.39 224.00
car 0.514528 11.25 133.27 28.37 170.17
car 0.514498 197.49 19.02 210.41 61.56
dog 0.514480 37.92 16.31 48.84 41.85
car 0.514470 73.56 19.47 89.31 61.16
car 0.514441 116.01 39.99 171.99 94.88
car 0.514433 168.93 175.00 195.46 209.63
car 0.514220 198.43 6.80 210.75 36.45
aeroplane 0.514182 35.93 0.00 50.53 27.26
dog 0.514164 8.87 0.00 23.25 32.36
car 0.514069 105.55 19.86 128.06 55.33
dog 0.514025 24.31 25.73 38.67 55.76
car 0.513974 120.02 8.58 142.88 43.22
dog 0.513894 15.30 26.62 29.87 54.51
car 0.513872 87.17 10.02 103.89 48.32
dog 0.513866 26.30 18.60 38.90 42.11
dog 0.513811 21.08 33.80 37.82 66.46
aeroplane 0.513798 48.96 15.51 57.98 40.89
car 0.513764 100.84 0.00 137.21 19.73
diningtable 0.513705 22.60 198.61 52.96 224.00
dog 0.513667 12.76 34.07 29.62 65.49
car 0.513649 128.47 5.97 158.80 54.41
dog 0.513632 11.36 42.78 29.38 75.52
car 0.513541 171.13 0.00 196.39 23.70
car 0.513437 26.74 0.00 121.48 80.43
dog 0.513416 10.47 113.80 28.21 155.80
car 0.513410 104.52 29.74 131.09 66.88
aeroplane 0.513339 24.15 20.04 107.54 120.96
person 0.513320 47.35 205.75 84.01 224.00
car 0.513316 108.43 9.03 126.79 40.76
car 0.513243 212.00 15.85 215.97 60.12
car 0.513228 121.58 21.45 149.99 57.50
cow 0.513206 29.93 46.07 122.54 158.07
dog 0.513206 16.86 19.66 29.58 42.27
dog 0.513202 25.17 0.00 41.55 29.08
person 0.513123 40.96 202.55 74.08 224.00
car 0.513000 59.06 15.35 67.64 40.83
car 0.512905 196.06 0.00 213.60 20.56
aeroplane 0.512793 15.88 201.02 43.28 224.00
car 0.512760 121.49 30.78 156.66 69.64
dog 0.512705 27.38 0.00 58.74 19.38
car 0.512703 67.27 14.16 77.45 42.73
car 0.512658 95.62 0.00 184.15 105.90
dog 0.512642 19.20 43.15 36.76 75.53
car 0.512571 87.46 0.00 106.32 29.96
aeroplane 0.512500 45.10 0.00 57.42 26.35
car 0.512448 75.00 12.81 88.53 44.30
car 0.512347 142.04 0.00 172.58 44.36
car 0.512308 103.18 42.64 139.66 89.23
car 0.512243 108.47 0.00 129.18 26.16
car 0.512144 212.00 4.33 217.73 37.64
dog 0.512078 18.97 0.00 51.12 20.09
car 0.511860 91.57 8.28 110.73 43.84
car 0.511852 71.08 0.00 89.04 29.16
car 0.511842 79.37 0.00 99.57 30.08
dog 0.511821 15.99 0.00 31.01 30.84
car 0.511725 83.17 11.97 99.96 45.13
aeroplane 0.511604 64.09 0.00 77.47 28.46
aeroplane 0.511433 55.55 0.00 66.84 27.10
car 0.511089 208.16 0.00 219.54 24.08
car 0.511033 40.27 31.17 149.69 133.39
car 0.510778 91.86 0.00 113.45 27.61
