sofa 0.591650 83.43 63.18 180.25 216.01
chair 0.591476 146.23 57.77 216.05 215.02
cat 0.590999 90.05 79.53 174.87 207.21
chair 0.584647 102.81 78.82 166.14 187.88
person 0.579164 105.94 79.99 169.43 186.95
chair 0.575337 157.50 137.54 224.00 224.00
tvmonitor 0.572065 24.10 62.02 83.29 99.55
person 0.569084 93.32 77.56 185.44 210.34
tvmonitor 0.568426 16.91 49.01 75.96 92.16
chair 0.566522 129.33 64.37 206.43 193.13
tvmonitor 0.566083 14.83 41.06 149.38 207.80
person 0.563947 143.39 62.06 206.29 165.03
cat 0.563375 119.05 83.28 213.58 211.86
chair 0.561835 152.45 64.35 207.05 166.55
chair 0.561503 89.11 54.05 198.65 216.78
tvmonitor 0.560788 0.00 65.86 21.37 142.35
chair 0.559951 159.80 39.53 222.79 177.54
chair 0.559837 94.50 116.78 171.52 215.84
cat 0.558631 83.98 119.37 194.88 224.00
sofa 0.557444 0.00 20.54 107.51 190.52
tvmonitor 0.555810 0.00 55.78 31.87 134.42
boat 0.553253 19.62 58.34 78.12 94.44
sheep 0.553235 89.50 93.61 165.68 199.05
cat 0.553214 27.03 60.21 175.52 209.75
chair 0.552195 112.21 73.56 171.09 155.96
sofa 0.551808 15.22 59.55 171.46 223.98
tvmonitor 0.551653 14.93 64.53 69.74 108.88
chair 0.551270 138.05 109.19 221.83 217.01
tvmonitor 0.551253 0.00 34.64 106.53 222.67
tvmonitor 0.550815 0.00 80.13 13.90 153.91
boat 0.549683 0.00 30.67 91.69 203.40
chair 0.549517 184.40 134.93 224.00 219.01
bus 0.548851 0.00 23.86 97.47 195.34
tvmonitor 0.547804 0.00 53.30 52.87 128.04
sofa 0.546915 55.21 76.42 205.46 207.37
chair 0.546613 134.03 62.64 199.39 150.36
tvmonitor 0.545631 0.00 47.95 70.64 191.64
sheep 0.545159 82.37 103.06 144.28 194.95
cat 0.544935 89.67 128.27 162.84 214.36
sheep 0.544147 106.38 153.05 178.34 221.12
boat 0.544109 153.41 42.14 219.40 86.69
boat 0.542646 30.61 53.62 80.62 88.07
chair 0.542048 114.84 133.79 171.67 220.39
cat 0.541436 87.02 154.28 159.89 224.00
chair 0.541169 149.17 145.15 202.90 221.67
cat 0.540777 123.82 124.03 219.09 224.00
pottedplant 0.540771 151.60 40.47 211.75 85.51
chair 0.540751 134.09 138.63 186.43 221.94
chair 0.540561 163.01 85.88 198.78 180.72
pottedplant 0.539690 209.29 86.17 224.00 163.98
chair 0.539312 155.62 86.87 188.77 181.45
chair 0.539045 197.86 122.81 224.00 204.03
aeroplane 0.539001 91.71 118.36 157.35 206.83
tvmonitor 0.538714 0.00 54.76 20.17 110.00
pottedplant 0.538633 201.79 27.16 223.99 95.29
chair 0.538628 208.73 92.38 224.00 170.68
tvmonitor 0.538004 0.00 98.91 11.61 175.07
chair 0.537838 126.88 55.63 152.49 82.64
chair 0.537682 132.66 79.51 183.39 176.77
chair 0.537678 174.76 115.76 220.15 209.59
chair 0.537023 160.74 121.53 210.26 215.07
bottle 0.536632 208.83 75.55 224.00 153.07
chair 0.536412 147.55 58.21 207.38 133.65
tvmonitor 0.536275 33.49 49.80 83.29 81.65
aeroplane 0.535806 80.67 112.51 135.81 191.23
chair 0.535744 0.00 165.39 33.96 224.00
chair 0.535571 166.63 89.13 214.25 183.28
chair 0.535355 120.97 54.95 144.99 82.11
sheep 0.535058 169.86 75.86 216.52 167.84
bottle 0.534756 116.72 193.13 174.64 224.00
cat 0.534502 109.94 187.96 175.14 224.00
chair 0.534299 111.85 50.17 134.19 78.93
chair 0.534190 106.61 53.60 125.41 81.00
tvmonitor 0.533966 7.63 51.53 68.82 117.14
bottle 0.533627 155.79 0.00 224.00 30.91
chair 0.533117 152.46 120.84 193.95 213.18
tvmonitor 0.533004 0.00 106.17 18.96 187.52
sheep 0.532893 152.31 62.33 208.72 150.54
tvmonitor 0.532752 0.00 121.12 12.55 192.14
chair 0.532466 166.75 0.00 224.00 57.62
tvmonitor 0.532400 0.00 82.28 44.41 204.74
aeroplane 0.532337 89.41 159.45 154.09 223.04
pottedplant 0.531800 199.97 0.00 224.00 43.00
chair 0.531786 202.28 194.84 224.00 224.00
chair 0.531696 0.00 148.62 14.42 213.71
sheep 0.531645 177.71 104.84 219.96 198.26
dog 0.531570 207.63 58.37 224.00 131.35
tvmonitor 0.531394 33.69 69.28 68.09 127.31
cat 0.531361 197.93 0.00 224.00 37.22
chair 0.531310 153.43 47.18 211.68 117.41
tvmonitor 0.531267 0.00 140.57 14.19 208.62
chair 0.531253 101.30 52.76 120.73 81.56
tvmonitor 0.531060 5.11 63.47 53.32 107.09
sheep 0.530985 148.57 47.59 209.74 113.69
bottle 0.530940 95.49 196.34 155.41 224.00
dog 0.530820 160.75 41.67 215.96 86.64
chair 0.530718 192.75 157.74 224.00 222.25
sofa 0.530524 82.11 98.91 224.00 224.00
bottle 0.530484 71.71 112.89 116.92 185.27
chair 0.530233 175.11 193.25 216.06 224.00
sheep 0.530119 105.39 177.66 176.17 224.00
bottle 0.529946 91.93 179.58 160.76 224.00
sheep 0.529829 78.01 101.30 123.23 172.74
bottle 0.529811 206.94 46.86 224.00 117.36
bottle 0.529595 145.44 201.91 185.37 224.00
bus 0.529578 0.90 64.14 139.04 216.62
tvmonitor 0.529559 0.00 164.33 15.29 219.31
tvmonitor 0.529556 0.00 111.09 33.11 222.19
bottle 0.529434 52.81 117.72 82.40 184.91
tvmonitor 0.529405 5.06 147.38 24.32 213.56
bottle 0.529292 85.79 204.97 137.02 224.00
chair 0.529112 169.74 167.62 214.94 224.00
tvmonitor 0.529033 39.88 210.21 78.65 224.00
chair 0.528997 120.01 67.97 182.60 135.98
chair 0.528974 92.30 49.84 116.67 79.08
tvmonitor 0.528942 40.30 82.55 65.84 132.98
chair 0.528928 132.09 95.78 172.90 188.53
tvmonitor 0.528892 3.44 96.97 24.50 180.96
tvmonitor 0.528803 8.01 107.10 26.70 188.95
sheep 0.528758 193.69 82.17 224.00 166.09
bottle 0.528679 46.02 210.31 85.44 224.00
sheep 0.528572 147.32 38.49 215.22 94.46
chair 0.528467 133.17 119.24 177.43 211.59
chair 0.528324 94.64 88.02 148.08 168.79
sheep 0.528248 88.24 93.91 131.06 165.06
car 0.528052 161.42 41.75 217.43 89.87
tvmonitor 0.527971 6.15 202.59 33.44 224.00
tvmonitor 0.527930 0.00 199.67 27.79 224.00
bottle 0.527921 62.06 115.49 93.56 184.02
chair 0.527767 103.24 62.92 192.24 172.04
boat 0.527698 0.00 39.90 67.70 147.39
chair 0.527696 113.14 75.71 162.67 125.12
boat 0.527678 25.00 65.72 140.85 209.77
pottedplant 0.527635 164.47 0.00 221.94 27.03
person 0.527565 0.00 48.25 124.27 207.82
aeroplane 0.527524 45.56 120.01 73.12 185.70
boat 0.527500 0.00 0.00 43.26 51.91
chair 0.527341 121.42 67.12 160.17 118.18
chair 0.527294 0.00 195.60 21.29 224.00
bottle 0.527233 60.59 91.40 82.80 143.12
chair 0.527168 108.83 81.94 156.78 143.25
tvmonitor 0.527145 0.00 45.75 14.53 98.85
tvmonitor 0.527097 66.36 15.20 95.39 29.88
chair 0.527045 111.59 101.19 162.91 199.27
tvmonitor 0.526912 28.49 208.59 61.65 224.00
chair 0.526892 114.92 8.50 133.44 28.38
boat 0.526807 0.00 0.00 20.81 21.39
bottle 0.526721 49.91 86.18 77.33 141.29
bottle 0.526715 53.17 131.11 75.79 192.99
person 0.526659 0.00 0.00 106.30 157.97
bottle 0.526621 53.65 97.04 80.98 157.09
bottle 0.526360 86.35 188.61 142.71 224.00
tvmonitor 0.526355 22.04 206.18 52.79 224.00
bottle 0.526275 164.28 200.19 205.42 224.00
tvmonitor 0.526262 8.76 162.89 29.17 215.99
chair 0.526255 129.72 168.81 180.97 219.59
chair 0.526204 126.20 60.55 155.69 93.23
tvmonitor 0.526178 0.00 85.57 22.42 166.54
tvmonitor 0.526149 14.12 203.85 42.40 224.00
pottedplant 0.526102 204.17 4.05 224.00 75.98
aeroplane 0.525948 160.28 0.00 218.49 42.62
bottle 0.525933 72.35 208.75 116.89 224.00
bottle 0.525893 48.10 133.26 68.89 192.38
tvmonitor 0.525834 64.42 48.13 100.67 78.29
bottle 0.525500 63.45 210.07 104.84 224.00
tvmonitor 0.525498 12.00 74.57 53.40 130.99
bottle 0.525479 63.01 98.33 88.49 159.23
bottle 0.525409 60.07 127.75 83.50 192.97
chair 0.525386 198.51 177.15 224.00 224.00
tvmonitor 0.525300 2.79 173.33 23.66 219.87
cat 0.525258 72.40 14.79 101.28 30.62
sheep 0.525252 167.05 0.00 224.00 33.54
person 0.525137 96.41 0.00 224.00 171.00
bottle 0.525058 79.27 98.09 112.61 159.22
dog 0.524871 160.33 20.49 219.69 74.91
person 0.524834 27.66 64.28 165.32 207.16
tvmonitor 0.524652 38.89 120.96 63.28 186.54
chair 0.524550 185.88 191.86 224.00 224.00
tvmonitor 0.524451 31.26 121.03 55.43 188.92
aeroplane 0.524395 88.15 139.01 145.85 209.70
tvmonitor 0.524388 22.02 119.56 45.30 190.01
bottle 0.524359 166.88 0.00 222.44 21.56
tvmonitor 0.524234 57.68 14.57 84.62 29.29
tvmonitor 0.524233 47.97 89.69 72.04 141.69
chair 0.524176 145.90 10.51 217.67 130.63
bottle 0.524152 70.49 101.12 105.42 164.38
chair 0.524138 18.68 170.97 99.11 224.00
pottedplant 0.524098 177.51 28.53 220.95 92.50
boat 0.524063 27.36 0.00 96.64 36.29
person 0.524032 158.89 43.73 215.98 100.85
sheep 0.524025 191.14 108.13 224.00 197.08
chair 0.523870 111.07 0.00 140.97 20.18
tvmonitor 0.523824 10.92 137.70 29.09 207.88
tvmonitor 0.523749 14.47 113.60 34.85 189.29
cat 0.523691 40.71 134.76 61.69 193.50
tvmonitor 0.523627 59.11 20.08 89.49 39.04
chair 0.523470 134.06 0.00 214.42 44.35
chair 0.523414 108.03 75.19 136.75 113.77
chair 0.523316 119.56 6.92 138.73 27.41
chair 0.523263 147.46 165.75 190.88 219.81
chair 0.523189 106.61 43.71 128.18 76.17
boat 0.523103 13.92 0.00 77.72 42.19
boat 0.523061 0.00 20.37 54.50 122.45
chair 0.522991 104.43 83.69 139.95 136.57
bottle 0.522949 69.79 97.69 95.32 152.56
aeroplane 0.522944 39.29 109.46 65.21 176.75
bottle 0.522763 153.06 34.84 214.07 86.52
cat 0.522723 50.59 112.33 165.74 223.83
pottedplant 0.522691 177.34 0.00 224.00 41.86
sheep 0.522682 158.22 42.79 205.61 85.14
cat 0.522674 40.38 177.60 61.35 208.41
bottle 0.522599 0.00 22.94 9.12 68.87
chair 0.522562 158.19 0.00 224.00 85.74
bottle 0.522480 39.59 77.86 76.24 137.77
boat 0.522430 67.84 0.00 101.58 18.44
chair 0.522388 115.73 14.58 132.49 33.36
chair 0.522307 113.43 21.11 132.06 44.11
bottle 0.522277 71.14 130.44 102.95 197.83
sheep 0.522270 155.21 0.00 216.60 56.55
boat 0.522259 0.00 0.00 45.41 90.35
bottle 0.522231 84.27 127.39 132.32 199.11
dog 0.522201 164.96 0.00 213.66 17.97
tvmonitor 0.522092 0.00 33.12 10.12 83.65
sheep 0.522074 140.08 50.21 177.99 82.14
chair 0.522063 82.47 13.96 222.90 186.87
cat 0.522025 44.48 179.10 68.20 208.92
cat 0.521949 40.69 188.96 61.08 215.19
chair 0.521948 116.35 45.69 141.08 75.93
cat 0.521918 37.04 156.04 133.81 224.00
boat 0.521878 0.00 15.64 10.33 58.05
cat 0.521871 31.22 134.52 54.28 196.27
sheep 0.521843 166.94 56.35 212.85 131.57
chair 0.521792 114.74 57.89 140.62 85.99
cat 0.521772 65.77 0.00 99.56 21.89
chair 0.521765 101.07 43.25 122.74 75.96
tvmonitor 0.521687 41.65 97.02 66.52 155.73
person 0.521673 9.24 15.99 145.75 188.39
car 0.521525 138.33 53.73 179.30 85.38
bottle 0.521379 79.86 96.19 104.42 145.84
chair 0.521349 104.83 80.11 132.61 122.75
cat 0.521227 71.15 20.47 100.17 37.42
sheep 0.521191 81.51 13.70 108.75 29.43
chair 0.521157 107.16 62.82 127.91 94.92
bottle 0.521116 72.71 188.37 107.34 218.97
dog 0.520987 160.38 0.00 199.79 16.05
cat 0.520913 45.00 190.55 68.59 215.61
bottle 0.520912 45.50 149.34 67.48 200.87
chair 0.520865 122.74 45.60 149.19 75.15
tvmonitor 0.520863 0.00 185.85 17.49 224.00
boat 0.520857 0.00 9.47 11.61 47.56
cat 0.520838 60.03 0.00 93.69 17.84
sheep 0.520791 70.65 0.00 105.30 22.57
bottle 0.520787 80.27 184.09 126.75 222.14
chair 0.520676 109.30 20.83 126.41 43.52
chair 0.520668 49.26 0.00 127.13 35.04
chair 0.520648 103.37 62.26 120.83 92.29
sheep 0.520648 94.74 86.86 124.80 132.27
chair 0.520590 104.53 74.13 124.97 106.92
cat 0.520563 39.52 150.75 60.03 200.87
boat 0.520506 26.61 31.06 62.07 73.34
chair 0.520498 114.28 65.45 150.51 103.33
sheep 0.520399 164.34 0.00 221.00 19.92
chair 0.520358 111.33 33.95 132.22 66.11
boat 0.520358 12.26 48.87 94.36 146.81
person 0.520307 64.65 0.00 190.78 179.54
chair 0.520252 82.18 0.00 116.24 19.07
chair 0.520191 109.36 9.87 128.60 27.66
chair 0.520058 108.57 32.22 127.02 63.92
cat 0.520029 44.16 164.14 67.50 205.66
tvmonitor 0.520003 21.33 139.34 43.77 203.49
tvmonitor 0.519936 34.65 96.06 60.11 157.22
sheep 0.519925 152.95 15.53 215.24 76.70
tvmonitor 0.519920 19.77 95.94 46.26 160.99
tvmonitor 0.519911 15.64 137.45 35.11 206.35
bottle 0.519830 65.03 91.25 87.59 135.72
tvmonitor 0.519712 52.67 25.72 88.46 58.20
boat 0.519651 0.00 0.48 13.16 37.01
cat 0.519634 34.59 174.33 55.08 209.13
dog 0.519633 152.27 0.00 186.03 15.33
chair 0.519597 120.92 0.00 153.64 19.34
tvmonitor 0.519579 44.43 36.05 84.53 80.75
tvmonitor 0.519569 1.40 81.82 33.72 148.25
bottle 0.519495 0.00 26.81 20.79 66.00
chair 0.519489 110.37 15.31 127.34 33.42
tvmonitor 0.519477 6.50 92.90 31.75 165.08
chair 0.519473 96.37 55.70 115.16 84.82
tvmonitor 0.519414 23.11 92.30 126.06 205.96
bottle 0.519413 126.04 4.31 145.88 26.56
aeroplane 0.519367 9.25 29.52 82.32 129.15
boat 0.519364 12.60 30.56 41.74 63.16
chair 0.519345 0.00 149.83 51.38 224.00
boat 0.519309 0.00 0.00 29.64 16.67
tvmonitor 0.519298 9.13 191.59 29.70 224.00
tvmonitor 0.519270 18.40 84.70 49.41 140.53
chair 0.519232 93.19 0.00 125.58 19.64
bottle 0.519051 56.84 190.75 84.09 216.72
cat 0.518957 35.66 185.96 54.56 214.74
sheep 0.518952 189.59 56.44 224.00 132.44
chair 0.518925 118.53 21.77 138.50 45.33
boat 0.518893 13.08 0.00 78.56 92.03
sheep 0.518838 97.14 12.75 119.73 27.51
chair 0.518794 112.55 0.00 193.76 45.77
tvmonitor 0.518742 15.74 166.41 35.55 214.68
boat 0.518712 39.67 68.19 80.23 105.96
chair 0.518671 129.51 0.00 162.81 17.97
bottle 0.518660 119.90 0.00 149.65 22.11
bottle 0.518648 75.22 197.29 120.15 224.00
cat 0.518598 45.72 0.00 78.68 16.78
cat 0.518586 81.21 19.18 107.58 35.11
boat 0.518444 37.66 59.61 131.80 163.12
cat 0.518379 21.36 147.84 44.22 208.23
tvmonitor 0.518284 0.00 37.75 22.03 82.75
bottle 0.518253 48.47 190.95 75.94 215.49
boat 0.518223 20.86 0.00 54.47 13.84
sheep 0.518213 141.09 0.00 174.76 15.64
bottle 0.518208 79.51 91.99 99.88 133.49
boat 0.518174 13.22 28.06 87.94 125.79
chair 0.518142 116.19 35.74 139.07 67.23
chair 0.518129 101.01 38.98 187.84 144.43
tvmonitor 0.518123 28.76 128.68 134.63 224.00
chair 0.518049 101.38 21.78 120.08 44.06
chair 0.518039 120.94 13.93 138.20 32.75
boat 0.518039 27.34 22.27 56.50 58.54
tvmonitor 0.517880 8.34 55.21 48.20 96.19
chair 0.517793 122.85 35.94 148.29 66.78
bottle 0.517775 46.05 76.75 79.88 124.85
bottle 0.517702 0.00 19.92 20.90 53.96
cat 0.517696 53.88 0.00 85.50 20.91
tvmonitor 0.517647 41.67 203.50 72.05 224.00
bottle 0.517629 72.79 178.92 108.05 212.14
chair 0.517546 97.11 81.57 121.09 117.11
sheep 0.517536 135.85 0.78 154.63 26.89
tvmonitor 0.517511 33.25 22.79 65.51 62.69
chair 0.517459 66.73 0.00 146.78 46.29
bottle 0.517458 83.16 160.41 129.90 212.94
cat 0.517425 25.35 171.52 46.50 211.30
chair 0.517396 135.18 0.00 209.58 77.76
boat 0.517342 26.41 45.94 66.95 88.92
chair 0.517303 102.88 32.03 121.85 63.05
tvmonitor 0.517302 18.98 58.56 62.85 97.54
chair 0.517298 99.55 17.50 119.50 33.29
bottle 0.517270 46.98 179.23 74.64 208.73
tvmonitor 0.517260 81.30 22.48 108.38 45.29
sheep 0.517249 129.71 0.00 159.38 21.17
chair 0.517154 125.51 22.11 146.90 48.32
boat 0.517105 6.21 0.00 38.12 14.22
boat 0.517077 36.52 0.00 70.81 15.35
boat 0.517038 0.00 13.87 21.12 42.64
tvmonitor 0.516974 27.78 183.24 46.55 214.27
tvmonitor 0.516968 67.45 24.15 99.56 48.89
chair 0.516867 83.12 64.09 163.81 167.22
chair 0.516865 86.12 0.00 171.95 48.10
diningtable 0.516848 21.48 0.00 93.09 85.62
tvmonitor 0.516822 54.46 18.62 83.47 42.64
chair 0.516809 84.41 32.16 111.07 63.92
tvmonitor 0.516777 11.09 42.11 44.33 79.59
bottle 0.516743 47.17 203.63 79.67 224.00
chair 0.516734 106.24 0.00 132.36 22.88
bottle 0.516710 67.45 200.78 104.36 224.00
sheep 0.516628 145.27 179.52 184.14 224.00
boat 0.516577 13.74 23.20 37.55 50.80
chair 0.516562 98.38 74.40 116.71 100.75
chair 0.516555 97.54 63.13 114.80 90.78
boat 0.516541 22.20 22.76 49.50 53.14
chair 0.516466 128.26 45.88 156.82 76.15
boat 0.516459 29.41 16.72 51.75 42.95
aeroplane 0.516256 28.96 6.86 49.46 26.75
bottle 0.516247 46.90 162.84 73.02 205.85
boat 0.516225 20.50 44.21 58.70 83.33
bottle 0.516165 54.93 145.52 79.76 201.87
chair 0.515991 122.83 11.85 200.88 112.11
boat 0.515954 14.59 16.59 33.46 38.42
bottle 0.515918 55.36 203.27 87.47 224.00
tvmonitor 0.515895 36.73 17.00 61.56 44.55
tvmonitor 0.515725 42.84 23.28 79.17 62.55
bottle 0.515702 54.48 179.22 82.50 210.04
bottle 0.515691 127.98 13.30 145.40 33.32
boat 0.515649 23.45 16.66 44.17 39.57
boat 0.515642 0.00 3.76 22.08 31.10
bottle 0.515629 72.50 162.65 104.81 209.70
aeroplane 0.515476 37.17 7.93 59.03 26.76
tvmonitor 0.515417 17.40 193.97 37.44 224.00
dog 0.515325 165.37 9.37 212.60 47.16
tvmonitor 0.515192 62.78 32.71 99.18 66.86
sheep 0.515182 79.38 84.84 98.20 118.51
boat 0.515144 13.71 5.78 31.96 26.49
tvmonitor 0.515126 32.23 200.90 56.26 224.00
sheep 0.515021 93.06 0.00 123.19 21.80
aeroplane 0.515009 22.61 6.29 42.07 26.09
sheep 0.514977 145.23 35.52 181.97 73.56
sheep 0.514958 77.88 75.58 97.88 100.73
bottle 0.514914 62.35 83.78 85.89 122.01
diningtable 0.514805 75.94 42.21 148.79 143.57
diningtable 0.514769 130.26 36.50 159.07 68.77
boat 0.514676 59.34 73.78 87.15 103.81
tvmonitor 0.514637 47.17 17.40 75.58 43.10
boat 0.514595 53.16 59.14 88.11 91.90
sheep 0.514507 147.87 0.00 170.77 25.64
tvmonitor 0.514442 68.47 53.53 98.24 84.16
boat 0.514356 47.87 49.49 87.78 82.50
dog 0.514315 166.79 0.00 209.38 28.05
boat 0.514298 134.53 21.51 157.54 53.14
pottedplant 0.514173 177.52 5.58 221.29 78.46
tvmonitor 0.514112 25.59 197.84 48.03 224.00
diningtable 0.514027 78.80 2.98 151.38 103.49
boat 0.513980 73.32 63.09 97.98 91.29
aeroplane 0.513921 47.04 10.66 72.21 27.15
sheep 0.513849 136.99 11.44 154.13 34.44
person 0.513847 132.39 57.25 179.68 96.13
chair 0.513748 94.67 6.22 178.62 105.43
sheep 0.513699 155.69 0.00 190.73 18.03
diningtable 0.513476 41.77 21.74 124.48 112.87
diningtable 0.513102 51.02 0.00 132.95 71.07
aeroplane 0.512917 22.59 0.00 52.18 16.55
dog 0.512455 148.12 22.12 180.59 61.88
aeroplane 0.512146 30.37 0.00 60.28 16.69
boat 0.511727 16.04 0.00 44.90 16.39
sheep 0.511605 148.83 11.59 174.04 38.01
dog 0.511594 160.34 0.00 195.55 26.75
diningtable 0.511472 81.87 0.00 174.48 72.00
aeroplane 0.511286 39.38 0.00 71.25 18.15
