car 0.606025 0.00 118.66 153.42 169.17
car 0.585108 0.00 110.06 143.37 155.70
car 0.580643 146.28 102.01 216.28 127.22
car 0.574474 119.11 122.30 224.00 176.25
boat 0.569779 0.00 119.04 70.87 187.00
car 0.567290 164.39 99.43 224.00 129.33
car 0.566957 0.00 120.00 69.33 186.83
car 0.564676 6.60 112.51 178.04 185.96
car 0.562261 27.76 132.89 99.18 164.12
car 0.559668 0.00 135.31 152.48 192.73
car 0.559001 179.52 100.86 224.00 137.30
car 0.558740 192.38 93.57 224.00 123.81
car 0.558479 93.05 115.96 215.62 184.66
car 0.556069 57.67 108.91 128.24 125.14
car 0.555692 136.96 104.12 224.00 172.12
car 0.555255 3.60 126.17 91.96 175.64
car 0.553646 46.76 139.90 93.12 167.16
car 0.553594 128.92 139.57 194.61 163.63
car 0.552807 132.32 127.53 207.58 156.64
car 0.552009 62.21 104.70 124.05 121.41
car 0.551951 0.46 107.63 104.24 144.19
car 0.551811 1.08 110.48 110.82 176.90
boat 0.550998 0.00 106.32 92.39 147.80
car 0.549690 18.78 123.92 103.10 159.93
car 0.549565 81.32 113.27 209.05 162.67
car 0.548101 157.38 121.87 218.20 155.28
car 0.547014 142.34 106.27 201.61 129.20
car 0.546839 19.58 109.68 113.40 136.16
car 0.546477 140.61 109.96 220.96 144.49
car 0.546467 121.25 144.50 176.32 166.01
car 0.544382 38.81 97.34 203.71 191.82
car 0.542348 183.31 156.62 213.84 183.47
car 0.542055 197.62 89.15 224.00 117.66
car 0.541418 153.89 80.24 207.35 97.43
boat 0.541275 0.00 121.32 13.26 185.95
boat 0.541211 0.00 118.49 41.79 185.28
car 0.540494 184.01 92.00 218.52 118.29
car 0.540176 91.13 145.70 132.76 162.99
person 0.539913 68.21 210.68 95.93 224.00
car 0.539791 53.94 145.35 91.46 172.78
car 0.539576 175.17 118.77 218.46 151.34
boat 0.539433 8.02 145.93 54.93 201.31
car 0.538517 35.48 105.56 108.49 125.72
car 0.537916 154.63 73.43 202.17 91.62
car 0.537869 144.93 133.13 215.92 158.94
car 0.537696 164.99 209.07 196.62 224.00
car 0.537646 105.93 146.03 165.65 163.93
bottle 0.537595 0.00 200.19 15.32 224.00
car 0.537537 87.04 137.33 130.82 157.05
car 0.537505 187.10 164.48 211.86 188.48
car 0.537440 67.59 112.84 135.52 129.12
car 0.536941 157.86 209.41 186.94 224.00
bottle 0.536246 0.00 203.43 24.94 224.00
car 0.536211 65.76 97.35 119.95 115.26
car 0.536142 187.57 110.63 224.00 150.37
person 0.536133 76.59 210.30 104.44 224.00
aeroplane 0.536117 18.32 69.37 57.61 86.82
car 0.535894 0.04 104.09 70.36 162.69
car 0.535563 177.59 208.75 212.04 224.00
car 0.535418 103.15 206.92 149.30 224.00
car 0.535394 173.93 131.65 214.95 160.74
car 0.535387 152.48 89.24 210.44 109.49
car 0.535276 208.91 205.47 224.00 224.00
car 0.535079 207.77 163.59 224.00 190.22
boat 0.534785 12.78 160.65 52.66 205.72
car 0.534589 177.46 141.95 214.35 171.95
aeroplane 0.534587 23.49 22.55 59.63 40.01
aeroplane 0.534531 8.12 103.37 96.86 135.59
car 0.534280 148.68 208.99 178.60 224.00
car 0.534232 134.27 119.18 199.55 149.32
car 0.534194 83.20 110.87 133.41 126.04
car 0.534043 190.96 0.00 224.00 43.89
car 0.533945 5.55 151.25 57.29 201.77
car 0.533933 53.75 210.69 83.49 224.00
car 0.533834 153.51 149.35 205.81 180.89
boat 0.533623 19.24 209.23 56.47 224.00
bottle 0.533587 11.55 208.08 48.51 224.00
car 0.533523 150.64 156.02 189.89 193.08
car 0.533509 86.77 209.30 120.78 224.00
car 0.533219 138.20 110.55 200.23 136.11
car 0.533120 148.95 95.09 208.22 121.99
car 0.532939 194.27 120.29 224.00 161.28
aeroplane 0.532912 0.30 103.99 81.87 152.31
car 0.532899 163.00 158.65 202.26 191.14
boat 0.532876 0.00 135.91 9.83 198.31
boat 0.532871 0.00 98.88 13.04 161.52
car 0.532597 64.87 176.24 85.74 200.60
car 0.532535 115.05 205.19 161.99 224.00
car 0.532504 13.07 165.14 56.98 205.97
car 0.532491 205.45 156.10 224.00 185.06
car 0.532385 65.21 184.82 85.11 208.52
car 0.532343 0.00 91.47 12.80 152.40
boat 0.532224 0.00 179.10 10.65 221.03
car 0.532143 136.68 207.66 172.30 224.00
car 0.532114 64.95 192.04 85.43 216.92
car 0.531943 144.64 156.92 178.46 193.26
car 0.531914 60.75 154.31 89.37 182.21
car 0.531487 63.84 166.63 86.96 191.94
aeroplane 0.531480 18.38 74.63 61.62 92.80
boat 0.531436 0.00 85.65 11.44 145.32
car 0.531355 107.06 191.77 146.91 215.35
car 0.531007 93.97 207.37 133.69 224.00
car 0.530771 147.30 139.91 210.85 166.77
car 0.530454 139.97 145.33 195.73 179.32
car 0.530415 40.49 113.37 114.74 141.01
aeroplane 0.530385 27.79 70.97 66.92 86.68
car 0.530355 143.83 125.17 224.00 194.13
car 0.530346 141.48 173.53 167.07 202.58
car 0.530036 158.65 79.95 224.00 157.98
car 0.529904 109.68 24.76 147.45 39.59
boat 0.529896 0.00 100.37 47.10 162.00
car 0.529894 103.56 187.64 142.17 210.19
car 0.529811 129.96 109.33 171.52 128.59
car 0.529778 152.54 172.60 174.87 200.23
car 0.529639 156.04 160.89 224.00 224.00
car 0.529590 194.89 164.12 222.85 184.66
car 0.529506 209.74 169.63 224.00 197.74
car 0.529397 0.00 155.60 133.86 224.00
bottle 0.529340 0.00 188.09 11.89 224.00
car 0.529308 129.10 175.06 158.83 204.94
car 0.529178 61.40 115.36 132.04 135.70
boat 0.529052 0.00 160.11 7.97 212.95
car 0.528906 198.20 208.09 224.00 224.00
aeroplane 0.528847 57.46 6.59 107.84 25.97
car 0.528781 191.10 156.57 224.00 179.92
car 0.528714 88.92 104.93 130.90 121.90
boat 0.528703 18.18 179.85 51.64 216.59
car 0.528662 40.53 125.75 101.41 155.61
car 0.528620 161.85 83.62 206.95 105.09
aeroplane 0.528572 25.33 77.29 70.50 94.35
boat 0.528476 53.90 0.00 109.30 22.21
boat 0.528452 37.31 210.25 72.22 224.00
car 0.528381 64.05 100.38 224.00 224.00
boat 0.528362 0.00 72.34 7.95 127.62
boat 0.528201 0.00 55.48 8.43 99.45
boat 0.528068 0.00 0.00 18.55 25.69
car 0.527880 105.56 28.36 144.30 47.11
car 0.527820 7.91 143.09 173.11 213.33
car 0.527743 86.78 104.00 196.15 152.76
car 0.527680 90.02 114.79 143.74 129.87
aeroplane 0.527662 17.05 62.51 54.02 82.28
car 0.527423 106.38 139.98 168.80 158.74
car 0.527410 199.16 131.29 224.00 171.48
car 0.527408 89.58 141.49 206.82 224.00
car 0.527209 107.24 110.59 151.38 127.09
person 0.527191 63.83 202.37 86.67 224.00
car 0.527068 0.00 0.00 62.20 40.14
car 0.527061 79.72 124.88 132.99 146.01
car 0.526918 128.63 11.95 160.64 20.52
car 0.526805 68.76 87.24 116.88 107.32
car 0.526711 213.31 200.50 224.00 224.00
boat 0.526708 0.00 60.15 28.39 93.44
car 0.526689 114.05 188.97 155.37 216.39
car 0.526662 100.69 200.26 140.68 224.00
aeroplane 0.526506 52.41 0.00 112.52 21.69
car 0.526504 208.54 0.00 224.00 18.32
car 0.526466 202.45 143.64 224.00 180.29
car 0.526439 0.00 0.00 107.04 118.89
car 0.526404 205.17 80.54 224.00 111.62
car 0.526392 25.95 177.79 65.91 210.20
aeroplane 0.526356 38.56 78.03 76.07 94.93
car 0.526313 159.65 168.61 184.89 198.30
car 0.526255 76.77 0.00 149.22 35.23
car 0.526251 116.73 177.91 150.42 206.44
car 0.526239 42.39 97.68 101.15 117.30
car 0.526150 81.28 118.78 134.69 137.19
car 0.526131 213.95 67.92 224.00 100.24
car 0.525998 217.64 57.65 224.00 87.02
car 0.525939 71.95 76.89 115.63 97.72
car 0.525920 109.57 198.40 152.16 224.00
car 0.525895 217.87 188.58 224.00 224.00
car 0.525880 73.22 68.69 116.81 87.76
boat 0.525807 0.00 84.65 37.22 138.55
boat 0.525622 0.00 130.51 28.48 194.56
car 0.525607 92.59 140.24 150.23 156.61
car 0.525564 65.39 141.72 112.86 164.59
car 0.525443 127.80 0.00 160.64 16.13
boat 0.525355 0.00 182.12 17.32 217.31
aeroplane 0.525312 11.17 65.70 50.15 86.96
aeroplane 0.525301 8.70 92.56 80.48 127.17
car 0.525212 155.43 181.30 171.75 205.03
car 0.525172 0.00 108.40 153.67 224.00
car 0.525165 60.56 136.04 118.93 159.13
car 0.525094 69.35 193.37 90.35 215.79
car 0.525031 214.40 177.15 224.00 209.80
car 0.525027 141.74 181.47 164.90 206.60
bottle 0.524993 0.00 190.79 20.07 224.00
car 0.524928 126.93 157.42 163.68 195.77
aeroplane 0.524927 28.70 97.42 94.34 121.22
car 0.524910 155.50 67.71 197.77 89.09
car 0.524899 125.60 187.15 160.53 218.69
car 0.524866 136.04 0.00 174.62 14.29
car 0.524812 130.90 143.79 178.03 177.36
car 0.524778 174.82 72.09 203.00 94.74
aeroplane 0.524694 23.08 16.56 60.86 37.12
car 0.524475 100.76 0.00 166.19 34.61
boat 0.524393 0.00 9.55 9.23 50.18
car 0.524356 199.57 0.00 224.00 71.83
car 0.524326 168.16 0.00 224.00 35.64
car 0.524201 81.03 94.97 125.42 115.28
car 0.524187 174.24 203.66 202.69 224.00
car 0.524185 148.34 71.70 184.82 87.73
car 0.524118 148.26 75.93 192.12 92.71
car 0.524079 128.43 103.26 166.09 124.83
car 0.524026 47.30 150.20 191.05 224.00
aeroplane 0.524023 15.09 81.06 67.47 107.20
car 0.523904 121.55 0.00 184.49 33.10
aeroplane 0.523891 200.99 1.33 224.00 106.44
car 0.523709 150.15 0.00 214.14 30.91
boat 0.523707 49.96 70.68 81.85 87.01
boat 0.523569 30.04 184.16 65.65 215.70
car 0.523517 110.48 104.12 146.34 122.89
car 0.523508 152.28 0.00 188.73 14.41
boat 0.523460 18.69 192.20 51.70 224.00
aeroplane 0.523425 2.60 93.48 66.40 140.90
boat 0.523395 49.48 78.05 84.61 94.94
car 0.523278 137.55 86.68 211.78 152.36
car 0.523185 46.58 174.34 75.21 199.70
aeroplane 0.523136 61.80 14.47 110.23 32.35
car 0.523132 0.00 141.40 87.85 224.00
aeroplane 0.523054 23.05 27.76 59.64 46.37
car 0.523027 181.41 128.08 224.00 162.76
bus 0.522931 122.00 0.00 224.00 161.15
car 0.522777 173.12 58.42 224.00 145.98
aeroplane 0.522729 48.10 0.00 99.68 17.39
car 0.522704 156.50 191.14 172.93 222.62
car 0.522702 124.92 197.07 163.88 224.00
car 0.522702 163.25 179.05 180.14 204.73
car 0.522637 117.14 161.81 152.34 199.77
car 0.522591 165.44 193.40 180.93 224.00
car 0.522568 139.74 187.20 166.29 220.47
aeroplane 0.522520 17.63 51.85 51.53 75.07
aeroplane 0.522492 0.00 14.82 23.02 44.87
boat 0.522458 0.00 144.01 21.09 201.63
car 0.522455 93.87 93.80 128.83 114.13
car 0.522450 54.85 124.72 125.06 151.31
car 0.522362 113.64 22.24 149.91 34.64
car 0.522332 38.20 0.00 119.10 34.94
car 0.522301 60.91 68.92 96.10 87.69
car 0.522261 187.22 84.00 213.24 109.03
car 0.522253 169.71 166.15 198.93 194.78
car 0.522147 90.23 180.66 118.44 204.95
car 0.522135 10.11 61.46 162.25 173.74
car 0.522105 89.20 73.76 122.88 97.54
car 0.522084 89.74 65.88 124.70 87.67
car 0.521977 58.69 202.52 80.20 224.00
car 0.521938 33.85 142.29 82.58 182.99
boat 0.521917 0.00 160.20 16.21 209.93
car 0.521914 0.00 130.06 110.90 205.63
aeroplane 0.521911 22.42 0.00 102.11 32.66
car 0.521888 73.03 58.88 118.41 79.27
boat 0.521862 0.00 0.00 12.52 35.39
car 0.521815 91.75 187.85 118.57 210.00
car 0.521803 102.36 31.17 141.91 55.33
car 0.521731 60.37 77.12 98.39 96.64
car 0.521730 185.30 141.67 224.00 173.12
person 0.521708 77.24 202.75 99.63 224.00
car 0.521653 41.50 161.08 76.35 191.86
aeroplane 0.521625 26.69 62.92 64.88 81.13
car 0.521537 0.00 88.00 133.39 149.74
car 0.521527 49.81 182.87 75.42 206.80
aeroplane 0.521527 20.14 37.70 55.02 60.65
boat 0.521515 10.84 181.01 39.88 215.44
car 0.521493 153.18 202.18 176.62 224.00
aeroplane 0.521473 0.00 88.00 138.39 155.72
car 0.521438 125.90 16.94 158.49 28.22
car 0.521360 219.95 49.47 224.00 78.78
car 0.521315 174.05 192.83 191.46 224.00
aeroplane 0.521285 12.63 20.24 42.28 40.04
boat 0.521258 10.68 170.75 45.01 210.30
boat 0.521223 25.70 194.47 59.50 224.00
car 0.521175 100.99 191.23 131.34 216.24
car 0.521150 86.86 82.44 122.90 106.23
aeroplane 0.521126 26.75 0.00 66.22 15.91
car 0.521100 188.54 72.71 209.02 96.44
aeroplane 0.521037 34.73 87.71 83.79 108.10
car 0.521015 183.95 166.72 208.02 192.82
car 0.521002 126.70 114.63 179.60 135.84
car 0.520983 173.94 65.01 200.52 86.03
car 0.520954 146.83 83.14 197.34 104.07
car 0.520932 120.23 18.24 152.64 29.94
aeroplane 0.520896 0.00 0.00 28.65 20.67
car 0.520872 197.76 168.75 222.09 189.94
boat 0.520790 0.00 39.17 7.02 83.89
car 0.520648 188.65 32.53 224.00 130.22
car 0.520634 100.00 171.31 135.77 200.93
car 0.520611 123.82 124.99 180.69 151.48
car 0.520494 102.71 0.00 138.17 19.22
car 0.520464 194.27 84.00 219.83 112.08
car 0.520460 168.74 0.00 202.20 15.03
car 0.520441 129.08 136.90 224.00 219.03
car 0.520411 181.04 190.98 199.50 223.19
boat 0.520339 46.44 87.72 92.03 106.41
car 0.520312 138.77 76.00 175.82 91.35
car 0.520310 75.59 179.00 97.77 204.39
car 0.520237 50.17 189.48 74.90 214.16
car 0.520174 97.33 82.23 126.97 104.29
aeroplane 0.520161 220.00 15.27 224.00 43.07
boat 0.520040 0.00 67.83 31.35 111.58
car 0.520011 122.32 13.81 151.46 25.22
boat 0.519992 74.56 0.00 118.55 19.16
car 0.519982 143.08 5.90 197.24 92.05
car 0.519974 108.36 166.17 146.55 202.94
boat 0.519967 8.70 191.91 37.77 224.00
car 0.519928 139.64 70.82 168.90 85.45
car 0.519926 172.46 176.27 193.91 202.79
aeroplane 0.519908 220.00 22.76 224.00 51.94
car 0.519896 92.72 193.78 117.88 216.11
car 0.519882 136.66 93.89 185.22 117.24
car 0.519857 87.91 169.43 118.26 195.83
car 0.519828 103.93 22.99 139.70 41.39
boat 0.519744 35.92 62.15 71.99 80.74
car 0.519741 186.10 190.85 205.02 221.48
car 0.519713 127.03 92.26 163.01 115.73
car 0.519653 188.41 173.72 207.47 199.96
aeroplane 0.519650 153.94 30.17 183.57 53.80
car 0.519589 98.56 180.53 131.46 207.63
car 0.519498 90.36 201.88 118.76 224.00
car 0.519456 113.44 0.00 147.56 19.47
car 0.519387 96.68 147.33 148.17 164.12
aeroplane 0.519366 220.00 6.11 224.00 33.94
aeroplane 0.519330 220.00 30.93 224.00 61.55
car 0.519226 134.32 7.38 182.15 77.19
aeroplane 0.519184 66.32 19.93 114.77 40.71
boat 0.519179 48.61 61.91 81.95 80.53
car 0.519158 76.74 186.92 97.72 210.83
aeroplane 0.519152 5.21 84.19 62.05 125.02
car 0.519130 106.41 116.98 163.60 135.54
aeroplane 0.519125 34.63 16.59 80.60 34.60
boat 0.519089 0.00 19.34 8.60 60.71
aeroplane 0.519062 220.00 40.13 224.00 71.05
boat 0.518911 0.00 27.73 7.60 71.43
car 0.518910 113.49 93.15 144.62 115.07
car 0.518909 71.50 169.40 98.06 196.62
aeroplane 0.518881 164.16 32.24 189.91 55.10
car 0.518785 147.30 63.93 177.82 84.24
aeroplane 0.518784 178.72 0.00 208.86 15.07
car 0.518774 187.70 205.08 215.23 224.00
car 0.518613 186.37 64.82 207.10 85.42
car 0.518581 137.59 82.38 181.03 102.81
car 0.518548 73.87 46.10 119.84 70.15
car 0.518545 74.57 36.94 120.50 60.65
car 0.518533 127.75 81.31 162.04 103.05
car 0.518496 106.66 75.43 135.96 93.64
car 0.518445 183.16 174.27 203.74 201.24
aeroplane 0.518444 33.43 9.72 85.22 29.76
car 0.518373 199.60 72.85 219.22 100.50
car 0.518364 77.46 193.85 98.55 217.12
car 0.518328 137.15 8.69 176.77 20.17
car 0.518318 129.02 74.98 159.67 92.14
car 0.518271 193.76 190.51 211.61 218.54
car 0.518265 106.27 126.49 166.96 149.56
car 0.518244 18.21 0.00 154.95 122.93
aeroplane 0.518225 51.68 12.70 101.83 30.60
car 0.518224 66.86 146.78 106.18 172.13
aeroplane 0.518186 22.92 0.00 65.54 28.34
boat 0.518141 0.00 44.35 22.83 79.94
boat 0.518133 60.50 60.01 98.15 80.44
aeroplane 0.518125 191.25 0.00 216.98 15.70
car 0.518113 90.62 127.14 148.17 147.07
car 0.517956 73.11 27.78 119.89 50.03
car 0.517917 104.37 66.41 136.89 85.10
aeroplane 0.517915 68.35 28.19 117.72 50.70
car 0.517911 193.87 174.32 211.68 197.70
aeroplane 0.517884 3.19 0.00 42.34 16.51
boat 0.517711 35.02 198.64 67.43 224.00
car 0.517691 118.99 147.38 160.92 180.81
car 0.517637 106.42 82.97 135.11 103.78
car 0.517611 215.93 0.00 224.00 23.35
car 0.517606 117.20 81.91 145.48 103.43
car 0.517561 200.23 63.18 218.42 87.23
car 0.517510 126.86 67.69 154.90 84.57
aeroplane 0.517502 155.55 0.00 190.86 15.88
aeroplane 0.517485 145.03 28.37 172.93 51.01
car 0.517462 142.77 66.70 208.07 137.08
aeroplane 0.517340 32.98 0.00 91.16 23.74
aeroplane 0.517267 153.15 5.29 212.11 102.16
car 0.517248 123.21 0.00 154.00 19.41
aeroplane 0.517246 68.82 37.89 116.49 61.25
aeroplane 0.517236 0.00 1.62 21.37 39.23
car 0.517227 109.24 18.80 141.63 33.54
car 0.517222 118.13 74.96 145.64 92.73
car 0.517192 82.05 55.60 124.23 77.74
car 0.517167 63.98 16.11 112.95 33.39
aeroplane 0.517156 157.41 43.38 187.14 71.50
boat 0.517085 24.86 52.55 63.71 75.42
car 0.517049 69.65 20.69 116.18 40.45
aeroplane 0.517006 9.27 74.43 57.37 106.55
aeroplane 0.516961 155.87 7.11 188.07 22.12
car 0.516955 98.17 51.34 132.87 75.19
car 0.516865 97.65 154.82 132.96 181.92
car 0.516767 92.65 54.21 222.17 214.40
boat 0.516765 49.92 202.49 75.41 224.00
aeroplane 0.516734 149.57 40.20 176.05 67.53
aeroplane 0.516642 161.57 23.42 188.99 43.03
boat 0.516602 0.00 0.00 150.86 151.02
car 0.516596 208.09 189.75 224.00 220.44
boat 0.516559 23.17 39.40 63.82 63.06
aeroplane 0.516399 144.62 6.68 183.68 20.59
aeroplane 0.516386 149.70 21.35 183.64 40.85
boat 0.516316 45.83 50.64 84.53 73.22
car 0.516303 102.09 36.93 140.13 63.43
aeroplane 0.516238 13.70 0.00 54.74 15.79
car 0.516206 104.39 4.12 154.31 65.08
aeroplane 0.516202 133.62 27.50 162.83 48.83
aeroplane 0.516190 171.85 33.98 193.27 53.93
boat 0.516122 0.00 22.95 23.15 53.34
boat 0.516114 0.00 31.45 22.10 65.37
aeroplane 0.516086 33.87 21.36 75.82 39.97
aeroplane 0.515988 10.81 49.56 43.39 74.58
car 0.515981 122.27 21.76 157.19 37.01
car 0.515942 82.04 22.34 125.37 40.99
aeroplane 0.515922 182.89 36.91 198.25 53.11
car 0.515898 134.82 57.67 161.48 78.12
car 0.515866 130.83 20.89 164.70 37.87
aeroplane 0.515837 158.44 15.38 188.53 31.70
car 0.515816 0.00 30.95 73.11 110.82
car 0.515816 152.06 55.12 184.36 81.52
aeroplane 0.515795 43.60 37.88 89.67 62.11
car 0.515770 76.98 19.46 122.45 37.10
car 0.515770 203.61 175.91 224.00 201.33
car 0.515758 68.03 156.77 100.28 185.55
car 0.515708 114.10 65.67 144.58 84.16
car 0.515683 111.20 0.00 224.00 192.07
aeroplane 0.515645 198.32 27.77 206.87 41.01
aeroplane 0.515586 137.47 15.14 175.75 28.51
car 0.515548 137.56 36.41 163.89 62.06
aeroplane 0.515530 198.94 20.44 206.48 32.23
car 0.515493 0.00 0.00 70.78 80.19
aeroplane 0.515467 4.15 17.75 109.84 85.34
aeroplane 0.515410 164.70 45.11 192.29 72.76
aeroplane 0.515399 146.21 14.25 184.02 29.75
car 0.515370 0.00 64.56 81.83 140.22
aeroplane 0.515363 196.24 36.49 207.09 52.15
car 0.515345 157.09 58.00 193.09 84.64
aeroplane 0.515343 4.49 69.86 121.78 145.71
aeroplane 0.515341 11.63 44.43 138.04 121.94
car 0.515328 137.81 43.78 190.72 103.79
aeroplane 0.515295 140.60 20.79 174.33 38.79
aeroplane 0.515267 12.79 26.96 42.68 47.03
car 0.515266 87.80 154.10 121.19 181.20
aeroplane 0.515234 61.19 48.17 103.17 72.11
car 0.515216 146.18 45.36 202.40 119.21
aeroplane 0.515193 197.73 11.03 207.23 24.54
car 0.515164 100.37 16.19 135.21 35.91
aeroplane 0.515150 182.73 28.17 197.75 41.66
boat 0.515093 30.82 28.65 72.53 49.40
aeroplane 0.515031 173.03 5.83 224.00 108.19
car 0.514917 143.14 49.94 170.49 75.94
aeroplane 0.514746 179.19 12.10 197.25 23.59
car 0.514717 93.26 87.66 180.71 138.72
aeroplane 0.514692 49.17 17.39 99.30 37.74
car 0.514677 119.13 27.84 154.82 46.47
aeroplane 0.514667 181.69 20.79 197.12 31.78
aeroplane 0.514656 11.30 35.89 41.61 59.72
car 0.514653 66.09 0.00 199.46 144.72
aeroplane 0.514635 165.80 9.75 191.36 22.17
car 0.514535 84.52 26.28 128.87 47.68
aeroplane 0.514365 170.45 25.81 192.26 42.37
car 0.514364 133.60 0.00 197.67 48.13
aeroplane 0.514324 9.92 8.39 40.52 35.10
aeroplane 0.514305 19.63 0.00 111.97 50.90
aeroplane 0.514004 181.46 48.47 197.98 69.00
aeroplane 0.514001 44.09 25.73 95.06 48.63
car 0.513901 107.83 150.50 154.41 182.09
aeroplane 0.513715 168.55 18.10 191.60 31.41
car 0.513659 104.65 36.55 158.92 91.47
car 0.513443 147.19 0.00 211.91 56.64
car 0.513438 169.27 0.00 224.00 66.82
car 0.513283 72.40 12.87 119.78 31.91
car 0.513280 85.28 32.83 130.05 56.86
aeroplane 0.513201 192.93 47.68 206.43 67.54
car 0.513193 84.04 41.89 127.73 66.98
car 0.513132 119.79 34.06 152.74 56.41
car 0.513062 99.03 61.78 167.84 117.11
boat 0.513019 93.98 0.00 132.04 27.93
car 0.512763 177.04 60.00 198.06 81.42
car 0.512751 19.04 0.00 112.76 47.97
car 0.512706 168.76 59.15 196.05 84.26
aeroplane 0.512579 211.24 24.84 216.77 44.19
aeroplane 0.512557 211.83 17.29 216.79 35.55
aeroplane 0.512313 209.94 33.54 217.16 54.92
aeroplane 0.512264 3.68 0.00 41.25 27.23
aeroplane 0.512221 210.82 8.19 218.17 27.81
diningtable 0.512193 202.39 55.23 216.93 79.07
car 0.512139 107.11 48.91 141.56 71.56
car 0.512056 125.63 43.01 155.36 67.45
diningtable 0.511924 187.74 58.90 205.37 79.79
car 0.511755 118.33 50.77 148.18 72.34
aeroplane 0.511423 207.19 44.19 217.23 68.05
aeroplane 0.511244 206.21 0.00 219.86 19.81
aeroplane 0.511152 53.51 4.33 126.12 62.89
car 0.508854 0.71 38.00 114.57 103.14
car 0.508767 39.00 34.83 125.73 92.63
car 0.508520 19.81 62.43 132.05 124.60
