bird 0.636959 76.08 7.07 194.71 218.50
cat 0.623034 41.88 0.00 196.06 218.42
bird 0.597355 0.00 0.77 177.45 224.00
sheep 0.587263 61.19 0.00 186.94 203.79
bottle 0.586001 78.03 9.13 201.86 224.00
sheep 0.565356 0.53 13.38 178.51 220.81
pottedplant 0.563548 80.41 1.64 192.82 207.55
cat 0.560122 76.29 44.07 199.10 224.00
bird 0.548025 143.67 21.93 216.28 223.49
cat 0.547088 108.48 0.00 218.84 224.00
pottedplant 0.545752 148.63 17.35 216.94 219.30
pottedplant 0.545314 173.64 20.25 224.00 203.64
bottle 0.545281 174.59 27.50 224.00 210.83
sheep 0.542304 0.00 45.93 120.10 213.60
bird 0.541147 95.03 63.40 203.40 224.00
cat 0.540863 20.82 49.16 173.50 224.00
bird 0.540661 0.00 52.85 73.92 210.61
bottle 0.540421 184.87 70.19 224.00 224.00
tvmonitor 0.536420 218.02 35.07 224.00 74.48
car 0.535884 189.17 0.00 224.00 43.19
aeroplane 0.535275 211.90 0.00 224.00 27.23
tvmonitor 0.534941 220.00 50.58 224.00 101.23
bottle 0.534271 129.66 50.53 215.32 224.00
tvmonitor 0.533874 219.54 39.84 224.00 85.05
bird 0.533462 189.27 91.00 224.00 224.00
boat 0.533440 0.00 72.39 24.62 99.27
sheep 0.532914 0.00 64.75 69.50 208.44
bottle 0.532402 112.87 4.64 203.57 184.95
bird 0.532108 0.00 56.72 138.76 216.20
sheep 0.531970 48.73 0.00 175.60 142.27
aeroplane 0.531631 220.00 158.72 224.00 216.17
sheep 0.531594 0.00 13.01 122.85 166.05
cat 0.531224 220.00 135.00 224.00 183.81
sheep 0.531011 0.00 27.35 60.08 170.56
tvmonitor 0.530634 210.98 202.62 224.00 224.00
aeroplane 0.530505 220.00 139.85 224.00 192.73
bottle 0.530358 103.41 159.53 201.58 224.00
tvmonitor 0.530309 179.23 13.25 224.00 161.22
cat 0.530270 220.00 59.77 224.00 119.70
car 0.530230 0.00 0.00 51.27 49.76
dog 0.530073 0.00 169.58 41.96 224.00
bird 0.529891 192.05 162.28 224.00 224.00
bird 0.529674 0.00 207.25 40.15 224.00
bird 0.529365 34.83 78.59 163.05 220.20
boat 0.529190 1.23 142.18 23.62 170.63
car 0.529045 0.00 0.00 20.56 23.37
bottle 0.529026 220.00 164.28 224.00 220.39
car 0.528997 138.81 0.00 214.84 35.41
bottle 0.528750 155.64 11.21 217.35 174.34
boat 0.528735 32.96 75.28 66.59 95.13
car 0.528600 164.12 0.00 224.00 36.61
bottle 0.528574 0.00 203.40 29.17 224.00
boat 0.528013 0.00 97.38 24.19 130.62
boat 0.527783 0.00 64.27 17.87 94.55
cat 0.527711 220.00 80.92 224.00 139.56
tvmonitor 0.527506 220.00 24.24 224.00 63.11
bird 0.527479 91.95 150.66 198.92 224.00
boat 0.527318 0.00 162.32 26.73 202.71
boat 0.527231 0.00 83.71 24.83 113.24
bird 0.527064 32.79 210.72 71.12 224.00
pottedplant 0.526858 75.69 0.00 176.00 40.25
sheep 0.526649 65.69 0.00 172.63 42.53
pottedplant 0.526607 110.06 0.00 200.16 37.46
aeroplane 0.526523 7.49 186.95 32.73 210.07
cat 0.526477 220.00 117.46 224.00 169.57
boat 0.526078 0.00 128.27 23.99 157.39
bird 0.526065 16.56 211.49 55.96 224.00
sheep 0.525945 58.67 0.00 183.96 95.57
aeroplane 0.525938 49.85 163.01 92.55 224.00
sheep 0.525863 0.00 114.04 45.61 224.00
bird 0.525838 136.25 208.77 174.17 224.00
boat 0.525760 0.00 56.54 24.04 86.88
boat 0.525658 0.00 177.32 28.09 208.72
bottle 0.525625 158.26 163.02 224.00 224.00
boat 0.525500 0.00 116.75 23.98 148.90
boat 0.525421 0.00 105.41 23.92 139.16
aeroplane 0.525399 86.02 50.19 138.50 110.50
sheep 0.525337 0.08 186.32 29.44 211.43
boat 0.525316 0.00 76.35 19.54 105.14
bird 0.525222 48.58 209.30 89.97 224.00
cat 0.525101 103.14 33.18 139.60 64.88
cat 0.525029 220.00 98.60 224.00 152.80
bird 0.524993 121.13 209.09 158.35 224.00
aeroplane 0.524966 48.57 162.05 83.54 210.97
boat 0.524548 0.00 88.40 18.79 122.17
bird 0.524531 81.57 94.54 138.05 169.45
boat 0.524516 0.00 41.29 13.93 81.16
bottle 0.524280 38.12 159.56 128.64 224.00
bottle 0.524172 116.91 107.80 208.91 224.00
boat 0.524124 0.00 149.65 25.09 189.55
aeroplane 0.524075 202.07 0.00 224.00 24.59
bird 0.524043 152.62 209.44 191.75 224.00
aeroplane 0.524003 5.07 145.61 27.28 169.70
bottle 0.523754 197.99 205.30 224.00 224.00
boat 0.523746 0.00 138.94 15.46 172.05
aeroplane 0.523720 7.32 193.53 35.54 218.15
bird 0.523683 64.47 209.44 103.43 224.00
cat 0.523583 91.70 42.33 144.22 94.25
bird 0.523540 105.35 208.24 143.69 224.00
cat 0.523533 141.58 0.00 173.23 18.85
boat 0.523524 0.00 159.29 14.18 203.32
cat 0.523449 136.82 103.80 168.44 186.95
boat 0.523416 0.00 29.71 12.19 71.95
bottle 0.523395 183.78 210.13 217.76 224.00
boat 0.523354 2.71 82.02 26.78 105.21
aeroplane 0.523330 217.38 0.00 224.00 31.74
tvmonitor 0.523270 189.94 0.00 224.00 78.12
cat 0.523269 149.10 136.30 173.78 195.49
cat 0.523266 149.08 0.00 181.57 19.25
aeroplane 0.523235 31.73 145.45 56.78 171.28
dog 0.523084 0.00 0.00 55.27 68.28
boat 0.523059 0.00 173.47 16.68 210.09
bird 0.523028 81.66 208.76 120.18 224.00
bird 0.522914 179.73 175.12 196.98 211.30
boat 0.522891 27.33 67.88 63.67 92.57
sheep 0.522887 133.95 0.00 165.06 18.62
bottle 0.522859 186.76 43.10 205.08 63.16
aeroplane 0.522736 21.54 146.63 47.60 170.24
bottle 0.522732 85.72 90.24 143.78 171.71
aeroplane 0.522710 48.87 0.00 154.01 37.01
bird 0.522696 159.29 164.38 181.90 209.97
sheep 0.522497 0.00 0.00 55.41 96.74
cat 0.522454 144.59 116.64 172.18 187.02
bird 0.522449 183.14 169.49 203.02 209.67
sheep 0.522436 65.07 26.81 88.56 54.64
boat 0.522233 0.00 43.53 21.81 79.21
boat 0.522183 0.00 0.00 27.85 19.71
aeroplane 0.522075 190.07 0.00 218.45 21.13
sheep 0.522072 124.80 0.00 156.95 18.49
bird 0.522072 146.45 162.77 173.85 212.48
cat 0.522066 96.58 37.06 136.83 72.71
boat 0.522058 3.91 138.82 26.77 162.89
aeroplane 0.522051 33.44 151.18 57.26 179.77
bird 0.521960 173.13 174.69 189.71 211.24
cat 0.521891 156.85 0.00 189.56 19.70
bottle 0.521790 167.35 210.26 206.97 224.00
boat 0.521775 38.75 146.78 63.62 170.99
bird 0.521768 0.00 181.73 20.11 213.32
boat 0.521760 0.00 13.03 10.83 55.71
aeroplane 0.521663 59.47 0.00 91.65 14.62
boat 0.521656 53.15 154.74 88.76 206.74
cat 0.521563 173.53 0.00 205.42 20.98
cat 0.521503 165.36 0.00 197.35 20.54
bird 0.521452 78.25 97.18 130.24 150.60
cat 0.521378 158.11 151.78 182.84 206.30
boat 0.521371 3.52 0.00 90.39 35.22
cat 0.521333 141.59 136.14 167.49 197.11
aeroplane 0.521312 85.97 93.41 138.86 146.18
bottle 0.521192 181.93 43.63 196.02 61.70
sheep 0.521190 116.12 0.00 149.25 18.02
bottle 0.521146 147.72 112.88 219.42 224.00
aeroplane 0.521131 5.28 178.08 32.60 206.23
boat 0.521121 0.00 0.00 16.92 28.31
aeroplane 0.521074 43.51 169.28 73.36 207.25
sheep 0.521031 107.93 0.00 140.72 16.89
boat 0.520993 73.88 107.62 128.43 173.61
aeroplane 0.520960 181.46 0.00 212.05 21.26
boat 0.520959 47.27 152.81 72.44 181.84
aeroplane 0.520949 40.17 153.04 64.24 179.82
bottle 0.520927 172.36 93.95 192.83 143.42
cat 0.520923 104.61 26.66 137.69 57.32
bottle 0.520909 216.34 189.92 224.00 224.00
bottle 0.520879 194.59 41.18 211.46 63.53
sheep 0.520872 100.09 0.00 131.91 15.98
bottle 0.520820 0.00 170.94 90.08 224.00
aeroplane 0.520797 19.19 0.00 113.28 33.37
cat 0.520790 147.02 150.35 174.97 207.45
boat 0.520787 0.00 4.86 11.86 45.84
bird 0.520773 136.00 173.56 165.25 221.03
bottle 0.520647 185.31 174.41 203.48 211.49
aeroplane 0.520547 74.54 0.00 107.41 14.78
bottle 0.520526 181.83 94.66 200.39 142.82
cat 0.520478 171.17 154.75 192.16 204.98
aeroplane 0.520476 47.78 183.88 87.39 224.00
bird 0.520438 66.18 21.25 88.26 45.74
cat 0.520438 198.00 140.11 209.09 173.64
aeroplane 0.520427 2.48 0.00 35.70 17.03
boat 0.520410 46.49 147.21 71.18 172.14
cat 0.520378 156.54 136.54 179.03 194.21
cat 0.520308 106.23 39.95 146.84 71.39
boat 0.520283 3.11 67.13 27.90 91.81
cat 0.520274 89.56 30.69 131.48 67.26
aeroplane 0.520257 44.07 0.00 76.68 14.42
bird 0.520231 66.02 14.88 87.36 37.59
boat 0.520223 30.36 138.34 57.46 164.19
aeroplane 0.520135 27.89 0.00 61.30 14.80
boat 0.520123 0.00 146.81 14.29 191.48
aeroplane 0.520074 185.68 37.11 203.94 56.87
aeroplane 0.520070 92.18 0.00 124.03 15.64
aeroplane 0.520057 83.67 0.00 116.14 15.15
cat 0.520041 188.91 138.53 203.66 174.32
boat 0.520013 53.29 151.99 80.17 184.56
bottle 0.520011 48.23 144.37 163.71 224.00
tvmonitor 0.519999 210.61 34.66 224.00 69.52
aeroplane 0.519947 75.77 62.53 132.10 121.36
aeroplane 0.519912 189.63 59.27 207.26 92.64
aeroplane 0.519900 181.01 37.41 196.86 56.68
pottedplant 0.519884 68.67 0.00 189.44 91.70
boat 0.519842 36.97 94.56 64.68 120.70
aeroplane 0.519825 192.63 164.67 207.49 208.98
bottle 0.519718 110.13 132.42 140.14 195.36
bird 0.519637 118.45 169.10 143.92 224.00
aeroplane 0.519635 42.14 25.77 63.90 55.33
cat 0.519625 171.54 138.57 189.76 190.23
cat 0.519588 107.43 21.43 135.23 49.16
sheep 0.519583 12.02 0.00 125.35 115.82
bottle 0.519567 195.54 54.57 211.78 92.01
cat 0.519557 181.79 141.85 196.83 186.61
tvmonitor 0.519536 192.99 36.76 210.84 58.51
sheep 0.519528 57.73 25.15 81.59 54.03
sheep 0.519417 80.07 24.76 120.40 58.28
bottle 0.519383 155.90 19.23 171.88 39.60
cat 0.519379 126.36 100.50 160.17 188.74
boat 0.519309 19.61 140.32 47.61 163.40
aeroplane 0.519302 64.20 5.20 87.33 28.57
aeroplane 0.519294 1.25 163.77 30.99 200.35
cat 0.519275 150.74 108.27 177.50 180.72
aeroplane 0.519214 11.26 0.00 44.99 15.35
boat 0.519189 0.00 32.67 18.61 69.68
bird 0.519186 178.05 159.30 198.72 204.77
aeroplane 0.519148 146.25 92.58 170.60 144.02
boat 0.519102 53.80 146.75 79.27 173.90
bottle 0.519088 97.45 112.55 141.52 183.90
cat 0.519036 146.57 96.29 172.58 156.80
cat 0.519022 167.44 112.15 189.63 173.44
cat 0.519020 119.33 36.53 149.33 63.75
bottle 0.519004 115.08 144.40 138.97 210.11
aeroplane 0.518989 180.97 86.83 201.21 136.09
aeroplane 0.518984 36.21 25.27 55.49 57.05
aeroplane 0.518903 14.83 187.98 44.09 210.70
aeroplane 0.518873 180.36 29.79 197.54 50.83
aeroplane 0.518865 138.97 52.22 163.78 103.61
bird 0.518862 69.68 15.99 93.89 39.68
sheep 0.518848 72.44 26.05 108.16 55.93
boat 0.518848 32.93 100.87 56.79 129.36
bird 0.518839 57.38 151.56 87.29 184.29
cat 0.518830 116.20 21.69 141.07 48.50
aeroplane 0.518792 180.42 22.10 196.24 42.22
bottle 0.518771 186.01 95.72 206.16 141.95
aeroplane 0.518731 178.99 5.16 194.83 30.32
aeroplane 0.518723 49.48 25.23 74.80 54.36
boat 0.518723 31.91 91.99 58.34 120.29
aeroplane 0.518721 141.54 89.88 164.82 145.65
boat 0.518631 28.94 129.64 58.43 158.19
bottle 0.518574 188.07 47.85 207.42 71.94
sheep 0.518562 0.00 0.00 91.00 106.97
aeroplane 0.518530 156.09 94.40 180.00 143.68
cat 0.518527 129.61 16.30 145.17 37.97
boat 0.518498 52.36 104.04 78.16 126.12
aeroplane 0.518488 11.23 147.10 33.85 169.95
boat 0.518444 39.14 102.88 62.93 128.25
aeroplane 0.518441 1.04 152.39 28.41 187.79
aeroplane 0.518408 57.44 181.73 102.55 224.00
cat 0.518389 118.57 16.22 139.14 38.73
boat 0.518381 45.42 103.47 69.87 126.74
aeroplane 0.518367 71.73 113.83 113.65 152.22
bird 0.518358 61.78 105.40 196.95 224.00
aeroplane 0.518349 113.45 170.97 139.48 224.00
aeroplane 0.518311 89.76 42.17 135.30 83.72
bottle 0.518309 100.66 136.36 132.62 191.05
cat 0.518302 113.61 130.16 143.38 197.41
aeroplane 0.518273 171.88 87.36 193.36 134.07
cat 0.518256 99.83 20.87 129.24 49.90
boat 0.518229 37.14 138.59 63.73 163.04
cat 0.518223 181.02 116.54 198.57 167.14
aeroplane 0.518152 145.38 18.69 161.60 38.93
aeroplane 0.518137 220.00 0.00 224.00 41.76
bird 0.518102 67.31 5.63 93.04 30.09
aeroplane 0.518069 70.54 123.31 110.90 163.91
sheep 0.518068 69.12 31.59 94.92 59.73
aeroplane 0.517995 80.53 72.84 140.32 136.27
aeroplane 0.517980 165.93 21.15 182.66 40.79
bottle 0.517966 118.91 154.40 143.66 218.97
bird 0.517909 0.00 196.21 26.27 224.00
cat 0.517891 180.14 150.09 197.60 198.91
cat 0.517865 109.99 16.50 133.23 39.82
bottle 0.517864 189.17 52.53 208.72 83.17
bottle 0.517860 156.04 26.77 173.20 48.64
aeroplane 0.517858 186.98 76.69 207.67 127.62
sheep 0.517816 0.00 0.00 78.11 68.64
aeroplane 0.517814 154.36 5.88 171.37 28.95
cat 0.517808 211.76 137.94 220.28 177.91
bottle 0.517807 142.64 32.64 163.95 56.60
aeroplane 0.517802 60.01 19.93 81.88 44.47
sheep 0.517786 129.45 7.03 146.05 28.35
cat 0.517777 122.25 29.30 148.26 56.98
boat 0.517776 34.82 84.28 65.48 109.13
aeroplane 0.517766 45.98 158.02 73.52 193.44
cat 0.517756 136.89 150.09 166.37 208.66
aeroplane 0.517750 172.36 6.14 188.17 30.92
cat 0.517711 102.37 108.80 144.26 186.95
aeroplane 0.517709 92.10 171.78 125.66 224.00
bottle 0.517681 191.57 72.44 211.19 127.74
cat 0.517648 195.32 63.58 211.10 112.26
bottle 0.517636 156.82 34.86 173.36 55.62
aeroplane 0.517610 44.34 18.82 64.55 45.14
boat 0.517604 58.77 146.68 87.85 174.24
aeroplane 0.517602 182.72 101.78 199.10 149.55
bird 0.517592 126.73 171.32 156.84 224.00
cat 0.517577 182.15 162.17 203.39 205.56
aeroplane 0.517555 174.17 21.96 190.48 42.52
aeroplane 0.517550 120.76 43.56 156.94 106.29
aeroplane 0.517532 37.20 18.37 55.37 46.88
aeroplane 0.517529 60.17 14.39 81.32 36.27
aeroplane 0.517522 34.26 34.33 57.34 70.05
bottle 0.517457 83.59 133.85 123.77 178.26
cat 0.517450 137.58 17.52 152.56 38.07
aeroplane 0.517449 143.33 25.38 162.77 48.58
aeroplane 0.517443 76.72 63.29 124.46 103.71
aeroplane 0.517412 163.75 6.28 180.84 29.64
bottle 0.517338 183.73 47.60 197.61 68.80
cat 0.517337 112.68 96.72 152.05 188.36
bottle 0.517322 212.00 52.56 224.00 103.36
cat 0.517314 126.26 22.32 146.77 47.74
cat 0.517296 131.98 37.57 157.18 62.65
bottle 0.517285 143.01 39.31 164.44 62.01
aeroplane 0.517235 0.00 16.21 16.53 53.47
aeroplane 0.517134 28.12 26.36 46.84 56.22
aeroplane 0.517109 138.12 7.50 153.37 27.88
bottle 0.517084 197.32 133.47 209.09 168.95
aeroplane 0.517063 52.25 19.14 75.65 44.12
bottle 0.517063 178.05 186.89 200.16 224.00
bottle 0.517057 37.54 122.18 138.76 224.00
aeroplane 0.517046 58.64 5.18 81.14 27.17
bird 0.517039 73.79 20.88 106.95 47.91
cat 0.517034 132.97 30.88 155.98 56.98
boat 0.517012 47.58 95.14 77.79 118.59
bird 0.517007 57.31 76.74 86.84 97.80
bottle 0.516988 161.02 0.00 222.44 74.92
aeroplane 0.516980 71.88 168.98 115.31 224.00
boat 0.516962 29.51 118.81 58.45 149.70
aeroplane 0.516936 145.24 7.12 162.01 28.39
bottle 0.516935 123.40 0.00 211.54 79.92
boat 0.516913 212.00 157.80 218.47 211.03
bottle 0.516910 176.26 44.22 188.15 59.64
bottle 0.516903 157.70 41.56 172.31 60.30
bottle 0.516885 193.86 168.61 207.84 209.88
boat 0.516874 212.00 142.24 220.26 185.68
sheep 0.516860 109.86 7.27 132.52 29.95
aeroplane 0.516838 35.04 176.02 62.41 205.63
aeroplane 0.516808 166.41 29.52 183.73 49.32
boat 0.516771 60.78 106.01 90.31 127.02
bottle 0.516754 195.42 44.77 212.45 72.83
aeroplane 0.516741 102.77 172.27 132.30 224.00
sheep 0.516737 25.70 185.96 52.39 211.23
cat 0.516726 130.07 134.50 158.21 198.43
sheep 0.516725 93.58 19.57 125.03 50.48
aeroplane 0.516685 37.57 11.80 56.24 36.02
tvmonitor 0.516682 175.21 38.47 190.37 55.92
bottle 0.516682 104.58 146.09 130.69 206.10
sheep 0.516647 83.00 19.54 118.59 49.55
aeroplane 0.516628 29.06 11.95 47.13 36.08
sheep 0.516624 118.10 6.94 139.27 29.10
aeroplane 0.516624 174.48 30.22 191.58 50.89
cat 0.516583 134.94 23.87 154.27 48.25
aeroplane 0.516577 0.00 7.55 17.20 43.10
boat 0.516574 17.22 132.01 47.54 157.49
aeroplane 0.516573 187.61 104.35 204.19 147.75
boat 0.516566 32.28 108.42 57.38 138.38
aeroplane 0.516550 28.39 19.16 46.47 46.96
aeroplane 0.516539 41.98 188.32 76.69 224.00
aeroplane 0.516521 73.62 70.30 121.65 114.06
aeroplane 0.516521 184.49 30.56 204.45 51.52
bottle 0.516513 167.00 37.57 182.21 54.99
aeroplane 0.516443 111.32 190.34 142.30 224.00
boat 0.516427 67.69 108.48 104.37 130.83
sheep 0.516423 102.44 16.03 127.17 41.36
bird 0.516411 117.70 190.06 147.46 224.00
bird 0.516400 171.63 187.54 193.01 224.00
cat 0.516396 129.60 41.96 157.99 70.11
sheep 0.516368 33.06 0.00 153.44 75.38
boat 0.516366 75.85 102.45 125.61 138.05
aeroplane 0.516345 190.38 68.54 206.87 113.11
sheep 0.516315 103.37 6.59 125.94 30.36
aeroplane 0.516305 45.28 12.49 65.25 35.14
aeroplane 0.516275 183.53 76.46 200.93 125.27
aeroplane 0.516262 53.05 13.35 74.59 35.32
bottle 0.516256 167.91 43.65 179.80 58.95
boat 0.516211 72.63 110.05 114.93 141.09
bottle 0.516201 212.00 38.59 224.00 78.99
aeroplane 0.516169 0.00 0.00 18.46 32.48
aeroplane 0.516141 139.99 71.30 162.76 124.43
aeroplane 0.515988 134.50 87.34 157.72 146.81
aeroplane 0.515986 60.25 158.77 102.90 215.64
sheep 0.515971 66.42 76.26 101.28 97.85
aeroplane 0.515947 185.26 59.66 197.47 90.32
bottle 0.515904 188.60 121.93 204.55 164.49
aeroplane 0.515845 39.49 159.66 64.53 191.30
aeroplane 0.515813 51.44 3.81 73.92 26.09
boat 0.515811 60.04 98.54 88.12 119.42
cat 0.515807 133.67 89.52 159.24 159.12
bottle 0.515806 142.34 44.01 164.56 69.92
boat 0.515781 44.90 139.45 70.69 163.18
aeroplane 0.515741 184.89 4.07 202.61 30.28
aeroplane 0.515660 27.52 35.20 49.04 68.24
boat 0.515624 9.22 77.92 35.01 97.89
aeroplane 0.515618 9.91 150.57 32.96 177.23
cat 0.515562 212.00 58.38 224.00 114.93
sheep 0.515544 70.94 72.65 112.98 99.34
boat 0.515526 61.23 153.91 94.60 193.22
bird 0.515471 74.54 16.27 104.08 41.72
aeroplane 0.515463 102.05 190.94 135.27 224.00
aeroplane 0.515445 57.58 127.98 91.31 157.53
bottle 0.515431 212.00 162.52 219.02 213.29
bird 0.515429 56.61 81.23 86.25 103.89
bottle 0.515423 89.74 147.80 122.60 201.80
aeroplane 0.515420 13.79 195.04 47.21 222.12
aeroplane 0.515370 32.34 158.74 56.81 192.23
aeroplane 0.515366 43.65 1.54 66.08 25.35
bird 0.515364 136.78 191.53 168.81 224.00
bird 0.515355 161.06 188.94 184.54 224.00
bottle 0.515351 212.00 131.84 218.05 171.73
boat 0.515351 9.02 140.68 33.16 162.99
bottle 0.515329 76.49 146.48 111.50 180.24
aeroplane 0.515308 35.42 0.00 57.46 25.46
boat 0.515283 75.72 129.29 115.86 169.54
bottle 0.515278 184.66 52.72 198.22 79.81
bottle 0.515249 183.61 184.37 206.55 224.00
bird 0.515247 65.79 81.94 97.13 105.12
aeroplane 0.515245 64.42 138.24 98.86 166.71
aeroplane 0.515229 72.36 81.82 122.86 123.52
boat 0.515210 67.16 101.00 100.39 122.88
boat 0.515209 77.50 140.94 113.06 174.19
boat 0.515206 41.31 130.60 70.00 156.91
aeroplane 0.515162 192.91 103.37 208.41 146.78
aeroplane 0.515160 71.42 151.58 111.43 200.54
bird 0.515153 147.90 190.59 176.18 224.00
aeroplane 0.515150 26.62 0.00 48.68 24.99
boat 0.515093 66.05 90.38 97.27 113.81
boat 0.515069 52.70 139.25 79.02 163.94
bottle 0.515021 212.00 68.97 223.54 129.13
sheep 0.515019 70.03 78.79 108.50 107.88
boat 0.514987 19.61 103.04 45.63 130.42
bottle 0.514985 156.91 45.88 170.97 67.53
aeroplane 0.514977 184.80 22.81 203.60 43.32
boat 0.514970 9.99 70.37 37.28 90.15
boat 0.514969 57.82 88.41 87.00 111.43
boat 0.514934 58.69 138.66 89.17 164.34
aeroplane 0.514919 29.88 47.38 64.32 85.27
aeroplane 0.514910 192.91 30.46 212.74 53.91
bottle 0.514909 177.53 47.90 187.66 65.26
sheep 0.514893 142.64 0.00 168.72 21.18
cat 0.514884 186.05 65.14 197.53 98.10
boat 0.514865 49.25 130.17 78.73 157.12
cat 0.514728 195.51 151.38 207.50 197.11
aeroplane 0.514718 74.49 95.88 125.50 131.55
boat 0.514707 16.77 121.13 47.00 149.70
aeroplane 0.514657 77.63 188.54 119.63 224.00
aeroplane 0.514644 138.43 46.42 163.98 81.39
bird 0.514642 120.34 154.80 148.29 219.23
bird 0.514628 33.77 75.67 73.95 94.30
cat 0.514623 123.58 42.00 158.61 81.32
aeroplane 0.514611 2.76 0.00 24.68 29.11
boat 0.514589 60.07 110.86 92.64 135.61
boat 0.514587 69.21 151.96 103.20 181.61
bird 0.514532 73.13 5.75 101.85 30.67
boat 0.514521 70.38 88.59 109.18 117.36
bird 0.514510 64.33 0.00 95.06 18.88
aeroplane 0.514493 174.80 0.00 201.90 22.76
bottle 0.514484 168.56 47.58 177.80 64.69
boat 0.514482 50.85 110.34 77.93 135.83
bird 0.514440 128.28 191.10 160.96 224.00
aeroplane 0.514396 150.07 60.88 168.63 98.92
boat 0.514393 58.24 117.46 93.43 146.68
bottle 0.514379 195.85 124.49 208.14 162.95
aeroplane 0.514325 53.53 0.00 82.02 17.34
bird 0.514315 85.61 15.37 115.35 42.48
sheep 0.514287 80.01 34.30 124.00 71.70
bottle 0.514257 212.00 90.69 222.46 143.49
aeroplane 0.514256 20.71 0.00 52.72 17.28
boat 0.514199 71.81 100.48 112.16 126.45
boat 0.514185 38.45 109.49 62.67 137.18
bottle 0.514182 192.50 177.81 211.08 220.91
aeroplane 0.514177 145.74 75.78 168.21 120.79
aeroplane 0.514175 96.64 5.38 120.80 30.30
aeroplane 0.514171 15.55 0.00 35.62 25.95
boat 0.514150 18.44 110.53 46.04 139.66
boat 0.514144 19.12 94.99 46.80 121.24
aeroplane 0.514108 16.16 13.14 33.20 37.67
aeroplane 0.514099 174.65 77.46 192.78 121.77
cat 0.514009 121.57 144.04 148.52 212.51
boat 0.513947 47.69 118.95 78.15 147.19
bottle 0.513938 150.24 0.00 177.17 21.19
aeroplane 0.513840 193.79 113.49 207.61 154.79
aeroplane 0.513793 18.20 156.17 45.82 192.15
aeroplane 0.513782 0.00 36.98 24.52 66.79
tvmonitor 0.513723 210.83 26.20 224.00 60.94
bottle 0.513688 167.19 0.00 193.66 22.51
aeroplane 0.513680 127.52 67.42 155.91 128.85
bottle 0.513676 67.40 153.94 102.64 191.06
sheep 0.513643 35.28 192.18 65.09 224.00
sheep 0.513583 71.90 65.78 117.30 92.28
aeroplane 0.513544 1.11 11.97 22.69 39.78
sheep 0.513496 25.42 194.49 55.49 224.00
aeroplane 0.513483 0.00 29.30 23.17 58.46
cat 0.513439 109.68 84.66 150.52 158.80
aeroplane 0.513432 13.53 29.21 32.95 56.06
bottle 0.513429 177.81 52.67 186.74 74.72
aeroplane 0.513397 186.29 69.20 199.18 110.90
boat 0.513395 39.70 120.03 69.11 148.56
bottle 0.513360 34.15 70.16 70.51 89.26
aeroplane 0.513329 37.32 0.00 68.01 16.38
aeroplane 0.513314 177.61 59.70 186.29 84.43
sheep 0.513283 53.77 31.46 79.37 64.53
boat 0.513274 28.21 59.05 68.04 85.33
aeroplane 0.513271 13.53 37.42 34.78 65.54
aeroplane 0.513266 177.94 65.26 186.98 93.02
bottle 0.513118 212.00 121.90 216.93 164.89
aeroplane 0.513040 106.22 84.12 149.47 147.13
boat 0.512997 6.88 84.51 31.95 106.18
bird 0.512986 85.17 5.27 113.08 30.22
aeroplane 0.512954 14.26 21.55 32.41 48.13
aeroplane 0.512953 193.89 2.22 210.88 31.80
aeroplane 0.512900 9.74 49.11 37.70 79.19
bottle 0.512879 158.37 0.00 185.76 21.49
boat 0.512815 22.31 79.21 57.93 101.01
sheep 0.512720 65.94 69.90 103.86 91.71
bottle 0.512713 153.17 50.34 169.21 78.77
aeroplane 0.512669 27.34 169.07 55.12 202.20
boat 0.512654 35.24 78.65 74.51 100.20
sheep 0.512601 93.18 0.00 121.90 18.93
bottle 0.512599 166.96 52.52 175.81 74.22
aeroplane 0.512532 15.39 168.11 45.21 202.87
boat 0.512526 6.99 132.77 32.27 156.60
bird 0.512494 28.24 129.32 126.91 224.00
boat 0.512464 6.91 105.06 30.73 130.09
sheep 0.512440 55.48 70.99 87.37 91.69
sheep 0.512395 43.92 34.02 71.91 67.78
cat 0.512341 212.00 100.79 220.98 148.47
boat 0.512323 7.91 61.39 38.61 85.29
aeroplane 0.512297 157.58 77.87 178.88 119.65
bird 0.512295 71.88 0.00 103.67 19.06
aeroplane 0.512219 177.75 70.02 189.67 105.96
boat 0.512214 6.40 98.03 30.57 122.70
aeroplane 0.512149 163.76 64.99 175.70 93.20
aeroplane 0.512102 193.84 20.91 212.26 45.85
bottle 0.511931 204.31 193.21 221.85 224.00
aeroplane 0.511905 164.58 59.35 175.44 83.98
boat 0.511868 20.08 84.77 51.78 110.02
bottle 0.511794 212.00 110.58 218.25 156.39
boat 0.511610 6.07 112.38 30.90 138.54
boat 0.511582 6.21 122.47 31.59 148.21
sheep 0.511484 82.84 0.00 113.88 18.93
bottle 0.511439 0.00 137.06 97.91 224.00
aeroplane 0.511325 94.72 48.70 148.63 123.09
boat 0.511272 5.59 90.70 30.26 114.51
sheep 0.511027 72.53 34.51 110.46 68.23
aeroplane 0.511014 161.66 70.34 176.69 104.33
sheep 0.510912 74.64 50.74 115.33 82.00
bird 0.510816 161.07 206.47 198.92 224.00
bird 0.510527 22.80 208.23 62.15 224.00
sheep 0.510418 59.98 37.79 85.59 71.39
sheep 0.510363 67.56 53.72 99.78 81.26
bottle 0.510278 184.67 201.42 214.99 224.00
aeroplane 0.509618 212.00 0.00 221.03 37.76
tvmonitor 0.509518 212.00 16.31 222.78 52.40
sheep 0.509318 53.89 56.08 85.24 83.21
sheep 0.508486 29.44 60.27 68.99 86.12
sheep 0.508065 32.94 46.29 67.88 82.18
sheep 0.507198 43.24 41.93 75.43 78.99
