person 0.639079 47.19 20.05 219.67 223.21
person 0.589205 9.92 41.46 189.15 216.46
bottle 0.587310 2.67 155.20 47.67 224.00
bottle 0.583205 87.51 42.94 214.57 217.50
person 0.581321 0.00 61.65 24.59 176.38
bottle 0.579881 2.83 141.15 38.30 209.66
sofa 0.573080 34.90 3.80 170.80 166.99
sofa 0.572231 40.38 70.43 127.01 149.29
bottle 0.570576 9.11 148.97 63.23 216.20
diningtable 0.567177 10.08 0.00 169.91 186.77
bottle 0.565628 1.26 109.69 36.92 195.07
person 0.565033 0.00 92.25 31.58 203.06
bottle 0.562894 5.41 169.81 61.03 224.00
car 0.562078 42.11 66.91 122.76 145.12
bottle 0.559586 1.55 100.28 20.55 183.91
sofa 0.558718 85.97 59.54 158.99 145.59
person 0.555563 48.78 22.12 172.10 192.49
tvmonitor 0.555075 3.00 149.23 44.88 212.74
sheep 0.553788 0.82 40.29 20.44 109.63
tvmonitor 0.553068 1.07 82.73 17.49 170.27
person 0.552480 0.00 39.07 21.55 151.69
person 0.552416 98.87 27.74 208.30 198.17
tvmonitor 0.552186 74.76 55.47 129.36 128.53
chair 0.551946 1.12 75.76 17.56 164.21
dog 0.551587 42.20 79.69 122.12 151.20
tvmonitor 0.550902 1.64 155.43 32.25 217.12
person 0.550732 0.00 38.74 17.44 110.61
chair 0.549003 0.00 38.74 16.38 114.80
bottle 0.548976 6.83 89.01 32.46 184.46
chair 0.548718 0.00 61.31 14.61 144.55
person 0.547851 0.00 125.17 37.50 224.00
sofa 0.546571 56.83 53.24 135.91 132.20
bottle 0.546061 147.59 152.29 223.50 214.18
bottle 0.545844 2.44 122.06 27.32 196.06
tvmonitor 0.545628 79.18 0.00 113.46 71.69
bottle 0.545342 2.27 156.14 32.37 218.68
person 0.545245 25.27 77.92 160.71 213.09
bottle 0.544991 219.15 73.11 224.00 132.67
bottle 0.544912 160.65 42.39 224.00 207.70
chair 0.543984 84.22 63.88 146.80 134.40
sheep 0.543821 0.65 48.94 15.78 135.69
chair 0.543547 78.20 58.65 123.48 131.78
chair 0.543510 49.59 60.29 133.31 138.31
bottle 0.543284 120.35 129.36 148.32 207.72
chair 0.543105 0.00 28.30 21.81 135.71
person 0.542887 86.89 72.81 150.37 140.79
chair 0.542563 36.90 37.68 94.67 117.73
tvmonitor 0.542355 84.51 63.98 148.00 130.52
sheep 0.542210 45.51 106.23 83.21 184.61
sheep 0.542144 42.64 84.11 103.60 151.91
sheep 0.542140 44.45 89.15 90.33 172.51
bottle 0.540200 217.69 89.86 224.00 148.14
bottle 0.539744 186.39 27.02 224.00 185.93
bottle 0.539460 220.00 58.96 224.00 117.51
person 0.539176 165.40 28.38 194.57 58.90
sofa 0.539034 68.55 68.96 138.82 148.23
sofa 0.538896 32.42 0.00 139.67 133.72
sheep 0.538805 68.28 103.48 97.57 182.64
dog 0.538294 72.64 102.28 104.81 181.92
bottle 0.538250 219.65 99.97 224.00 160.02
dog 0.538128 64.86 84.62 109.86 172.14
sheep 0.538098 55.71 104.15 91.60 184.82
person 0.538081 0.00 47.76 127.23 216.20
sheep 0.537857 59.89 84.76 105.22 170.67
sheep 0.537842 5.23 41.33 24.88 105.26
bottle 0.537435 213.71 149.51 224.00 215.90
person 0.537362 76.66 62.47 201.55 214.98
car 0.537200 165.63 32.50 193.43 61.71
person 0.537112 0.00 142.44 65.69 224.00
bottle 0.536980 217.31 146.29 224.00 212.51
bottle 0.536963 117.16 76.44 210.98 210.46
person 0.536927 190.99 23.39 224.00 168.74
person 0.536756 117.40 27.67 202.11 156.76
car 0.536690 220.00 46.34 224.00 100.94
diningtable 0.536648 36.37 39.90 88.36 118.24
bottle 0.536568 68.06 181.09 97.75 220.26
person 0.536533 7.18 76.84 88.06 199.66
bottle 0.536383 0.00 114.89 158.94 224.00
bottle 0.536086 122.45 125.03 141.93 194.84
bottle 0.535690 164.81 117.76 197.46 174.10
bottle 0.535218 63.39 201.62 101.63 224.00
bottle 0.535099 219.51 136.23 224.00 196.95
person 0.534686 133.06 32.42 159.30 68.69
bottle 0.534662 12.20 97.17 40.37 175.37
sheep 0.534319 62.02 118.48 88.40 191.78
bottle 0.534188 0.00 142.94 127.69 224.00
diningtable 0.534050 16.38 0.00 132.17 130.04
tvmonitor 0.534010 42.58 66.91 131.92 144.74
person 0.533970 32.27 8.84 142.03 153.99
bottle 0.533868 118.30 137.95 138.49 205.67
sheep 0.533780 0.29 21.32 24.73 88.84
sheep 0.533773 58.06 154.73 91.53 222.22
chair 0.533698 56.69 47.29 113.49 123.80
person 0.533470 130.60 39.66 157.86 75.57
person 0.533385 36.77 94.31 72.60 164.51
bottle 0.533263 220.00 115.54 224.00 175.79
car 0.533225 220.00 35.02 224.00 80.90
sheep 0.532985 71.87 116.98 94.33 189.08
bottle 0.532966 168.16 89.62 193.99 144.70
sheep 0.532622 75.68 115.73 102.67 186.92
person 0.532615 0.65 100.07 109.52 214.77
dog 0.532611 59.91 164.85 95.46 222.86
bottle 0.532441 162.62 132.69 201.32 193.15
tvmonitor 0.532282 7.41 76.58 28.89 170.44
bottle 0.532144 167.51 101.26 196.52 155.68
person 0.532082 103.14 61.61 151.02 119.59
sheep 0.531673 34.67 98.33 64.13 174.89
bottle 0.531473 170.76 70.21 192.19 117.71
bottle 0.531467 169.11 80.48 192.11 132.08
cat 0.531351 157.90 149.42 216.08 212.79
chair 0.531349 42.25 10.44 169.62 140.52
bottle 0.531270 153.28 106.66 224.00 217.00
bottle 0.531236 113.89 207.88 145.81 224.00
chair 0.531225 120.34 117.38 140.50 185.60
sheep 0.531070 49.14 136.85 79.60 207.54
bottle 0.531001 208.24 154.70 224.00 218.32
bottle 0.530894 25.68 99.05 49.82 173.31
bottle 0.530850 147.39 206.52 203.16 224.00
chair 0.530817 96.24 81.55 148.37 145.95
chair 0.530737 6.95 61.88 23.87 147.51
bottle 0.530672 67.00 0.00 110.29 62.96
bottle 0.530653 34.03 171.47 89.30 220.42
chair 0.530214 0.00 183.38 20.75 224.00
sheep 0.530109 67.38 163.06 97.68 221.60
diningtable 0.530095 39.72 35.06 78.33 105.05
cat 0.529754 160.51 138.90 205.94 201.66
person 0.529606 135.65 28.48 183.18 59.57
person 0.529568 0.00 18.32 18.19 86.08
sheep 0.529420 9.96 42.82 33.15 102.24
sheep 0.529377 38.69 126.56 70.15 191.25
person 0.529320 13.08 57.64 76.28 172.48
sheep 0.529146 31.14 111.06 59.30 185.78
person 0.529092 136.35 21.23 201.93 124.81
person 0.529044 0.00 0.00 34.14 62.03
sheep 0.528980 68.74 139.80 93.76 215.62
boat 0.528973 42.72 69.89 118.35 148.18
boat 0.528952 0.00 8.51 17.05 74.46
chair 0.528894 0.00 21.63 44.30 117.88
chair 0.528774 0.00 0.00 26.70 90.74
person 0.528734 209.81 0.00 224.00 21.32
chair 0.528732 21.83 41.81 56.82 99.74
bottle 0.528509 211.48 200.28 224.00 224.00
dog 0.528346 79.44 115.90 109.84 184.35
bottle 0.528286 120.48 154.41 139.03 214.48
car 0.528219 192.28 0.00 224.00 63.42
dog 0.528210 115.10 114.84 136.36 186.04
bottle 0.528201 116.75 187.83 132.71 217.48
tvmonitor 0.528150 41.62 0.00 128.26 97.14
bottle 0.528036 156.25 167.36 216.94 215.54
bottle 0.528036 129.60 208.60 167.28 224.00
sheep 0.527987 4.96 11.54 30.24 76.19
person 0.527917 81.66 19.48 175.73 143.42
sheep 0.527851 42.98 151.10 79.14 222.17
bottle 0.527805 89.04 204.92 126.31 224.00
sofa 0.527770 91.55 77.69 133.39 155.91
bottle 0.527628 116.91 173.55 132.36 214.56
sheep 0.527550 5.48 50.52 22.67 136.34
bottle 0.527534 171.80 111.19 200.95 164.38
tvmonitor 0.527481 61.68 0.00 110.19 76.47
tvmonitor 0.527297 92.53 4.33 124.46 65.68
bottle 0.527244 128.91 112.05 208.03 219.61
tvmonitor 0.527175 112.30 7.61 139.96 63.17
bottle 0.527170 103.58 205.89 132.67 224.00
bottle 0.527144 152.10 129.55 198.30 179.76
car 0.527024 220.00 20.43 224.00 62.33
person 0.526948 0.00 0.00 111.60 152.65
sheep 0.526913 0.00 5.35 14.76 64.80
person 0.526882 129.95 17.83 159.99 61.33
bottle 0.526803 12.28 77.50 36.67 159.71
bottle 0.526795 136.09 208.19 182.99 224.00
diningtable 0.526747 47.40 10.84 87.15 86.45
bottle 0.526729 170.68 206.93 215.41 224.00
tvmonitor 0.526633 71.68 0.00 111.37 51.11
dog 0.526632 103.05 111.52 126.21 183.09
bottle 0.526591 22.69 161.23 59.80 221.73
dog 0.526579 86.47 105.88 117.40 181.44
bottle 0.526476 13.07 149.34 47.46 206.09
chair 0.526145 105.10 86.00 141.59 156.98
tvmonitor 0.526021 0.00 166.46 22.12 221.30
sheep 0.525931 1.73 7.82 24.31 65.54
chair 0.525902 34.78 37.26 73.40 100.67
bottle 0.525810 189.11 146.64 224.00 215.79
diningtable 0.525796 57.23 5.63 104.97 83.10
bottle 0.525704 166.47 38.54 193.08 65.85
aeroplane 0.525617 37.09 20.00 70.93 87.30
sheep 0.525603 20.81 40.57 53.31 97.85
bottle 0.525581 177.26 114.31 207.98 170.08
person 0.525571 161.24 22.74 197.03 54.37
chair 0.525506 13.18 68.48 35.49 148.06
person 0.525388 0.00 0.00 17.81 24.79
boat 0.525356 168.32 36.55 203.46 62.42
dog 0.525166 77.39 88.74 119.51 174.57
boat 0.525146 66.64 0.00 104.52 21.69
bottle 0.525100 114.42 112.70 144.19 173.86
boat 0.525049 170.21 11.50 198.04 37.63
person 0.525038 126.51 0.00 190.49 61.72
boat 0.524943 171.92 0.00 202.16 15.79
bottle 0.524915 118.66 130.04 149.88 178.51
tvmonitor 0.524700 73.68 0.00 108.96 26.30
chair 0.524668 114.55 104.85 140.02 175.06
person 0.524516 126.20 45.61 157.24 84.53
dog 0.524474 95.84 94.04 126.46 173.58
bottle 0.524349 148.87 191.94 206.72 224.00
aeroplane 0.524338 28.99 23.44 62.43 87.34
bottle 0.524324 17.35 112.34 47.45 188.68
bottle 0.524301 0.00 180.97 30.57 224.00
bottle 0.524292 38.12 143.01 68.17 207.27
bottle 0.524246 105.34 95.41 145.30 158.96
diningtable 0.524242 74.39 29.50 110.89 107.35
car 0.524179 163.44 29.40 203.73 58.92
aeroplane 0.524149 52.32 2.64 92.53 78.56
chair 0.524066 2.85 0.00 57.19 64.90
bottle 0.524038 25.56 91.04 63.52 164.66
chair 0.523984 103.91 57.77 147.70 112.99
person 0.523937 115.15 52.68 153.40 103.18
car 0.523925 220.00 4.65 224.00 46.82
dog 0.523820 109.26 99.06 135.11 174.57
bottle 0.523769 126.40 10.22 153.57 54.58
bottle 0.523656 130.47 15.90 156.27 61.72
person 0.523471 119.61 3.07 199.08 111.51
bottle 0.523422 196.75 204.76 224.00 224.00
chair 0.523381 24.68 25.32 121.13 135.70
chair 0.523343 1.51 4.39 54.21 97.91
bottle 0.523315 121.43 186.00 138.35 215.68
person 0.523267 169.90 10.80 194.73 38.16
tvmonitor 0.523227 124.44 12.31 150.30 61.84
bottle 0.523220 27.85 147.48 58.05 207.38
dog 0.522978 109.65 125.84 128.61 189.72
bottle 0.522888 30.00 130.27 57.81 193.30
bottle 0.522859 119.23 5.05 155.29 46.35
bottle 0.522856 112.54 185.93 127.65 218.85
bottle 0.522812 114.68 150.99 128.81 202.04
aeroplane 0.522565 60.33 0.00 94.43 58.99
dog 0.522558 94.95 120.71 118.20 185.19
bottle 0.522526 190.26 62.92 205.54 104.56
car 0.522425 217.30 0.00 224.00 34.57
bottle 0.522322 17.61 83.31 44.16 158.34
chair 0.522302 37.32 0.86 147.64 113.51
sheep 0.522126 6.69 6.33 27.76 52.64
boat 0.522073 31.38 32.01 66.41 95.09
bottle 0.522065 124.56 165.71 144.36 214.38
sheep 0.521983 11.74 57.19 33.82 136.01
car 0.521858 189.46 0.00 224.00 98.35
bottle 0.521838 22.48 180.16 70.65 224.00
bottle 0.521731 152.51 111.09 192.57 164.14
tvmonitor 0.521700 120.84 4.49 147.58 47.95
tvmonitor 0.521692 87.62 58.76 133.14 118.51
sheep 0.521672 0.00 0.00 14.72 40.73
person 0.521662 99.15 0.00 174.85 67.53
bottle 0.521636 169.90 55.27 192.40 94.25
chair 0.521584 20.31 60.46 49.55 131.32
person 0.521578 168.00 16.87 195.85 49.84
bottle 0.521524 43.51 189.50 94.72 224.00
aeroplane 0.521495 44.96 10.00 80.15 79.61
sheep 0.521347 80.00 126.68 108.66 192.32
bottle 0.521332 48.47 132.16 155.12 224.00
boat 0.521329 188.38 38.12 209.96 64.70
bottle 0.521296 14.29 132.99 46.16 195.54
tvmonitor 0.521283 74.09 29.45 113.20 106.29
bottle 0.521275 187.86 114.00 215.88 171.92
bottle 0.521256 193.68 104.61 215.19 164.01
diningtable 0.521194 51.72 17.93 98.39 93.80
bottle 0.521147 112.93 199.29 134.73 224.00
boat 0.521147 36.30 81.22 100.87 156.76
bottle 0.521133 153.40 97.49 188.75 150.90
sheep 0.521099 15.94 15.88 45.27 77.84
bottle 0.521032 167.45 45.87 192.79 74.68
bottle 0.521004 114.21 174.19 127.54 214.01
bottle 0.521001 11.79 179.48 46.83 224.00
bottle 0.520945 178.44 68.78 194.76 112.24
person 0.520930 135.47 36.56 177.67 69.09
bottle 0.520917 158.44 141.79 211.31 205.67
bottle 0.520834 50.65 0.00 85.19 15.40
bottle 0.520825 113.41 135.11 131.59 197.34
bottle 0.520817 168.49 0.00 194.64 22.96
person 0.520808 53.45 0.00 139.39 77.29
chair 0.520789 36.88 0.00 126.03 82.79
chair 0.520679 21.43 0.00 97.43 74.01
sheep 0.520525 7.25 23.85 34.10 88.97
bottle 0.520495 113.61 0.00 154.86 36.37
boat 0.520473 198.99 0.00 224.00 18.87
boat 0.520423 183.29 30.50 209.93 58.50
bottle 0.520397 99.53 136.18 183.94 224.00
tvmonitor 0.520338 117.38 0.00 150.02 27.58
bottle 0.520270 117.98 198.49 140.50 224.00
chair 0.520174 160.97 0.00 189.87 15.28
bottle 0.520146 186.51 55.82 205.63 95.08
bottle 0.520136 135.80 135.50 161.90 183.03
bottle 0.520105 128.74 182.50 146.47 215.18
boat 0.520077 0.00 0.00 26.13 20.89
bottle 0.520015 152.66 85.99 184.31 141.17
bottle 0.519958 180.41 104.77 208.07 154.12
bottle 0.519934 174.66 139.76 217.87 200.39
person 0.519749 90.61 0.00 180.17 115.94
sheep 0.519734 70.71 153.45 105.96 212.67
bottle 0.519545 181.07 127.05 216.71 184.80
bottle 0.519437 125.55 196.72 148.14 224.00
bottle 0.519357 210.37 182.20 224.00 224.00
bottle 0.519355 60.46 172.79 105.27 219.91
bottle 0.519283 115.56 162.04 126.25 209.63
chair 0.519239 22.57 4.67 112.64 105.08
bottle 0.519175 148.11 74.97 177.98 125.57
boat 0.519146 5.57 0.00 33.83 17.77
person 0.519129 141.77 18.15 182.06 53.76
tvmonitor 0.519021 98.62 56.71 142.68 111.05
bottle 0.519000 202.33 65.33 211.92 111.53
bottle 0.518946 125.11 151.22 151.44 212.88
bottle 0.518938 60.46 0.00 106.90 41.83
person 0.518920 145.87 0.00 204.89 65.36
boat 0.518857 159.12 22.29 203.07 54.39
tvmonitor 0.518794 110.49 20.64 140.57 75.83
chair 0.518648 32.17 56.72 79.84 128.13
sheep 0.518509 9.61 11.24 33.97 64.37
boat 0.518507 182.74 0.00 215.19 17.37
bottle 0.518470 89.18 99.53 186.81 217.00
sheep 0.518409 0.00 0.00 24.65 39.14
dog 0.518355 42.76 0.00 73.54 12.88
bottle 0.518330 28.60 71.59 75.97 143.79
bottle 0.518286 92.94 183.76 118.80 219.05
boat 0.518279 168.69 0.00 204.33 23.66
bottle 0.518207 99.82 131.61 118.20 191.48
bottle 0.518206 186.12 72.43 203.22 116.77
chair 0.518175 147.14 0.00 177.93 17.25
chair 0.518168 127.80 7.47 162.23 46.28
bottle 0.518097 199.51 100.06 214.73 150.04
sheep 0.517819 18.00 3.60 42.84 47.97
bottle 0.517797 178.32 55.81 197.61 92.97
bottle 0.517702 137.28 178.83 156.49 215.16
tvmonitor 0.517645 99.29 0.00 136.00 27.80
sheep 0.517642 35.19 0.00 65.71 12.47
bottle 0.517639 100.04 152.82 115.98 203.05
bottle 0.517572 134.18 195.49 160.87 224.00
tvmonitor 0.517484 81.73 0.00 118.92 29.45
bottle 0.517431 132.11 162.80 153.31 212.06
bottle 0.517373 177.78 46.65 203.63 77.73
tvmonitor 0.517293 101.30 3.36 129.92 56.21
bottle 0.517228 199.23 55.80 209.76 97.86
sheep 0.517151 27.16 0.00 58.51 12.27
chair 0.517117 118.89 0.00 157.62 25.02
bottle 0.517059 140.75 144.74 183.07 208.14
chair 0.516941 114.51 50.25 150.87 97.85
boat 0.516932 190.97 42.68 209.29 72.00
sheep 0.516920 31.34 0.00 55.73 48.05
sheep 0.516918 11.75 0.00 41.84 15.09
boat 0.516820 177.12 21.83 209.05 52.52
sheep 0.516702 31.42 11.88 56.81 66.03
sheep 0.516700 18.74 0.00 50.04 13.25
bottle 0.516663 212.00 69.35 224.00 127.84
bottle 0.516493 212.00 98.41 224.00 163.66
boat 0.516392 157.14 0.00 216.20 66.66
aeroplane 0.516377 52.97 0.00 78.07 52.21
bottle 0.516349 128.80 28.27 156.75 73.87
tvmonitor 0.516209 113.60 0.00 151.85 41.88
sheep 0.516171 6.02 0.00 30.26 33.80
aeroplane 0.516095 42.00 10.54 66.27 67.38
chair 0.516054 146.38 10.00 179.44 42.68
boat 0.515976 212.00 29.09 223.10 64.39
car 0.515902 212.00 36.03 223.51 74.31
aeroplane 0.515890 43.32 0.00 65.26 49.15
tvmonitor 0.515812 105.61 38.25 141.87 96.89
chair 0.515734 131.85 0.00 165.87 21.85
bottle 0.515732 194.58 47.95 209.43 83.96
tvmonitor 0.515696 90.58 36.07 129.23 103.08
boat 0.515491 162.60 17.31 202.31 46.46
bottle 0.515482 180.71 94.44 205.80 140.52
bottle 0.515475 183.38 82.35 203.31 125.48
bottle 0.515438 212.00 133.25 224.00 197.51
bottle 0.515318 140.55 194.39 185.13 224.00
bottle 0.515236 137.31 60.68 175.67 109.96
bottle 0.515230 60.19 192.30 108.67 224.00
chair 0.515186 166.06 9.83 195.88 38.98
bottle 0.515124 132.54 126.76 158.90 172.20
boat 0.515117 175.51 9.05 208.18 34.93
bottle 0.515021 90.65 194.78 123.09 224.00
chair 0.514824 126.70 0.00 161.96 32.42
bottle 0.514780 212.00 58.82 222.74 113.05
bottle 0.514745 166.88 183.72 212.81 224.00
bottle 0.514544 133.18 43.31 173.30 77.56
bottle 0.514484 201.45 93.66 215.13 138.87
boat 0.514281 175.50 15.49 208.20 43.84
bottle 0.514169 212.00 47.11 223.20 95.50
bottle 0.514092 147.01 163.18 189.96 209.57
bottle 0.514082 202.67 81.58 214.56 126.54
boat 0.513975 211.13 14.68 222.86 49.25
chair 0.513674 115.32 80.95 157.46 133.93
bottle 0.513646 54.49 0.00 90.46 35.70
sheep 0.513595 132.69 49.96 172.92 93.62
sheep 0.513562 165.09 0.00 193.06 23.34
boat 0.513533 207.70 6.36 222.57 40.96
boat 0.513165 202.86 0.00 222.16 29.97
boat 0.512554 141.25 4.76 205.27 104.15
bottle 0.512503 125.83 97.12 158.82 145.90
bottle 0.512334 130.09 112.87 158.45 161.19
sheep 0.512226 10.31 0.00 36.77 29.47
bottle 0.512031 112.90 71.88 157.36 121.15
bottle 0.511791 192.51 182.28 221.42 224.00
sheep 0.510883 17.44 0.00 47.36 26.17
sheep 0.510770 28.53 0.00 58.48 24.77
dog 0.510318 46.78 0.00 75.46 28.20
sheep 0.510152 38.24 0.00 65.88 24.97
