person 0.627495 31.91 4.35 219.17 206.49
person 0.596559 99.03 0.32 149.77 92.31
person 0.594850 96.32 14.25 130.95 98.22
person 0.589996 46.55 31.58 181.34 185.58
motorbike 0.579134 32.78 16.63 223.03 189.10
person 0.571724 114.95 0.51 153.80 73.67
bicycle 0.571531 43.13 46.77 170.82 180.91
motorbike 0.570058 23.17 36.50 177.87 177.62
horse 0.562453 54.26 25.63 214.61 195.43
person 0.559572 77.61 26.08 194.96 142.28
person 0.556975 71.44 33.74 119.00 108.98
motorbike 0.553662 186.82 74.36 210.39 103.91
person 0.553657 54.65 27.37 112.08 124.38
aeroplane 0.551745 58.32 39.04 107.80 135.96
motorbike 0.551325 57.28 47.28 102.24 144.20
bicycle 0.551214 46.21 94.89 118.04 174.06
motorbike 0.550591 49.27 89.83 115.45 179.65
person 0.549268 10.99 0.00 66.09 155.15
chair 0.548774 49.22 92.31 108.98 177.55
car 0.548327 205.85 76.77 224.00 107.17
dog 0.546413 60.65 151.68 122.69 217.28
car 0.545888 187.70 75.50 210.92 102.32
person 0.543164 87.91 12.78 186.69 114.15
person 0.542867 217.24 32.72 223.09 63.25
motorbike 0.542687 68.27 79.60 125.83 179.83
person 0.542585 21.42 0.00 88.60 160.89
motorbike 0.542373 89.93 16.55 144.41 112.55
person 0.541981 0.00 44.28 46.88 190.75
dog 0.541453 12.05 10.32 43.67 87.78
car 0.541121 210.54 106.46 224.00 135.76
person 0.540877 10.25 41.08 74.42 191.36
bottle 0.540236 53.86 80.15 101.04 172.10
motorbike 0.539779 79.08 64.03 124.01 165.15
person 0.539737 100.86 22.33 139.63 86.88
horse 0.539697 71.37 77.92 216.35 186.92
person 0.539522 25.62 21.80 114.21 186.06
person 0.539085 89.81 24.31 120.83 109.79
motorbike 0.539051 98.90 34.55 138.61 121.43
bottle 0.538957 122.05 8.97 151.34 64.40
motorbike 0.538956 60.21 68.89 213.87 184.41
person 0.538653 216.60 37.60 222.54 70.33
person 0.538031 172.89 33.86 224.00 193.43
aeroplane 0.537067 55.16 70.47 92.99 155.76
motorbike 0.536899 91.24 53.39 130.74 149.43
person 0.536638 218.22 26.92 222.68 57.06
car 0.536589 206.02 69.60 222.28 98.06
motorbike 0.536285 191.69 109.62 212.50 133.04
aeroplane 0.536197 70.69 153.14 119.09 212.56
sheep 0.535818 0.00 126.83 15.86 177.72
person 0.535725 124.01 4.24 155.08 58.95
person 0.535714 102.34 22.94 207.17 200.14
dog 0.534945 0.00 122.83 16.31 174.41
dog 0.534916 46.50 108.44 96.79 167.84
aeroplane 0.534898 60.69 112.84 120.07 191.08
motorbike 0.534880 64.91 52.51 116.05 150.40
person 0.533863 0.00 5.82 56.88 128.16
person 0.533693 51.42 30.05 140.74 162.80
chair 0.533565 177.92 28.21 224.00 180.45
motorbike 0.533443 84.03 42.79 122.15 132.87
person 0.533328 0.00 0.00 131.67 165.67
car 0.533303 210.08 97.50 224.00 129.38
motorbike 0.533251 64.67 33.51 113.43 123.32
person 0.532763 102.76 0.00 184.30 89.19
bicycle 0.532655 46.90 83.45 147.26 196.79
person 0.532561 65.19 45.13 101.89 108.67
person 0.532398 0.00 11.00 8.55 71.14
sheep 0.531931 0.00 207.66 32.09 224.00
aeroplane 0.531860 48.77 104.47 109.92 180.25
motorbike 0.531492 91.76 42.85 155.69 125.21
sheep 0.531277 0.00 157.54 12.84 209.52
bottle 0.531107 67.36 17.96 86.09 53.30
dog 0.531066 0.00 203.75 21.58 224.00
person 0.531047 215.97 45.41 222.05 80.49
bottle 0.530960 125.65 0.00 155.84 49.72
person 0.530735 188.34 0.00 224.00 52.24
motorbike 0.530695 47.50 85.92 158.15 193.24
bicycle 0.530121 0.00 174.98 68.25 224.00
pottedplant 0.530032 7.47 3.05 61.87 110.82
diningtable 0.529973 104.94 206.55 155.93 224.00
dog 0.529867 112.09 207.07 162.45 224.00
car 0.529834 209.65 85.61 224.00 121.29
person 0.529789 97.81 205.91 148.60 224.00
sheep 0.529756 8.88 126.38 31.06 169.75
person 0.529657 0.00 168.43 48.32 224.00
chair 0.529499 0.00 14.89 8.80 76.04
person 0.529445 220.00 18.64 222.31 49.96
bottle 0.529397 73.77 18.90 96.60 56.98
dog 0.529113 52.77 124.71 113.01 199.33
sheep 0.528992 0.00 157.13 23.76 205.46
car 0.528933 210.35 0.00 224.00 20.55
person 0.528929 73.64 21.79 98.71 67.43
motorbike 0.528885 103.37 52.57 166.73 121.69
dog 0.528569 13.26 12.67 39.01 66.72
dog 0.528559 134.70 209.69 175.30 224.00
person 0.528530 209.96 206.74 224.00 224.00
dog 0.528075 51.19 78.40 87.34 152.18
motorbike 0.528055 185.57 85.35 210.78 117.68
motorbike 0.527861 185.60 99.24 210.37 125.74
bicycle 0.527848 22.01 61.86 119.95 185.91
car 0.527842 170.78 0.00 203.27 15.50
bottle 0.527703 103.69 20.33 146.67 82.11
sheep 0.527675 63.28 16.44 80.44 52.18
person 0.527649 128.37 0.00 168.73 52.06
motorbike 0.527636 42.34 55.14 203.04 221.22
bottle 0.527501 62.97 16.20 80.69 62.71
bottle 0.527487 128.65 0.00 158.05 30.83
dog 0.527479 32.74 211.68 68.00 224.00
car 0.527366 148.79 0.00 194.42 16.76
dog 0.527316 53.08 143.27 107.14 210.81
person 0.527265 85.06 23.09 115.06 73.04
person 0.527190 184.32 14.85 224.00 145.74
tvmonitor 0.527132 0.00 18.65 9.46 80.53
boat 0.527088 92.65 0.00 123.81 20.57
person 0.527081 170.92 176.58 224.00 224.00
person 0.527027 211.08 58.88 221.87 91.43
sheep 0.526982 7.62 157.21 29.23 205.17
horse 0.526905 187.52 114.18 209.57 136.44
motorbike 0.526576 54.71 163.09 133.21 224.00
person 0.526522 0.00 0.00 16.12 25.07
person 0.526502 131.85 0.00 184.03 42.81
car 0.526441 137.11 0.00 187.22 21.75
bottle 0.526397 14.01 3.86 67.81 111.79
bottle 0.526313 64.74 38.64 93.69 97.73
person 0.526292 86.13 30.69 118.61 86.18
car 0.526204 199.05 108.81 217.58 132.45
dog 0.526118 19.77 211.20 57.33 224.00
sheep 0.526077 0.00 173.98 23.67 217.58
dog 0.526067 153.43 210.43 189.33 224.00
motorbike 0.526047 98.31 58.72 145.69 138.35
person 0.526014 0.00 91.58 9.89 139.79
horse 0.525972 92.41 163.19 197.22 224.00
person 0.525931 0.00 90.21 59.59 202.93
person 0.525869 0.00 101.41 11.51 151.42
sheep 0.525859 0.00 175.10 13.63 221.34
sheep 0.525822 2.58 13.12 32.29 65.32
sheep 0.525756 53.70 14.47 73.76 65.60
sheep 0.525735 0.00 140.74 14.66 191.41
sheep 0.525579 11.13 211.12 48.79 224.00
sheep 0.525514 13.34 155.90 37.83 206.96
horse 0.525492 99.59 100.20 208.80 189.02
person 0.525462 0.00 0.00 9.17 53.81
person 0.525456 107.45 17.01 155.00 85.46
person 0.525297 1.25 45.88 146.94 213.66
bottle 0.525255 83.95 19.59 110.95 63.13
dog 0.525244 162.74 210.67 198.37 224.00
person 0.525181 6.46 0.00 58.36 82.14
bottle 0.525116 101.43 0.00 133.35 21.74
bottle 0.525072 63.18 22.07 82.74 77.36
sheep 0.525064 17.65 150.42 53.05 201.49
dog 0.524958 40.68 211.29 77.23 224.00
sheep 0.524952 30.24 155.94 65.97 201.58
bottle 0.524878 66.66 26.95 88.55 78.94
boat 0.524716 84.66 0.00 116.73 19.68
dog 0.524629 47.19 157.27 91.97 205.15
sheep 0.524505 11.74 130.51 35.51 183.93
sheep 0.524498 41.87 115.78 83.81 165.26
person 0.524355 219.76 7.60 223.30 40.33
person 0.524345 207.26 33.36 217.22 60.25
dog 0.524299 0.00 111.26 14.40 162.81
dog 0.524298 53.44 17.94 75.72 77.95
dog 0.524280 14.75 37.79 40.53 90.62
sheep 0.524247 10.86 147.10 43.99 201.51
sheep 0.524029 185.85 211.92 222.86 224.00
dog 0.524024 177.47 211.56 215.51 224.00
bicycle 0.524017 0.00 74.36 134.60 224.00
tvmonitor 0.523873 6.64 14.71 47.60 82.36
person 0.523806 192.50 35.41 210.01 59.75
horse 0.523716 170.88 111.59 224.00 201.99
motorbike 0.523608 129.11 62.09 176.14 116.01
dog 0.523605 49.49 210.21 89.42 224.00
person 0.523538 88.68 206.95 130.91 224.00
horse 0.523492 217.56 133.92 224.00 165.33
dog 0.523430 9.24 122.77 31.27 166.55
motorbike 0.523237 66.10 158.81 170.96 224.00
motorbike 0.523219 213.42 113.53 224.00 145.22
aeroplane 0.523193 51.85 122.23 101.92 194.44
person 0.523082 73.72 31.43 100.41 82.45
dog 0.523047 54.19 27.22 81.59 89.84
sheep 0.523032 17.75 14.64 49.05 72.39
sheep 0.523019 67.14 16.11 87.03 42.90
motorbike 0.523016 166.83 82.28 224.00 199.25
motorbike 0.522956 93.85 76.76 134.91 164.54
person 0.522955 187.56 0.00 224.00 90.17
bicycle 0.522950 22.35 172.77 114.97 224.00
cow 0.522873 54.05 61.12 98.30 137.22
sheep 0.522844 14.25 125.45 42.18 166.82
person 0.522836 131.90 0.00 178.07 27.78
diningtable 0.522812 106.07 157.75 151.04 199.31
sheep 0.522594 23.64 122.92 51.32 165.68
horse 0.522573 218.11 143.81 224.00 175.13
sheep 0.522558 3.31 107.40 25.82 148.72
sheep 0.522498 31.36 14.78 61.90 69.69
motorbike 0.522402 99.79 19.12 157.25 97.95
horse 0.522324 122.92 170.51 217.36 224.00
boat 0.522291 60.58 0.00 92.72 19.33
diningtable 0.522278 21.50 63.18 172.88 224.00
boat 0.522252 75.85 0.00 108.42 18.21
sheep 0.522244 36.63 165.88 63.97 203.58
sheep 0.522189 0.00 190.89 15.88 224.00
bottle 0.522174 95.23 19.72 124.65 71.53
sheep 0.522027 5.77 174.22 30.48 216.58
sheep 0.522020 16.78 10.60 42.51 55.58
car 0.522020 193.03 77.92 215.18 107.87
sheep 0.522012 9.67 139.82 28.83 186.48
person 0.521986 188.59 66.66 208.64 96.81
dog 0.521970 81.53 208.27 124.72 224.00
sheep 0.521857 0.00 192.86 26.09 224.00
sheep 0.521856 2.03 97.74 25.25 137.12
horse 0.521825 152.71 68.90 184.89 111.86
motorbike 0.521820 151.62 73.41 184.54 118.03
sheep 0.521801 24.38 161.91 52.97 204.77
person 0.521792 193.87 29.74 210.66 52.61
bottle 0.521722 0.00 81.07 9.57 127.36
boat 0.521720 67.55 0.00 100.18 17.99
horse 0.521710 218.77 153.11 224.00 185.20
person 0.521643 208.44 27.82 216.93 54.54
sheep 0.521626 17.13 103.05 37.78 145.26
dog 0.521568 26.05 14.29 62.95 79.15
horse 0.521544 219.91 161.67 224.00 194.53
horse 0.521519 216.28 122.80 224.00 155.22
dog 0.521513 37.35 77.37 71.48 139.95
person 0.521501 143.77 0.00 196.66 21.04
bottle 0.521493 112.30 0.00 144.54 25.43
dog 0.521425 65.11 209.33 112.25 224.00
tvmonitor 0.521305 0.00 40.94 10.74 95.56
motorbike 0.521300 103.64 40.24 216.41 196.52
aeroplane 0.521230 106.49 194.58 147.60 219.19
diningtable 0.521230 92.52 156.24 140.76 205.37
bicycle 0.521174 51.72 123.73 137.33 222.90
boat 0.521107 14.14 0.00 44.26 17.56
bird 0.521056 65.67 41.34 109.02 111.93
sheep 0.521008 12.62 106.07 31.69 146.40
dog 0.520995 19.49 94.36 39.70 135.34
aeroplane 0.520985 105.39 202.16 151.69 224.00
person 0.520867 135.11 8.30 180.10 67.62
person 0.520794 188.72 42.01 207.68 71.36
boat 0.520700 46.48 0.00 77.56 19.50
sheep 0.520678 170.23 0.00 201.62 17.42
dog 0.520667 56.15 37.35 88.19 94.96
horse 0.520666 166.25 71.92 194.56 108.09
cow 0.520583 175.51 3.49 202.74 26.93
dog 0.520492 21.78 90.39 45.91 137.48
boat 0.520488 37.27 0.00 68.70 18.84
car 0.520466 186.44 0.00 216.61 15.40
car 0.520365 200.46 0.00 223.59 18.19
sheep 0.520360 4.49 117.72 27.39 160.18
boat 0.520303 7.46 0.00 37.11 18.64
sheep 0.520252 19.96 167.31 45.09 209.12
person 0.520146 206.90 38.80 216.27 68.22
pottedplant 0.520076 87.10 0.00 154.71 86.31
aeroplane 0.520067 59.16 161.41 109.92 221.05
diningtable 0.520063 77.25 97.34 126.76 184.80
dog 0.519855 20.52 87.54 41.86 125.16
person 0.519806 151.95 0.00 219.28 61.15
sheep 0.519764 72.46 16.36 95.95 45.13
motorbike 0.519759 185.56 106.87 207.15 130.78
person 0.519752 216.50 0.00 224.00 29.31
motorbike 0.519730 57.43 124.66 149.30 216.65
horse 0.519700 112.64 133.47 205.81 190.45
dog 0.519695 18.10 53.93 41.29 100.60
diningtable 0.519645 150.65 149.26 193.71 183.62
dog 0.519600 25.73 84.33 53.07 139.06
aeroplane 0.519563 220.00 168.68 224.00 202.43
boat 0.519550 26.80 0.00 58.60 18.51
dog 0.519498 23.91 72.65 48.60 118.15
dog 0.519492 18.75 98.25 43.82 145.64
boat 0.519464 0.00 0.00 27.01 21.15
motorbike 0.519456 105.05 84.09 147.23 155.51
person 0.519455 162.05 0.00 197.65 16.93
horse 0.519430 200.87 111.81 217.17 134.17
cow 0.519374 166.75 0.00 198.02 26.51
dog 0.519362 28.69 27.01 69.97 87.28
aeroplane 0.519311 105.05 181.72 145.32 209.24
diningtable 0.519251 136.55 146.84 184.35 183.95
motorbike 0.519229 180.00 71.77 205.35 104.69
aeroplane 0.519130 89.21 158.72 139.77 205.56
dog 0.519097 13.49 97.20 33.02 135.10
person 0.519056 188.91 54.34 207.70 86.41
person 0.518990 192.38 20.38 210.77 42.67
diningtable 0.518969 162.60 152.41 199.04 182.95
bottle 0.518908 0.00 66.61 9.51 115.61
person 0.518850 147.56 0.00 190.56 45.02
sheep 0.518816 15.92 130.34 50.47 187.34
car 0.518710 197.75 100.10 217.49 126.97
aeroplane 0.518689 92.98 176.60 140.75 209.51
sheep 0.518679 13.51 114.44 36.72 157.06
aeroplane 0.518667 91.88 188.49 132.51 217.42
diningtable 0.518614 173.62 154.02 203.56 182.12
sheep 0.518543 215.77 198.60 224.00 224.00
dog 0.518508 20.52 72.97 42.18 113.66
dog 0.518498 71.06 168.66 118.56 222.21
person 0.518460 26.93 0.00 79.35 85.03
person 0.518430 184.51 18.97 208.12 40.98
aeroplane 0.518418 103.80 168.70 145.34 205.17
aeroplane 0.518385 172.63 161.48 201.45 188.64
sheep 0.518295 1.64 87.11 24.73 123.35
diningtable 0.518244 111.41 153.54 167.62 189.71
aeroplane 0.518238 164.62 158.57 196.06 188.92
diningtable 0.518147 181.55 154.87 208.24 180.54
person 0.518134 209.98 19.22 216.56 46.61
aeroplane 0.518056 79.89 175.93 119.63 220.61
aeroplane 0.518043 46.96 125.96 88.62 188.74
car 0.518037 94.56 199.26 135.91 224.00
motorbike 0.518023 110.60 103.37 153.84 167.03
person 0.517921 43.85 0.00 104.35 87.90
dog 0.517909 220.00 186.00 224.00 220.33
bottle 0.517884 24.23 9.44 81.30 116.39
bottle 0.517851 65.52 0.00 134.09 89.44
bicycle 0.517821 15.04 102.41 101.59 202.51
dog 0.517761 56.57 56.26 102.98 130.56
aeroplane 0.517706 85.29 171.95 129.05 210.01
dog 0.517666 41.52 101.49 76.96 162.62
diningtable 0.517592 122.85 113.60 167.97 162.81
motorbike 0.517556 168.40 69.67 194.85 103.31
bottle 0.517536 105.62 16.23 141.29 66.85
bottle 0.517524 97.54 0.00 124.25 40.25
diningtable 0.517455 109.32 115.51 155.06 176.86
horse 0.517445 168.85 159.79 224.00 224.00
aeroplane 0.517424 179.70 162.73 206.87 187.41
cow 0.517408 151.75 7.53 190.39 57.12
horse 0.517345 129.04 107.38 224.00 190.99
motorbike 0.517304 104.87 77.47 156.86 139.41
bottle 0.517212 100.45 15.27 128.42 64.14
sheep 0.517199 13.14 174.56 38.01 216.28
aeroplane 0.517196 155.57 154.56 191.20 189.06
person 0.517057 188.07 7.32 211.16 29.25
diningtable 0.517000 121.03 142.55 177.13 181.33
tvmonitor 0.516998 6.26 37.42 37.14 90.01
motorbike 0.516995 131.20 78.54 175.04 127.08
person 0.516942 180.73 13.95 204.96 39.64
sheep 0.516855 15.84 0.00 42.22 40.62
person 0.516844 0.00 137.85 69.99 224.00
horse 0.516842 194.63 136.65 211.44 161.09
cow 0.516819 159.26 19.21 192.39 65.41
cow 0.516819 170.11 6.47 198.50 39.30
dog 0.516750 13.42 53.53 34.38 97.45
cow 0.516677 165.74 33.11 193.57 72.31
diningtable 0.516640 113.88 136.81 165.58 184.51
person 0.516625 124.52 12.65 204.82 123.34
diningtable 0.516624 91.68 105.12 137.06 180.69
person 0.516623 184.54 24.55 207.42 51.95
motorbike 0.516616 119.43 104.39 164.72 155.57
person 0.516603 148.64 35.09 182.31 79.61
sheep 0.516510 30.96 128.81 68.53 185.91
bottle 0.516479 81.15 15.80 109.01 49.95
sheep 0.516422 63.74 0.00 88.94 31.49
horse 0.516374 194.05 117.66 212.79 140.00
diningtable 0.516373 127.33 126.83 171.36 169.03
dog 0.516373 14.34 88.69 33.74 122.15
diningtable 0.516316 184.26 146.27 207.85 172.14
bottle 0.516309 45.39 13.73 111.74 117.21
person 0.516238 186.16 33.21 207.32 61.46
sheep 0.516234 0.00 0.00 26.33 42.90
motorbike 0.516212 125.95 47.93 172.08 104.74
dog 0.516184 52.95 14.64 75.26 43.91
diningtable 0.516154 190.15 154.19 212.83 177.75
sheep 0.516120 32.34 183.40 53.65 217.72
diningtable 0.516110 192.92 145.56 212.21 169.57
car 0.516099 196.16 86.29 216.30 117.83
dog 0.516070 17.06 27.33 50.17 86.65
cow 0.516033 173.17 17.12 200.25 52.72
bottle 0.516007 105.94 0.00 136.45 41.56
dog 0.515948 25.53 106.42 52.41 157.84
person 0.515752 176.07 28.91 200.89 62.47
dog 0.515744 11.34 0.00 37.10 40.76
sheep 0.515716 21.64 178.53 45.88 216.82
motorbike 0.515716 112.93 92.54 160.00 148.58
horse 0.515712 186.79 136.98 206.78 163.42
aeroplane 0.515672 189.08 162.81 212.63 185.34
aeroplane 0.515643 114.41 194.86 162.62 222.36
diningtable 0.515633 105.33 134.16 154.25 189.50
dog 0.515628 41.28 68.21 76.19 125.85
sheep 0.515605 39.80 185.13 62.60 217.38
sheep 0.515590 2.83 69.88 25.89 110.84
diningtable 0.515573 162.08 146.28 200.02 174.95
motorbike 0.515562 128.84 111.53 168.54 149.98
dog 0.515561 15.59 111.07 42.24 156.24
pottedplant 0.515548 67.58 18.69 146.68 117.56
aeroplane 0.515545 182.57 194.10 208.80 217.30
motorbike 0.515472 122.51 34.79 168.20 91.07
aeroplane 0.515465 192.37 192.14 215.83 215.69
sheep 0.515422 88.98 0.00 117.15 37.88
horse 0.515412 81.94 135.31 198.95 214.39
diningtable 0.515397 175.70 146.28 203.77 173.44
horse 0.515268 206.83 135.23 220.39 160.69
aeroplane 0.515213 141.54 194.54 177.29 220.65
bottle 0.515213 93.44 15.52 121.50 57.96
diningtable 0.515185 132.13 133.91 181.80 174.29
horse 0.515174 136.77 135.24 224.00 195.00
horse 0.515141 195.07 126.87 212.15 149.56
dog 0.515081 4.92 51.48 31.04 97.93
aeroplane 0.515072 157.91 194.96 185.20 220.40
aeroplane 0.514921 175.55 194.44 201.01 217.60
person 0.514864 169.69 47.26 194.66 79.87
sheep 0.514728 35.66 13.69 62.86 46.56
motorbike 0.514721 154.86 60.15 183.65 100.54
horse 0.514705 189.19 126.64 208.20 150.84
aeroplane 0.514691 167.50 194.86 193.06 218.96
dog 0.514681 56.28 186.97 101.15 224.00
horse 0.514677 177.32 107.99 200.59 129.40
diningtable 0.514673 80.65 149.95 127.10 209.73
dog 0.514664 54.52 169.69 97.43 217.24
sheep 0.514664 69.88 0.00 96.94 32.45
dog 0.514663 14.44 72.62 33.97 109.99
person 0.514659 204.06 49.94 214.39 81.94
person 0.514641 209.53 7.39 217.75 35.37
person 0.514538 177.99 40.56 201.92 71.26
person 0.514518 137.75 1.08 210.14 98.39
dog 0.514518 28.29 202.59 58.96 224.00
sheep 0.514419 20.44 198.52 52.32 224.00
sheep 0.514406 11.16 195.11 42.89 224.00
horse 0.514359 163.65 111.24 187.72 132.94
dog 0.514310 171.73 206.89 203.46 224.00
sheep 0.514224 184.26 0.00 212.19 17.86
motorbike 0.514222 153.91 50.42 182.65 87.47
sheep 0.514186 78.33 0.00 107.41 35.04
motorbike 0.514129 115.37 86.21 165.78 134.92
bottle 0.514106 115.96 0.00 148.06 45.63
aeroplane 0.514059 184.85 180.50 206.32 202.29
diningtable 0.513980 78.15 123.49 125.43 200.18
horse 0.513939 205.78 144.59 222.62 169.52
sheep 0.513887 58.10 0.00 82.24 30.88
aeroplane 0.513871 194.05 180.60 213.48 201.31
sheep 0.513870 37.85 117.61 72.94 171.28
aeroplane 0.513848 109.29 169.65 159.89 202.34
horse 0.513810 206.57 124.97 218.98 150.41
person 0.513789 196.84 64.99 212.57 94.62
diningtable 0.513762 147.04 137.36 190.45 171.96
motorbike 0.513749 152.08 110.00 176.90 137.29
motorbike 0.513724 139.36 114.09 172.20 146.43
diningtable 0.513716 92.16 129.01 138.97 194.71
horse 0.513679 204.25 115.52 217.82 140.00
dog 0.513664 47.32 179.27 79.53 215.72
sheep 0.513652 187.60 206.05 218.13 224.00
motorbike 0.513635 136.84 120.01 173.31 155.29
aeroplane 0.513575 191.63 170.98 212.54 192.22
aeroplane 0.513564 182.13 169.94 205.91 192.99
horse 0.513554 164.23 85.33 196.29 121.06
dog 0.513494 50.07 193.08 90.00 224.00
motorbike 0.513475 148.45 115.80 175.41 143.88
dog 0.513474 82.84 194.62 120.53 224.00
horse 0.513426 171.37 59.64 194.98 86.86
motorbike 0.513299 161.04 117.13 184.89 139.72
motorbike 0.513248 135.75 94.64 173.57 133.30
diningtable 0.513188 179.22 137.79 202.74 165.32
dog 0.513117 26.46 54.63 51.99 108.68
bicycle 0.513067 9.94 139.11 92.92 224.00
bicycle 0.513025 25.55 132.50 123.23 224.00
motorbike 0.512902 152.13 99.46 179.38 130.42
dog 0.512818 41.18 200.35 75.17 224.00
aeroplane 0.512800 175.43 168.34 199.62 193.23
aeroplane 0.512786 177.52 179.99 199.09 202.00
horse 0.512780 115.62 153.96 205.29 218.67
aeroplane 0.512725 168.22 165.79 192.71 193.52
diningtable 0.512678 164.44 139.60 197.55 168.65
aeroplane 0.512529 159.98 178.48 183.98 203.54
aeroplane 0.512506 140.31 179.06 174.80 205.43
aeroplane 0.512436 122.67 181.34 165.55 207.97
horse 0.512405 204.39 153.44 224.00 178.35
motorbike 0.512404 164.04 100.54 192.44 125.81
sheep 0.512366 50.15 0.00 76.01 30.92
aeroplane 0.512355 169.46 179.19 191.23 202.30
sheep 0.512330 205.18 0.00 218.72 24.59
aeroplane 0.512320 159.31 163.01 187.25 194.29
diningtable 0.512180 150.04 130.09 185.29 160.30
person 0.512079 179.82 54.54 204.16 82.97
dog 0.512073 39.89 45.08 76.37 95.64
dog 0.512007 60.00 45.61 102.26 104.34
horse 0.511945 176.20 114.14 199.68 135.11
sheep 0.511783 201.52 203.22 224.00 224.00
diningtable 0.511782 205.07 162.09 224.00 186.74
sheep 0.511662 36.66 0.00 65.41 31.93
dog 0.511645 42.24 56.43 77.50 111.95
motorbike 0.511604 155.88 123.07 183.44 148.64
horse 0.511564 178.99 84.42 207.28 117.69
sheep 0.511503 22.77 0.00 51.20 35.21
aeroplane 0.511480 140.54 163.26 177.52 196.32
horse 0.511462 178.39 98.70 204.43 122.44
aeroplane 0.511387 122.03 167.03 166.97 199.88
motorbike 0.511275 183.81 127.29 204.33 152.77
horse 0.511055 180.00 66.33 206.58 91.25
aeroplane 0.511055 206.95 188.66 224.00 215.61
horse 0.510835 185.78 117.25 206.47 141.13
aeroplane 0.510495 207.58 169.66 224.00 194.18
motorbike 0.509911 168.28 130.43 196.51 156.33
aeroplane 0.509813 209.16 178.26 224.00 201.56
motorbike 0.508971 172.80 120.59 197.90 143.83
