tvmonitor 0.575461 211.02 108.53 224.00 166.18
chair 0.572879 211.65 105.95 223.61 167.85
chair 0.572837 4.34 116.07 77.99 159.09
chair 0.568727 59.70 121.14 126.24 154.38
tvmonitor 0.566927 205.40 110.61 222.44 163.51
diningtable 0.563927 27.89 130.73 200.41 206.61
chair 0.558526 67.25 107.35 146.65 161.91
tvmonitor 0.556908 1.73 113.34 85.96 161.63
sofa 0.555414 184.19 150.88 218.92 193.07
chair 0.552375 43.51 150.59 114.02 213.75
tvmonitor 0.550405 77.29 111.74 142.88 160.25
tvmonitor 0.548717 164.63 118.69 187.44 151.36
chair 0.548670 41.17 125.39 101.53 154.80
chair 0.548596 134.99 185.66 171.80 212.54
chair 0.548335 206.53 106.41 221.93 179.42
tvmonitor 0.546098 172.34 119.23 198.24 153.84
chair 0.545522 203.67 125.75 222.14 192.05
chair 0.545110 191.50 150.38 218.81 193.68
diningtable 0.545074 31.91 148.78 185.69 224.00
chair 0.544273 58.33 128.35 117.90 159.42
tvmonitor 0.544140 155.32 117.01 180.23 152.32
chair 0.543911 197.51 140.77 221.53 197.07
chair 0.543860 80.87 122.79 161.13 168.28
tvmonitor 0.543477 66.91 90.83 115.60 133.19
tvmonitor 0.541959 125.79 115.26 166.27 156.33
tvmonitor 0.540986 188.57 111.51 217.26 168.88
chair 0.540416 59.47 170.34 100.46 216.69
diningtable 0.539839 17.26 103.01 173.04 187.75
tvmonitor 0.539808 139.60 116.00 172.97 154.56
sofa 0.539619 189.45 168.97 217.56 216.86
chair 0.539571 42.52 139.96 116.81 193.13
diningtable 0.539080 48.12 117.77 179.73 195.18
chair 0.539058 74.85 120.91 147.58 156.27
tvmonitor 0.538920 0.06 120.41 67.22 181.60
tvmonitor 0.538556 178.63 116.51 208.94 165.65
chair 0.538484 191.73 183.05 224.00 224.00
chair 0.538181 217.83 59.51 224.00 97.42
chair 0.537953 65.00 179.89 93.91 219.57
sofa 0.536732 187.50 158.42 220.28 204.68
tvmonitor 0.536540 98.44 112.21 156.54 154.92
chair 0.535913 84.00 180.89 135.09 217.75
boat 0.535910 56.43 6.95 107.62 37.06
tvmonitor 0.535839 53.60 99.51 133.97 166.24
tvmonitor 0.535774 212.83 95.06 223.87 150.62
chair 0.535614 2.94 78.83 78.82 173.13
chair 0.535346 60.89 195.20 99.72 224.00
tvmonitor 0.535185 0.00 103.53 33.37 157.65
chair 0.535154 200.34 89.92 224.00 191.77
chair 0.534948 187.69 105.20 217.87 169.20
tvmonitor 0.534934 0.00 98.56 18.93 148.71
chair 0.534383 14.02 57.39 127.56 188.91
bottle 0.534159 57.22 5.38 109.09 34.54
chair 0.534090 87.11 134.06 161.72 181.11
chair 0.534090 0.00 125.89 50.84 220.31
car 0.534012 211.66 0.00 224.00 23.21
chair 0.534001 77.19 190.98 138.39 224.00
chair 0.533785 32.37 173.79 55.01 221.11
chair 0.533604 36.54 173.24 62.74 222.52
tvmonitor 0.533491 0.00 123.63 40.32 185.82
chair 0.532770 131.32 195.36 175.73 224.00
tvmonitor 0.532525 0.71 58.30 23.08 88.97
tvmonitor 0.532409 25.09 91.56 74.84 128.98
bottle 0.532386 169.19 0.00 191.28 17.93
chair 0.532330 180.17 109.93 210.96 167.79
chair 0.532063 94.37 155.46 159.79 191.49
tvmonitor 0.532006 217.00 80.47 224.00 134.11
chair 0.532004 186.68 160.26 221.94 189.07
tvmonitor 0.531848 218.81 71.16 224.00 116.53
chair 0.531714 23.62 121.79 79.90 156.00
chair 0.531686 1.49 96.47 67.67 196.21
sofa 0.531663 189.03 187.49 217.38 224.00
tvmonitor 0.531615 0.00 133.80 51.08 196.74
diningtable 0.531581 8.62 110.41 164.12 224.00
chair 0.531481 29.67 197.30 68.42 224.00
car 0.531375 187.02 0.00 224.00 49.20
chair 0.531331 0.00 160.33 58.28 224.00
chair 0.531144 9.80 93.02 163.65 187.75
chair 0.531115 205.68 146.46 224.00 224.00
chair 0.530744 89.83 147.68 156.99 176.33
sheep 0.530690 34.43 17.76 64.06 46.41
boat 0.530469 40.99 16.31 75.24 44.79
chair 0.530399 51.44 131.88 120.05 170.16
chair 0.530380 76.42 176.41 128.51 212.38
sofa 0.530299 195.35 164.56 223.74 216.33
bottle 0.530079 220.00 15.29 224.00 54.44
chair 0.529677 0.00 99.32 142.27 224.00
tvmonitor 0.529645 2.86 107.60 49.03 160.22
tvmonitor 0.529603 6.30 62.74 30.53 89.20
bottle 0.529588 62.89 4.38 116.58 26.09
tvmonitor 0.529574 61.16 91.24 130.72 147.73
sofa 0.529515 183.17 191.11 210.88 224.00
chair 0.529490 193.44 69.63 224.00 171.71
chair 0.529462 37.24 198.53 86.85 224.00
sheep 0.529425 26.02 18.75 54.12 44.82
sofa 0.529313 185.77 180.78 208.21 221.31
tvmonitor 0.529076 15.31 102.21 75.12 154.53
bottle 0.529051 216.29 0.00 224.00 25.39
chair 0.529004 113.69 126.65 164.47 173.62
chair 0.529002 0.00 60.76 62.84 163.90
tvmonitor 0.528976 0.00 87.09 15.99 132.35
chair 0.528842 96.37 174.07 155.14 206.69
tvmonitor 0.528812 0.00 176.78 19.69 223.00
chair 0.528756 68.49 179.76 116.27 216.41
chair 0.528703 41.34 171.81 87.30 220.40
chair 0.528700 150.13 188.60 214.11 224.00
tvmonitor 0.528661 0.00 49.58 13.90 86.79
person 0.528584 0.00 0.00 115.22 155.14
person 0.528525 0.00 0.00 19.03 23.93
diningtable 0.528437 98.89 137.99 224.00 224.00
chair 0.528328 17.55 81.66 106.62 180.73
chair 0.528318 21.41 131.54 85.10 212.76
chair 0.528285 65.78 188.84 121.51 224.00
pottedplant 0.528244 0.00 196.31 32.24 224.00
chair 0.528131 26.14 0.00 160.04 159.94
chair 0.528108 0.00 0.00 118.50 162.13
bottle 0.528052 220.00 29.69 224.00 72.44
person 0.527851 0.00 0.00 44.08 46.41
tvmonitor 0.527800 0.96 149.01 43.58 205.64
chair 0.527744 194.36 65.20 211.59 94.25
chair 0.527617 12.32 161.53 95.82 224.00
tvmonitor 0.527604 2.03 45.15 22.64 75.56
boat 0.527597 48.95 12.77 92.26 40.79
tvmonitor 0.527443 0.00 28.88 12.77 63.02
chair 0.527418 10.97 58.48 95.16 168.75
tvmonitor 0.527360 0.00 160.22 27.22 212.41
chair 0.527358 82.79 134.38 146.27 164.00
chair 0.527234 127.19 172.17 170.34 209.50
sheep 0.527159 17.18 18.92 37.52 43.51
chair 0.527142 99.20 183.04 152.14 213.84
sofa 0.527018 176.75 194.33 204.01 224.00
bottle 0.526998 220.00 0.21 222.95 33.19
chair 0.526993 91.05 159.08 139.41 189.37
sofa 0.526970 196.87 184.93 224.00 224.00
chair 0.526955 94.82 164.64 158.05 200.45
chair 0.526954 189.11 122.26 219.45 192.48
tvmonitor 0.526865 4.02 29.65 21.62 57.38
chair 0.526852 106.74 155.82 168.94 200.16
tvmonitor 0.526833 23.40 0.00 173.60 165.67
chair 0.526695 95.81 196.34 153.86 224.00
chair 0.526655 179.39 71.45 198.18 96.49
bottle 0.526563 81.11 0.00 124.65 15.30
tvmonitor 0.526537 42.72 90.45 100.39 126.84
bottle 0.526488 173.14 0.00 203.22 17.56
chair 0.526484 183.84 66.70 203.75 93.07
chair 0.526483 34.71 121.82 125.36 198.89
bottle 0.526412 0.00 3.11 13.42 44.16
chair 0.526394 78.26 144.60 128.01 177.34
bottle 0.526391 177.45 11.99 193.12 20.00
chair 0.526352 52.15 98.15 131.63 159.93
chair 0.526254 146.44 186.37 177.49 212.06
chair 0.526210 20.08 100.80 92.99 194.70
bottle 0.526145 126.98 0.00 161.15 18.25
car 0.526136 78.37 0.00 156.30 30.66
sheep 0.526128 207.39 61.16 219.86 95.73
sheep 0.526121 11.15 18.43 28.21 44.01
chair 0.526095 31.61 157.38 71.36 216.67
tvmonitor 0.526095 27.02 8.01 142.48 129.22
chair 0.525983 32.04 138.83 98.36 200.96
tvmonitor 0.525959 111.74 0.00 224.00 157.46
tvmonitor 0.525938 3.77 36.76 21.71 63.86
tvmonitor 0.525912 13.45 64.84 41.92 92.20
chair 0.525885 79.96 157.28 125.44 193.88
bottle 0.525884 58.81 0.00 103.44 15.85
boat 0.525835 94.45 0.00 170.42 30.58
bottle 0.525816 174.06 10.83 187.03 20.00
tvmonitor 0.525581 10.80 23.84 27.92 49.27
tvmonitor 0.525551 30.32 64.59 68.92 102.46
bottle 0.525515 63.08 0.00 119.91 18.45
bottle 0.525497 219.76 41.47 224.00 85.64
chair 0.525437 95.68 108.78 161.36 158.75
tvmonitor 0.525418 0.00 13.10 12.84 52.05
bottle 0.525096 163.85 0.00 186.05 17.08
tvmonitor 0.525049 21.41 65.29 60.26 97.55
chair 0.524993 172.24 72.02 191.95 95.91
tvmonitor 0.524941 4.11 161.63 37.99 211.78
chair 0.524674 62.45 173.32 179.35 224.00
tvmonitor 0.524666 61.47 0.00 144.44 31.54
tvmonitor 0.524663 6.56 67.88 31.25 98.15
chair 0.524609 163.73 194.80 193.31 224.00
tvmonitor 0.524591 207.29 94.40 221.29 152.20
tvmonitor 0.524565 0.00 188.37 27.66 224.00
chair 0.524562 178.20 162.44 200.81 187.28
tvmonitor 0.524537 10.46 30.45 27.50 54.14
sofa 0.524522 180.48 184.54 202.16 220.17
chair 0.524492 118.67 146.93 164.45 193.32
chair 0.524463 96.62 182.76 192.26 224.00
chair 0.524433 167.87 182.74 191.89 212.29
tvmonitor 0.524080 0.00 61.37 14.10 100.85
bottle 0.524070 123.98 8.95 151.39 20.00
chair 0.524064 21.28 157.25 57.47 216.07
chair 0.523928 118.98 184.35 163.96 211.74
tvmonitor 0.523897 0.00 73.09 14.28 116.88
tvmonitor 0.523871 1.54 74.98 22.16 115.46
chair 0.523775 132.12 127.91 169.36 169.21
tvmonitor 0.523774 73.81 9.48 118.82 33.01
tvmonitor 0.523719 6.00 48.42 28.23 74.45
chair 0.523674 11.30 136.78 62.01 200.78
boat 0.523656 36.71 22.05 61.46 51.96
boat 0.523636 53.35 0.00 96.37 15.85
sheep 0.523593 17.60 24.00 35.55 48.25
chair 0.523586 151.72 180.97 177.99 206.21
chair 0.523558 87.81 168.06 138.31 205.17
chair 0.523417 117.05 197.20 166.76 224.00
tvmonitor 0.523374 5.38 177.28 31.54 217.73
tvmonitor 0.523312 113.60 0.00 153.85 16.10
car 0.523310 169.86 0.00 224.00 40.31
bottle 0.523230 131.85 9.78 157.38 20.43
tvmonitor 0.523180 1.32 89.95 33.49 131.58
tvmonitor 0.523120 29.44 73.41 71.12 115.05
boat 0.523117 31.99 10.83 66.45 44.76
bottle 0.523114 96.90 0.00 140.00 14.85
tvmonitor 0.523033 208.61 65.26 220.21 100.45
tvmonitor 0.523009 91.23 102.81 137.79 150.83
bottle 0.522985 138.17 0.00 172.93 17.49
tvmonitor 0.522941 38.06 0.00 142.96 85.07
sheep 0.522934 200.41 0.00 224.00 20.31
boat 0.522905 128.46 0.00 198.80 33.30
chair 0.522891 114.41 167.57 174.27 205.89
tvmonitor 0.522862 5.58 16.69 22.76 46.47
sheep 0.522844 16.88 12.97 42.04 38.10
car 0.522798 151.32 0.00 214.74 35.30
tvmonitor 0.522790 165.01 73.55 185.46 95.12
diningtable 0.522761 109.02 0.00 224.00 173.90
sheep 0.522740 11.29 12.38 30.56 37.86
tvmonitor 0.522725 11.33 58.74 38.12 85.33
tvmonitor 0.522610 78.38 50.44 106.50 90.39
boat 0.522540 33.17 54.72 71.16 94.95
aeroplane 0.522522 163.03 68.65 185.39 92.12
tvmonitor 0.522492 29.67 55.42 67.33 93.72
sheep 0.522457 187.57 0.00 216.77 17.49
chair 0.522426 192.16 45.44 224.00 146.72
chair 0.522327 184.48 146.21 217.01 185.47
chair 0.522175 18.17 168.88 49.86 219.40
bottle 0.522106 4.83 9.33 24.08 40.11
bottle 0.522000 66.30 15.15 108.87 48.79
bottle 0.521939 150.16 0.00 181.32 17.70
boat 0.521892 0.30 0.00 28.50 21.32
tvmonitor 0.521850 157.19 74.27 177.81 94.17
tvmonitor 0.521806 9.02 38.40 26.89 61.47
tvmonitor 0.521804 91.12 94.72 130.85 140.01
chair 0.521798 141.58 176.73 171.50 206.39
tvmonitor 0.521790 20.38 57.27 56.71 89.63
bottle 0.521773 111.71 0.00 150.96 15.55
tvmonitor 0.521740 139.92 70.40 153.59 85.26
tvmonitor 0.521706 147.67 70.49 165.93 88.17
pottedplant 0.521621 12.01 196.69 57.42 224.00
chair 0.521552 172.49 175.06 195.69 203.09
chair 0.521510 162.84 165.85 179.88 192.28
tvmonitor 0.521398 149.29 74.83 166.36 91.10
tvmonitor 0.521384 132.53 41.64 145.90 57.24
car 0.521327 44.52 0.00 124.18 39.02
tvmonitor 0.521317 125.92 40.19 138.26 56.44
tvmonitor 0.521012 0.00 26.96 42.43 124.57
chair 0.520994 7.79 154.89 49.36 213.50
chair 0.520961 182.21 127.74 214.47 178.51
chair 0.520953 175.60 167.88 198.44 194.16
bottle 0.520936 73.48 24.39 105.93 57.86
tvmonitor 0.520879 133.10 69.40 144.43 84.66
diningtable 0.520832 98.79 41.60 224.00 212.19
tvmonitor 0.520785 0.00 5.42 38.52 98.50
boat 0.520763 36.01 0.00 75.96 14.20
boat 0.520757 27.19 0.00 64.22 13.54
tvmonitor 0.520705 9.43 98.37 65.25 141.43
chair 0.520646 156.75 174.21 178.29 200.54
boat 0.520628 35.98 38.40 68.78 80.56
tvmonitor 0.520616 117.34 8.20 146.78 20.00
chair 0.520571 166.76 156.13 181.50 181.61
chair 0.520548 136.99 163.36 170.63 202.57
boat 0.520509 13.43 0.00 46.78 15.59
bottle 0.520495 88.65 4.40 125.89 20.00
tvmonitor 0.520488 118.49 38.31 132.23 56.67
diningtable 0.520477 31.02 37.01 177.23 200.52
chair 0.520454 155.78 130.01 177.14 165.95
chair 0.520348 20.36 122.91 75.49 174.26
boat 0.520347 7.48 0.00 36.84 19.08
bottle 0.520337 178.97 15.40 194.21 28.00
bottle 0.520316 174.91 13.47 188.36 28.00
chair 0.520256 168.19 131.02 185.86 165.44
chair 0.520249 176.69 117.82 203.94 161.86
tvmonitor 0.520236 72.97 19.46 113.67 48.94
tvmonitor 0.520224 124.61 31.13 140.01 48.48
tvmonitor 0.520068 76.21 65.37 104.95 109.98
chair 0.519967 135.19 139.45 168.87 177.71
tvmonitor 0.519936 14.08 70.31 49.11 103.57
tvmonitor 0.519933 4.63 77.00 32.34 115.57
tvmonitor 0.519909 140.85 75.17 152.46 89.94
chair 0.519899 42.69 37.01 168.88 189.24
bottle 0.519844 172.91 27.97 189.93 47.38
tvmonitor 0.519814 185.35 74.93 205.64 105.05
chair 0.519770 155.50 118.57 178.35 159.38
tvmonitor 0.519769 114.70 30.23 133.74 49.09
tvmonitor 0.519738 71.96 13.70 116.27 40.44
chair 0.519687 55.62 100.17 174.05 184.07
bottle 0.519671 52.81 0.00 104.12 28.83
chair 0.519632 23.25 31.57 104.92 158.25
tvmonitor 0.519577 196.53 72.28 211.75 107.81
bottle 0.519570 78.23 37.34 106.71 71.49
bottle 0.519557 184.14 11.65 200.71 20.15
tvmonitor 0.519491 131.35 31.81 147.55 48.42
chair 0.519481 184.34 169.03 215.15 203.16
chair 0.519394 149.32 166.22 172.79 198.49
tvmonitor 0.519375 21.65 81.94 73.51 122.03
tvmonitor 0.519268 139.09 41.77 154.54 57.12
chair 0.519222 168.09 143.97 183.71 172.30
sheep 0.519095 29.72 25.69 54.30 51.63
tvmonitor 0.519041 211.04 79.94 221.74 133.38
aeroplane 0.519036 172.38 34.32 189.34 57.41
bottle 0.518995 177.35 28.59 195.95 48.79
bottle 0.518987 2.78 0.00 26.05 30.59
car 0.518980 23.32 0.00 98.35 47.69
tvmonitor 0.518971 179.15 75.26 198.90 103.02
tvmonitor 0.518890 108.62 6.97 140.37 20.00
tvmonitor 0.518877 127.73 11.54 150.36 28.00
bottle 0.518870 169.56 10.53 182.80 20.00
chair 0.518722 136.61 150.29 169.47 190.02
tvmonitor 0.518683 17.85 29.57 34.49 52.63
chair 0.518675 121.54 190.72 165.73 219.09
tvmonitor 0.518643 194.37 28.99 224.00 127.45
tvmonitor 0.518627 125.39 68.43 136.95 86.05
sheep 0.518625 193.37 59.54 211.70 90.08
tvmonitor 0.518618 132.22 75.91 142.94 92.72
car 0.518526 193.67 0.00 224.00 72.12
car 0.518375 3.87 0.00 77.40 45.98
boat 0.518366 38.79 23.28 67.84 59.23
tvmonitor 0.518251 42.36 63.64 82.13 107.31
chair 0.518223 155.90 141.70 175.62 173.62
tvmonitor 0.518122 98.43 4.76 133.94 20.00
tvmonitor 0.518114 71.98 22.67 177.43 132.10
bottle 0.518105 176.35 33.72 195.20 57.37
chair 0.518013 154.34 153.56 174.18 185.38
tvmonitor 0.517978 132.67 60.12 145.52 77.02
bottle 0.517966 75.00 51.66 100.41 88.38
tvmonitor 0.517923 87.22 9.66 124.07 29.43
tvmonitor 0.517876 44.20 0.00 135.49 52.66
bottle 0.517845 56.04 7.60 100.15 46.02
tvmonitor 0.517826 211.89 71.03 220.91 112.14
tvmonitor 0.517765 12.24 47.95 34.82 74.97
car 0.517739 198.52 3.03 224.00 102.51
chair 0.517737 63.68 72.25 161.86 168.35
tvmonitor 0.517720 132.71 50.18 145.08 66.51
tvmonitor 0.517627 131.77 104.65 161.84 149.43
tvmonitor 0.517614 134.98 12.59 157.39 28.00
tvmonitor 0.517605 139.43 61.95 155.14 79.35
chair 0.517550 33.57 107.27 108.06 158.39
bottle 0.517542 173.75 20.31 189.93 36.43
tvmonitor 0.517491 171.79 75.78 193.01 101.97
tvmonitor 0.517478 194.04 81.12 213.63 131.36
bottle 0.517462 178.50 21.75 195.79 38.10
chair 0.517418 178.03 145.95 203.78 177.23
tvmonitor 0.517372 138.40 31.90 156.23 47.65
chair 0.517303 175.83 61.74 199.22 89.78
boat 0.517289 43.77 50.82 78.73 91.72
sheep 0.517256 170.43 46.15 190.60 77.02
tvmonitor 0.517226 99.39 28.05 126.06 48.66
bottle 0.517206 141.52 10.13 164.68 20.00
tvmonitor 0.517197 126.07 47.73 137.91 64.77
tvmonitor 0.517161 126.07 58.05 138.44 76.30
tvmonitor 0.517107 138.95 51.83 153.55 69.10
tvmonitor 0.516998 83.42 24.27 118.89 48.39
tvmonitor 0.516978 146.82 39.54 164.23 56.49
tvmonitor 0.516975 117.76 56.18 133.30 77.40
chair 0.516958 177.33 130.62 204.62 170.64
tvmonitor 0.516954 130.62 19.96 149.50 38.14
tvmonitor 0.516890 146.83 62.60 166.91 83.52
boat 0.516827 23.79 43.14 54.57 76.96
sheep 0.516819 13.92 0.00 44.99 27.77
tvmonitor 0.516803 115.66 68.11 131.87 89.66
tvmonitor 0.516801 79.82 38.86 110.60 72.32
chair 0.516764 161.26 99.63 211.34 176.02
tvmonitor 0.516741 120.96 10.68 144.65 28.00
tvmonitor 0.516718 189.52 97.62 215.71 153.27
tvmonitor 0.516629 35.15 95.45 108.85 143.14
sheep 0.516610 182.63 62.08 204.71 89.55
tvmonitor 0.516606 33.96 5.82 102.39 92.45
tvmonitor 0.516603 69.61 80.46 101.47 121.95
tvmonitor 0.516575 106.15 94.85 135.19 131.56
tvmonitor 0.516573 111.30 104.26 145.95 147.75
tvmonitor 0.516520 123.02 19.09 142.36 37.90
tvmonitor 0.516517 119.58 45.18 132.64 64.84
diningtable 0.516514 57.29 100.20 208.39 210.34
aeroplane 0.516501 168.73 61.01 193.37 89.51
sheep 0.516477 9.23 0.00 33.56 28.13
bottle 0.516458 49.40 18.30 80.66 58.35
bottle 0.516457 46.93 34.52 77.45 74.66
bottle 0.516409 184.75 15.86 201.02 28.94
tvmonitor 0.516394 102.71 35.22 124.09 56.77
tvmonitor 0.516288 100.11 9.93 131.41 28.00
tvmonitor 0.516273 154.26 61.30 177.35 86.86
tvmonitor 0.516226 133.81 91.02 156.35 127.35
tvmonitor 0.516221 61.78 65.37 92.75 106.13
bottle 0.516200 195.34 7.20 207.35 20.00
tvmonitor 0.516169 67.35 1.20 173.12 91.03
tvmonitor 0.516169 111.53 10.60 138.38 28.00
tvmonitor 0.516163 122.31 77.28 134.98 97.34
tvmonitor 0.516131 157.47 77.35 180.68 100.88
tvmonitor 0.516057 84.35 16.42 121.61 39.21
tvmonitor 0.516024 83.19 45.73 173.64 152.14
tvmonitor 0.516021 42.81 76.59 87.06 120.04
tvmonitor 0.516017 30.55 19.31 99.06 121.80
sheep 0.515991 175.77 45.16 196.37 76.84
tvmonitor 0.515988 144.32 89.05 170.75 127.34
tvmonitor 0.515967 12.50 79.61 58.32 118.51
sheep 0.515952 19.67 0.00 54.23 29.88
tvmonitor 0.515949 146.10 50.95 164.08 72.39
bottle 0.515898 166.60 26.96 182.85 45.55
tvmonitor 0.515875 112.20 18.71 135.88 38.30
aeroplane 0.515842 161.48 60.62 186.09 87.71
chair 0.515783 168.76 127.71 213.02 189.66
bottle 0.515780 169.97 12.89 183.42 28.00
tvmonitor 0.515728 148.85 78.26 168.43 99.66
aeroplane 0.515653 156.14 36.28 173.68 56.31
tvmonitor 0.515639 14.81 8.79 87.12 96.48
tvmonitor 0.515592 146.83 30.53 165.33 46.23
bottle 0.515566 59.76 51.42 90.83 89.35
tvmonitor 0.515563 119.41 93.01 142.90 128.08
tvmonitor 0.515541 99.19 17.90 128.65 38.35
tvmonitor 0.515515 100.19 68.50 124.05 95.93
chair 0.515496 177.71 64.48 224.00 161.76
bottle 0.515472 58.17 18.66 93.22 56.29
tvmonitor 0.515368 137.74 20.65 157.59 37.48
tvmonitor 0.515353 16.34 36.94 33.64 60.48
aeroplane 0.515323 154.64 48.24 174.68 74.67
sheep 0.515292 27.43 0.00 65.74 32.20
tvmonitor 0.515291 181.93 83.44 207.20 128.32
tvmonitor 0.515263 156.50 28.42 174.09 45.55
bottle 0.515241 155.91 10.51 173.24 20.00
tvmonitor 0.515218 106.02 87.85 131.31 122.35
tvmonitor 0.515182 148.58 104.09 180.67 150.15
tvmonitor 0.515158 138.35 80.25 152.96 100.83
tvmonitor 0.515151 81.20 54.23 115.16 87.08
bottle 0.515128 59.49 35.23 91.09 71.22
aeroplane 0.515114 163.53 46.09 183.73 75.29
aeroplane 0.515065 165.84 33.97 182.35 55.97
bottle 0.515057 212.00 29.82 219.19 66.59
tvmonitor 0.515053 82.21 67.55 115.17 102.94
bottle 0.514960 196.72 12.22 207.37 28.84
tvmonitor 0.514958 99.79 55.63 124.29 81.34
tvmonitor 0.514915 86.44 31.56 116.18 57.67
sheep 0.514819 194.91 44.14 210.57 80.49
bottle 0.514775 195.02 24.42 207.93 50.45
bottle 0.514752 168.06 19.39 183.50 36.00
tvmonitor 0.514604 126.65 83.62 141.58 106.12
tvmonitor 0.514596 152.93 87.49 181.72 128.00
tvmonitor 0.514588 95.81 89.81 127.20 129.48
bottle 0.514524 194.31 30.63 208.45 59.88
bottle 0.514442 181.94 22.04 201.23 39.17
diningtable 0.514339 165.47 146.64 212.37 208.23
tvmonitor 0.514257 114.29 86.67 133.91 113.58
tvmonitor 0.514248 29.45 30.18 55.36 59.24
tvmonitor 0.514240 78.58 0.00 169.99 42.25
tvmonitor 0.514208 143.90 13.02 165.28 28.00
boat 0.514188 36.49 0.00 79.63 32.05
tvmonitor 0.514157 117.70 34.98 190.63 133.62
chair 0.514151 154.66 55.72 214.26 152.95
bottle 0.514127 212.00 20.87 220.17 56.01
tvmonitor 0.514066 112.18 78.53 130.17 103.99
boat 0.513979 46.35 0.00 95.99 30.41
sheep 0.513959 211.32 43.27 218.62 83.66
bottle 0.513929 211.94 1.78 215.65 26.13
bottle 0.513718 157.54 19.89 174.76 36.00
bottle 0.513710 157.10 13.00 173.96 28.00
diningtable 0.513680 87.13 74.69 170.72 167.80
tvmonitor 0.513656 77.17 80.38 109.88 122.92
tvmonitor 0.513656 146.30 20.62 166.21 36.00
diningtable 0.513557 90.53 140.19 183.38 202.70
diningtable 0.513532 89.55 122.39 182.20 188.85
tvmonitor 0.513503 174.85 84.56 199.99 125.99
chair 0.513469 93.59 115.35 189.01 179.17
tvmonitor 0.513419 177.30 101.38 208.85 151.26
tvmonitor 0.513405 102.34 43.23 124.02 66.69
bottle 0.513334 195.47 18.23 207.54 39.43
boat 0.513332 140.89 42.05 201.20 135.26
tvmonitor 0.513212 166.90 85.83 193.59 126.35
boat 0.513152 139.67 16.45 199.55 98.55
boat 0.513061 109.01 9.49 187.55 94.41
tvmonitor 0.513038 9.42 0.00 86.40 69.72
tvmonitor 0.513014 136.50 57.10 199.42 153.65
boat 0.512980 163.07 15.51 212.68 101.05
tvmonitor 0.512936 162.73 104.44 193.05 150.12
diningtable 0.512827 58.10 13.99 214.38 186.30
tvmonitor 0.512826 170.27 102.99 200.55 149.81
tvmonitor 0.512812 99.68 80.41 124.21 112.30
bottle 0.512774 212.00 8.35 216.98 36.27
bottle 0.512431 212.00 14.01 218.98 45.90
chair 0.512177 115.83 96.07 193.16 176.25
boat 0.511803 103.84 0.00 183.03 44.90
boat 0.511781 155.07 0.00 211.13 55.49
chair 0.511674 128.77 76.81 196.36 167.96
tvmonitor 0.511412 178.03 35.88 224.00 131.55
boat 0.510989 175.19 0.00 224.00 64.34
tvmonitor 0.510884 183.95 9.57 224.00 101.96
