person 0.593160 10.17 42.79 144.69 219.72
person 0.587382 29.85 33.38 186.73 206.85
bicycle 0.584211 47.59 55.88 185.27 221.63
person 0.583506 110.47 57.28 217.15 189.95
bicycle 0.583117 187.57 86.27 223.58 140.50
person 0.576880 25.60 66.05 117.58 224.00
person 0.567539 15.12 71.61 56.62 207.47
person 0.566530 59.78 64.41 175.81 222.07
bicycle 0.565853 197.23 96.97 224.00 143.81
bicycle 0.564457 61.55 29.72 198.74 184.74
person 0.564273 60.91 21.05 208.50 187.70
car 0.564112 203.48 54.31 224.00 84.94
pottedplant 0.563523 182.27 88.37 224.00 144.89
sheep 0.563228 111.39 89.40 168.14 169.14
diningtable 0.562126 55.45 38.33 208.49 202.61
bottle 0.561786 10.21 106.74 44.04 203.43
bicycle 0.560135 90.15 69.79 189.96 213.59
chair 0.559110 32.69 69.80 84.43 136.24
person 0.555353 2.01 64.79 33.44 198.45
pottedplant 0.555165 199.89 57.50 222.07 84.43
pottedplant 0.554481 111.32 88.65 164.83 166.65
person 0.553992 116.95 99.21 171.48 182.01
bottle 0.553361 54.65 109.05 109.13 194.80
pottedplant 0.553267 55.02 154.17 116.71 224.00
chair 0.553206 52.45 100.14 107.12 188.62
sheep 0.551721 158.73 91.42 184.04 160.07
bottle 0.550737 13.17 84.87 42.20 181.52
motorbike 0.550076 40.99 32.63 207.06 202.99
sheep 0.547864 149.27 93.88 177.90 164.93
aeroplane 0.547508 51.31 8.74 86.45 24.47
bicycle 0.547366 111.84 99.22 167.57 178.99
pottedplant 0.546759 198.54 64.70 221.86 91.16
bicycle 0.545855 2.35 47.48 170.45 198.95
person 0.545789 0.00 46.81 8.92 106.24
person 0.545372 143.97 54.68 223.18 179.51
person 0.544160 32.17 67.73 85.23 124.60
bottle 0.543336 60.11 129.82 109.50 208.09
bottle 0.543203 61.37 147.71 117.52 224.00
chair 0.542385 10.29 81.62 42.81 160.86
pottedplant 0.542247 146.94 95.33 176.02 162.08
bird 0.542101 57.81 149.69 115.14 224.00
sheep 0.541723 115.54 106.88 161.70 187.85
person 0.541594 0.00 49.12 22.48 108.20
bottle 0.541201 11.89 135.74 56.55 221.63
bicycle 0.541125 206.85 111.94 224.00 154.13
chair 0.541110 36.47 94.80 81.27 187.88
bottle 0.540990 8.47 74.19 145.77 202.73
pottedplant 0.540427 193.59 85.54 222.03 131.03
chair 0.540150 44.49 86.97 91.63 172.40
pottedplant 0.539962 151.39 94.30 183.29 172.09
pottedplant 0.539383 197.55 73.92 222.23 109.67
car 0.539298 208.46 44.66 224.00 83.19
bottle 0.539169 0.71 124.21 46.14 214.69
person 0.538745 9.89 65.24 49.97 175.13
person 0.538688 0.00 42.99 29.41 152.62
pottedplant 0.538561 14.64 112.19 138.58 215.93
pottedplant 0.537654 141.58 63.40 217.38 190.63
person 0.537169 16.30 77.64 76.20 191.92
diningtable 0.536660 6.92 48.08 154.17 207.23
person 0.536600 112.71 97.49 156.00 169.35
pottedplant 0.536176 160.61 89.22 195.81 161.32
chair 0.536110 14.54 93.84 49.18 191.57
pottedplant 0.536099 185.66 73.77 216.12 92.56
bottle 0.536068 107.50 100.58 161.78 169.26
person 0.536062 0.95 89.61 48.76 202.14
pottedplant 0.535728 185.60 80.30 220.66 112.09
chair 0.535592 25.45 93.44 60.10 189.70
person 0.535272 0.00 56.72 13.53 121.08
bottle 0.534641 12.37 154.30 67.52 214.49
sheep 0.534515 168.43 87.40 203.48 158.37
pottedplant 0.534497 134.19 100.79 173.30 178.27
car 0.534280 190.10 0.00 224.00 42.21
pottedplant 0.533751 19.38 141.52 126.52 224.00
chair 0.533733 0.00 75.45 19.93 137.95
person 0.533500 2.09 62.67 27.48 125.59
chair 0.533336 17.02 77.47 45.49 147.57
chair 0.533250 35.60 53.47 81.86 111.29
chair 0.533191 4.32 79.70 35.23 141.54
pottedplant 0.533180 188.96 66.02 214.43 85.53
boat 0.532887 164.96 9.28 196.96 38.10
pottedplant 0.532845 51.53 9.14 84.57 22.25
pottedplant 0.532761 0.00 26.14 29.51 134.57
dog 0.532618 204.52 139.01 224.00 194.69
sheep 0.532438 75.52 160.46 135.51 222.64
pottedplant 0.532168 175.11 75.54 200.89 97.05
chair 0.532086 30.06 75.35 73.90 155.28
aeroplane 0.531941 51.52 0.00 89.04 22.92
chair 0.531387 19.11 79.16 55.84 162.22
bottle 0.531249 39.10 119.28 83.53 197.16
boat 0.531222 203.40 45.53 223.27 80.56
aeroplane 0.531199 207.00 0.00 224.00 24.97
person 0.531168 0.00 66.44 18.20 131.40
dog 0.531060 184.63 152.54 221.04 191.90
person 0.531058 52.28 70.37 90.99 126.01
boat 0.531052 210.97 36.96 224.00 78.81
chair 0.530959 8.90 54.33 32.66 115.69
person 0.530817 207.57 207.19 224.00 224.00
aeroplane 0.530800 105.84 18.48 141.12 62.01
bottle 0.530710 0.00 165.28 26.26 220.91
boat 0.530485 162.60 3.14 201.15 30.44
cow 0.530449 113.73 88.88 146.42 153.42
bicycle 0.530342 112.95 57.47 198.04 189.28
person 0.530100 182.46 178.77 224.00 224.00
pottedplant 0.529940 175.66 80.24 206.61 104.77
sheep 0.529753 188.00 87.37 224.00 148.68
boat 0.529320 0.00 0.00 9.23 49.09
chair 0.529065 23.93 75.92 64.24 137.51
pottedplant 0.529028 0.00 130.99 51.64 221.60
pottedplant 0.529007 189.63 104.31 221.42 145.67
car 0.528991 172.61 48.10 224.00 167.51
dog 0.528926 160.87 210.55 196.06 224.00
chair 0.528891 19.89 58.03 48.09 114.90
pottedplant 0.528850 81.13 162.20 135.30 219.61
bottle 0.528780 7.28 86.85 51.53 166.32
car 0.528770 0.00 0.00 46.37 62.48
chair 0.528687 12.66 99.03 76.73 199.09
pottedplant 0.528676 0.00 10.11 7.93 53.83
pottedplant 0.528558 53.14 194.69 103.13 224.00
sheep 0.528323 169.84 98.82 193.45 156.24
dog 0.528291 169.11 210.75 205.51 224.00
person 0.528260 0.00 15.88 7.76 60.64
pottedplant 0.528229 0.00 0.00 33.83 114.65
boat 0.528119 105.41 0.00 169.60 42.92
pottedplant 0.528110 65.24 197.76 112.82 224.00
bottle 0.528075 10.26 185.24 67.60 224.00
motorbike 0.528006 11.29 117.20 134.38 221.23
person 0.527947 0.00 34.57 7.68 81.26
bottle 0.527913 0.00 189.58 24.20 224.00
pottedplant 0.527762 168.51 74.38 191.94 98.03
bottle 0.527734 153.80 210.77 187.81 224.00
person 0.527696 24.55 66.11 92.32 178.10
chair 0.527656 107.23 85.09 137.50 149.79
aeroplane 0.527527 215.17 0.00 224.00 33.64
sheep 0.527520 85.76 98.94 138.34 170.51
dog 0.527509 184.35 211.80 219.95 224.00
bird 0.527481 142.29 17.81 170.99 63.52
bottle 0.527460 6.54 153.47 48.23 221.31
pottedplant 0.527451 8.05 36.84 56.27 132.78
pottedplant 0.527425 34.26 167.40 91.52 214.44
chair 0.527363 0.00 84.89 28.57 153.90
bottle 0.527258 7.18 101.61 57.97 188.37
boat 0.527244 205.74 37.77 221.55 75.92
person 0.527072 63.40 45.31 160.42 183.46
pottedplant 0.527049 12.09 166.48 63.64 213.77
cow 0.526964 113.80 75.99 139.67 130.95
pottedplant 0.526946 182.17 69.06 207.53 89.03
boat 0.526909 89.53 0.00 152.82 42.14
chair 0.526824 90.29 91.20 134.83 166.76
sheep 0.526749 101.60 50.95 128.43 89.39
bottle 0.526631 121.20 207.10 156.86 224.00
bottle 0.526588 37.25 163.72 87.96 217.87
person 0.526530 172.51 83.63 224.00 195.49
bottle 0.526508 0.00 145.22 32.79 215.32
car 0.526496 0.00 0.00 17.59 25.44
bottle 0.526492 42.83 141.60 82.38 208.28
aeroplane 0.526307 108.37 15.32 142.59 46.34
pottedplant 0.526228 5.55 148.41 73.97 224.00
boat 0.526223 122.71 0.00 187.65 41.35
pottedplant 0.526201 164.77 85.59 199.76 141.55
person 0.526091 47.55 81.14 91.37 148.61
dog 0.526088 207.66 153.76 224.00 204.08
sheep 0.526084 119.83 91.43 150.04 156.70
person 0.526053 64.24 70.16 97.89 128.71
bird 0.526000 160.49 10.78 193.70 45.36
bottle 0.525934 140.60 208.21 173.75 224.00
cow 0.525911 105.92 74.34 130.50 130.20
pottedplant 0.525901 24.96 37.18 98.97 129.29
pottedplant 0.525885 103.48 205.82 141.32 224.00
person 0.525873 92.97 84.48 129.38 156.97
pottedplant 0.525785 175.60 83.34 213.73 120.90
bicycle 0.525767 194.59 111.38 222.10 151.28
boat 0.525763 196.50 53.72 218.70 81.62
chair 0.525538 31.54 61.14 65.25 114.13
person 0.525516 109.64 45.67 186.11 176.11
sheep 0.525402 88.07 141.63 145.64 215.34
boat 0.525310 137.62 0.00 203.61 38.75
motorbike 0.525303 40.10 154.41 143.31 224.00
chair 0.525247 65.48 97.11 109.17 172.36
bottle 0.525225 22.84 116.91 56.82 199.23
pottedplant 0.525165 173.96 70.48 197.30 93.43
pottedplant 0.525137 20.70 11.08 102.30 108.07
chair 0.524907 19.33 69.90 51.74 129.39
person 0.524802 0.00 0.00 142.37 172.71
person 0.524760 133.94 176.55 201.23 224.00
sheep 0.524726 97.83 124.40 148.99 191.87
bird 0.524719 148.85 14.32 182.28 58.27
bottle 0.524651 31.31 193.04 85.88 224.00
bicycle 0.524637 186.23 125.33 224.00 221.59
boat 0.524599 0.00 4.43 16.39 44.50
pottedplant 0.524505 85.73 203.54 131.15 224.00
person 0.524467 84.07 46.86 224.00 224.00
sheep 0.524411 90.76 59.35 121.47 99.29
motorbike 0.524403 68.07 163.19 159.71 224.00
bicycle 0.524325 136.89 62.85 216.92 185.82
motorbike 0.524299 102.52 170.42 177.92 224.00
boat 0.524223 167.88 0.00 224.00 36.63
bird 0.524195 132.12 19.53 164.18 67.51
pottedplant 0.524173 48.44 163.87 107.58 215.51
bottle 0.524132 0.00 39.42 18.03 78.48
dog 0.524117 152.36 181.52 224.00 224.00
person 0.524060 62.66 85.74 102.62 161.40
pottedplant 0.524022 5.85 9.38 69.32 112.45
car 0.523943 184.49 28.98 224.00 147.18
person 0.523880 72.28 74.93 106.60 138.62
bottle 0.523832 71.60 0.00 135.65 37.68
sheep 0.523800 106.42 45.81 134.50 90.50
boat 0.523740 25.25 0.00 94.57 33.90
sheep 0.523718 0.00 16.16 16.19 48.41
bird 0.523702 94.51 167.59 138.28 224.00
cow 0.523648 104.72 65.19 127.20 110.75
sheep 0.523476 75.28 55.51 116.87 96.74
sheep 0.523443 128.05 101.16 162.20 171.90
sheep 0.523428 69.06 64.98 102.89 114.74
boat 0.523331 197.23 37.62 215.67 71.62
sheep 0.523316 133.02 20.70 162.33 67.59
bottle 0.523212 0.00 98.29 40.79 169.45
sheep 0.523163 73.32 61.50 111.63 106.37
pottedplant 0.523119 168.21 81.38 197.78 116.59
aeroplane 0.523106 83.41 34.23 107.76 52.09
sheep 0.522986 115.43 43.24 141.20 91.97
sheep 0.522926 186.59 132.48 223.50 178.49
boat 0.522893 214.58 24.99 224.00 66.97
sheep 0.522846 0.00 30.14 16.74 63.84
dog 0.522802 182.72 162.28 214.93 196.36
sheep 0.522682 101.16 41.93 130.10 80.16
person 0.522640 89.63 72.06 119.26 129.45
sheep 0.522581 122.24 78.70 145.31 132.83
bottle 0.522532 90.10 155.32 143.47 219.05
sheep 0.522508 199.44 119.38 224.00 163.56
bottle 0.522491 132.32 153.29 160.08 204.40
boat 0.522369 217.29 7.94 224.00 48.01
car 0.522366 193.75 0.00 224.00 75.23
boat 0.522363 43.95 0.00 118.44 33.71
car 0.522341 192.09 2.86 224.00 120.68
aeroplane 0.522235 83.83 39.06 109.60 57.52
sheep 0.522207 129.93 48.33 150.11 92.60
boat 0.522204 137.44 10.47 197.21 124.10
sheep 0.522134 46.82 3.63 89.03 22.66
sheep 0.522124 111.41 63.85 134.99 110.55
person 0.522093 31.48 55.24 100.66 153.33
aeroplane 0.521911 110.64 0.00 143.31 24.29
bottle 0.521896 187.61 35.80 207.93 67.29
bottle 0.521742 94.13 116.24 149.87 191.69
boat 0.521557 162.35 19.67 192.82 57.90
sheep 0.521549 165.66 161.86 183.64 193.67
boat 0.521521 0.00 0.00 25.91 21.28
pottedplant 0.521451 47.25 0.62 90.07 20.81
cow 0.521092 89.77 65.30 119.24 112.16
pottedplant 0.521088 104.21 0.00 136.87 23.80
sheep 0.520999 117.89 17.84 150.24 68.04
bird 0.520998 114.67 18.35 152.03 69.35
aeroplane 0.520953 157.36 12.24 190.74 50.34
boat 0.520917 122.08 16.65 183.75 121.60
dog 0.520889 211.73 162.23 224.00 210.78
bird 0.520884 168.36 12.82 197.56 41.78
sheep 0.520819 162.85 73.86 186.16 98.81
sheep 0.520620 125.13 34.49 149.89 84.35
cow 0.520460 52.00 10.01 92.25 23.14
sheep 0.520431 133.16 58.25 149.37 96.82
sheep 0.520415 164.91 149.87 184.25 188.77
boat 0.520322 0.00 0.00 71.17 52.96
sheep 0.520312 174.41 160.10 200.72 190.21
person 0.520262 71.19 66.41 107.72 117.38
sheep 0.520236 121.56 65.00 141.84 110.43
pottedplant 0.520205 102.25 21.24 167.89 120.98
bottle 0.520126 103.27 147.61 148.82 212.31
boat 0.520080 150.47 31.64 212.32 152.62
bottle 0.520076 190.13 44.34 210.27 73.61
bottle 0.519929 149.04 159.63 169.96 198.65
aeroplane 0.519916 93.69 29.97 122.29 49.01
pottedplant 0.519910 138.39 31.31 201.68 149.96
aeroplane 0.519846 102.73 31.64 133.66 69.07
boat 0.519813 178.44 29.81 201.45 62.94
aeroplane 0.519725 92.44 35.56 120.20 55.28
sheep 0.519597 85.59 0.00 116.39 19.00
motorbike 0.519594 0.00 0.00 167.50 194.88
bottle 0.519577 156.60 148.90 177.76 193.11
boat 0.519459 3.71 0.00 33.93 17.86
aeroplane 0.519421 166.30 0.00 209.49 25.70
boat 0.519420 0.00 0.00 20.46 34.51
sheep 0.519364 144.31 60.16 165.46 93.15
sheep 0.519336 157.23 161.91 176.29 195.83
sheep 0.519282 112.31 31.61 140.69 82.84
bottle 0.519276 131.19 99.81 169.49 169.38
bicycle 0.519254 128.83 94.64 190.33 204.72
aeroplane 0.519226 107.96 1.12 144.37 35.26
pottedplant 0.519154 116.29 32.55 185.61 148.79
bottle 0.519115 91.99 0.00 152.50 72.59
boat 0.519102 108.25 0.00 169.38 77.21
bottle 0.519077 149.47 105.86 174.88 166.79
pottedplant 0.519024 97.47 0.00 128.66 22.31
bird 0.518903 172.17 19.79 198.46 53.47
aeroplane 0.518852 69.43 34.72 98.50 51.24
aeroplane 0.518838 73.14 40.86 102.72 59.40
pottedplant 0.518820 74.31 37.60 156.49 151.34
bottle 0.518677 136.41 167.86 161.10 212.68
sheep 0.518674 104.10 24.73 136.20 70.61
dog 0.518651 188.13 165.45 217.73 203.36
dog 0.518650 215.56 178.26 224.00 223.39
chair 0.518649 42.41 46.24 84.41 95.46
sheep 0.518629 80.63 47.30 120.51 85.11
sheep 0.518586 149.01 172.74 166.82 209.68
aeroplane 0.518533 74.68 49.31 112.01 90.16
aeroplane 0.518515 103.02 25.76 138.18 48.41
sheep 0.518506 174.55 149.91 202.15 184.74
bottle 0.518464 191.45 54.29 213.51 79.74
bottle 0.518430 161.70 110.35 179.71 164.76
bicycle 0.518402 153.77 108.01 216.91 205.28
boat 0.518311 31.83 0.00 70.40 19.65
sheep 0.518255 186.88 121.67 219.88 163.06
pottedplant 0.518198 183.98 61.96 206.31 85.17
aeroplane 0.518169 189.04 0.00 223.47 23.76
bottle 0.518166 3.23 176.88 38.78 224.00
sheep 0.518152 155.61 175.35 172.00 206.84
sheep 0.518140 132.26 81.93 150.47 132.29
person 0.518129 27.47 52.08 143.48 166.53
aeroplane 0.518127 101.25 30.63 134.51 54.67
pottedplant 0.518126 79.01 24.69 104.41 44.80
boat 0.518105 20.21 0.00 99.05 68.46
pottedplant 0.518088 95.55 23.58 122.63 44.39
pottedplant 0.518084 65.03 0.00 104.35 19.65
sheep 0.518080 105.74 1.71 140.50 32.60
sheep 0.518033 165.05 174.30 181.84 205.17
pottedplant 0.517971 57.99 17.55 140.32 114.88
sheep 0.517817 135.33 69.37 149.80 106.92
pottedplant 0.517715 105.21 21.52 141.26 44.79
aeroplane 0.517706 81.00 42.21 111.67 72.14
pottedplant 0.517670 164.00 77.34 187.65 102.30
sheep 0.517652 139.54 45.55 165.16 87.79
sheep 0.517625 146.51 67.60 163.75 95.29
pottedplant 0.517624 44.11 174.94 101.96 224.00
aeroplane 0.517614 116.90 0.00 153.40 25.41
boat 0.517554 171.33 3.78 220.70 123.44
aeroplane 0.517510 147.98 15.67 177.84 60.06
sheep 0.517497 182.08 149.56 222.23 182.73
dog 0.517308 212.44 198.61 224.00 224.00
bottle 0.517268 154.17 124.38 176.29 181.70
pottedplant 0.517243 175.06 62.52 196.20 88.38
pottedplant 0.517238 62.14 177.29 118.03 224.00
bottle 0.517201 140.67 120.44 169.23 185.57
boat 0.517099 13.42 0.00 43.30 15.90
bicycle 0.517018 170.48 117.69 224.00 209.59
sheep 0.517016 149.02 186.23 167.40 218.27
sheep 0.517014 165.72 63.51 188.26 92.03
sheep 0.517012 49.92 39.21 84.69 73.23
bottle 0.516950 62.77 133.82 135.67 198.64
pottedplant 0.516934 94.18 187.14 133.05 224.00
chair 0.516921 48.42 39.54 86.91 76.72
pottedplant 0.516892 20.60 37.33 137.20 137.42
boat 0.516854 22.54 0.00 54.59 17.23
sheep 0.516799 38.38 64.77 90.69 118.39
dog 0.516748 173.66 171.84 192.96 203.14
pottedplant 0.516739 94.97 19.13 120.59 39.67
boat 0.516731 207.77 27.71 219.14 65.61
sheep 0.516639 184.34 109.18 218.52 155.18
boat 0.516634 183.86 40.00 203.63 69.78
boat 0.516621 124.95 0.00 187.45 79.52
pottedplant 0.516576 0.00 0.00 77.48 80.93
bottle 0.516544 193.08 27.85 212.90 62.17
sheep 0.516423 53.82 13.37 84.85 36.02
boat 0.516421 181.32 26.07 205.15 57.71
bottle 0.516411 139.92 181.64 162.64 218.79
aeroplane 0.516396 129.74 13.13 162.65 49.25
aeroplane 0.516388 87.96 40.32 120.60 69.80
sheep 0.516380 135.93 94.10 162.73 155.06
aeroplane 0.516380 60.38 31.59 88.36 49.53
aeroplane 0.516366 126.57 0.00 161.50 26.54
bird 0.516315 99.86 188.02 137.91 224.00
boat 0.516300 155.82 0.00 191.39 27.89
bottle 0.516286 122.11 115.38 159.08 188.34
sheep 0.516246 154.67 189.63 172.59 217.99
sheep 0.516244 43.15 54.38 93.11 103.17
pottedplant 0.516177 104.43 16.32 137.18 39.14
sheep 0.516150 155.64 68.13 180.05 96.92
sheep 0.516050 7.93 41.27 27.91 78.18
sheep 0.516046 162.70 189.52 182.11 219.46
sheep 0.515991 145.11 36.33 172.16 80.01
sheep 0.515983 59.09 40.93 90.57 65.25
boat 0.515958 168.08 31.67 193.78 66.35
sheep 0.515913 53.49 28.28 85.06 50.62
aeroplane 0.515818 112.37 17.94 153.53 68.58
sheep 0.515814 63.48 52.23 105.48 95.58
aeroplane 0.515810 156.78 4.31 194.96 41.78
bottle 0.515763 164.19 126.80 182.22 177.79
sheep 0.515662 159.11 62.09 183.31 94.40
aeroplane 0.515658 140.66 0.00 173.81 26.64
chair 0.515612 31.51 50.71 62.44 99.12
bottle 0.515599 173.25 114.86 190.39 164.03
sheep 0.515540 7.90 32.04 25.57 60.23
boat 0.515319 196.99 0.00 217.87 28.74
cow 0.515276 53.40 7.34 85.01 28.00
bottle 0.515258 115.28 174.67 151.16 220.96
sheep 0.515204 149.01 204.47 175.81 224.00
sheep 0.515194 2.49 5.79 23.51 37.88
dog 0.515189 181.88 184.96 208.13 221.12
sheep 0.515188 7.66 24.22 23.91 51.62
bottle 0.515126 66.87 0.00 135.29 66.20
sheep 0.515046 38.76 0.00 77.94 21.37
pottedplant 0.515043 21.99 0.00 106.67 67.02
aeroplane 0.515038 70.04 44.39 105.54 76.01
sheep 0.514996 7.53 18.51 23.56 43.93
dog 0.514963 170.33 187.63 190.95 220.08
boat 0.514946 174.48 0.00 208.23 27.57
bottle 0.514903 144.85 201.62 170.52 224.00
boat 0.514893 145.53 0.00 210.99 73.43
dog 0.514770 179.42 169.55 205.00 201.68
sheep 0.514657 44.00 9.62 80.79 24.88
dog 0.514589 188.40 182.42 216.33 220.40
dog 0.514587 155.96 205.67 185.30 224.00
sheep 0.514513 40.63 44.01 67.08 81.22
sheep 0.514491 51.37 46.84 92.92 85.64
sheep 0.514441 147.81 75.03 164.41 101.62
sheep 0.514352 151.63 39.63 177.80 81.08
bird 0.514347 159.65 43.14 185.15 79.82
bottle 0.514334 186.23 51.92 205.99 78.42
bird 0.514329 173.58 47.47 195.68 78.56
sheep 0.514326 152.11 57.15 177.76 93.43
pottedplant 0.514315 91.63 14.28 117.36 32.53
aeroplane 0.514299 57.72 16.82 85.80 36.62
bird 0.514217 120.10 194.76 154.21 224.00
pottedplant 0.514173 77.35 182.25 129.83 224.00
sheep 0.513987 175.09 130.38 196.96 175.73
sheep 0.513959 144.38 83.61 164.25 127.65
bottle 0.513929 138.25 198.81 165.08 224.00
motorbike 0.513925 98.83 134.53 171.50 224.00
pottedplant 0.513921 28.71 176.84 88.13 224.00
boat 0.513904 168.85 0.00 222.55 72.23
pottedplant 0.513798 70.72 16.52 100.27 33.95
dog 0.513718 176.30 207.49 210.17 224.00
dog 0.513709 33.65 35.87 55.23 61.32
dog 0.513443 176.64 185.66 199.97 219.97
dog 0.513396 41.02 32.72 64.33 58.76
dog 0.513335 33.51 45.32 58.39 78.96
dog 0.513260 22.13 35.98 44.02 59.16
dog 0.513256 22.02 45.45 46.75 77.19
aeroplane 0.513191 141.85 1.56 176.73 40.41
boat 0.513144 204.59 9.29 217.69 45.99
person 0.513045 135.02 142.14 192.03 224.00
boat 0.512990 182.88 10.69 208.48 42.95
dog 0.512971 22.08 26.09 40.32 48.35
pottedplant 0.512843 62.03 20.74 92.95 40.27
sheep 0.512816 156.00 76.16 183.48 100.62
dog 0.512782 158.36 155.31 220.95 224.00
dog 0.512723 35.44 22.41 54.93 46.60
pottedplant 0.512524 63.21 11.60 97.97 24.89
sheep 0.512085 19.84 8.88 38.79 29.78
sheep 0.511948 173.38 161.66 224.00 224.00
sheep 0.511901 23.16 19.26 39.26 37.44
sheep 0.511514 155.68 81.93 185.07 121.50
pottedplant 0.511434 53.94 12.58 87.60 28.00
sheep 0.511422 36.00 9.33 60.13 25.80
dog 0.510735 196.58 178.66 221.44 220.36
sheep 0.510343 29.99 0.00 57.75 19.52
dog 0.510235 194.63 203.95 221.62 224.00
dog 0.509787 36.00 13.48 58.33 31.79
sheep 0.509502 44.00 16.39 69.74 40.94
sheep 0.507466 52.00 6.86 91.83 28.00
