train 0.685518 0.00 66.45 221.05 168.50
person 0.555956 12.62 123.02 81.76 162.66
aeroplane 0.552238 11.96 122.17 82.81 163.74
train 0.545461 41.76 51.08 224.00 151.97
train 0.544783 0.00 86.35 161.30 166.96
train 0.543897 10.82 79.15 184.64 190.97
aeroplane 0.543864 109.60 113.06 154.24 175.10
train 0.541792 150.52 116.68 205.83 165.50
aeroplane 0.541292 108.42 75.80 162.31 141.28
aeroplane 0.540920 109.35 65.76 170.08 126.73
diningtable 0.538489 11.69 124.81 80.18 161.64
aeroplane 0.538097 167.09 210.42 217.71 224.00
train 0.537720 165.30 211.01 218.35 224.00
car 0.537568 0.00 93.86 127.75 166.13
aeroplane 0.536740 112.27 37.25 176.90 89.53
person 0.535837 79.16 107.89 103.68 170.27
aeroplane 0.535455 104.77 50.97 181.62 106.07
person 0.535286 87.70 107.55 112.41 170.18
car 0.534682 195.48 207.01 224.00 224.00
aeroplane 0.533927 37.98 171.58 64.75 193.26
person 0.533592 0.00 201.99 17.50 224.00
aeroplane 0.533563 38.94 178.53 63.63 198.27
train 0.533493 106.55 112.52 156.98 175.53
aeroplane 0.533167 85.60 113.34 113.51 177.73
person 0.532828 67.81 111.06 93.33 168.92
person 0.532725 76.38 76.99 104.01 143.08
aeroplane 0.532579 113.96 18.85 171.90 77.50
pottedplant 0.532552 0.00 206.71 25.94 224.00
car 0.532317 0.00 161.99 13.15 199.65
aeroplane 0.532122 21.35 129.81 77.46 171.15
person 0.532017 20.67 93.38 70.08 153.13
sheep 0.531705 78.10 112.15 104.34 177.28
train 0.531623 163.61 0.00 224.00 56.97
train 0.531576 193.82 60.31 224.00 142.95
train 0.531523 67.56 33.89 223.42 130.54
aeroplane 0.531027 151.73 212.32 208.93 224.00
person 0.531016 28.09 82.41 65.49 135.65
person 0.530486 32.53 212.20 66.93 224.00
train 0.530397 70.74 85.09 202.72 177.35
car 0.530373 0.00 93.18 24.46 126.54
aeroplane 0.530093 107.64 161.27 165.59 201.68
person 0.530033 71.35 74.73 97.79 127.65
person 0.529951 68.50 83.34 96.83 140.60
train 0.529862 162.86 182.55 224.00 224.00
train 0.529837 142.53 161.26 205.17 196.54
person 0.529642 94.61 109.66 122.11 169.45
car 0.529314 179.71 208.93 224.00 224.00
car 0.529234 25.88 212.29 61.09 224.00
aeroplane 0.529220 35.37 162.90 66.03 187.19
car 0.529163 0.00 0.00 39.22 47.02
person 0.529086 4.10 210.55 35.98 224.00
aeroplane 0.529067 27.45 144.86 70.61 180.62
aeroplane 0.529016 118.69 212.57 169.34 224.00
train 0.528991 197.73 89.16 224.00 170.36
sheep 0.528976 81.27 156.78 107.10 200.48
car 0.528791 0.00 172.31 17.68 201.72
aeroplane 0.528724 85.71 155.79 113.57 201.85
train 0.528700 196.63 109.13 224.00 188.96
train 0.528643 187.11 12.27 224.00 65.89
person 0.528280 44.70 116.72 83.53 164.07
person 0.528161 0.00 159.19 44.58 224.00
train 0.528110 192.15 130.75 224.00 206.33
aeroplane 0.528071 82.45 163.50 107.41 202.08
aeroplane 0.528022 199.74 0.00 224.00 30.55
train 0.527984 119.88 180.90 212.20 224.00
aeroplane 0.527850 132.98 213.36 186.94 224.00
car 0.527784 0.00 142.48 12.57 189.74
train 0.527725 182.97 152.09 224.00 221.54
person 0.527574 29.68 120.30 79.11 154.94
sheep 0.527564 83.73 127.53 112.92 186.87
aeroplane 0.527559 108.65 99.16 158.91 160.96
aeroplane 0.527553 78.86 65.40 104.58 122.43
car 0.527545 0.00 99.47 81.79 176.01
diningtable 0.527538 11.46 212.54 47.36 224.00
person 0.527439 103.17 111.94 142.08 165.16
aeroplane 0.527378 8.66 125.25 59.55 157.44
chair 0.527295 49.65 212.56 82.82 224.00
aeroplane 0.527223 99.76 115.46 141.83 176.87
aeroplane 0.527147 73.50 164.80 98.47 200.09
train 0.527103 10.32 0.00 217.74 179.79
car 0.527073 2.72 100.92 31.23 131.17
train 0.527064 108.82 155.75 172.38 199.06
aeroplane 0.526926 39.20 184.02 61.93 204.23
train 0.526911 181.55 30.68 224.00 112.46
car 0.526908 0.00 0.00 21.76 20.46
diningtable 0.526790 1.72 121.50 35.60 156.90
car 0.526561 0.00 116.03 22.38 160.50
train 0.526561 171.80 15.51 224.00 93.96
train 0.526483 82.93 71.31 224.00 224.00
car 0.526457 0.00 158.30 17.78 194.23
car 0.526270 2.06 106.92 32.32 140.94
person 0.526194 64.83 95.20 94.68 152.76
person 0.526190 31.48 77.75 63.11 122.83
person 0.526080 82.70 83.35 107.98 154.23
car 0.525971 2.88 89.92 29.53 117.90
car 0.525792 0.00 85.87 17.22 123.03
aeroplane 0.525786 103.24 124.57 156.99 188.40
car 0.525745 0.00 121.10 13.73 172.66
train 0.525605 216.85 119.02 224.00 157.98
aeroplane 0.525511 112.36 48.48 160.23 107.34
train 0.525125 202.40 66.26 224.00 108.50
diningtable 0.525072 8.50 119.68 54.57 152.75
aeroplane 0.525024 102.64 68.57 141.63 128.84
chair 0.524934 58.16 212.94 94.03 224.00
aeroplane 0.524778 218.24 152.66 224.00 198.99
boat 0.524766 0.00 133.44 19.87 179.22
train 0.524760 149.81 31.22 217.65 72.74
person 0.524600 0.00 95.45 137.37 172.65
train 0.524498 199.68 80.55 224.00 122.40
diningtable 0.524496 10.70 110.09 66.39 153.20
person 0.524333 12.27 98.76 55.96 140.09
train 0.524290 92.32 126.96 193.82 194.27
aeroplane 0.524288 89.64 163.27 119.73 204.91
motorbike 0.524241 0.00 159.02 77.57 224.00
train 0.524237 165.95 88.53 208.85 133.69
aeroplane 0.524229 106.09 212.79 151.12 224.00
car 0.524215 7.54 176.99 25.88 200.14
train 0.524133 161.35 97.44 208.42 148.10
train 0.524105 90.93 29.61 212.24 96.77
person 0.524008 92.16 99.75 117.17 162.31
car 0.523903 1.74 57.67 21.56 83.93
car 0.523893 0.00 106.55 18.10 154.45
car 0.523867 8.33 101.47 39.58 132.98
train 0.523859 214.76 110.94 224.00 152.20
aeroplane 0.523773 1.44 127.95 33.52 165.00
diningtable 0.523753 8.21 109.84 46.21 144.44
car 0.523629 2.03 51.47 21.29 76.54
sheep 0.523549 83.46 147.71 113.63 196.13
train 0.523503 99.05 163.35 204.73 224.00
train 0.523307 171.66 15.40 218.04 66.00
train 0.523271 107.93 16.54 210.83 83.47
aeroplane 0.523194 122.61 14.28 189.33 72.41
train 0.523159 121.02 158.37 188.75 197.16
car 0.523121 1.39 81.27 24.32 114.74
train 0.523120 134.74 116.16 185.90 172.02
car 0.523073 5.71 170.16 25.57 195.45
aeroplane 0.523023 95.26 163.81 141.86 204.03
car 0.522990 0.00 0.00 66.85 46.22
aeroplane 0.522967 98.64 213.25 138.66 224.00
aeroplane 0.522948 90.77 62.14 115.67 122.91
aeroplane 0.522862 116.92 80.97 180.32 135.95
train 0.522851 196.41 29.18 224.00 81.56
person 0.522767 14.00 92.12 49.14 128.43
train 0.522691 117.57 138.87 203.20 198.05
aeroplane 0.522673 196.34 205.35 224.00 224.00
car 0.522655 7.96 95.50 37.00 124.76
aeroplane 0.522576 209.74 184.86 224.00 221.41
car 0.522534 2.15 63.92 21.89 91.78
car 0.522501 0.00 179.40 13.29 218.41
car 0.522487 2.44 43.73 21.48 68.06
person 0.522484 102.18 89.83 138.28 150.39
aeroplane 0.522480 74.11 66.42 97.13 109.40
aeroplane 0.522367 84.46 59.67 109.76 116.75
diningtable 0.522364 89.57 213.80 126.21 224.00
aeroplane 0.522355 110.40 175.80 164.11 210.69
aeroplane 0.522325 87.31 171.32 113.31 207.42
person 0.522287 34.86 74.82 60.51 112.53
aeroplane 0.522186 204.10 195.73 224.00 224.00
person 0.522177 55.46 89.05 85.41 135.90
chair 0.522175 66.97 213.15 105.07 224.00
train 0.522137 75.52 4.32 209.82 105.56
aeroplane 0.522093 39.63 60.32 58.88 81.33
sheep 0.522044 64.67 125.78 92.87 183.09
train 0.522042 218.35 140.22 224.00 188.64
aeroplane 0.522005 26.37 174.49 55.08 191.84
train 0.522002 107.21 0.00 206.21 63.59
car 0.521945 2.19 72.10 22.60 102.34
person 0.521943 0.00 191.93 13.88 224.00
aeroplane 0.521936 35.27 59.45 52.16 79.63
train 0.521933 216.86 129.87 224.00 175.14
car 0.521873 17.97 180.55 36.93 199.14
aeroplane 0.521848 153.83 0.00 195.66 15.36
aeroplane 0.521825 86.44 127.33 119.20 187.04
train 0.521819 107.97 115.84 201.88 182.55
diningtable 0.521795 12.36 147.95 131.07 224.00
aeroplane 0.521775 6.67 60.11 26.31 80.68
train 0.521736 200.19 42.54 224.00 89.70
car 0.521692 0.00 0.00 34.44 72.35
car 0.521610 0.00 118.38 54.40 211.21
train 0.521572 210.60 100.46 224.00 144.39
aeroplane 0.521527 39.03 66.90 59.22 90.35
aeroplane 0.521518 214.50 173.98 224.00 214.66
person 0.521490 53.47 101.03 84.55 149.45
train 0.521481 206.51 92.04 224.00 133.99
aeroplane 0.521472 34.95 66.31 52.77 88.74
train 0.521467 148.89 19.91 222.68 64.03
aeroplane 0.521429 40.42 53.00 58.44 72.16
aeroplane 0.521429 7.32 53.14 26.25 73.20
aeroplane 0.521337 34.85 52.19 51.37 70.90
aeroplane 0.521330 43.73 0.00 78.98 14.24
aeroplane 0.521314 25.88 131.43 147.09 224.00
car 0.521280 0.00 55.09 14.39 86.66
aeroplane 0.521275 168.82 0.00 211.31 17.58
aeroplane 0.521274 8.64 44.72 26.76 64.65
aeroplane 0.521267 40.74 44.61 58.95 63.72
person 0.521205 87.49 74.95 113.32 141.55
person 0.521165 34.32 100.07 75.42 146.73
aeroplane 0.521141 34.16 44.09 51.35 62.98
sheep 0.521115 74.51 213.75 112.96 224.00
person 0.521077 28.54 76.13 54.24 113.50
person 0.521075 37.79 71.89 59.11 100.78
aeroplane 0.521057 126.71 32.44 202.84 79.26
aeroplane 0.520954 29.02 180.53 54.21 196.44
aeroplane 0.520925 17.37 0.00 90.39 52.40
car 0.520905 0.65 0.00 29.92 16.12
car 0.520871 2.69 35.48 21.99 58.79
aeroplane 0.520843 6.62 66.60 26.52 88.65
aeroplane 0.520747 104.55 50.76 138.46 106.86
car 0.520721 14.96 173.49 36.34 193.87
person 0.520668 56.71 79.99 85.74 122.82
aeroplane 0.520609 51.52 15.79 66.97 36.18
train 0.520601 144.83 144.33 206.69 192.32
car 0.520562 49.19 0.00 85.98 14.14
car 0.520497 8.81 181.94 25.55 205.60
car 0.520469 0.00 69.68 14.63 104.58
train 0.520467 39.44 134.13 154.20 224.00
aeroplane 0.520461 10.07 35.77 27.23 55.30
aeroplane 0.520452 130.11 0.00 162.06 13.23
aeroplane 0.520415 49.84 3.28 69.94 26.70
aeroplane 0.520407 191.63 3.69 222.78 51.80
train 0.520215 127.03 38.63 201.28 81.12
aeroplane 0.520199 138.64 0.00 174.07 13.76
aeroplane 0.520191 33.09 71.69 52.78 100.62
train 0.520148 179.55 82.01 211.62 121.85
aeroplane 0.520096 141.26 19.77 217.40 67.00
aeroplane 0.520076 34.13 34.52 51.28 54.38
aeroplane 0.520074 22.31 0.00 52.04 14.47
aeroplane 0.520064 111.78 191.17 164.27 220.26
aeroplane 0.520018 41.31 34.75 58.83 55.32
train 0.519973 128.41 0.00 215.04 49.30
aeroplane 0.519914 5.83 74.42 27.02 99.47
person 0.519875 37.41 88.85 73.18 131.82
aeroplane 0.519744 122.56 0.00 153.64 13.62
aeroplane 0.519738 141.45 0.00 204.05 50.66
car 0.519715 0.00 41.10 13.85 71.19
aeroplane 0.519694 23.23 164.34 55.99 186.10
aeroplane 0.519671 45.37 14.92 59.78 34.89
aeroplane 0.519610 25.67 44.81 42.48 62.05
aeroplane 0.519589 181.20 0.00 218.85 21.57
aeroplane 0.519588 0.47 136.79 29.12 175.34
aeroplane 0.519574 35.70 24.22 50.96 44.54
aeroplane 0.519546 43.50 23.85 58.62 45.17
train 0.519542 74.88 0.00 164.11 55.95
aeroplane 0.519526 125.77 6.86 162.37 60.61
aeroplane 0.519489 92.63 179.85 119.53 208.82
aeroplane 0.519441 29.40 16.97 43.39 34.95
car 0.519426 19.22 186.02 36.24 204.42
aeroplane 0.519368 100.71 143.66 160.40 198.83
aeroplane 0.519332 37.13 15.83 51.52 34.68
aeroplane 0.519269 15.31 0.00 44.30 14.56
aeroplane 0.519268 27.99 25.49 42.83 44.24
car 0.519254 0.00 32.76 13.66 62.77
aeroplane 0.519237 36.98 193.51 61.22 219.95
train 0.519208 27.82 31.65 174.22 139.36
sheep 0.519149 1.34 182.32 18.86 214.40
aeroplane 0.519136 25.53 60.52 43.09 78.87
car 0.519099 2.93 162.39 24.80 191.47
aeroplane 0.519099 26.38 35.28 42.66 53.31
car 0.519061 0.00 72.10 76.07 164.64
aeroplane 0.519040 9.05 134.39 50.66 171.38
aeroplane 0.519027 25.41 53.25 42.47 70.32
train 0.518998 137.52 149.81 213.66 204.84
train 0.518872 168.40 78.98 211.60 114.56
car 0.518841 3.17 27.24 22.69 49.51
sheep 0.518830 67.81 147.99 95.89 190.91
aeroplane 0.518828 93.58 53.19 117.34 105.65
train 0.518809 173.13 29.58 212.65 80.92
aeroplane 0.518772 11.65 26.92 27.76 45.77
train 0.518758 93.06 67.47 206.97 139.91
aeroplane 0.518719 131.34 0.00 166.07 49.72
car 0.518696 0.00 43.29 54.29 148.13
aeroplane 0.518690 88.12 192.64 111.81 217.24
aeroplane 0.518681 155.58 4.71 224.00 47.16
train 0.518678 158.43 81.43 210.97 124.20
aeroplane 0.518671 18.42 35.86 34.11 53.38
aeroplane 0.518664 83.04 57.96 103.57 100.74
aeroplane 0.518656 20.26 26.49 34.60 44.18
car 0.518640 0.00 17.93 39.36 127.39
aeroplane 0.518628 49.65 25.11 65.44 46.53
aeroplane 0.518580 25.43 67.68 43.79 88.27
aeroplane 0.518567 47.27 167.05 82.35 195.17
aeroplane 0.518459 29.31 0.00 62.69 13.79
car 0.518437 0.00 4.11 14.21 36.21
car 0.518418 0.00 24.44 13.45 54.31
aeroplane 0.518407 96.99 49.97 115.88 91.78
aeroplane 0.518404 16.73 45.26 33.59 62.48
car 0.518387 7.33 0.00 36.30 15.08
train 0.518363 182.68 70.88 211.44 108.15
aeroplane 0.518313 92.93 0.00 123.20 15.54
aeroplane 0.518304 54.12 2.50 75.84 26.03
aeroplane 0.518272 36.79 0.00 107.58 54.88
aeroplane 0.518270 173.07 14.14 219.37 60.35
aeroplane 0.518255 21.74 17.93 35.78 34.65
aeroplane 0.518233 57.48 16.82 73.16 34.96
train 0.518226 106.10 43.86 135.89 83.54
aeroplane 0.518209 29.60 8.11 45.07 25.40
aeroplane 0.518170 11.24 164.93 35.36 189.09
aeroplane 0.518128 100.02 0.00 131.32 14.65
aeroplane 0.518126 29.97 185.02 52.17 201.68
aeroplane 0.518090 140.08 78.43 196.31 125.16
train 0.518030 143.98 85.00 197.29 135.86
aeroplane 0.517967 45.61 46.14 64.48 65.02
aeroplane 0.517961 46.90 36.23 64.97 56.63
train 0.517948 179.64 59.02 211.38 99.02
boat 0.517913 65.09 0.00 100.50 15.48
aeroplane 0.517890 75.56 0.00 107.38 15.96
aeroplane 0.517861 92.53 50.97 109.57 89.03
aeroplane 0.517838 94.23 192.49 118.77 214.86
car 0.517837 0.00 16.06 13.24 45.70
aeroplane 0.517816 0.59 150.22 25.00 185.72
bottle 0.517811 0.00 196.33 21.29 224.00
train 0.517797 34.20 102.21 171.04 201.48
aeroplane 0.517770 107.11 0.00 140.46 13.39
aeroplane 0.517728 18.59 80.26 44.30 111.66
aeroplane 0.517693 9.69 187.35 26.44 213.84
person 0.517597 42.38 68.29 64.36 92.35
aeroplane 0.517581 126.51 45.03 198.29 87.34
aeroplane 0.517554 44.28 54.51 63.64 73.91
aeroplane 0.517546 14.76 61.28 32.82 79.19
aeroplane 0.517509 15.34 54.03 32.97 71.19
train 0.517491 44.33 0.00 76.86 18.13
person 0.517422 60.36 71.03 83.95 103.03
train 0.517392 27.55 19.89 134.37 120.90
boat 0.517385 0.00 0.00 76.87 78.43
aeroplane 0.517384 23.28 74.03 43.78 100.10
train 0.517377 28.27 0.00 114.60 95.28
aeroplane 0.517343 145.15 172.65 213.49 217.89
aeroplane 0.517191 42.54 61.68 63.76 83.15
train 0.517147 108.66 126.59 165.45 190.16
train 0.517145 155.86 44.73 211.98 85.06
aeroplane 0.517139 13.15 18.47 28.91 36.06
aeroplane 0.517133 74.66 61.45 94.43 95.23
boat 0.517085 3.63 18.83 23.62 40.04
aeroplane 0.517067 19.36 192.84 37.04 215.05
aeroplane 0.517037 95.25 48.48 109.36 77.61
aeroplane 0.516987 14.71 68.03 33.09 87.75
aeroplane 0.516955 44.61 4.73 63.30 24.94
aeroplane 0.516940 21.52 0.00 109.36 86.83
aeroplane 0.516902 86.38 52.65 101.74 86.31
train 0.516858 49.18 0.00 127.65 53.98
aeroplane 0.516856 21.79 9.31 37.85 25.17
train 0.516854 175.40 44.01 211.42 88.77
aeroplane 0.516845 9.00 82.88 34.00 110.10
train 0.516702 165.41 70.42 209.82 104.24
aeroplane 0.516678 9.24 149.21 39.47 181.92
aeroplane 0.516663 133.30 64.96 196.12 108.04
train 0.516631 127.51 104.69 184.67 160.71
train 0.516597 146.56 127.49 203.48 183.90
boat 0.516580 48.70 0.00 83.41 17.76
person 0.516495 39.88 81.83 71.98 119.06
train 0.516435 160.81 57.84 209.83 95.06
aeroplane 0.516434 0.00 2.29 89.82 113.13
aeroplane 0.516402 56.37 26.26 71.74 45.57
aeroplane 0.516368 49.22 173.26 84.64 200.12
aeroplane 0.516350 36.82 6.54 53.91 24.38
aeroplane 0.516343 91.44 146.09 139.93 198.29
aeroplane 0.516327 111.87 208.10 164.03 224.00
train 0.516311 190.93 69.16 217.03 106.20
train 0.516280 169.92 118.65 211.60 154.69
aeroplane 0.516266 97.62 179.05 138.75 207.23
car 0.516152 0.00 103.93 99.13 200.40
train 0.516150 185.36 27.76 217.30 79.49
aeroplane 0.516001 156.96 0.00 215.30 29.96
aeroplane 0.515978 12.95 75.22 33.58 99.00
aeroplane 0.515967 141.00 165.82 208.91 207.44
boat 0.515938 3.18 7.24 24.87 30.09
aeroplane 0.515825 143.24 154.28 205.36 194.98
aeroplane 0.515811 13.31 8.79 30.56 26.32
aeroplane 0.515799 84.09 179.02 107.15 208.74
aeroplane 0.515781 153.51 195.44 218.07 224.00
sheep 0.515752 40.21 126.92 81.65 176.90
aeroplane 0.515717 25.12 14.17 127.97 114.93
aeroplane 0.515716 89.55 49.01 100.62 74.02
aeroplane 0.515611 28.11 193.91 49.42 216.35
person 0.515605 47.38 74.05 70.86 100.46
train 0.515560 201.27 124.47 220.79 159.14
train 0.515538 102.98 90.57 204.51 159.99
aeroplane 0.515496 7.63 92.61 146.24 191.62
train 0.515480 191.12 58.10 216.58 96.85
aeroplane 0.515406 177.77 156.37 214.17 194.66
bottle 0.515307 6.77 201.47 30.76 224.00
train 0.515266 128.13 129.42 181.68 187.91
train 0.515249 186.87 76.33 217.07 115.56
aeroplane 0.515249 175.18 0.00 218.29 37.94
aeroplane 0.515121 144.12 0.00 196.24 29.36
person 0.515050 43.35 77.43 70.85 109.42
aeroplane 0.514973 100.23 191.15 135.82 213.20
aeroplane 0.514918 65.02 17.26 78.71 32.70
aeroplane 0.514911 201.07 165.88 223.54 204.27
aeroplane 0.514859 94.82 45.24 108.89 65.90
aeroplane 0.514854 136.43 0.00 179.29 28.91
aeroplane 0.514800 76.41 177.68 100.84 207.28
aeroplane 0.514790 14.57 206.60 42.87 224.00
aeroplane 0.514769 21.46 208.59 52.88 224.00
aeroplane 0.514723 60.95 65.91 81.39 91.06
aeroplane 0.514716 188.72 200.77 219.35 224.00
aeroplane 0.514707 129.97 0.00 162.84 26.83
aeroplane 0.514704 76.23 55.51 91.14 81.76
person 0.514609 48.74 68.71 70.68 91.46
aeroplane 0.514606 203.18 155.66 224.00 196.53
aeroplane 0.514593 53.34 37.85 70.41 55.90
aeroplane 0.514345 105.59 38.73 134.46 73.37
car 0.514321 0.00 53.59 119.90 157.01
aeroplane 0.514295 51.62 47.77 69.46 64.23
train 0.514204 188.47 43.31 216.22 87.26
aeroplane 0.514154 50.49 55.45 68.80 73.02
aeroplane 0.514099 58.68 0.45 80.77 24.14
aeroplane 0.514051 176.00 188.16 214.41 220.34
aeroplane 0.514034 98.09 43.42 114.35 67.97
aeroplane 0.514015 67.34 26.66 78.22 42.16
aeroplane 0.514012 76.56 190.39 100.48 216.29
boat 0.513950 2.11 0.00 27.29 19.52
aeroplane 0.513894 194.47 188.97 221.49 220.33
aeroplane 0.513883 72.65 0.00 88.69 24.53
aeroplane 0.513875 93.81 37.91 108.45 57.51
aeroplane 0.513784 39.31 0.00 70.44 16.70
sheep 0.513749 42.33 147.93 81.78 184.71
aeroplane 0.513688 78.03 17.17 86.62 31.77
aeroplane 0.513681 175.36 202.13 213.86 224.00
aeroplane 0.513681 58.16 189.54 87.83 215.53
aeroplane 0.513609 89.99 45.20 99.87 61.80
aeroplane 0.513538 87.89 17.31 95.15 32.36
aeroplane 0.513518 48.65 62.10 69.28 82.36
aeroplane 0.513463 41.17 182.36 72.57 202.57
car 0.513461 0.00 28.90 105.63 137.79
aeroplane 0.513431 84.99 0.00 96.28 24.30
aeroplane 0.513410 79.10 50.97 89.16 69.44
train 0.513356 10.62 55.24 158.37 153.50
sofa 0.513353 13.00 93.01 165.80 207.05
dog 0.513243 39.22 209.34 70.21 224.00
aeroplane 0.513203 61.64 59.49 78.11 80.23
aeroplane 0.513191 94.11 27.56 105.98 46.26
aeroplane 0.512939 79.44 26.75 87.08 40.79
aeroplane 0.512852 123.39 0.00 155.61 44.32
aeroplane 0.512832 45.97 192.57 73.99 216.17
aeroplane 0.512816 124.01 0.00 154.55 24.59
aeroplane 0.512760 96.80 36.79 113.33 59.14
aeroplane 0.512740 9.94 0.00 32.88 17.16
aeroplane 0.512699 174.60 176.42 213.85 210.75
aeroplane 0.512694 91.65 208.67 119.67 224.00
aeroplane 0.512656 88.33 26.93 97.91 43.71
aeroplane 0.512637 94.29 16.90 102.85 32.86
train 0.512559 192.19 112.23 219.78 149.38
aeroplane 0.512526 139.42 187.05 202.05 224.00
aeroplane 0.512463 88.85 37.74 99.71 54.20
aeroplane 0.512440 156.80 183.50 212.32 220.90
aeroplane 0.512437 198.07 177.55 222.37 212.67
aeroplane 0.512408 100.11 207.36 135.47 224.00
aeroplane 0.512328 63.66 53.75 76.55 69.64
aeroplane 0.512295 84.08 209.29 113.26 224.00
aeroplane 0.512167 65.48 37.84 77.12 51.78
aeroplane 0.512150 80.19 45.75 88.03 57.69
aeroplane 0.512148 103.92 31.97 133.20 64.16
aeroplane 0.511921 64.67 47.15 76.46 59.90
aeroplane 0.511889 203.68 130.03 220.66 168.03
aeroplane 0.511833 179.56 127.11 211.21 166.41
aeroplane 0.511794 79.55 37.58 87.51 50.01
aeroplane 0.511697 92.42 0.00 103.71 23.70
sheep 0.511640 47.64 209.53 77.95 224.00
aeroplane 0.511593 142.46 137.45 203.91 185.75
train 0.511494 183.02 90.00 217.66 131.20
aeroplane 0.511301 122.12 162.70 190.26 211.91
aeroplane 0.511289 179.71 141.04 212.32 183.24
aeroplane 0.511278 98.79 26.41 112.32 49.21
aeroplane 0.511232 205.18 141.72 222.27 184.57
dog 0.511049 58.51 208.82 89.93 224.00
aeroplane 0.510965 101.64 14.40 111.49 35.23
sheep 0.510759 78.30 209.24 108.10 224.00
aeroplane 0.510722 100.93 0.00 113.18 23.94
train 0.510494 186.19 99.74 218.20 142.91
aeroplane 0.510351 105.62 22.67 132.78 56.13
aeroplane 0.510281 86.28 0.00 109.66 16.70
aeroplane 0.509852 108.52 0.00 126.69 28.05
aeroplane 0.509216 109.69 12.12 130.13 42.33
aeroplane 0.509099 109.88 0.00 144.51 19.34
