sofa 0.603184 47.11 73.32 146.43 162.45
person 0.602184 48.87 79.06 149.72 166.28
sofa 0.586709 40.43 67.50 180.06 149.04
person 0.584931 116.91 77.00 187.63 169.40
sofa 0.584657 61.15 87.31 154.18 179.19
person 0.581573 42.53 58.98 164.87 152.73
cat 0.577189 57.41 80.99 139.89 166.06
tvmonitor 0.575636 56.28 45.01 138.38 122.94
sofa 0.570394 119.22 89.70 183.33 185.39
dog 0.568626 115.38 77.20 181.27 164.39
tvmonitor 0.560684 52.12 61.52 135.18 149.15
pottedplant 0.559577 9.06 75.85 104.23 210.95
chair 0.559328 37.25 149.74 115.05 224.00
chair 0.557234 24.08 128.06 70.64 222.54
tvmonitor 0.556297 12.60 82.77 100.56 214.46
sofa 0.554784 84.31 96.22 167.49 181.50
sofa 0.554770 129.79 99.28 174.88 178.60
sofa 0.554215 76.30 81.22 182.24 155.75
bottle 0.554100 19.34 129.62 58.83 224.00
sofa 0.553792 36.38 49.40 120.36 109.97
person 0.552199 84.75 77.11 165.52 167.94
tvmonitor 0.552153 0.18 91.72 52.06 224.00
bottle 0.551581 23.63 126.09 75.22 209.88
pottedplant 0.551216 6.54 86.97 67.99 224.00
person 0.550996 195.22 61.41 224.00 190.93
cat 0.550568 61.97 102.86 137.04 187.35
chair 0.549178 37.17 137.34 87.98 221.79
person 0.548786 67.44 74.07 133.82 152.35
dog 0.548650 32.05 49.76 112.92 117.96
tvmonitor 0.548591 26.38 77.37 128.13 181.56
person 0.547851 46.53 74.28 117.11 155.61
chair 0.547840 42.59 66.87 168.95 166.18
chair 0.545273 2.96 83.35 123.09 208.76
bottle 0.543764 28.57 80.97 81.92 166.79
tvmonitor 0.543217 136.01 18.62 174.81 48.84
sofa 0.543202 57.80 108.63 135.53 188.11
sofa 0.542835 38.05 56.62 114.75 138.13
diningtable 0.541736 0.00 86.12 134.32 203.89
bottle 0.541732 17.49 120.71 64.59 196.30
tvmonitor 0.540964 0.00 6.35 9.23 75.50
tvmonitor 0.540963 128.53 55.79 176.12 134.63
bottle 0.540121 20.94 86.69 66.12 166.29
bottle 0.539474 42.29 76.81 103.05 166.72
sofa 0.538743 157.79 43.38 224.00 174.26
chair 0.538419 0.72 129.57 113.87 224.00
person 0.538116 0.00 204.29 16.74 224.00
dog 0.538096 29.59 58.40 78.39 123.06
cat 0.537934 50.13 78.49 111.20 163.27
chair 0.537489 43.14 72.61 102.43 165.24
diningtable 0.537372 28.55 81.76 143.30 173.31
dog 0.537266 128.13 56.37 176.89 136.53
cat 0.537224 0.00 0.00 17.65 29.99
tvmonitor 0.536773 174.03 0.00 224.00 56.87
bottle 0.536738 32.87 66.59 75.18 145.65
tvmonitor 0.536036 40.42 121.95 97.26 199.75
bottle 0.535701 23.75 71.24 63.47 140.64
dog 0.535590 36.57 61.43 94.13 139.08
chair 0.535162 48.98 131.91 119.97 213.40
person 0.535024 207.04 206.58 224.00 224.00
bottle 0.534806 0.00 208.51 29.60 224.00
tvmonitor 0.534151 0.00 0.00 14.45 37.98
chair 0.533895 110.48 86.30 172.87 174.89
sofa 0.533362 193.70 49.30 224.00 172.07
chair 0.533204 0.00 79.48 43.31 186.08
bottle 0.532872 27.56 107.95 94.22 189.82
person 0.532687 201.35 111.61 224.00 224.00
person 0.532643 192.48 167.95 224.00 224.00
sofa 0.532584 0.00 0.00 59.04 112.99
tvmonitor 0.532271 52.43 96.38 113.46 182.71
tvmonitor 0.532062 0.00 26.49 10.54 85.91
tvmonitor 0.532053 52.08 135.45 104.46 209.86
bottle 0.531902 0.00 127.10 9.89 182.85
chair 0.531644 53.74 182.95 108.18 224.00
chair 0.531473 48.80 160.05 101.55 224.00
person 0.531405 185.68 210.50 216.65 224.00
sofa 0.531391 28.54 56.02 102.06 119.58
tvmonitor 0.531097 141.24 19.81 185.92 41.92
dog 0.531092 220.00 74.24 224.00 128.53
dog 0.531006 213.58 159.69 224.00 206.41
bottle 0.530869 4.21 127.98 22.54 181.99
person 0.530784 0.00 0.00 99.43 156.27
chair 0.530699 41.94 48.46 140.09 148.33
chair 0.530680 147.14 211.10 179.38 224.00
dog 0.530642 23.89 67.75 65.67 126.69
chair 0.530586 88.40 166.93 169.84 224.00
tvmonitor 0.530516 113.45 0.00 209.70 44.00
cat 0.530306 210.43 0.00 224.00 25.77
person 0.530120 177.29 211.04 209.43 224.00
tvmonitor 0.530044 126.40 21.62 166.90 54.63
tvmonitor 0.530020 140.60 0.00 224.00 47.82
sofa 0.529926 152.55 0.00 224.00 154.97
person 0.529859 151.90 62.77 224.00 174.56
sofa 0.529695 11.33 54.24 139.26 189.59
tvmonitor 0.529622 203.15 14.53 224.00 133.88
tvmonitor 0.529592 132.82 44.41 168.45 104.81
sofa 0.529477 132.91 116.78 224.00 224.00
dog 0.529475 220.00 8.90 224.00 41.65
dog 0.529465 136.10 82.89 189.70 144.69
chair 0.529346 133.52 108.23 173.79 180.06
tvmonitor 0.529249 0.00 67.12 8.10 115.18
bottle 0.529081 17.82 79.09 58.04 153.04
tvmonitor 0.529042 0.00 81.42 25.75 151.84
dog 0.529028 220.00 58.26 224.00 113.49
sofa 0.529010 13.83 76.73 103.81 180.90
chair 0.528997 154.69 211.19 188.69 224.00
bottle 0.528992 16.19 114.86 53.24 181.89
tvmonitor 0.528907 73.66 46.04 127.89 115.39
tvmonitor 0.528831 158.77 18.82 194.32 40.08
tvmonitor 0.528809 138.06 0.00 172.05 19.08
tvmonitor 0.528694 195.49 0.00 224.00 102.95
person 0.528671 162.53 211.00 196.80 224.00
chair 0.528642 131.67 210.70 164.43 224.00
tvmonitor 0.528563 0.00 82.33 10.65 148.98
sheep 0.528516 195.11 209.29 224.00 224.00
bottle 0.528211 12.12 125.96 42.22 184.34
car 0.528177 0.00 0.00 49.67 71.34
bottle 0.527958 0.00 115.36 13.47 177.29
bottle 0.527951 10.60 79.76 43.14 152.81
tvmonitor 0.527931 112.87 25.53 143.86 57.09
sofa 0.527863 0.00 13.15 15.62 79.93
dog 0.527766 144.60 115.22 185.06 179.18
chair 0.527728 100.51 200.41 130.28 224.00
tvmonitor 0.527523 162.26 0.00 196.76 20.46
chair 0.527516 139.90 123.90 168.61 185.06
sofa 0.527454 109.09 72.39 192.03 153.93
dog 0.527451 215.31 170.87 224.00 212.77
tvmonitor 0.527423 154.17 0.00 188.68 19.28
bottle 0.527364 31.67 164.03 69.20 224.00
sofa 0.527127 16.91 6.16 121.56 175.39
cat 0.527055 34.59 19.52 56.84 65.38
tvmonitor 0.527024 171.03 20.07 198.60 39.50
tvmonitor 0.526997 107.18 27.13 135.87 57.80
bottle 0.526971 2.73 210.51 43.16 224.00
bottle 0.526923 0.00 185.67 22.98 224.00
bus 0.526836 3.79 0.00 112.13 157.67
sofa 0.526761 28.45 21.39 51.47 74.57
tvmonitor 0.526724 219.73 3.63 224.00 35.38
chair 0.526710 109.15 204.40 141.16 224.00
sofa 0.526664 90.43 113.48 141.21 190.72
bottle 0.526587 12.80 135.17 39.46 212.77
tvmonitor 0.526434 0.00 57.24 9.79 97.56
bottle 0.526372 0.00 184.73 10.04 224.00
chair 0.526245 116.41 207.11 151.01 224.00
tvmonitor 0.526192 181.83 21.39 202.65 38.41
bottle 0.526190 0.00 197.36 12.62 224.00
chair 0.526116 92.95 131.97 129.35 202.11
tvmonitor 0.526080 27.93 16.38 51.54 66.66
sofa 0.526059 113.40 61.99 221.55 159.71
tvmonitor 0.525844 35.06 25.57 57.13 72.77
dog 0.525829 220.00 41.96 224.00 94.73
boat 0.525777 122.40 49.85 173.19 116.69
boat 0.525599 170.62 0.00 203.66 21.03
tvmonitor 0.525476 10.52 75.17 43.63 137.46
dog 0.525467 220.00 115.63 224.00 165.54
sofa 0.525429 0.00 61.22 51.67 161.90
bottle 0.525408 0.00 94.74 25.56 165.72
diningtable 0.525365 0.00 117.60 121.40 224.00
chair 0.525347 79.96 193.83 119.88 224.00
chair 0.525276 144.13 145.49 164.90 192.72
diningtable 0.525220 107.09 177.87 201.10 224.00
bottle 0.525128 24.62 170.26 57.19 224.00
bottle 0.524930 0.00 143.76 8.46 205.45
dog 0.524899 194.56 77.80 211.29 127.77
boat 0.524839 179.79 0.00 210.72 21.43
diningtable 0.524733 24.03 98.61 149.11 224.00
diningtable 0.524722 146.23 177.17 216.95 224.00
sheep 0.524684 191.06 162.72 210.65 204.02
sheep 0.524654 187.84 183.78 204.55 208.33
sofa 0.524636 16.02 14.42 42.67 77.36
tvmonitor 0.524612 2.69 72.21 26.24 112.33
boat 0.524587 131.99 0.00 164.29 18.65
sofa 0.524544 0.00 33.54 61.15 137.02
boat 0.524522 189.54 0.00 218.04 21.87
diningtable 0.524397 65.31 125.17 202.34 224.00
dog 0.524393 184.68 160.27 204.78 201.51
dog 0.524376 215.65 142.08 224.00 194.87
bottle 0.524334 15.76 208.06 58.86 224.00
tvmonitor 0.524272 155.46 11.67 196.83 37.79
tvmonitor 0.523988 19.05 73.72 59.54 124.12
dog 0.523937 121.57 102.98 175.49 178.14
dog 0.523926 219.08 131.08 224.00 181.45
dog 0.523889 187.30 173.31 204.68 204.35
tvmonitor 0.523859 59.27 51.04 173.95 145.53
chair 0.523843 74.92 131.89 122.86 205.34
pottedplant 0.523836 76.88 0.00 183.85 52.87
bottle 0.523773 22.90 203.27 66.74 224.00
tvmonitor 0.523772 132.66 32.48 165.15 84.98
chair 0.523757 18.32 0.00 89.65 66.72
aeroplane 0.523712 195.18 19.42 208.96 36.37
bottle 0.523548 9.68 182.15 39.55 223.82
chair 0.523460 100.82 160.33 122.54 221.02
sheep 0.523379 214.37 180.12 224.00 217.70
sheep 0.523305 186.61 191.84 203.90 215.37
dog 0.523260 188.10 152.21 209.83 203.72
sheep 0.523216 193.52 179.53 210.56 208.25
tvmonitor 0.523178 216.46 0.00 224.00 32.42
cat 0.523175 36.00 8.55 55.50 54.83
boat 0.523141 200.00 0.00 224.00 23.92
dog 0.523120 48.98 44.12 89.13 100.14
chair 0.523107 146.13 162.93 163.19 199.98
dog 0.523060 220.00 94.95 224.00 145.72
dog 0.523043 154.40 119.93 192.27 178.57
chair 0.523012 113.36 161.45 131.28 216.77
chair 0.522890 141.64 159.69 157.81 199.02
tvmonitor 0.522841 87.57 40.78 129.07 96.37
tvmonitor 0.522768 137.42 0.00 176.71 38.01
sofa 0.522730 177.28 170.62 224.00 224.00
tvmonitor 0.522712 104.11 33.21 133.98 64.87
sofa 0.522662 34.26 33.51 59.60 87.67
tvmonitor 0.522595 98.13 47.99 146.88 114.07
bottle 0.522472 3.29 139.58 24.27 207.20
dog 0.522454 55.15 33.88 84.37 79.57
chair 0.522422 141.08 171.45 157.17 206.65
sofa 0.522339 13.96 14.81 99.01 126.41
dog 0.522332 220.00 27.30 224.00 77.11
dog 0.522301 170.07 81.29 200.58 134.53
boat 0.522273 97.81 0.00 130.88 15.84
chair 0.522208 32.89 0.00 117.87 59.89
chair 0.522206 44.73 187.33 94.59 224.00
sheep 0.522110 180.01 192.00 196.83 216.06
chair 0.522081 21.21 0.00 105.88 110.61
chair 0.522044 139.82 182.81 157.70 216.31
sheep 0.521944 193.68 187.46 211.08 213.26
person 0.521892 26.88 0.00 131.05 146.52
sheep 0.521877 211.30 194.26 224.00 224.00
tvmonitor 0.521723 13.61 74.86 45.95 111.30
chair 0.521719 122.29 163.89 140.70 211.75
boat 0.521711 146.02 186.42 164.27 216.26
dog 0.521706 153.23 83.47 194.97 140.36
chair 0.521689 132.33 167.56 150.26 208.07
tvmonitor 0.521647 0.73 63.27 21.47 93.88
tvmonitor 0.521622 146.17 0.00 189.49 35.08
chair 0.521551 75.48 169.51 113.23 224.00
cat 0.521542 28.56 6.59 50.25 54.34
tvmonitor 0.521444 88.36 68.58 149.95 142.78
chair 0.521435 146.36 175.31 162.60 206.79
sheep 0.521352 181.37 184.53 196.93 207.62
chair 0.521322 0.00 0.00 69.03 70.86
tvmonitor 0.521322 15.42 11.17 40.52 68.43
dog 0.521317 178.94 145.79 203.73 199.95
tvmonitor 0.521298 103.65 21.29 130.17 50.48
sofa 0.521106 4.59 7.40 27.36 78.16
tvmonitor 0.521103 72.78 0.00 198.49 62.47
dog 0.521079 44.90 32.32 73.28 76.34
pottedplant 0.521001 45.38 0.00 136.21 53.71
boat 0.520991 193.99 13.36 209.74 33.89
boat 0.520963 181.85 14.63 203.35 35.83
sofa 0.520922 71.59 55.13 181.15 174.49
boat 0.520889 126.23 0.00 154.47 17.38
chair 0.520764 98.25 117.33 146.82 189.87
cat 0.520699 60.00 0.00 92.86 14.71
chair 0.520654 132.68 178.88 150.79 216.68
tvmonitor 0.520525 169.64 12.99 200.02 36.89
chair 0.520449 33.55 194.77 83.21 224.00
cat 0.520337 28.36 0.00 61.94 15.73
sofa 0.520263 81.11 133.63 166.09 224.00
tvmonitor 0.520258 0.00 46.55 19.02 87.90
chair 0.520204 128.57 155.75 150.45 200.24
cat 0.520160 38.45 29.16 61.19 73.04
chair 0.520119 117.35 151.86 140.08 205.39
dog 0.520085 55.22 26.06 82.34 64.99
dog 0.520069 41.76 41.74 79.47 96.51
chair 0.520043 123.94 176.22 141.89 218.31
dog 0.520007 180.83 172.07 197.29 202.10
aeroplane 0.519930 177.96 156.40 197.63 198.31
dog 0.519907 160.51 51.70 187.57 112.85
tvmonitor 0.519903 96.94 37.81 131.16 79.47
boat 0.519885 153.16 188.72 171.80 216.06
dog 0.519831 172.04 51.44 193.88 111.06
tvmonitor 0.519739 120.53 23.17 161.81 64.66
cat 0.519739 42.82 0.00 78.45 14.55
chair 0.519696 108.12 136.53 140.89 198.04
tvmonitor 0.519671 102.03 10.04 128.37 38.14
aeroplane 0.519646 151.22 120.02 186.65 184.02
tvmonitor 0.519606 105.03 0.00 137.68 15.49
sheep 0.519550 172.52 192.10 190.33 216.07
sofa 0.519513 31.26 47.73 75.94 109.64
dog 0.519394 35.79 0.00 55.04 39.32
tvmonitor 0.519294 104.53 36.23 139.42 87.53
dog 0.519288 207.58 74.94 219.99 125.44
tvmonitor 0.519219 68.07 24.65 182.55 119.23
boat 0.519107 162.78 190.80 181.68 215.91
dog 0.518984 152.68 62.35 188.15 128.55
dog 0.518925 166.28 62.13 194.31 124.89
aeroplane 0.518907 171.23 139.27 197.47 194.94
dog 0.518775 20.38 70.03 67.66 104.66
tvmonitor 0.518756 115.81 0.00 145.20 16.05
dog 0.518752 177.54 41.32 193.21 81.39
sofa 0.518731 176.74 105.06 224.00 217.54
boat 0.518717 85.49 0.00 118.03 15.76
boat 0.518669 173.35 183.78 189.58 206.49
dog 0.518648 64.63 34.75 91.50 80.79
tvmonitor 0.518625 96.14 0.00 127.86 22.82
dog 0.518611 42.69 24.51 69.98 64.65
pottedplant 0.518610 65.51 0.00 191.35 91.96
aeroplane 0.518560 158.58 134.11 188.01 188.94
sofa 0.518541 208.60 13.46 216.96 35.80
tvmonitor 0.518450 116.77 14.80 142.64 43.84
chair 0.518417 120.92 139.86 153.07 192.49
cat 0.518384 0.37 0.00 32.55 24.54
dog 0.518249 136.86 97.53 184.07 168.31
aeroplane 0.518242 163.90 125.95 195.03 189.75
tvmonitor 0.518240 106.61 13.20 133.65 40.19
dog 0.518237 37.70 11.95 57.63 54.16
dog 0.518211 66.84 26.65 90.25 64.91
dog 0.518106 174.85 46.51 193.24 96.64
aeroplane 0.517984 166.33 152.66 188.60 193.93
aeroplane 0.517926 176.79 28.29 195.79 62.90
tvmonitor 0.517891 4.41 5.43 26.01 69.27
boat 0.517869 152.67 177.64 169.50 205.65
pottedplant 0.517846 40.18 0.00 143.57 100.56
dog 0.517800 186.36 44.11 199.09 78.10
dog 0.517730 166.37 123.14 198.54 176.96
sofa 0.517668 139.63 125.18 170.13 185.11
chair 0.517612 142.71 202.26 167.31 224.00
sofa 0.517597 88.66 0.00 199.62 153.46
sheep 0.517442 181.27 204.54 205.15 224.00
chair 0.517401 135.64 199.80 159.79 224.00
sheep 0.517381 189.44 201.65 212.27 224.00
aeroplane 0.517366 180.20 23.05 201.95 39.92
tvmonitor 0.517359 99.38 27.68 129.02 59.76
dog 0.517341 65.73 45.84 104.96 103.33
sofa 0.517316 25.18 42.02 62.38 99.96
cat 0.517309 10.90 0.00 43.21 19.91
sheep 0.517288 174.16 204.46 198.43 224.00
dog 0.517237 172.44 132.47 200.48 195.02
dog 0.517210 184.78 49.54 198.43 93.64
boat 0.517122 151.26 164.66 169.21 198.63
chair 0.517081 101.42 186.65 125.94 224.00
boat 0.517074 161.93 180.56 179.48 205.22
boat 0.517068 192.11 0.00 213.24 29.67
chair 0.517061 150.18 203.68 175.53 224.00
dog 0.517055 179.26 65.34 198.79 120.26
cat 0.517052 77.33 0.00 110.59 14.32
person 0.516986 49.82 0.00 165.43 147.65
boat 0.516986 171.41 169.75 189.28 199.55
dog 0.516971 30.01 0.00 60.97 23.28
sheep 0.516950 199.77 162.88 215.68 205.03
dog 0.516948 208.10 83.86 222.21 134.24
tvmonitor 0.516875 168.03 0.00 200.28 31.61
dog 0.516821 182.58 55.16 198.06 108.15
dog 0.516795 187.39 124.05 209.63 174.61
chair 0.516790 112.89 120.19 160.54 185.35
aeroplane 0.516737 5.95 30.74 32.90 86.92
tvmonitor 0.516645 207.97 8.35 218.19 32.36
boat 0.516607 135.65 48.11 175.94 101.31
sheep 0.516580 72.11 35.74 98.47 81.08
aeroplane 0.516505 9.92 66.11 44.83 95.02
bottle 0.516492 26.10 185.19 65.25 224.00
bottle 0.516455 18.51 191.75 56.06 224.00
dog 0.516406 199.23 155.27 215.50 204.44
cat 0.516372 27.43 0.00 48.48 38.56
dog 0.516366 192.87 66.66 208.43 114.06
sheep 0.516296 74.13 27.93 97.24 65.02
sofa 0.516275 107.96 98.96 224.00 201.35
bottle 0.516204 5.64 202.16 40.39 224.00
tvmonitor 0.516180 16.02 4.97 38.20 53.70
person 0.516146 166.74 205.13 192.77 224.00
dog 0.516065 205.56 123.83 224.00 171.78
dog 0.515988 55.67 15.68 78.94 48.96
aeroplane 0.515938 17.45 37.28 56.79 94.05
sofa 0.515745 165.51 23.47 215.49 134.28
chair 0.515709 158.26 205.12 185.00 224.00
dog 0.515704 22.93 55.12 72.58 105.69
chair 0.515645 112.38 189.65 135.61 224.00
sheep 0.515528 202.36 174.74 216.47 207.84
aeroplane 0.515464 166.64 41.57 186.24 85.22
dog 0.515405 197.00 44.91 208.51 74.72
aeroplane 0.515385 151.76 149.44 176.58 191.54
sofa 0.515368 141.19 150.48 209.96 224.00
dog 0.515311 42.90 14.07 66.36 52.48
dog 0.515289 192.56 92.65 210.67 144.38
dog 0.515285 195.64 50.48 207.29 88.45
diningtable 0.515257 56.24 102.47 183.83 189.66
chair 0.515142 128.24 196.31 153.58 224.00
tvmonitor 0.515136 204.84 0.00 220.81 31.03
boat 0.515048 158.47 166.54 177.95 197.39
dog 0.515008 182.45 31.38 200.73 60.61
sheep 0.514914 199.67 198.28 218.12 224.00
dog 0.514913 194.56 56.79 206.95 102.59
aeroplane 0.514883 167.66 27.12 189.63 64.78
dog 0.514850 68.78 16.92 87.80 47.30
dog 0.514849 206.57 62.57 216.44 110.47
tvmonitor 0.514840 151.97 0.00 213.79 93.28
dog 0.514688 23.02 0.00 52.67 23.92
sofa 0.514678 48.96 12.91 163.14 168.66
chair 0.514603 120.25 193.20 144.96 224.00
sofa 0.514579 135.57 108.15 203.61 203.05
chair 0.514526 36.76 177.72 87.33 224.00
dog 0.514351 190.43 109.24 209.87 156.36
tvmonitor 0.514161 81.78 35.09 113.86 80.14
dog 0.514039 201.03 143.87 218.50 196.65
tvmonitor 0.513898 129.22 0.00 157.64 32.25
dog 0.513876 207.48 108.73 224.00 153.49
tvmonitor 0.513843 114.96 0.00 141.34 27.45
dog 0.513839 44.85 0.00 67.30 35.12
dog 0.513660 163.38 89.84 198.33 148.98
aeroplane 0.513640 7.76 50.17 39.77 90.76
dog 0.513509 208.02 52.90 216.08 100.32
sheep 0.513395 84.53 27.39 113.54 63.33
tvmonitor 0.513389 73.38 2.81 188.41 95.60
dog 0.513359 56.42 0.00 78.56 30.16
dog 0.513340 42.01 0.00 76.27 18.85
dog 0.513322 164.80 107.02 196.79 160.37
aeroplane 0.513288 173.18 22.49 197.43 46.43
cat 0.513212 14.61 0.00 35.81 38.53
dog 0.513179 208.41 16.68 217.19 42.78
dog 0.513098 208.76 45.47 216.73 87.87
tvmonitor 0.513086 138.47 42.04 174.78 86.83
sheep 0.513016 77.08 18.83 95.79 47.43
tvmonitor 0.512984 166.20 20.88 192.43 48.05
dog 0.512974 52.36 0.00 84.04 16.27
dog 0.512974 194.66 34.37 209.57 61.18
sofa 0.512926 96.93 149.25 190.46 224.00
dog 0.512856 210.30 40.07 217.99 77.30
aeroplane 0.512837 18.42 54.24 65.71 97.94
dog 0.512735 62.20 0.00 90.42 14.83
cat 0.512735 2.36 0.00 23.16 39.79
dog 0.512713 68.21 0.00 86.52 28.11
sofa 0.511551 98.83 109.28 182.58 190.18
tvmonitor 0.511398 140.79 27.52 176.81 64.73
tvmonitor 0.511392 105.34 31.50 195.55 132.54
tvmonitor 0.511155 96.62 18.62 122.34 46.51
sheep 0.510522 88.17 18.74 114.44 46.48
aeroplane 0.510432 75.69 0.00 93.32 28.54
aeroplane 0.510348 191.57 25.03 207.92 47.24
dog 0.510238 211.31 32.37 219.21 68.05
dog 0.509492 209.88 23.30 218.28 56.39
aeroplane 0.509433 96.07 4.11 121.70 33.39
aeroplane 0.508138 80.21 0.00 112.70 17.14
aeroplane 0.507697 87.72 0.30 114.54 30.25
