bird 0.579954 0.00 59.28 123.38 216.26
cat 0.572673 103.42 7.61 176.71 97.48
bird 0.572528 5.46 104.23 98.61 181.66
bird 0.565031 4.22 74.46 112.01 176.01
bird 0.561740 89.88 2.83 167.53 149.02
cat 0.556737 112.74 15.59 158.05 93.52
bird 0.553725 79.31 22.84 144.80 163.07
cat 0.551900 90.85 4.42 170.79 151.32
bird 0.550715 59.97 40.76 127.15 167.72
motorbike 0.546852 0.00 39.71 92.15 193.18
sheep 0.546519 86.34 0.00 163.31 142.01
bird 0.545670 33.34 105.16 108.02 186.93
bottle 0.544229 73.08 9.19 92.45 66.76
bird 0.542926 33.25 56.71 120.77 182.55
dog 0.541418 77.09 0.00 170.19 134.54
cat 0.540360 102.03 34.47 149.61 115.73
sheep 0.540086 0.00 54.31 104.69 224.00
bottle 0.539488 22.65 39.30 90.85 101.07
bottle 0.539457 62.57 9.37 86.35 64.49
bird 0.538993 17.96 39.68 86.44 102.09
bottle 0.538951 79.93 9.54 100.28 70.00
dog 0.538037 189.00 7.98 224.00 133.22
person 0.537633 0.00 23.07 55.56 157.15
bottle 0.535952 0.00 18.78 15.17 68.59
cat 0.535381 106.57 16.04 142.03 85.64
pottedplant 0.535206 0.00 51.56 96.98 224.00
bird 0.535107 0.00 92.70 91.15 210.47
bottle 0.535023 2.99 21.12 22.05 67.27
bird 0.534577 87.13 11.15 110.69 75.44
bottle 0.534368 7.29 78.51 84.08 140.17
bird 0.533824 12.55 119.66 82.85 186.86
sheep 0.533370 27.22 59.12 145.83 205.27
bird 0.533029 0.00 134.90 57.18 203.11
bird 0.532979 0.00 210.04 32.45 224.00
person 0.532835 0.00 4.96 39.78 130.55
bird 0.532718 0.00 206.14 20.84 224.00
dog 0.532689 217.09 10.33 224.00 59.18
cow 0.532595 209.98 205.44 224.00 224.00
bottle 0.532469 45.14 10.14 78.99 59.39
bird 0.532337 94.90 18.83 154.23 126.83
bird 0.532295 9.57 79.89 84.23 142.97
pottedplant 0.532225 0.00 0.00 32.27 80.67
cat 0.532147 96.43 13.21 125.95 81.14
cat 0.531591 88.65 10.09 111.86 76.69
bird 0.531416 62.02 89.37 102.47 146.06
person 0.530932 0.00 0.00 71.01 135.39
dog 0.530807 196.29 64.82 224.00 191.87
dog 0.530775 121.47 1.69 195.26 128.30
sheep 0.530722 102.78 91.46 130.23 153.46
person 0.530625 0.00 33.19 15.79 92.43
dog 0.530624 156.32 0.00 224.00 124.59
sheep 0.530588 83.63 25.56 148.82 166.49
bottle 0.530299 11.70 91.97 86.73 164.36
cat 0.530297 123.05 13.29 181.07 84.41
bird 0.530151 50.31 91.07 107.98 165.80
cat 0.529943 99.25 28.42 136.04 109.70
dog 0.529784 177.66 170.82 224.00 224.00
bottle 0.529235 8.79 19.75 25.53 69.99
cat 0.529218 111.26 0.00 167.43 78.30
horse 0.528957 103.27 89.17 224.00 224.00
motorbike 0.528890 0.00 28.67 65.04 168.18
bird 0.528687 19.64 211.16 55.55 224.00
dog 0.528676 171.95 0.00 224.00 66.91
person 0.528665 0.00 0.00 17.95 28.42
bird 0.528582 0.00 139.44 34.97 204.40
bird 0.528573 31.83 85.70 91.63 146.15
sheep 0.528423 96.85 38.78 130.12 118.96
sheep 0.528384 61.70 87.55 107.57 155.28
bottle 0.528373 0.00 32.03 24.30 89.87
sheep 0.528253 219.28 106.94 224.00 144.66
dog 0.528135 218.15 92.33 224.00 130.38
sheep 0.528111 99.82 49.04 140.37 125.68
person 0.528004 0.00 52.62 13.32 112.71
bottle 0.527889 86.80 13.28 110.07 73.40
sheep 0.527860 218.43 100.05 224.00 137.41
bottle 0.527726 7.01 25.82 30.83 82.97
sheep 0.527663 99.02 80.29 125.81 148.98
cow 0.527640 116.34 82.02 224.00 224.00
sheep 0.527578 88.09 34.45 118.02 109.19
dog 0.527534 207.36 0.00 224.00 23.87
dog 0.527466 195.23 133.33 224.00 224.00
dog 0.527230 155.00 118.94 172.33 145.48
cat 0.527216 89.91 17.38 118.33 93.28
bottle 0.527182 0.00 6.11 15.98 56.41
bird 0.527165 0.81 160.18 112.90 224.00
bottle 0.527158 0.00 76.46 16.29 133.49
bird 0.527119 35.48 210.74 70.76 224.00
dog 0.527099 220.00 113.36 224.00 152.25
person 0.526843 0.00 70.25 15.12 127.85
bottle 0.526647 0.00 76.80 36.12 131.03
dog 0.526428 215.38 1.42 224.00 44.56
sheep 0.526211 187.10 211.39 218.00 224.00
sheep 0.525979 197.86 208.60 224.00 224.00
bird 0.525859 101.13 0.00 154.82 75.47
dog 0.525788 219.50 26.28 224.00 78.88
motorbike 0.525759 0.00 40.99 26.23 101.62
dog 0.525719 162.21 116.59 179.78 145.56
chair 0.525697 132.26 0.00 163.73 18.47
cat 0.525697 174.66 111.00 195.09 140.94
dog 0.525626 220.00 51.08 224.00 98.45
dog 0.525496 153.68 3.09 224.00 198.23
cat 0.525274 124.45 0.00 155.76 18.03
sheep 0.525272 130.70 57.40 224.00 224.00
cat 0.525235 166.73 111.73 187.20 143.06
sheep 0.525141 183.78 111.83 203.51 138.86
dog 0.524991 147.96 120.09 166.32 146.01
sheep 0.524926 103.10 188.88 184.05 224.00
dog 0.524788 169.78 114.39 187.55 144.80
dog 0.524757 118.54 187.98 201.75 224.00
bottle 0.524558 5.14 80.24 62.92 130.14
bottle 0.524552 78.66 30.20 101.70 98.19
bottle 0.524484 34.82 23.78 82.70 87.78
bottle 0.524477 13.88 16.76 34.06 62.88
bird 0.524461 96.03 15.55 122.51 77.82
motorbike 0.524334 0.00 64.43 30.52 120.49
sheep 0.524315 0.00 110.39 74.12 173.25
sheep 0.524281 220.00 179.60 224.00 214.35
bird 0.524214 0.00 145.18 70.18 224.00
dog 0.524212 220.00 73.73 224.00 116.57
bird 0.524141 90.24 8.23 144.46 97.83
dog 0.524110 220.00 127.38 224.00 167.78
sheep 0.524081 94.15 57.06 122.72 131.47
bottle 0.524029 79.66 17.64 134.80 112.02
cow 0.523940 178.16 212.93 212.42 224.00
bird 0.523826 86.00 0.00 139.81 72.64
sheep 0.523772 159.71 113.02 179.99 144.15
cat 0.523769 164.88 12.43 197.16 74.91
sheep 0.523689 140.71 168.98 155.46 188.83
bird 0.523664 10.28 62.62 78.08 130.34
chair 0.523633 147.20 0.00 180.04 18.23
bird 0.523601 80.63 185.89 162.35 224.00
sheep 0.523580 220.00 162.89 224.00 201.54
sheep 0.523570 76.16 38.66 101.44 106.18
bottle 0.523559 63.73 31.47 93.19 94.46
bird 0.523556 50.76 211.11 88.70 224.00
bird 0.523548 0.00 140.98 11.59 201.68
sheep 0.523545 219.69 188.22 224.00 223.78
sheep 0.523490 139.96 162.29 155.48 182.42
cat 0.523469 158.59 39.49 190.73 102.67
bird 0.523346 74.14 212.14 108.92 224.00
bird 0.523263 48.88 178.81 140.38 224.00
bird 0.523195 63.04 40.33 93.75 102.05
pottedplant 0.523155 66.63 0.00 124.09 65.75
sheep 0.523083 152.67 114.35 172.66 143.51
cat 0.522927 144.77 9.96 191.00 80.09
dog 0.522909 186.78 14.30 208.63 52.34
sheep 0.522832 93.97 76.39 119.53 141.08
bottle 0.522777 23.78 12.20 53.01 57.51
sheep 0.522753 220.00 135.91 224.00 175.57
cat 0.522684 110.82 36.88 169.37 110.27
bottle 0.522654 0.05 11.18 24.86 57.58
sheep 0.522621 193.20 111.36 210.92 137.05
cat 0.522618 163.69 55.38 191.80 109.00
dog 0.522580 178.45 113.73 195.34 143.78
dog 0.522573 144.28 179.42 224.00 224.00
bottle 0.522539 57.84 16.34 108.36 96.40
sheep 0.522510 145.95 168.54 162.98 190.05
bird 0.522503 47.01 44.92 101.74 142.98
sheep 0.522495 105.98 110.84 134.28 157.06
dog 0.522457 154.78 0.00 187.71 18.12
bird 0.522384 0.00 127.99 10.69 184.97
sheep 0.522301 179.58 106.99 201.56 134.17
bottle 0.522245 47.63 0.00 107.92 56.37
bottle 0.522244 35.17 9.13 70.74 53.30
sheep 0.522161 0.00 153.44 49.24 214.26
bottle 0.522139 53.95 12.67 85.10 75.83
sheep 0.522115 139.34 154.11 156.03 175.16
cat 0.522076 116.59 0.00 146.98 18.00
aeroplane 0.522018 2.12 152.00 54.26 212.61
cow 0.521992 162.10 212.42 199.35 224.00
sheep 0.521991 95.78 55.54 168.63 183.83
sheep 0.521905 132.59 162.43 147.16 181.04
aeroplane 0.521857 112.39 132.40 134.08 170.93
sheep 0.521854 99.59 65.66 132.32 137.08
sheep 0.521760 89.80 211.99 122.45 224.00
sheep 0.521755 214.53 199.51 224.00 224.00
sheep 0.521709 145.30 161.89 162.29 183.78
dog 0.521698 137.86 121.00 159.25 147.27
pottedplant 0.521640 0.00 0.00 43.88 59.97
bottle 0.521637 0.00 0.00 40.56 103.09
sheep 0.521532 130.78 153.74 147.91 174.91
dog 0.521507 163.22 0.00 196.43 18.29
dog 0.521498 186.65 114.54 203.75 143.10
dog 0.521436 210.97 0.00 224.00 35.15
cat 0.521422 175.51 14.87 203.18 63.60
dog 0.521386 153.44 212.18 190.94 224.00
bottle 0.521339 13.28 32.24 50.62 87.48
dog 0.521297 149.59 126.00 164.81 149.82
sheep 0.521274 3.96 171.55 52.18 221.21
motorbike 0.521228 4.15 44.45 41.20 99.39
dog 0.521213 180.36 14.58 203.65 58.17
motorbike 0.521206 16.24 67.09 77.95 128.62
motorbike 0.521141 20.44 55.00 77.27 113.44
sheep 0.521124 134.51 168.55 146.88 186.91
sheep 0.521029 187.71 168.46 203.86 192.48
sheep 0.520929 97.75 212.21 130.65 224.00
bottle 0.520904 54.04 33.39 103.48 119.58
dog 0.520900 172.08 0.00 204.96 18.77
motorbike 0.520899 5.44 68.29 53.88 120.46
sheep 0.520887 74.10 76.54 211.28 221.58
sheep 0.520863 121.31 149.92 138.68 174.30
bird 0.520822 0.00 111.38 11.63 166.63
motorbike 0.520717 4.57 56.97 46.87 109.19
bird 0.520682 0.00 157.77 33.83 216.19
bottle 0.520668 0.00 0.00 25.76 26.25
cat 0.520657 171.68 99.81 193.54 132.84
sheep 0.520641 187.02 160.90 203.52 184.71
bird 0.520640 0.00 187.03 12.12 224.00
sheep 0.520631 125.41 160.25 138.70 179.59
sheep 0.520558 189.61 106.60 209.83 132.49
bottle 0.520555 3.43 87.31 69.88 149.47
bird 0.520485 44.45 39.82 87.90 99.87
cat 0.520429 160.79 24.73 194.15 85.57
cat 0.520388 167.77 74.46 191.75 116.54
bottle 0.520381 71.73 3.39 129.01 87.66
bottle 0.520378 13.42 22.93 41.56 80.22
pottedplant 0.520341 0.00 7.50 49.56 135.95
bird 0.520327 52.07 87.28 95.65 140.29
sheep 0.520251 189.01 176.10 204.06 199.60
bird 0.520225 0.00 120.17 34.84 178.93
sheep 0.520210 105.51 125.69 130.51 172.84
bird 0.520080 0.00 159.28 11.49 215.72
sheep 0.520072 179.18 167.84 195.87 192.35
bird 0.520046 0.00 191.82 31.08 224.00
dog 0.520043 104.84 8.87 178.08 155.76
sheep 0.520031 196.65 183.77 210.23 206.23
sheep 0.520025 141.12 173.92 155.41 193.85
aeroplane 0.520003 139.43 144.57 156.11 167.21
sheep 0.519987 115.98 144.43 133.08 175.95
sheep 0.519863 189.60 183.94 204.30 206.86
aeroplane 0.519862 127.37 143.52 147.25 167.81
sheep 0.519841 159.69 160.42 178.70 184.34
sheep 0.519836 149.82 168.34 170.51 191.56
sheep 0.519835 150.30 161.54 169.87 184.71
bird 0.519805 43.88 131.49 100.82 185.60
sheep 0.519801 145.06 153.41 161.97 175.73
dog 0.519790 187.75 0.00 217.97 19.06
sheep 0.519782 178.48 160.59 194.98 184.38
cat 0.519658 109.25 0.00 138.45 18.33
bottle 0.519645 30.01 0.00 94.41 51.49
aeroplane 0.519628 138.55 136.39 208.89 216.83
sheep 0.519624 135.64 115.08 160.11 145.56
aeroplane 0.519611 115.90 138.50 138.42 168.37
bird 0.519598 0.00 100.20 13.85 157.16
aeroplane 0.519587 159.50 137.83 224.00 220.97
sheep 0.519582 169.68 159.99 186.77 184.08
sheep 0.519575 105.27 212.57 140.91 224.00
dog 0.519541 188.98 7.43 209.33 43.07
cat 0.519536 159.68 107.99 181.75 142.00
sheep 0.519531 127.35 166.98 138.25 185.15
sheep 0.519522 169.55 167.02 187.71 192.95
sheep 0.519485 158.53 167.25 179.28 192.85
cat 0.519485 137.56 31.20 184.75 104.94
sheep 0.519480 74.37 82.53 110.30 141.53
sheep 0.519444 31.30 0.00 132.20 132.24
sheep 0.519400 129.23 64.08 187.87 192.18
sheep 0.519368 196.04 176.26 210.12 199.50
bottle 0.519345 20.56 0.00 51.88 24.77
dog 0.519279 136.59 212.84 176.60 224.00
bottle 0.519154 12.94 0.00 41.99 23.66
sheep 0.518988 118.36 117.49 147.67 150.15
dog 0.518987 100.13 0.00 130.46 18.08
cat 0.518971 169.00 90.37 191.40 126.89
sheep 0.518969 187.01 152.55 203.04 176.01
aeroplane 0.518957 139.40 126.99 158.12 151.60
sheep 0.518939 7.03 193.95 50.18 224.00
sheep 0.518899 195.29 168.33 210.53 192.51
motorbike 0.518832 15.75 47.92 61.88 100.29
sheep 0.518783 91.72 0.00 123.10 17.00
dog 0.518709 159.66 71.83 206.99 194.87
cat 0.518685 106.10 61.34 149.01 129.76
sheep 0.518634 201.42 97.97 218.51 128.37
cat 0.518616 146.34 47.55 186.52 109.51
sheep 0.518614 177.25 100.97 199.46 129.00
sheep 0.518604 196.82 120.68 210.57 148.93
sheep 0.518589 195.51 160.04 210.78 184.61
bottle 0.518569 4.42 0.00 33.38 23.83
bottle 0.518531 5.75 0.00 65.47 52.87
bottle 0.518511 0.00 86.91 39.68 147.60
sheep 0.518482 181.16 175.32 197.11 199.69
sheep 0.518477 172.44 91.49 194.13 124.29
dog 0.518451 196.48 0.00 223.67 20.81
sheep 0.518445 119.36 156.48 132.46 179.88
dog 0.518438 197.06 11.80 214.07 50.75
dog 0.518412 117.07 34.63 183.74 180.20
sheep 0.518393 171.65 78.00 194.34 115.05
aeroplane 0.518376 139.53 134.83 156.83 158.05
bottle 0.518367 34.27 0.00 73.54 25.81
bird 0.518304 54.69 87.87 129.83 183.42
cat 0.518223 161.63 100.12 185.73 138.86
sheep 0.518206 79.30 64.30 111.20 133.50
dog 0.518192 182.58 8.29 204.91 47.39
sheep 0.518145 186.67 100.76 208.43 127.22
sheep 0.518024 197.57 130.08 210.45 157.35
aeroplane 0.518012 113.43 130.24 192.95 210.69
sheep 0.517992 178.31 152.64 193.98 175.55
sheep 0.517959 146.41 143.52 162.18 166.64
sheep 0.517939 203.52 104.28 218.98 133.91
sheep 0.517918 206.21 109.91 219.71 138.80
dog 0.517908 119.90 213.03 160.59 224.00
sheep 0.517849 89.08 101.43 127.20 162.29
sheep 0.517829 0.00 0.00 87.46 164.79
sheep 0.517772 188.24 141.99 202.73 166.73
sheep 0.517757 196.08 151.09 210.48 175.49
sheep 0.517696 197.12 141.40 210.36 166.37
sheep 0.517675 169.88 173.65 188.62 200.32
sheep 0.517657 148.90 133.51 163.57 156.53
aeroplane 0.517644 110.76 127.93 137.86 161.91
sheep 0.517602 69.70 36.99 169.73 194.78
sheep 0.517590 58.65 100.30 114.13 171.51
sheep 0.517582 144.86 108.11 168.23 143.60
dog 0.517517 148.74 45.56 202.91 184.90
bottle 0.517499 43.22 11.80 92.61 90.26
sheep 0.517475 113.06 16.31 140.13 67.28
dog 0.517461 125.50 0.00 205.61 68.40
sheep 0.517457 121.05 164.67 131.18 185.01
sheep 0.517445 80.87 120.02 121.11 176.20
sheep 0.517437 150.63 152.84 168.71 176.14
cat 0.517421 121.58 53.40 169.86 116.93
cat 0.517417 127.71 40.92 178.12 110.11
bottle 0.517405 82.32 0.00 114.70 17.39
sheep 0.517392 169.46 152.06 185.20 175.00
sheep 0.517361 107.53 138.56 128.95 177.51
sheep 0.517262 182.81 183.34 198.51 207.06
aeroplane 0.517252 137.28 106.31 201.13 209.86
sheep 0.517223 81.32 88.45 154.01 191.07
sheep 0.517160 135.58 172.92 146.61 191.39
sheep 0.517152 126.12 11.59 171.46 71.86
sheep 0.517136 208.40 115.45 220.72 144.92
aeroplane 0.517077 120.40 125.05 146.47 154.30
bottle 0.517047 21.94 28.06 65.83 84.82
dog 0.517045 155.31 133.10 169.25 155.81
sheep 0.517045 159.91 152.28 176.82 175.28
cat 0.517032 155.86 69.07 187.49 116.66
sheep 0.517024 195.22 193.04 211.31 219.71
aeroplane 0.516976 122.89 133.59 145.89 160.09
sheep 0.516931 156.84 172.48 179.08 199.64
sheep 0.516888 162.88 110.94 220.54 215.91
cat 0.516861 118.54 65.99 159.28 129.00
cat 0.516803 153.56 99.43 178.12 141.41
sheep 0.516757 106.95 96.72 184.22 200.65
bottle 0.516695 7.39 0.17 65.77 91.27
bird 0.516678 63.25 70.72 95.71 132.39
aeroplane 0.516590 87.36 119.96 163.43 203.47
aeroplane 0.516576 144.99 178.38 163.99 202.04
dog 0.516552 136.46 18.22 197.04 162.78
sheep 0.516492 170.10 181.42 190.13 207.66
sheep 0.516465 183.80 133.09 224.00 224.00
dog 0.516426 190.95 11.92 215.60 62.31
bird 0.516250 31.92 68.46 83.32 130.26
sheep 0.516223 50.36 114.78 108.70 182.17
dog 0.516200 189.07 128.76 202.81 156.79
sheep 0.516196 118.89 169.56 199.43 224.00
sheep 0.516178 115.09 98.29 147.72 148.43
dog 0.516126 163.16 132.02 176.32 155.42
sheep 0.516111 152.46 143.07 168.37 166.42
bird 0.516082 24.26 137.20 89.83 189.03
aeroplane 0.516073 140.23 178.83 155.70 200.40
sheep 0.515985 179.55 141.79 193.06 165.88
sheep 0.515982 208.38 182.20 220.34 208.15
aeroplane 0.515901 156.36 178.74 179.57 206.46
sheep 0.515884 173.86 13.48 200.74 64.51
aeroplane 0.515845 52.84 168.68 96.57 208.03
sheep 0.515838 104.54 16.70 131.30 67.53
bird 0.515811 50.39 154.39 97.43 197.94
sheep 0.515763 188.00 194.21 205.83 221.67
bottle 0.515722 40.07 32.79 89.65 119.04
bottle 0.515716 62.00 0.00 96.40 20.73
dog 0.515680 175.83 32.01 224.00 172.28
dog 0.515675 186.91 0.00 212.62 31.32
bird 0.515654 48.77 168.01 92.25 207.76
bottle 0.515641 73.02 0.00 105.60 19.14
sheep 0.515632 170.68 142.17 184.03 165.46
dog 0.515575 171.80 130.29 184.54 155.37
sheep 0.515570 200.16 90.14 218.60 121.60
aeroplane 0.515528 147.05 177.43 171.41 203.54
cat 0.515526 149.70 82.48 179.95 130.13
sheep 0.515521 207.57 190.75 219.95 219.57
sheep 0.515518 128.82 171.48 137.74 189.82
bird 0.515503 53.52 189.92 93.38 224.00
sheep 0.515444 128.57 88.42 159.56 141.41
bottle 0.515430 19.05 0.00 51.81 48.02
sheep 0.515385 209.79 122.03 221.90 152.28
sheep 0.515371 16.98 166.68 74.25 215.49
sheep 0.515308 161.10 142.92 175.76 165.79
cat 0.515193 138.61 60.70 179.23 117.16
sheep 0.515171 98.64 163.31 175.64 224.00
dog 0.515169 123.98 0.00 155.76 45.94
bottle 0.515066 27.08 0.00 68.12 48.30
aeroplane 0.515062 143.37 187.95 168.75 219.85
dog 0.515059 199.64 5.40 214.26 42.37
bottle 0.515045 35.51 17.16 80.24 68.84
sheep 0.515043 133.92 15.19 186.91 75.61
aeroplane 0.515003 138.19 188.26 160.45 217.60
sheep 0.514996 208.14 166.11 221.49 195.21
cat 0.514991 134.90 74.45 169.74 129.71
sheep 0.514829 210.53 130.17 223.10 160.35
dog 0.514828 134.36 0.00 170.98 49.36
bottle 0.514823 49.23 0.00 88.38 23.30
bottle 0.514805 0.00 22.22 71.52 124.39
sheep 0.514799 93.71 15.86 121.29 67.08
dog 0.514678 176.21 17.30 207.45 70.09
aeroplane 0.514611 110.02 152.09 127.44 180.22
bird 0.514566 15.87 148.89 80.35 202.01
aeroplane 0.514505 57.29 190.08 99.93 224.00
dog 0.514501 118.14 0.00 146.73 42.32
dog 0.514489 180.35 128.77 193.06 155.79
bottle 0.514467 59.36 0.00 93.46 51.17
sheep 0.514454 149.28 170.86 224.00 224.00
sheep 0.514441 154.34 14.06 195.45 70.12
sheep 0.514285 208.98 157.05 222.69 187.00
sheep 0.514260 184.33 93.29 207.81 120.55
bird 0.514256 31.66 167.71 82.87 211.55
dog 0.514240 111.68 23.69 221.25 196.56
aeroplane 0.514230 57.12 110.12 133.30 194.96
dog 0.514218 186.79 108.79 224.00 222.20
sheep 0.514174 210.47 138.96 223.74 168.36
dog 0.514067 165.48 28.13 198.28 81.13
bottle 0.514053 10.83 0.00 40.04 48.03
aeroplane 0.514014 112.76 162.10 125.04 184.80
sheep 0.514013 167.78 57.61 198.10 97.67
sheep 0.513960 181.62 193.50 200.68 221.51
aeroplane 0.513867 155.27 189.97 183.01 223.59
aeroplane 0.513798 122.20 169.81 130.31 190.10
sheep 0.513729 209.93 147.96 223.43 177.59
bird 0.513719 7.94 209.50 48.97 224.00
bottle 0.513662 2.90 0.00 31.06 47.13
aeroplane 0.513534 56.20 157.56 101.13 197.89
dog 0.513407 166.35 44.38 198.01 89.22
sheep 0.513380 168.53 192.14 193.08 222.75
aeroplane 0.513224 135.28 177.64 146.86 198.06
dog 0.513202 111.98 0.00 138.00 40.06
sheep 0.513146 22.72 191.53 70.05 224.00
aeroplane 0.513137 132.82 187.94 151.30 215.81
sheep 0.513092 170.07 69.48 198.02 105.76
dog 0.512752 199.11 67.66 219.04 103.52
dog 0.512732 200.24 79.36 218.83 113.87
dog 0.512721 172.91 0.00 202.83 33.68
bottle 0.512698 69.68 0.00 101.73 49.36
sheep 0.512462 84.61 147.24 117.00 180.75
dog 0.512403 149.12 0.00 186.78 41.36
bird 0.512300 55.82 140.71 106.09 183.73
dog 0.512262 161.71 0.00 195.33 36.54
bird 0.512209 68.84 153.52 146.49 224.00
aeroplane 0.512193 113.41 169.13 123.45 191.10
dog 0.512020 197.74 56.86 218.21 94.71
sheep 0.512008 102.06 0.00 129.80 41.04
dog 0.511964 196.87 0.00 217.12 32.75
sheep 0.511695 181.24 209.20 209.05 224.00
sheep 0.511471 178.78 61.74 206.81 95.36
aeroplane 0.511409 128.90 176.35 138.14 197.10
bottle 0.511399 79.68 0.00 111.40 45.99
bird 0.511367 32.15 141.82 125.14 224.00
sheep 0.511363 182.43 82.92 206.90 113.60
sheep 0.511361 180.86 71.85 207.00 103.49
sheep 0.511328 91.59 0.00 121.83 43.14
dog 0.511208 194.97 26.79 216.10 75.57
aeroplane 0.511174 125.71 187.71 142.46 216.11
aeroplane 0.511035 89.11 158.31 114.50 184.60
aeroplane 0.510908 121.17 175.72 130.63 198.20
dog 0.510726 177.02 47.47 206.65 86.36
dog 0.510726 196.57 43.42 217.23 85.39
aeroplane 0.510685 91.15 167.53 112.96 192.67
dog 0.510642 144.64 205.96 180.63 224.00
aeroplane 0.510568 67.21 163.02 105.03 195.51
aeroplane 0.510524 109.97 177.07 122.86 201.33
aeroplane 0.510417 61.59 152.34 104.75 187.04
aeroplane 0.510360 116.52 189.08 134.14 218.80
dog 0.510196 132.17 206.21 163.92 224.00
sheep 0.510008 163.04 207.77 196.21 224.00
aeroplane 0.509910 68.69 174.63 105.68 205.81
aeroplane 0.509793 104.39 192.32 125.93 223.13
dog 0.509561 125.16 206.33 154.56 224.00
aeroplane 0.509435 87.79 177.79 112.16 204.34
aeroplane 0.509214 70.99 192.02 110.91 224.00
bird 0.509159 61.59 211.06 102.43 224.00
aeroplane 0.508865 85.05 193.83 116.30 224.00
dog 0.508463 116.97 206.70 145.04 224.00
dog 0.508146 108.43 207.53 136.15 224.00
dog 0.508020 98.71 209.14 127.64 224.00
