bird 0.577815 120.40 83.59 149.24 112.47
aeroplane 0.574981 102.91 88.29 138.33 115.14
bird 0.565701 107.59 86.55 142.05 113.87
bird 0.558538 65.09 57.42 188.85 189.31
aeroplane 0.553471 96.86 92.16 134.28 118.65
bird 0.550256 128.66 81.70 153.74 112.55
train 0.548687 153.51 122.93 211.28 156.98
bird 0.547153 34.63 81.93 135.78 174.44
cat 0.546142 114.23 206.19 165.57 221.65
bird 0.542383 46.19 60.27 159.82 175.41
train 0.541095 152.69 87.60 211.91 143.48
bird 0.540922 114.49 205.28 167.23 221.27
boat 0.539943 0.00 209.26 30.65 224.00
bottle 0.538996 0.00 17.55 138.19 224.00
car 0.538127 207.96 208.29 224.00 224.00
person 0.537465 0.00 205.53 21.41 224.00
person 0.536824 0.00 17.39 133.16 224.00
train 0.536429 151.84 84.79 224.00 202.79
bird 0.536385 103.47 59.90 211.11 195.13
train 0.535875 191.26 106.31 224.00 160.19
car 0.535611 186.50 212.36 218.75 224.00
cat 0.535571 112.75 174.41 177.43 192.52
car 0.535521 197.49 211.44 224.00 224.00
bird 0.534754 133.95 81.88 162.12 113.87
aeroplane 0.534406 40.02 114.88 99.71 159.11
car 0.534390 2.52 210.95 36.09 224.00
bottle 0.534243 167.12 212.24 210.67 224.00
bird 0.534015 42.86 101.69 122.44 161.03
boat 0.533871 173.30 211.78 213.14 224.00
cat 0.533786 113.78 197.46 164.26 213.56
train 0.533562 156.80 103.04 211.38 156.31
aeroplane 0.533082 22.08 97.21 114.43 183.59
boat 0.532571 0.80 162.99 29.61 210.18
bird 0.531988 41.40 212.45 85.66 224.00
bird 0.531150 24.87 32.08 151.35 224.00
cow 0.531117 35.09 212.02 79.28 224.00
aeroplane 0.530956 48.40 212.51 92.41 224.00
sheep 0.530950 114.96 197.10 164.65 213.54
car 0.530854 20.65 211.65 58.74 224.00
car 0.530720 10.97 212.00 46.49 224.00
bird 0.530622 148.19 211.94 204.77 224.00
aeroplane 0.530372 36.10 160.67 99.35 202.87
bird 0.530263 61.92 162.22 104.29 189.25
aeroplane 0.530208 22.46 161.24 84.39 207.53
aeroplane 0.530119 86.51 96.02 129.03 133.16
sofa 0.530117 0.00 87.76 66.72 201.88
cat 0.529809 116.95 209.17 174.34 224.00
cat 0.528994 112.27 179.96 175.15 197.92
aeroplane 0.528772 64.93 211.89 103.50 224.00
bird 0.528602 75.22 212.36 109.17 224.00
sheep 0.528525 48.63 67.45 79.70 91.80
train 0.528439 144.68 83.24 190.67 122.17
sofa 0.528282 0.00 93.46 106.91 204.07
dog 0.528264 146.08 176.76 207.68 194.02
boat 0.528262 149.18 175.65 207.05 195.78
train 0.528249 204.44 93.02 224.00 139.92
boat 0.528247 4.68 158.15 40.62 209.35
train 0.528088 147.49 124.61 224.00 217.81
train 0.528052 132.43 107.89 213.16 199.97
person 0.528039 0.00 0.00 119.68 161.34
boat 0.527934 0.00 127.23 21.13 158.76
aeroplane 0.527831 176.41 0.00 224.00 45.22
car 0.527751 0.00 0.00 47.25 39.72
boat 0.527744 0.00 121.95 68.06 221.25
train 0.527722 210.63 85.15 224.00 128.52
boat 0.527671 1.79 173.78 25.18 216.91
bird 0.527647 129.74 210.71 188.92 224.00
dog 0.527621 97.89 80.75 224.00 224.00
boat 0.527572 0.00 161.18 14.73 210.62
bird 0.527556 54.43 101.37 96.13 129.99
train 0.527394 146.91 166.59 224.00 224.00
aeroplane 0.527359 0.27 132.70 99.62 211.81
boat 0.527329 0.00 159.14 109.56 224.00
boat 0.527209 0.00 0.00 20.11 22.14
cat 0.527122 113.58 186.69 168.85 204.84
bird 0.527119 1.27 167.32 113.64 224.00
bird 0.526960 84.40 212.46 118.01 224.00
person 0.526954 96.35 42.29 223.39 224.00
dog 0.526503 149.74 181.33 205.67 202.53
boat 0.526470 0.00 65.83 21.90 96.05
aeroplane 0.526418 214.08 153.92 224.00 188.58
aeroplane 0.526268 184.39 13.91 204.33 29.94
aeroplane 0.526130 208.70 0.00 224.00 19.15
boat 0.526066 0.00 62.19 10.15 100.63
aeroplane 0.526042 220.00 44.34 224.00 80.65
boat 0.526028 0.00 0.00 129.73 206.71
person 0.526017 113.34 78.54 220.60 196.03
boat 0.525989 26.02 31.32 148.05 224.00
train 0.525922 174.26 42.66 224.00 179.27
bird 0.525909 95.68 211.56 129.76 224.00
boat 0.525824 0.00 73.28 22.30 104.65
boat 0.525746 0.00 92.94 21.38 128.12
boat 0.525704 149.13 169.40 207.81 190.58
bird 0.525691 114.24 170.45 165.44 191.55
aeroplane 0.525583 219.46 37.89 224.00 72.29
aeroplane 0.525582 219.01 30.92 224.00 63.71
bird 0.525557 118.40 131.88 165.43 158.60
boat 0.525444 0.00 123.51 10.44 162.86
boat 0.525432 1.08 146.40 28.97 194.64
bottle 0.525413 112.84 165.81 219.42 224.00
aeroplane 0.525401 180.79 23.77 224.00 155.32
sheep 0.525349 49.93 73.00 80.92 97.55
boat 0.525334 0.00 83.81 11.84 124.97
aeroplane 0.525328 28.80 121.84 86.66 157.59
aeroplane 0.525285 8.64 110.90 111.23 203.04
aeroplane 0.525221 11.76 155.89 68.94 209.29
dog 0.525215 127.62 180.32 191.48 196.98
bird 0.525202 61.88 104.52 123.89 149.54
bird 0.525091 77.49 27.56 195.55 224.00
boat 0.524940 0.00 80.75 22.40 114.28
aeroplane 0.524800 61.08 160.39 104.62 187.72
train 0.524619 146.43 128.25 214.28 168.20
cat 0.524520 126.33 173.55 192.49 193.24
train 0.524494 214.81 76.76 224.00 121.43
boat 0.524363 0.00 107.39 20.00 145.82
bird 0.524359 0.00 135.45 99.10 213.07
person 0.524307 109.55 168.75 217.79 224.00
train 0.524227 119.99 140.14 209.61 200.75
person 0.524226 85.80 61.90 191.63 195.90
boat 0.524200 146.78 157.13 209.04 186.93
boat 0.524172 145.88 137.97 210.71 179.42
aeroplane 0.524170 177.96 12.79 199.53 29.52
bird 0.524142 50.69 106.88 104.59 146.62
boat 0.524124 1.30 186.74 23.83 224.00
bird 0.523932 103.24 91.92 135.62 127.03
sheep 0.523925 114.81 185.62 167.02 205.60
boat 0.523850 6.52 171.32 31.43 213.58
boat 0.523710 0.00 202.03 18.90 224.00
sheep 0.523603 154.51 204.47 207.51 224.00
bird 0.523569 108.57 207.72 152.69 224.00
car 0.523561 0.00 50.62 45.28 158.45
aeroplane 0.523539 220.00 57.06 224.00 98.49
boat 0.523468 0.00 143.11 11.67 192.70
cat 0.523465 116.79 166.26 186.08 192.08
sheep 0.523449 0.00 0.00 40.89 103.33
dog 0.523391 144.63 170.07 209.45 189.34
boat 0.523386 124.40 143.34 223.34 199.88
bird 0.523356 122.95 112.04 224.00 198.31
car 0.523199 0.00 0.00 66.96 31.71
bird 0.523191 56.00 148.61 105.19 179.28
aeroplane 0.523178 6.09 129.42 27.96 155.02
boat 0.523127 0.00 95.06 11.10 140.37
aeroplane 0.523055 219.05 66.29 224.00 110.74
aeroplane 0.522959 185.76 0.16 224.00 111.86
boat 0.522920 1.65 137.48 23.68 175.57
bird 0.522836 1.87 89.33 104.59 183.17
train 0.522821 140.25 57.90 210.89 200.72
person 0.522794 0.00 36.25 41.38 144.86
boat 0.522784 6.12 148.19 38.35 195.64
aeroplane 0.522783 75.01 100.79 126.44 142.92
bird 0.522725 110.89 127.60 155.32 154.30
car 0.522693 104.29 0.00 172.49 33.46
aeroplane 0.522636 10.35 0.00 80.82 29.24
sofa 0.522586 0.00 61.74 56.31 176.80
aeroplane 0.522584 119.66 0.00 224.00 165.31
boat 0.522523 0.00 186.05 14.24 224.00
car 0.522500 85.08 0.00 155.82 33.12
bird 0.522474 54.94 116.47 114.75 161.94
aeroplane 0.522453 212.60 140.63 224.00 183.02
dog 0.522198 146.15 24.88 204.65 163.25
aeroplane 0.522191 171.58 58.22 196.49 89.02
dog 0.522137 53.10 98.00 93.04 124.26
dog 0.522083 155.04 59.16 218.73 202.21
boat 0.522055 11.32 165.70 50.32 207.79
aeroplane 0.522034 219.39 16.24 224.00 45.75
bird 0.521983 119.78 140.67 169.44 168.56
car 0.521941 121.49 0.00 191.07 32.03
car 0.521931 65.33 0.00 139.40 30.61
bird 0.521926 53.47 128.78 108.67 170.70
bird 0.521910 120.29 145.42 212.46 201.04
bird 0.521892 115.19 138.49 160.00 163.17
boat 0.521864 161.06 204.10 208.68 224.00
train 0.521851 206.55 124.36 224.00 175.53
aeroplane 0.521771 181.26 0.00 207.59 22.18
aeroplane 0.521534 216.72 191.96 224.00 223.71
boat 0.521496 0.00 134.75 9.65 178.48
aeroplane 0.521433 192.51 13.08 209.82 29.11
boat 0.521369 133.51 0.00 165.17 19.64
aeroplane 0.521345 0.00 19.54 73.51 140.70
bird 0.521255 102.43 120.58 140.29 149.89
sheep 0.521245 149.09 190.29 203.01 209.96
aeroplane 0.521169 29.33 0.00 105.07 25.82
aeroplane 0.521097 15.05 128.73 52.90 154.32
train 0.521075 168.84 59.69 192.00 90.36
sheep 0.521066 170.81 11.21 194.33 29.04
bird 0.521048 124.82 73.54 150.09 108.63
aeroplane 0.521033 186.32 19.84 203.90 35.86
bird 0.520971 69.90 173.97 104.52 202.34
aeroplane 0.520940 189.45 0.00 218.31 17.64
train 0.520911 170.17 65.08 196.54 95.92
aeroplane 0.520898 218.62 6.55 224.00 36.04
sheep 0.520879 0.00 0.00 74.27 111.49
boat 0.520839 52.86 0.00 87.77 20.18
train 0.520777 157.26 84.09 201.23 131.31
aeroplane 0.520762 99.02 84.00 132.20 110.16
dog 0.520744 128.51 37.56 153.02 84.11
aeroplane 0.520725 44.33 78.78 121.87 162.63
aeroplane 0.520707 166.37 0.00 197.75 17.95
car 0.520690 43.74 0.00 120.66 27.03
sheep 0.520662 127.67 204.08 188.00 222.49
dog 0.520652 129.91 184.32 189.47 201.49
car 0.520628 102.48 0.00 131.98 20.50
aeroplane 0.520624 216.33 168.24 224.00 202.77
bird 0.520425 84.57 116.44 127.81 149.40
aeroplane 0.520387 149.82 0.00 179.49 17.78
bird 0.520383 117.60 112.77 157.31 144.71
sheep 0.520362 158.23 0.00 188.90 17.10
boat 0.520353 124.94 0.00 157.55 20.22
sheep 0.520261 133.34 62.89 155.49 98.60
aeroplane 0.520244 194.65 26.70 210.30 46.90
aeroplane 0.520201 43.65 0.00 80.41 18.70
bird 0.520177 128.86 62.71 150.93 98.02
aeroplane 0.520168 134.93 0.00 205.47 30.44
aeroplane 0.520069 57.12 101.29 105.58 139.81
aeroplane 0.519999 218.07 178.65 224.00 212.60
aeroplane 0.519999 8.62 139.09 31.68 174.03
train 0.519987 114.82 44.67 196.04 181.35
aeroplane 0.519940 198.50 0.00 224.00 17.54
aeroplane 0.519912 27.12 0.00 65.28 16.05
boat 0.519903 115.86 0.00 149.27 20.27
sheep 0.519879 133.62 52.56 157.44 89.02
bird 0.519867 0.00 0.89 8.85 39.73
aeroplane 0.519810 74.65 0.00 192.41 173.90
sheep 0.519777 159.77 11.03 185.45 30.53
person 0.519773 58.95 179.32 157.27 224.00
boat 0.519739 19.09 0.00 55.21 16.06
sheep 0.519723 174.68 0.00 202.43 21.96
aeroplane 0.519712 74.89 189.67 102.41 211.73
cat 0.519709 112.36 160.39 169.92 185.99
dog 0.519700 129.93 25.56 153.04 72.28
sheep 0.519652 52.94 94.49 91.48 123.29
boat 0.519595 153.40 190.11 204.36 211.59
boat 0.519569 0.00 51.55 19.94 80.58
bird 0.519568 107.93 132.83 143.34 159.42
boat 0.519539 95.62 0.00 125.74 20.22
bird 0.519503 109.24 166.50 147.39 186.77
aeroplane 0.519478 8.90 147.23 54.06 196.74
dog 0.519374 121.37 31.57 191.99 163.60
aeroplane 0.519363 0.00 59.88 77.53 164.68
car 0.519299 125.42 21.26 147.08 57.36
sheep 0.519287 52.15 83.68 85.58 112.70
dog 0.519283 162.38 61.16 186.77 92.23
aeroplane 0.519274 24.17 127.17 72.59 159.30
aeroplane 0.519255 214.33 0.00 224.00 25.81
aeroplane 0.519243 4.40 75.44 27.83 101.28
aeroplane 0.519198 14.21 143.00 70.13 195.45
bird 0.519150 0.00 13.73 7.74 47.98
aeroplane 0.519135 4.82 121.21 27.61 149.40
sheep 0.519120 11.60 0.00 46.15 16.08
bird 0.519082 119.96 92.84 151.93 127.56
sheep 0.519023 5.36 0.00 37.28 17.30
aeroplane 0.518996 194.04 20.40 209.23 36.24
aeroplane 0.518987 4.71 0.00 88.28 105.05
dog 0.518960 150.63 62.39 176.28 94.55
boat 0.518876 0.00 47.84 8.28 83.92
aeroplane 0.518803 186.36 25.40 204.54 46.80
person 0.518800 116.21 0.00 224.00 192.38
boat 0.518736 0.00 25.81 18.81 50.73
aeroplane 0.518713 180.11 17.98 200.09 34.83
boat 0.518691 111.04 156.71 216.00 224.00
aeroplane 0.518676 3.52 90.01 26.62 116.96
aeroplane 0.518659 46.29 155.72 108.21 191.00
aeroplane 0.518631 150.19 20.11 206.54 142.77
train 0.518589 161.42 68.13 187.11 99.59
aeroplane 0.518548 4.52 68.43 28.33 93.42
dog 0.518541 135.09 19.84 157.26 58.76
sheep 0.518524 147.78 11.25 173.45 33.82
sheep 0.518514 140.02 63.53 164.38 97.23
aeroplane 0.518511 3.57 83.07 27.06 110.03
car 0.518505 118.55 22.45 135.10 54.46
bird 0.518496 126.24 115.78 166.18 146.69
sheep 0.518495 140.42 10.24 165.07 37.24
bird 0.518449 86.53 103.44 129.42 138.38
sheep 0.518444 0.00 0.00 14.15 28.68
dog 0.518439 53.79 102.72 96.64 131.16
cow 0.518396 98.92 63.91 120.47 88.44
bird 0.518367 111.30 159.20 157.72 184.38
boat 0.518358 152.46 181.07 207.67 204.05
sheep 0.518326 0.00 18.32 17.71 42.97
boat 0.518313 0.00 41.42 19.29 68.66
bird 0.518305 80.90 165.18 114.52 184.37
cow 0.518251 92.97 62.64 115.12 87.27
aeroplane 0.518239 22.92 139.91 87.06 192.85
aeroplane 0.518225 83.66 92.69 121.19 125.00
aeroplane 0.518198 8.55 54.85 93.33 144.06
dog 0.518189 125.33 25.95 147.52 69.51
sheep 0.518169 136.14 40.65 165.49 85.50
bird 0.518149 114.61 147.79 164.28 175.53
sheep 0.518107 115.16 174.60 165.03 197.60
aeroplane 0.518102 17.60 72.74 99.02 158.10
sofa 0.517908 0.00 73.31 90.35 183.65
boat 0.517892 181.94 207.77 215.89 224.00
aeroplane 0.517878 4.23 101.86 26.07 130.07
aeroplane 0.517857 135.57 8.47 160.34 40.66
bird 0.517846 68.72 123.55 118.66 159.29
aeroplane 0.517834 192.68 34.40 209.35 58.08
boat 0.517780 68.60 0.00 102.78 19.59
sheep 0.517775 140.14 54.10 166.31 88.79
boat 0.517762 87.16 0.00 118.76 19.47
dog 0.517758 140.91 16.99 163.91 44.35
aeroplane 0.517740 42.92 10.82 173.99 208.26
boat 0.517706 0.00 33.40 19.00 58.93
sheep 0.517638 0.00 0.00 45.55 62.64
dog 0.517598 135.96 27.94 163.64 72.85
boat 0.517567 0.00 38.57 7.72 73.51
cow 0.517512 106.71 64.86 128.23 90.62
aeroplane 0.517466 125.54 18.34 147.05 46.93
bird 0.517444 111.00 144.87 148.69 172.71
train 0.517438 148.40 70.36 174.84 103.03
boat 0.517433 118.36 18.83 134.92 44.06
cow 0.517406 114.09 64.99 136.74 93.81
sheep 0.517397 124.18 37.81 146.61 81.43
dog 0.517375 131.29 17.44 153.52 48.79
sheep 0.517370 171.92 16.46 195.00 35.08
cow 0.517352 94.41 72.64 119.85 98.32
sheep 0.517348 133.15 133.14 195.91 160.85
train 0.517331 165.42 74.42 198.84 112.77
cow 0.517314 99.62 74.66 126.06 100.97
sheep 0.517289 122.11 64.01 145.47 96.79
aeroplane 0.517280 35.32 125.15 102.04 170.40
bird 0.517277 106.35 156.64 139.45 180.12
boat 0.517246 0.00 29.40 7.69 64.08
sheep 0.517200 0.00 3.96 17.93 34.86
aeroplane 0.517165 64.12 172.00 103.02 202.50
aeroplane 0.517152 174.55 0.00 224.00 80.89
bird 0.517123 76.42 206.92 104.02 224.00
bird 0.517074 128.86 94.39 157.86 129.30
car 0.517059 119.02 27.25 135.94 65.40
sheep 0.517049 148.25 17.64 173.08 40.88
dog 0.517017 142.52 29.01 173.60 71.56
sheep 0.516953 129.60 191.36 187.56 209.67
sheep 0.516953 144.03 42.25 175.46 84.70
boat 0.516950 198.23 208.31 222.56 224.00
aeroplane 0.516913 4.49 110.44 26.00 141.56
sheep 0.516894 159.89 17.32 185.76 37.34
bird 0.516838 91.82 127.96 127.11 156.81
cow 0.516805 105.49 75.98 132.24 103.58
bird 0.516805 100.93 103.47 136.53 137.03
train 0.516797 147.19 77.19 177.58 110.08
bird 0.516744 135.80 72.70 161.46 106.61
bird 0.516723 107.89 107.25 146.90 140.21
bird 0.516711 81.43 191.65 107.58 210.08
aeroplane 0.516596 133.73 0.00 163.17 32.45
aeroplane 0.516585 205.57 33.55 217.98 59.12
dog 0.516583 147.05 130.22 213.18 160.67
aeroplane 0.516567 41.18 185.26 85.50 224.00
bird 0.516557 105.96 42.77 182.80 162.00
aeroplane 0.516555 49.34 108.11 100.31 147.56
dog 0.516536 149.31 54.51 177.03 88.02
aeroplane 0.516467 68.88 17.61 80.71 36.66
bird 0.516423 100.20 141.11 130.48 167.83
dog 0.516400 153.80 29.72 185.48 70.34
car 0.516386 113.14 23.28 125.05 49.67
aeroplane 0.516346 205.56 26.54 217.99 50.17
aeroplane 0.516322 25.02 28.78 99.67 136.44
aeroplane 0.516317 12.10 28.02 26.76 46.57
dog 0.516309 145.84 21.15 172.67 53.57
train 0.516283 174.63 95.34 216.55 142.22
aeroplane 0.516261 130.57 25.59 190.56 144.82
bird 0.516218 79.79 154.58 114.73 177.58
aeroplane 0.516191 14.02 136.78 52.00 173.70
sheep 0.516125 140.27 0.00 168.34 28.43
sheep 0.516104 123.21 52.84 145.13 87.87
boat 0.516091 113.29 19.64 124.54 40.57
cat 0.516088 135.68 161.79 210.24 187.59
aeroplane 0.516077 63.13 15.82 76.46 37.06
bird 0.516068 69.59 168.04 106.00 191.98
cow 0.516029 111.07 75.63 138.31 106.30
aeroplane 0.515951 184.30 33.95 204.46 61.05
aeroplane 0.515909 12.06 19.96 26.42 38.62
train 0.515864 123.01 152.78 219.99 224.00
aeroplane 0.515849 175.57 52.39 202.01 81.98
aeroplane 0.515844 40.71 139.85 102.78 183.87
aeroplane 0.515842 32.25 59.55 106.57 144.37
sheep 0.515820 156.79 20.82 185.41 51.09
aeroplane 0.515818 21.84 28.17 34.66 45.69
aeroplane 0.515801 165.64 155.21 219.45 186.62
aeroplane 0.515718 87.97 72.31 114.04 95.51
sheep 0.515706 117.88 157.38 188.28 187.80
bird 0.515697 85.61 207.87 111.60 224.00
bird 0.515672 85.15 64.43 110.41 87.28
aeroplane 0.515666 21.69 19.50 34.76 37.46
train 0.515656 181.79 88.87 216.56 129.93
aeroplane 0.515613 15.80 76.88 38.50 98.90
car 0.515605 113.25 28.55 125.67 60.21
aeroplane 0.515591 205.32 40.47 218.19 67.95
aeroplane 0.515586 15.70 70.41 39.13 92.33
aeroplane 0.515542 125.77 0.00 156.76 34.29
aeroplane 0.515492 21.42 130.81 72.13 173.40
aeroplane 0.515483 53.49 187.96 94.12 214.92
aeroplane 0.515473 179.49 22.93 201.43 46.26
sheep 0.515431 166.74 30.38 195.14 67.12
bird 0.515427 69.58 71.17 102.01 91.75
sheep 0.515419 118.19 39.12 135.27 77.63
aeroplane 0.515369 54.43 30.47 73.30 61.33
aeroplane 0.515367 15.77 97.06 37.14 119.40
aeroplane 0.515355 3.42 61.98 28.86 86.67
bird 0.515318 75.31 138.17 115.93 167.42
aeroplane 0.515317 88.35 86.48 119.93 115.95
sheep 0.515282 169.25 20.59 195.31 47.97
sheep 0.515269 148.56 0.00 175.98 24.44
aeroplane 0.515239 171.03 65.23 201.05 94.46
sheep 0.515218 62.02 23.44 74.90 48.33
dog 0.515212 168.61 54.60 193.32 86.45
aeroplane 0.515186 205.50 46.99 219.12 75.87
sheep 0.515182 129.20 139.51 196.92 169.41
aeroplane 0.515129 119.63 12.09 172.57 110.41
dog 0.515102 155.79 43.74 186.08 83.79
aeroplane 0.515093 189.25 42.53 208.38 68.50
aeroplane 0.515069 78.02 17.38 89.65 36.07
bird 0.515056 64.05 149.25 145.59 202.11
sheep 0.515050 141.84 135.83 210.38 167.40
aeroplane 0.515043 16.76 102.95 40.46 127.90
aeroplane 0.514991 28.46 27.56 42.75 46.57
sheep 0.514970 70.02 64.65 100.06 87.23
aeroplane 0.514935 11.58 35.04 26.03 54.13
aeroplane 0.514932 122.90 5.43 147.10 38.95
sheep 0.514930 52.96 63.70 85.51 87.59
sheep 0.514854 117.56 148.77 180.29 181.54
aeroplane 0.514828 29.44 70.41 54.39 91.24
aeroplane 0.514817 22.01 35.97 35.21 53.86
aeroplane 0.514813 28.77 35.92 44.85 56.50
aeroplane 0.514773 27.73 18.83 42.30 37.56
sheep 0.514750 48.81 53.98 80.26 84.85
boat 0.514719 109.95 0.00 136.78 30.05
dog 0.514649 58.39 31.51 74.57 60.03
boat 0.514643 11.65 185.34 41.09 224.00
aeroplane 0.514634 186.14 50.14 207.46 76.03
aeroplane 0.514596 94.78 53.12 171.56 158.55
boat 0.514574 116.47 4.23 134.84 35.68
dog 0.514522 51.35 41.55 76.64 74.31
aeroplane 0.514515 28.50 44.84 47.88 67.69
sheep 0.514489 177.97 32.28 201.76 63.20
boat 0.514466 116.98 0.00 148.13 32.72
sheep 0.514423 93.37 53.96 112.05 82.20
sheep 0.514419 0.00 0.00 24.36 23.89
sheep 0.514417 115.98 54.44 134.73 86.31
bird 0.514390 17.46 109.74 103.49 194.53
boat 0.514379 104.92 0.00 128.56 27.17
sheep 0.514379 66.22 24.58 79.36 48.37
aeroplane 0.514350 14.91 84.17 37.50 106.53
aeroplane 0.514303 14.71 91.05 36.65 113.12
sheep 0.514254 0.00 0.00 74.06 58.35
sheep 0.514253 88.30 22.98 100.77 45.40
aeroplane 0.514209 179.93 43.97 203.37 74.08
sheep 0.514151 75.57 23.50 88.61 47.56
sheep 0.514143 111.35 40.44 124.80 74.70
aeroplane 0.514141 9.34 42.52 26.70 63.72
bird 0.514139 95.00 195.29 119.50 210.22
aeroplane 0.514107 203.88 10.37 217.28 30.74
aeroplane 0.514100 27.96 63.96 52.67 85.94
aeroplane 0.514099 204.57 19.64 216.79 39.77
aeroplane 0.514098 183.89 56.41 206.95 82.62
sheep 0.514068 89.35 17.99 101.16 34.86
aeroplane 0.514067 67.17 1.98 82.07 26.25
aeroplane 0.514051 61.45 94.78 102.11 127.78
aeroplane 0.514015 20.80 44.02 36.96 64.08
sheep 0.514006 167.07 44.57 194.37 81.82
dog 0.513996 147.77 95.75 200.39 141.39
sheep 0.513933 107.12 28.29 117.87 55.81
aeroplane 0.513902 29.40 183.03 69.77 224.00
bird 0.513878 136.64 116.62 185.28 149.93
aeroplane 0.513866 31.70 94.87 61.09 118.13
aeroplane 0.513821 56.40 22.69 72.13 49.21
boat 0.513816 20.85 184.05 57.20 224.00
aeroplane 0.513799 61.36 0.00 78.83 27.01
aeroplane 0.513751 30.74 75.28 56.60 96.91
sheep 0.513680 108.00 22.84 118.29 45.36
sheep 0.513645 99.07 28.30 110.04 54.98
boat 0.513636 111.08 5.29 124.94 32.32
aeroplane 0.513589 15.06 63.41 39.29 86.23
sheep 0.513565 175.51 44.42 199.72 78.08
bird 0.513564 136.74 94.90 171.84 133.59
aeroplane 0.513520 16.56 111.39 46.74 142.33
sheep 0.513467 86.89 29.77 100.61 57.44
aeroplane 0.513444 90.20 80.34 118.46 104.27
boat 0.513435 8.37 209.59 44.14 224.00
cow 0.513422 108.11 55.18 124.99 84.65
aeroplane 0.513408 40.83 69.86 73.80 89.83
sheep 0.513380 100.00 22.54 110.72 43.84
dog 0.513349 149.88 115.08 207.49 153.04
cow 0.513283 99.34 54.71 117.10 83.26
sheep 0.513227 10.66 2.34 26.72 28.81
bird 0.513208 112.86 194.94 148.86 210.83
aeroplane 0.513191 28.25 55.06 51.12 78.47
train 0.513161 162.98 119.91 218.73 173.39
boat 0.513161 108.00 18.99 118.13 36.93
sheep 0.513160 60.70 0.00 88.77 21.88
aeroplane 0.513114 19.95 0.36 37.04 27.43
boat 0.513097 173.32 191.98 210.45 216.14
aeroplane 0.513096 163.49 139.51 219.59 182.26
aeroplane 0.513057 36.63 35.78 57.05 59.19
aeroplane 0.513013 108.37 37.06 172.13 139.84
aeroplane 0.512993 5.79 53.10 28.05 77.16
sheep 0.512988 103.34 40.18 116.56 72.58
aeroplane 0.512966 7.69 0.00 86.01 49.69
sheep 0.512948 96.15 40.17 109.97 71.95
boat 0.512809 18.62 210.49 58.60 224.00
aeroplane 0.512771 32.34 100.95 64.90 127.96
sheep 0.512741 83.89 55.98 107.22 83.12
sheep 0.512727 53.58 42.44 77.24 73.59
aeroplane 0.512713 56.17 15.67 73.44 37.82
aeroplane 0.512640 35.16 18.19 52.76 36.28
aeroplane 0.512636 25.95 0.00 45.93 27.18
aeroplane 0.512633 30.39 108.86 71.40 143.96
aeroplane 0.512628 110.90 0.00 174.01 66.39
aeroplane 0.512613 36.70 45.88 61.53 71.26
aeroplane 0.512607 36.38 27.18 53.56 47.54
sheep 0.512559 100.00 18.07 111.00 34.92
aeroplane 0.512518 17.69 54.35 38.71 76.99
sheep 0.512499 72.15 30.97 88.84 60.18
bird 0.512391 84.41 172.70 114.71 192.55
aeroplane 0.512372 106.00 12.31 161.05 106.01
boat 0.512364 194.75 192.98 220.15 220.56
bird 0.512361 60.22 111.31 143.48 189.02
sheep 0.512337 61.25 32.34 78.42 60.37
aeroplane 0.512189 45.96 33.57 120.97 142.77
aeroplane 0.512186 67.63 77.29 103.05 99.63
aeroplane 0.512127 39.26 107.38 87.32 143.73
bird 0.512124 88.64 181.75 116.44 201.41
bird 0.512090 50.70 84.87 87.32 114.28
aeroplane 0.512063 31.10 88.34 59.76 110.91
aeroplane 0.512060 46.96 33.35 69.10 61.37
aeroplane 0.512059 202.68 59.24 219.50 93.76
aeroplane 0.512049 123.90 0.00 189.92 72.59
sheep 0.512042 85.08 42.44 103.08 73.85
boat 0.511945 33.43 211.19 81.62 224.00
bird 0.511941 60.57 173.95 152.46 224.00
aeroplane 0.511927 31.09 81.19 58.76 103.75
aeroplane 0.511907 188.88 81.66 216.67 123.53
aeroplane 0.511858 42.85 94.71 79.37 118.95
sheep 0.511823 69.09 56.40 97.43 84.18
bird 0.511820 114.05 172.35 150.85 194.57
aeroplane 0.511800 76.58 2.09 90.80 25.61
aeroplane 0.511756 65.82 64.12 147.91 154.54
aeroplane 0.511664 162.72 178.89 210.86 202.91
aeroplane 0.511551 45.44 43.91 72.15 73.88
aeroplane 0.511543 178.67 63.14 205.72 91.91
aeroplane 0.511382 47.83 25.41 66.87 48.45
aeroplane 0.511358 46.51 17.72 66.50 36.10
aeroplane 0.511166 142.96 0.00 217.98 78.46
bird 0.511161 113.28 182.18 148.69 202.80
aeroplane 0.511156 64.71 85.59 101.98 115.09
sheep 0.511071 69.57 43.79 92.52 75.56
boat 0.511046 106.40 5.46 118.32 28.45
aeroplane 0.511027 42.48 100.61 82.22 127.98
aeroplane 0.510957 90.66 0.00 157.63 60.44
aeroplane 0.510949 76.80 4.42 139.11 106.32
aeroplane 0.510908 53.10 0.00 76.43 27.01
aeroplane 0.510842 38.65 0.00 114.67 106.59
aeroplane 0.510807 37.68 56.69 67.38 80.55
aeroplane 0.510799 33.39 0.00 57.95 24.83
aeroplane 0.510765 197.20 69.80 217.94 110.28
dog 0.510744 50.64 88.52 91.02 111.24
aeroplane 0.510652 74.86 40.30 142.55 138.93
sheep 0.510528 86.68 3.22 101.43 24.57
dog 0.510496 50.78 79.08 88.55 101.32
sheep 0.510434 69.91 0.00 97.69 21.72
aeroplane 0.510330 171.67 73.29 205.79 110.07
sheep 0.510271 46.02 0.00 80.73 19.17
aeroplane 0.510071 184.94 177.91 218.68 206.09
aeroplane 0.509945 175.01 167.68 217.82 196.34
aeroplane 0.509860 43.70 86.97 79.56 110.11
sheep 0.509853 99.03 4.17 111.51 25.58
aeroplane 0.509822 43.90 78.94 78.53 101.38
sheep 0.509728 90.88 0.00 116.29 21.16
sheep 0.509692 21.54 0.00 53.17 16.70
sheep 0.509504 78.81 0.00 107.31 20.53
aeroplane 0.509425 43.53 0.00 69.86 24.30
aeroplane 0.509039 64.26 0.00 139.50 54.88
sheep 0.508932 29.05 0.00 64.70 15.30
aeroplane 0.508195 32.35 0.00 116.89 48.26
