bicycle 0.618882 108.31 80.71 224.00 224.00
person 0.618343 26.28 66.26 85.54 190.59
bicycle 0.611719 78.98 35.56 224.00 219.60
bicycle 0.611196 110.79 115.67 205.99 217.08
person 0.602140 166.35 35.29 217.04 117.06
person 0.595030 23.98 52.12 117.56 195.36
bicycle 0.593958 114.85 54.29 211.29 185.66
bicycle 0.593877 146.81 104.60 219.02 197.88
bicycle 0.588208 22.94 74.07 103.08 180.77
person 0.584734 155.18 39.33 224.00 132.38
bicycle 0.583754 133.03 40.28 224.00 132.00
person 0.581060 32.18 44.32 143.85 174.26
person 0.580770 34.24 72.44 102.22 178.79
bicycle 0.574992 124.85 66.85 222.22 159.86
person 0.573056 51.93 72.43 115.81 172.16
person 0.570646 42.52 41.20 102.53 141.91
person 0.570641 138.77 52.42 218.59 165.12
bicycle 0.568042 106.31 93.25 185.36 210.19
motorbike 0.567961 32.13 70.39 107.82 175.86
bicycle 0.566125 171.26 107.96 216.08 189.30
person 0.566102 114.18 49.03 193.56 195.80
bicycle 0.565533 177.24 81.22 216.97 163.61
bicycle 0.563807 28.05 87.30 85.41 190.63
person 0.563781 60.50 38.11 155.62 162.84
bicycle 0.562922 99.21 128.25 173.41 219.49
bicycle 0.562639 199.82 116.73 223.99 187.29
person 0.561955 70.82 73.50 128.47 159.03
bicycle 0.561646 169.39 49.40 222.82 139.68
person 0.560358 59.70 44.18 190.75 190.13
person 0.559761 145.10 47.28 204.46 114.97
person 0.559047 178.15 42.98 222.95 109.18
person 0.558364 31.66 34.79 79.35 136.13
bicycle 0.556888 32.40 111.28 73.22 210.42
bicycle 0.556752 47.10 24.61 191.84 191.32
person 0.556117 42.36 108.41 78.24 210.46
bicycle 0.555741 51.15 79.82 144.03 217.51
bottle 0.555224 44.38 119.52 76.96 218.56
motorbike 0.554243 28.40 55.36 75.37 154.50
bicycle 0.553770 75.55 154.71 129.06 224.00
bicycle 0.552760 26.55 72.10 74.09 165.73
person 0.552379 85.86 63.41 161.84 146.15
motorbike 0.552244 37.22 51.85 99.34 155.72
bottle 0.552207 27.82 154.36 76.15 224.00
person 0.552200 43.05 32.14 130.15 132.34
bicycle 0.551583 211.11 129.09 224.00 192.53
bottle 0.551559 40.68 98.21 86.75 199.22
bicycle 0.549797 131.27 81.04 207.18 172.22
bicycle 0.549620 129.77 129.66 218.69 211.35
person 0.549358 25.87 59.13 66.75 152.89
motorbike 0.549190 38.33 88.95 96.18 187.57
bicycle 0.548833 111.72 143.90 191.11 216.67
bicycle 0.547820 76.84 92.24 152.96 207.65
bicycle 0.547534 35.24 150.09 79.03 224.00
person 0.547332 26.15 37.15 65.75 126.35
person 0.546266 103.17 41.86 204.60 153.70
person 0.545408 124.29 66.74 196.44 153.40
bicycle 0.545137 185.96 90.31 222.31 149.96
bicycle 0.545088 89.05 146.92 144.25 224.00
horse 0.543968 0.00 115.52 11.75 175.60
bicycle 0.543862 183.81 101.28 220.94 180.16
dog 0.543535 33.63 153.17 85.94 224.00
motorbike 0.543168 169.40 47.43 224.00 116.91
bicycle 0.541220 118.67 120.97 177.84 204.19
person 0.541109 0.79 56.54 60.92 170.56
person 0.540299 78.73 80.00 188.26 202.06
person 0.540238 15.73 42.36 90.21 144.49
bottle 0.540204 49.64 122.23 90.17 221.00
person 0.540191 25.68 25.88 66.68 98.14
person 0.539876 113.12 83.60 172.99 163.51
bicycle 0.539539 28.41 135.66 68.43 221.21
person 0.538963 102.64 58.36 173.98 136.61
bottle 0.538946 55.61 136.93 108.51 224.00
person 0.538670 84.92 46.53 126.29 127.76
person 0.538566 0.00 67.87 9.17 143.54
person 0.538019 108.97 20.56 220.89 191.60
bicycle 0.537951 214.65 138.60 224.00 200.93
horse 0.537949 1.94 116.44 24.68 173.38
motorbike 0.537719 28.60 59.63 160.04 187.05
bicycle 0.537420 162.45 74.40 215.16 148.30
person 0.537298 63.43 141.78 119.26 224.00
person 0.536533 120.92 108.47 173.21 186.23
bicycle 0.536521 118.41 161.96 209.37 220.59
bicycle 0.536316 125.49 105.62 192.71 190.66
motorbike 0.535717 27.11 17.69 63.11 73.99
person 0.535596 68.68 89.26 116.19 182.99
aeroplane 0.535563 0.00 4.19 10.40 53.75
person 0.535484 147.12 16.29 174.63 44.69
bicycle 0.535432 60.07 115.44 122.39 212.30
person 0.535182 86.30 26.67 169.07 136.65
person 0.535150 26.48 112.45 71.89 215.58
bottle 0.535000 47.73 151.58 84.33 224.00
person 0.534978 68.35 53.91 122.50 140.75
bicycle 0.534944 121.33 181.59 195.02 224.00
person 0.534812 114.28 28.70 193.18 133.78
car 0.534513 212.35 13.06 224.00 41.24
bicycle 0.534477 218.46 181.30 224.00 222.55
person 0.534387 0.00 52.46 11.62 116.45
person 0.534353 0.00 6.87 10.30 61.76
person 0.534316 58.56 63.92 153.40 197.26
cow 0.534313 34.13 17.73 70.37 74.89
person 0.534011 85.42 95.34 126.92 186.12
person 0.533965 189.66 62.45 223.27 127.25
person 0.533759 147.17 13.77 171.69 35.16
person 0.533755 137.30 53.66 192.65 130.51
person 0.533506 91.64 49.44 143.24 122.06
person 0.533446 212.90 18.76 224.00 48.43
person 0.533078 68.69 164.09 127.47 224.00
person 0.533032 145.53 54.94 185.98 112.21
person 0.532960 0.00 39.41 11.73 91.91
person 0.532876 38.66 42.81 83.84 116.29
person 0.532685 0.00 89.72 57.30 198.24
person 0.532521 210.81 194.16 224.00 224.00
person 0.532445 100.67 83.50 152.82 162.98
person 0.532418 5.58 66.90 23.37 146.62
bicycle 0.532407 112.58 116.86 161.39 198.21
bicycle 0.532387 44.73 140.00 97.02 224.00
bicycle 0.532306 217.63 154.05 224.00 211.56
person 0.532295 36.66 29.23 78.42 100.19
car 0.532169 210.75 5.79 224.00 35.78
bottle 0.531988 43.41 172.81 76.45 224.00
dog 0.531798 0.00 205.82 23.78 224.00
person 0.531675 0.00 35.23 58.81 131.58
motorbike 0.531455 0.00 9.14 16.31 60.73
person 0.531427 86.29 133.90 136.81 222.69
car 0.531412 204.06 0.00 224.00 25.32
dog 0.531286 0.00 208.18 36.69 224.00
person 0.531225 82.51 180.28 129.97 224.00
person 0.531079 40.19 4.44 177.57 177.68
dog 0.531068 0.00 136.66 9.40 203.44
person 0.530940 3.19 16.10 151.70 164.28
person 0.530687 0.00 20.14 10.86 79.29
bicycle 0.530618 104.14 121.00 147.50 210.01
bicycle 0.530353 157.22 147.66 224.00 224.00
aeroplane 0.530313 11.34 10.93 24.61 48.78
bicycle 0.530298 136.07 190.86 208.01 224.00
person 0.529787 106.24 52.45 155.72 114.99
motorbike 0.529756 9.44 11.69 25.01 58.19
person 0.529711 99.00 105.15 138.57 190.17
dog 0.529635 30.64 175.00 73.67 224.00
bicycle 0.529536 104.67 161.20 168.69 222.90
bicycle 0.529402 216.09 189.09 224.00 224.00
car 0.529160 36.27 0.00 71.74 17.69
bottle 0.529104 72.04 184.05 131.86 224.00
person 0.529053 124.91 54.21 164.19 110.28
person 0.529042 0.00 93.00 10.73 162.20
bicycle 0.528889 97.09 109.46 134.79 199.92
dog 0.528730 39.79 31.08 84.84 101.45
person 0.528660 60.65 0.00 95.43 18.04
person 0.528644 0.00 151.90 51.09 224.00
person 0.528621 0.00 12.34 16.41 70.95
person 0.528476 179.55 0.00 224.00 62.42
person 0.528464 141.92 22.32 172.73 59.47
person 0.528429 15.17 67.32 48.35 153.95
person 0.528394 0.00 78.41 116.50 224.00
person 0.528392 1.44 31.25 19.15 84.39
person 0.528372 209.92 29.03 224.00 65.55
motorbike 0.528277 30.53 12.00 59.33 53.93
person 0.528218 43.74 0.00 79.48 17.63
person 0.528190 109.88 103.92 153.63 180.90
motorbike 0.528075 190.98 20.51 215.84 45.50
person 0.528046 9.60 14.38 24.16 69.93
car 0.528014 0.00 0.00 51.63 66.70
person 0.527999 4.19 40.36 21.14 91.07
motorbike 0.527982 193.13 14.11 216.30 39.50
motorbike 0.527959 63.87 97.45 108.74 188.92
aeroplane 0.527892 0.00 0.00 17.92 29.39
motorbike 0.527871 0.00 19.76 17.11 79.27
person 0.527832 61.12 121.68 108.33 210.76
person 0.527763 21.05 41.27 51.85 117.73
car 0.527760 193.66 0.00 219.99 22.37
horse 0.527120 15.16 105.02 57.28 173.68
motorbike 0.527065 10.90 20.60 24.61 80.18
person 0.527048 26.10 0.00 121.38 98.20
person 0.527036 14.97 58.09 41.83 135.93
person 0.526478 6.87 53.78 24.88 119.15
bicycle 0.526473 84.50 117.37 122.34 203.52
bottle 0.526423 62.58 156.89 120.59 224.00
person 0.526379 12.27 31.58 26.47 86.64
motorbike 0.526291 20.36 17.11 53.47 72.10
person 0.526214 140.24 32.29 178.42 81.29
bottle 0.526014 56.19 108.16 106.24 197.31
aeroplane 0.525929 43.34 18.38 83.13 75.26
person 0.525871 77.24 0.00 109.69 18.42
person 0.525673 149.19 0.00 212.71 112.44
dog 0.525647 0.00 153.69 10.66 212.77
person 0.525643 101.63 30.08 120.53 79.12
bicycle 0.525614 144.08 150.65 210.68 212.37
motorbike 0.525557 177.62 41.35 221.07 94.66
motorbike 0.525536 107.02 26.34 127.55 60.64
motorbike 0.525518 38.18 11.01 67.23 53.48
person 0.525469 19.06 38.18 45.20 103.46
person 0.525271 105.62 31.58 127.84 77.86
person 0.525174 199.33 40.13 223.34 90.62
bicycle 0.525074 16.11 74.23 52.17 157.34
person 0.525025 90.04 0.00 118.65 19.25
person 0.525022 143.65 0.00 172.18 19.08
bicycle 0.524934 105.10 185.58 162.98 224.00
person 0.524761 99.73 0.00 125.29 18.51
bicycle 0.524725 190.36 129.02 220.44 197.53
person 0.524712 31.52 0.00 114.96 52.09
bicycle 0.524702 92.44 183.10 137.52 224.00
person 0.524700 109.49 0.00 167.91 65.74
bottle 0.524613 51.11 177.70 85.01 224.00
person 0.524531 86.87 0.00 148.97 58.40
motorbike 0.524451 101.65 23.56 119.96 61.92
aeroplane 0.524440 0.00 4.65 15.64 43.23
dog 0.524426 0.00 134.63 19.94 203.16
person 0.524419 4.76 92.69 22.78 159.69
person 0.524329 105.96 0.00 131.32 16.24
person 0.524263 13.02 46.71 31.57 107.82
person 0.524101 126.27 0.00 182.65 68.43
person 0.524051 78.85 42.73 116.72 118.38
person 0.524038 100.17 36.49 129.47 99.32
bicycle 0.524011 159.00 193.13 216.07 224.00
person 0.523792 155.35 0.00 211.95 59.72
motorbike 0.523749 193.21 0.00 218.56 27.81
person 0.523685 58.23 0.00 132.05 53.91
person 0.523682 17.09 31.10 39.14 93.68
person 0.523678 139.42 45.62 174.82 100.21
person 0.523655 140.90 0.00 196.12 64.77
person 0.523623 144.37 18.95 183.28 50.62
person 0.523480 76.10 4.13 149.97 108.64
horse 0.523410 25.27 106.83 72.32 194.06
dog 0.523337 27.03 128.91 66.91 212.80
bicycle 0.523242 177.02 193.88 222.97 224.00
motorbike 0.523175 185.12 30.88 217.90 65.57
person 0.523112 136.33 25.19 157.48 54.72
motorbike 0.523051 200.06 7.32 218.79 35.33
person 0.523024 166.80 0.00 224.00 107.60
motorbike 0.522893 22.45 12.72 50.69 55.02
person 0.522883 115.80 27.57 135.84 59.76
bicycle 0.522815 16.01 98.28 57.99 169.84
motorbike 0.522757 35.54 8.46 56.87 36.53
person 0.522587 134.55 32.55 156.59 70.08
bicycle 0.522570 149.90 168.66 209.98 220.38
cow 0.522567 44.14 10.79 74.26 53.20
aeroplane 0.522482 17.30 10.99 32.84 45.34
motorbike 0.522272 14.67 12.77 33.15 56.71
person 0.522237 121.61 0.00 148.00 16.40
person 0.522222 113.58 0.00 139.47 15.34
car 0.522211 21.80 0.00 54.78 18.19
person 0.522166 15.04 21.59 34.11 83.99
aeroplane 0.522101 45.34 31.16 101.03 98.12
person 0.522019 127.19 27.11 146.16 57.73
bicycle 0.521896 173.30 174.01 215.33 217.84
person 0.521707 129.43 0.00 156.89 17.39
dog 0.521686 0.00 182.28 13.34 224.00
person 0.521652 143.01 36.66 199.02 90.93
person 0.521592 145.54 25.07 188.62 63.46
person 0.521540 151.19 13.19 178.31 37.94
dog 0.521428 18.40 191.06 55.94 224.00
motorbike 0.521412 44.29 7.62 64.91 34.58
aeroplane 0.521288 53.80 22.13 100.62 73.73
bicycle 0.521270 159.64 137.19 214.11 206.23
bicycle 0.521231 199.52 192.86 224.00 224.00
person 0.521151 16.71 0.00 94.48 63.07
motorbike 0.521119 107.53 20.02 125.96 46.25
person 0.520896 184.86 21.98 218.18 47.50
bicycle 0.520864 206.63 177.76 224.00 218.10
person 0.520796 131.10 42.27 159.63 93.98
person 0.520739 113.24 31.70 136.13 75.26
horse 0.520718 38.20 0.00 70.91 17.28
person 0.520688 183.22 30.39 219.98 63.10
motorbike 0.520584 102.55 16.74 119.66 45.20
dog 0.520548 16.18 133.02 44.98 205.48
horse 0.520466 0.00 125.45 20.66 196.40
motorbike 0.520458 94.67 20.40 113.82 64.39
person 0.520378 106.33 37.60 139.03 97.82
motorbike 0.520284 25.89 10.00 47.83 40.32
motorbike 0.520248 92.75 28.45 114.06 83.80
bicycle 0.520229 166.69 158.01 214.73 211.33
aeroplane 0.520206 13.13 0.00 44.39 20.75
cow 0.520185 65.63 20.00 105.77 69.13
person 0.520155 164.89 39.43 219.36 89.95
person 0.520083 125.14 32.21 147.23 71.78
cow 0.520053 58.92 28.96 105.90 92.07
person 0.519963 138.23 20.34 159.86 46.07
person 0.519892 147.85 0.00 175.00 27.57
motorbike 0.519865 109.90 13.94 122.80 31.98
person 0.519603 166.48 18.27 204.14 45.20
motorbike 0.519598 105.02 11.36 117.91 30.46
motorbike 0.519585 116.73 21.76 134.60 48.07
person 0.519423 4.51 0.00 87.13 95.67
motorbike 0.519415 111.33 8.86 121.52 20.74
person 0.519408 155.28 0.00 184.30 17.56
sheep 0.519354 0.00 152.61 24.68 210.84
motorbike 0.519294 30.85 0.00 62.98 19.12
person 0.519122 166.68 0.00 194.94 17.83
cow 0.519038 51.75 11.77 81.86 51.35
person 0.518960 129.20 22.00 146.44 48.56
person 0.518929 119.47 39.39 151.56 94.20
sheep 0.518888 0.00 182.63 29.28 223.26
motorbike 0.518767 51.78 7.66 72.27 33.21
motorbike 0.518726 74.13 10.70 96.56 31.28
bicycle 0.518614 198.10 146.63 223.50 209.19
horse 0.518572 16.36 113.92 49.69 187.52
cow 0.518554 64.97 16.29 98.89 50.16
motorbike 0.518390 106.77 7.99 117.39 20.65
motorbike 0.518355 96.60 13.80 113.81 45.46
person 0.518354 55.31 38.54 105.86 111.80
aeroplane 0.518339 4.33 0.00 33.27 23.59
cow 0.518209 58.49 14.00 90.30 50.36
person 0.518168 87.77 36.33 114.12 103.27
motorbike 0.518128 46.57 0.00 64.73 21.29
motorbike 0.518003 38.06 0.00 57.09 23.54
person 0.517963 169.40 28.15 212.77 61.95
car 0.517960 178.70 0.00 209.82 20.72
horse 0.517960 45.64 0.00 78.55 16.04
motorbike 0.517914 76.10 14.78 105.69 47.83
motorbike 0.517512 118.18 15.74 131.93 34.86
person 0.517454 137.79 12.62 158.68 29.72
aeroplane 0.517368 18.42 6.11 33.64 34.11
motorbike 0.517178 99.21 9.70 112.69 30.46
motorbike 0.517000 62.41 0.00 93.03 15.92
person 0.516992 167.96 13.62 198.29 37.58
bicycle 0.516968 68.08 0.00 97.93 16.18
cow 0.516905 66.88 8.85 88.17 30.52
person 0.516737 119.13 9.54 130.67 21.67
person 0.516642 129.87 17.09 145.01 38.62
motorbike 0.516612 85.48 10.10 105.06 30.77
person 0.516480 129.12 10.43 143.83 25.81
motorbike 0.516444 59.74 7.89 80.27 31.14
dog 0.516433 13.21 177.44 43.76 219.15
dog 0.516420 27.11 167.01 60.19 219.95
motorbike 0.515982 99.95 6.39 112.46 21.04
horse 0.515890 54.20 0.00 86.97 15.36
horse 0.515835 53.87 0.00 72.26 20.02
motorbike 0.515773 28.00 1.92 47.45 27.62
motorbike 0.515628 75.47 0.00 94.65 20.38
motorbike 0.515379 93.59 0.00 115.52 17.84
bicycle 0.515326 79.22 0.00 106.35 16.89
motorbike 0.514998 69.47 0.00 88.04 20.00
motorbike 0.514938 23.06 0.00 53.17 22.57
person 0.514876 185.85 11.53 214.94 36.21
dog 0.514725 15.88 164.40 46.73 213.95
aeroplane 0.514609 4.58 0.00 27.33 32.98
motorbike 0.514604 87.08 2.65 103.84 20.45
horse 0.514297 61.95 0.00 80.71 20.00
dog 0.514138 6.53 194.34 42.83 224.00
motorbike 0.511335 183.46 0.00 212.74 27.50
