car 0.650767 3.64 64.69 224.00 183.46
sofa 0.597148 19.91 131.09 64.33 171.45
sofa 0.574479 9.12 77.34 211.91 195.49
chair 0.570847 21.49 126.14 65.05 171.90
chair 0.555081 182.52 138.41 219.80 218.33
diningtable 0.554132 1.44 77.53 217.10 186.90
person 0.548161 135.19 159.04 158.57 223.51
diningtable 0.548051 16.40 113.42 85.09 180.38
diningtable 0.546726 14.09 102.29 157.00 182.75
chair 0.545566 201.14 135.32 223.30 216.95
car 0.545528 63.61 39.39 210.91 201.81
chair 0.544483 48.34 128.73 91.85 186.62
sofa 0.544090 57.36 86.96 224.00 212.03
sofa 0.542341 16.55 99.04 168.76 176.57
person 0.541510 215.96 108.01 224.00 140.04
chair 0.540949 1.60 80.73 23.60 128.72
chair 0.540171 0.00 77.93 16.03 128.83
chair 0.539912 18.15 113.44 82.53 174.68
chair 0.539813 29.51 129.53 80.80 183.76
person 0.539109 51.36 127.99 91.83 177.78
sofa 0.538050 23.42 81.49 63.23 141.00
person 0.537928 100.88 90.36 137.72 118.38
chair 0.537673 3.75 116.32 84.69 193.33
chair 0.537581 209.41 134.87 224.00 203.34
car 0.537575 201.54 31.75 224.00 166.01
person 0.537377 102.89 134.37 130.10 202.39
car 0.537200 175.28 100.41 224.00 212.61
chair 0.536951 51.29 137.97 85.36 211.79
person 0.536728 57.53 97.76 93.27 151.04
person 0.536511 107.15 135.98 140.41 204.92
person 0.536469 104.23 115.92 141.41 153.34
diningtable 0.536411 56.12 90.39 92.38 147.05
chair 0.536364 0.00 69.30 13.66 118.85
chair 0.536261 177.07 141.54 216.23 197.57
bottle 0.536173 208.60 151.62 224.00 214.90
diningtable 0.536102 16.41 108.40 116.18 171.85
chair 0.536079 105.62 141.79 131.03 215.55
diningtable 0.535372 0.00 115.66 70.48 203.28
dog 0.535267 111.08 146.43 142.00 217.94
chair 0.535197 9.82 83.70 29.64 128.01
chair 0.535158 48.94 209.56 84.47 224.00
person 0.534753 96.14 132.08 122.01 198.34
diningtable 0.534606 8.65 116.06 105.11 196.52
chair 0.534325 0.00 201.84 20.88 224.00
car 0.534306 220.00 31.19 224.00 70.50
car 0.534275 92.49 12.52 125.90 22.85
person 0.534080 95.45 81.83 138.29 109.52
car 0.534031 112.57 26.70 209.02 171.29
chair 0.533802 0.00 141.02 18.46 202.90
chair 0.533667 0.00 126.27 40.65 187.99
chair 0.533620 0.00 137.46 32.29 200.32
chair 0.533499 97.11 137.07 121.03 210.72
diningtable 0.533127 30.99 130.47 82.25 178.69
sofa 0.532970 10.45 110.11 188.46 214.50
person 0.532947 102.27 126.86 131.45 180.61
diningtable 0.532875 7.22 134.77 157.84 224.00
chair 0.532698 0.00 207.60 31.85 224.00
chair 0.532681 154.80 160.71 188.57 215.41
person 0.532453 106.08 101.62 139.08 134.19
person 0.532167 218.81 94.35 224.00 134.71
person 0.532143 69.15 83.64 217.68 209.70
dog 0.532034 120.00 150.43 151.61 220.38
person 0.531973 18.57 106.94 88.46 170.56
chair 0.531738 64.43 211.15 102.16 224.00
dog 0.531562 108.00 149.79 129.74 214.87
chair 0.531525 22.06 83.77 60.60 137.51
person 0.531498 196.79 110.60 211.67 136.75
bottle 0.531461 181.09 148.01 212.19 213.55
tvmonitor 0.531440 176.81 114.30 224.00 210.54
chair 0.531318 144.78 160.43 172.73 220.32
chair 0.531168 27.88 133.68 61.26 189.37
bottle 0.531163 191.87 136.69 220.17 211.47
chair 0.530991 0.00 136.23 122.32 224.00
aeroplane 0.530982 184.57 0.00 224.00 51.29
person 0.530893 123.05 157.44 150.36 221.06
chair 0.530868 0.00 110.71 38.82 171.59
car 0.530780 0.00 0.00 55.80 52.98
chair 0.530724 2.35 122.16 60.13 177.04
bus 0.530666 15.78 93.51 184.54 171.59
person 0.530603 101.67 119.97 135.14 164.71
chair 0.530574 0.00 127.16 23.23 188.84
person 0.530555 219.64 85.37 224.00 128.47
person 0.530524 181.26 97.03 197.96 125.68
chair 0.530357 0.00 60.23 38.05 139.78
person 0.530345 147.45 95.72 167.49 130.96
sofa 0.530082 19.90 103.62 63.58 161.70
diningtable 0.530071 47.63 86.39 81.34 148.04
chair 0.529880 0.00 91.78 27.59 147.60
dog 0.529785 159.83 140.47 194.80 188.19
chair 0.529712 35.36 136.42 69.44 196.51
person 0.529629 171.60 94.47 189.65 127.13
chair 0.529540 53.56 162.61 79.93 214.46
person 0.529457 60.11 118.49 96.64 163.78
chair 0.529450 0.00 66.24 21.51 108.82
chair 0.529382 44.79 151.03 71.71 204.56
dog 0.529344 113.26 137.16 150.06 207.58
person 0.529074 207.83 108.26 222.59 137.23
car 0.529042 100.03 51.96 131.14 71.40
person 0.529037 187.65 104.94 203.47 130.57
cow 0.529032 175.98 17.64 197.09 40.44
person 0.528987 69.74 94.57 109.98 137.69
chair 0.528885 0.00 108.76 24.92 168.71
person 0.528747 131.77 197.97 168.26 224.00
chair 0.528727 0.00 148.32 72.41 224.00
person 0.528719 189.33 109.90 204.02 136.08
diningtable 0.528700 157.57 146.92 198.17 200.32
cow 0.528668 177.51 29.47 197.76 54.64
diningtable 0.528561 23.07 88.49 62.45 144.24
car 0.528450 92.78 18.73 129.22 31.87
chair 0.528322 170.87 153.91 209.01 210.28
chair 0.528319 35.19 208.61 75.45 224.00
person 0.528260 93.06 72.54 139.03 101.63
car 0.528234 90.70 0.00 128.21 17.59
dog 0.528188 132.72 140.26 160.32 215.58
cow 0.528186 176.58 23.63 196.69 46.75
car 0.528135 187.88 57.18 224.00 208.24
bottle 0.528109 212.06 187.17 224.00 224.00
person 0.528104 18.81 103.23 130.39 168.62
chair 0.528078 0.00 54.21 11.34 101.92
tvmonitor 0.527925 154.31 89.87 224.00 215.69
chair 0.527892 0.00 80.38 46.20 157.60
boat 0.527811 0.00 0.00 28.35 22.14
aeroplane 0.527784 194.03 16.45 224.00 137.62
chair 0.527720 9.50 211.45 50.30 224.00
person 0.527688 134.20 77.20 154.95 94.90
chair 0.527663 136.40 198.60 175.74 224.00
person 0.527634 22.06 91.55 97.41 159.21
person 0.527622 151.28 91.29 172.10 124.19
chair 0.527570 0.00 153.21 23.34 212.49
car 0.527510 220.00 77.12 224.00 120.33
chair 0.527389 48.98 163.74 73.01 210.48
aeroplane 0.527380 49.65 27.06 70.62 67.87
person 0.527323 0.00 7.87 32.81 118.32
car 0.527273 209.10 0.00 224.00 21.73
chair 0.527256 0.00 155.71 13.52 214.83
chair 0.527119 79.83 212.07 118.91 224.00
car 0.527099 98.99 44.33 130.46 67.44
dog 0.527061 150.27 138.40 184.41 187.81
bottle 0.527049 178.89 196.55 212.99 224.00
person 0.526980 61.87 129.05 108.13 195.43
bottle 0.526931 142.44 201.47 183.89 224.00
car 0.526899 166.33 26.78 224.00 169.82
car 0.526896 113.31 65.65 217.66 209.55
sheep 0.526780 220.00 23.52 223.09 59.07
person 0.526751 186.72 98.51 202.01 125.20
dog 0.526741 154.97 161.81 185.94 214.85
diningtable 0.526692 61.30 88.53 100.85 134.50
person 0.526690 183.97 106.11 197.65 135.34
person 0.526617 101.54 107.13 138.09 142.16
chair 0.526608 92.07 139.18 209.94 224.00
person 0.526543 134.41 68.85 154.75 87.49
bus 0.526466 0.00 32.24 224.00 195.00
chair 0.526410 32.18 148.88 60.53 200.31
person 0.526305 134.85 84.03 156.10 103.66
chair 0.526253 53.47 178.03 78.80 222.70
aeroplane 0.526230 172.92 9.25 197.89 31.11
person 0.526217 90.52 92.38 124.77 128.49
car 0.526210 98.91 56.74 133.63 77.61
person 0.526178 66.68 119.41 112.31 170.53
aeroplane 0.526048 55.78 66.08 76.37 90.56
aeroplane 0.526044 54.13 17.70 78.14 54.32
cow 0.526018 176.98 34.96 197.99 61.32
boat 0.525993 19.25 0.00 99.09 79.89
bottle 0.525975 164.31 202.54 199.50 224.00
car 0.525953 220.00 57.48 224.00 97.69
bottle 0.525889 154.14 203.50 191.80 224.00
chair 0.525866 0.00 180.28 12.47 224.00
bottle 0.525809 189.71 191.81 217.98 224.00
chair 0.525781 6.30 74.00 28.05 117.14
person 0.525769 115.95 204.21 151.47 224.00
person 0.525711 141.22 162.75 165.36 222.34
person 0.525635 145.62 88.06 167.25 113.89
tvmonitor 0.525630 8.23 3.74 34.06 26.21
person 0.525608 156.40 90.81 177.92 126.84
dog 0.525605 145.31 120.04 171.54 160.28
aeroplane 0.525534 49.88 19.01 69.47 50.87
person 0.525457 74.21 89.27 115.19 125.98
chair 0.525374 15.54 83.44 47.07 132.89
person 0.525280 145.13 108.68 169.02 149.23
dog 0.525260 116.71 168.16 138.70 217.39
car 0.525216 220.00 45.47 224.00 87.29
sofa 0.525149 24.17 70.97 61.12 117.91
car 0.525108 18.14 0.00 94.30 59.66
sofa 0.525083 47.93 134.38 193.28 224.00
person 0.525075 104.82 209.39 141.15 224.00
chair 0.525020 96.52 211.12 133.64 224.00
dog 0.524995 144.93 145.46 183.20 206.51
chair 0.524986 5.77 149.72 30.90 208.02
chair 0.524985 5.49 95.89 39.78 150.11
person 0.524960 180.55 91.65 196.30 119.43
aeroplane 0.524779 57.87 71.77 75.91 97.75
person 0.524728 214.25 119.79 224.00 166.28
dog 0.524701 145.73 128.68 173.27 170.70
tvmonitor 0.524629 0.00 0.00 39.05 94.42
person 0.524569 143.25 83.66 164.46 103.55
person 0.524360 74.05 111.63 115.71 157.22
boat 0.524329 58.76 80.54 84.43 124.65
car 0.524166 95.03 24.00 129.42 43.62
boat 0.524160 105.64 27.43 209.36 161.46
aeroplane 0.524128 168.01 0.00 204.14 15.78
chair 0.524109 64.01 132.09 106.02 207.01
aeroplane 0.524101 0.00 0.00 221.10 197.35
person 0.524089 141.12 77.47 162.19 93.58
aeroplane 0.524081 50.50 21.77 87.15 62.09
car 0.524077 18.70 44.51 204.29 151.93
aeroplane 0.524055 50.84 15.41 68.37 42.19
person 0.524030 47.68 127.40 98.53 195.28
person 0.523924 134.97 59.95 154.25 80.37
boat 0.523793 32.84 0.00 109.63 106.13
cow 0.523726 173.89 26.92 191.84 51.99
aeroplane 0.523637 52.72 37.12 76.44 74.46
tvmonitor 0.523584 11.07 12.37 31.09 32.77
person 0.523556 95.62 56.81 135.81 79.84
person 0.523552 82.46 103.75 118.85 146.30
boat 0.523480 2.68 0.00 42.82 17.62
aeroplane 0.523377 56.64 13.57 75.79 44.41
chair 0.523376 0.00 183.03 21.79 224.00
bottle 0.523324 198.98 159.11 219.87 214.92
person 0.523245 93.25 62.60 137.87 90.15
boat 0.523203 105.69 0.00 173.61 31.00
diningtable 0.523186 39.91 110.28 85.61 162.02
person 0.523115 135.95 88.71 157.61 112.63
aeroplane 0.523080 54.69 53.33 75.70 82.43
boat 0.523051 24.73 0.00 63.71 17.74
chair 0.522993 0.00 43.74 9.73 88.58
diningtable 0.522958 19.05 73.92 56.36 120.84
cow 0.522955 172.96 33.41 191.66 59.81
sofa 0.522943 0.00 14.39 65.66 123.07
pottedplant 0.522933 152.37 107.84 224.00 206.45
person 0.522905 66.38 106.69 102.57 152.86
dog 0.522873 143.16 134.85 173.03 188.97
car 0.522851 21.58 5.18 224.00 197.79
car 0.522812 0.00 0.00 80.76 69.38
boat 0.522806 96.71 63.24 136.76 87.69
sheep 0.522791 220.00 14.64 222.75 51.45
sofa 0.522699 24.65 77.30 100.40 146.50
chair 0.522698 161.96 151.78 224.00 224.00
boat 0.522692 92.23 80.16 131.28 105.63
boat 0.522683 78.25 85.14 118.41 114.97
chair 0.522677 54.38 161.66 93.09 219.30
tvmonitor 0.522592 0.00 5.54 19.02 38.82
person 0.522548 172.88 101.12 189.15 136.62
person 0.522485 135.32 93.54 157.96 122.02
car 0.522466 41.67 0.00 76.73 18.22
diningtable 0.522445 53.61 77.82 75.41 127.56
aeroplane 0.522444 43.96 65.31 69.14 94.73
person 0.522412 115.08 76.04 143.77 96.29
boat 0.522358 0.00 0.00 22.84 31.97
sheep 0.522357 166.47 0.00 201.26 21.83
person 0.522343 117.09 66.73 144.63 87.95
cow 0.522339 174.75 16.31 191.92 36.91
tvmonitor 0.522292 33.12 15.19 56.75 36.38
dog 0.522261 107.59 169.64 126.55 214.64
car 0.522254 52.13 0.00 84.28 18.09
boat 0.522238 132.12 0.00 201.24 31.83
tvmonitor 0.522145 13.92 4.83 40.15 24.37
person 0.522088 133.17 98.08 157.52 130.05
chair 0.522088 34.80 165.12 63.08 208.78
dog 0.522051 171.85 137.59 202.92 187.17
aeroplane 0.522016 45.05 25.41 64.77 65.52
aeroplane 0.522003 43.08 18.76 63.79 47.00
chair 0.522002 18.48 132.77 54.67 193.75
cow 0.521985 175.05 21.33 192.10 43.47
cow 0.521968 183.64 0.00 224.00 81.81
aeroplane 0.521953 32.29 64.38 64.83 99.34
aeroplane 0.521851 58.73 21.87 98.16 59.82
boat 0.521846 95.97 72.74 145.04 97.28
aeroplane 0.521841 64.25 73.05 82.27 94.98
car 0.521830 97.10 33.32 130.09 57.52
sofa 0.521826 42.25 70.74 68.26 104.20
person 0.521810 185.64 93.20 200.79 119.33
car 0.521800 62.45 0.00 93.73 18.23
sofa 0.521787 56.92 75.03 74.40 111.56
tvmonitor 0.521785 24.24 14.80 47.95 33.16
person 0.521754 196.52 98.98 210.37 127.60
boat 0.521742 63.18 77.47 81.90 107.79
chair 0.521735 44.56 199.87 75.25 224.00
person 0.521726 139.87 70.19 161.44 87.29
aeroplane 0.521698 94.99 21.89 124.76 40.76
aeroplane 0.521696 48.41 36.03 69.35 75.99
dog 0.521686 149.52 119.01 178.06 165.20
sofa 0.521640 0.00 49.14 63.00 133.75
tvmonitor 0.521605 1.94 0.00 41.08 21.15
person 0.521605 119.92 59.09 144.62 80.06
aeroplane 0.521568 63.15 66.55 82.69 87.86
boat 0.521474 65.08 83.91 101.26 121.57
sheep 0.521389 144.73 163.97 173.27 218.70
cow 0.521314 164.56 27.73 183.63 51.73
cow 0.521303 156.09 29.16 175.01 52.64
sheep 0.521284 136.43 8.48 155.37 23.71
chair 0.521240 12.68 74.58 38.75 119.09
boat 0.521217 100.30 54.94 137.77 73.15
tvmonitor 0.521209 17.73 13.99 38.17 31.50
chair 0.521208 11.42 90.23 65.62 158.88
sheep 0.521189 177.01 19.26 203.31 40.77
tvmonitor 0.521176 0.00 0.00 70.05 97.48
person 0.521175 129.26 178.96 155.89 224.00
diningtable 0.521165 29.02 75.08 65.66 133.26
person 0.521148 136.31 51.72 153.12 72.79
tvmonitor 0.521103 0.40 1.07 30.20 27.89
tvmonitor 0.521076 33.98 18.88 56.93 44.30
tvmonitor 0.521059 2.95 8.98 26.23 34.13
cow 0.521022 164.38 34.50 182.11 60.29
chair 0.520864 14.93 145.71 46.81 203.60
sheep 0.520837 144.93 16.34 166.70 33.85
sheep 0.520746 220.00 0.00 224.00 41.43
cow 0.520668 178.40 40.72 197.96 68.08
car 0.520643 100.74 0.00 139.86 15.37
diningtable 0.520628 105.51 182.24 127.77 223.60
person 0.520611 108.44 126.34 144.40 176.80
bus 0.520600 35.64 0.00 127.59 109.62
chair 0.520577 0.00 29.74 10.22 72.76
person 0.520477 112.66 84.00 142.34 104.27
boat 0.520439 84.92 0.00 158.28 34.32
person 0.520398 123.64 52.66 144.64 73.30
person 0.520385 131.61 118.34 159.33 154.11
chair 0.520359 6.50 183.94 29.71 224.00
sheep 0.520356 215.59 0.00 224.00 30.83
sofa 0.520353 21.39 23.65 100.59 123.24
cow 0.520348 159.12 0.00 224.00 42.99
car 0.520302 139.53 0.00 172.79 12.90
person 0.520258 129.57 108.90 158.17 146.30
person 0.520179 151.84 97.67 171.64 138.80
boat 0.520158 150.62 24.81 218.21 158.03
sheep 0.520155 182.49 65.82 194.59 85.54
tvmonitor 0.520138 20.01 5.24 48.48 24.73
diningtable 0.520134 94.90 185.39 120.81 224.00
person 0.520118 109.29 102.52 222.01 206.33
person 0.520068 212.00 96.46 224.00 132.65
aeroplane 0.520010 34.83 21.50 56.99 53.55
sheep 0.519990 137.97 15.42 154.39 31.20
aeroplane 0.519979 61.46 52.98 82.65 79.12
aeroplane 0.519975 95.99 171.09 118.36 213.49
sheep 0.519973 157.32 165.79 184.39 215.82
sheep 0.519970 143.41 7.60 166.47 24.62
chair 0.519968 42.10 181.91 70.52 222.59
car 0.519915 92.97 13.95 119.95 28.70
sheep 0.519819 182.17 124.88 202.04 170.66
chair 0.519812 25.98 164.01 56.32 209.07
car 0.519793 73.84 0.00 105.49 18.02
chair 0.519777 171.83 106.84 190.23 146.77
car 0.519747 123.18 0.00 156.74 14.27
car 0.519713 65.13 27.39 200.41 123.36
dog 0.519703 187.26 66.98 201.67 85.95
aeroplane 0.519701 45.42 53.65 68.47 85.57
aeroplane 0.519607 96.68 31.80 125.28 55.00
boat 0.519591 36.97 0.00 113.26 48.67
boat 0.519558 82.89 79.81 121.32 104.54
car 0.519551 208.83 27.77 217.96 59.65
aeroplane 0.519521 47.86 5.30 67.71 29.64
sofa 0.519511 28.76 78.05 142.98 152.55
sheep 0.519495 181.05 52.70 196.56 78.19
sheep 0.519468 173.14 9.14 204.02 31.79
cow 0.519464 154.82 22.48 175.82 43.66
diningtable 0.519395 57.32 176.97 93.34 224.00
cow 0.519305 152.89 16.21 175.79 36.28
cow 0.519299 154.59 37.16 173.44 62.43
aeroplane 0.519277 57.00 4.18 75.65 30.42
sheep 0.519224 187.77 124.99 208.33 169.98
sofa 0.519224 35.26 73.64 65.74 119.58
car 0.519195 57.97 33.41 96.99 66.86
car 0.519171 82.39 0.00 116.95 17.40
aeroplane 0.519108 62.50 12.41 85.11 43.75
sheep 0.519083 0.00 49.19 18.36 84.51
sheep 0.519043 146.81 22.45 166.85 41.49
chair 0.519042 34.17 183.59 64.56 224.00
person 0.519041 140.21 60.63 161.17 81.35
aeroplane 0.519033 29.18 4.42 56.79 26.95
chair 0.519031 157.26 126.58 223.55 212.91
person 0.518980 96.13 52.23 136.48 73.67
aeroplane 0.518858 36.53 27.16 57.63 64.95
dog 0.518821 171.63 123.24 194.82 171.97
cow 0.518761 164.55 21.98 184.68 42.56
sheep 0.518677 147.73 30.59 165.91 51.86
aeroplane 0.518667 81.85 25.09 108.87 55.71
person 0.518663 182.59 84.66 194.40 110.95
cow 0.518623 183.77 75.09 193.77 95.93
chair 0.518614 14.37 162.99 43.32 210.88
car 0.518598 126.79 8.37 148.68 23.47
cow 0.518590 175.17 66.02 187.13 85.60
aeroplane 0.518557 155.81 0.00 193.88 12.56
cow 0.518548 180.95 31.40 207.51 55.71
dog 0.518537 188.00 76.16 200.70 96.97
tvmonitor 0.518509 0.00 17.68 12.90 57.48
aeroplane 0.518440 22.61 0.00 61.72 20.90
cow 0.518438 163.93 16.56 184.80 35.20
car 0.518422 211.09 30.38 218.90 64.93
tvmonitor 0.518399 25.81 18.86 48.45 40.85
boat 0.518396 13.43 0.00 54.99 19.71
person 0.518357 109.52 88.88 141.53 112.22
aeroplane 0.518343 67.00 14.44 98.55 49.79
dog 0.518313 135.60 130.86 160.73 184.22
person 0.518254 195.01 92.13 209.70 120.75
boat 0.518073 81.18 25.53 202.73 116.65
dog 0.518052 134.86 125.00 160.03 161.33
sheep 0.517989 169.96 163.94 197.42 214.05
boat 0.517988 71.25 79.18 101.03 105.97
chair 0.517966 51.65 198.66 86.28 224.00
diningtable 0.517941 77.26 184.24 110.97 224.00
sheep 0.517936 191.53 0.00 222.65 19.69
chair 0.517891 3.35 61.78 26.86 96.36
person 0.517877 157.52 97.53 177.41 139.06
car 0.517866 195.08 64.51 209.09 86.04
car 0.517845 93.66 41.70 119.76 63.79
cow 0.517840 173.40 40.33 191.44 67.67
cow 0.517777 174.48 53.20 189.54 77.87
diningtable 0.517776 65.14 180.06 102.48 224.00
aeroplane 0.517686 38.05 4.66 62.43 28.72
aeroplane 0.517676 34.99 53.28 63.44 89.35
car 0.517652 186.91 86.10 200.12 111.09
aeroplane 0.517604 74.15 72.79 101.06 92.83
sheep 0.517563 146.07 40.13 164.02 63.54
bottle 0.517531 203.97 171.70 221.43 219.36
chair 0.517520 25.09 184.03 56.29 224.00
person 0.517505 175.03 74.45 186.22 95.37
chair 0.517493 73.41 168.61 108.35 213.76
aeroplane 0.517416 66.54 4.63 86.46 29.89
car 0.517325 95.87 49.60 123.12 67.63
aeroplane 0.517312 92.29 29.07 118.12 53.87
person 0.517300 137.94 42.86 153.04 63.99
person 0.517276 142.68 49.78 161.95 73.13
sheep 0.517275 194.56 123.56 214.68 168.21
car 0.517257 106.27 8.80 141.13 23.93
car 0.517256 184.64 34.37 207.30 60.75
car 0.517250 81.67 38.56 109.89 65.14
sofa 0.517242 12.59 115.85 65.49 169.22
aeroplane 0.517204 28.15 55.58 60.16 96.09
car 0.517199 195.97 74.03 209.79 97.89
aeroplane 0.517190 177.37 0.00 215.53 19.82
boat 0.517186 56.92 0.00 135.39 39.02
sheep 0.517117 185.53 52.70 202.56 77.26
car 0.517078 128.92 14.44 147.53 30.53
aeroplane 0.516957 41.20 0.00 72.27 21.93
aeroplane 0.516941 92.42 18.82 118.11 39.57
chair 0.516940 15.10 183.36 42.89 224.00
sheep 0.516913 132.03 0.00 160.22 15.62
bus 0.516902 32.56 55.35 135.34 139.88
chair 0.516864 28.39 202.54 67.35 224.00
tvmonitor 0.516826 11.47 16.79 29.07 38.92
sheep 0.516805 139.39 21.59 154.69 39.16
bus 0.516722 35.16 26.72 150.67 131.67
aeroplane 0.516611 74.21 65.76 99.92 84.19
aeroplane 0.516565 41.90 34.97 64.03 77.27
person 0.516482 121.01 186.22 148.76 224.00
aeroplane 0.516421 26.40 23.38 47.75 50.65
person 0.516400 126.82 43.84 144.47 65.09
sheep 0.516381 0.00 32.79 19.53 66.81
chair 0.516364 19.35 204.13 58.88 224.00
bottle 0.516307 187.97 171.26 213.33 221.33
car 0.516269 71.95 55.37 97.70 75.85
sheep 0.516251 150.81 6.98 176.03 25.48
aeroplane 0.516214 52.37 0.00 80.32 22.01
boat 0.516204 85.99 71.53 124.22 92.13
sheep 0.516185 206.28 120.66 220.45 166.14
car 0.516177 65.01 44.13 96.34 69.76
person 0.516162 172.60 82.93 186.51 112.48
aeroplane 0.516076 85.47 14.90 109.40 41.77
car 0.516071 195.57 84.02 209.79 112.09
sheep 0.515990 139.27 0.00 169.68 15.62
car 0.515962 90.04 8.14 115.97 21.52
chair 0.515950 10.82 204.50 46.22 224.00
cow 0.515696 159.65 68.95 175.93 87.42
chair 0.515652 154.64 104.68 179.11 150.17
aeroplane 0.515610 27.63 31.71 48.28 64.24
aeroplane 0.515585 76.17 10.44 99.12 36.90
sheep 0.515557 179.91 40.45 202.49 65.72
cow 0.515551 162.75 42.44 180.27 69.29
bottle 0.515470 180.53 173.91 208.57 224.00
aeroplane 0.515442 34.25 38.97 58.24 81.30
person 0.515426 159.74 76.76 174.75 95.59
car 0.515402 80.74 6.05 101.44 25.37
car 0.515401 105.56 15.66 139.95 31.78
person 0.515365 158.27 82.84 175.47 110.55
person 0.515301 97.72 44.66 135.80 67.22
sheep 0.515276 178.69 25.03 207.24 48.54
tvmonitor 0.515169 18.59 18.05 37.41 37.66
dog 0.515154 116.65 126.83 148.20 177.88
sheep 0.515125 139.94 31.84 154.16 51.56
sheep 0.515123 192.82 51.12 208.24 76.91
diningtable 0.515073 20.34 59.59 53.47 99.24
sheep 0.514987 142.39 181.01 176.48 224.00
tvmonitor 0.514941 1.37 19.78 21.71 50.61
cow 0.514880 160.60 56.20 177.77 79.72
car 0.514810 85.41 48.58 112.63 68.10
car 0.514808 212.00 69.82 223.58 102.96
car 0.514787 212.00 59.32 222.56 91.10
chair 0.514773 108.71 195.48 137.01 224.00
car 0.514762 89.78 11.00 112.37 29.70
cow 0.514726 150.20 46.30 170.62 72.31
cow 0.514701 140.98 20.36 215.20 143.59
chair 0.514595 60.19 199.94 97.80 224.00
boat 0.514452 130.00 20.71 147.03 39.32
sheep 0.514449 204.30 23.83 215.62 53.97
aeroplane 0.514257 162.29 8.33 186.73 24.58
car 0.514207 212.00 80.14 224.00 116.37
chair 0.514199 98.93 201.42 129.08 224.00
sheep 0.514194 155.57 183.00 185.92 224.00
aeroplane 0.514143 86.97 63.13 123.14 81.55
boat 0.514138 5.78 50.98 24.00 79.65
car 0.513991 88.09 55.62 118.13 73.13
chair 0.513972 11.65 61.50 38.13 96.90
boat 0.513953 105.84 0.00 192.79 61.79
chair 0.513831 89.62 205.11 122.83 224.00
car 0.513807 212.00 36.11 219.75 71.75
bottle 0.513773 167.02 180.55 194.97 224.00
aeroplane 0.513652 117.60 13.14 208.35 113.49
sheep 0.513614 187.86 39.16 207.09 66.41
sheep 0.513484 145.85 0.00 179.38 15.42
aeroplane 0.513174 25.16 45.89 49.84 83.38
tvmonitor 0.513144 10.85 22.83 26.62 46.76
boat 0.513140 9.40 34.41 24.26 60.80
chair 0.513131 77.81 205.86 114.49 224.00
chair 0.513118 68.78 203.16 106.91 224.00
boat 0.513116 129.63 31.74 145.65 52.92
car 0.512973 212.00 47.17 221.07 81.15
boat 0.512509 70.89 0.00 175.11 72.35
cow 0.512300 127.78 0.00 209.28 68.91
car 0.512190 103.91 21.99 138.90 42.51
sheep 0.511446 197.27 16.54 213.24 45.68
boat 0.511393 17.89 33.76 34.89 60.29
boat 0.511367 15.37 50.08 35.90 80.41
tvmonitor 0.511341 18.14 23.52 35.95 45.92
boat 0.510866 100.36 33.33 136.44 56.44
sheep 0.509956 188.52 0.00 217.68 27.51
sheep 0.509650 191.43 2.65 214.02 36.51
