sofa 0.610393 7.59 65.43 193.61 211.03
tvmonitor 0.587632 0.00 108.95 57.97 210.10
person 0.585040 0.00 97.01 74.76 198.15
bottle 0.580298 0.00 100.46 68.66 198.94
sofa 0.578325 0.00 86.08 136.91 198.06
bird 0.577090 4.35 92.19 108.97 189.58
chair 0.576584 0.00 122.33 49.77 207.87
chair 0.571552 0.00 95.80 52.73 183.76
sofa 0.569712 61.48 39.04 193.11 224.00
person 0.569241 5.37 93.60 101.19 184.82
sofa 0.568356 0.00 112.74 111.82 207.61
sofa 0.568137 0.00 97.17 93.68 187.22
person 0.566815 24.78 84.93 96.50 135.66
sheep 0.564791 27.31 95.14 120.98 185.19
bird 0.559157 30.26 98.36 121.99 180.63
bird 0.558223 53.43 54.67 132.19 133.90
dog 0.556000 61.68 49.71 141.14 130.83
train 0.555947 77.87 46.72 182.11 219.83
person 0.554874 22.74 64.71 114.91 135.27
dog 0.553695 68.28 86.60 155.32 161.91
sofa 0.553689 14.08 117.03 186.98 223.40
chair 0.553414 0.00 45.17 21.33 105.71
person 0.551913 15.90 92.44 85.70 167.54
sheep 0.551374 59.58 93.74 147.43 165.94
train 0.551130 70.72 48.93 151.54 126.10
person 0.548007 15.53 76.78 103.44 151.76
chair 0.547144 9.05 141.76 45.17 213.17
chair 0.546236 0.00 13.22 21.46 79.49
chair 0.546038 60.16 212.20 94.79 224.00
aeroplane 0.545834 74.16 85.05 159.62 161.67
dog 0.545641 71.82 64.93 152.06 146.80
dog 0.545283 82.19 49.09 145.13 112.54
person 0.543872 81.72 50.41 170.33 189.47
sheep 0.543843 50.19 60.34 126.04 144.11
dog 0.543774 95.41 56.29 193.66 213.10
chair 0.543702 9.85 100.52 102.42 186.44
chair 0.541614 41.48 212.53 82.96 224.00
train 0.541101 85.16 45.59 158.95 172.08
aeroplane 0.540627 84.90 95.33 167.19 176.68
boat 0.540506 31.03 118.28 105.10 192.46
chair 0.539789 27.47 210.83 76.46 224.00
chair 0.539218 74.94 211.57 112.07 224.00
sheep 0.539181 50.85 106.99 127.53 181.31
sofa 0.538965 0.00 0.00 26.70 110.19
sofa 0.538594 84.87 66.37 222.42 224.00
sofa 0.538549 0.00 134.03 140.02 222.99
chair 0.538531 0.00 79.58 33.99 159.78
bird 0.538150 35.48 75.73 120.42 161.62
dog 0.538125 184.78 85.50 224.00 216.38
person 0.538105 0.00 82.04 60.85 179.36
aeroplane 0.537703 70.01 107.64 146.30 178.94
train 0.537688 85.60 31.41 151.67 107.75
aeroplane 0.537333 109.72 103.74 166.30 180.67
sofa 0.536704 0.00 117.49 70.37 200.12
sofa 0.536429 62.55 59.83 166.97 181.41
cow 0.536416 188.13 94.53 224.00 218.19
chair 0.536008 0.00 116.16 84.06 196.83
chair 0.535978 12.53 162.86 44.76 217.45
chair 0.535910 83.02 211.42 124.26 224.00
person 0.534858 0.00 45.09 39.93 151.53
sheep 0.534503 209.63 20.51 224.00 64.72
dog 0.534427 87.10 21.37 149.47 94.18
chair 0.534361 0.00 64.88 25.96 130.40
chair 0.534311 16.73 206.56 67.48 224.00
chair 0.533916 32.76 140.71 94.58 198.66
aeroplane 0.533830 82.80 68.47 155.29 144.89
sheep 0.533792 89.64 211.67 132.18 224.00
sofa 0.533637 27.03 75.43 137.71 176.08
boat 0.533281 37.54 142.64 96.10 198.81
dog 0.533261 135.13 76.30 209.52 216.84
person 0.533223 152.65 18.71 192.22 69.80
cat 0.532933 0.00 10.28 19.65 67.00
dog 0.532326 178.83 55.55 224.00 192.65
person 0.532075 177.93 18.81 206.96 70.52
aeroplane 0.531998 91.50 20.64 148.38 84.49
sheep 0.531984 178.93 20.08 208.38 71.18
aeroplane 0.531916 125.83 74.54 174.59 139.04
bird 0.531874 33.58 88.60 84.23 130.73
aeroplane 0.531633 107.81 82.40 170.05 162.40
sofa 0.531577 0.00 143.70 83.79 224.00
dog 0.531497 208.47 206.49 224.00 224.00
person 0.531430 123.45 44.83 224.00 217.86
chair 0.531378 12.41 201.71 57.09 224.00
cat 0.531253 0.00 0.00 36.41 67.14
dog 0.531214 66.32 121.49 133.80 186.76
person 0.531203 0.00 0.00 86.15 127.81
bottle 0.531176 220.00 153.49 224.00 211.87
person 0.530720 194.08 159.96 224.00 224.00
chair 0.530214 38.15 158.26 88.56 205.45
horse 0.529748 182.07 41.44 224.00 174.94
dog 0.529742 152.45 16.52 193.80 66.56
person 0.529690 95.01 52.40 196.00 210.84
sheep 0.529593 218.17 80.37 224.00 119.91
dog 0.529197 168.93 60.98 195.18 91.33
aeroplane 0.529080 171.81 113.46 205.12 166.09
sheep 0.529071 136.28 84.99 212.40 217.61
tvmonitor 0.529026 219.39 147.87 224.00 206.29
dog 0.528927 133.03 68.48 174.31 129.95
dog 0.528874 47.95 125.38 114.50 192.53
aeroplane 0.528862 146.19 77.58 185.12 134.54
person 0.528789 150.65 0.00 224.00 153.62
aeroplane 0.528777 77.09 137.66 131.33 193.91
person 0.528764 137.12 17.18 170.40 66.58
chair 0.528702 0.00 145.19 64.88 224.00
aeroplane 0.528632 163.60 72.72 200.18 122.90
cat 0.528561 220.00 111.28 224.00 166.49
aeroplane 0.528502 113.12 122.05 163.00 194.96
person 0.528274 0.00 17.56 92.60 184.51
boat 0.528252 0.00 0.00 18.32 32.03
person 0.528130 0.00 192.59 27.86 224.00
chair 0.528061 103.86 212.44 145.07 224.00
chair 0.528058 32.48 166.11 82.23 213.65
pottedplant 0.528051 0.00 54.00 23.66 103.78
tvmonitor 0.528005 0.00 13.85 22.19 70.98
sofa 0.527877 29.05 91.79 172.24 198.89
sheep 0.527768 220.00 106.27 224.00 159.76
dog 0.527685 130.31 17.80 159.87 65.97
person 0.527647 191.22 0.00 224.00 59.12
sheep 0.527597 172.21 111.30 210.42 165.77
aeroplane 0.527354 95.60 181.83 137.12 214.57
sheep 0.527309 217.04 65.14 224.00 107.56
dog 0.527260 149.11 69.08 187.49 126.10
chair 0.527152 10.14 146.99 76.41 206.63
sheep 0.526992 184.86 212.23 218.94 224.00
dog 0.526892 114.49 67.37 164.90 132.28
person 0.526871 30.70 93.40 77.33 143.48
dog 0.526850 173.29 64.40 200.46 95.99
person 0.526846 67.62 49.89 156.61 157.62
aeroplane 0.526827 99.08 82.98 203.60 215.80
dog 0.526783 135.06 15.92 171.41 62.84
sheep 0.526737 195.16 210.18 224.00 224.00
aeroplane 0.526654 158.28 81.19 195.75 132.78
aeroplane 0.526607 86.52 157.99 131.27 199.70
aeroplane 0.526503 91.60 0.00 152.36 52.95
dog 0.526429 103.08 19.77 151.32 76.19
sheep 0.526415 194.00 20.35 218.68 64.80
person 0.526413 5.23 196.65 45.66 224.00
aeroplane 0.526225 116.50 139.80 159.74 203.35
sheep 0.526221 214.19 41.12 224.00 87.51
sheep 0.526196 218.79 92.79 224.00 136.03
tvmonitor 0.526138 0.00 0.00 17.08 45.90
chair 0.525983 47.36 171.48 90.37 215.91
aeroplane 0.525811 95.72 175.62 135.83 205.06
dog 0.525738 175.33 56.56 204.37 90.00
dog 0.525714 117.63 19.13 153.93 67.94
bottle 0.525597 176.67 212.77 214.24 224.00
dog 0.525557 93.75 63.58 156.36 132.38
sheep 0.525505 215.96 53.44 224.00 98.30
person 0.525479 104.57 21.86 183.67 168.96
train 0.525382 80.44 48.32 137.33 112.87
dog 0.525303 126.04 41.55 197.47 193.56
aeroplane 0.525211 79.12 128.56 194.57 224.00
person 0.525124 0.00 171.57 27.64 224.00
aeroplane 0.525095 83.43 125.22 147.40 190.76
train 0.525047 107.61 42.43 175.43 176.07
cow 0.524949 104.20 138.44 206.50 224.00
train 0.524947 85.15 38.44 134.06 98.07
aeroplane 0.524871 86.55 28.09 150.25 123.27
aeroplane 0.524871 209.98 0.00 224.00 23.61
aeroplane 0.524859 75.02 153.15 124.86 197.75
aeroplane 0.524808 88.06 30.14 132.33 83.50
aeroplane 0.524663 132.13 180.51 167.82 217.98
sheep 0.524442 42.96 31.35 60.87 66.54
chair 0.524426 0.00 156.37 33.24 216.89
sheep 0.524414 190.15 124.13 224.00 224.00
dog 0.524368 174.43 115.42 209.14 170.87
aeroplane 0.524225 108.10 0.00 170.12 55.98
sheep 0.524146 161.62 212.80 204.54 224.00
sheep 0.524102 44.16 38.44 63.86 76.56
bottle 0.524043 0.00 57.46 25.13 115.08
chair 0.524041 121.08 212.12 164.07 224.00
aeroplane 0.523999 191.51 23.10 224.00 129.45
chair 0.523995 12.65 186.30 48.53 224.00
dog 0.523770 166.14 67.46 198.59 108.47
sheep 0.523733 3.99 19.61 32.28 71.12
sheep 0.523673 30.07 27.54 52.27 68.40
sheep 0.523665 154.69 20.43 190.06 72.12
sheep 0.523653 31.81 32.46 55.78 77.25
tvmonitor 0.523607 220.00 126.44 224.00 180.90
sheep 0.523493 143.48 150.96 219.98 224.00
aeroplane 0.523337 81.89 169.31 128.58 204.10
sofa 0.523317 40.96 59.51 130.83 149.66
dog 0.523266 173.87 49.65 198.56 85.98
aeroplane 0.523210 166.42 89.70 200.04 141.38
aeroplane 0.523063 129.40 172.76 164.66 210.35
pottedplant 0.522980 137.34 212.04 180.65 224.00
aeroplane 0.522972 124.94 159.62 163.12 206.03
person 0.522954 146.56 19.50 180.18 71.46
sheep 0.522935 176.11 45.43 203.74 85.44
sheep 0.522802 0.00 4.77 21.27 59.29
sheep 0.522730 145.70 211.88 190.07 224.00
aeroplane 0.522667 167.39 80.90 204.99 130.43
sheep 0.522659 44.74 46.33 68.70 86.54
sheep 0.522623 33.86 40.27 61.17 86.08
aeroplane 0.522525 123.44 0.00 185.06 57.79
bird 0.522514 44.56 57.98 78.82 102.61
boat 0.522492 37.98 0.00 75.06 20.59
boat 0.522446 176.53 148.87 206.73 205.93
boat 0.522439 55.86 148.17 111.06 197.03
sheep 0.522308 184.18 54.17 211.28 91.14
boat 0.522276 172.10 184.52 203.29 211.62
sheep 0.522223 186.99 20.75 212.84 67.35
sheep 0.522123 171.61 74.09 205.85 118.24
aeroplane 0.522010 176.92 133.19 206.34 195.20
aeroplane 0.521873 96.36 139.72 152.87 202.25
aeroplane 0.521815 78.77 0.00 144.87 92.77
sheep 0.521802 185.66 77.58 210.86 114.83
sheep 0.521743 182.94 41.03 211.25 84.04
sheep 0.521721 14.19 23.55 40.30 71.87
sheep 0.521687 47.88 32.02 67.13 65.58
sheep 0.521686 41.56 22.54 60.42 55.72
aeroplane 0.521681 56.78 0.00 130.64 55.43
bottle 0.521680 0.00 57.26 33.62 100.57
sheep 0.521632 171.13 20.47 200.97 75.98
sheep 0.521610 214.84 10.38 224.00 50.24
aeroplane 0.521593 45.17 2.02 68.91 28.06
chair 0.521521 36.85 184.96 77.71 224.00
dog 0.521387 157.34 33.82 195.32 83.61
sheep 0.521359 183.71 64.17 210.64 98.66
bird 0.521336 43.28 67.67 104.45 124.07
dog 0.521287 157.66 60.95 189.26 93.10
aeroplane 0.521238 85.40 176.69 130.47 211.59
aeroplane 0.521222 126.99 95.17 179.01 165.30
bird 0.521051 39.54 69.22 86.66 118.27
aeroplane 0.521011 160.30 106.98 194.17 169.65
dog 0.520984 143.73 57.30 174.15 92.49
chair 0.520936 20.80 179.77 71.63 224.00
person 0.520914 131.88 17.73 160.25 69.70
aeroplane 0.520895 106.84 179.04 152.60 215.89
dog 0.520885 142.38 64.08 173.96 114.12
boat 0.520867 51.73 161.88 98.51 203.25
aeroplane 0.520844 82.14 42.95 122.49 92.48
aeroplane 0.520750 170.51 97.49 206.56 153.01
person 0.520546 0.00 91.06 52.81 154.66
sheep 0.520477 47.18 22.05 67.98 54.49
aeroplane 0.520464 33.24 0.00 70.72 20.98
sheep 0.520398 19.71 47.72 51.17 92.30
sofa 0.520386 0.00 21.05 40.85 125.94
aeroplane 0.520179 91.80 21.16 129.04 67.65
diningtable 0.520156 93.89 193.49 135.74 224.00
sheep 0.520140 15.32 34.98 45.26 87.50
boat 0.520115 181.53 0.00 210.66 19.26
boat 0.520092 173.85 0.00 203.10 18.84
boat 0.520040 176.71 133.23 210.70 196.23
chair 0.520029 11.60 172.21 58.35 220.27
dog 0.519905 97.70 49.94 146.05 97.38
person 0.519898 31.10 85.05 76.16 126.58
chair 0.519881 0.00 24.58 29.88 84.52
aeroplane 0.519807 93.92 162.28 140.74 202.55
dog 0.519793 154.91 64.31 189.12 111.49
boat 0.519765 189.99 0.00 217.90 19.67
aeroplane 0.519699 61.91 164.54 111.92 202.59
horse 0.519650 147.23 41.44 218.90 186.31
sheep 0.519646 218.79 178.02 224.00 222.90
diningtable 0.519616 55.43 173.37 97.55 214.61
bird 0.519613 67.38 56.52 120.73 106.52
aeroplane 0.519594 84.48 35.21 120.99 78.31
dog 0.519590 122.65 52.46 156.71 92.99
dog 0.519561 145.97 31.25 187.89 83.02
sofa 0.519550 0.00 0.00 42.94 67.52
motorbike 0.519534 190.67 0.00 224.00 88.75
person 0.519419 0.63 80.35 49.04 135.87
boat 0.519317 166.35 0.00 195.25 18.26
bottle 0.519287 0.00 73.02 43.73 120.63
boat 0.519239 173.19 174.19 208.07 210.75
bottle 0.519174 24.40 62.90 59.54 103.41
aeroplane 0.519174 161.28 93.39 193.85 149.99
sheep 0.519140 35.81 51.73 67.43 95.05
bird 0.519057 52.30 59.96 97.85 106.10
diningtable 0.519051 66.15 174.27 111.92 211.78
sheep 0.519038 201.12 81.01 219.79 115.20
aeroplane 0.519037 27.94 0.00 118.38 54.14
boat 0.519000 135.84 180.17 176.27 217.93
sheep 0.518963 215.01 0.00 224.00 35.11
dog 0.518907 170.30 88.75 207.71 140.19
person 0.518879 73.01 0.00 176.27 147.24
dog 0.518807 137.68 46.36 174.03 87.52
boat 0.518807 26.24 0.00 65.08 17.86
bird 0.518731 48.09 51.45 78.46 91.83
boat 0.518721 66.06 0.00 98.97 14.75
boat 0.518709 132.34 172.20 173.15 211.02
chair 0.518684 0.00 48.25 30.75 95.91
aeroplane 0.518654 150.88 0.00 210.20 58.12
sheep 0.518577 200.85 0.00 224.00 22.25
boat 0.518466 169.91 163.48 199.79 205.71
boat 0.518423 53.62 0.00 90.84 15.59
bird 0.518356 33.49 80.99 78.89 120.08
dog 0.518337 121.64 63.02 160.77 114.21
dog 0.518218 131.57 27.77 172.96 80.46
bottle 0.518088 190.48 152.51 220.86 213.04
aeroplane 0.518068 132.85 27.01 191.64 124.51
boat 0.518060 157.07 0.00 186.50 18.46
boat 0.518000 135.96 0.00 162.17 20.04
boat 0.517916 76.96 29.35 106.76 64.85
boat 0.517878 75.84 1.77 95.06 32.93
aeroplane 0.517873 25.34 0.00 62.43 24.34
horse 0.517829 137.18 34.41 198.07 173.22
aeroplane 0.517826 49.41 42.30 127.91 128.93
boat 0.517825 48.63 1.35 74.12 28.61
sheep 0.517817 50.34 42.23 75.44 78.21
sheep 0.517779 53.19 31.55 75.01 64.53
aeroplane 0.517778 114.46 30.01 179.67 121.24
aeroplane 0.517776 151.34 25.36 208.35 126.02
diningtable 0.517770 52.96 189.48 89.50 224.00
sheep 0.517741 171.36 193.78 204.31 223.83
person 0.517739 0.00 185.52 39.01 224.00
sheep 0.517737 63.62 30.26 87.05 63.50
dog 0.517716 97.29 58.75 150.22 114.62
boat 0.517699 58.37 1.15 82.79 30.22
boat 0.517698 87.21 21.85 118.61 61.55
boat 0.517679 17.98 0.00 55.46 19.17
aeroplane 0.517671 47.78 12.74 68.07 40.58
boat 0.517671 75.29 0.00 106.50 14.39
aeroplane 0.517654 0.00 0.00 69.37 58.31
aeroplane 0.517618 42.14 13.58 60.78 41.38
boat 0.517605 79.16 21.00 103.49 56.70
aeroplane 0.517584 74.52 38.83 109.98 76.75
aeroplane 0.517520 2.26 6.10 27.99 55.77
bird 0.517492 72.27 47.99 114.95 91.08
boat 0.517478 79.90 14.86 98.82 46.56
boat 0.517461 154.31 143.35 190.96 202.31
bird 0.517391 56.44 51.30 92.42 91.84
boat 0.517332 142.20 0.00 169.60 20.08
boat 0.517328 65.03 20.15 86.48 53.50
sheep 0.517327 59.51 41.35 88.41 77.28
sheep 0.517192 175.82 99.47 211.96 150.87
sheep 0.517166 184.96 103.87 218.76 159.27
sheep 0.517112 148.16 16.73 177.45 65.20
bird 0.517087 35.57 66.44 73.03 107.69
sheep 0.517021 53.88 21.02 75.65 53.49
dog 0.517013 132.36 11.58 153.89 59.51
boat 0.517005 148.88 0.00 177.72 19.57
sheep 0.516993 213.19 196.90 224.00 224.00
sheep 0.516985 199.75 65.99 219.39 103.29
person 0.516944 22.28 0.00 156.37 138.42
boat 0.516924 131.73 191.02 169.59 224.00
aeroplane 0.516901 31.00 3.55 54.62 33.38
sheep 0.516800 92.21 96.31 200.64 220.82
sheep 0.516721 181.07 90.91 211.09 135.02
aeroplane 0.516676 101.10 6.42 168.02 96.13
boat 0.516660 128.39 0.00 154.40 20.02
person 0.516594 10.55 49.85 92.88 137.60
sofa 0.516498 0.00 0.00 68.33 102.70
sheep 0.516472 195.44 39.48 219.03 84.16
bottle 0.516441 28.51 78.04 68.79 114.87
boat 0.516434 0.00 0.00 36.02 26.20
boat 0.516392 8.08 0.00 46.51 21.97
diningtable 0.516341 83.52 190.18 126.26 224.00
aeroplane 0.516338 10.62 5.56 36.66 49.60
sheep 0.516330 189.02 157.70 220.57 211.92
boat 0.516271 89.27 16.41 112.31 51.87
boat 0.516259 99.23 17.36 128.07 67.52
boat 0.516222 84.75 0.00 114.52 14.39
sheep 0.516182 198.19 53.60 219.40 94.17
aeroplane 0.516049 16.68 0.00 52.40 29.94
aeroplane 0.515975 129.44 5.79 194.89 94.57
boat 0.515942 94.27 0.00 122.07 14.90
sheep 0.515924 163.62 17.13 195.68 64.29
aeroplane 0.515905 123.92 139.95 179.03 205.99
aeroplane 0.515842 20.96 4.65 44.50 41.75
aeroplane 0.515816 46.77 14.19 129.21 108.89
boat 0.515775 95.84 16.74 121.88 58.79
boat 0.515755 62.90 12.99 83.87 42.19
person 0.515737 35.94 66.84 166.77 197.55
aeroplane 0.515692 30.79 14.10 50.96 46.21
aeroplane 0.515595 157.36 125.22 192.42 192.27
sheep 0.515595 136.91 0.00 159.69 41.74
sheep 0.515564 197.18 92.46 219.06 132.60
boat 0.515474 129.23 159.49 179.85 209.82
boat 0.515343 101.98 0.00 128.71 15.09
sheep 0.515257 174.80 172.52 213.17 211.82
aeroplane 0.515165 33.47 34.22 106.43 126.61
diningtable 0.515147 67.44 190.68 108.06 224.00
boat 0.515145 120.02 0.00 146.28 18.76
sheep 0.515111 19.42 15.35 41.29 54.27
boat 0.514884 87.24 3.46 105.87 35.49
sheep 0.514865 202.80 15.32 219.45 53.43
boat 0.514853 52.20 12.36 74.02 40.49
aeroplane 0.514804 148.14 5.55 208.45 94.30
aeroplane 0.514709 168.60 28.56 224.00 139.15
sheep 0.514633 141.11 0.00 166.59 44.06
sheep 0.514482 191.97 0.00 214.41 34.73
boat 0.514424 110.74 0.00 137.14 16.33
aeroplane 0.514415 25.03 0.00 101.02 106.22
diningtable 0.514344 106.34 189.38 151.33 224.00
aeroplane 0.514316 6.21 0.00 43.47 36.50
boat 0.514302 131.76 0.00 153.51 38.19
aeroplane 0.514273 28.20 0.00 128.51 83.23
boat 0.514126 0.00 0.00 32.27 42.73
aeroplane 0.513824 123.27 109.23 176.41 185.87
dog 0.513720 125.45 10.59 147.75 56.73
boat 0.513543 97.14 4.78 115.01 39.40
boat 0.513517 160.85 185.88 199.70 213.19
boat 0.513506 103.81 5.46 121.99 45.62
sheep 0.513429 147.18 0.00 175.34 44.57
aeroplane 0.513423 168.51 193.62 201.63 222.72
sheep 0.513170 190.64 135.18 220.71 196.04
sheep 0.513125 181.83 0.00 207.21 37.14
sheep 0.513062 108.49 6.92 129.30 50.86
aeroplane 0.513011 171.97 1.38 224.00 94.36
sheep 0.512842 168.80 207.90 208.06 224.00
sheep 0.512775 166.21 0.00 193.73 41.65
sheep 0.512643 155.94 0.00 185.42 43.35
boat 0.512569 157.81 177.18 195.28 209.75
sheep 0.512567 204.79 0.00 221.78 35.19
sheep 0.512422 173.53 0.00 200.24 39.37
sheep 0.512389 185.79 121.26 219.33 177.50
sheep 0.512137 116.31 9.10 139.43 54.06
boat 0.511746 98.20 0.00 120.85 22.68
boat 0.511401 123.98 0.00 146.71 33.72
boat 0.511360 148.43 193.41 188.58 224.00
boat 0.511323 105.03 0.00 127.17 24.59
sheep 0.511205 127.32 208.99 170.30 224.00
sheep 0.510996 175.25 184.47 212.73 220.57
sheep 0.510137 192.88 178.46 218.43 220.56
boat 0.510091 114.03 0.00 136.97 28.36
sheep 0.509939 106.70 209.12 151.16 224.00
sheep 0.509712 178.79 205.05 215.64 224.00
sheep 0.509556 193.66 201.32 220.65 224.00
