aeroplane 0.658086 6.52 65.69 220.82 153.43
aeroplane 0.543442 26.40 174.12 176.19 224.00
aeroplane 0.543234 19.14 70.87 55.14 148.99
aeroplane 0.541575 6.23 107.02 194.00 207.27
aeroplane 0.539290 45.69 24.39 99.98 81.72
aeroplane 0.537952 0.00 71.75 13.46 119.69
aeroplane 0.535572 7.38 7.14 209.38 181.30
bottle 0.535296 0.00 203.74 16.79 224.00
aeroplane 0.535138 10.54 78.09 47.09 145.77
bottle 0.534923 0.00 207.93 26.67 224.00
aeroplane 0.533678 2.14 74.26 19.78 118.43
aeroplane 0.533653 1.70 57.58 115.34 150.11
car 0.533029 210.22 0.00 224.00 22.56
person 0.531898 212.80 203.15 224.00 224.00
aeroplane 0.531882 14.60 79.10 179.81 183.39
aeroplane 0.531525 0.00 83.29 16.15 137.62
motorbike 0.530696 217.18 59.78 224.00 98.17
aeroplane 0.530657 67.01 36.81 107.43 82.29
aeroplane 0.530507 55.73 56.04 214.77 138.14
aeroplane 0.530343 55.03 37.35 85.55 87.53
aeroplane 0.530258 63.87 191.00 179.65 224.00
aeroplane 0.530257 57.75 79.41 86.48 138.52
car 0.529753 216.13 65.22 224.00 104.80
diningtable 0.529723 35.62 212.49 64.88 224.00
car 0.529588 173.17 0.00 224.00 48.98
bottle 0.529208 4.54 211.18 38.83 224.00
aeroplane 0.529103 156.06 63.49 199.89 98.30
car 0.529088 0.00 63.74 78.40 156.73
diningtable 0.529030 28.12 211.94 58.14 224.00
aeroplane 0.528996 10.48 77.73 38.13 131.13
aeroplane 0.528817 0.82 67.31 18.82 104.56
cow 0.528690 220.00 134.99 224.00 176.98
diningtable 0.528581 42.95 212.98 73.82 224.00
aeroplane 0.528504 1.10 82.12 26.46 134.19
car 0.528483 0.00 183.16 60.76 224.00
aeroplane 0.528354 61.59 67.99 91.27 117.22
person 0.528289 123.40 213.98 153.91 224.00
aeroplane 0.528203 149.13 57.71 196.20 92.07
aeroplane 0.528120 62.20 112.58 87.11 150.81
cow 0.528057 176.80 65.92 208.90 96.73
aeroplane 0.527801 80.34 123.20 105.26 157.02
aeroplane 0.527714 161.61 75.71 198.85 104.59
aeroplane 0.527697 69.76 60.25 102.02 105.75
boat 0.527691 0.00 164.01 10.12 197.19
person 0.527632 115.19 214.03 146.59 224.00
person 0.527520 187.75 183.69 224.00 224.00
motorbike 0.527511 220.00 128.62 224.00 168.96
motorbike 0.527456 185.67 209.96 218.64 224.00
boat 0.527429 0.00 187.17 10.92 219.35
aeroplane 0.527167 35.15 74.17 64.63 146.46
aeroplane 0.527165 66.08 73.47 96.15 125.84
aeroplane 0.527037 98.49 45.99 126.86 80.24
person 0.527028 50.57 213.25 84.33 224.00
aeroplane 0.526965 71.02 123.03 96.52 155.79
cow 0.526948 181.59 95.13 207.45 115.76
aeroplane 0.526920 77.47 160.96 106.36 186.16
person 0.526885 131.16 214.01 162.10 224.00
boat 0.526841 0.00 180.14 10.19 211.84
aeroplane 0.526665 16.84 72.13 46.77 127.27
aeroplane 0.526621 31.69 143.22 170.27 224.00
boat 0.526510 0.00 56.54 11.50 100.20
aeroplane 0.526468 92.21 123.87 112.09 157.91
bottle 0.526422 12.68 211.98 47.97 224.00
aeroplane 0.526410 5.88 76.80 25.62 117.97
aeroplane 0.526409 73.70 69.43 105.34 111.93
cow 0.526373 176.17 77.33 206.40 103.58
cow 0.526357 162.04 64.00 204.62 98.04
aeroplane 0.526321 7.79 91.30 38.96 142.67
aeroplane 0.526236 83.11 43.49 118.94 81.61
aeroplane 0.526182 63.43 47.80 96.10 97.30
aeroplane 0.526158 47.89 84.51 75.77 146.00
bird 0.526080 62.83 90.69 93.89 144.93
cow 0.526069 175.48 211.92 213.21 224.00
boat 0.526067 0.00 153.48 10.12 189.35
motorbike 0.526051 158.16 35.58 224.00 118.93
person 0.526037 106.98 213.82 138.96 224.00
aeroplane 0.526007 110.13 49.15 141.06 80.68
aeroplane 0.525906 54.31 107.33 77.59 150.50
aeroplane 0.525857 75.85 51.43 106.52 95.94
cow 0.525854 216.78 91.93 224.00 127.06
car 0.525846 149.52 0.00 216.39 39.90
motorbike 0.525845 200.10 206.02 224.00 224.00
person 0.525785 65.36 213.53 100.03 224.00
cow 0.525718 184.82 102.98 208.00 121.91
boat 0.525610 0.00 0.00 20.49 20.74
aeroplane 0.525608 133.11 56.99 165.53 86.59
aeroplane 0.525545 120.54 50.52 150.65 81.60
cow 0.525489 178.10 84.56 207.38 109.07
aeroplane 0.525470 116.71 123.98 131.78 156.18
car 0.525468 218.37 105.39 224.00 143.55
cow 0.525460 217.51 99.40 224.00 134.86
motorbike 0.525357 3.83 181.65 88.47 224.00
bottle 0.525337 0.00 196.52 12.50 224.00
cow 0.525325 186.58 65.65 214.17 96.50
aeroplane 0.525188 106.18 50.49 132.48 81.87
aeroplane 0.525112 0.00 0.00 51.41 58.82
car 0.525087 0.00 122.07 11.83 163.87
cow 0.525068 138.59 214.40 173.06 224.00
car 0.525057 219.24 112.89 224.00 152.61
aeroplane 0.525035 27.71 87.75 58.03 150.87
aeroplane 0.525024 56.29 119.18 78.33 154.66
car 0.524982 152.53 0.00 197.76 16.39
aeroplane 0.524914 72.56 167.16 98.06 191.21
cow 0.524713 220.00 174.84 224.00 213.14
boat 0.524691 0.00 131.09 11.25 171.80
motorbike 0.524653 29.21 169.80 135.46 224.00
aeroplane 0.524641 99.69 125.92 115.25 156.00
aeroplane 0.524639 4.12 73.39 222.52 220.21
aeroplane 0.524605 132.71 75.97 148.20 105.00
aeroplane 0.524576 138.79 127.65 159.05 163.37
person 0.524558 79.76 213.90 114.42 224.00
motorbike 0.524547 206.99 117.58 224.00 216.27
aeroplane 0.524522 115.37 98.13 134.61 135.76
boat 0.524518 0.00 141.50 10.24 180.78
person 0.524433 98.82 213.75 131.18 224.00
aeroplane 0.524365 19.72 38.76 180.00 136.03
boat 0.524302 0.00 192.15 17.91 215.05
aeroplane 0.524285 72.05 130.35 97.97 163.76
car 0.524274 164.77 0.00 207.67 17.49
aeroplane 0.524265 47.70 38.56 75.48 87.43
aeroplane 0.524256 30.14 66.12 58.70 131.54
cow 0.524220 203.58 104.47 224.00 194.09
aeroplane 0.524187 0.00 102.08 13.94 149.85
aeroplane 0.524154 133.04 82.71 148.39 112.82
car 0.524061 215.39 80.56 224.00 119.46
aeroplane 0.524011 50.22 73.55 76.90 132.58
aeroplane 0.524004 47.73 19.38 100.66 59.92
aeroplane 0.523987 122.41 122.34 139.41 156.97
person 0.523942 89.88 213.56 123.39 224.00
car 0.523921 197.63 0.00 224.00 19.08
aeroplane 0.523877 125.72 74.72 141.65 105.59
car 0.523811 185.96 0.00 218.97 17.55
motorbike 0.523711 156.22 57.66 204.38 93.16
cow 0.523669 163.11 82.77 197.75 108.71
motorbike 0.523626 220.00 158.60 224.00 204.89
aeroplane 0.523573 139.05 51.67 183.52 83.99
aeroplane 0.523466 116.14 88.19 134.68 123.58
aeroplane 0.523363 163.46 132.91 183.73 163.18
aeroplane 0.523247 146.86 131.95 166.65 163.16
motorbike 0.523204 181.49 57.82 224.00 139.38
aeroplane 0.523114 22.08 100.77 51.64 151.09
boat 0.523111 0.00 45.97 9.97 92.92
aeroplane 0.523095 142.55 77.46 160.10 103.56
aeroplane 0.523026 66.10 129.90 88.54 164.18
aeroplane 0.522992 125.36 88.74 142.09 122.01
aeroplane 0.522945 56.04 58.92 82.85 109.48
bird 0.522924 73.43 107.58 103.73 148.58
aeroplane 0.522914 48.41 0.00 127.79 42.72
aeroplane 0.522900 116.47 81.10 134.24 112.75
aeroplane 0.522886 107.76 126.06 121.69 155.13
cow 0.522804 195.53 89.52 224.00 174.72
aeroplane 0.522794 13.17 102.17 44.69 149.03
car 0.522733 220.00 20.86 224.00 71.31
aeroplane 0.522713 105.46 99.57 124.73 137.39
aeroplane 0.522708 142.49 84.07 159.08 110.43
cow 0.522649 160.90 213.08 200.65 224.00
bird 0.522645 86.39 109.84 111.41 147.94
bird 0.522596 82.03 95.04 109.91 142.57
boat 0.522576 0.00 185.85 16.64 207.86
aeroplane 0.522495 155.08 133.85 174.84 163.84
aeroplane 0.522485 0.00 24.14 78.89 134.81
cow 0.522440 217.70 192.53 224.00 224.00
cow 0.522435 186.55 108.85 208.08 129.07
car 0.522414 118.17 0.00 196.43 34.65
aeroplane 0.522396 114.25 109.64 133.44 145.86
car 0.522395 216.02 0.00 224.00 27.61
aeroplane 0.522379 123.61 97.68 141.45 132.82
aeroplane 0.522376 80.31 70.15 110.96 106.51
aeroplane 0.522372 95.89 98.54 116.39 139.05
aeroplane 0.522356 117.36 74.68 134.43 104.77
aeroplane 0.522329 156.29 82.82 187.61 109.32
aeroplane 0.522255 106.62 0.00 148.72 14.18
motorbike 0.522223 199.65 63.83 223.22 96.65
cow 0.522208 188.03 74.12 224.00 156.74
aeroplane 0.522185 80.92 0.00 172.69 39.27
aeroplane 0.522184 56.88 130.23 79.02 163.34
aeroplane 0.522150 128.81 120.88 147.58 156.94
cow 0.522127 164.24 142.83 184.06 172.50
aeroplane 0.522087 0.00 5.73 63.67 109.02
aeroplane 0.522080 17.88 0.00 55.29 13.24
aeroplane 0.521972 105.96 88.22 125.18 124.78
aeroplane 0.521970 5.21 102.66 29.00 144.38
aeroplane 0.521958 71.75 156.86 102.31 181.53
boat 0.521802 0.00 178.00 16.14 200.41
car 0.521769 134.51 0.00 177.23 13.86
aeroplane 0.521768 15.18 12.35 43.21 37.58
aeroplane 0.521768 16.32 129.84 36.56 157.88
aeroplane 0.521749 12.39 117.72 36.74 151.48
aeroplane 0.521692 122.55 64.94 140.98 97.36
aeroplane 0.521675 35.68 196.81 50.06 213.11
boat 0.521633 0.00 169.01 15.83 192.99
aeroplane 0.521591 123.10 197.50 203.40 224.00
aeroplane 0.521566 25.17 117.93 51.61 153.50
motorbike 0.521566 220.00 30.80 224.00 78.36
bird 0.521565 69.54 79.69 101.20 134.78
boat 0.521540 0.00 31.14 8.11 84.44
aeroplane 0.521513 35.81 164.57 50.70 182.23
aeroplane 0.521435 5.95 116.56 27.77 150.63
aeroplane 0.521433 72.18 173.40 95.16 199.25
aeroplane 0.521384 121.50 107.84 140.56 143.46
aeroplane 0.521320 129.85 66.81 147.50 96.91
aeroplane 0.521307 7.82 128.77 27.26 157.83
car 0.521306 0.00 125.85 35.09 224.00
cow 0.521243 191.29 102.45 212.33 121.12
cow 0.521213 151.50 196.42 222.78 224.00
aeroplane 0.521212 19.24 0.00 98.11 51.46
aeroplane 0.521209 5.19 67.78 23.86 100.99
bird 0.521202 96.99 112.21 116.03 146.03
aeroplane 0.521197 96.13 86.15 116.90 127.05
aeroplane 0.521133 58.76 21.40 108.64 73.63
motorbike 0.521128 158.71 10.43 224.00 96.94
aeroplane 0.521064 13.17 20.15 41.35 70.79
aeroplane 0.521044 36.57 190.89 49.63 205.74
aeroplane 0.521024 40.58 67.61 65.09 127.23
car 0.521024 153.46 0.00 207.22 23.34
aeroplane 0.521016 147.82 124.05 165.94 153.66
aeroplane 0.520989 36.05 173.43 50.49 190.47
aeroplane 0.520948 29.49 132.13 51.48 159.48
aeroplane 0.520908 2.45 0.00 78.32 53.43
aeroplane 0.520847 132.94 89.32 147.52 120.23
aeroplane 0.520842 21.41 130.23 44.10 158.13
aeroplane 0.520840 115.40 0.00 157.62 12.50
car 0.520839 220.00 5.06 224.00 49.16
motorbike 0.520748 164.17 0.00 224.00 73.19
aeroplane 0.520727 26.91 61.47 52.22 117.28
boat 0.520724 0.00 6.52 8.68 52.53
aeroplane 0.520714 151.31 76.48 178.54 103.12
aeroplane 0.520671 106.57 81.07 124.92 111.91
aeroplane 0.520651 42.06 197.98 56.89 212.20
aeroplane 0.520644 116.95 57.51 140.06 89.66
sheep 0.520604 115.99 199.47 132.56 221.34
aeroplane 0.520590 46.88 47.72 69.38 97.74
aeroplane 0.520590 115.51 65.02 134.32 97.02
car 0.520570 0.00 120.33 62.16 221.41
aeroplane 0.520500 139.23 136.15 158.78 171.78
bird 0.520483 80.91 82.11 109.28 130.81
aeroplane 0.520479 0.00 125.76 18.47 159.15
aeroplane 0.520473 71.85 184.39 92.96 207.61
aeroplane 0.520454 38.07 35.93 65.50 85.31
aeroplane 0.520444 47.68 3.30 97.70 50.68
aeroplane 0.520422 147.92 141.76 167.63 172.63
aeroplane 0.520392 36.35 182.03 50.05 198.29
aeroplane 0.520316 107.46 74.74 124.96 103.29
aeroplane 0.520291 105.30 112.75 123.23 146.51
car 0.520234 123.17 0.00 165.26 12.58
aeroplane 0.520232 56.08 0.00 93.80 12.51
aeroplane 0.520222 0.00 51.58 17.66 91.14
aeroplane 0.520197 29.25 45.77 50.92 89.99
aeroplane 0.520181 68.67 162.70 95.25 186.26
aeroplane 0.520180 141.23 69.50 161.71 96.94
aeroplane 0.520172 10.55 27.39 111.38 126.24
aeroplane 0.520169 14.15 14.73 42.50 52.60
aeroplane 0.520145 28.16 196.38 43.59 213.37
aeroplane 0.520118 163.75 124.36 183.66 153.58
aeroplane 0.520103 40.59 0.00 76.70 12.20
aeroplane 0.520081 10.34 195.95 27.26 213.78
aeroplane 0.520052 155.38 125.25 173.96 153.96
aeroplane 0.520032 72.03 143.84 100.38 175.69
cow 0.520031 197.21 132.91 212.96 156.03
aeroplane 0.520028 139.83 114.47 157.29 145.52
aeroplane 0.519969 151.40 83.21 175.40 108.65
aeroplane 0.519965 0.41 114.13 20.32 151.62
aeroplane 0.519946 0.00 35.32 16.80 83.60
aeroplane 0.519928 44.04 103.81 66.01 151.35
aeroplane 0.519911 110.95 55.69 133.19 88.60
aeroplane 0.519783 156.42 144.09 175.90 173.83
cow 0.519771 187.47 192.75 204.23 213.20
aeroplane 0.519771 66.53 196.27 87.56 220.93
aeroplane 0.519747 95.18 78.68 117.39 112.89
boat 0.519746 0.00 157.94 15.41 185.17
aeroplane 0.519741 93.07 72.56 117.16 103.43
aeroplane 0.519725 6.14 20.18 30.12 68.98
aeroplane 0.519690 34.35 152.61 50.51 174.07
aeroplane 0.519676 75.67 0.00 109.89 13.87
aeroplane 0.519665 85.61 159.47 111.32 185.29
cow 0.519660 193.57 108.28 212.82 128.50
aeroplane 0.519637 116.14 171.01 128.68 189.08
cow 0.519612 197.84 138.79 211.92 162.66
aeroplane 0.519612 65.27 0.00 102.09 13.54
aeroplane 0.519575 124.64 60.57 147.15 90.94
aeroplane 0.519524 84.56 0.00 119.49 13.53
cow 0.519505 165.65 154.11 183.35 178.84
aeroplane 0.519472 57.75 196.77 77.35 217.39
aeroplane 0.519440 42.68 191.72 56.45 204.91
aeroplane 0.519439 79.56 140.78 106.01 175.75
aeroplane 0.519416 40.66 166.67 56.96 181.53
aeroplane 0.519412 48.88 198.20 66.01 213.43
aeroplane 0.519411 149.12 64.21 184.53 95.57
aeroplane 0.519390 137.15 63.26 163.35 92.23
aeroplane 0.519388 29.11 190.50 43.02 205.51
aeroplane 0.519363 41.29 174.62 57.01 189.52
cow 0.519360 196.84 189.31 210.38 210.89
aeroplane 0.519317 143.55 41.70 196.13 83.34
sheep 0.519298 109.31 198.79 125.44 221.91
aeroplane 0.519284 0.00 134.81 17.28 167.42
aeroplane 0.519266 10.42 72.49 34.05 111.33
cow 0.519216 174.72 132.37 194.62 159.56
aeroplane 0.519200 142.98 89.98 158.08 116.98
sheep 0.519171 122.31 200.30 138.78 219.29
aeroplane 0.519164 34.06 58.10 57.20 116.29
cow 0.519121 187.46 115.57 208.05 137.70
aeroplane 0.519115 33.03 142.44 50.88 166.47
aeroplane 0.519084 92.65 0.00 130.52 13.78
aeroplane 0.519028 44.16 58.43 66.04 113.04
aeroplane 0.519026 20.05 197.20 37.08 213.15
person 0.518982 194.85 165.70 224.00 224.00
cow 0.518926 198.06 183.41 210.17 204.22
sheep 0.518918 115.17 190.53 129.97 208.59
sheep 0.518904 41.96 182.97 56.78 197.46
aeroplane 0.518896 10.53 189.85 26.43 206.01
aeroplane 0.518889 115.59 164.97 127.74 182.35
boat 0.518852 0.00 145.26 15.57 176.79
aeroplane 0.518845 128.70 106.17 146.04 140.88
car 0.518833 148.50 11.99 196.75 58.70
cow 0.518802 190.25 133.37 207.62 156.15
aeroplane 0.518798 67.06 183.56 86.67 207.38
aeroplane 0.518760 37.04 49.00 57.33 99.29
aeroplane 0.518753 72.27 198.32 94.15 223.69
aeroplane 0.518734 18.71 30.41 45.53 84.82
aeroplane 0.518693 107.79 162.21 120.67 182.42
aeroplane 0.518688 59.29 165.10 82.59 185.24
aeroplane 0.518623 106.14 65.05 125.37 95.55
aeroplane 0.518623 4.93 114.08 105.69 210.53
cow 0.518605 197.87 174.30 210.80 197.66
aeroplane 0.518585 19.11 138.96 36.61 164.48
aeroplane 0.518577 15.31 1.68 46.47 25.02
boat 0.518563 0.00 0.00 11.21 41.06
aeroplane 0.518563 90.05 62.91 117.10 95.89
aeroplane 0.518560 29.00 181.68 43.12 197.84
aeroplane 0.518554 26.14 0.00 133.24 96.00
boat 0.518516 0.00 0.00 34.65 15.55
aeroplane 0.518454 149.38 114.93 165.26 143.68
motorbike 0.518453 171.30 189.70 224.00 224.00
cow 0.518438 189.70 166.98 204.22 188.71
car 0.518411 146.36 29.50 194.57 74.19
cow 0.518389 174.50 141.66 193.18 167.69
aeroplane 0.518380 8.19 204.73 32.22 224.00
cow 0.518378 189.26 186.57 203.89 205.23
aeroplane 0.518371 46.34 119.34 66.97 154.82
motorbike 0.518360 82.97 50.19 213.32 127.21
cow 0.518340 189.04 124.69 208.28 147.69
aeroplane 0.518330 131.11 96.93 146.42 130.01
aeroplane 0.518329 0.00 20.28 19.07 72.22
aeroplane 0.518322 12.92 32.79 38.31 83.91
aeroplane 0.518318 35.71 119.23 57.66 154.63
aeroplane 0.518310 103.49 54.77 124.84 87.89
aeroplane 0.518289 126.95 45.86 166.70 80.41
cow 0.518248 189.35 177.07 203.98 197.43
cow 0.518226 157.18 89.46 184.11 113.90
aeroplane 0.518225 59.66 169.74 80.97 191.00
aeroplane 0.518200 156.78 115.64 173.34 143.93
aeroplane 0.518199 18.71 61.11 42.30 100.28
aeroplane 0.518192 6.78 0.00 45.10 13.79
aeroplane 0.518184 40.05 155.86 56.87 174.28
motorbike 0.518175 209.98 135.75 223.28 168.52
aeroplane 0.518066 141.06 105.88 156.82 135.98
car 0.518032 0.00 93.56 49.66 194.50
aeroplane 0.518032 20.66 191.50 36.27 205.19
aeroplane 0.518011 9.25 137.44 26.84 165.10
aeroplane 0.517981 32.76 205.44 52.50 224.00
aeroplane 0.517966 29.15 172.88 43.46 189.56
cow 0.517960 164.56 90.20 194.99 113.19
cow 0.517933 116.15 179.85 129.70 199.39
cow 0.517918 67.26 143.89 92.17 175.98
cow 0.517912 194.23 115.35 212.88 137.56
aeroplane 0.517860 78.16 23.17 115.01 71.84
aeroplane 0.517831 8.67 13.99 34.72 51.12
aeroplane 0.517803 157.71 105.31 174.27 132.32
aeroplane 0.517782 9.79 181.19 26.11 198.22
cow 0.517760 198.25 163.93 212.07 189.98
aeroplane 0.517695 25.19 205.08 46.60 224.00
aeroplane 0.517676 3.19 0.00 89.84 89.91
aeroplane 0.517669 25.96 139.84 43.66 165.21
sheep 0.517648 49.31 190.62 65.23 205.29
cow 0.517628 195.98 124.35 213.24 147.56
cow 0.517583 174.99 162.10 188.32 180.36
sheep 0.517574 39.86 206.97 59.38 224.00
sheep 0.517550 139.79 201.20 155.68 219.05
aeroplane 0.517533 87.77 52.74 116.37 89.19
cow 0.517526 167.95 164.05 181.66 182.39
cow 0.517472 121.80 172.94 135.03 188.83
sheep 0.517453 130.51 201.35 146.32 218.49
cow 0.517453 210.12 130.35 223.84 161.50
aeroplane 0.517427 38.09 133.81 57.41 160.50
cow 0.517413 141.88 166.29 156.30 183.75
aeroplane 0.517394 108.24 167.70 121.08 188.63
cow 0.517372 190.47 156.29 204.87 179.21
aeroplane 0.517368 58.39 156.99 83.53 180.70
aeroplane 0.517362 101.03 198.77 118.57 222.48
aeroplane 0.517349 86.88 151.68 110.79 180.12
aeroplane 0.517349 90.47 139.52 110.30 174.08
car 0.517333 153.45 5.00 202.80 46.29
aeroplane 0.517322 58.35 186.89 76.57 207.15
aeroplane 0.517273 57.43 143.94 81.48 173.73
cow 0.517233 191.23 140.08 206.57 162.94
cow 0.517213 164.97 114.65 184.01 142.74
aeroplane 0.517210 35.77 26.70 76.52 76.70
cow 0.517205 175.76 169.76 186.93 187.02
aeroplane 0.517200 5.18 34.96 26.81 82.20
aeroplane 0.517181 39.94 145.16 57.16 167.34
cow 0.517177 180.04 194.33 197.13 214.14
cow 0.517177 196.76 94.83 220.45 119.72
aeroplane 0.517167 0.00 10.21 29.01 45.09
aeroplane 0.517155 151.46 105.06 165.77 132.80
cow 0.517135 174.51 152.12 190.78 174.60
aeroplane 0.517134 140.87 33.47 191.14 73.88
aeroplane 0.517127 9.90 66.61 32.54 100.47
aeroplane 0.517125 17.28 205.87 41.82 224.00
aeroplane 0.517101 142.66 96.40 157.40 125.05
cow 0.517079 182.54 168.45 195.12 187.15
aeroplane 0.517030 29.20 162.77 43.37 180.78
aeroplane 0.517024 9.51 171.99 26.00 190.45
motorbike 0.517022 132.85 0.00 213.19 81.54
aeroplane 0.516973 109.41 190.17 123.15 209.40
aeroplane 0.516952 20.13 182.68 36.17 197.33
sheep 0.516919 48.74 181.16 65.56 198.09
aeroplane 0.516907 0.00 13.72 24.20 57.40
cow 0.516871 156.69 48.80 206.18 85.99
cow 0.516850 158.53 155.73 175.74 180.27
cow 0.516821 157.63 96.17 178.56 121.16
sheep 0.516819 48.08 173.28 65.85 190.42
sheep 0.516802 120.68 191.86 136.24 207.33
aeroplane 0.516794 140.37 150.74 157.90 179.06
aeroplane 0.516646 47.14 166.48 66.00 183.02
aeroplane 0.516632 152.07 89.58 171.85 114.15
cow 0.516603 198.46 152.56 212.69 180.60
aeroplane 0.516557 93.91 152.46 112.33 177.84
cow 0.516550 175.26 91.81 204.01 113.28
cow 0.516525 198.55 144.07 212.31 170.11
aeroplane 0.516521 98.15 140.57 111.88 170.88
aeroplane 0.516506 115.75 139.30 127.85 169.48
cow 0.516501 175.75 122.91 196.35 149.73
cow 0.516421 149.92 154.87 167.56 179.66
aeroplane 0.516419 3.70 158.93 91.04 224.00
cow 0.516397 198.73 101.58 220.82 125.99
aeroplane 0.516393 59.11 176.44 78.99 198.81
cow 0.516379 147.13 35.12 202.97 80.51
aeroplane 0.516356 106.53 152.99 119.47 176.33
aeroplane 0.516345 114.00 153.91 126.96 176.33
aeroplane 0.516314 111.15 25.32 143.78 57.56
sheep 0.516308 46.52 208.52 68.91 224.00
aeroplane 0.516296 113.55 15.50 145.48 37.99
aeroplane 0.516294 44.37 0.00 176.45 93.22
cow 0.516275 165.84 104.93 185.77 130.69
cow 0.516260 182.10 187.46 195.88 204.20
aeroplane 0.516191 64.99 17.26 106.71 60.69
car 0.516187 0.00 84.97 79.99 186.29
aeroplane 0.516143 121.72 166.48 134.49 182.35
aeroplane 0.516108 46.46 132.62 66.67 162.10
cow 0.516089 180.58 204.11 206.83 224.00
aeroplane 0.516008 89.24 23.00 122.41 68.80
cow 0.515986 165.27 97.45 190.06 120.28
aeroplane 0.515984 21.68 23.34 51.77 75.72
cow 0.515959 182.44 177.93 195.37 196.05
aeroplane 0.515954 27.50 149.33 43.08 172.34
cow 0.515952 183.13 158.97 196.39 178.22
sheep 0.515947 142.62 173.38 155.02 188.90
cow 0.515938 191.85 199.70 213.26 224.00
aeroplane 0.515918 20.01 173.61 36.32 189.03
cow 0.515894 200.57 107.01 221.79 134.03
aeroplane 0.515866 9.17 146.82 25.55 173.82
cow 0.515840 191.59 146.77 205.95 170.00
motorbike 0.515839 110.81 29.81 211.30 114.10
cow 0.515824 184.71 132.61 203.10 156.27
aeroplane 0.515823 128.00 134.62 146.20 171.76
motorbike 0.515799 209.61 184.19 219.46 212.90
aeroplane 0.515792 19.85 148.32 35.95 171.93
aeroplane 0.515744 173.01 196.57 190.74 215.34
cow 0.515694 130.94 166.85 145.24 183.55
aeroplane 0.515664 9.25 160.56 25.37 182.24
cow 0.515654 131.37 173.81 144.90 189.53
cow 0.515654 186.80 22.32 215.66 64.29
sheep 0.515625 151.67 167.07 165.86 182.72
aeroplane 0.515559 145.13 21.21 193.90 58.78
aeroplane 0.515557 118.96 25.95 152.27 56.10
cow 0.515530 169.88 170.57 179.70 186.99
aeroplane 0.515525 152.64 95.77 168.37 121.61
sheep 0.515473 121.42 181.92 135.82 198.91
aeroplane 0.515457 134.29 24.85 180.89 58.52
cow 0.515425 186.09 34.67 215.67 76.22
aeroplane 0.515425 107.57 140.50 118.75 169.07
aeroplane 0.515396 108.11 176.91 121.75 199.93
cow 0.515380 187.64 14.63 214.79 51.28
cow 0.515299 193.70 73.43 220.62 105.48
cow 0.515272 176.21 178.28 187.32 195.27
cow 0.515267 203.84 114.39 222.67 143.57
aeroplane 0.515246 165.48 198.12 182.87 217.52
aeroplane 0.515239 90.27 164.51 112.95 188.47
motorbike 0.515232 157.60 21.39 207.26 67.22
cow 0.515226 194.51 83.00 220.46 112.91
aeroplane 0.515215 46.65 156.25 66.43 176.74
sheep 0.515198 148.55 201.24 165.02 218.23
cow 0.515192 160.84 166.03 174.37 182.83
aeroplane 0.515183 82.25 84.59 212.89 164.31
aeroplane 0.515181 20.90 12.73 51.24 39.20
aeroplane 0.515175 123.53 25.72 166.27 57.23
cow 0.515120 207.97 122.94 223.34 153.54
aeroplane 0.515083 100.28 35.68 135.64 77.82
aeroplane 0.515030 78.09 199.35 100.35 224.00
aeroplane 0.515023 20.13 162.51 36.03 180.17
aeroplane 0.515010 119.21 37.28 152.75 74.98
aeroplane 0.514962 120.90 137.37 135.45 170.63
aeroplane 0.514927 175.37 188.41 188.18 203.46
cow 0.514883 206.50 195.05 220.50 224.00
cow 0.514879 184.84 140.37 201.26 163.19
aeroplane 0.514856 11.25 48.76 34.73 89.18
aeroplane 0.514776 108.82 37.17 142.77 76.06
aeroplane 0.514737 86.59 199.14 108.81 223.87
aeroplane 0.514658 97.88 22.77 130.21 64.24
aeroplane 0.514543 4.53 51.71 24.82 89.47
motorbike 0.514542 209.69 20.69 224.00 66.06
aeroplane 0.514521 46.29 144.88 66.69 170.11
cow 0.514510 172.81 206.54 200.86 224.00
motorbike 0.514427 211.88 169.36 222.12 202.71
cow 0.514360 186.79 49.89 214.75 84.86
cow 0.514346 177.14 98.27 201.64 119.20
sheep 0.514345 139.44 191.90 152.98 206.75
sheep 0.514343 157.40 200.01 174.42 217.99
aeroplane 0.514304 20.11 17.43 50.98 58.58
aeroplane 0.514173 35.60 14.71 75.35 42.26
aeroplane 0.514167 168.44 188.69 179.30 203.88
sheep 0.514157 53.97 209.48 80.96 224.00
cow 0.514052 184.24 148.98 198.99 170.11
sheep 0.514010 128.44 193.03 143.75 207.14
motorbike 0.514006 212.00 160.10 223.13 196.82
aeroplane 0.514000 82.98 15.38 112.72 53.72
aeroplane 0.513974 43.68 1.89 86.33 35.03
aeroplane 0.513930 128.42 150.42 145.39 178.42
motorbike 0.513865 134.00 20.26 217.68 102.37
sheep 0.513841 170.20 178.25 179.11 194.98
motorbike 0.513807 100.29 69.65 218.38 146.14
motorbike 0.513774 207.66 31.75 224.00 75.41
motorbike 0.513770 211.89 149.69 223.64 188.61
car 0.513764 94.76 0.00 203.87 86.08
aeroplane 0.513595 148.24 8.84 200.49 44.62
aeroplane 0.513549 119.58 152.81 133.93 176.76
sheep 0.513537 153.27 173.64 164.09 186.46
aeroplane 0.513453 147.96 0.00 204.33 33.54
aeroplane 0.513380 98.25 187.86 116.52 207.97
motorbike 0.513309 205.03 46.52 223.02 83.45
motorbike 0.513254 211.60 13.76 223.78 54.35
sheep 0.513253 141.56 181.22 153.81 197.73
cow 0.513243 178.16 104.21 199.47 127.60
cow 0.513198 177.75 112.67 198.37 138.32
car 0.513024 185.62 5.45 213.22 36.42
sheep 0.512987 126.40 212.00 150.80 224.00
sheep 0.512948 162.81 172.26 172.62 186.31
sheep 0.512935 129.69 182.79 144.07 199.25
aeroplane 0.512915 110.38 0.00 150.64 21.60
sheep 0.512731 62.26 210.89 91.74 224.00
aeroplane 0.512653 0.06 0.90 32.86 32.77
car 0.512651 183.61 0.00 212.52 25.65
cow 0.512631 165.36 209.34 194.97 224.00
sheep 0.512515 150.71 191.26 162.23 204.20
aeroplane 0.512514 119.14 15.85 164.45 38.82
aeroplane 0.512423 72.36 1.80 106.10 40.12
aeroplane 0.512260 79.99 170.40 108.20 197.77
aeroplane 0.512238 82.62 185.40 106.94 206.63
sheep 0.512206 134.78 212.00 159.39 224.00
motorbike 0.512206 182.20 131.73 224.00 224.00
sheep 0.512181 160.63 190.02 170.92 203.59
aeroplane 0.512132 133.25 13.31 184.01 42.02
aeroplane 0.512095 90.33 124.51 193.94 215.01
aeroplane 0.512073 139.28 132.46 212.35 217.73
aeroplane 0.511899 94.84 13.55 123.28 48.18
aeroplane 0.511879 32.47 0.00 69.25 25.04
aeroplane 0.511803 91.89 172.41 113.82 198.29
sheep 0.511608 153.31 180.58 162.92 194.37
car 0.511489 210.75 5.99 222.11 40.52
motorbike 0.511421 138.72 94.92 224.00 176.12
sheep 0.511383 162.94 179.46 171.27 194.05
dog 0.511383 94.71 212.00 120.74 224.00
dog 0.511127 129.58 0.00 183.31 15.72
sheep 0.511053 157.22 211.83 187.49 224.00
aeroplane 0.510992 45.31 0.00 87.69 16.93
aeroplane 0.510988 110.62 177.92 195.22 224.00
aeroplane 0.510866 149.62 179.04 215.49 224.00
sheep 0.510835 142.42 212.00 169.62 224.00
aeroplane 0.510819 130.71 0.00 185.83 29.09
car 0.510788 207.49 0.00 221.09 29.28
aeroplane 0.510762 103.85 12.14 135.65 42.24
aeroplane 0.510556 109.92 105.10 209.31 180.48
dog 0.510475 82.20 212.00 111.07 224.00
sheep 0.510461 149.66 212.00 179.47 224.00
motorbike 0.510425 163.54 109.81 224.00 197.30
sheep 0.510415 73.95 212.00 103.89 224.00
aeroplane 0.510329 60.22 0.00 101.69 19.93
aeroplane 0.510240 29.59 0.00 67.96 12.28
aeroplane 0.509877 88.07 0.00 115.01 30.02
motorbike 0.509796 179.31 171.57 224.00 224.00
aeroplane 0.508138 98.54 0.00 129.49 23.68
