person 0.622270 16.92 56.46 138.17 224.00
person 0.605121 28.19 57.01 216.39 217.21
person 0.601380 46.47 39.22 92.11 125.90
person 0.592014 67.50 74.84 125.65 180.08
person 0.588578 27.34 55.85 92.16 217.63
person 0.584071 138.43 49.41 195.44 130.78
person 0.581856 107.76 52.75 205.64 149.73
person 0.574144 112.59 82.06 220.21 224.00
person 0.572723 89.50 112.89 178.30 211.91
diningtable 0.570771 0.00 110.19 212.39 224.00
person 0.569628 40.05 18.55 100.47 110.32
person 0.567978 53.95 70.25 117.86 164.80
person 0.566808 47.18 104.76 178.53 224.00
bottle 0.566380 56.75 75.22 107.65 160.96
person 0.565573 57.09 18.59 130.45 109.61
person 0.564794 80.46 131.27 165.64 223.29
person 0.563779 157.23 90.55 224.00 221.62
person 0.563682 69.84 65.92 154.22 169.01
person 0.561714 113.73 120.20 198.78 199.87
bottle 0.559831 79.53 130.65 167.84 224.00
person 0.559796 73.06 93.34 140.11 197.49
person 0.558852 58.33 30.73 148.06 127.15
chair 0.558560 2.01 61.06 190.08 217.61
person 0.556812 92.61 62.37 176.23 164.41
person 0.556798 167.51 48.98 224.00 159.17
person 0.555829 89.30 43.15 181.49 136.88
person 0.555066 141.46 65.18 220.65 202.13
bottle 0.554557 68.26 86.84 127.85 189.33
person 0.554185 17.09 98.14 103.96 224.00
person 0.553212 0.00 29.01 17.32 93.10
bottle 0.553149 50.02 88.77 97.55 179.90
person 0.553086 0.00 46.53 37.97 182.09
person 0.552708 61.92 50.47 138.95 148.65
person 0.551878 9.32 31.39 27.05 93.40
person 0.551583 41.34 43.19 77.97 120.89
person 0.551179 51.11 54.13 98.06 147.24
bottle 0.548954 175.16 120.48 219.09 209.61
bottle 0.548828 81.05 106.13 148.03 201.87
cat 0.548423 41.45 115.83 79.91 209.01
bottle 0.548392 85.40 140.50 143.88 224.00
bottle 0.548281 134.92 115.63 213.56 193.20
cat 0.548036 36.41 146.75 65.75 218.89
bottle 0.548034 43.76 87.51 82.11 173.85
person 0.547915 123.26 73.65 195.68 153.26
chair 0.547216 187.97 189.89 215.96 223.82
person 0.546968 0.00 44.25 14.50 104.54
person 0.546921 12.42 24.52 30.18 87.49
person 0.546678 0.00 16.47 17.00 68.24
person 0.545538 7.54 42.96 24.32 99.67
bottle 0.545331 42.21 138.38 72.49 221.89
bottle 0.545278 50.47 115.08 83.59 206.75
person 0.545114 154.57 52.86 208.60 131.16
person 0.545046 0.00 61.11 51.29 209.78
bottle 0.544567 34.74 117.58 70.57 209.49
cat 0.543926 30.41 152.90 59.21 216.97
bottle 0.543256 38.31 91.56 65.06 177.81
bottle 0.543214 38.16 102.00 74.19 190.34
bottle 0.543151 31.07 121.50 59.77 206.94
dog 0.543145 83.24 144.43 141.63 224.00
person 0.542942 5.67 20.19 26.31 68.04
person 0.542559 90.69 78.08 199.15 197.54
bottle 0.542393 183.60 140.05 217.82 214.84
bottle 0.542117 29.00 146.86 58.04 220.91
person 0.541531 150.46 55.55 194.92 115.39
person 0.541247 180.71 55.56 219.09 137.87
person 0.540570 0.12 24.19 113.07 201.42
bottle 0.540466 53.00 145.96 80.14 215.59
person 0.540026 32.36 43.48 61.57 114.11
bottle 0.539719 34.48 105.05 60.52 189.85
person 0.539685 0.00 33.44 32.30 148.89
bottle 0.539207 0.00 203.30 16.37 224.00
chair 0.539163 13.95 117.78 97.72 224.00
person 0.538379 184.93 193.34 218.33 224.00
bottle 0.538196 205.36 132.56 224.00 208.40
person 0.538017 62.89 15.43 117.70 91.02
person 0.537905 207.01 66.34 224.00 138.97
diningtable 0.537757 99.95 76.51 201.57 175.89
dog 0.537717 40.79 88.34 69.69 174.42
bottle 0.537572 24.97 129.06 50.70 201.58
person 0.537283 110.47 49.54 170.73 123.77
person 0.537221 19.50 38.66 38.56 104.71
person 0.536784 124.31 103.66 205.31 188.86
person 0.536478 18.39 20.22 38.69 90.76
person 0.536189 35.62 34.49 136.68 185.28
bottle 0.536187 157.93 118.82 222.35 189.46
person 0.536166 75.60 25.41 153.68 104.45
bottle 0.535946 0.00 205.95 29.26 224.00
bottle 0.535800 91.05 151.44 159.75 217.45
dog 0.535771 30.60 98.78 54.83 175.46
bottle 0.534988 0.00 172.13 10.28 211.64
bottle 0.534861 1.98 176.04 24.47 209.12
bottle 0.534665 60.67 146.17 91.55 215.19
person 0.534534 187.95 0.00 224.00 63.18
chair 0.534137 197.53 189.13 224.00 224.00
chair 0.533641 208.64 146.46 224.00 215.82
bottle 0.533618 23.86 161.94 49.61 212.41
bottle 0.533115 27.84 112.07 51.20 186.27
person 0.532908 0.00 11.12 15.81 48.86
dog 0.532625 201.38 94.35 224.00 162.90
person 0.532037 11.73 46.16 66.55 184.48
person 0.532015 191.97 69.90 222.56 148.73
bottle 0.531908 11.50 176.04 31.69 209.38
person 0.531806 1.32 88.34 78.16 223.11
tvmonitor 0.531803 205.94 8.11 224.00 72.95
person 0.531738 209.08 46.68 224.00 116.78
person 0.531649 24.94 19.37 55.31 94.80
person 0.531644 196.13 103.86 224.00 170.49
bottle 0.531389 4.50 208.28 37.42 224.00
bottle 0.531293 194.91 120.75 224.00 190.59
person 0.531008 32.32 15.17 78.88 92.80
person 0.530963 0.00 77.39 10.12 128.34
person 0.530929 0.00 16.18 32.72 103.72
person 0.530769 124.76 0.00 224.00 134.62
person 0.530734 0.00 64.20 11.32 119.81
bottle 0.530424 11.85 209.90 46.63 224.00
bottle 0.530363 0.00 113.43 8.10 163.96
person 0.530224 189.08 15.02 224.00 111.72
sheep 0.530168 72.89 147.33 117.77 218.02
bottle 0.530104 19.22 172.68 40.67 210.72
person 0.530079 4.09 15.48 22.26 46.35
dog 0.529938 172.26 108.36 222.85 176.34
chair 0.529772 169.97 15.78 212.65 84.21
person 0.529560 11.65 17.20 28.34 54.86
bottle 0.529527 118.93 125.94 190.17 198.72
diningtable 0.529484 189.09 190.20 224.00 224.00
person 0.529393 168.60 43.57 212.28 121.86
tvmonitor 0.529299 213.80 0.00 224.00 52.51
dog 0.529093 187.61 83.27 223.20 158.95
person 0.529049 0.00 105.51 8.40 156.30
bottle 0.529040 25.42 209.67 63.30 224.00
person 0.528730 0.00 0.00 41.95 64.88
sheep 0.528700 58.48 151.61 94.56 215.69
person 0.528641 116.98 40.59 165.68 109.91
bottle 0.528477 36.15 158.46 66.02 221.26
chair 0.528394 206.72 28.06 224.00 97.43
person 0.528346 167.94 71.11 215.75 146.82
person 0.528295 0.00 0.00 17.99 29.85
sofa 0.528259 174.42 9.70 213.65 76.11
person 0.527835 38.54 37.55 82.50 157.43
person 0.527767 137.13 28.43 176.25 78.99
person 0.527632 141.59 68.76 201.31 143.03
bottle 0.527525 0.00 153.21 8.76 196.17
bottle 0.527522 0.00 140.03 8.64 184.18
bottle 0.527313 50.40 210.46 87.11 224.00
bottle 0.527183 72.69 140.83 111.36 218.10
person 0.527105 157.06 43.97 203.85 109.92
person 0.526844 128.70 40.44 183.84 106.11
bottle 0.526844 105.87 178.42 162.40 218.70
diningtable 0.526734 91.36 59.04 222.66 206.49
person 0.526703 7.02 23.73 51.88 104.61
tvmonitor 0.526602 168.56 11.22 212.57 82.16
bottle 0.526529 106.62 197.41 164.37 224.00
chair 0.526352 0.00 136.72 83.06 224.00
bottle 0.526331 0.00 182.22 10.71 221.80
tvmonitor 0.526201 207.64 0.00 224.00 26.24
person 0.526185 72.39 10.92 111.23 64.70
person 0.526101 4.88 38.76 52.26 156.64
dog 0.526077 141.57 110.42 219.14 185.17
chair 0.525935 185.18 171.71 212.95 224.00
person 0.525861 154.69 202.29 203.37 224.00
bottle 0.525822 65.94 114.25 113.35 202.93
diningtable 0.525811 101.11 46.92 176.05 117.56
chair 0.525679 173.45 192.60 206.43 223.41
diningtable 0.525654 90.44 32.41 170.55 102.85
sheep 0.525618 21.46 109.32 40.22 168.10
chair 0.525574 159.76 193.37 196.45 223.03
dog 0.525483 82.02 198.80 128.46 224.00
bottle 0.525434 133.34 204.86 191.85 224.00
bottle 0.525327 135.64 191.52 185.64 220.75
person 0.524994 90.12 27.22 138.96 89.50
person 0.524915 22.88 0.00 75.11 74.44
person 0.524585 39.61 0.00 91.23 75.38
person 0.524559 80.03 3.97 105.63 37.08
bottle 0.524358 20.55 154.81 43.39 206.43
person 0.524323 140.20 32.34 185.61 92.92
bottle 0.524320 3.39 117.30 20.83 160.60
person 0.524230 164.83 24.72 210.04 93.04
person 0.524206 53.67 0.00 110.86 73.65
bottle 0.524090 118.01 186.03 170.85 219.21
cow 0.524074 33.10 0.00 59.44 39.92
bottle 0.524057 84.67 193.27 135.30 224.00
person 0.524028 31.14 32.24 70.17 126.02
bottle 0.524020 1.63 143.59 22.99 182.01
cow 0.523927 27.80 0.00 68.55 30.29
chair 0.523913 129.14 0.12 152.76 52.10
bottle 0.523910 21.70 113.83 40.26 172.73
person 0.523907 78.20 39.31 155.33 148.22
bottle 0.523897 20.21 138.47 42.25 193.65
tvmonitor 0.523847 182.87 1.01 210.64 53.56
chair 0.523816 206.40 168.08 224.00 224.00
sheep 0.523793 12.00 117.44 29.09 161.73
person 0.523775 128.89 33.33 171.50 91.49
person 0.523752 78.32 0.00 195.15 141.04
bottle 0.523693 110.74 143.61 175.04 214.70
person 0.523618 4.41 0.00 59.48 69.39
person 0.523344 65.04 0.00 130.40 74.34
person 0.523134 4.77 91.43 18.86 131.10
person 0.523069 5.27 79.98 19.76 123.19
person 0.523057 189.08 44.03 221.03 120.34
person 0.523036 50.80 0.00 162.13 155.74
person 0.523022 109.11 34.60 155.77 98.24
bottle 0.523012 1.68 157.27 23.94 195.88
bottle 0.522946 2.67 132.09 21.71 173.36
person 0.522910 170.62 197.36 214.39 224.00
bottle 0.522801 177.56 111.22 224.00 182.90
bottle 0.522766 5.54 182.51 24.36 215.36
sheep 0.522659 68.74 207.61 113.74 224.00
person 0.522438 146.28 24.31 194.11 80.37
dog 0.522421 34.29 92.88 59.40 161.74
person 0.522395 67.92 24.04 184.98 176.37
bottle 0.522390 12.41 123.63 29.84 167.41
tvmonitor 0.522339 180.41 0.00 210.52 18.22
chair 0.522333 118.33 0.00 144.70 48.43
bottle 0.522308 147.52 135.79 204.03 204.55
tvmonitor 0.522228 179.89 5.50 215.64 75.83
person 0.522138 141.26 98.78 214.38 172.66
person 0.521951 115.72 29.77 151.45 83.11
person 0.521917 17.99 13.13 38.21 54.39
person 0.521696 127.79 30.33 161.31 79.61
boat 0.521540 77.17 0.00 108.70 18.37
car 0.521532 76.49 0.00 110.14 14.29
diningtable 0.521238 157.60 22.44 210.50 82.03
bottle 0.521111 83.02 170.99 136.87 224.00
person 0.521094 56.05 8.44 95.77 64.04
car 0.521064 27.77 0.00 64.97 25.96
person 0.521055 2.87 0.00 25.57 28.59
person 0.520926 3.84 5.12 22.93 35.96
dog 0.520899 82.33 177.40 131.13 224.00
person 0.520898 7.00 63.49 21.42 115.00
cow 0.520862 27.99 1.99 51.38 38.83
bottle 0.520717 2.11 194.48 26.31 224.00
bottle 0.520627 4.96 101.39 19.90 142.10
bottle 0.520439 186.54 0.00 216.83 19.95
diningtable 0.520421 89.73 10.07 216.03 169.01
chair 0.520410 184.81 25.35 218.12 99.21
bottle 0.520336 12.56 145.18 34.04 186.46
car 0.520209 33.29 0.00 74.80 22.34
boat 0.520192 123.76 0.00 155.40 12.81
person 0.520152 20.84 8.62 41.40 39.80
boat 0.520142 156.41 0.00 188.34 13.30
person 0.520066 154.79 0.00 216.12 57.59
person 0.520027 42.77 72.28 72.58 137.80
chair 0.519964 133.94 0.84 159.89 54.62
bottle 0.519932 13.43 159.52 35.95 200.72
bird 0.519899 32.56 4.36 64.85 58.49
bottle 0.519717 25.94 189.47 59.22 224.00
person 0.519707 76.57 0.00 156.78 71.74
boat 0.519697 148.10 0.00 180.46 13.07
boat 0.519692 85.86 0.00 121.79 14.04
diningtable 0.519672 71.61 6.25 166.99 90.23
person 0.519625 26.00 7.63 50.57 55.75
boat 0.519348 164.73 0.00 197.49 14.66
diningtable 0.519321 148.71 20.46 192.74 72.45
boat 0.519269 139.63 0.00 172.04 12.93
bottle 0.519248 141.98 157.43 194.39 215.97
bottle 0.519246 15.07 194.70 41.61 224.00
cow 0.519176 38.16 3.39 76.39 61.36
person 0.519135 119.72 17.94 145.56 62.91
bottle 0.519113 20.41 192.25 50.36 224.00
chair 0.519097 177.12 9.53 213.15 62.68
bottle 0.518898 8.63 195.73 33.09 224.00
person 0.518779 130.13 20.85 155.70 64.45
car 0.518749 44.81 0.00 82.56 18.86
person 0.518742 123.34 0.00 191.74 61.61
boat 0.518716 113.85 0.00 146.60 12.29
boat 0.518606 103.65 0.00 137.10 12.56
dog 0.518583 34.13 73.80 59.22 129.90
person 0.518528 79.19 4.29 114.93 43.23
sheep 0.518494 11.91 81.34 24.97 120.93
tvmonitor 0.518453 190.43 0.00 218.08 54.29
bottle 0.518361 155.60 186.05 195.91 220.03
sheep 0.518355 12.76 93.61 25.21 129.55
bottle 0.518062 195.02 0.00 224.00 23.22
cow 0.517891 43.31 0.00 74.21 39.87
person 0.517792 92.55 0.00 176.04 65.47
car 0.517778 58.91 0.00 93.09 16.06
boat 0.517462 100.10 0.00 133.21 44.96
person 0.517451 73.00 0.00 101.19 18.30
person 0.517382 134.77 22.35 162.91 66.50
person 0.517244 11.49 63.37 25.08 113.44
person 0.517201 10.43 0.00 35.22 26.19
boat 0.516869 83.66 1.72 122.39 44.18
sheep 0.516784 21.82 99.03 39.34 150.41
person 0.516733 65.30 2.33 90.46 35.59
person 0.516516 19.05 0.00 50.87 24.88
person 0.516470 53.57 0.00 81.42 38.95
sheep 0.516429 21.61 89.70 38.07 133.85
bottle 0.516376 41.76 189.11 74.88 224.00
boat 0.516369 170.67 0.96 204.54 49.17
person 0.516364 97.06 15.54 133.74 64.21
sheep 0.516174 13.18 102.97 27.04 143.14
diningtable 0.516158 140.66 1.41 169.94 56.02
sheep 0.516133 21.00 76.99 37.60 122.86
bottle 0.516045 51.28 190.84 82.24 224.00
diningtable 0.516024 121.70 0.00 189.29 87.45
person 0.515940 19.61 59.30 37.57 114.57
diningtable 0.515845 166.81 12.69 206.97 62.73
bottle 0.515573 179.68 171.07 212.50 224.00
boat 0.515418 125.19 0.00 155.12 29.57
cow 0.515415 44.69 0.00 81.13 22.70
diningtable 0.515305 139.41 21.85 170.51 67.96
diningtable 0.515163 148.23 0.21 179.05 55.58
tvmonitor 0.515082 176.57 0.00 209.24 32.63
bottle 0.515061 58.76 191.22 91.75 224.00
diningtable 0.514886 158.36 0.00 190.44 52.47
boat 0.514441 114.14 0.00 146.72 26.45
person 0.514425 60.02 0.00 91.33 19.28
bottle 0.514183 162.19 165.84 204.92 221.73
boat 0.513382 99.67 0.00 135.65 22.53
dog 0.513352 70.87 189.09 114.18 224.00
boat 0.511851 167.42 0.00 201.43 29.18
boat 0.511577 148.73 0.00 181.34 29.64
boat 0.511501 139.88 0.00 172.01 30.54
boat 0.511361 157.52 0.00 190.24 28.40
