car 0.632975 20.89 78.83 106.94 118.32
car 0.577545 1.11 131.26 92.20 208.58
bus 0.577343 0.00 120.57 30.34 153.90
car 0.576613 6.63 127.20 96.19 172.71
car 0.575749 29.19 72.09 104.37 109.68
bus 0.575224 2.65 133.64 100.63 208.81
bus 0.571553 11.67 124.89 94.97 182.01
car 0.571017 45.89 127.49 124.11 160.90
car 0.569582 0.00 122.22 32.80 152.88
person 0.563124 123.14 100.26 185.83 188.37
bus 0.561734 0.00 128.44 38.42 160.51
bus 0.560138 11.42 103.05 107.06 164.86
tvmonitor 0.554545 8.12 137.56 90.66 206.27
car 0.552817 97.93 120.91 158.46 154.29
car 0.551198 0.00 124.14 51.36 157.37
bus 0.549784 14.49 138.46 80.19 197.81
bus 0.549113 2.54 130.09 58.23 164.97
car 0.548825 84.33 161.83 173.08 204.55
car 0.547513 3.50 116.14 97.00 161.74
car 0.547276 10.31 95.77 98.48 140.35
car 0.546658 15.31 120.65 86.84 193.72
bus 0.546457 14.60 90.94 109.84 145.58
car 0.545183 11.10 104.68 119.86 158.58
car 0.544366 28.04 119.15 102.81 180.51
chair 0.544093 214.77 102.59 224.00 159.49
car 0.543727 213.84 105.43 224.00 160.24
car 0.543668 14.21 146.40 78.53 209.86
motorbike 0.543565 126.77 112.33 204.79 161.84
car 0.543293 53.39 111.19 167.99 182.11
bus 0.542898 6.30 129.78 81.04 172.36
boat 0.542801 85.25 160.33 169.58 204.80
car 0.542632 65.44 123.91 141.35 150.16
bottle 0.542413 0.00 178.37 15.12 217.83
pottedplant 0.540415 162.85 213.08 204.17 224.00
person 0.540012 217.93 91.02 224.00 138.39
tvmonitor 0.539623 2.17 132.34 31.30 170.36
sheep 0.539574 110.18 160.32 196.12 202.37
person 0.539474 134.48 107.91 198.00 163.16
car 0.539080 26.55 113.50 140.29 177.05
chair 0.539064 216.86 95.13 224.00 147.74
bottle 0.539034 2.73 179.58 19.46 213.99
sofa 0.538318 165.01 90.68 224.00 187.22
car 0.537909 23.10 83.61 84.82 123.67
tvmonitor 0.537395 0.00 165.34 14.33 212.78
motorbike 0.537387 108.68 120.10 189.67 159.81
car 0.537323 49.47 132.50 124.69 190.73
pottedplant 0.537159 189.56 212.35 217.20 224.00
bus 0.536988 0.00 131.68 65.93 203.87
pottedplant 0.536146 175.88 212.55 209.52 224.00
sheep 0.536118 206.93 207.94 224.00 224.00
car 0.536085 53.86 72.19 111.76 106.98
sheep 0.535946 198.13 211.54 224.00 224.00
car 0.535701 0.00 64.68 13.44 104.08
person 0.535502 149.41 100.00 190.29 160.24
bus 0.535337 0.29 111.62 24.73 148.00
bus 0.535297 17.46 80.81 124.51 134.81
tvmonitor 0.534784 3.89 167.59 19.67 209.79
person 0.534763 206.36 105.09 224.00 159.07
tvmonitor 0.534734 0.00 151.51 16.49 204.31
car 0.534621 111.57 155.48 203.56 199.35
pottedplant 0.534607 149.83 212.25 195.99 224.00
sheep 0.534389 89.98 160.80 174.23 203.70
car 0.534158 13.85 82.36 121.56 138.86
car 0.534002 4.63 112.63 79.24 149.03
tvmonitor 0.533745 16.09 157.94 79.58 209.60
chair 0.533516 26.11 161.24 72.28 214.69
dog 0.532870 188.99 185.95 224.00 224.00
bus 0.532667 19.27 150.81 91.43 208.44
bottle 0.532465 11.04 202.57 46.16 224.00
boat 0.532424 33.54 0.00 97.92 25.95
bottle 0.532281 5.90 197.89 34.22 224.00
car 0.532234 66.10 166.08 124.33 214.69
car 0.532169 96.11 102.78 187.71 188.38
tvmonitor 0.532122 7.77 143.58 63.77 199.84
car 0.531978 0.00 0.00 39.42 49.72
bus 0.531865 0.00 93.49 78.13 158.80
car 0.531489 34.52 62.12 117.83 106.99
car 0.531361 28.53 133.12 100.29 204.35
car 0.531354 0.00 76.19 13.88 118.15
bottle 0.531354 0.00 190.29 20.06 224.00
tvmonitor 0.531308 3.38 151.84 22.88 201.57
car 0.531288 63.00 151.81 134.64 201.79
person 0.531199 198.03 107.50 221.31 159.54
car 0.530961 0.43 68.46 25.54 100.85
diningtable 0.530945 72.63 177.25 120.02 221.62
car 0.530795 73.41 22.24 124.54 72.06
pottedplant 0.530701 141.06 209.81 185.36 224.00
dog 0.530554 133.47 186.99 209.10 224.00
cow 0.530509 113.48 154.80 205.53 196.44
car 0.530413 191.68 0.00 224.00 50.41
aeroplane 0.530406 67.02 167.03 130.43 214.37
person 0.530376 77.44 123.69 183.77 224.00
car 0.530324 40.56 0.00 95.04 28.55
person 0.530206 92.00 107.68 176.27 187.10
person 0.530083 98.29 114.01 154.42 157.06
person 0.530048 135.18 94.01 214.25 187.28
car 0.529541 52.23 151.25 119.59 213.01
car 0.529504 8.29 69.10 35.99 100.14
person 0.529467 218.04 79.33 224.00 124.27
bottle 0.529324 112.30 182.64 194.78 224.00
car 0.529295 29.51 163.12 72.66 214.59
person 0.529239 130.92 108.33 224.00 224.00
boat 0.529150 0.00 2.51 9.73 46.00
person 0.529012 93.49 141.99 166.25 188.97
person 0.528984 101.47 127.25 160.58 167.86
diningtable 0.528754 64.54 159.64 133.67 212.40
tvmonitor 0.528753 7.10 165.85 33.62 206.69
bottle 0.528643 34.21 194.80 71.78 224.00
tvmonitor 0.528591 0.00 138.97 21.98 188.53
diningtable 0.528586 71.94 157.84 152.52 201.57
bottle 0.528534 17.62 202.09 60.98 224.00
bus 0.528497 0.00 98.49 18.46 140.32
boat 0.528475 0.00 0.00 17.29 27.61
car 0.528433 28.96 71.79 72.21 109.86
bottle 0.528346 7.80 179.95 29.31 213.40
person 0.528222 152.60 94.67 185.00 146.73
dog 0.527898 160.29 189.58 224.00 224.00
car 0.527877 36.42 66.02 81.29 104.89
sheep 0.527802 97.79 171.43 158.22 214.58
person 0.527721 72.85 196.27 121.27 224.00
car 0.527674 88.67 18.09 130.11 73.24
tvmonitor 0.527372 6.85 149.58 37.10 198.15
car 0.527363 86.91 154.18 167.22 193.73
bicycle 0.527294 93.43 120.00 167.24 161.08
car 0.527281 4.81 117.31 119.18 224.00
sheep 0.527242 120.51 167.66 183.73 208.42
boat 0.527133 0.00 0.00 12.96 37.28
car 0.526996 18.00 71.43 50.47 104.37
car 0.526986 33.36 0.00 118.48 56.54
person 0.526972 182.49 106.44 215.03 156.36
bus 0.526957 0.00 0.00 114.59 143.27
car 0.526831 208.72 0.00 224.00 19.24
sheep 0.526758 121.26 153.62 203.26 192.57
car 0.526558 64.05 127.73 179.67 193.11
car 0.526486 52.96 114.11 118.11 156.90
person 0.526436 143.31 0.00 224.00 163.79
person 0.526378 137.46 61.93 223.08 208.90
car 0.526268 0.00 100.69 26.64 140.26
car 0.526164 49.63 30.60 96.01 71.78
pottedplant 0.526112 130.83 205.74 173.98 224.00
boat 0.526065 0.00 12.04 9.01 60.54
tvmonitor 0.525959 12.19 167.36 55.80 208.79
car 0.525894 35.43 86.72 102.90 128.81
car 0.525829 0.00 87.36 27.70 126.35
tvmonitor 0.525705 7.43 131.77 60.97 183.73
diningtable 0.525668 65.68 195.76 116.64 224.00
tvmonitor 0.525639 5.92 134.96 40.12 181.80
person 0.525639 219.28 70.55 224.00 113.62
motorbike 0.525630 116.97 123.59 203.34 175.77
car 0.525626 113.74 140.66 204.16 191.36
bottle 0.525574 80.35 172.28 174.21 224.00
car 0.525430 71.40 66.33 121.69 104.35
car 0.525370 95.49 66.77 129.20 105.02
car 0.525341 68.72 149.66 151.70 190.88
cow 0.525283 196.86 111.10 220.02 162.15
car 0.525233 102.66 105.35 148.50 144.55
car 0.524912 107.43 97.73 143.06 131.04
pottedplant 0.524859 105.23 200.30 152.91 224.00
aeroplane 0.524772 75.34 175.01 139.28 220.35
car 0.524672 34.76 121.84 142.66 224.00
car 0.524529 0.00 0.00 70.86 47.83
bus 0.524526 0.00 97.08 99.19 224.00
chair 0.524481 80.03 196.37 134.99 224.00
boat 0.524480 87.38 172.99 155.05 216.96
boat 0.524440 0.00 30.71 9.67 77.83
person 0.524424 0.00 145.45 65.08 224.00
car 0.524367 42.78 57.07 109.88 96.92
car 0.524363 8.39 61.84 33.07 90.44
car 0.524348 80.70 0.00 117.55 13.84
car 0.524236 17.92 63.40 43.92 92.38
car 0.524190 220.00 61.61 224.00 102.73
pottedplant 0.524171 119.71 202.44 162.08 224.00
boat 0.524131 36.98 2.09 67.53 26.01
person 0.524108 173.16 77.35 224.00 190.61
car 0.524037 0.00 79.55 28.42 115.64
car 0.524007 3.01 90.53 44.68 126.67
cow 0.524004 136.80 112.94 205.16 161.92
boat 0.523989 0.00 44.93 11.10 87.26
car 0.523901 14.26 85.85 66.00 120.97
car 0.523896 220.00 44.88 224.00 85.45
car 0.523886 29.49 65.37 63.28 98.17
car 0.523828 7.40 77.11 41.39 109.74
bus 0.523664 0.00 31.77 110.13 180.84
car 0.523598 48.23 158.82 145.69 224.00
car 0.523581 46.91 10.07 94.43 56.25
person 0.523487 186.55 94.85 212.15 137.78
bottle 0.523408 13.74 177.24 48.24 213.67
diningtable 0.523402 54.63 194.59 102.90 224.00
car 0.523368 132.80 0.00 164.93 13.67
dog 0.523308 214.55 118.55 224.00 169.45
boat 0.523302 0.00 6.28 17.77 41.27
tvmonitor 0.523207 0.00 0.00 35.51 70.73
car 0.523105 203.05 0.69 224.00 104.56
tvmonitor 0.523096 19.58 170.40 68.51 213.28
car 0.523067 16.69 79.61 59.27 114.70
car 0.523046 107.14 21.68 139.47 65.76
boat 0.523002 0.00 22.92 17.31 65.32
car 0.522911 109.22 87.64 139.64 120.29
person 0.522908 70.11 70.79 168.08 178.25
car 0.522889 5.33 83.68 45.46 116.81
car 0.522846 51.23 41.96 113.66 80.20
bottle 0.522799 13.38 190.15 43.60 223.23
boat 0.522797 36.55 0.00 125.73 76.67
person 0.522699 129.22 94.85 173.34 136.39
person 0.522654 155.04 88.20 179.70 136.25
bus 0.522650 7.93 148.10 78.72 223.66
car 0.522636 220.00 28.28 224.00 67.71
diningtable 0.522569 45.43 192.81 84.90 224.00
car 0.522516 105.65 58.27 134.89 100.02
bus 0.522473 0.00 79.07 73.31 143.87
boat 0.522440 29.92 4.64 53.18 27.45
bus 0.522411 35.15 0.00 128.45 81.29
person 0.522407 165.06 68.31 178.18 89.42
car 0.522393 92.52 140.64 174.14 190.37
car 0.522340 100.32 75.43 132.10 110.53
boat 0.522327 0.00 34.29 18.88 75.52
car 0.522325 99.91 0.00 131.34 14.71
person 0.522285 158.37 95.59 195.79 145.67
sheep 0.522212 131.37 184.61 178.79 215.90
boat 0.522160 21.96 0.00 105.35 54.77
boat 0.522133 30.80 0.00 74.65 22.42
car 0.522128 55.07 0.00 108.33 17.25
bottle 0.522112 34.05 179.29 68.16 221.88
cow 0.522102 120.97 139.10 203.91 186.41
car 0.522088 116.02 22.94 147.82 59.76
bottle 0.522053 107.37 173.78 160.13 211.62
person 0.521985 212.00 95.68 224.00 148.15
person 0.521958 62.37 107.17 154.87 204.37
car 0.521929 198.88 19.98 224.00 128.55
person 0.521923 201.93 96.52 222.02 147.95
car 0.521923 148.35 0.00 180.10 13.02
car 0.521879 0.00 110.90 50.42 144.02
person 0.521873 157.74 68.34 171.64 90.80
car 0.521804 45.34 46.95 92.20 84.82
dog 0.521667 220.00 157.81 224.00 199.12
aeroplane 0.521623 79.51 15.87 128.33 69.03
person 0.521602 145.94 88.12 175.58 131.58
car 0.521501 167.52 98.61 224.00 191.07
bus 0.521495 31.27 0.00 143.36 151.65
car 0.521485 40.69 59.37 89.22 94.50
car 0.521477 110.21 0.00 139.49 14.17
car 0.521439 164.64 0.00 195.60 13.76
person 0.521426 96.61 103.09 149.20 147.33
person 0.521360 37.71 178.67 71.18 220.32
person 0.521300 103.37 96.69 144.39 134.01
boat 0.521279 0.00 49.07 22.01 85.85
bottle 0.521210 120.52 178.71 170.02 213.03
car 0.521118 36.06 0.00 154.41 159.40
bicycle 0.520908 105.90 125.77 190.24 172.69
car 0.520903 118.79 0.00 150.60 13.42
boat 0.520785 171.00 0.00 202.52 13.82
person 0.520705 159.73 90.45 187.56 137.39
car 0.520687 108.88 76.95 137.43 114.68
boat 0.520635 22.87 0.00 59.48 18.17
car 0.520607 86.34 115.48 146.18 149.24
sofa 0.520592 182.72 58.83 224.00 172.54
person 0.520531 132.60 88.95 166.13 127.85
boat 0.520529 0.00 0.00 39.39 97.24
car 0.520486 50.92 17.80 118.26 64.17
cow 0.520303 124.16 122.25 203.66 173.80
car 0.520259 126.23 23.97 155.65 54.47
car 0.520213 69.44 0.00 146.98 49.03
car 0.520164 63.14 137.63 147.23 178.60
bus 0.520133 0.00 56.18 65.27 135.24
cow 0.520123 177.24 111.67 214.15 161.34
sheep 0.520122 171.83 67.80 185.15 87.78
aeroplane 0.520096 165.96 26.90 179.83 49.29
boat 0.520080 2.36 28.84 27.83 60.39
person 0.520078 124.03 101.69 180.34 148.75
aeroplane 0.520044 166.79 32.84 179.44 56.02
car 0.520011 87.64 79.38 127.24 110.40
car 0.520007 53.31 91.95 108.11 133.29
sofa 0.520007 190.53 39.46 224.00 151.32
sheep 0.519968 133.49 174.74 191.71 211.84
car 0.519890 42.40 159.44 102.40 211.03
car 0.519778 45.36 31.05 78.12 67.07
person 0.519760 165.58 74.91 177.91 101.59
sheep 0.519745 186.05 160.73 224.00 224.00
car 0.519674 128.06 19.24 155.93 46.24
car 0.519665 147.04 67.70 163.98 92.57
car 0.519663 220.00 13.77 224.00 51.05
bottle 0.519632 139.71 203.66 183.22 224.00
sheep 0.519611 220.00 166.02 224.00 206.23
dog 0.519565 217.71 131.72 224.00 180.96
boat 0.519555 6.10 0.00 36.75 20.01
boat 0.519547 0.00 26.99 51.97 122.60
car 0.519545 5.96 99.40 59.00 136.23
boat 0.519459 3.66 39.68 30.03 72.81
car 0.519378 173.18 0.00 224.00 42.30
boat 0.519361 7.52 8.74 28.58 33.56
aeroplane 0.519313 103.88 19.22 133.33 66.05
car 0.519244 68.95 84.21 111.80 114.59
person 0.519219 200.63 88.97 221.19 129.16
boat 0.519179 19.93 6.90 44.24 29.37
person 0.519139 159.46 74.18 172.64 103.04
person 0.519117 212.00 87.62 224.00 131.41
sheep 0.519101 140.03 190.37 187.78 219.73
dog 0.518990 165.48 61.20 177.89 83.82
boat 0.518930 199.32 0.00 224.00 16.56
boat 0.518890 189.26 0.00 217.03 14.87
aeroplane 0.518871 173.84 33.68 186.02 54.97
person 0.518792 115.46 89.56 152.41 125.51
car 0.518792 102.72 44.63 133.71 91.98
dog 0.518789 157.26 61.88 171.02 85.09
car 0.518774 64.28 148.78 169.01 219.50
person 0.518741 162.39 82.83 179.28 123.19
aeroplane 0.518699 172.78 27.70 186.37 48.77
bus 0.518695 18.30 64.87 122.87 190.72
person 0.518673 165.86 90.75 194.63 133.35
sheep 0.518634 131.81 136.99 205.25 182.10
sheep 0.518593 177.62 122.16 224.00 207.94
car 0.518566 38.38 31.66 56.82 63.51
car 0.518528 73.72 1.79 121.92 45.23
car 0.518498 135.13 66.20 155.03 95.03
aeroplane 0.518477 220.00 3.59 224.00 41.67
car 0.518470 43.44 94.92 148.19 169.12
person 0.518463 158.20 81.19 175.26 122.13
aeroplane 0.518320 148.97 25.95 170.41 48.88
boat 0.518319 4.29 19.88 26.29 51.11
car 0.518279 96.01 92.12 134.51 119.88
bus 0.518268 29.99 45.98 125.50 129.25
car 0.518265 146.17 0.00 210.68 37.66
person 0.518103 170.97 74.88 184.10 98.69
sheep 0.518027 196.67 117.13 219.23 165.96
bottle 0.517962 20.29 187.10 61.11 222.20
car 0.517959 7.18 52.12 32.20 84.36
sheep 0.517942 215.80 191.11 224.00 224.00
dog 0.517897 216.35 0.00 224.00 28.89
car 0.517893 98.30 26.02 133.29 81.19
car 0.517858 123.44 63.23 147.09 97.04
car 0.517810 111.35 69.46 139.93 108.14
bottle 0.517740 129.15 197.89 170.64 224.00
boat 0.517732 199.43 32.92 214.92 58.48
boat 0.517732 191.51 33.99 206.16 56.44
boat 0.517705 198.59 26.54 214.60 51.36
aeroplane 0.517688 164.51 18.32 180.23 39.39
car 0.517662 47.50 0.00 113.53 32.85
car 0.517654 25.38 31.90 45.80 60.82
car 0.517579 29.03 57.34 54.47 88.83
boat 0.517511 190.11 28.28 205.56 50.41
car 0.517504 17.28 55.25 41.07 84.82
car 0.517493 87.92 46.27 124.76 93.07
person 0.517480 125.16 71.54 178.57 177.40
car 0.517430 37.89 58.85 70.25 92.81
car 0.517409 38.73 0.73 100.22 42.46
boat 0.517355 182.85 34.46 195.79 54.18
car 0.517346 121.64 0.00 193.04 39.55
sheep 0.517322 148.34 194.82 195.20 222.61
aeroplane 0.517299 84.03 3.31 124.93 50.94
boat 0.517292 7.10 14.52 26.34 41.66
aeroplane 0.517260 150.15 31.11 169.58 55.80
person 0.517244 147.74 80.65 169.53 120.45
boat 0.517242 38.81 7.02 61.75 32.10
sheep 0.517212 179.73 66.72 193.14 86.25
aeroplane 0.517188 167.89 40.45 177.77 64.94
car 0.517164 73.57 98.99 119.53 136.16
car 0.517163 26.29 45.20 48.70 76.50
person 0.517143 148.73 73.51 166.03 103.96
car 0.517070 134.62 24.65 161.52 50.48
car 0.517043 84.54 32.89 157.21 143.80
sheep 0.517036 104.03 188.79 153.26 224.00
bottle 0.517000 95.18 146.38 185.67 224.00
sheep 0.516998 188.24 210.86 215.22 224.00
dog 0.516988 172.18 60.34 184.65 82.07
boat 0.516987 44.14 3.16 82.40 31.66
car 0.516979 38.57 15.23 57.94 45.95
dog 0.516961 190.50 66.10 207.07 88.22
car 0.516951 14.28 43.66 38.50 73.38
person 0.516941 134.94 81.43 159.98 120.18
car 0.516919 97.17 0.00 209.75 172.52
boat 0.516892 12.57 32.14 35.49 59.51
aeroplane 0.516892 181.40 28.58 195.72 48.63
car 0.516833 144.75 61.10 163.04 86.85
boat 0.516794 30.27 10.48 47.58 34.43
car 0.516793 103.39 0.00 177.16 42.51
sheep 0.516792 174.80 211.89 207.81 224.00
aeroplane 0.516771 171.96 18.83 187.05 39.87
person 0.516765 136.59 73.05 156.25 106.05
car 0.516738 52.70 37.47 145.91 172.41
tvmonitor 0.516735 0.00 0.00 74.97 70.32
person 0.516713 165.56 83.52 184.42 120.91
car 0.516698 38.18 46.02 61.02 80.68
boat 0.516693 17.16 0.00 50.17 22.55
aeroplane 0.516668 98.32 5.14 128.09 52.76
boat 0.516633 26.94 18.38 45.36 46.17
sheep 0.516602 189.93 151.81 215.59 184.25
boat 0.516559 200.52 39.94 214.93 66.48
person 0.516541 187.35 84.77 210.32 116.91
sheep 0.516533 77.77 187.20 135.05 224.00
sheep 0.516465 190.00 75.36 208.87 100.38
aeroplane 0.516452 130.27 5.11 158.41 34.18
bus 0.516447 55.84 3.62 142.23 109.51
car 0.516440 78.98 0.01 152.02 111.69
car 0.516429 76.45 0.00 119.55 20.64
boat 0.516423 12.04 65.45 104.15 138.00
car 0.516400 118.83 52.22 147.17 90.29
sheep 0.516383 156.75 152.98 208.81 186.75
dog 0.516349 175.13 40.80 184.82 63.45
car 0.516336 123.45 71.99 146.75 107.74
boat 0.516280 200.72 48.02 215.01 74.75
car 0.516277 136.32 19.09 162.44 42.79
aeroplane 0.516244 147.82 18.69 170.97 39.71
boat 0.516108 200.86 56.25 215.37 82.91
car 0.516106 131.13 57.76 154.75 88.95
sheep 0.516033 188.35 163.14 212.95 190.26
boat 0.515994 192.61 40.49 205.93 64.16
person 0.515927 178.27 74.66 192.74 97.41
car 0.515900 70.71 31.73 120.02 84.12
car 0.515894 57.28 0.00 144.60 82.68
boat 0.515891 198.71 19.26 213.33 43.12
sheep 0.515874 200.75 83.48 220.04 120.41
car 0.515872 45.05 11.53 78.97 48.03
person 0.515858 119.95 81.47 148.87 119.68
car 0.515791 111.83 37.67 146.67 83.03
sheep 0.515791 193.47 131.80 217.87 176.17
aeroplane 0.515784 190.29 20.66 204.14 42.36
person 0.515780 60.38 38.75 158.62 167.03
sheep 0.515703 201.13 64.94 216.61 92.97
car 0.515531 88.19 61.59 162.19 163.89
dog 0.515526 190.29 57.46 205.38 79.95
boat 0.515506 14.70 21.40 35.11 48.39
aeroplane 0.515490 123.79 6.15 151.40 38.48
boat 0.515468 18.65 13.75 38.21 37.50
sheep 0.515466 114.99 111.39 200.74 196.87
car 0.515331 66.69 50.57 118.77 96.09
dog 0.515331 167.39 51.33 177.02 76.66
aeroplane 0.515298 181.28 20.09 195.17 40.76
sheep 0.515260 157.46 162.41 206.44 193.12
car 0.515241 46.67 68.12 143.69 153.08
aeroplane 0.515188 109.45 7.40 132.20 49.95
sheep 0.515136 212.00 81.47 224.00 124.29
aeroplane 0.515055 169.61 1.18 188.56 25.72
car 0.515045 129.56 93.79 211.79 183.89
boat 0.515029 183.84 41.09 194.80 62.27
aeroplane 0.515017 153.70 39.53 168.53 65.63
sheep 0.515001 201.38 74.50 218.28 105.90
person 0.514879 172.94 83.75 193.19 117.80
aeroplane 0.514822 132.60 28.33 160.25 57.11
boat 0.514777 191.50 48.68 205.27 72.90
sheep 0.514776 146.86 167.78 201.00 202.52
aeroplane 0.514697 120.43 32.07 153.47 70.38
boat 0.514681 1.74 0.00 79.19 99.22
dog 0.514636 179.83 59.01 192.79 79.72
sheep 0.514576 121.24 156.10 202.49 224.00
dog 0.514556 174.33 50.80 183.86 74.88
sheep 0.514555 162.69 134.35 211.61 179.05
aeroplane 0.514511 123.62 46.02 175.53 158.36
dog 0.514495 156.69 51.80 169.27 77.97
sheep 0.514423 157.00 179.88 198.66 210.69
aeroplane 0.514359 163.16 1.65 182.74 25.59
person 0.514244 148.70 72.78 194.14 180.00
boat 0.514219 86.85 0.00 122.95 21.58
boat 0.514060 30.51 40.03 115.32 124.01
aeroplane 0.514051 186.16 2.72 202.82 29.57
sheep 0.513973 188.29 183.42 209.90 210.06
sheep 0.513941 188.34 172.31 210.66 198.52
aeroplane 0.513926 116.86 7.91 143.11 44.33
aeroplane 0.513904 197.77 4.36 212.79 32.56
boat 0.513889 6.52 37.40 90.75 128.86
car 0.513870 124.67 44.90 153.80 81.81
boat 0.513869 211.44 30.88 224.00 62.31
aeroplane 0.513863 138.15 4.08 164.70 30.76
sheep 0.513807 151.65 161.82 215.14 224.00
person 0.513736 98.90 43.18 182.28 182.20
sheep 0.513662 206.76 160.44 221.28 192.03
aeroplane 0.513562 176.83 1.00 195.05 26.58
aeroplane 0.513527 156.35 5.56 204.91 115.07
aeroplane 0.513266 140.12 49.89 160.83 79.92
dog 0.513201 182.12 50.10 193.29 72.69
aeroplane 0.513177 160.07 29.27 202.42 142.38
sheep 0.513144 212.00 72.73 224.00 111.50
sheep 0.513121 206.31 149.58 222.20 185.82
aeroplane 0.513089 135.02 36.49 159.43 67.61
boat 0.513084 212.00 47.13 224.00 80.23
boat 0.513042 99.42 0.00 127.32 21.36
sheep 0.513038 189.79 200.12 210.23 224.00
sheep 0.513035 212.00 55.22 224.00 88.70
boat 0.512991 212.00 38.91 224.00 71.37
aeroplane 0.512943 148.02 2.69 173.64 26.92
sheep 0.512912 205.38 130.76 222.04 177.15
aeroplane 0.512831 119.15 3.72 180.12 119.43
diningtable 0.512761 156.39 49.85 197.57 159.99
sheep 0.512748 166.58 197.76 199.72 224.00
sheep 0.512698 212.00 63.48 224.00 98.86
sheep 0.512519 139.89 118.06 210.93 196.43
boat 0.512451 166.02 0.00 192.57 12.77
boat 0.512199 212.00 16.86 223.43 46.01
sheep 0.512097 207.08 169.58 220.86 199.80
aeroplane 0.512086 189.87 2.92 224.00 108.24
boat 0.511968 111.13 0.00 134.06 19.99
diningtable 0.511601 167.29 65.12 224.00 178.87
car 0.511556 126.42 0.00 155.58 17.74
sheep 0.511446 206.46 180.09 221.12 210.03
sheep 0.511205 204.04 196.07 220.80 224.00
boat 0.510953 211.75 5.15 223.73 37.01
car 0.510805 90.83 0.00 169.72 78.93
aeroplane 0.510635 186.07 23.06 224.00 134.84
aeroplane 0.510577 119.60 0.00 147.30 18.46
car 0.510337 178.95 0.00 224.00 72.42
boat 0.510246 205.77 0.00 222.74 24.05
boat 0.509736 143.68 0.00 205.60 71.97
boat 0.509673 111.07 0.00 184.39 76.05
