person 0.598884 0.00 64.93 189.72 224.00
chair 0.590120 16.84 89.04 187.33 214.23
pottedplant 0.581488 34.54 27.01 146.49 131.00
pottedplant 0.576496 60.63 19.33 144.43 111.69
pottedplant 0.572597 37.63 14.90 179.13 146.80
pottedplant 0.567366 57.23 71.97 158.34 132.40
diningtable 0.564974 62.31 73.14 155.06 136.10
pottedplant 0.564947 46.89 12.39 134.00 90.97
tvmonitor 0.563503 146.23 126.33 197.31 199.26
bottle 0.560237 59.83 77.00 154.72 133.83
chair 0.559773 109.04 141.50 151.92 204.42
person 0.555750 20.02 83.94 144.07 224.00
bicycle 0.554132 33.38 24.29 178.71 156.85
chair 0.554047 140.01 69.35 202.08 224.00
tvmonitor 0.553744 134.92 113.43 189.75 198.13
tvmonitor 0.553130 44.29 127.81 175.00 218.19
pottedplant 0.551787 144.12 68.25 202.94 224.00
pottedplant 0.551586 21.63 46.18 161.59 167.31
chair 0.550825 92.49 157.21 165.62 216.58
diningtable 0.550721 29.17 92.59 153.79 212.46
pottedplant 0.550694 68.23 61.42 147.99 123.38
chair 0.550536 12.20 41.66 167.53 174.31
diningtable 0.550386 69.19 58.02 148.95 125.37
pottedplant 0.549963 190.70 134.55 215.18 161.48
chair 0.549676 82.82 142.46 132.58 202.88
pottedplant 0.546738 126.90 0.00 211.72 101.76
diningtable 0.546573 71.38 89.32 137.93 145.49
pottedplant 0.545911 197.25 102.16 224.00 126.58
pottedplant 0.545728 121.09 8.84 196.20 168.33
pottedplant 0.544657 73.43 36.50 134.05 104.97
pottedplant 0.544464 150.38 133.53 193.28 186.92
tvmonitor 0.544113 139.77 156.63 199.61 213.95
chair 0.543831 164.05 106.27 224.00 224.00
tvmonitor 0.542388 144.99 106.67 209.48 220.41
pottedplant 0.541670 156.90 102.97 220.09 223.35
pottedplant 0.541252 79.75 81.56 145.15 133.60
bottle 0.541251 30.07 163.63 79.73 224.00
bottle 0.541154 34.08 149.75 78.62 212.09
chair 0.540799 32.65 149.30 78.43 207.37
bottle 0.540723 71.58 87.75 140.92 145.32
chair 0.540148 35.61 126.04 178.37 223.01
chair 0.540025 80.43 69.05 194.07 205.55
pottedplant 0.539279 153.71 96.49 189.62 125.27
tvmonitor 0.538903 152.55 172.85 206.19 211.82
pottedplant 0.538734 86.07 14.38 133.76 95.80
sofa 0.538552 0.00 122.89 21.73 188.58
dog 0.538085 0.00 68.59 27.53 115.71
cow 0.537844 86.90 0.00 139.01 19.21
pottedplant 0.537632 97.36 61.90 188.36 184.17
diningtable 0.537516 54.61 89.71 110.44 146.25
pottedplant 0.537410 57.40 24.61 120.50 94.52
tvmonitor 0.536856 212.64 174.84 224.00 215.40
person 0.536449 26.82 102.84 57.34 145.02
chair 0.536405 29.69 160.81 81.34 224.00
dog 0.536376 3.48 72.05 46.28 108.37
sofa 0.536231 0.00 123.54 10.08 188.20
person 0.535864 51.03 103.33 88.37 148.89
bird 0.535723 155.01 0.00 203.48 22.30
pottedplant 0.535675 143.50 0.00 216.67 177.40
pottedplant 0.535573 185.00 134.16 210.87 167.70
tvmonitor 0.535545 158.15 121.72 219.74 224.00
bottle 0.535490 82.06 124.38 109.02 157.13
bottle 0.535419 116.60 137.97 147.12 197.87
pottedplant 0.535379 204.29 133.13 224.00 162.42
tvmonitor 0.535219 120.20 116.20 198.69 216.36
tvmonitor 0.535183 0.00 135.19 22.57 212.16
person 0.535176 77.76 109.47 116.55 151.50
person 0.534910 37.95 104.17 76.64 148.33
person 0.534781 61.94 99.99 103.32 147.74
person 0.534575 50.91 78.74 115.95 145.54
cat 0.534512 89.92 159.68 172.43 219.46
person 0.534424 41.82 93.41 94.31 148.92
chair 0.534079 117.01 56.56 223.00 220.78
chair 0.534011 73.96 44.34 134.60 108.41
person 0.533888 38.02 109.38 62.05 147.77
chair 0.533722 74.42 142.86 112.94 196.59
pottedplant 0.533548 168.55 135.36 204.65 172.69
chair 0.533485 0.00 120.00 9.29 182.80
bottle 0.533458 62.24 36.08 113.60 96.11
chair 0.533408 85.18 133.79 123.66 189.57
pottedplant 0.533404 83.43 21.46 183.73 132.53
chair 0.533396 4.15 66.35 56.04 100.00
pottedplant 0.533257 187.60 98.52 217.73 124.53
diningtable 0.533252 0.00 122.15 21.81 183.04
pottedplant 0.533246 196.72 135.74 218.85 164.40
person 0.533245 0.00 91.75 76.62 210.96
bottle 0.533195 82.32 109.95 122.33 153.39
bottle 0.533035 88.31 129.58 116.89 169.13
boat 0.532832 135.34 59.78 174.97 111.45
bottle 0.532821 0.00 205.78 17.57 224.00
pottedplant 0.532717 114.61 48.11 170.19 101.62
pottedplant 0.532582 151.44 0.00 224.00 85.72
person 0.532507 17.76 93.38 61.52 146.13
chair 0.532471 83.17 129.73 110.28 166.60
bottle 0.532440 93.66 127.93 122.86 161.19
chair 0.532414 61.14 143.27 87.11 199.06
aeroplane 0.532342 210.19 0.00 224.00 23.95
tvmonitor 0.532302 177.76 177.28 214.55 213.96
pottedplant 0.532294 145.21 95.35 181.04 125.78
pottedplant 0.531969 51.43 17.07 111.67 80.17
person 0.531960 7.97 80.20 64.44 140.81
person 0.531884 57.27 112.88 83.70 149.94
tvmonitor 0.531859 103.72 158.30 183.29 217.58
pottedplant 0.531847 198.44 108.86 222.85 134.89
sofa 0.531574 3.36 127.36 28.53 203.19
cow 0.531559 66.90 0.00 120.29 17.38
aeroplane 0.531557 162.09 9.85 199.84 58.89
cow 0.531548 106.33 0.00 150.13 20.21
bottle 0.531500 95.63 185.73 159.98 224.00
person 0.531392 5.39 68.92 57.53 105.50
bottle 0.531382 0.00 209.54 30.94 224.00
pottedplant 0.531302 105.10 0.00 217.77 142.17
person 0.531234 66.04 110.96 96.00 149.31
chair 0.531201 35.38 129.57 71.88 187.28
pottedplant 0.531096 157.86 100.05 196.82 129.51
person 0.531057 29.32 95.86 81.85 150.17
tvmonitor 0.530998 140.57 134.20 181.66 197.11
boat 0.530942 0.00 145.88 22.37 216.67
person 0.530907 66.80 121.62 91.92 153.27
car 0.530837 210.15 203.10 224.00 224.00
pottedplant 0.530807 131.34 50.07 195.71 183.97
chair 0.530706 83.15 168.01 139.30 224.00
pottedplant 0.530672 91.97 43.12 159.03 105.52
tvmonitor 0.530415 168.80 150.08 224.00 224.00
tvmonitor 0.530227 150.66 133.36 188.94 189.19
bottle 0.530196 94.42 132.32 127.52 170.93
pottedplant 0.530169 149.64 107.58 182.55 149.14
sheep 0.530083 92.64 172.21 165.37 224.00
aeroplane 0.530042 3.36 131.43 28.57 210.54
pottedplant 0.529925 177.63 98.42 208.04 124.05
bird 0.529835 172.41 0.00 213.17 21.85
pottedplant 0.529697 72.51 1.40 134.61 72.71
bottle 0.529628 113.93 132.12 139.45 176.88
bottle 0.529626 51.03 30.75 105.38 88.44
aeroplane 0.529561 128.68 0.00 163.95 21.30
aeroplane 0.529497 151.11 8.72 189.41 61.98
pottedplant 0.529394 174.78 73.67 224.00 195.99
tvmonitor 0.529303 0.00 133.06 10.18 202.29
person 0.529291 74.94 122.49 104.94 154.23
bottle 0.529284 108.58 130.28 135.06 167.65
pottedplant 0.529174 195.10 130.17 219.19 156.26
person 0.529048 0.00 0.00 104.98 136.16
bicycle 0.529004 24.08 78.96 142.29 205.93
aeroplane 0.528931 143.91 21.35 166.68 65.88
chair 0.528918 14.48 125.34 125.80 224.00
pottedplant 0.528787 166.78 0.00 224.00 124.26
bird 0.528559 137.00 0.00 173.54 20.68
bird 0.528526 143.88 0.00 188.15 20.60
bottle 0.528508 177.01 207.88 217.31 224.00
aeroplane 0.528497 159.39 0.00 201.24 35.73
tvmonitor 0.528395 130.89 145.10 206.88 224.00
tvmonitor 0.528295 191.97 136.89 215.92 170.43
chair 0.528268 47.77 138.93 79.72 201.90
cow 0.528189 64.62 0.00 137.94 23.43
aeroplane 0.528168 117.22 0.00 156.78 20.69
chair 0.528159 31.76 118.01 60.15 164.27
bottle 0.528135 9.84 60.34 60.26 94.64
aeroplane 0.528012 182.69 0.00 218.45 20.52
person 0.527971 0.00 112.81 8.57 175.14
tvmonitor 0.527941 193.50 175.38 222.05 213.63
aeroplane 0.527834 136.67 47.18 179.38 101.97
chair 0.527831 67.59 128.58 90.49 163.50
pottedplant 0.527768 58.67 0.00 122.54 55.79
dog 0.527734 0.00 0.00 20.54 23.99
sheep 0.527629 86.84 201.70 141.68 224.00
aeroplane 0.527516 164.41 26.44 195.23 73.29
pottedplant 0.527471 135.58 93.76 174.02 124.84
bottle 0.527462 100.63 114.56 132.70 157.45
tvmonitor 0.527450 207.09 138.09 224.00 175.88
pottedplant 0.527333 88.79 29.83 140.92 109.54
pottedplant 0.527201 204.06 118.59 224.00 147.19
aeroplane 0.527189 58.21 0.00 128.57 54.73
aeroplane 0.527159 146.13 18.42 175.32 68.16
chair 0.527154 75.59 130.04 104.30 164.31
boat 0.527105 138.65 22.09 159.61 65.85
aeroplane 0.526979 62.69 0.00 112.76 16.38
bottle 0.526959 26.83 190.83 75.64 224.00
pottedplant 0.526909 99.83 88.10 156.48 127.86
person 0.526896 2.39 66.22 44.82 121.02
person 0.526892 33.50 111.43 56.48 150.19
aeroplane 0.526852 153.28 0.00 193.92 50.60
person 0.526841 0.00 0.00 47.35 52.79
chair 0.526731 79.63 207.58 128.43 224.00
person 0.526697 5.97 70.87 63.45 122.21
person 0.526680 46.05 116.78 71.55 151.74
chair 0.526678 64.12 210.70 101.65 224.00
aeroplane 0.526440 220.00 22.69 224.00 65.93
chair 0.526398 54.73 211.40 91.39 224.00
chair 0.526243 0.00 122.96 71.07 224.00
sheep 0.526166 3.98 68.08 63.57 103.51
person 0.526150 22.57 107.64 48.20 147.35
cat 0.526117 0.00 19.60 10.43 73.61
aeroplane 0.526101 151.45 23.75 183.83 75.21
chair 0.525996 72.45 209.49 116.84 224.00
bicycle 0.525961 36.35 49.63 160.11 187.86
bottle 0.525897 110.71 194.58 176.07 224.00
dog 0.525831 0.00 58.07 17.45 101.20
tvmonitor 0.525814 163.63 205.68 209.51 224.00
boat 0.525809 144.18 26.09 167.07 71.51
pottedplant 0.525780 191.03 121.40 217.97 149.89
aeroplane 0.525775 174.75 14.64 207.94 56.23
bottle 0.525616 126.39 199.68 185.56 224.00
chair 0.525535 18.37 138.14 66.90 197.43
bottle 0.525512 193.38 205.51 224.00 224.00
bottle 0.525430 89.22 169.36 171.51 224.00
tvmonitor 0.525360 210.79 161.56 224.00 206.36
pottedplant 0.525316 69.28 0.00 171.14 87.32
pottedplant 0.525277 140.66 75.74 176.13 123.18
chair 0.525221 38.89 65.96 145.46 196.08
chair 0.525200 36.60 211.19 82.26 224.00
dog 0.525003 0.00 30.91 12.06 82.93
person 0.525000 0.00 69.29 22.18 126.69
bottle 0.524873 141.44 202.70 194.48 224.00
chair 0.524804 17.34 128.86 59.10 184.78
pottedplant 0.524757 39.05 0.00 157.10 100.02
aeroplane 0.524707 172.30 2.47 207.20 45.61
chair 0.524647 56.39 0.00 100.63 15.84
diningtable 0.524603 4.50 87.31 39.97 143.30
bottle 0.524564 29.48 210.28 77.48 224.00
pottedplant 0.524531 202.29 90.75 224.00 125.91
diningtable 0.524518 56.70 64.58 115.14 133.98
aeroplane 0.524448 220.00 8.57 224.00 49.63
aeroplane 0.524420 219.24 35.94 224.00 79.50
person 0.524333 0.00 76.32 58.16 177.12
sheep 0.524314 86.37 184.41 148.08 224.00
chair 0.524262 59.62 125.87 80.17 163.19
boat 0.524237 136.98 41.47 171.64 93.12
person 0.524228 11.77 92.99 49.40 142.61
boat 0.524063 194.87 0.00 224.00 21.19
dog 0.523916 0.00 46.11 14.70 93.09
chair 0.523853 46.54 121.29 72.15 164.10
person 0.523821 0.00 89.24 9.69 152.56
aeroplane 0.523818 219.11 53.76 224.00 99.97
bottle 0.523809 21.28 0.00 73.48 46.07
pottedplant 0.523741 181.61 31.61 224.00 157.80
chair 0.523730 19.29 120.12 51.68 166.48
diningtable 0.523717 9.86 129.70 40.74 195.22
diningtable 0.523620 3.34 117.53 30.97 167.92
aeroplane 0.523566 177.56 30.54 204.28 68.49
aeroplane 0.523537 11.34 133.00 42.68 201.89
chair 0.523523 65.13 133.81 90.92 184.19
person 0.523479 42.86 48.59 134.94 190.57
sheep 0.523402 0.00 22.90 19.55 70.18
pottedplant 0.523377 149.71 124.36 183.75 176.06
person 0.523357 0.00 76.83 14.81 139.59
sheep 0.523328 0.00 35.01 21.56 81.52
aeroplane 0.523210 138.23 56.84 185.43 113.72
dog 0.523173 13.27 0.00 76.60 33.26
person 0.523151 0.00 62.85 48.00 147.69
tvmonitor 0.523143 181.64 135.06 209.42 173.97
tvmonitor 0.523138 210.35 145.89 224.00 189.85
aeroplane 0.523060 194.28 33.34 215.05 65.76
bottle 0.523016 43.93 23.24 96.02 72.47
sheep 0.523000 18.85 0.00 67.53 41.71
aeroplane 0.522974 215.94 0.00 224.00 30.40
aeroplane 0.522863 138.68 18.24 158.03 60.84
chair 0.522769 55.23 131.88 80.15 185.48
cow 0.522745 75.95 0.00 135.01 49.03
diningtable 0.522744 4.58 103.79 34.01 155.57
bottle 0.522652 30.09 16.53 65.44 62.02
sheep 0.522608 2.19 62.39 32.20 100.65
aeroplane 0.522558 148.29 0.00 179.79 51.96
aeroplane 0.522539 185.92 25.66 211.21 61.95
cat 0.522359 0.00 8.17 9.73 54.37
diningtable 0.522265 10.28 72.79 68.79 126.67
aeroplane 0.522215 144.67 39.15 184.25 92.61
bottle 0.522077 14.69 210.41 60.42 224.00
chair 0.522010 80.06 189.96 133.83 224.00
diningtable 0.521859 21.81 113.63 48.47 153.09
person 0.521772 0.00 36.86 42.64 115.20
aeroplane 0.521558 216.54 65.00 224.00 110.30
person 0.521556 4.05 46.88 116.08 201.19
person 0.521533 48.33 0.00 151.00 140.46
diningtable 0.521468 10.03 122.29 37.18 171.84
bottle 0.521439 37.40 23.77 76.83 69.31
chair 0.521412 64.07 51.86 110.94 110.24
pottedplant 0.521410 157.53 108.09 194.49 144.95
tvmonitor 0.521360 169.45 184.79 213.36 224.00
diningtable 0.521327 0.00 101.85 27.52 161.99
chair 0.521301 21.00 0.00 73.78 20.28
tvmonitor 0.521297 185.70 167.16 215.08 207.88
aeroplane 0.521271 144.77 30.96 174.80 82.41
sofa 0.521205 0.00 71.27 37.22 134.57
pottedplant 0.521200 123.95 71.28 169.53 121.89
pottedplant 0.521197 188.62 109.28 215.38 136.53
sheep 0.521119 1.61 50.59 26.42 92.36
boat 0.521076 0.00 162.01 9.95 221.60
chair 0.521054 41.16 69.29 98.60 134.20
aeroplane 0.521038 27.13 152.69 72.50 217.11
bottle 0.521032 52.35 49.30 96.05 95.81
cat 0.521023 17.24 0.00 67.55 18.24
person 0.521003 17.78 77.70 97.48 190.15
diningtable 0.520906 14.22 106.47 43.26 150.82
aeroplane 0.520879 159.98 40.32 192.95 88.53
pottedplant 0.520758 157.95 91.41 196.37 122.86
chair 0.520691 63.77 161.01 106.65 224.00
tvmonitor 0.520662 211.51 188.57 224.00 224.00
aeroplane 0.520633 5.67 154.08 27.91 215.73
sheep 0.520625 59.90 0.00 118.87 54.68
person 0.520614 0.00 16.03 43.18 96.69
pottedplant 0.520439 110.87 18.21 145.91 70.51
sheep 0.520349 58.62 0.00 118.54 28.24
sheep 0.520328 5.47 64.22 45.92 101.28
bottle 0.520227 0.00 192.75 13.32 224.00
bottle 0.520223 0.00 174.35 23.52 224.00
aeroplane 0.520167 152.61 47.70 192.36 99.59
bottle 0.520017 97.60 93.52 141.75 146.47
bottle 0.519995 0.00 0.00 11.49 42.09
bottle 0.519927 30.17 30.89 64.02 78.75
sheep 0.519925 29.45 0.00 84.94 48.44
pottedplant 0.519863 148.36 55.90 211.68 182.77
boat 0.519823 132.54 32.69 163.67 84.59
bicycle 0.519813 32.49 50.71 126.69 148.05
aeroplane 0.519802 190.37 20.04 215.19 53.77
chair 0.519705 34.09 39.26 130.18 130.82
bottle 0.519703 0.00 175.20 11.03 224.00
chair 0.519660 15.59 50.95 86.83 132.11
bottle 0.519646 29.92 39.99 84.11 85.90
aeroplane 0.519566 15.96 143.18 45.75 212.42
pottedplant 0.519447 159.47 123.47 192.94 169.77
tvmonitor 0.519430 190.94 146.51 214.75 186.99
bottle 0.519406 123.66 134.24 150.77 188.29
bottle 0.519394 27.30 49.46 75.06 89.82
dog 0.519342 0.00 0.00 32.36 20.08
aeroplane 0.519294 146.29 1.68 165.73 51.70
pottedplant 0.519106 94.60 14.43 136.16 72.82
bottle 0.519082 37.01 14.63 87.53 59.67
sheep 0.519068 144.14 75.34 186.38 125.38
bottle 0.518993 23.63 42.79 62.29 88.48
sheep 0.518827 51.54 15.80 98.56 63.63
pottedplant 0.518711 210.03 79.09 224.00 122.19
sheep 0.518654 47.52 0.00 94.87 48.86
aeroplane 0.518642 189.68 39.04 209.47 72.06
cat 0.518611 22.55 9.27 63.62 49.34
pottedplant 0.518489 184.36 123.34 213.15 153.70
pottedplant 0.518482 176.51 109.50 207.26 140.30
tvmonitor 0.518419 199.11 163.98 222.13 206.79
cat 0.518388 5.77 0.00 44.57 17.67
tvmonitor 0.518243 118.56 175.86 188.03 224.00
pottedplant 0.518104 95.29 61.17 154.75 121.87
chair 0.518034 23.76 0.00 113.66 63.23
bottle 0.518028 111.80 117.15 140.32 163.36
bird 0.517993 127.91 0.00 161.01 22.34
bottle 0.517986 26.25 24.40 61.27 69.21
aeroplane 0.517970 87.71 0.00 137.69 45.89
aeroplane 0.517856 114.42 16.93 146.03 65.35
sheep 0.517821 41.87 0.00 96.32 29.71
aeroplane 0.517635 187.48 9.72 213.43 44.01
tvmonitor 0.517590 175.06 147.11 206.71 190.65
chair 0.517551 60.97 190.70 101.81 224.00
tvmonitor 0.517469 200.23 145.69 219.64 186.06
pottedplant 0.517413 139.07 107.31 172.02 150.12
dog 0.517341 4.39 25.65 29.28 66.81
sheep 0.517308 197.61 69.76 221.14 108.14
chair 0.517296 68.03 146.21 107.48 208.58
chair 0.517253 48.83 56.84 95.63 109.08
aeroplane 0.517115 198.58 56.62 219.16 94.67
aeroplane 0.517071 174.36 52.06 202.26 94.23
chair 0.517056 3.56 0.00 83.10 55.04
bottle 0.517014 0.00 196.08 27.27 224.00
aeroplane 0.516915 203.04 25.20 221.90 60.81
pottedplant 0.516889 109.37 99.79 151.74 147.81
pottedplant 0.516756 173.00 124.46 204.39 161.20
chair 0.516738 16.60 23.17 86.91 102.43
sheep 0.516734 6.34 37.21 32.28 79.64
chair 0.516580 25.17 62.33 71.34 106.19
aeroplane 0.516525 182.15 0.00 212.00 32.47
bottle 0.516504 0.10 12.04 22.29 48.66
aeroplane 0.516477 177.55 43.25 202.07 81.69
bottle 0.516345 120.96 120.82 151.11 167.42
bottle 0.516288 5.70 171.52 31.67 224.00
aeroplane 0.516279 139.24 5.02 156.30 52.90
pottedplant 0.516153 102.68 28.22 150.34 92.23
sheep 0.516050 6.62 52.61 39.65 92.67
chair 0.516006 35.20 189.08 83.96 224.00
sheep 0.515966 4.28 18.76 30.93 57.26
aeroplane 0.515958 197.64 45.77 216.67 81.15
sheep 0.515706 172.27 66.63 204.46 109.96
aeroplane 0.515652 144.83 0.00 166.52 33.77
aeroplane 0.515564 95.25 3.42 136.93 63.75
sheep 0.515548 14.30 10.27 55.87 45.16
pottedplant 0.515467 142.57 124.74 173.68 171.32
dog 0.515431 11.15 0.00 60.47 23.85
bottle 0.515331 13.85 18.46 51.86 58.17
bottle 0.515227 16.46 192.95 61.53 224.00
bottle 0.515225 15.85 170.02 45.97 224.00
sheep 0.515205 6.58 12.02 37.02 44.07
aeroplane 0.515202 204.45 37.10 223.83 73.30
aeroplane 0.515040 190.62 56.03 212.56 93.76
aeroplane 0.515002 190.57 45.43 210.58 80.39
sheep 0.514820 190.54 69.86 214.79 108.65
sheep 0.514766 194.86 84.28 222.67 122.14
tvmonitor 0.514725 147.12 178.43 204.61 224.00
aeroplane 0.514684 209.29 54.97 224.00 96.34
aeroplane 0.514620 204.15 9.65 221.00 45.06
sheep 0.514560 207.68 67.10 224.00 108.00
aeroplane 0.514443 195.72 0.00 221.90 26.20
aeroplane 0.514028 206.98 44.58 224.00 83.39
tvmonitor 0.513901 189.98 187.42 222.66 224.00
sheep 0.513562 8.63 0.00 43.89 30.23
bottle 0.513374 0.00 0.00 31.42 25.39
aeroplane 0.513356 136.79 0.00 156.51 32.92
sheep 0.513354 173.88 83.05 206.97 122.32
bottle 0.513318 1.86 1.68 26.87 34.58
sheep 0.512863 14.09 38.10 55.78 82.11
chair 0.512690 10.05 0.00 90.70 79.94
sheep 0.512091 10.37 53.15 61.07 95.00
bottle 0.511778 9.44 194.85 46.98 224.00
aeroplane 0.511058 115.78 0.00 147.36 35.27
