person 0.664074 63.18 5.94 85.31 35.22
person 0.609806 22.30 28.92 155.90 214.51
motorbike 0.602066 38.48 40.74 207.56 181.54
person 0.593281 52.93 8.02 77.68 35.05
person 0.581737 69.71 5.67 92.00 34.75
motorbike 0.579516 83.81 91.87 160.68 191.65
person 0.579341 14.99 63.96 111.95 222.93
person 0.577388 39.99 51.16 206.78 220.99
person 0.572637 42.73 7.05 74.47 41.47
person 0.567328 0.00 68.93 28.95 187.56
boat 0.565313 8.55 71.91 29.44 169.06
person 0.565038 102.10 39.02 170.96 118.97
motorbike 0.561970 98.81 41.75 168.83 121.98
person 0.560399 131.31 38.88 163.21 92.31
person 0.560281 8.54 57.94 56.79 187.42
motorbike 0.558776 71.66 14.07 208.27 154.25
person 0.557475 2.59 52.73 39.98 180.42
motorbike 0.556661 94.18 74.39 161.05 164.60
person 0.555302 113.28 39.36 161.15 104.86
car 0.554715 216.64 162.25 223.62 199.23
person 0.553930 216.13 163.78 223.55 201.43
person 0.553736 70.53 18.15 224.00 168.16
bottle 0.552103 10.84 76.82 33.55 169.90
person 0.550875 149.21 59.95 172.15 114.59
pottedplant 0.550734 0.00 75.16 19.44 166.41
motorbike 0.550480 93.51 113.71 145.10 189.45
person 0.550414 55.99 71.19 188.25 197.02
person 0.549833 34.33 10.30 73.00 47.97
person 0.549761 218.29 55.60 224.00 105.37
car 0.549467 0.00 75.22 19.72 165.13
person 0.548641 161.45 63.22 177.86 117.34
motorbike 0.548365 82.50 76.66 207.48 194.04
person 0.548024 109.75 25.15 219.09 136.01
person 0.547670 127.22 51.53 167.48 112.81
pottedplant 0.546911 4.96 71.83 23.81 169.92
motorbike 0.545696 46.24 69.09 188.44 203.27
car 0.545512 216.75 152.18 224.00 188.67
person 0.545478 142.34 42.14 168.01 86.08
person 0.545429 18.31 62.42 83.62 193.46
person 0.545199 216.87 79.51 224.00 126.76
person 0.543837 188.89 64.57 202.19 113.83
person 0.543583 143.03 55.15 169.46 106.00
person 0.543560 215.77 103.28 224.00 142.29
chair 0.543460 42.85 73.73 80.42 160.34
boat 0.542448 0.00 75.63 18.40 159.52
sofa 0.541436 32.32 15.15 71.01 45.99
car 0.540826 216.99 143.75 224.00 179.41
person 0.540756 175.68 65.75 192.29 118.19
person 0.540536 0.00 144.46 10.61 215.72
motorbike 0.540115 110.64 98.13 164.30 171.31
chair 0.539807 39.30 81.42 72.13 170.04
person 0.539649 217.72 46.32 224.00 89.43
person 0.539637 44.99 69.96 80.60 146.60
person 0.539519 68.16 9.42 85.17 46.88
boat 0.539406 5.45 74.43 24.82 152.39
motorbike 0.539352 103.70 102.94 216.89 213.44
person 0.539121 0.00 108.93 29.34 220.45
pottedplant 0.539052 0.00 90.54 13.58 174.04
person 0.538487 173.86 27.34 224.00 134.85
dog 0.538381 44.57 90.56 78.98 175.70
person 0.538008 188.20 41.14 224.00 146.38
car 0.537942 215.78 110.08 224.00 147.44
person 0.537879 125.42 22.02 146.63 71.41
chair 0.537270 31.23 76.58 63.34 164.88
person 0.536845 22.26 18.87 66.12 56.46
motorbike 0.536745 116.53 150.05 224.00 224.00
person 0.536653 120.06 11.51 210.95 112.74
person 0.536646 50.07 143.15 70.17 209.81
sofa 0.536509 11.51 38.26 47.04 109.40
motorbike 0.536408 141.27 105.87 171.93 160.82
bottle 0.536297 0.00 105.04 10.81 181.02
motorbike 0.536164 92.17 59.66 162.88 139.51
sofa 0.536092 19.56 22.28 65.34 59.28
motorbike 0.535992 5.93 62.39 141.47 209.43
tvmonitor 0.535918 0.00 35.79 12.77 99.48
person 0.535746 0.00 117.40 9.51 190.82
person 0.535300 39.28 161.57 69.60 221.95
person 0.535186 0.00 26.09 41.53 131.89
tvmonitor 0.534788 0.00 16.52 13.73 66.29
person 0.534760 198.15 58.63 224.00 166.19
bottle 0.534517 43.41 106.91 71.60 186.32
person 0.534382 44.63 65.21 72.31 130.51
sheep 0.534236 0.00 146.97 17.56 217.83
bottle 0.534187 8.19 92.36 28.95 182.00
person 0.534170 218.33 39.26 224.00 79.00
motorbike 0.534061 30.52 168.51 122.32 224.00
person 0.533999 152.17 43.57 176.00 83.07
tvmonitor 0.533967 40.04 13.29 70.96 40.97
motorbike 0.533960 87.15 95.55 142.91 178.03
diningtable 0.533762 8.96 39.47 48.79 108.01
tvmonitor 0.533754 0.00 2.44 12.87 51.96
person 0.533701 0.00 202.55 18.56 224.00
motorbike 0.533385 109.70 20.90 205.80 133.51
motorbike 0.533341 156.87 110.88 178.05 155.50
bottle 0.533022 0.00 97.15 18.03 182.12
car 0.532991 13.32 41.49 42.27 118.94
bottle 0.532814 51.56 146.36 74.82 203.26
motorbike 0.532805 174.11 123.13 224.00 224.00
motorbike 0.532665 155.26 72.74 175.17 124.86
person 0.532554 130.67 26.98 153.15 85.76
bottle 0.532517 35.26 91.97 60.95 177.37
person 0.532326 214.15 198.52 224.00 224.00
person 0.532315 187.56 73.72 204.11 122.79
person 0.532166 194.43 62.80 207.05 112.44
person 0.532146 9.45 34.17 55.37 136.11
person 0.532127 92.27 38.33 189.15 147.43
motorbike 0.532084 164.79 113.91 184.03 150.69
person 0.532063 203.19 78.40 224.00 191.78
motorbike 0.532018 89.61 79.18 136.83 153.91
person 0.531909 196.97 97.94 224.00 213.89
person 0.531841 49.28 15.66 76.37 54.13
boat 0.531692 0.00 60.82 15.21 139.62
motorbike 0.531539 100.88 130.63 129.51 197.53
person 0.531534 67.59 18.36 82.01 54.59
car 0.531476 216.61 131.77 224.00 169.12
cow 0.531297 0.00 207.25 31.71 224.00
person 0.531108 0.00 0.00 96.04 154.74
person 0.531050 147.10 32.77 171.46 82.81
person 0.530944 211.94 164.49 221.25 197.71
person 0.530886 0.00 164.11 47.84 224.00
person 0.530867 0.00 135.71 16.63 212.82
person 0.530788 108.20 212.02 139.28 224.00
person 0.530780 209.71 105.71 219.53 139.33
person 0.530772 211.68 78.80 221.21 123.47
person 0.530757 37.21 64.71 64.13 132.29
person 0.530595 40.54 50.49 69.55 94.85
motorbike 0.530561 99.78 44.25 138.43 107.77
boat 0.530516 11.01 43.29 41.54 121.41
person 0.530492 212.00 56.15 224.00 105.11
boat 0.530456 10.47 57.08 33.98 134.55
person 0.530423 127.43 0.00 202.92 84.18
person 0.530383 184.54 61.11 201.37 106.37
person 0.530377 47.93 58.90 69.98 101.18
person 0.530355 25.92 45.45 62.39 98.97
car 0.530256 216.18 118.89 224.00 156.96
person 0.530165 122.57 212.25 153.57 224.00
chair 0.530140 74.13 78.15 114.85 152.69
person 0.530001 0.00 111.33 16.82 191.79
person 0.529990 34.73 53.02 61.88 105.18
person 0.529981 129.50 211.62 161.21 224.00
person 0.529891 76.89 7.37 100.00 33.61
person 0.529871 101.87 40.40 133.74 102.17
tvmonitor 0.529799 0.00 0.00 17.90 31.48
sheep 0.529793 5.92 144.55 31.31 215.76
car 0.529752 79.89 141.32 108.75 199.61
person 0.529653 211.22 87.63 219.55 128.62
person 0.529634 20.62 84.08 49.86 170.87
person 0.529583 0.00 0.00 43.11 56.63
bus 0.529510 11.27 38.72 47.87 108.45
person 0.529490 101.20 211.55 130.79 224.00
person 0.529427 11.43 82.92 38.89 172.99
motorbike 0.529373 104.29 162.46 194.21 224.00
tvmonitor 0.529362 0.00 30.07 15.02 80.78
person 0.529329 187.41 56.79 203.23 97.65
motorbike 0.529311 173.58 119.45 190.87 153.52
cow 0.529281 194.89 12.79 212.31 26.97
person 0.529243 218.62 31.46 224.00 67.95
person 0.529216 212.00 70.26 223.69 117.96
dog 0.529080 14.48 148.98 46.15 215.98
motorbike 0.529071 2.81 174.29 91.56 224.00
person 0.528953 135.95 26.22 158.69 76.26
sheep 0.528843 7.42 107.87 29.48 190.76
motorbike 0.528745 90.53 130.09 124.84 194.92
person 0.528699 81.19 209.51 115.65 224.00
person 0.528690 5.74 41.05 52.68 104.04
person 0.528607 89.08 211.35 122.45 224.00
bottle 0.528579 13.86 95.04 35.97 181.64
cow 0.528349 169.26 41.46 190.85 77.91
tvmonitor 0.528236 7.41 39.91 36.82 109.92
cow 0.528209 172.72 48.26 193.88 82.05
person 0.528168 156.65 156.60 224.00 224.00
motorbike 0.528121 100.07 56.58 146.30 124.51
person 0.528100 54.56 63.99 77.09 98.03
motorbike 0.528020 40.09 86.48 133.56 213.15
person 0.527973 136.71 210.84 173.53 224.00
motorbike 0.527948 94.80 128.84 189.13 224.00
person 0.527886 197.72 76.04 210.24 121.52
motorbike 0.527837 33.15 126.82 132.20 224.00
motorbike 0.527813 73.90 73.97 111.94 140.19
motorbike 0.527809 199.13 107.47 213.25 137.35
motorbike 0.527768 162.00 88.42 181.73 135.69
person 0.527758 153.57 31.86 178.03 78.15
motorbike 0.527623 138.93 70.23 170.75 126.31
person 0.527584 44.52 144.69 66.18 216.65
car 0.527490 205.23 0.00 224.00 18.88
horse 0.527483 0.00 169.14 69.92 224.00
motorbike 0.527358 131.43 50.58 215.25 163.11
cow 0.527353 189.03 13.88 209.13 26.63
person 0.527350 64.45 68.67 84.01 95.96
person 0.527326 215.67 171.64 224.00 210.30
motorbike 0.527224 109.18 83.27 166.15 152.39
motorbike 0.527159 68.63 167.81 162.60 224.00
person 0.527146 27.54 190.25 78.68 224.00
bottle 0.527138 12.67 65.48 35.23 145.09
person 0.526959 34.49 53.59 96.20 171.25
motorbike 0.526911 155.49 87.39 175.78 139.08
person 0.526911 195.01 54.40 208.40 97.68
person 0.526785 192.18 202.73 214.89 224.00
motorbike 0.526778 143.72 209.99 188.82 224.00
motorbike 0.526733 178.15 204.93 209.55 224.00
cow 0.526626 210.15 112.73 218.92 143.88
person 0.526608 151.19 8.37 224.00 119.90
tvmonitor 0.526552 12.32 37.50 52.12 96.54
person 0.526538 29.62 100.71 55.18 183.47
person 0.526507 90.42 51.54 126.48 99.26
person 0.526438 56.52 0.00 162.38 164.92
person 0.526251 72.41 20.56 85.79 55.43
person 0.525922 192.22 83.74 206.46 125.13
dog 0.525908 74.17 114.87 118.39 189.83
person 0.525846 12.22 28.63 61.10 71.71
motorbike 0.525837 90.90 57.39 130.09 106.96
person 0.525834 48.53 55.53 76.09 91.10
person 0.525780 97.08 9.83 115.59 34.16
bottle 0.525773 47.29 130.07 76.05 191.33
person 0.525768 158.94 0.00 224.00 79.33
motorbike 0.525751 139.27 134.42 157.64 191.36
person 0.525719 68.60 205.76 104.89 224.00
motorbike 0.525714 165.10 122.98 182.39 160.74
cow 0.525701 167.50 31.93 189.44 70.61
chair 0.525685 75.28 98.84 118.57 174.88
sofa 0.525672 14.42 30.31 61.45 76.42
bottle 0.525637 42.73 126.86 66.76 190.08
person 0.525623 55.87 70.72 84.83 125.62
motorbike 0.525545 192.25 108.04 207.39 134.79
sheep 0.525536 13.87 139.44 42.62 209.81
sheep 0.525482 15.01 111.34 38.82 189.19
person 0.525388 0.00 168.74 11.11 224.00
person 0.525388 217.29 23.77 224.00 54.82
car 0.525375 201.96 169.17 214.92 197.36
person 0.525276 157.35 56.02 175.25 99.57
person 0.525233 45.25 140.91 69.00 193.90
motorbike 0.525230 147.68 114.25 171.20 167.11
person 0.525195 199.10 85.53 211.81 126.05
person 0.525170 198.65 97.72 213.09 131.88
cow 0.525163 2.87 208.56 47.12 224.00
cow 0.525157 195.45 18.05 211.97 33.41
car 0.525146 214.15 9.40 224.00 32.64
person 0.525144 136.99 22.20 155.20 64.55
person 0.525115 63.42 59.69 84.19 88.34
cow 0.525111 183.88 51.47 201.76 83.02
motorbike 0.525101 158.45 208.54 203.76 224.00
car 0.525074 79.03 170.08 104.47 212.12
motorbike 0.525073 116.55 128.89 146.75 194.24
dog 0.524983 28.48 160.09 62.79 220.59
motorbike 0.524860 200.33 114.87 212.94 141.57
cow 0.524857 215.78 17.11 224.00 42.50
cow 0.524835 181.61 43.19 200.10 73.73
motorbike 0.524819 192.16 97.34 207.84 130.05
person 0.524782 79.56 183.77 103.50 214.86
motorbike 0.524743 140.79 86.63 171.37 144.35
motorbike 0.524671 89.81 147.79 113.93 203.34
car 0.524664 212.00 151.85 220.46 185.48
tvmonitor 0.524589 8.11 23.02 30.93 63.76
motorbike 0.524578 92.23 67.91 132.19 125.52
tvmonitor 0.524556 8.45 36.67 40.00 88.08
person 0.524539 187.91 51.46 203.72 84.50
car 0.524266 156.34 25.47 179.42 70.82
person 0.524169 175.23 54.25 195.21 90.53
chair 0.524054 56.73 77.10 90.27 154.01
person 0.524008 119.85 20.90 139.30 56.69
motorbike 0.524000 175.66 92.50 193.04 132.40
person 0.523995 216.99 185.07 224.00 222.97
motorbike 0.523962 185.23 114.16 200.15 140.65
motorbike 0.523895 175.03 105.76 191.88 139.33
motorbike 0.523867 95.96 145.19 119.63 203.44
person 0.523858 50.15 198.92 94.33 224.00
sheep 0.523794 27.46 133.47 52.74 195.85
motorbike 0.523789 184.24 120.15 199.91 149.47
car 0.523765 212.00 144.11 219.91 176.28
person 0.523725 71.76 69.44 90.66 95.11
person 0.523708 62.36 71.17 84.24 107.42
person 0.523696 58.55 74.31 90.51 141.85
car 0.523687 158.20 0.00 188.41 15.94
tvmonitor 0.523604 3.89 8.98 24.96 48.23
bottle 0.523497 49.25 109.23 82.02 188.70
car 0.523479 183.20 0.00 212.37 18.84
person 0.523476 109.47 12.18 126.49 36.03
person 0.523461 53.93 50.06 147.09 175.03
person 0.523433 210.88 49.15 221.99 88.15
motorbike 0.523427 193.66 115.78 207.17 139.51
horse 0.523423 37.36 166.72 76.12 219.40
person 0.523343 79.29 65.99 107.06 98.12
motorbike 0.523313 173.89 176.61 193.45 198.78
car 0.523313 166.68 0.00 197.23 17.10
person 0.523204 206.28 199.98 224.00 224.00
car 0.522975 191.34 0.00 218.77 17.56
person 0.522965 16.38 97.39 95.41 212.52
motorbike 0.522956 185.47 106.83 201.66 135.16
cow 0.522929 192.31 0.00 214.67 20.12
cow 0.522846 189.77 17.42 208.64 32.55
cow 0.522735 188.23 42.98 204.16 72.68
person 0.522704 110.66 17.90 129.86 48.25
motorbike 0.522586 128.03 119.25 158.45 179.67
dog 0.522517 18.78 165.79 57.27 218.79
person 0.522506 21.55 35.35 62.39 85.58
car 0.522394 149.74 0.00 179.89 15.78
motorbike 0.522391 192.12 173.47 207.68 197.35
person 0.522358 145.02 23.74 166.20 63.82
motorbike 0.522355 186.84 95.78 204.15 130.39
person 0.522350 20.19 105.70 46.08 183.51
motorbike 0.522343 105.68 160.44 126.10 208.74
person 0.522322 70.04 182.99 95.60 217.14
cow 0.522289 179.80 32.26 199.76 63.03
dog 0.522285 42.43 139.40 69.96 197.60
dog 0.522232 38.59 156.51 72.59 222.08
dog 0.522216 10.66 206.71 59.80 224.00
person 0.522183 35.67 119.85 61.47 188.46
person 0.522177 81.50 193.69 103.51 222.92
person 0.522153 98.49 11.91 117.93 41.15
person 0.522147 0.00 188.00 14.01 224.00
person 0.522133 72.08 61.34 90.48 87.48
person 0.522093 195.82 50.20 209.71 86.00
person 0.522082 21.07 64.89 49.62 135.30
person 0.522060 133.08 0.00 163.09 17.86
cow 0.521939 113.83 194.76 131.97 217.71
person 0.521859 112.27 21.58 132.86 57.71
person 0.521788 125.32 0.00 154.72 18.63
dog 0.521752 27.43 142.90 54.79 206.30
motorbike 0.521737 173.86 169.75 193.63 193.50
car 0.521694 141.14 0.00 171.36 16.52
motorbike 0.521691 182.77 175.71 199.95 197.22
person 0.521681 14.04 51.95 41.06 122.47
person 0.521670 88.20 24.95 152.32 118.72
motorbike 0.521666 122.25 139.13 148.39 201.48
motorbike 0.521636 173.93 183.11 194.91 203.21
person 0.521542 126.05 16.73 141.97 45.82
car 0.521541 88.12 166.35 110.44 209.77
tvmonitor 0.521468 0.00 0.00 25.13 39.97
person 0.521427 100.40 14.70 119.72 50.89
person 0.521418 100.43 5.72 160.77 104.53
person 0.521368 44.79 173.31 79.98 221.15
tvmonitor 0.521335 31.43 5.66 61.39 36.44
tvmonitor 0.521288 15.32 33.85 54.35 71.02
motorbike 0.521238 168.00 174.98 187.79 201.29
person 0.521152 79.42 59.16 104.96 90.07
person 0.521134 100.99 0.00 156.91 67.41
person 0.521116 103.90 0.00 130.62 19.81
person 0.521114 108.67 194.04 125.21 217.94
person 0.521084 34.33 36.90 67.66 82.24
person 0.521072 104.49 29.95 125.17 80.58
cow 0.521051 168.80 23.20 190.54 59.70
person 0.521041 15.94 11.65 62.82 105.33
motorbike 0.521031 173.95 161.92 193.51 186.68
motorbike 0.521021 182.39 127.96 200.08 159.24
person 0.521018 18.48 53.57 49.22 116.32
horse 0.521002 19.44 203.19 69.26 224.00
person 0.520994 102.74 22.34 121.75 63.99
bottle 0.520922 37.35 0.00 67.37 33.04
cow 0.520900 130.26 196.41 149.78 218.64
cow 0.520849 212.00 166.60 220.05 199.36
cow 0.520846 205.76 10.83 218.66 29.11
motorbike 0.520841 167.79 159.84 186.22 186.89
person 0.520833 0.00 142.98 59.35 224.00
person 0.520778 196.62 42.74 210.37 73.25
motorbike 0.520759 172.33 134.27 190.73 167.32
person 0.520735 92.44 0.00 116.76 27.04
cow 0.520715 187.90 32.43 205.38 60.77
person 0.520635 68.60 72.51 89.68 107.36
person 0.520592 91.36 36.70 114.73 85.28
motorbike 0.520546 96.29 164.20 116.95 209.59
person 0.520485 131.18 16.45 146.75 48.79
bottle 0.520448 63.02 147.69 90.88 201.99
person 0.520428 14.37 0.00 69.85 47.03
motorbike 0.520383 86.97 181.89 108.16 213.33
person 0.520357 72.36 191.39 97.23 223.84
cow 0.520355 120.90 196.24 139.79 218.05
person 0.520351 29.23 38.33 80.22 136.57
motorbike 0.520308 170.88 188.61 196.21 211.74
person 0.520287 83.29 0.00 141.12 61.12
car 0.520268 152.48 23.06 174.38 62.60
cow 0.520251 175.15 12.50 195.94 28.88
person 0.520139 118.56 0.00 146.55 18.56
motorbike 0.520065 107.48 178.09 125.10 210.80
motorbike 0.520045 167.92 181.71 190.40 204.84
motorbike 0.520021 180.56 186.39 199.98 209.87
person 0.520005 210.61 42.29 220.22 76.60
person 0.519992 68.97 31.45 82.20 63.50
motorbike 0.519949 152.84 145.63 169.79 186.03
person 0.519948 31.89 26.75 66.55 64.16
person 0.519910 113.84 26.08 135.57 69.04
motorbike 0.519883 192.13 167.82 209.28 192.72
person 0.519853 118.87 15.63 135.06 40.96
motorbike 0.519827 183.05 181.18 200.26 201.98
motorbike 0.519778 173.79 148.10 192.29 176.23
cow 0.519763 195.67 24.00 211.91 45.70
person 0.519752 2.07 0.00 56.95 73.98
person 0.519679 114.13 31.35 140.30 84.79
cow 0.519679 195.96 33.40 211.11 60.93
person 0.519641 75.14 33.23 86.99 63.13
cow 0.519570 201.73 173.28 213.55 199.65
car 0.519499 212.00 133.41 219.52 165.86
car 0.519405 211.61 121.16 218.37 153.14
car 0.519397 202.52 143.41 215.44 171.57
chair 0.519370 57.96 96.70 91.03 173.80
cow 0.519351 112.25 177.50 131.27 210.20
motorbike 0.519347 87.97 193.95 107.59 221.02
motorbike 0.519298 166.79 145.54 182.96 175.38
person 0.519295 111.09 0.00 138.09 18.67
car 0.519241 160.92 20.75 181.88 56.24
dog 0.519234 58.41 114.45 91.62 188.80
motorbike 0.519212 182.57 169.39 201.21 192.22
car 0.519092 164.71 12.22 184.91 35.15
tvmonitor 0.519074 28.58 0.00 57.77 31.12
motorbike 0.519040 194.52 122.03 208.02 146.97
tvmonitor 0.518952 8.40 0.00 38.79 27.33
motorbike 0.518865 189.71 183.95 205.30 208.64
person 0.518841 6.07 142.96 93.20 224.00
motorbike 0.518739 107.65 140.15 138.90 202.17
tvmonitor 0.518716 27.01 12.59 57.16 42.99
cow 0.518714 188.56 22.50 206.97 45.60
motorbike 0.518651 97.50 195.25 115.52 218.45
motorbike 0.518649 159.53 128.32 175.13 165.79
tvmonitor 0.518637 16.54 23.23 52.17 57.86
tvmonitor 0.518616 19.38 0.00 49.68 28.62
tvmonitor 0.518602 15.99 11.79 43.61 43.45
motorbike 0.518579 96.37 181.00 115.41 211.91
person 0.518519 65.18 0.00 125.08 52.75
person 0.518512 67.31 171.29 93.39 215.26
cow 0.518501 206.43 17.77 217.90 37.19
cow 0.518494 184.30 16.96 204.13 34.73
person 0.518409 137.22 15.93 153.30 48.12
car 0.518383 202.99 159.20 217.21 189.11
motorbike 0.518355 152.15 135.98 168.97 177.56
sheep 0.518313 0.00 190.20 24.51 224.00
motorbike 0.518309 162.96 200.27 198.54 224.00
car 0.518274 203.10 151.93 216.67 181.27
person 0.518259 45.28 40.01 92.95 132.00
motorbike 0.518214 161.28 154.78 179.26 185.80
person 0.518209 74.23 11.14 92.00 49.34
person 0.518174 144.07 15.18 164.47 44.71
person 0.518099 43.05 0.00 100.48 46.44
sheep 0.518061 10.22 168.88 40.31 221.44
person 0.517961 46.55 28.63 73.46 63.86
cow 0.517930 138.07 195.20 156.13 216.48
cow 0.517890 180.78 21.95 201.23 49.26
car 0.517841 173.06 18.40 193.81 44.08
car 0.517832 201.89 122.40 213.38 149.08
person 0.517812 86.58 0.00 145.32 96.89
cow 0.517768 154.31 13.25 175.78 40.47
car 0.517744 193.54 141.63 210.13 168.17
motorbike 0.517714 182.65 137.55 200.91 167.92
person 0.517691 44.68 41.59 74.06 79.39
car 0.517669 193.44 131.01 209.37 157.68
person 0.517632 65.22 45.83 83.02 76.60
motorbike 0.517570 160.26 141.98 175.82 174.67
person 0.517548 74.33 0.00 104.04 32.84
car 0.517545 202.36 132.88 214.99 160.64
motorbike 0.517529 127.77 154.52 149.05 206.67
person 0.517509 46.29 153.85 77.82 212.39
horse 0.517494 29.40 178.38 71.15 221.16
motorbike 0.517423 140.86 155.12 156.07 204.04
person 0.517380 80.73 46.93 100.86 80.33
bottle 0.517344 60.16 135.17 89.86 192.21
person 0.517197 28.11 13.45 75.32 102.74
motorbike 0.517185 161.33 162.62 180.73 194.48
motorbike 0.517126 183.50 161.95 202.46 186.50
motorbike 0.516982 183.99 150.30 202.57 176.63
car 0.516930 194.15 152.22 211.26 177.89
motorbike 0.516888 193.74 161.15 210.96 187.28
person 0.516885 74.49 47.18 88.91 75.77
cow 0.516669 209.06 33.93 219.10 64.67
sheep 0.516658 129.63 0.00 149.50 30.10
sofa 0.516657 27.51 17.14 62.69 51.12
person 0.516600 66.12 41.30 137.01 138.34
cow 0.516595 200.02 179.42 211.70 205.94
person 0.516419 117.65 209.58 142.89 224.00
person 0.516393 70.23 22.99 129.65 108.23
cow 0.516169 129.64 176.49 148.29 209.45
person 0.515999 83.43 6.63 100.27 43.92
person 0.515968 45.64 19.60 91.09 98.72
motorbike 0.515939 184.22 195.66 205.58 224.00
motorbike 0.515927 114.72 156.91 139.28 207.92
person 0.515908 114.81 0.00 134.23 26.67
person 0.515907 122.81 0.00 142.29 29.00
cow 0.515809 207.58 24.61 218.79 50.04
cow 0.515763 118.73 177.90 138.26 210.14
cow 0.515744 211.48 173.31 219.25 206.52
person 0.515740 91.06 26.89 109.28 69.85
person 0.515685 80.54 34.80 95.62 69.64
cow 0.515536 197.33 192.21 211.38 222.53
person 0.515267 78.24 23.04 92.00 58.85
sheep 0.515099 136.92 0.00 157.47 29.10
person 0.514755 140.55 204.93 170.77 224.00
cow 0.514679 139.79 175.02 155.13 207.20
cow 0.514517 210.75 187.97 220.15 220.93
motorbike 0.514197 151.88 162.03 170.15 199.52
sheep 0.513701 153.63 0.00 178.22 21.39
motorbike 0.513698 148.29 201.66 188.79 224.00
motorbike 0.513528 161.51 178.53 186.68 203.36
sheep 0.513508 143.96 0.00 167.84 25.70
person 0.513494 23.08 0.00 77.73 67.46
person 0.513414 87.87 15.73 103.72 55.71
person 0.513168 67.77 0.00 127.59 82.66
sheep 0.513080 5.85 191.67 44.17 224.00
horse 0.512972 23.93 191.86 72.74 224.00
motorbike 0.512830 158.50 188.58 189.48 212.41
cow 0.512683 148.31 192.34 171.96 212.30
person 0.512037 40.59 0.00 94.92 69.66
dog 0.511993 15.08 191.89 62.19 224.00
cow 0.511656 151.33 176.13 171.90 202.92
