person 0.700643 19.71 3.13 224.00 199.36
bottle 0.555779 125.47 56.34 198.78 125.57
horse 0.554178 18.54 33.26 193.68 217.69
bottle 0.552041 113.32 0.42 185.10 52.31
person 0.550212 7.06 23.74 175.17 171.29
person 0.547452 45.86 4.62 206.63 152.33
person 0.546776 52.89 54.02 213.66 215.84
person 0.545825 118.18 19.90 224.00 188.57
car 0.543626 23.66 98.26 75.88 141.22
bus 0.543076 43.07 19.72 125.42 55.23
person 0.542887 0.00 16.12 61.35 122.34
car 0.542181 20.98 63.07 93.73 93.04
bird 0.541168 107.92 109.69 182.92 171.26
person 0.540935 152.45 14.96 224.00 164.08
car 0.539068 17.56 82.27 81.97 146.53
dog 0.538555 16.65 92.15 77.87 144.14
bottle 0.538154 115.23 59.93 184.64 109.20
aeroplane 0.536534 219.05 41.47 224.00 89.21
person 0.536442 72.61 29.27 125.85 58.69
car 0.536160 24.61 42.10 178.30 218.26
person 0.535798 0.00 16.15 18.72 78.36
car 0.535493 19.16 69.34 85.89 126.34
car 0.535445 0.00 19.76 62.03 149.54
dog 0.534735 111.27 104.43 167.16 161.85
tvmonitor 0.534694 78.25 21.54 134.57 47.25
person 0.534679 113.73 60.97 170.67 105.41
person 0.534428 188.30 0.00 224.00 47.56
bottle 0.534279 129.21 69.90 185.87 132.61
car 0.534251 12.72 8.49 141.95 168.48
bottle 0.534249 0.00 201.63 20.12 224.00
bottle 0.534057 0.00 205.61 38.08 224.00
cow 0.533861 26.63 85.08 170.42 216.71
dog 0.533322 119.17 120.48 178.76 166.22
bird 0.533048 122.15 123.02 179.65 170.73
dog 0.532946 82.07 92.19 122.91 144.20
person 0.532736 0.00 175.78 42.77 224.00
dog 0.532655 14.03 69.68 81.47 123.42
bottle 0.532512 11.40 207.73 55.30 224.00
person 0.532098 79.16 37.47 124.34 63.07
bird 0.531939 38.95 207.41 86.79 224.00
person 0.531856 112.87 66.23 158.43 114.48
car 0.531379 0.00 46.21 9.97 105.69
person 0.531288 39.28 20.65 117.84 56.55
person 0.531227 138.68 64.48 224.00 214.25
bottle 0.531063 74.15 0.00 206.56 125.15
person 0.530860 0.00 0.00 56.10 70.97
bottle 0.530708 112.48 106.25 185.95 172.04
tvmonitor 0.530661 210.69 205.70 224.00 224.00
dog 0.530508 32.18 102.61 79.71 143.94
car 0.530492 16.25 26.19 92.47 77.29
bird 0.530476 182.87 63.78 219.55 128.19
dog 0.530455 84.85 105.91 115.93 148.43
bottle 0.530208 63.62 205.79 120.87 224.00
person 0.529972 181.31 0.00 224.00 122.46
dog 0.529892 101.78 97.14 158.98 151.43
person 0.529839 0.00 7.97 13.09 67.00
car 0.529832 0.00 36.30 13.11 98.60
person 0.529578 67.40 0.00 146.04 43.75
person 0.529478 183.56 173.96 224.00 224.00
cow 0.529331 27.47 152.91 143.10 224.00
car 0.529302 0.00 91.52 6.52 138.40
bottle 0.529263 97.55 12.69 170.28 48.59
bottle 0.529188 115.66 45.78 159.82 75.02
person 0.528875 68.06 145.56 209.83 224.00
bottle 0.528871 114.26 56.80 168.67 96.60
bottle 0.528761 139.83 51.06 196.54 112.70
person 0.528737 100.88 90.95 152.41 147.87
aeroplane 0.528729 209.38 0.00 224.00 22.18
bottle 0.528547 85.56 158.07 210.39 224.00
bottle 0.528507 126.53 84.67 178.95 146.72
bottle 0.528473 115.57 53.03 163.03 85.20
person 0.528431 93.57 0.00 187.67 57.57
person 0.528299 91.00 84.58 126.19 139.17
dog 0.528269 87.16 115.70 111.75 153.01
sheep 0.528255 34.25 185.93 82.68 224.00
person 0.528234 104.72 75.43 147.55 127.05
bird 0.528194 182.53 43.05 213.96 82.47
bird 0.528153 108.63 100.30 165.62 159.83
person 0.528017 7.83 19.17 131.22 123.91
car 0.527953 17.59 49.69 89.72 86.89
dog 0.527941 23.46 162.28 122.03 224.00
person 0.527857 1.97 179.56 70.43 224.00
bottle 0.527797 47.56 206.53 106.28 224.00
bottle 0.527739 220.00 45.02 224.00 103.99
sheep 0.527659 69.71 190.49 120.30 224.00
bottle 0.527631 76.79 32.70 127.36 59.12
car 0.527522 0.00 46.11 17.98 102.93
car 0.527491 0.00 23.31 20.42 90.98
person 0.527377 31.36 137.77 175.04 224.00
person 0.527110 0.00 0.00 10.81 54.41
aeroplane 0.527092 12.67 26.12 82.95 77.84
person 0.527011 0.00 0.00 16.74 24.82
bottle 0.526998 50.90 0.00 163.71 97.49
aeroplane 0.526974 220.00 69.30 224.00 132.59
person 0.526956 111.48 83.48 150.16 139.03
sheep 0.526872 0.00 152.59 35.95 210.58
car 0.526862 38.40 65.87 84.71 91.29
dog 0.526807 79.82 115.33 104.90 152.47
person 0.526766 81.61 78.44 120.11 123.80
person 0.526718 99.89 72.10 133.76 117.73
bottle 0.526659 178.63 45.74 209.96 82.51
person 0.526619 3.07 19.20 34.92 74.57
sheep 0.526316 123.73 129.68 172.70 170.10
sheep 0.526295 28.69 172.96 82.42 219.37
car 0.526289 32.64 23.85 102.77 63.33
bottle 0.526179 155.68 63.76 202.85 124.10
bottle 0.526141 104.64 208.81 152.52 224.00
bottle 0.526106 113.84 29.17 162.32 66.68
sheep 0.526057 68.94 177.19 125.97 220.36
dog 0.526030 129.48 211.75 172.75 224.00
dog 0.525965 27.61 82.43 82.05 137.98
bottle 0.525890 121.56 211.74 164.23 224.00
car 0.525847 0.00 74.52 7.25 128.48
chair 0.525823 186.42 0.00 224.00 90.64
person 0.525667 71.13 70.78 96.69 89.30
person 0.525650 6.23 0.00 84.98 69.63
bottle 0.525599 14.88 174.31 94.79 224.00
train 0.525538 49.49 0.00 119.46 50.38
person 0.525482 76.32 69.88 105.74 91.91
dog 0.525457 35.32 61.56 85.72 86.52
dog 0.525423 92.93 96.64 139.04 144.55
tvmonitor 0.525276 198.68 209.73 224.00 224.00
aeroplane 0.525108 27.62 91.90 153.04 219.11
bottle 0.525063 204.87 41.00 222.70 86.24
car 0.525013 0.00 93.14 62.67 209.59
bottle 0.525011 91.84 205.57 143.68 224.00
chair 0.524969 159.22 0.00 224.00 45.73
tvmonitor 0.524903 99.86 9.29 168.16 47.27
person 0.524891 90.96 72.02 122.42 113.72
dog 0.524759 6.12 153.18 49.53 209.73
bottle 0.524622 185.79 212.11 220.08 224.00
person 0.524604 39.31 102.23 205.57 224.00
bottle 0.524563 159.46 213.32 206.63 224.00
sheep 0.524544 12.37 151.76 66.01 208.27
bottle 0.524467 83.08 16.07 137.63 46.89
person 0.524457 127.23 0.00 211.75 51.65
bottle 0.524425 133.17 0.00 175.96 27.32
car 0.524222 16.78 107.65 58.84 135.39
dog 0.524207 57.04 105.85 86.39 142.56
dog 0.524182 94.37 115.47 118.07 151.36
sheep 0.524123 87.83 186.03 133.30 224.00
sheep 0.524099 101.97 189.38 140.96 224.00
bottle 0.524071 55.36 16.44 130.81 52.85
person 0.524061 30.37 0.00 120.90 58.10
dog 0.524020 75.00 80.90 116.19 118.81
dog 0.523967 153.09 212.66 203.07 224.00
bird 0.523947 174.91 70.60 209.93 130.79
person 0.523933 172.41 116.03 224.00 219.60
bottle 0.523840 74.75 202.64 134.25 224.00
bird 0.523724 157.11 55.65 203.10 117.81
bottle 0.523643 138.37 0.00 194.54 49.93
bird 0.523607 128.51 135.78 173.92 175.38
dog 0.523588 70.88 106.56 100.01 142.18
car 0.523431 8.34 108.10 44.27 137.68
sheep 0.523379 0.00 160.49 9.78 212.31
bottle 0.523342 153.55 46.88 198.34 86.67
sheep 0.523289 98.39 179.26 138.34 218.35
bottle 0.523279 109.69 92.04 157.73 148.61
person 0.523203 90.20 65.10 122.77 101.33
bird 0.523165 0.00 168.82 11.09 216.72
sheep 0.523108 15.30 171.84 57.27 216.49
boat 0.523072 170.63 0.00 201.65 19.12
bottle 0.523032 134.29 47.03 186.25 85.90
dog 0.522945 81.91 127.37 101.16 159.13
bird 0.522855 0.00 192.94 15.42 224.00
boat 0.522763 54.58 0.00 111.12 29.79
sheep 0.522723 113.96 191.96 148.01 224.00
car 0.522657 1.09 49.86 40.39 96.14
person 0.522652 79.81 67.32 113.64 96.01
car 0.522638 0.00 47.68 73.59 186.93
diningtable 0.522617 5.53 23.42 59.34 75.64
tvmonitor 0.522460 73.33 25.50 127.74 52.61
sheep 0.522389 21.52 163.19 75.83 211.88
car 0.522368 1.75 19.45 35.04 80.45
dog 0.522307 27.55 125.51 157.26 224.00
bottle 0.522294 172.17 48.03 203.33 86.30
sheep 0.522234 1.92 173.63 40.05 214.39
bottle 0.522213 125.32 0.00 165.78 22.59
person 0.522205 79.24 73.59 115.51 108.69
dog 0.522161 72.88 174.11 123.49 221.54
car 0.522149 6.79 123.18 45.00 161.63
bottle 0.522023 148.33 69.04 191.02 129.77
person 0.522019 58.49 67.87 88.71 89.49
bottle 0.521969 121.36 47.76 172.35 81.97
boat 0.521955 45.60 0.00 123.64 49.64
boat 0.521940 0.00 150.47 7.96 208.07
person 0.521928 8.20 10.76 111.09 94.84
boat 0.521903 156.50 0.00 193.75 20.98
bottle 0.521878 93.27 43.38 143.17 66.72
sheep 0.521877 25.81 151.11 70.70 198.17
boat 0.521698 180.68 0.00 209.78 18.70
car 0.521689 0.00 96.61 16.82 135.29
sheep 0.521641 77.39 167.65 121.56 205.36
aeroplane 0.521581 220.00 17.84 224.00 64.53
dog 0.521567 77.46 167.93 122.19 209.78
bottle 0.521548 111.49 0.00 149.31 21.63
boat 0.521486 190.25 0.00 217.72 18.56
person 0.521480 75.04 76.00 109.25 102.26
aeroplane 0.521408 200.46 0.00 224.00 20.23
person 0.521382 68.81 60.33 101.41 80.91
bottle 0.521351 118.82 77.79 172.71 132.50
dog 0.521334 119.54 158.82 146.49 199.15
bottle 0.521315 131.67 147.61 169.82 183.08
bird 0.521281 177.09 50.02 218.90 116.70
aeroplane 0.521278 6.71 138.89 51.08 197.23
person 0.521210 25.84 27.31 96.14 73.25
sheep 0.521207 6.53 165.31 46.41 211.18
sheep 0.521194 80.13 161.19 114.00 190.72
aeroplane 0.521192 220.00 28.51 224.00 77.94
person 0.521190 0.00 133.06 48.82 224.00
bottle 0.521155 96.26 0.00 130.94 24.40
dog 0.521141 71.02 115.29 92.84 150.83
person 0.521106 103.36 55.14 157.74 93.55
sheep 0.521087 81.13 152.84 106.39 179.12
car 0.521076 15.72 56.11 65.86 94.17
sheep 0.521046 11.25 183.13 53.44 224.00
sheep 0.521026 112.44 181.10 145.51 216.61
dog 0.521000 128.39 158.72 154.14 196.41
dog 0.520988 89.06 128.64 109.05 158.78
person 0.520988 29.46 45.53 89.36 80.99
aeroplane 0.520965 14.41 141.56 66.69 196.06
sheep 0.520944 220.00 119.62 224.00 167.29
dog 0.520908 56.70 86.31 88.06 132.12
sheep 0.520843 82.21 141.44 101.85 168.53
dog 0.520808 70.03 90.64 102.42 131.60
bottle 0.520753 141.86 0.00 185.98 24.11
bottle 0.520579 163.74 72.00 197.71 128.94
person 0.520564 54.52 60.70 91.43 83.50
person 0.520536 76.81 44.21 117.46 70.08
dog 0.520432 103.27 162.42 137.72 205.01
bottle 0.520398 141.28 169.96 224.00 224.00
bottle 0.520354 220.00 126.29 224.00 173.59
dog 0.520336 129.20 149.21 159.22 183.95
boat 0.520310 86.35 0.00 127.25 26.62
bottle 0.520276 87.95 0.33 134.87 42.17
car 0.520249 27.47 0.00 58.96 13.08
bottle 0.520164 87.62 33.40 139.10 60.77
dog 0.520089 127.83 140.00 165.53 174.78
bottle 0.520070 161.85 0.00 197.93 46.18
dog 0.520054 133.41 159.00 166.85 194.56
car 0.520033 31.35 106.10 73.20 147.09
dog 0.520011 100.05 114.45 135.88 150.27
dog 0.519922 216.88 0.00 224.00 31.56
sheep 0.519921 37.94 116.45 73.13 158.67
sheep 0.519789 220.00 95.85 224.00 150.34
car 0.519751 6.29 90.97 44.15 131.28
bottle 0.519704 42.26 200.70 93.21 224.00
person 0.519673 52.89 28.99 117.37 63.93
sheep 0.519626 220.00 131.81 224.00 180.38
dog 0.519599 70.23 80.08 101.33 111.28
tvmonitor 0.519560 215.61 198.62 224.00 224.00
aeroplane 0.519533 220.00 0.00 224.00 42.83
dog 0.519524 36.45 67.20 84.82 98.36
dog 0.519499 220.00 142.82 224.00 197.82
aeroplane 0.519497 6.33 23.96 59.25 81.17
car 0.519448 0.00 74.10 15.57 125.58
boat 0.519441 0.00 139.07 36.47 199.45
chair 0.519399 0.00 3.02 18.94 52.63
person 0.519329 99.05 49.19 150.83 76.01
dog 0.519318 82.65 161.25 117.98 194.05
dog 0.519300 35.63 118.77 71.07 158.24
person 0.519292 71.03 75.33 98.21 95.98
bottle 0.519289 145.00 109.60 192.01 168.29
dog 0.519232 113.07 125.12 159.28 159.51
sheep 0.519192 220.00 184.93 224.00 224.00
car 0.519162 7.65 114.70 44.71 149.38
bottle 0.519157 59.29 0.00 127.08 46.75
bottle 0.519147 208.49 62.47 224.00 131.26
bird 0.519142 165.32 49.29 202.93 98.77
car 0.519097 18.21 76.50 128.45 211.45
bottle 0.518931 184.56 120.47 219.60 164.62
sheep 0.518912 43.29 188.90 105.10 224.00
dog 0.518854 115.29 169.17 144.47 212.87
person 0.518803 89.48 46.47 132.82 70.43
boat 0.518749 46.38 0.00 87.66 19.62
bottle 0.518680 175.44 118.67 210.41 166.66
sheep 0.518641 34.39 142.24 72.20 182.35
boat 0.518609 34.27 0.00 68.43 14.54
car 0.518588 14.82 116.63 53.47 145.67
dog 0.518504 55.97 113.42 81.23 150.27
sheep 0.518481 73.88 125.62 90.79 157.81
sheep 0.518479 38.67 131.12 72.25 170.81
dog 0.518436 120.50 182.01 152.46 215.86
car 0.518400 5.27 73.71 43.29 120.36
car 0.518363 18.58 124.59 60.98 157.65
bottle 0.518275 126.75 128.98 186.05 178.12
sheep 0.518228 128.32 193.83 164.97 223.50
bottle 0.518203 4.88 201.06 50.42 224.00
aeroplane 0.518162 7.90 130.63 48.01 176.27
dog 0.518131 57.68 75.07 90.06 110.98
car 0.518131 0.00 0.00 23.81 21.08
dog 0.518113 220.00 171.73 224.00 217.40
bottle 0.518087 134.39 144.43 188.39 182.94
dog 0.517980 108.63 155.53 140.83 192.42
person 0.517976 95.59 55.04 136.27 88.29
sheep 0.517957 159.95 194.33 201.15 223.65
bottle 0.517949 166.35 114.66 199.45 166.83
sheep 0.517911 2.68 185.25 39.70 224.00
dog 0.517909 135.22 169.74 177.49 208.58
person 0.517904 78.49 56.01 114.19 81.22
car 0.517833 16.45 91.33 66.17 135.21
aeroplane 0.517803 153.76 168.16 204.36 209.67
boat 0.517786 0.00 138.91 5.80 198.42
sheep 0.517758 77.01 151.11 97.88 175.42
bottle 0.517712 176.54 3.33 202.84 41.77
car 0.517675 6.50 29.41 61.02 89.91
bottle 0.517648 176.49 80.11 207.06 136.15
car 0.517643 0.00 107.06 6.78 158.62
sheep 0.517577 113.15 204.56 153.17 224.00
car 0.517566 5.78 60.99 42.90 106.93
sheep 0.517537 76.33 139.91 92.31 166.52
bird 0.517483 25.37 200.33 75.82 224.00
dog 0.517476 134.22 183.56 177.83 216.33
car 0.517475 0.00 119.91 35.53 166.86
dog 0.517468 96.87 129.50 115.24 157.42
sheep 0.517466 23.72 109.24 127.03 224.00
person 0.517430 62.15 43.44 109.57 71.75
boat 0.517387 15.37 0.00 48.04 14.36
sheep 0.517258 136.50 195.17 178.55 224.00
person 0.517250 87.78 54.68 122.57 83.49
dog 0.517241 88.06 141.49 109.02 168.20
sheep 0.517215 58.07 122.88 79.99 157.59
car 0.517136 0.00 104.42 24.70 145.30
dog 0.517091 126.99 182.60 164.10 216.09
sheep 0.517066 141.13 169.04 188.21 207.75
sheep 0.517056 83.69 161.00 122.43 196.81
dog 0.517034 124.34 169.38 151.63 210.42
bottle 0.516943 137.10 0.00 222.72 103.57
sheep 0.516802 143.10 184.51 189.08 216.14
person 0.516778 46.06 43.62 98.14 75.77
sheep 0.516754 156.98 183.69 202.24 215.51
car 0.516752 25.33 65.20 84.09 106.71
bottle 0.516745 153.04 157.41 208.13 196.14
bottle 0.516737 153.23 5.94 195.50 56.95
sheep 0.516592 77.68 158.83 106.21 184.88
aeroplane 0.516579 17.66 134.03 62.24 175.02
bottle 0.516526 139.84 157.44 188.82 192.50
car 0.516511 20.55 112.90 64.26 144.16
sheep 0.516449 61.18 136.26 80.57 165.14
bottle 0.516417 184.35 92.26 216.50 146.94
sheep 0.516400 118.61 101.24 220.01 213.72
dog 0.516283 59.78 70.58 89.76 95.00
boat 0.516236 19.43 2.51 59.05 50.34
car 0.516187 17.18 74.27 67.48 122.58
chair 0.516178 8.16 0.00 35.40 17.38
aeroplane 0.516089 157.33 152.67 214.98 205.39
dog 0.516023 104.13 128.70 131.65 156.13
sheep 0.516010 64.35 146.81 83.58 173.31
bottle 0.515987 149.77 121.08 196.44 179.91
dog 0.515899 114.43 137.23 151.48 167.09
car 0.515868 0.00 109.65 31.91 154.38
sheep 0.515846 42.86 178.78 104.06 216.27
dog 0.515800 178.16 0.00 205.26 29.34
bottle 0.515782 168.90 39.22 201.58 79.32
bottle 0.515765 102.69 0.00 158.19 44.85
person 0.515719 14.78 124.93 98.47 224.00
bottle 0.515716 176.95 13.98 202.96 49.99
boat 0.515715 27.61 2.68 69.12 53.45
bottle 0.515498 175.90 94.74 206.36 147.67
bottle 0.515497 189.62 14.73 210.03 47.90
sheep 0.515390 44.22 142.87 74.97 176.50
chair 0.515355 4.89 15.11 30.40 67.06
boat 0.515335 44.21 20.67 109.77 63.66
bottle 0.515312 153.27 135.03 203.11 184.05
bottle 0.515309 128.89 31.51 180.65 74.69
sheep 0.515277 158.85 208.91 203.39 224.00
boat 0.515257 0.00 129.76 36.90 180.23
boat 0.515236 20.97 0.00 54.45 27.83
bottle 0.515229 169.51 96.16 196.49 148.64
bottle 0.515218 149.82 94.56 190.03 152.01
dog 0.515180 112.58 147.53 145.36 178.07
bottle 0.515145 169.21 11.90 199.60 60.18
car 0.515135 19.10 62.77 66.97 105.50
aeroplane 0.514954 190.38 3.90 211.18 37.63
bottle 0.514869 175.23 17.73 203.87 63.36
bottle 0.514844 150.68 34.90 195.35 76.39
dog 0.514713 137.05 207.67 181.04 224.00
dog 0.514658 161.90 183.04 205.64 217.08
sheep 0.514580 91.07 152.67 117.70 181.60
bottle 0.514517 19.03 149.64 109.31 224.00
boat 0.514417 48.63 0.00 102.13 41.51
chair 0.514058 8.65 2.80 28.29 47.60
dog 0.513969 95.06 142.12 114.33 167.32
bottle 0.513946 165.15 139.69 213.10 191.18
dog 0.513890 103.65 141.55 127.23 166.91
sheep 0.513867 98.97 152.63 126.85 181.64
aeroplane 0.513832 191.21 0.00 214.15 26.29
sheep 0.513826 42.65 152.34 75.34 184.96
dog 0.513811 158.93 162.20 212.07 214.45
bottle 0.513685 176.59 132.47 217.31 182.59
aeroplane 0.513684 170.11 139.35 217.55 191.89
sheep 0.513517 38.05 159.26 76.71 195.90
bottle 0.513515 185.58 20.31 209.80 63.85
sheep 0.513486 66.02 155.31 88.26 181.31
bottle 0.513404 208.46 119.61 224.00 165.01
boat 0.513399 31.80 23.02 98.32 69.98
bottle 0.513359 174.59 29.17 206.42 81.01
bottle 0.513349 163.22 19.90 197.70 69.12
boat 0.513184 36.85 4.50 90.07 54.98
bottle 0.512767 139.90 12.41 189.83 63.31
sheep 0.512301 208.73 92.72 224.00 148.33
sheep 0.512251 210.52 11.32 222.21 48.82
dog 0.512178 206.73 0.00 224.00 28.59
boat 0.512128 35.08 0.00 77.47 35.26
sheep 0.512030 61.29 161.60 93.22 192.97
chair 0.512027 7.88 18.12 54.31 69.63
aeroplane 0.511984 210.32 0.85 223.69 38.89
sheep 0.511982 50.49 169.58 99.18 209.57
bottle 0.511848 209.41 18.76 220.87 63.68
sheep 0.511791 174.65 188.12 215.94 223.00
bottle 0.511721 8.86 0.00 31.83 29.04
sheep 0.511535 198.68 201.98 223.23 224.00
bottle 0.511519 206.49 29.90 219.27 79.95
sheep 0.511447 127.65 136.26 218.27 224.00
bottle 0.511256 170.39 206.76 213.07 224.00
dog 0.510870 190.32 139.34 224.00 197.92
bottle 0.510580 207.25 130.23 224.00 179.04
sheep 0.510254 193.50 184.99 222.93 222.29
sheep 0.509914 200.72 134.94 224.00 187.71
dog 0.509138 181.69 153.51 222.59 211.50
sheep 0.508835 186.44 168.49 222.45 215.32
