boat 0.598754 43.76 13.02 122.50 220.57
train 0.564408 45.84 0.00 217.80 213.15
boat 0.563649 25.59 47.45 159.45 224.00
boat 0.563489 26.95 0.00 209.97 222.89
car 0.558535 214.54 140.45 224.00 173.08
boat 0.557043 31.64 102.14 188.58 218.78
car 0.556901 159.27 155.70 182.40 180.56
person 0.555957 50.79 11.55 209.36 224.00
boat 0.553072 42.73 145.46 180.95 224.00
bottle 0.552104 48.96 13.53 111.58 200.21
car 0.550610 134.67 161.76 167.83 184.27
train 0.549053 215.84 108.53 224.00 145.45
boat 0.547059 52.22 5.46 168.79 193.32
car 0.546740 152.41 159.27 178.89 181.91
car 0.545196 163.23 160.89 185.02 184.04
boat 0.544166 93.22 108.35 118.22 181.21
car 0.543549 141.71 160.04 173.35 181.80
boat 0.541193 130.10 120.90 156.66 161.96
boat 0.540901 72.48 165.68 186.89 224.00
car 0.540675 126.63 161.50 155.71 188.74
boat 0.540234 0.00 47.49 36.97 180.32
train 0.540086 214.59 95.06 224.00 137.07
boat 0.538625 127.49 160.99 157.87 189.56
boat 0.538452 91.05 157.31 112.40 195.03
train 0.538293 51.53 140.71 67.26 196.65
train 0.538178 46.06 141.46 61.82 195.20
person 0.538026 167.37 129.34 193.94 157.06
car 0.538004 209.42 140.69 220.75 171.06
car 0.537907 191.97 0.00 224.00 42.42
boat 0.537643 3.32 43.03 64.28 192.88
person 0.537465 159.76 151.42 183.86 177.76
boat 0.537063 133.98 127.57 160.50 169.43
car 0.536385 214.96 122.77 223.54 161.30
aeroplane 0.536113 61.38 26.27 199.95 173.12
bottle 0.535204 20.18 73.45 35.48 110.96
bottle 0.534433 64.18 95.88 73.97 159.65
train 0.534353 56.46 141.27 74.31 197.16
train 0.534351 33.79 25.91 152.63 219.49
boat 0.534329 76.04 0.00 171.27 28.68
boat 0.534314 89.29 120.27 113.93 183.49
person 0.534222 152.04 155.05 180.80 180.25
boat 0.534126 29.30 27.90 102.68 205.68
boat 0.534116 117.30 164.43 148.48 192.10
boat 0.533958 97.02 177.90 194.96 224.00
bottle 0.533818 0.00 26.38 32.24 149.04
car 0.533546 211.04 69.60 224.00 176.65
train 0.533501 63.32 101.23 73.92 167.53
car 0.533414 0.00 0.00 44.44 41.99
boat 0.533397 50.17 0.00 136.15 27.84
person 0.533347 169.16 210.14 202.83 224.00
car 0.533302 172.98 186.14 224.00 224.00
person 0.533225 164.32 208.36 192.66 224.00
boat 0.532883 102.50 164.99 132.55 194.04
car 0.532845 175.75 210.58 213.37 224.00
bottle 0.532774 0.00 72.23 13.54 112.75
person 0.532561 0.00 201.76 19.64 224.00
boat 0.532182 63.34 87.93 224.00 224.00
car 0.532146 122.53 187.83 216.54 224.00
train 0.532123 40.52 142.51 57.87 192.56
boat 0.532018 94.93 162.94 115.85 196.55
dog 0.531954 0.00 143.19 11.32 191.33
car 0.531802 214.94 202.40 224.00 224.00
boat 0.531686 74.30 0.00 192.16 142.39
train 0.531650 0.00 23.74 103.80 219.38
bottle 0.531523 68.29 98.64 80.43 160.98
person 0.531423 125.54 162.52 152.09 192.29
tvmonitor 0.531109 0.00 139.03 10.98 185.83
bottle 0.530993 54.17 0.00 150.16 156.67
dog 0.530982 0.00 0.00 19.81 24.90
person 0.530977 162.30 141.69 186.31 171.46
person 0.530918 123.93 208.13 163.59 224.00
person 0.530783 157.84 206.70 186.75 224.00
aeroplane 0.530592 24.38 0.00 221.30 221.96
person 0.530491 171.81 124.30 198.79 149.43
car 0.530265 213.96 46.12 224.00 151.05
bottle 0.530093 14.20 75.56 31.31 108.98
sheep 0.529867 0.00 204.44 29.60 224.00
boat 0.529857 98.75 110.02 125.69 163.91
car 0.529814 185.46 208.77 220.09 224.00
tvmonitor 0.529684 5.03 146.87 23.35 184.98
car 0.529620 171.67 156.67 195.71 179.44
boat 0.529553 109.60 116.97 140.72 166.13
boat 0.529422 133.07 136.51 156.95 176.39
car 0.529407 198.04 141.88 213.04 168.26
dog 0.529339 67.40 102.95 79.60 168.17
car 0.529282 216.17 154.46 224.00 184.96
person 0.529279 139.33 207.64 178.93 224.00
bottle 0.529270 45.12 150.13 59.47 207.29
boat 0.529266 0.00 84.19 41.26 198.17
tvmonitor 0.528969 202.43 0.00 224.00 65.84
bottle 0.528933 23.90 75.74 38.47 113.58
car 0.528920 211.50 0.00 224.00 27.45
bottle 0.528840 26.71 207.44 58.50 224.00
aeroplane 0.528813 67.45 0.00 138.07 33.61
car 0.528725 217.76 166.41 224.00 195.67
person 0.528689 0.00 13.43 94.53 207.45
bottle 0.528639 53.41 0.00 125.35 26.62
train 0.528638 60.06 114.70 73.17 179.79
person 0.528539 160.61 127.81 189.39 161.30
car 0.528492 171.24 162.87 193.78 184.67
train 0.528488 210.03 109.70 220.69 142.27
aeroplane 0.528478 209.82 0.00 224.00 92.63
car 0.528453 212.57 10.63 224.00 118.35
train 0.528279 215.50 81.76 224.00 121.26
bottle 0.528093 18.39 207.74 50.47 224.00
bottle 0.528004 34.99 207.29 67.16 224.00
boat 0.527906 92.53 102.81 114.35 155.07
person 0.527906 108.35 209.44 148.13 224.00
bottle 0.527827 0.00 30.20 52.25 163.89
boat 0.527755 87.76 146.87 111.05 190.72
train 0.527717 63.77 143.72 83.99 196.02
person 0.527693 99.21 210.31 138.00 224.00
dog 0.527654 4.06 207.21 34.94 224.00
boat 0.527638 94.65 81.49 119.12 129.89
boat 0.527601 95.07 93.04 119.56 142.16
bottle 0.527478 43.84 207.58 77.66 224.00
boat 0.527339 142.37 127.96 172.35 166.49
dog 0.527313 0.00 163.27 51.97 224.00
tvmonitor 0.527168 54.58 0.00 106.55 20.47
boat 0.527114 0.00 132.92 10.24 179.27
boat 0.527051 132.04 149.08 160.58 185.08
boat 0.526976 116.90 87.20 143.91 123.07
boat 0.526793 79.59 0.00 189.03 44.20
bottle 0.526787 79.42 103.67 100.00 159.67
dog 0.526775 0.00 171.11 13.19 215.15
boat 0.526756 78.67 107.08 101.02 167.13
bottle 0.526745 51.67 208.73 88.56 224.00
car 0.526646 8.52 0.00 78.74 32.31
boat 0.526619 107.28 85.59 135.25 126.19
aeroplane 0.526253 85.98 0.00 157.34 35.07
person 0.526189 172.31 133.13 199.25 159.61
train 0.526184 33.55 145.04 51.68 187.11
boat 0.526111 82.42 0.00 187.22 87.80
boat 0.526032 91.41 70.73 112.23 117.05
bottle 0.526008 62.82 65.49 75.63 113.02
dog 0.525993 19.45 0.00 62.55 19.79
dog 0.525917 7.07 149.73 23.10 189.71
dog 0.525806 0.00 123.31 49.41 211.88
person 0.525681 83.30 210.19 120.80 224.00
person 0.525671 0.00 46.20 135.00 224.00
bottle 0.525644 39.22 154.88 54.06 206.12
train 0.525584 56.55 104.61 67.67 164.51
car 0.525574 219.11 176.88 224.00 205.27
boat 0.525561 124.80 89.01 150.28 120.35
car 0.525536 205.47 105.42 224.00 215.04
train 0.525479 217.48 72.68 224.00 112.31
boat 0.525467 107.37 77.61 134.04 114.97
boat 0.525420 108.73 69.83 133.44 104.78
car 0.525315 22.34 0.00 104.93 29.06
train 0.525301 206.82 90.23 223.35 128.57
bottle 0.525274 83.46 69.03 104.19 112.76
car 0.525248 0.00 0.00 101.64 173.61
dog 0.525232 13.30 148.28 27.67 181.87
bottle 0.525148 67.71 66.47 80.92 112.37
boat 0.525130 103.28 40.52 128.38 64.52
bottle 0.525129 57.19 67.97 67.73 117.21
car 0.524912 160.89 0.00 224.00 38.44
dog 0.524884 8.08 0.00 59.15 25.13
boat 0.524823 118.51 97.16 145.48 135.42
train 0.524820 54.39 119.32 67.03 180.01
bottle 0.524765 52.00 158.83 66.91 210.97
boat 0.524687 116.99 79.95 142.75 111.63
bottle 0.524668 26.30 84.24 37.79 116.36
boat 0.524633 74.97 210.19 113.53 224.00
dog 0.524630 33.07 145.38 52.37 186.77
aeroplane 0.524622 106.81 0.00 169.35 36.72
bottle 0.524612 0.00 56.22 14.51 100.18
bird 0.524596 26.56 139.20 137.21 224.00
person 0.524577 154.36 144.06 182.89 175.48
aeroplane 0.524546 84.80 0.00 141.13 27.27
boat 0.524520 108.11 96.03 136.37 138.70
boat 0.524514 116.97 72.24 141.62 102.09
boat 0.524506 3.98 138.57 23.27 176.68
car 0.524423 219.50 195.54 224.00 224.00
dog 0.524365 0.00 0.00 32.23 20.94
train 0.524364 64.75 113.52 79.48 178.11
bottle 0.524362 66.15 210.56 105.77 224.00
bottle 0.524308 92.53 64.53 111.04 107.36
boat 0.524271 108.91 62.86 132.84 94.30
car 0.524244 130.73 167.45 153.69 197.38
boat 0.524224 126.10 97.86 151.92 133.07
train 0.524053 79.88 148.15 108.18 193.08
sheep 0.524023 6.22 182.12 22.97 215.15
train 0.523951 219.25 62.88 224.00 103.45
boat 0.523896 13.53 75.10 93.03 203.04
car 0.523891 201.79 204.53 224.00 224.00
boat 0.523886 123.87 117.25 151.14 155.63
bottle 0.523843 65.60 36.42 84.40 65.40
boat 0.523781 99.06 75.14 124.51 118.55
bottle 0.523720 64.30 25.91 84.84 57.61
car 0.523691 220.00 185.87 224.00 215.54
bottle 0.523687 74.80 67.05 90.14 110.00
dog 0.523639 6.70 175.73 23.67 209.70
chair 0.523637 27.05 0.00 70.93 19.89
car 0.523518 194.15 136.95 224.00 224.00
bottle 0.523473 58.58 160.14 74.42 209.60
bottle 0.523472 21.79 81.82 33.55 115.07
bottle 0.523366 59.23 27.70 76.88 57.03
boat 0.523328 0.00 112.79 8.39 163.27
bottle 0.523286 5.70 69.80 33.45 108.48
car 0.523228 182.90 141.33 206.98 166.32
person 0.523185 172.24 141.42 198.83 167.30
bottle 0.523111 64.16 71.03 73.46 122.01
bottle 0.522952 60.02 36.45 77.21 64.44
boat 0.522905 96.77 135.89 127.38 188.06
boat 0.522898 83.32 82.69 204.47 196.53
bottle 0.522854 65.73 56.42 83.28 98.85
bottle 0.522852 101.73 68.04 124.25 107.69
bottle 0.522789 37.68 174.32 53.18 214.31
bottle 0.522751 0.00 78.90 11.68 123.85
boat 0.522745 104.20 49.48 124.16 73.19
boat 0.522696 168.89 0.00 204.46 18.38
bottle 0.522690 97.38 65.64 117.05 108.47
bottle 0.522686 103.31 61.26 124.40 95.37
dog 0.522676 23.70 146.88 38.99 182.57
bottle 0.522666 80.61 59.73 100.30 100.66
car 0.522647 179.34 123.65 204.11 146.88
sheep 0.522645 0.00 157.33 85.36 224.00
boat 0.522618 98.63 41.24 119.38 64.00
boat 0.522604 31.31 98.37 139.69 206.22
boat 0.522581 109.55 106.98 138.38 150.32
car 0.522543 122.57 0.00 208.53 40.80
boat 0.522512 121.73 20.46 163.30 54.14
bottle 0.522489 44.44 170.10 59.82 215.30
boat 0.522485 115.97 64.75 140.55 92.92
boat 0.522466 84.47 77.50 107.57 122.73
boat 0.522459 125.03 82.59 149.45 109.41
boat 0.522382 112.79 128.41 144.92 178.43
bottle 0.522290 41.66 70.61 58.71 117.82
boat 0.522245 92.55 168.42 111.29 200.36
bottle 0.522238 65.21 80.15 72.95 137.66
bottle 0.522222 70.17 24.26 93.68 57.71
dog 0.522220 38.81 0.00 85.57 19.79
aeroplane 0.522197 115.38 10.19 165.23 47.12
train 0.522183 197.44 92.43 217.04 123.48
bottle 0.522150 32.14 74.06 45.34 116.06
bottle 0.522141 72.87 37.23 92.80 66.47
bottle 0.522084 0.00 18.81 9.70 69.79
car 0.522067 171.93 150.24 197.30 173.70
bottle 0.522053 70.41 61.38 87.69 104.84
boat 0.522028 132.27 90.42 156.70 118.36
bottle 0.521966 98.71 59.42 116.88 95.94
bottle 0.521966 30.28 26.63 86.65 181.85
bottle 0.521962 0.00 44.78 12.91 87.67
aeroplane 0.521936 100.53 0.00 158.53 26.31
dog 0.521921 32.23 160.45 48.06 203.51
boat 0.521877 125.16 167.34 148.28 198.23
bottle 0.521751 82.15 38.98 103.10 64.84
bottle 0.521720 66.55 47.00 83.86 81.11
car 0.521668 186.35 154.80 206.01 176.69
boat 0.521631 0.00 88.83 10.18 136.74
dog 0.521629 0.00 0.00 40.34 50.70
dog 0.521625 0.00 190.59 14.81 224.00
person 0.521594 169.32 203.52 186.96 224.00
bottle 0.521578 0.00 0.00 30.80 80.62
aeroplane 0.521577 218.68 0.00 224.00 35.92
car 0.521535 211.80 147.98 219.05 172.95
dog 0.521492 31.93 171.44 46.22 208.39
bottle 0.521417 52.81 64.38 71.27 114.15
car 0.521403 135.93 169.34 161.84 196.00
sheep 0.521401 0.00 23.00 20.70 65.85
dog 0.521396 0.00 0.00 10.68 42.52
boat 0.521395 127.49 108.11 154.28 146.48
boat 0.521367 0.00 100.40 8.97 150.24
boat 0.521314 144.57 91.50 168.00 116.62
boat 0.521272 103.94 55.32 124.06 83.69
bottle 0.521256 4.48 62.25 31.04 100.17
boat 0.521242 124.97 74.99 148.92 100.62
bottle 0.521223 20.91 68.16 41.76 114.79
bottle 0.521218 52.65 29.80 69.28 56.28
bottle 0.521093 53.53 37.01 69.57 62.86
sheep 0.521033 18.05 148.33 112.62 224.00
car 0.521005 171.34 192.01 185.12 207.22
boat 0.520962 120.76 108.53 148.07 147.58
car 0.520947 174.03 205.23 196.39 224.00
car 0.520940 185.35 161.97 204.57 182.81
car 0.520937 185.79 148.07 206.71 171.20
car 0.520919 196.75 134.44 213.57 161.46
bottle 0.520900 54.79 0.00 125.49 95.27
bottle 0.520896 24.33 92.89 34.16 121.73
bottle 0.520889 76.36 74.22 91.43 117.95
dog 0.520876 13.07 184.37 27.54 213.26
boat 0.520852 99.73 24.57 134.52 58.15
train 0.520837 60.45 130.47 80.47 185.64
car 0.520823 164.02 174.08 182.10 196.00
bottle 0.520786 57.99 89.50 68.59 145.20
boat 0.520782 0.62 115.91 20.95 159.49
boat 0.520736 75.42 131.30 102.71 181.86
dog 0.520732 0.00 8.72 9.00 62.06
car 0.520686 211.24 123.06 219.08 157.48
person 0.520638 162.48 202.65 181.20 224.00
person 0.520628 141.02 136.26 172.45 173.98
boat 0.520627 107.96 38.06 137.95 63.93
boat 0.520595 108.26 55.51 131.99 83.53
boat 0.520543 100.35 49.11 116.87 72.28
boat 0.520514 92.03 40.34 111.38 63.37
car 0.520490 181.67 133.99 206.64 159.60
dog 0.520286 220.00 53.46 224.00 94.78
car 0.520241 165.88 190.16 180.67 204.92
boat 0.520239 116.72 143.64 146.89 185.18
dog 0.520221 34.00 32.60 53.07 57.22
bottle 0.520181 29.34 94.25 38.24 120.74
aeroplane 0.520179 114.29 0.00 168.50 23.18
bottle 0.520173 100.14 53.68 117.36 83.55
boat 0.520173 172.15 119.40 198.84 145.98
bottle 0.520166 78.10 24.12 104.39 56.55
boat 0.520143 86.56 90.78 111.94 139.83
car 0.520122 194.00 119.75 212.16 144.13
bottle 0.520105 174.57 91.47 195.67 118.05
boat 0.520100 97.80 138.68 208.09 224.00
boat 0.520053 78.90 157.02 103.29 199.18
bottle 0.520032 43.39 31.98 60.89 55.99
car 0.520003 181.09 205.42 207.56 224.00
boat 0.519993 126.78 31.00 159.65 61.48
bottle 0.519992 68.83 81.97 79.63 137.07
boat 0.519984 132.87 84.35 156.11 108.26
bottle 0.519976 0.00 36.07 23.45 74.58
dog 0.519954 15.59 0.00 51.63 31.57
boat 0.519923 144.02 85.69 166.74 107.59
person 0.519878 137.69 148.99 173.77 181.92
bottle 0.519867 61.69 46.24 78.30 80.75
person 0.519833 165.71 121.11 192.45 150.73
boat 0.519820 65.86 164.19 83.54 207.22
car 0.519774 167.88 176.03 185.47 197.08
bottle 0.519744 47.79 0.00 138.96 35.74
bottle 0.519697 92.95 53.09 110.16 85.36
aeroplane 0.519683 220.00 28.97 224.00 78.26
bottle 0.519649 15.57 82.15 29.71 115.41
boat 0.519626 196.36 85.95 216.05 114.32
bottle 0.519624 167.28 91.65 188.69 119.76
boat 0.519610 95.33 0.00 156.63 45.44
car 0.519605 186.77 193.91 202.54 210.58
dog 0.519601 26.27 32.38 45.64 58.54
bottle 0.519586 158.92 91.74 180.71 118.22
boat 0.519560 123.69 66.81 148.20 92.04
dog 0.519514 13.73 167.57 27.00 201.57
bottle 0.519502 190.08 92.85 210.78 120.33
bottle 0.519486 72.68 48.19 90.37 80.60
train 0.519449 11.33 113.62 107.51 206.06
bottle 0.519409 44.11 38.38 60.31 62.13
boat 0.519393 108.27 47.25 132.57 73.02
car 0.519392 156.40 173.22 177.54 196.00
boat 0.519328 133.58 0.00 179.84 19.43
dog 0.519320 44.60 139.91 62.11 190.66
car 0.519282 177.15 194.17 192.72 209.74
car 0.519256 165.77 85.81 188.22 109.09
car 0.519251 157.12 86.16 179.29 108.71
sheep 0.519247 0.00 10.90 18.53 58.06
dog 0.519181 14.42 157.58 26.64 194.40
aeroplane 0.519176 220.00 0.21 224.00 50.58
dog 0.519121 13.70 140.60 30.09 176.55
bottle 0.519075 0.80 51.67 27.59 86.12
boat 0.519067 151.60 0.00 194.03 18.03
train 0.519029 197.39 99.59 216.36 133.10
car 0.519014 171.47 168.70 192.85 189.96
sheep 0.519009 9.99 27.37 29.81 60.96
boat 0.519004 113.92 167.19 142.23 197.59
bottle 0.518942 173.44 85.93 196.24 107.75
bottle 0.518939 58.47 78.76 67.55 133.91
dog 0.518927 21.51 182.41 35.31 212.41
car 0.518871 201.35 151.44 213.07 173.23
bottle 0.518825 62.70 10.37 87.92 49.04
car 0.518806 145.34 172.00 170.56 196.00
sheep 0.518783 2.36 193.82 24.40 224.00
bottle 0.518774 16.42 92.03 28.61 123.25
bottle 0.518765 93.59 48.10 110.47 72.57
bottle 0.518757 82.43 48.53 101.43 76.75
bottle 0.518711 46.92 72.69 56.36 119.52
bottle 0.518634 182.83 91.68 203.19 117.90
boat 0.518569 2.95 101.70 22.35 142.21
bottle 0.518558 12.71 62.12 34.97 101.41
bottle 0.518480 195.52 77.53 214.55 106.28
bird 0.518455 66.59 174.21 84.82 215.05
dog 0.518431 19.39 30.30 37.89 58.92
bottle 0.518351 189.45 86.51 209.95 111.04
person 0.518283 127.07 201.89 158.05 224.00
bottle 0.518263 77.88 86.56 93.40 136.51
boat 0.518247 135.57 78.30 215.79 183.53
boat 0.518237 6.27 90.46 24.85 128.12
car 0.518172 159.27 189.15 176.69 205.10
bottle 0.518137 174.42 99.24 194.73 131.27
person 0.518096 132.12 180.30 150.91 211.15
sheep 0.518058 0.00 0.00 23.43 36.72
dog 0.518051 47.37 125.70 60.70 178.94
dog 0.518022 24.20 17.30 47.35 52.59
boat 0.518015 132.82 76.79 156.54 100.27
bottle 0.517973 59.23 14.24 80.39 49.88
boat 0.517953 194.87 69.55 214.08 97.57
boat 0.517891 172.70 0.00 200.30 29.92
car 0.517880 138.65 63.60 218.85 181.80
dog 0.517850 7.00 13.57 28.34 52.55
boat 0.517840 113.72 55.55 139.49 83.01
dog 0.517717 22.46 164.65 35.52 200.73
boat 0.517707 108.10 21.24 153.85 56.64
boat 0.517675 205.96 75.55 222.11 110.60
bottle 0.517669 33.67 39.83 51.05 64.60
boat 0.517662 88.12 24.84 114.29 55.90
boat 0.517654 98.44 177.33 115.34 208.50
bottle 0.517632 8.31 80.42 27.82 116.21
dog 0.517577 155.20 78.23 178.32 102.04
person 0.517527 126.18 179.25 145.20 211.57
bottle 0.517499 26.11 40.77 43.33 66.88
bottle 0.517486 187.44 70.55 206.85 97.38
boat 0.517468 142.95 77.79 166.55 100.32
bottle 0.517410 164.39 77.71 187.64 103.20
bottle 0.517390 35.84 0.00 88.66 26.21
dog 0.517367 39.38 142.00 58.26 189.94
bottle 0.517366 65.82 5.89 96.81 48.14
car 0.517348 192.66 0.00 224.00 23.60
dog 0.517333 162.30 69.16 188.30 95.61
boat 0.517327 143.88 99.63 169.39 131.87
dog 0.517319 17.30 15.80 38.29 51.46
boat 0.517314 13.85 130.48 29.15 170.67
bottle 0.517310 188.53 78.47 207.73 105.12
bottle 0.517295 182.42 85.90 203.93 108.32
bottle 0.517221 167.73 100.14 188.64 134.38
boat 0.517217 79.67 0.00 136.79 40.00
dog 0.517204 2.81 0.00 35.94 31.44
bottle 0.517172 57.52 0.00 96.93 30.87
boat 0.517138 14.38 114.67 27.86 153.76
car 0.517074 211.98 155.69 218.57 180.00
bottle 0.517053 25.42 101.08 34.64 131.36
dog 0.517010 9.84 120.96 102.85 210.00
boat 0.517008 15.89 101.47 28.24 134.37
boat 0.516979 194.70 108.43 214.71 139.30
boat 0.516940 111.44 34.05 146.93 61.92
bottle 0.516921 20.84 40.45 37.02 68.01
sheep 0.516884 13.04 39.33 31.06 70.91
boat 0.516870 152.29 69.41 177.63 93.73
sheep 0.516867 0.00 0.00 59.18 42.06
bottle 0.516866 32.32 190.48 53.69 224.00
boat 0.516866 93.81 178.49 110.31 208.38
boat 0.516800 141.39 118.61 170.81 154.00
car 0.516797 200.87 158.25 211.78 180.00
person 0.516781 133.32 203.78 166.60 224.00
bottle 0.516778 30.98 101.00 39.06 129.88
car 0.516768 173.51 179.44 192.69 199.89
boat 0.516759 122.66 56.41 147.55 82.95
boat 0.516741 131.38 68.29 155.83 91.95
bottle 0.516731 71.39 2.89 107.40 47.13
bottle 0.516659 35.23 83.45 44.20 118.11
train 0.516630 47.85 110.82 59.06 158.58
car 0.516609 184.39 169.91 203.46 190.45
boat 0.516603 206.14 66.68 221.98 101.50
bottle 0.516563 172.65 78.00 196.21 103.20
car 0.516500 185.60 181.50 203.53 201.04
boat 0.516475 176.48 38.04 198.32 64.12
bottle 0.516447 48.13 188.47 71.59 224.00
boat 0.516446 79.39 167.38 99.51 203.23
boat 0.516421 175.63 27.65 197.78 54.79
car 0.516407 191.97 201.57 215.45 224.00
boat 0.516383 174.82 0.00 213.86 21.36
bottle 0.516343 39.78 188.41 61.66 224.00
dog 0.516339 24.09 154.53 36.26 194.45
bottle 0.516338 170.85 69.67 196.42 97.06
dog 0.516278 16.02 0.00 41.75 40.03
dog 0.516276 9.36 195.75 28.88 224.00
bottle 0.516244 55.08 191.66 81.84 224.00
boat 0.516221 174.54 15.89 197.94 45.93
dog 0.516204 31.08 17.49 55.05 52.23
bottle 0.516193 159.98 100.03 181.66 133.05
bottle 0.516187 53.92 46.84 70.71 79.89
boat 0.516185 65.17 0.00 114.61 35.31
car 0.516176 148.21 187.29 169.89 206.76
boat 0.516168 88.26 2.97 131.26 49.28
car 0.516138 134.72 41.02 224.00 155.41
dog 0.516138 24.86 193.05 45.64 224.00
boat 0.516091 123.20 42.36 148.97 71.83
person 0.516080 158.47 119.88 186.22 152.36
train 0.516071 46.86 101.42 57.94 142.29
boat 0.516039 105.53 178.03 125.74 208.74
boat 0.516007 140.76 69.18 165.63 92.09
car 0.515985 198.78 188.80 210.91 207.62
bottle 0.515970 26.67 69.63 47.12 116.13
boat 0.515947 80.91 2.50 118.67 47.67
car 0.515809 138.21 183.55 159.66 208.93
car 0.515745 212.00 166.14 218.51 189.93
boat 0.515639 78.43 177.71 96.94 211.71
bottle 0.515633 13.36 52.49 33.00 85.42
dog 0.515572 32.63 129.90 46.19 174.70
boat 0.515527 112.63 43.98 141.03 71.98
bottle 0.515526 19.82 52.02 37.45 84.60
bottle 0.515522 181.63 99.04 201.43 129.41
bottle 0.515508 51.63 16.83 72.45 51.12
bottle 0.515476 180.52 70.40 202.52 98.04
boat 0.515472 195.84 126.51 212.40 152.53
dog 0.515451 40.27 128.46 54.28 177.12
bird 0.515436 61.67 195.82 90.62 224.00
dog 0.515425 26.98 0.00 63.35 33.31
boat 0.515392 171.64 111.14 193.75 143.22
bottle 0.515385 32.06 113.07 41.65 151.41
dog 0.515355 17.35 194.77 36.70 224.00
aeroplane 0.515340 78.18 14.97 206.12 123.46
boat 0.515334 188.66 100.75 209.47 131.39
boat 0.515327 167.62 37.84 189.93 61.58
bottle 0.515312 182.06 78.38 203.16 104.09
boat 0.515291 88.14 179.37 105.52 209.41
boat 0.515242 169.74 61.21 195.62 87.28
boat 0.515227 166.32 28.41 189.40 52.71
boat 0.515139 159.47 59.12 187.17 84.46
boat 0.515133 129.82 57.16 155.06 82.53
boat 0.515086 115.39 178.38 139.78 209.75
car 0.515073 200.17 167.38 211.02 188.00
person 0.515045 111.40 201.26 144.34 224.00
boat 0.515009 94.40 200.41 121.49 224.00
boat 0.514969 113.40 0.00 174.41 35.35
boat 0.514959 167.09 17.75 191.17 44.40
boat 0.514951 168.91 49.23 192.33 74.41
car 0.514927 129.94 137.22 220.57 224.00
bottle 0.514876 25.21 113.48 35.35 151.62
boat 0.514836 166.53 111.70 189.35 146.50
boat 0.514683 101.24 0.00 204.09 59.67
person 0.514617 102.00 201.27 131.79 224.00
bottle 0.514592 39.05 17.75 62.12 51.49
boat 0.514498 177.50 50.44 199.75 77.01
boat 0.514485 147.27 57.62 175.45 82.22
boat 0.514401 87.92 200.17 114.66 224.00
boat 0.514349 186.46 63.40 206.62 88.64
bottle 0.514318 60.29 0.00 88.04 40.22
boat 0.514311 151.73 0.00 221.40 59.87
boat 0.514247 178.98 62.59 202.12 88.87
boat 0.514228 194.85 62.11 213.67 88.66
boat 0.514220 139.08 0.00 217.30 87.42
boat 0.514215 136.82 57.64 163.87 81.60
dog 0.514206 25.08 130.09 37.73 171.78
boat 0.514198 71.44 198.72 100.11 224.00
car 0.514122 208.19 196.93 222.95 224.00
boat 0.514116 80.61 200.25 107.92 224.00
bottle 0.514064 36.11 93.34 44.63 123.03
car 0.514030 212.00 184.91 219.86 209.63
boat 0.513922 169.14 7.11 194.31 35.91
boat 0.513883 176.47 110.43 198.95 141.04
bottle 0.513838 46.68 91.93 57.38 132.51
boat 0.513800 131.64 43.34 163.49 69.39
car 0.513777 200.32 178.18 211.51 197.65
bottle 0.513770 37.83 100.93 46.42 132.72
dog 0.513668 39.60 112.30 49.71 153.15
boat 0.513433 188.50 32.24 211.86 64.68
car 0.513425 212.00 175.97 219.46 199.51
boat 0.513360 125.25 15.76 216.05 117.77
bottle 0.513289 41.71 48.80 59.78 79.45
boat 0.513193 183.35 111.36 207.04 140.64
boat 0.512954 158.98 111.01 182.87 146.75
boat 0.512899 153.97 45.78 183.07 70.15
boat 0.512890 144.88 0.00 196.25 25.03
boat 0.512889 192.52 48.13 212.72 78.43
bottle 0.512889 11.57 0.00 79.95 37.61
boat 0.512733 130.18 33.13 171.54 57.02
boat 0.512643 207.60 57.96 221.52 92.15
boat 0.512560 139.32 43.24 172.22 68.10
bottle 0.512448 48.69 0.00 77.18 42.28
boat 0.512337 113.69 15.81 171.75 45.40
bottle 0.512313 29.62 50.81 48.74 81.67
bottle 0.512178 37.91 61.59 59.97 102.70
boat 0.512140 183.80 20.19 210.39 55.17
bottle 0.511976 32.73 0.00 61.57 43.39
bottle 0.511765 25.70 63.08 47.78 103.26
bottle 0.511628 23.48 0.00 77.89 81.78
bottle 0.511566 25.44 0.00 111.21 34.51
boat 0.511545 141.74 27.10 180.69 49.49
aeroplane 0.511531 191.98 0.00 221.57 30.35
boat 0.511425 138.45 17.37 183.21 43.29
boat 0.511424 147.47 35.48 180.46 57.54
boat 0.510985 177.95 8.34 208.18 46.36
boat 0.510933 138.91 7.85 188.11 36.75
boat 0.510791 209.20 44.04 222.26 81.94
boat 0.510786 208.65 28.72 223.39 70.48
boat 0.510279 206.41 16.78 222.87 60.89
boat 0.509571 202.49 6.74 221.47 51.43
boat 0.509568 196.14 0.00 220.49 33.50
