car 0.700468 0.00 66.75 206.73 197.28
car 0.569187 161.45 53.62 217.63 119.82
car 0.557705 120.69 10.01 208.01 77.73
car 0.555682 33.55 39.97 220.52 178.44
car 0.550981 169.57 57.86 205.99 111.14
person 0.550689 90.63 27.03 128.67 56.99
person 0.546364 111.93 3.73 193.62 86.01
car 0.544703 0.00 83.36 146.76 213.92
person 0.544602 109.32 6.95 172.40 71.59
car 0.544413 0.00 83.55 85.11 206.42
car 0.544027 107.82 0.00 193.05 71.51
bottle 0.543719 72.46 149.62 109.62 210.51
car 0.543427 138.89 18.77 215.16 87.11
person 0.542833 96.32 21.16 142.43 60.27
bottle 0.542400 0.00 56.63 9.03 100.27
person 0.542216 101.99 14.21 153.80 65.88
person 0.541743 0.00 53.02 9.28 95.49
car 0.541066 163.36 29.79 224.00 142.69
car 0.540428 181.29 39.35 224.00 157.52
car 0.540053 144.78 41.01 210.91 118.04
bottle 0.538748 50.75 143.78 78.24 212.84
car 0.538732 194.21 51.76 224.00 180.18
person 0.538460 210.18 55.80 224.00 111.56
car 0.538304 220.00 139.05 224.00 190.01
bottle 0.538138 40.67 120.97 74.45 174.19
person 0.538124 201.15 68.94 224.00 205.47
car 0.538016 129.43 22.51 210.98 136.50
person 0.537828 219.80 133.94 224.00 183.99
bottle 0.537621 64.13 146.04 100.13 211.44
bottle 0.537531 29.81 127.48 66.36 189.61
bottle 0.537224 82.17 156.26 114.29 213.99
bottle 0.537201 40.56 137.63 74.49 205.61
car 0.536939 80.64 0.00 195.43 51.28
car 0.536521 104.80 51.31 207.72 178.97
bottle 0.536512 88.63 148.22 119.84 209.52
bottle 0.536456 27.34 101.58 63.71 146.49
car 0.536356 84.13 0.00 219.34 80.15
car 0.536130 111.16 0.00 171.33 26.14
motorbike 0.536078 86.07 0.00 224.00 86.44
bottle 0.535718 25.07 116.35 62.66 175.96
car 0.535598 108.55 0.00 186.77 35.08
car 0.535301 199.69 84.73 224.00 218.41
bottle 0.535210 35.23 111.99 68.81 152.23
sheep 0.534663 22.39 135.09 58.18 205.41
bottle 0.534501 43.30 151.33 70.43 212.74
sheep 0.534298 15.55 120.81 50.14 192.67
car 0.534224 168.06 0.00 209.30 17.75
bottle 0.534132 0.00 93.31 7.37 147.36
bottle 0.534040 0.00 201.07 19.58 224.00
car 0.534020 157.43 64.98 202.68 108.85
bottle 0.533931 79.06 140.75 117.49 204.95
bottle 0.533809 43.02 103.87 73.00 148.15
bottle 0.533446 46.75 169.76 71.50 216.62
person 0.533303 82.97 25.28 114.60 60.98
bottle 0.533025 0.00 205.07 32.82 224.00
bottle 0.532991 55.79 205.52 90.98 224.00
bottle 0.532965 56.94 150.73 85.15 214.59
person 0.532964 176.04 71.46 201.98 118.46
bottle 0.532875 48.40 129.24 79.22 192.06
sheep 0.532808 17.86 141.05 49.72 213.83
bottle 0.532735 77.25 171.16 105.32 216.25
person 0.532680 182.47 100.14 197.37 136.83
person 0.532549 101.74 85.01 115.22 104.10
car 0.532548 54.41 0.00 171.23 42.30
bottle 0.532483 0.00 68.24 8.26 115.97
bottle 0.532452 31.87 144.09 64.64 213.06
sheep 0.532447 4.93 117.23 29.32 191.07
bottle 0.532243 17.95 110.73 51.26 177.89
person 0.532225 103.52 88.42 114.75 108.41
car 0.531803 93.69 0.00 151.71 26.65
car 0.531555 208.54 0.00 224.00 21.92
car 0.531537 132.04 0.00 190.68 22.13
car 0.531444 147.99 47.72 212.00 171.67
car 0.531440 70.28 16.89 220.11 129.93
person 0.531270 69.66 29.36 91.21 64.68
bottle 0.531196 35.91 93.23 66.84 138.24
sheep 0.531178 0.00 146.55 21.00 205.82
bottle 0.531043 19.97 99.74 50.91 143.78
bottle 0.530995 39.26 169.28 65.96 216.43
bottle 0.530889 39.16 204.38 78.01 224.00
boat 0.530881 19.59 14.07 56.22 28.63
person 0.530868 75.73 26.83 100.35 63.07
person 0.530820 183.78 108.17 196.88 142.96
car 0.530748 147.94 167.39 163.17 191.95
bottle 0.530652 65.72 206.70 103.79 224.00
person 0.530648 219.28 117.03 224.00 165.60
person 0.530643 218.99 98.78 224.00 145.12
car 0.530634 16.48 111.17 170.58 224.00
bottle 0.530597 0.00 145.50 8.30 204.34
person 0.530558 0.00 35.22 9.02 79.41
car 0.530432 185.66 98.18 200.18 137.04
bottle 0.530402 86.84 208.80 124.30 224.00
car 0.530332 76.03 0.00 138.81 30.14
bottle 0.530238 1.35 56.15 14.26 92.22
bottle 0.530150 69.83 172.47 95.44 217.06
car 0.529861 144.42 0.00 202.41 19.59
car 0.529856 40.39 69.55 63.24 97.53
bottle 0.529854 77.71 134.42 108.98 190.60
sheep 0.529800 5.82 142.00 29.85 208.15
car 0.529754 91.89 4.47 167.26 64.90
bottle 0.529707 102.00 150.32 124.56 206.93
bottle 0.529692 79.25 185.34 105.06 222.26
person 0.529604 215.40 45.83 224.00 103.39
person 0.529492 215.89 88.25 224.00 137.18
bottle 0.529458 25.34 150.78 57.40 216.00
car 0.529406 219.73 25.14 224.00 64.64
bottle 0.529404 72.54 185.69 95.72 221.65
car 0.529377 220.00 152.99 224.00 207.74
person 0.529271 109.82 84.75 121.86 103.91
car 0.529240 29.87 33.64 57.61 61.98
person 0.529142 48.87 69.70 69.89 96.99
person 0.529043 94.92 84.22 108.66 103.21
person 0.528862 175.78 168.56 224.00 224.00
sheep 0.528861 10.11 116.06 37.93 193.06
bottle 0.528777 48.84 117.84 78.29 162.90
bottle 0.528700 219.24 30.96 224.00 75.13
car 0.528683 186.82 117.00 224.00 219.76
person 0.528683 184.63 54.41 215.82 111.65
car 0.528453 210.34 203.90 224.00 224.00
car 0.528431 37.46 0.00 127.27 34.40
person 0.528318 180.44 86.69 198.60 128.68
person 0.528193 211.81 76.52 224.00 128.92
sheep 0.528119 34.63 67.99 57.10 97.06
bottle 0.528082 86.43 185.19 112.99 221.54
car 0.528076 147.70 0.00 224.00 65.93
car 0.528053 0.00 0.00 42.58 49.68
bottle 0.528038 45.29 95.30 70.67 136.63
car 0.528019 4.40 1.38 219.27 204.82
car 0.527972 183.12 0.00 216.07 19.63
bottle 0.527971 93.22 169.65 118.66 215.55
bottle 0.527936 85.94 133.50 115.54 189.48
person 0.527885 128.76 81.91 139.14 103.20
car 0.527847 176.94 69.58 202.93 119.08
bottle 0.527833 0.00 122.49 20.15 189.61
person 0.527735 135.90 81.42 145.64 102.72
person 0.527695 110.31 88.03 120.31 107.54
bottle 0.527691 11.89 105.43 37.12 178.96
bottle 0.527687 115.39 150.85 138.17 198.88
car 0.527669 143.59 166.49 156.06 190.89
bottle 0.527662 218.20 37.66 224.00 89.45
sheep 0.527623 11.77 139.07 39.12 211.69
car 0.527580 186.97 107.26 199.59 142.56
person 0.527571 59.22 68.95 77.01 94.90
car 0.527490 192.97 138.45 211.12 170.68
car 0.527466 27.62 26.66 58.57 55.43
bottle 0.527328 53.44 182.70 76.73 221.02
car 0.527327 146.82 14.81 206.75 64.68
bottle 0.527177 104.68 209.62 140.14 224.00
person 0.527140 184.58 115.59 197.62 152.01
car 0.527128 219.08 11.31 224.00 46.44
person 0.527090 142.86 123.60 169.45 152.72
bottle 0.527064 51.31 106.89 77.20 147.17
bottle 0.526971 0.00 123.60 7.24 188.07
bottle 0.526943 22.17 205.93 66.20 224.00
bottle 0.526851 57.83 173.08 84.25 218.26
person 0.526842 97.74 87.83 109.27 108.34
bottle 0.526830 0.62 98.49 18.29 144.68
bottle 0.526730 8.32 101.36 28.78 143.48
person 0.526673 100.55 77.83 115.66 98.25
person 0.526665 161.62 51.61 209.53 115.12
bottle 0.526662 6.25 207.44 49.08 224.00
car 0.526651 189.21 137.85 204.51 169.34
person 0.526637 120.70 83.72 132.86 102.59
car 0.526602 99.13 11.39 211.50 107.33
bottle 0.526587 0.00 162.40 9.25 216.02
car 0.526581 182.75 84.35 201.01 129.07
person 0.526556 88.59 121.42 103.55 151.19
bottle 0.526551 86.02 126.12 105.51 165.39
person 0.526415 95.21 122.57 110.05 150.64
sheep 0.526391 29.07 171.07 58.83 216.80
car 0.526374 135.70 160.62 152.32 191.36
person 0.526335 103.06 109.73 114.01 131.94
bottle 0.526325 94.23 185.45 119.45 220.51
boat 0.526304 21.40 17.74 57.76 36.33
person 0.526268 178.93 47.14 222.72 178.25
bottle 0.526238 0.00 180.05 10.54 224.00
car 0.526229 188.26 127.14 202.53 161.15
car 0.526211 0.00 142.56 68.90 224.00
person 0.526186 93.07 76.59 108.91 97.04
car 0.526161 158.59 69.27 188.65 106.92
car 0.526121 43.81 76.90 61.24 102.81
person 0.525985 61.42 79.17 75.40 101.54
bottle 0.525979 3.38 45.95 15.30 80.65
person 0.525921 51.86 78.39 67.71 102.65
sheep 0.525906 0.00 165.22 21.05 214.99
person 0.525800 86.53 83.61 99.90 101.13
car 0.525785 189.24 153.63 206.94 181.85
person 0.525693 0.00 0.00 20.84 25.91
car 0.525651 85.77 0.00 154.49 49.82
person 0.525640 102.24 117.83 114.81 140.69
bottle 0.525560 92.73 127.19 111.99 165.34
dog 0.525558 31.50 84.27 58.95 122.57
person 0.525512 89.11 116.77 103.84 142.44
bottle 0.525501 156.78 208.61 202.99 224.00
bottle 0.525490 80.74 0.00 140.40 45.26
car 0.525467 189.61 146.07 206.00 175.69
person 0.525419 100.71 123.97 115.60 150.54
person 0.525397 96.55 116.57 109.86 141.40
car 0.525388 153.21 167.13 171.52 193.60
person 0.525383 146.55 78.87 162.39 100.96
bottle 0.525377 14.09 99.79 37.22 142.09
person 0.525310 127.63 76.84 138.40 98.88
sheep 0.525291 37.32 75.21 55.15 102.77
person 0.525258 84.27 74.59 99.90 94.96
person 0.525256 139.49 127.76 168.62 162.74
person 0.525243 134.55 76.35 144.53 97.85
car 0.525231 217.47 2.21 224.00 35.34
car 0.525188 187.91 160.22 206.87 188.78
boat 0.525187 24.06 28.05 55.17 53.11
person 0.525178 104.45 92.00 114.45 113.43
person 0.525169 185.34 125.35 199.20 162.59
person 0.525105 67.76 70.39 82.47 93.44
person 0.525093 0.00 26.23 10.02 69.43
person 0.525076 114.48 208.72 150.54 224.00
bottle 0.525053 0.00 192.09 14.63 224.00
person 0.525032 176.95 102.16 192.03 135.07
person 0.525023 81.46 0.00 145.62 47.66
boat 0.525019 14.43 12.04 46.19 24.95
car 0.524998 21.29 12.83 55.87 30.65
car 0.524990 0.00 129.26 104.63 224.00
person 0.524871 103.66 99.58 114.07 122.25
person 0.524774 88.88 110.90 103.05 133.74
person 0.524738 69.89 80.87 81.76 100.13
car 0.524552 192.87 128.87 210.48 164.22
person 0.524544 134.04 124.73 155.80 151.91
person 0.524523 97.63 108.91 109.40 132.44
bottle 0.524486 55.44 98.90 76.22 134.12
person 0.524439 108.64 78.42 122.83 99.01
person 0.524414 78.41 82.50 90.18 99.87
person 0.524317 76.37 72.41 90.21 93.17
car 0.524257 129.44 155.16 147.70 193.19
bottle 0.524246 1.42 64.76 14.14 103.20
bottle 0.524214 44.20 194.29 73.45 224.00
person 0.524107 88.39 88.37 100.58 107.28
bottle 0.524101 17.00 0.00 58.01 23.66
boat 0.524008 22.80 21.88 58.00 44.24
sheep 0.523955 27.98 68.58 48.17 95.13
dog 0.523887 36.42 79.33 55.74 109.98
bottle 0.523822 57.09 0.00 120.45 32.54
car 0.523806 202.78 135.92 219.66 178.56
car 0.523785 24.51 20.98 58.66 47.18
car 0.523684 58.54 0.00 116.68 28.18
bottle 0.523670 97.71 128.62 116.38 166.82
bottle 0.523661 141.51 209.51 184.64 224.00
sheep 0.523584 0.00 184.01 22.88 224.00
car 0.523581 184.54 209.24 222.33 224.00
person 0.523581 79.00 88.24 90.58 107.03
sheep 0.523571 100.98 156.48 123.76 210.94
bottle 0.523560 67.57 133.85 99.51 192.42
person 0.523560 146.02 119.45 167.28 146.71
person 0.523518 119.49 78.13 133.23 99.12
sheep 0.523507 20.05 173.04 49.10 217.27
person 0.523428 75.61 111.22 91.98 136.94
car 0.523371 195.45 0.00 222.62 20.48
person 0.523368 127.75 13.81 180.06 75.42
dog 0.523349 39.80 85.38 63.95 121.06
person 0.523309 76.82 104.58 91.70 127.00
bottle 0.523302 76.17 200.67 107.98 224.00
bottle 0.523295 130.76 208.75 168.38 224.00
person 0.523285 133.90 129.73 154.84 162.55
car 0.523235 185.96 166.58 206.28 196.27
car 0.523203 177.85 145.36 224.00 224.00
person 0.523200 123.17 207.99 159.92 224.00
bottle 0.523199 69.53 199.06 98.96 224.00
person 0.523188 88.50 103.42 102.30 124.70
car 0.523185 22.60 16.80 57.18 39.81
dog 0.523182 43.98 80.67 61.29 109.38
bottle 0.523174 76.65 116.39 92.81 145.11
person 0.523135 78.46 95.97 91.32 116.66
car 0.523126 191.75 96.53 208.75 136.72
person 0.523121 70.81 86.81 82.01 107.18
car 0.523059 190.64 156.28 212.14 188.85
bottle 0.523058 58.34 196.00 86.31 224.00
dog 0.523057 38.76 57.13 63.81 85.57
person 0.523035 154.11 71.10 187.45 102.82
car 0.523001 17.19 0.00 88.16 37.52
bottle 0.522992 64.98 102.55 82.23 130.60
bottle 0.522949 21.84 84.68 47.81 122.91
bottle 0.522883 57.47 114.90 81.88 149.95
person 0.522865 63.03 84.51 74.99 108.04
person 0.522803 177.96 114.71 193.08 152.39
person 0.522746 48.67 56.57 71.03 85.53
sheep 0.522726 33.39 56.52 58.24 85.37
sheep 0.522670 28.98 75.93 46.68 101.90
car 0.522633 183.37 160.63 199.70 188.61
sheep 0.522598 6.40 174.54 30.12 216.69
bottle 0.522519 55.80 122.91 81.00 171.89
person 0.522514 69.15 94.33 82.27 117.43
person 0.522500 134.00 115.13 152.08 141.70
car 0.522460 18.89 0.00 56.76 20.37
boat 0.522412 27.78 40.15 50.86 65.14
bottle 0.522380 107.93 124.58 122.92 151.60
person 0.522335 53.08 82.69 67.15 108.65
person 0.522281 129.84 123.08 147.77 153.44
bottle 0.522277 65.35 1.13 104.64 39.15
car 0.522259 220.00 174.37 224.00 224.00
person 0.522258 98.37 99.94 109.66 123.33
car 0.522243 181.12 166.69 199.20 196.26
person 0.522210 151.00 117.16 173.75 147.11
person 0.522204 88.96 94.91 101.70 115.52
person 0.522181 99.31 92.43 109.80 114.77
sheep 0.522175 33.61 47.13 56.78 74.06
person 0.522139 61.29 54.86 78.57 83.90
person 0.522116 108.40 119.12 122.23 140.95
car 0.522099 140.17 155.29 158.17 189.85
car 0.522064 139.04 137.38 165.72 179.55
person 0.522052 129.26 113.82 146.39 141.02
boat 0.522036 15.82 0.00 57.32 22.28
bottle 0.521998 126.52 164.64 213.42 224.00
car 0.521984 174.61 162.61 192.00 190.53
person 0.521936 159.17 113.59 181.50 144.14
bottle 0.521884 1.01 103.10 19.51 164.19
person 0.521869 108.42 111.72 121.19 132.55
car 0.521843 184.97 153.89 200.58 181.93
person 0.521817 138.01 140.69 159.47 178.17
bottle 0.521777 74.91 124.53 96.01 167.82
person 0.521744 120.64 123.60 143.74 152.25
person 0.521684 60.42 90.92 75.37 118.53
car 0.521654 143.16 153.27 164.65 190.92
person 0.521637 186.26 136.02 200.98 171.13
dog 0.521627 49.69 87.80 68.59 119.31
car 0.521602 161.20 1.11 206.96 34.01
sheep 0.521561 27.03 80.09 46.26 110.26
car 0.521540 160.23 165.90 180.83 193.11
person 0.521534 120.78 120.21 142.17 142.99
person 0.521515 129.53 127.54 147.19 164.83
person 0.521450 134.12 140.50 153.23 178.79
person 0.521237 178.82 122.77 194.42 163.11
person 0.521235 120.14 114.01 138.51 136.24
person 0.521163 129.23 92.33 141.16 116.95
bottle 0.521093 67.38 14.13 101.70 53.23
person 0.521090 90.14 58.69 109.33 85.23
sheep 0.521020 115.07 157.98 133.94 205.95
car 0.521017 0.00 52.79 66.95 162.48
car 0.520975 192.94 106.40 208.55 144.28
sheep 0.520968 20.86 35.39 50.54 59.78
sheep 0.520943 13.09 173.72 38.40 216.46
car 0.520941 0.00 33.64 49.93 137.09
car 0.520941 171.27 167.78 191.64 197.59
sheep 0.520927 12.80 45.44 29.00 73.31
person 0.520921 151.92 117.77 181.18 153.01
person 0.520867 163.74 107.33 182.52 136.07
bottle 0.520866 9.63 59.66 24.88 88.85
person 0.520865 68.52 55.36 83.38 82.44
car 0.520865 192.52 117.06 209.19 155.12
sheep 0.520848 11.45 51.79 26.49 80.32
sheep 0.520777 13.42 38.38 32.63 65.87
person 0.520733 134.46 104.18 149.08 131.08
person 0.520729 135.30 91.94 146.98 116.59
bottle 0.520713 0.82 80.64 16.86 126.14
bottle 0.520711 105.77 129.39 123.64 168.28
person 0.520710 65.35 33.63 83.96 67.36
bottle 0.520696 129.29 148.87 148.90 191.89
person 0.520672 204.12 128.27 221.42 172.14
car 0.520655 67.30 0.63 127.87 40.82
bottle 0.520645 116.67 135.54 140.49 184.92
person 0.520617 119.13 127.70 142.51 166.31
car 0.520595 148.99 30.40 207.41 94.34
person 0.520591 128.93 103.85 143.87 130.63
car 0.520562 186.88 83.44 208.77 128.36
person 0.520537 154.53 75.83 176.77 104.30
sheep 0.520524 28.17 57.39 50.06 83.82
person 0.520518 142.64 62.63 168.33 94.84
car 0.520492 0.00 10.87 39.17 102.34
person 0.520477 109.81 92.32 119.14 112.69
bottle 0.520401 0.00 17.90 11.65 56.53
bottle 0.520391 25.93 196.67 61.54 224.00
person 0.520351 131.95 61.48 145.22 90.79
person 0.520337 125.74 61.18 138.61 90.72
dog 0.520332 131.70 161.86 145.25 199.07
car 0.520297 0.00 0.00 18.36 30.00
sheep 0.520276 13.74 185.09 39.68 224.00
person 0.520268 97.57 59.55 116.48 86.09
bottle 0.520261 162.11 44.75 210.55 107.88
bottle 0.520247 90.95 201.08 121.35 224.00
car 0.520227 38.94 46.13 61.54 73.14
person 0.520213 148.78 113.05 167.00 140.87
person 0.520195 70.83 40.33 86.36 72.68
person 0.520193 82.32 56.66 100.27 83.55
person 0.520155 176.05 89.32 194.07 126.40
person 0.520147 141.46 115.23 160.94 141.15
car 0.520111 198.97 144.57 217.66 187.97
bottle 0.520107 8.75 66.50 24.36 96.59
bottle 0.520105 102.75 135.32 125.24 189.92
car 0.520100 130.34 0.00 210.15 45.16
bottle 0.520026 8.01 83.50 27.44 124.08
car 0.519993 186.31 145.56 201.41 176.95
bottle 0.519980 0.00 7.22 16.03 35.68
car 0.519972 35.53 37.55 60.64 65.67
car 0.519949 216.45 191.01 224.00 224.00
car 0.519913 150.60 62.85 190.22 102.72
sheep 0.519822 14.58 84.89 36.25 122.89
car 0.519815 146.05 40.29 191.47 93.40
car 0.519684 176.07 156.50 192.62 184.86
sheep 0.519641 18.28 69.32 35.66 95.25
car 0.519567 177.76 172.33 199.19 203.49
person 0.519544 129.52 137.49 147.78 181.05
person 0.519532 64.70 41.29 80.64 73.63
person 0.519514 154.61 110.50 174.15 139.85
person 0.519504 75.27 55.88 90.64 82.10
car 0.519500 161.61 10.35 205.92 44.76
person 0.519450 108.72 101.06 119.87 122.44
sheep 0.519361 28.76 47.30 50.38 72.37
sheep 0.519336 18.62 75.47 35.07 102.37
aeroplane 0.519327 152.91 182.85 184.78 221.51
aeroplane 0.519294 161.27 180.79 194.25 220.06
person 0.519286 204.52 97.48 224.00 139.90
bottle 0.519192 17.07 198.03 52.18 224.00
bottle 0.519076 188.39 45.73 216.09 105.39
boat 0.519057 6.47 10.99 33.82 29.12
dog 0.519030 147.94 184.84 165.49 216.77
car 0.518966 40.35 30.90 70.69 60.83
person 0.518955 120.19 103.16 135.19 125.87
car 0.518948 165.90 76.17 224.00 217.37
car 0.518946 148.87 176.13 162.70 200.56
car 0.518900 138.83 166.95 150.10 194.55
car 0.518881 166.28 172.80 191.96 204.39
sheep 0.518867 101.13 183.98 123.99 219.65
boat 0.518793 15.09 14.94 44.70 31.20
car 0.518761 0.42 0.00 33.86 22.61
dog 0.518745 146.37 197.81 188.98 224.00
car 0.518734 70.37 15.48 111.03 54.61
bottle 0.518722 56.06 0.00 101.71 22.97
person 0.518719 115.53 61.32 132.94 90.08
aeroplane 0.518701 174.20 180.22 201.39 217.86
bottle 0.518683 0.00 12.40 14.14 44.34
car 0.518683 183.65 172.55 205.81 203.30
person 0.518681 120.59 92.43 132.94 113.59
sheep 0.518670 21.35 41.87 47.13 66.49
person 0.518540 48.48 43.89 69.94 73.26
person 0.518497 205.01 117.84 223.22 161.79
car 0.518432 9.50 0.00 45.24 20.35
sheep 0.518408 19.45 59.64 38.44 85.40
person 0.518399 104.58 60.02 123.78 87.55
person 0.518275 146.64 120.97 180.62 163.02
aeroplane 0.518205 156.10 175.14 181.55 204.63
car 0.518158 170.91 22.77 208.26 58.41
person 0.518009 76.15 38.99 93.11 71.57
bottle 0.518008 8.33 199.02 43.69 224.00
bottle 0.517912 2.44 29.45 18.72 63.93
car 0.517907 182.81 4.67 207.60 28.64
aeroplane 0.517835 150.12 184.34 174.84 220.09
person 0.517728 200.74 85.55 222.97 131.87
person 0.517718 145.41 90.18 158.00 114.49
aeroplane 0.517705 152.29 176.28 171.48 203.14
person 0.517703 143.83 103.79 158.07 129.34
boat 0.517503 13.59 29.28 37.26 55.01
bottle 0.517433 9.30 76.27 25.76 111.49
person 0.517415 179.39 134.22 194.49 173.15
person 0.517342 159.84 81.20 181.79 115.00
car 0.517261 28.84 0.00 69.18 21.47
car 0.517252 109.19 102.63 208.71 204.41
bottle 0.517235 168.40 27.80 208.96 71.20
aeroplane 0.517218 182.77 181.66 208.83 217.01
bottle 0.517216 165.21 35.02 209.82 90.21
person 0.517164 195.03 72.20 219.75 123.40
person 0.517016 166.22 76.37 192.83 113.57
car 0.516946 173.85 17.53 207.31 49.77
person 0.516920 66.92 22.21 93.96 57.63
person 0.516918 166.16 93.03 186.32 125.47
sheep 0.516914 20.89 49.26 42.82 74.25
car 0.516904 168.11 196.53 206.36 224.00
boat 0.516775 2.75 0.00 35.42 24.79
dog 0.516684 145.14 183.97 159.11 213.59
car 0.516591 5.93 62.17 130.27 175.57
person 0.516590 90.18 38.44 112.07 70.21
car 0.516574 141.95 108.53 224.00 208.75
car 0.516545 178.50 11.56 207.13 40.17
car 0.516516 73.18 144.31 197.44 224.00
person 0.516339 158.84 97.31 177.37 128.11
person 0.516283 136.17 36.00 172.27 85.07
car 0.516268 177.91 146.82 193.59 180.98
person 0.516257 117.53 32.28 139.36 75.50
bottle 0.516172 193.87 37.58 215.84 88.45
person 0.516115 82.76 38.17 102.97 70.96
dog 0.516044 139.71 200.45 169.87 224.00
car 0.515886 187.72 169.37 212.37 202.12
person 0.515866 152.37 101.28 168.06 128.38
person 0.515796 123.88 32.06 147.55 78.74
car 0.515795 43.49 0.00 88.92 22.16
dog 0.515783 130.28 180.22 145.57 216.41
person 0.515764 153.84 86.37 170.99 114.21
person 0.515673 95.31 37.17 117.80 68.59
bottle 0.515643 145.70 174.86 156.65 198.99
sheep 0.515623 113.33 180.94 133.81 219.11
sheep 0.515578 197.17 30.81 215.67 70.67
dog 0.515537 107.93 198.78 136.62 224.00
boat 0.515529 14.48 20.18 42.16 42.25
car 0.515518 33.86 3.81 177.63 119.35
boat 0.515392 6.27 14.86 29.92 36.75
car 0.515335 38.83 21.91 77.26 51.25
car 0.515162 0.00 0.00 66.83 65.64
dog 0.515094 139.83 172.99 150.26 200.67
sheep 0.514925 198.00 25.24 214.78 58.50
dog 0.514875 138.81 182.61 151.86 213.61
car 0.514785 178.69 198.65 213.22 224.00
car 0.514644 9.00 15.30 78.26 104.71
car 0.514595 197.32 154.08 218.10 199.80
car 0.514537 67.68 94.58 202.46 198.95
aeroplane 0.514534 189.02 180.17 215.23 215.52
person 0.514398 106.85 33.97 131.84 71.97
bottle 0.514356 4.13 20.14 24.34 49.63
car 0.514304 155.93 148.01 180.20 187.12
car 0.514190 9.70 43.00 105.58 150.40
car 0.514045 23.58 9.25 107.11 100.18
car 0.513921 10.19 40.22 169.44 166.00
sheep 0.513910 197.73 19.08 213.77 49.95
car 0.513896 149.59 131.01 179.59 176.30
car 0.513848 119.66 139.15 207.30 224.00
car 0.513528 199.43 4.81 213.62 30.17
sheep 0.513517 198.62 11.97 213.18 40.61
car 0.513408 41.95 16.36 82.15 43.36
dog 0.513381 121.54 197.91 148.45 224.00
bottle 0.513025 44.46 8.15 86.72 33.12
dog 0.512640 131.14 198.55 156.24 224.00
bottle 0.512160 41.88 0.00 90.91 27.35
car 0.511236 200.02 174.66 220.85 217.91
car 0.511209 197.82 194.21 223.71 224.00
