bus 0.665446 18.43 69.85 162.69 154.96
bus 0.620877 14.47 46.22 121.90 131.06
bus 0.603038 30.90 56.46 144.01 140.87
bus 0.595295 26.31 66.30 110.46 133.17
car 0.574135 19.06 67.56 140.01 143.78
car 0.570189 20.72 65.21 98.47 117.32
car 0.559203 19.51 71.43 80.40 109.97
person 0.556963 21.20 123.41 112.76 174.02
car 0.556058 0.00 78.90 11.29 118.01
car 0.555668 18.90 81.80 66.36 115.68
person 0.553573 16.85 109.55 120.06 165.47
person 0.553118 27.86 138.54 108.06 179.26
person 0.551450 41.05 164.85 99.80 185.22
person 0.548021 39.70 151.43 107.92 182.35
person 0.547959 17.99 95.34 123.94 148.67
person 0.547288 29.93 115.75 112.73 156.33
person 0.547205 24.96 68.18 89.08 124.89
bus 0.547185 7.50 93.87 146.06 164.65
person 0.546348 21.25 79.18 126.32 131.86
car 0.545108 0.56 87.19 10.68 126.73
person 0.544211 0.00 124.62 7.09 165.90
person 0.542545 42.15 170.02 93.82 190.36
person 0.542352 30.51 102.26 112.58 140.68
car 0.541967 2.08 82.90 20.03 116.69
person 0.540617 0.00 133.28 8.59 172.94
bus 0.540564 62.47 73.04 186.42 141.39
person 0.540374 17.67 81.15 62.26 114.05
bus 0.539994 58.35 72.99 141.73 138.43
person 0.539866 18.80 73.09 74.96 112.28
car 0.539777 0.69 102.82 8.11 143.06
person 0.539206 0.77 110.95 7.46 151.27
car 0.538763 13.48 83.62 47.45 115.93
person 0.538368 101.89 214.46 129.12 224.00
person 0.538316 94.60 214.60 120.81 224.00
car 0.538105 40.49 92.67 127.46 151.72
car 0.537385 213.20 88.45 224.00 116.82
bus 0.537057 69.87 54.32 224.00 160.46
car 0.536098 6.40 84.58 134.03 158.41
car 0.535994 67.14 45.43 224.00 177.46
person 0.535670 41.87 209.48 78.68 224.00
car 0.535655 214.05 81.22 224.00 111.04
car 0.535407 194.23 0.00 224.00 49.13
person 0.535080 87.04 213.28 113.06 224.00
person 0.534950 109.24 214.44 138.19 224.00
car 0.534664 211.55 103.38 224.00 129.39
car 0.534579 212.10 95.90 224.00 123.47
car 0.534519 211.87 111.07 224.00 135.92
car 0.534457 218.67 162.34 224.00 192.25
person 0.534452 17.24 89.39 57.83 120.94
car 0.534351 68.96 73.26 184.61 140.59
person 0.533857 21.95 128.61 90.06 163.87
car 0.533469 0.00 64.01 11.30 106.41
car 0.533328 131.65 114.69 150.90 143.61
person 0.533240 0.00 203.11 18.25 224.00
car 0.533240 198.99 50.74 224.00 160.69
bus 0.532978 41.12 59.22 120.18 119.39
person 0.532915 0.00 140.67 11.63 178.34
person 0.531714 80.92 210.56 106.91 224.00
car 0.531665 169.38 91.35 193.95 114.11
car 0.531627 0.00 148.84 13.64 183.51
chair 0.531613 116.63 214.59 146.88 224.00
car 0.531334 40.82 167.49 99.44 183.55
car 0.531319 131.22 122.56 149.88 149.32
person 0.531011 0.00 54.34 10.25 97.18
car 0.530865 63.27 114.13 123.22 162.04
bus 0.530836 84.53 75.23 146.07 132.83
person 0.530588 58.34 159.12 105.17 184.89
person 0.530508 5.54 128.02 13.53 163.33
person 0.530491 32.14 89.60 105.04 128.93
car 0.530433 195.32 111.37 211.27 131.66
car 0.530431 212.62 118.33 224.00 142.48
chair 0.530419 124.12 214.53 155.10 224.00
bus 0.530345 132.46 97.66 152.71 134.35
car 0.530328 0.00 70.85 95.46 151.28
person 0.530303 29.20 211.08 66.11 224.00
car 0.530276 208.73 0.00 224.00 18.74
person 0.530269 21.63 210.59 52.86 224.00
person 0.530136 73.08 208.67 100.05 224.00
car 0.530099 200.93 79.04 224.00 182.90
car 0.530090 194.78 103.80 211.87 125.41
car 0.529959 24.48 169.10 64.89 183.49
dog 0.529854 130.81 214.51 162.37 224.00
sheep 0.529841 210.49 206.77 224.00 224.00
person 0.529738 0.00 206.60 28.70 224.00
person 0.529668 17.95 100.78 56.13 129.01
car 0.529664 0.00 0.00 55.18 43.84
person 0.529607 54.23 207.61 88.78 224.00
car 0.529557 77.64 187.41 174.57 224.00
person 0.529540 13.21 86.50 44.89 117.63
car 0.529519 215.46 73.39 224.00 106.20
car 0.529425 0.00 177.04 84.71 224.00
person 0.529415 23.03 140.44 89.32 170.69
person 0.529341 24.67 117.08 88.91 151.37
car 0.529188 194.90 89.75 210.81 113.25
car 0.529180 133.03 104.66 155.39 138.47
car 0.529047 219.42 54.77 224.00 89.09
car 0.528841 32.08 170.87 84.70 183.78
person 0.528816 6.12 137.42 14.85 170.56
car 0.528750 0.00 0.00 108.32 132.84
car 0.528451 133.88 87.35 158.24 127.20
person 0.528441 40.52 161.28 102.18 179.74
car 0.528421 217.98 63.76 224.00 98.19
motorbike 0.528231 70.68 158.93 112.34 181.50
person 0.528216 92.03 161.59 118.56 182.25
car 0.528163 41.93 171.38 96.91 188.00
person 0.528099 41.62 174.42 90.02 196.60
car 0.528058 23.32 160.77 65.94 179.08
dog 0.528018 138.81 214.15 170.31 224.00
person 0.527946 106.58 162.34 124.27 182.40
car 0.527877 65.68 85.63 138.23 141.11
car 0.527851 207.38 98.84 224.00 201.89
bus 0.527815 134.73 82.72 161.58 121.22
person 0.527758 71.15 127.19 121.36 169.93
car 0.527517 204.08 89.45 216.43 114.07
person 0.527473 57.65 139.27 114.96 176.36
dog 0.527422 147.45 213.53 178.80 224.00
car 0.527404 220.00 47.46 224.00 81.39
car 0.527400 0.85 68.31 20.53 106.80
person 0.527362 190.13 182.36 224.00 224.00
person 0.527302 5.38 113.92 14.75 147.70
person 0.527262 16.88 157.11 33.11 178.39
person 0.527217 15.47 209.25 44.80 224.00
car 0.527164 3.94 95.28 17.07 130.02
car 0.527157 194.98 96.49 211.48 119.55
person 0.527077 24.20 92.81 84.89 127.64
car 0.527049 194.46 83.47 209.66 107.16
bottle 0.527024 0.00 0.00 19.80 23.91
person 0.526996 21.93 159.49 53.42 177.83
sheep 0.526858 43.13 174.56 90.21 196.35
car 0.526720 172.08 101.90 193.02 121.49
car 0.526708 209.07 0.86 224.00 105.14
car 0.526704 203.62 0.00 224.00 72.96
car 0.526699 131.58 130.86 149.47 157.22
person 0.526697 15.37 142.08 33.61 171.59
car 0.526495 30.40 163.13 85.69 179.45
car 0.526412 28.71 171.34 113.99 224.00
car 0.526273 93.07 83.69 224.00 224.00
person 0.526263 13.39 93.54 42.01 124.98
person 0.526147 63.80 151.86 114.14 179.42
sheep 0.526081 196.54 211.67 224.00 224.00
car 0.526046 53.21 173.00 142.11 224.00
person 0.525991 76.58 161.58 111.10 185.23
car 0.525975 205.53 21.54 224.00 131.03
bottle 0.525935 0.00 36.25 8.41 81.14
person 0.525857 15.48 131.56 35.88 164.43
car 0.525798 25.32 173.89 61.23 188.96
person 0.525758 15.71 149.89 32.36 175.63
car 0.525751 204.49 82.85 216.62 108.05
car 0.525740 183.30 103.54 204.36 123.77
person 0.525738 26.34 105.83 86.18 135.88
person 0.525653 7.36 151.65 20.99 178.90
car 0.525628 86.82 118.98 131.10 158.08
person 0.525620 22.42 166.69 51.51 180.77
car 0.525586 162.89 86.95 191.27 112.34
car 0.525580 121.90 198.05 199.27 224.00
sheep 0.525565 187.12 213.38 217.44 224.00
car 0.525563 180.75 91.48 202.18 114.01
car 0.525508 219.37 151.12 224.00 181.33
person 0.525502 0.00 58.37 20.34 97.02
person 0.525495 26.28 152.22 87.71 175.75
person 0.525450 18.90 111.30 57.13 138.27
car 0.525445 174.10 96.62 197.37 116.23
dog 0.525430 154.37 213.05 187.64 224.00
bus 0.525425 0.00 102.65 147.31 224.00
person 0.525356 4.90 105.41 16.05 138.96
bottle 0.525274 0.00 20.13 7.80 64.24
car 0.525264 214.47 126.24 224.00 149.84
bus 0.525251 0.00 0.00 115.83 145.02
car 0.525078 170.55 0.00 224.00 38.73
car 0.525029 77.29 104.94 133.90 149.16
person 0.525008 6.93 143.81 17.96 174.53
car 0.524809 196.40 119.22 210.58 137.40
car 0.524788 202.13 104.07 217.01 126.05
person 0.524771 7.58 208.32 38.79 224.00
person 0.524760 14.45 104.32 40.37 133.45
car 0.524665 219.13 4.55 224.00 31.48
person 0.524651 18.29 131.21 59.88 165.78
car 0.524600 203.08 96.57 216.26 120.59
car 0.524540 145.05 0.00 209.75 30.21
car 0.524530 181.54 97.23 203.23 118.23
car 0.524524 202.25 111.76 217.07 132.11
car 0.524523 177.33 102.64 197.78 121.87
car 0.524514 112.96 0.00 224.00 168.70
car 0.524508 131.86 141.12 148.95 165.44
car 0.524371 220.00 31.65 224.00 65.22
person 0.524357 85.34 153.77 119.62 179.25
dog 0.524349 178.05 213.60 210.68 224.00
car 0.524181 100.67 68.32 201.10 139.76
car 0.524094 33.36 174.91 81.53 188.11
person 0.523986 102.88 154.36 125.00 177.96
person 0.523972 93.46 129.67 128.91 166.52
car 0.523947 207.56 137.98 224.00 224.00
bus 0.523944 48.40 92.24 196.32 224.00
person 0.523901 19.24 142.25 58.17 171.98
car 0.523891 185.66 110.33 204.17 129.98
person 0.523878 63.90 163.51 103.14 191.51
dog 0.523853 169.78 213.26 203.06 224.00
person 0.523793 20.39 151.06 68.04 176.03
car 0.523736 214.10 0.00 224.00 22.42
person 0.523647 14.90 114.04 38.65 142.34
car 0.523508 216.94 134.47 224.00 160.13
car 0.523403 160.21 61.20 183.82 86.59
car 0.523356 151.27 194.73 215.52 224.00
person 0.523260 15.34 122.54 36.91 153.43
car 0.523206 7.60 0.00 97.99 35.11
car 0.523154 138.64 79.48 171.40 112.76
car 0.523130 135.50 61.75 165.19 92.19
bus 0.523123 0.00 108.99 126.55 175.35
person 0.523059 78.75 142.19 120.38 176.76
car 0.523026 128.25 0.00 195.64 28.77
bus 0.523007 126.85 88.53 153.98 132.23
car 0.522924 218.72 142.76 224.00 171.99
car 0.522916 0.00 184.39 13.71 217.05
boat 0.522891 132.89 152.04 147.47 172.06
person 0.522886 18.65 121.03 58.43 152.97
car 0.522847 0.00 101.06 103.58 172.67
bus 0.522681 23.81 86.09 164.17 181.97
aeroplane 0.522487 45.59 38.11 97.30 84.93
car 0.522466 167.06 60.53 189.04 85.46
bottle 0.522433 0.00 1.60 9.42 45.09
dog 0.522302 24.81 34.14 48.17 73.75
aeroplane 0.522275 41.43 48.34 107.67 103.70
car 0.522193 220.00 13.62 224.00 42.99
car 0.522185 220.00 21.92 224.00 55.20
car 0.522168 149.55 83.63 183.76 110.83
bottle 0.522161 0.00 24.19 17.24 61.03
bus 0.522157 42.48 0.00 162.25 151.10
person 0.522112 0.00 49.72 19.51 87.23
car 0.522026 190.38 0.00 216.18 16.28
car 0.521996 140.41 67.07 170.53 100.18
car 0.521993 12.44 71.59 39.60 110.45
dog 0.521922 32.14 33.29 60.22 76.84
person 0.521922 97.50 209.99 116.76 224.00
boat 0.521889 133.46 162.15 146.46 177.83
car 0.521823 172.81 108.19 192.13 127.72
car 0.521807 123.22 0.00 157.92 15.03
car 0.521723 181.44 0.00 210.00 16.17
car 0.521708 159.39 68.69 185.51 99.44
bottle 0.521625 0.00 40.51 17.32 79.13
bus 0.521575 79.65 66.01 224.00 207.57
person 0.521486 0.00 194.91 13.59 224.00
car 0.521444 199.15 59.87 208.80 80.73
bus 0.521429 14.17 125.51 138.19 185.24
car 0.521413 39.59 0.00 123.93 30.93
person 0.521413 43.37 197.78 77.23 224.00
sheep 0.521335 0.00 0.00 28.17 19.51
car 0.521331 160.05 78.28 189.07 108.27
car 0.521278 0.00 166.02 15.61 196.02
car 0.521277 7.82 160.04 23.23 182.54
car 0.521195 48.66 0.00 88.91 14.92
car 0.521192 186.75 61.59 200.53 81.88
car 0.521163 0.00 175.80 14.84 206.79
person 0.521109 97.34 169.44 116.80 193.63
car 0.521058 148.35 62.29 175.35 87.67
person 0.521031 89.34 207.00 108.10 224.00
car 0.521022 200.09 0.00 223.42 16.83
person 0.520996 17.89 163.88 34.84 180.74
sheep 0.520832 45.29 181.72 83.15 206.82
person 0.520807 98.68 143.23 126.76 174.24
aeroplane 0.520798 39.46 35.04 83.27 80.61
car 0.520646 179.41 109.23 197.21 128.21
bus 0.520642 134.90 73.21 165.88 109.54
car 0.520560 140.22 0.00 172.14 14.64
car 0.520505 11.26 61.90 36.60 98.93
boat 0.520464 133.84 141.63 152.41 165.24
car 0.520442 150.75 0.00 180.14 15.32
car 0.520398 203.63 119.27 216.83 137.87
car 0.520384 195.65 76.49 208.28 100.97
sheep 0.520339 16.21 34.53 38.47 71.18
car 0.520333 166.69 0.00 196.96 15.14
car 0.520329 0.00 0.00 59.43 97.07
car 0.520314 107.62 0.00 141.02 15.46
car 0.520304 174.23 61.13 193.87 83.57
car 0.520290 155.50 89.45 185.90 113.20
car 0.520283 22.85 171.63 47.59 188.00
person 0.520226 173.18 189.63 224.00 224.00
sheep 0.520223 42.28 0.00 82.70 15.40
car 0.520221 47.33 53.93 118.11 111.90
car 0.520204 158.73 0.00 188.58 15.24
bottle 0.520191 0.00 0.00 14.10 32.89
person 0.520059 85.43 191.76 106.38 210.46
car 0.520010 138.45 88.49 168.36 121.73
car 0.519997 0.00 32.72 68.79 123.16
car 0.519987 220.00 171.00 224.00 206.42
person 0.519921 44.79 181.66 84.51 205.96
person 0.519921 80.26 166.21 109.76 192.01
bus 0.519901 63.41 56.98 131.91 116.26
car 0.519873 128.87 106.17 149.52 139.26
car 0.519870 156.21 55.37 224.00 146.73
chair 0.519841 97.97 196.30 114.48 211.83
car 0.519799 145.29 75.71 181.03 106.41
bus 0.519765 51.32 30.69 189.12 177.28
sheep 0.519735 7.48 26.06 28.75 58.97
bottle 0.519720 0.00 4.90 17.66 41.59
car 0.519699 198.47 162.04 208.96 179.38
car 0.519678 161.01 55.21 182.78 77.14
car 0.519620 26.17 180.15 55.36 196.95
car 0.519579 206.05 75.48 215.90 102.29
car 0.519565 188.86 118.20 203.60 136.61
car 0.519565 197.69 127.42 209.90 142.58
car 0.519524 197.61 8.43 207.91 23.52
car 0.519503 198.09 67.68 208.17 91.32
boat 0.519442 134.41 167.84 146.19 183.62
sheep 0.519418 4.23 0.00 36.39 17.10
car 0.519345 118.77 160.77 133.47 177.74
car 0.519301 78.17 0.00 152.45 32.25
car 0.519297 199.02 167.98 208.93 185.37
sheep 0.519247 7.27 33.21 28.48 68.80
car 0.519207 118.99 129.09 141.41 159.24
dog 0.519181 35.71 0.00 73.69 15.37
boat 0.519171 136.12 164.12 151.85 177.64
boat 0.519155 25.90 187.82 48.49 208.13
person 0.519115 129.05 139.94 145.49 164.41
boat 0.519084 2.53 186.32 23.72 210.96
person 0.519071 81.63 201.18 102.37 224.00
sheep 0.519058 15.60 27.44 38.21 60.45
car 0.519037 118.68 121.48 143.10 150.76
person 0.519030 24.11 201.96 47.36 224.00
car 0.519006 199.40 53.35 208.37 73.18
car 0.518979 49.60 87.21 169.07 160.01
boat 0.518915 21.52 187.93 39.49 207.88
car 0.518880 90.15 0.00 124.91 14.51
car 0.518879 140.87 103.68 164.95 135.26
sheep 0.518872 12.15 0.00 45.19 15.65
car 0.518812 186.09 69.23 199.44 93.05
dog 0.518778 33.30 46.66 67.86 95.01
car 0.518778 209.65 57.98 216.20 83.28
car 0.518764 210.12 164.74 218.81 186.62
car 0.518713 168.19 54.21 188.49 76.21
sheep 0.518698 7.60 19.62 28.24 48.98
car 0.518655 190.07 6.45 202.62 23.79
sheep 0.518592 22.63 27.08 46.66 62.34
sheep 0.518506 27.19 0.00 62.26 15.18
bus 0.518418 125.67 75.60 157.12 119.81
car 0.518382 183.17 78.45 199.78 103.65
car 0.518325 61.10 0.00 102.21 14.22
chair 0.518268 104.92 170.87 121.73 193.32
person 0.518237 74.24 186.38 100.15 209.66
car 0.518200 186.36 55.18 200.13 74.71
car 0.518119 208.52 66.29 216.02 93.26
car 0.518085 191.00 162.69 201.77 179.04
dog 0.518066 36.89 47.88 92.04 100.13
person 0.518032 118.37 152.29 136.32 172.52
aeroplane 0.517999 162.63 38.72 182.06 60.97
car 0.517949 105.70 99.04 146.10 139.81
car 0.517889 191.60 168.69 201.98 185.27
car 0.517792 22.45 179.74 43.69 196.13
car 0.517790 198.62 135.07 209.47 149.72
car 0.517780 161.46 98.30 186.10 121.08
bus 0.517758 0.00 130.22 86.29 197.63
car 0.517715 80.65 0.00 117.19 13.98
person 0.517684 18.89 201.01 39.40 224.00
car 0.517665 172.07 69.05 193.63 96.20
car 0.517642 28.47 51.09 129.53 131.76
aeroplane 0.517596 162.25 47.42 181.96 70.16
boat 0.517570 0.00 153.84 74.70 224.00
aeroplane 0.517535 71.55 51.97 129.05 102.26
aeroplane 0.517528 51.04 12.64 84.73 56.20
car 0.517513 130.08 151.31 144.05 170.05
aeroplane 0.517419 97.36 59.64 141.61 106.84
person 0.517410 118.15 140.95 139.34 167.53
car 0.517346 21.99 65.07 57.36 106.14
car 0.517325 134.74 55.85 163.86 82.57
car 0.517324 35.90 105.03 158.69 171.40
chair 0.517311 104.89 198.59 121.40 213.22
car 0.517287 150.16 56.68 173.52 78.21
car 0.517280 0.72 198.57 24.00 224.00
sofa 0.517238 41.41 30.13 131.20 135.52
sheep 0.517220 15.47 20.92 37.23 50.26
sheep 0.517207 216.73 199.77 224.00 224.00
bus 0.517197 100.46 0.00 224.00 180.44
dog 0.517090 44.63 27.95 85.44 70.65
person 0.517087 70.57 196.67 95.85 222.13
car 0.517064 200.31 46.32 207.66 66.24
car 0.517039 141.24 113.28 162.31 143.70
car 0.517033 114.61 112.23 144.65 144.62
boat 0.517019 137.02 171.80 151.80 183.53
aeroplane 0.517008 47.71 28.09 90.09 71.28
aeroplane 0.516983 104.96 54.63 140.63 94.25
car 0.516969 130.76 159.97 142.76 174.96
sofa 0.516898 23.79 0.00 121.07 89.17
dog 0.516890 27.62 46.65 53.91 89.80
car 0.516860 210.48 51.18 215.60 75.65
car 0.516850 66.37 39.99 111.65 83.37
person 0.516829 68.06 173.95 100.97 199.02
dog 0.516803 7.20 43.57 29.95 79.62
person 0.516803 50.82 194.53 85.56 220.35
car 0.516786 168.67 79.02 194.96 106.95
sheep 0.516773 220.00 183.55 224.00 221.14
car 0.516729 174.83 54.83 193.40 75.80
dog 0.516631 29.76 26.14 55.78 64.47
sheep 0.516600 6.51 5.10 27.42 38.83
sheep 0.516597 22.13 20.06 44.45 51.60
car 0.516578 198.59 152.64 209.81 170.44
chair 0.516557 97.37 181.10 114.92 200.75
dog 0.516548 9.10 53.65 34.03 88.32
aeroplane 0.516548 152.57 39.74 172.42 61.32
car 0.516545 116.80 164.28 130.54 184.01
car 0.516540 4.34 177.46 24.45 200.36
car 0.516437 174.26 116.39 191.08 134.80
car 0.516350 127.31 58.74 154.01 90.36
car 0.516316 191.27 127.36 203.19 142.51
aeroplane 0.516306 14.79 187.68 33.20 207.39
car 0.516275 181.98 117.25 196.68 134.89
aeroplane 0.516156 191.34 152.53 202.08 169.64
person 0.516114 32.17 201.55 63.55 224.00
aeroplane 0.516039 151.68 48.63 172.43 70.87
car 0.515973 205.47 127.17 216.56 144.08
car 0.515959 38.59 26.75 121.53 123.59
car 0.515838 101.86 38.71 125.61 63.08
aeroplane 0.515836 184.19 163.02 194.65 178.13
car 0.515756 169.34 46.47 187.95 69.40
car 0.515753 6.96 167.35 24.14 189.70
sheep 0.515703 14.03 6.16 36.50 39.89
chair 0.515687 81.90 177.24 107.77 199.08
car 0.515679 192.17 135.05 202.58 149.60
car 0.515674 90.19 38.68 118.07 68.84
dog 0.515664 17.75 46.10 42.26 84.42
car 0.515644 187.28 47.75 199.31 67.97
aeroplane 0.515643 169.32 37.63 188.09 60.26
car 0.515611 198.65 143.12 209.55 159.92
aeroplane 0.515542 184.66 168.97 194.75 184.18
car 0.515449 68.03 46.82 117.52 96.01
aeroplane 0.515415 84.51 49.13 127.70 91.39
car 0.515392 140.16 124.09 159.98 151.64
car 0.515351 200.67 37.45 207.56 56.75
boat 0.515339 157.80 142.36 209.95 219.28
aeroplane 0.515322 21.17 4.60 44.03 39.45
dog 0.515295 38.73 26.77 72.92 67.38
aeroplane 0.515197 95.65 44.73 126.66 77.42
aeroplane 0.515194 110.98 50.89 140.66 83.26
dog 0.515180 28.67 59.01 101.25 115.93
car 0.515135 78.79 39.37 113.97 76.96
car 0.515132 18.17 169.78 35.33 188.00
car 0.515128 204.32 0.00 218.94 18.32
car 0.515071 34.44 178.48 75.42 196.00
aeroplane 0.515055 53.41 0.00 83.46 31.66
person 0.515047 59.50 182.46 93.42 206.99
aeroplane 0.515016 191.98 142.65 202.19 158.68
aeroplane 0.515004 163.54 27.63 181.31 50.46
car 0.515003 161.88 104.08 184.32 127.14
boat 0.514950 130.08 164.23 141.19 181.18
car 0.514925 211.48 44.30 215.07 68.73
car 0.514919 169.10 106.27 188.66 126.27
car 0.514894 17.02 178.99 35.48 196.24
car 0.514829 208.47 7.10 216.64 24.96
car 0.514824 42.55 152.82 154.00 224.00
bus 0.514752 0.00 154.98 98.83 224.00
aeroplane 0.514644 135.14 48.36 161.74 72.67
car 0.514578 187.99 37.65 199.42 57.87
car 0.514576 169.65 75.91 224.00 165.88
boat 0.514545 11.84 200.33 33.57 224.00
aeroplane 0.514477 113.77 40.31 137.88 60.70
car 0.514471 209.62 152.06 218.89 174.56
aeroplane 0.514455 176.11 164.16 187.69 178.31
car 0.514440 79.47 45.69 119.72 86.76
dog 0.514434 30.64 58.75 76.43 107.42
aeroplane 0.514434 184.57 152.71 194.80 168.73
car 0.514424 207.66 134.73 217.18 153.04
car 0.514414 193.55 139.40 224.00 224.00
aeroplane 0.514397 114.11 46.36 139.62 71.21
aeroplane 0.514315 175.93 127.60 190.27 141.80
boat 0.514285 141.00 133.44 158.67 158.28
motorbike 0.514252 12.21 0.00 111.58 74.97
aeroplane 0.514194 185.26 135.88 195.65 148.55
car 0.514185 0.00 0.00 96.87 70.24
dog 0.514161 29.85 17.96 52.44 52.35
aeroplane 0.514120 176.51 170.51 187.58 184.03
chair 0.514112 103.97 182.82 119.75 201.12
car 0.514088 183.88 127.68 196.29 141.26
aeroplane 0.514063 30.95 0.00 128.33 92.13
car 0.514047 45.69 122.46 158.98 190.65
dog 0.514039 39.54 16.00 64.89 52.53
car 0.513953 183.77 2.91 198.66 21.97
chair 0.513884 113.45 198.74 129.48 213.87
boat 0.513854 145.86 164.14 158.43 176.65
car 0.513792 199.47 14.90 207.38 31.56
aeroplane 0.513750 141.92 39.89 163.94 61.18
aeroplane 0.513741 170.67 25.80 188.79 49.39
aeroplane 0.513712 189.39 24.24 200.87 45.60
aeroplane 0.513692 134.96 40.07 159.83 61.92
aeroplane 0.513662 177.71 135.91 188.84 148.94
car 0.513660 176.15 47.00 192.97 69.35
car 0.513576 191.50 12.85 202.47 31.82
aeroplane 0.513545 154.52 28.71 171.93 50.72
boat 0.513524 135.29 173.80 145.22 189.79
car 0.513490 200.48 25.44 207.88 45.10
car 0.513478 211.25 168.56 218.61 192.84
aeroplane 0.513464 176.95 153.23 187.80 169.28
bus 0.513451 23.73 145.18 127.03 210.37
aeroplane 0.513358 185.40 142.96 194.99 157.65
car 0.513326 175.92 0.00 224.00 63.83
car 0.513314 177.04 0.00 200.97 15.68
aeroplane 0.513312 125.07 0.00 155.37 28.12
car 0.513292 184.36 4.95 224.00 104.58
sheep 0.513288 33.96 185.94 66.73 205.20
boat 0.513276 131.83 200.76 149.31 221.46
car 0.513265 211.95 35.97 215.23 59.96
boat 0.513237 143.16 141.99 158.44 164.16
car 0.513235 126.89 54.81 152.93 80.99
aeroplane 0.513226 30.55 0.69 53.72 37.30
boat 0.513187 133.97 184.24 144.22 200.20
aeroplane 0.513110 176.83 37.20 193.21 59.64
car 0.513049 209.03 143.03 217.94 164.73
boat 0.512985 144.58 152.20 158.27 170.39
aeroplane 0.512880 49.76 0.00 94.46 15.46
dog 0.512877 199.10 172.15 208.44 190.48
dog 0.512861 155.90 183.32 209.51 224.00
boat 0.512812 124.12 198.65 140.14 216.61
dog 0.512731 20.40 57.63 49.88 94.99
car 0.512693 115.79 181.94 192.99 224.00
aeroplane 0.512620 169.41 164.52 181.04 177.32
car 0.512589 184.24 93.84 224.00 186.90
aeroplane 0.512440 123.64 41.32 149.43 61.64
car 0.512384 126.58 89.71 206.39 170.51
dog 0.512379 191.56 173.18 202.12 190.72
aeroplane 0.512371 125.85 49.02 151.50 71.10
car 0.512361 174.55 31.41 224.00 135.31
aeroplane 0.512352 179.37 23.93 194.82 47.57
aeroplane 0.512339 178.23 143.02 188.15 158.34
aeroplane 0.512330 101.43 31.03 125.08 55.72
aeroplane 0.512307 93.02 30.64 117.91 58.39
car 0.512304 144.42 109.74 209.14 196.04
aeroplane 0.512178 109.79 135.09 186.19 210.12
aeroplane 0.512138 41.34 0.00 67.70 33.06
aeroplane 0.512103 181.06 181.69 195.84 201.59
car 0.512095 161.56 112.58 181.82 134.75
aeroplane 0.512051 188.63 181.02 202.50 201.55
aeroplane 0.512050 174.47 1.11 190.99 20.96
boat 0.512049 161.68 134.95 176.61 150.21
dog 0.512017 119.27 212.00 145.66 224.00
aeroplane 0.511968 160.56 165.31 171.73 175.22
aeroplane 0.511955 166.78 14.21 181.27 34.54
aeroplane 0.511855 133.35 30.95 158.55 52.50
aeroplane 0.511849 183.51 11.80 197.90 32.09
aeroplane 0.511845 147.34 171.74 158.16 181.93
aeroplane 0.511825 174.10 13.26 190.58 33.47
boat 0.511784 161.01 124.66 179.19 142.76
boat 0.511678 114.85 170.25 127.95 190.71
aeroplane 0.511658 57.37 29.83 101.12 69.97
aeroplane 0.511657 169.96 170.85 180.30 182.87
aeroplane 0.511640 125.29 19.44 153.11 43.83
aeroplane 0.511626 142.32 30.05 163.48 51.35
boat 0.511594 137.41 177.62 150.21 189.53
car 0.511563 210.87 15.26 215.21 34.99
aeroplane 0.511488 132.20 18.25 159.13 41.33
car 0.511336 94.03 104.61 181.82 181.09
aeroplane 0.511325 126.92 31.48 153.65 54.18
car 0.511283 170.03 113.84 187.22 133.46
aeroplane 0.511269 110.03 31.88 135.50 54.14
car 0.511214 212.00 25.20 215.54 48.92
aeroplane 0.511209 130.64 0.00 162.77 13.54
boat 0.511157 161.11 154.18 173.32 167.56
boat 0.511140 162.15 143.36 175.28 158.72
aeroplane 0.511120 170.67 153.38 182.18 168.42
aeroplane 0.511042 184.31 173.32 195.18 189.79
sheep 0.510993 180.77 176.28 224.00 224.00
aeroplane 0.510991 136.94 186.84 149.71 199.82
aeroplane 0.510974 82.04 30.65 112.56 62.53
aeroplane 0.510924 197.39 178.87 208.33 199.98
aeroplane 0.510876 171.19 125.28 186.18 141.10
aeroplane 0.510857 159.00 14.33 172.62 35.46
aeroplane 0.510857 167.15 0.00 181.83 20.00
aeroplane 0.510827 91.73 0.00 117.37 31.77
aeroplane 0.510797 118.38 0.00 146.65 29.47
aeroplane 0.510783 172.00 134.83 184.26 148.55
aeroplane 0.510774 103.62 0.00 125.65 31.93
aeroplane 0.510749 173.57 183.21 187.91 201.89
aeroplane 0.510638 68.99 30.48 107.19 67.16
sheep 0.510598 19.31 0.00 49.98 21.89
boat 0.510593 128.96 170.68 139.09 188.34
aeroplane 0.510574 136.73 4.52 201.93 106.76
boat 0.510541 114.08 182.43 126.55 200.01
aeroplane 0.510494 161.66 171.35 170.59 180.94
aeroplane 0.510477 57.90 13.08 95.27 54.99
car 0.510470 138.03 0.00 203.49 55.25
aeroplane 0.510418 119.40 32.35 146.39 54.39
aeroplane 0.510408 135.95 203.99 155.36 223.13
aeroplane 0.510386 103.13 21.63 124.17 48.71
aeroplane 0.510383 67.34 0.00 100.59 32.71
dog 0.510354 126.65 212.00 155.23 224.00
boat 0.510343 127.07 182.39 137.06 198.59
aeroplane 0.510296 78.19 0.00 108.38 31.29
aeroplane 0.510178 176.51 174.92 187.48 189.37
aeroplane 0.510154 94.77 20.77 117.10 50.16
aeroplane 0.510079 172.00 142.64 183.49 158.08
aeroplane 0.510023 159.85 0.00 173.93 21.09
aeroplane 0.510019 110.89 0.00 134.78 30.87
aeroplane 0.509971 109.58 21.75 133.60 46.81
aeroplane 0.509902 117.77 20.90 145.03 45.29
sheep 0.509869 211.70 174.59 218.67 201.70
aeroplane 0.509853 142.94 15.97 164.78 38.03
aeroplane 0.509831 155.40 0.00 176.60 13.46
aeroplane 0.509822 182.61 198.64 204.10 224.00
aeroplane 0.509732 66.40 0.00 108.70 15.76
aeroplane 0.509724 60.66 0.00 148.81 85.75
aeroplane 0.509533 101.21 0.00 130.50 15.33
aeroplane 0.509506 116.28 0.00 148.37 14.52
aeroplane 0.509453 142.44 0.00 166.80 23.05
aeroplane 0.509430 175.01 200.42 198.36 224.00
aeroplane 0.509343 140.45 0.00 168.53 13.01
aeroplane 0.509278 82.20 18.62 109.63 50.90
sheep 0.509184 200.76 205.45 219.99 224.00
aeroplane 0.509148 69.56 15.73 102.06 53.01
aeroplane 0.509130 108.56 0.00 138.55 14.83
aeroplane 0.509079 108.69 8.07 184.61 115.69
aeroplane 0.508951 79.29 18.73 170.51 129.04
boat 0.508813 117.74 0.00 189.00 56.64
aeroplane 0.508711 89.47 0.00 122.76 14.23
aeroplane 0.508706 192.81 194.08 209.59 222.08
aeroplane 0.508684 167.82 183.97 179.31 200.59
aeroplane 0.508578 77.36 0.00 115.18 14.25
bus 0.508509 90.10 56.00 187.43 156.14
aeroplane 0.508497 170.86 175.57 179.49 188.19
aeroplane 0.508452 167.90 202.37 191.79 224.00
aeroplane 0.508393 147.97 177.66 156.56 188.52
aeroplane 0.508340 147.19 187.22 156.87 198.80
boat 0.508326 95.10 0.00 176.16 65.50
sheep 0.508106 209.13 187.57 218.79 219.58
aeroplane 0.507754 144.25 204.00 163.08 224.00
aeroplane 0.507685 160.08 185.34 168.73 198.67
aeroplane 0.507588 162.56 176.45 169.10 188.00
aeroplane 0.507258 162.22 203.43 184.18 224.00
aeroplane 0.507143 155.09 204.00 174.15 224.00
