car 0.610812 1.53 78.18 172.34 178.96
train 0.603812 6.55 75.30 173.00 169.69
cow 0.602283 31.17 112.35 124.57 207.64
cow 0.591237 5.10 82.12 170.79 181.63
aeroplane 0.580437 10.03 78.78 172.04 174.75
cow 0.579252 19.62 96.55 144.84 194.95
car 0.575176 15.84 102.55 143.14 201.40
cow 0.573173 60.09 108.34 133.56 204.70
car 0.571274 160.85 112.14 205.16 141.98
cow 0.570691 31.25 90.93 119.39 178.79
train 0.562550 211.24 81.42 224.00 127.32
cow 0.560847 79.85 114.21 122.50 195.41
train 0.558579 17.53 35.17 195.68 170.43
cow 0.554215 22.67 115.93 93.96 207.11
person 0.554030 7.92 57.87 194.13 176.96
car 0.550163 153.90 119.93 196.01 145.82
cow 0.549297 32.01 83.75 108.20 156.08
car 0.548412 210.82 96.90 224.00 143.65
car 0.548317 213.20 106.69 224.00 149.38
car 0.547668 215.05 122.89 224.00 158.48
car 0.545801 168.21 105.17 205.57 137.66
train 0.545611 166.46 105.94 206.45 141.64
cow 0.543760 73.76 138.61 134.66 210.21
motorbike 0.543745 78.88 140.92 133.64 208.77
cow 0.543172 91.51 113.47 122.76 181.65
aeroplane 0.542857 3.06 43.42 190.13 168.30
car 0.542758 139.84 137.97 157.35 166.63
car 0.542727 141.54 135.77 161.91 162.45
cow 0.539283 98.06 90.16 119.75 136.72
cow 0.538680 38.40 128.19 104.05 209.92
cow 0.538396 56.33 89.19 112.38 160.51
sheep 0.538160 30.20 109.05 100.88 198.30
car 0.537787 145.88 129.38 182.34 152.11
car 0.536316 176.98 95.92 224.00 184.25
person 0.536266 0.00 106.50 7.31 171.33
car 0.536262 137.03 137.58 152.74 171.97
sheep 0.535402 43.00 85.52 116.88 150.63
car 0.534594 152.83 123.27 186.04 151.60
car 0.534519 135.49 86.81 195.89 169.09
car 0.534518 186.53 100.50 212.47 135.19
sheep 0.534379 104.43 87.86 124.36 126.19
cow 0.534359 103.72 91.80 123.56 135.27
cow 0.534249 89.89 88.14 115.66 141.20
cow 0.534148 87.98 100.43 119.50 169.78
train 0.534066 195.12 87.79 218.05 127.77
car 0.533747 23.01 120.42 134.64 224.00
person 0.533450 115.37 206.74 153.24 224.00
sheep 0.533297 23.68 110.39 67.52 189.74
car 0.533277 0.00 95.25 6.65 157.44
train 0.533082 174.81 91.92 208.80 135.35
car 0.532819 0.00 0.00 55.09 45.80
person 0.532815 129.28 210.16 161.52 224.00
motorbike 0.532774 110.25 132.13 137.49 184.56
cow 0.532653 0.00 112.49 80.22 198.54
aeroplane 0.532636 20.66 170.52 65.25 224.00
car 0.532483 163.94 118.20 191.33 151.31
person 0.532430 0.00 120.43 8.00 186.38
train 0.532242 213.27 66.15 224.00 115.86
cow 0.532037 19.13 114.40 69.15 191.43
person 0.531986 211.84 205.12 224.00 224.00
cow 0.531932 50.57 82.76 109.26 140.95
car 0.531914 177.71 109.91 202.24 142.33
car 0.531726 186.26 176.55 224.00 224.00
train 0.531627 157.91 111.74 208.92 147.74
person 0.531547 0.00 198.18 19.02 224.00
car 0.531343 160.74 129.47 184.73 160.96
person 0.531296 19.22 109.23 61.07 182.51
car 0.531154 4.91 69.15 196.11 219.76
cow 0.531060 95.13 166.93 131.55 214.50
sheep 0.531016 35.65 95.90 97.61 171.33
car 0.530995 133.99 141.20 151.00 177.06
car 0.530968 216.04 140.97 224.00 174.68
cow 0.530813 0.00 128.38 8.51 195.03
person 0.530800 142.71 87.56 197.08 167.80
train 0.530584 169.88 67.30 224.00 170.04
train 0.530316 178.56 7.97 198.40 25.37
sheep 0.529961 23.00 137.87 76.01 216.93
car 0.529857 0.00 63.71 11.46 105.70
car 0.529813 195.18 124.14 224.00 224.00
train 0.529615 187.95 93.49 214.92 131.63
train 0.529520 175.30 0.00 201.03 22.69
cow 0.528983 0.00 177.03 11.35 224.00
person 0.528957 103.93 202.63 145.01 224.00
person 0.528952 18.15 195.19 73.58 224.00
sheep 0.528923 32.41 77.93 105.23 139.55
person 0.528866 138.66 212.08 170.54 224.00
cow 0.528827 99.98 200.14 138.27 224.00
car 0.528744 0.00 0.00 23.49 23.21
train 0.528717 217.38 55.64 224.00 103.32
cow 0.528622 117.02 131.77 140.04 180.11
car 0.528603 152.81 131.06 180.03 160.89
cow 0.528592 100.62 98.41 121.86 152.66
car 0.528533 175.54 117.60 197.82 151.02
sheep 0.528370 98.87 82.67 119.62 122.83
car 0.528360 105.71 177.93 201.06 224.00
car 0.528193 0.78 0.00 88.78 35.49
person 0.527966 94.50 117.89 126.44 177.05
sheep 0.527897 44.67 74.29 101.96 122.79
person 0.527815 20.21 99.75 45.36 157.83
car 0.527660 0.00 72.83 9.79 120.90
train 0.527646 183.75 85.47 212.55 125.08
sheep 0.527523 15.14 171.54 66.90 224.00
aeroplane 0.527429 177.84 0.00 224.00 50.13
sheep 0.527154 29.70 98.06 65.78 167.31
motorbike 0.527053 97.04 142.04 136.10 196.31
car 0.527036 73.11 81.06 224.00 224.00
car 0.526964 192.63 112.19 210.15 142.97
car 0.526959 178.25 129.55 197.26 161.08
car 0.526956 113.53 100.34 196.78 189.09
train 0.526850 203.93 88.07 224.00 133.44
car 0.526843 0.00 159.52 60.14 224.00
cow 0.526810 0.00 145.22 9.48 209.54
car 0.526704 184.45 118.69 202.66 150.64
car 0.526682 0.00 80.44 8.31 133.79
train 0.526602 173.07 42.03 224.00 147.25
sheep 0.526573 24.01 99.02 50.58 161.35
car 0.526430 220.00 161.24 224.00 195.47
train 0.526418 219.00 1.37 224.00 34.05
train 0.526398 141.60 86.95 203.00 166.19
train 0.526391 167.67 85.67 206.61 126.97
car 0.526311 16.45 74.07 35.10 96.74
person 0.526213 146.33 213.26 180.42 224.00
person 0.526179 12.45 107.91 46.92 175.16
train 0.526130 219.94 45.26 224.00 89.82
train 0.526106 208.23 0.00 224.00 21.13
person 0.526031 60.07 207.08 93.00 224.00
car 0.525980 86.61 169.03 183.55 224.00
sheep 0.525942 111.45 89.78 129.22 123.20
person 0.525739 0.00 106.52 15.39 171.53
car 0.525691 218.47 151.30 224.00 185.92
person 0.525632 120.62 130.46 141.75 174.37
horse 0.525605 0.00 125.91 67.11 209.01
sheep 0.525568 40.59 89.09 93.63 145.18
person 0.525531 0.00 201.88 33.70 224.00
car 0.525501 43.35 0.00 140.48 42.22
cow 0.525472 12.56 113.75 53.98 183.65
sheep 0.525397 45.74 65.08 95.15 106.51
train 0.525373 220.00 26.18 224.00 69.55
car 0.525251 196.38 121.36 210.48 150.78
car 0.525241 63.67 153.28 163.67 224.00
car 0.525234 18.18 80.08 36.03 105.06
person 0.525196 37.12 206.16 82.64 224.00
boat 0.525102 52.60 0.00 150.70 43.38
car 0.525083 188.06 130.53 204.05 160.43
cow 0.525081 0.00 179.35 29.67 224.00
cow 0.524939 89.79 178.51 119.42 216.37
person 0.524875 20.38 96.00 40.41 144.48
car 0.524824 12.06 71.96 28.23 96.47
person 0.524717 110.60 93.52 128.63 132.59
car 0.524613 105.09 119.17 194.91 210.80
cow 0.524612 32.36 150.06 88.40 219.01
chair 0.524555 153.13 213.32 189.39 224.00
person 0.524511 74.00 203.47 104.39 224.00
motorbike 0.524470 119.49 154.63 148.34 195.94
car 0.524470 209.42 122.12 224.00 152.89
cow 0.524442 88.65 201.22 122.42 224.00
sheep 0.524438 46.86 56.89 92.70 94.60
person 0.524364 128.41 146.57 150.25 184.97
car 0.524312 10.74 65.59 28.32 90.88
aeroplane 0.524246 107.70 67.43 124.20 94.21
car 0.524071 4.63 16.79 33.27 46.76
person 0.524024 82.89 202.01 115.41 224.00
car 0.523999 147.44 179.66 224.00 224.00
boat 0.523992 64.68 19.38 87.28 35.94
car 0.523828 197.86 132.26 211.56 159.60
train 0.523767 220.00 9.15 224.00 44.88
car 0.523711 14.80 67.00 34.55 90.64
car 0.523675 209.32 131.27 224.00 160.42
car 0.523579 0.00 6.49 50.09 116.86
train 0.523497 56.25 0.00 224.00 174.34
car 0.523485 0.00 97.45 13.34 156.75
car 0.523464 0.00 13.38 21.43 49.43
sheep 0.523431 106.93 76.91 124.06 107.56
boat 0.523395 119.77 90.61 137.01 117.25
cow 0.523385 84.34 185.04 111.58 219.06
person 0.523364 199.37 208.45 224.00 224.00
sheep 0.523328 100.19 75.67 118.34 109.47
sheep 0.523306 87.89 81.98 114.26 127.05
car 0.523284 4.35 69.29 19.71 99.78
cow 0.523278 77.11 187.44 101.86 221.85
sheep 0.523261 101.20 65.56 116.77 94.61
cow 0.523231 48.63 153.30 95.20 217.62
sheep 0.523201 120.83 94.87 138.92 126.76
cow 0.523158 0.00 120.51 25.06 186.30
car 0.523083 0.00 79.66 77.90 173.77
car 0.523068 100.76 84.75 191.17 175.51
cow 0.522933 81.22 162.99 117.67 216.43
car 0.522922 130.93 158.38 152.22 192.70
person 0.522918 187.97 211.34 218.53 224.00
cow 0.522907 0.00 133.70 31.00 199.83
motorbike 0.522806 112.31 163.14 145.79 204.77
car 0.522777 0.00 50.45 13.80 90.45
person 0.522775 19.14 85.22 37.19 115.17
person 0.522763 19.80 90.61 38.77 129.04
person 0.522738 25.27 121.21 129.45 205.95
aeroplane 0.522727 107.85 58.48 124.50 81.79
car 0.522591 141.70 140.89 164.22 169.92
car 0.522529 27.32 25.53 178.55 131.74
car 0.522507 7.73 29.26 31.85 54.45
car 0.522460 41.85 42.21 217.14 187.55
cow 0.522438 13.57 130.78 58.48 200.28
boat 0.522407 132.72 99.45 155.18 127.23
car 0.522333 0.00 0.00 35.17 19.11
boat 0.522284 64.74 10.47 86.39 28.18
cow 0.522229 20.48 134.77 71.95 206.91
aeroplane 0.522228 101.94 56.16 116.18 80.13
person 0.522214 31.01 91.14 57.34 138.27
sheep 0.522214 50.99 48.86 88.67 81.23
sheep 0.522211 59.12 186.05 89.46 224.00
person 0.522184 24.33 91.75 43.62 132.19
boat 0.522164 130.17 92.74 150.35 116.13
person 0.522083 18.09 80.15 150.47 177.27
person 0.522036 22.06 82.03 40.99 109.06
boat 0.521996 29.14 0.00 164.04 95.59
train 0.521978 150.07 55.59 215.42 152.80
person 0.521978 13.60 99.58 34.89 154.95
train 0.521946 173.72 76.76 209.75 121.08
person 0.521936 137.06 130.75 161.50 158.76
car 0.521927 14.23 0.00 53.71 17.27
boat 0.521872 82.09 0.00 181.28 40.41
car 0.521821 9.94 57.11 28.34 83.53
car 0.521810 13.21 76.73 29.02 102.64
sheep 0.521772 57.74 39.22 91.21 65.32
car 0.521746 8.11 36.58 30.23 63.15
train 0.521705 156.26 93.43 192.15 131.85
aeroplane 0.521698 115.63 69.29 132.39 93.26
person 0.521684 100.75 111.25 126.66 166.24
car 0.521668 140.84 104.90 214.26 189.68
person 0.521636 23.26 87.03 41.83 119.76
aeroplane 0.521605 69.46 10.83 93.47 29.35
person 0.521599 177.76 212.65 211.60 224.00
boat 0.521574 68.51 20.12 93.83 37.67
train 0.521511 28.69 0.00 166.22 97.85
car 0.521502 220.00 177.58 224.00 210.01
aeroplane 0.521431 147.31 0.00 216.93 34.04
boat 0.521339 63.20 24.79 89.96 43.32
cow 0.521334 68.49 160.40 104.60 217.93
car 0.521306 164.65 138.67 184.24 168.10
car 0.521264 0.00 32.55 59.67 138.22
boat 0.521204 128.79 0.00 206.88 33.03
car 0.521202 0.00 0.00 72.64 58.12
cow 0.521164 0.00 143.32 61.87 224.00
car 0.521145 9.21 46.64 28.99 73.67
train 0.521139 176.54 0.00 224.00 109.92
cow 0.521136 99.58 187.39 129.97 224.00
car 0.521092 130.55 170.06 151.25 202.03
person 0.521088 168.10 213.32 203.27 224.00
train 0.521062 108.53 79.17 197.40 164.09
aeroplane 0.521055 8.69 17.85 36.81 45.07
boat 0.521047 60.73 31.14 91.42 52.98
car 0.520967 49.22 129.15 155.93 218.77
cow 0.520955 115.17 179.67 146.42 214.27
car 0.520922 8.55 146.30 99.52 224.00
car 0.520882 3.67 55.08 21.94 86.53
person 0.520674 20.32 75.72 40.52 98.37
sheep 0.520619 29.75 82.25 51.19 115.40
aeroplane 0.520618 108.37 49.94 123.50 72.31
person 0.520596 6.23 199.46 46.97 224.00
car 0.520489 8.88 25.25 36.52 49.90
cow 0.520336 12.90 178.14 49.60 220.57
person 0.520333 217.70 198.18 224.00 224.00
train 0.520288 180.93 20.48 210.29 64.76
car 0.520286 0.00 40.61 16.00 79.62
train 0.520272 141.16 94.12 166.65 121.74
aeroplane 0.520194 115.12 59.97 132.87 82.19
car 0.520183 13.98 58.21 34.04 82.85
aeroplane 0.520143 102.79 47.98 115.79 71.31
person 0.520084 120.60 117.98 142.15 155.61
boat 0.520035 164.00 0.00 224.00 41.15
car 0.520030 140.39 123.05 176.96 150.62
car 0.519994 0.00 23.82 22.66 60.00
train 0.519989 155.80 102.98 196.12 144.05
person 0.519960 120.47 106.13 140.33 143.46
sheep 0.519952 86.61 73.46 112.04 113.46
car 0.519938 152.22 139.01 177.62 168.46
aeroplane 0.519920 7.58 5.25 35.56 37.87
train 0.519874 149.20 93.97 178.92 128.24
sheep 0.519834 41.27 75.02 84.03 106.49
aeroplane 0.519764 33.84 0.00 69.60 15.35
person 0.519748 220.00 186.55 224.00 222.20
sheep 0.519730 86.45 63.15 109.19 97.41
aeroplane 0.519714 108.63 41.19 122.63 63.27
car 0.519687 170.11 139.71 188.28 167.35
aeroplane 0.519630 122.49 70.20 139.64 92.22
sheep 0.519588 35.05 181.77 78.45 224.00
train 0.519569 184.03 33.50 209.84 75.96
person 0.519495 106.68 101.74 126.84 150.62
train 0.519478 141.92 101.91 172.70 134.12
car 0.519461 0.00 30.77 19.50 68.61
boat 0.519398 50.70 40.93 78.35 60.98
train 0.519385 166.74 66.25 202.66 111.28
car 0.519366 146.63 122.20 216.92 215.25
aeroplane 0.519336 115.27 78.73 130.52 105.63
car 0.519314 3.30 44.56 23.97 75.96
aeroplane 0.519296 44.20 0.00 76.57 14.56
aeroplane 0.519243 21.35 149.28 68.73 217.27
train 0.519236 149.11 102.34 183.55 140.20
aeroplane 0.519226 86.90 54.21 107.41 81.73
car 0.519207 4.96 5.76 34.57 40.17
boat 0.519093 66.77 0.00 99.88 13.90
aeroplane 0.519027 102.87 39.15 115.73 63.58
aeroplane 0.518991 109.14 32.68 121.98 54.17
cow 0.518991 115.52 192.82 148.52 224.00
sheep 0.518896 56.21 59.75 103.50 104.05
car 0.518806 2.87 77.46 18.26 113.98
car 0.518711 111.37 170.57 145.06 209.83
aeroplane 0.518663 102.80 30.69 115.56 55.15
aeroplane 0.518656 52.29 0.00 83.57 13.48
car 0.518642 13.94 95.05 30.99 142.93
aeroplane 0.518639 58.49 9.84 80.76 27.61
cow 0.518600 131.57 183.87 152.45 213.67
boat 0.518594 74.99 0.00 108.38 13.86
sheep 0.518565 29.01 75.93 49.58 101.04
car 0.518532 0.00 0.00 76.32 93.76
aeroplane 0.518456 122.76 60.72 141.07 82.42
boat 0.518360 44.11 34.65 60.84 52.94
train 0.518353 196.50 69.63 219.22 115.69
train 0.518345 182.98 5.41 208.19 24.92
motorbike 0.518250 92.23 159.69 137.21 211.19
aeroplane 0.518237 130.36 70.42 149.11 91.26
sheep 0.518178 41.13 66.82 79.88 93.63
train 0.518146 178.27 0.00 211.03 20.54
boat 0.518090 51.97 32.39 77.47 50.75
sheep 0.518064 59.51 52.00 101.31 88.37
person 0.518042 130.11 196.12 156.09 224.00
car 0.518019 0.00 13.86 88.44 127.82
train 0.517993 180.96 9.81 204.18 31.73
sheep 0.517923 18.63 68.09 39.58 91.05
cow 0.517909 84.75 196.88 111.59 224.00
car 0.517893 179.97 139.69 195.72 167.12
train 0.517803 156.32 85.90 190.66 121.43
train 0.517775 184.27 68.88 212.94 114.97
car 0.517724 13.82 81.83 29.80 111.60
train 0.517708 197.21 0.00 224.00 19.00
aeroplane 0.517694 125.65 0.00 157.88 13.44
car 0.517681 0.25 84.70 16.37 129.21
aeroplane 0.517671 139.10 0.00 172.09 13.98
boat 0.517635 45.08 41.66 62.59 60.41
boat 0.517632 129.02 87.61 147.69 109.88
cow 0.517418 0.00 156.26 30.04 217.42
aeroplane 0.517329 28.84 27.41 192.87 125.67
train 0.517246 135.21 38.23 212.12 132.40
aeroplane 0.517216 72.65 19.40 99.62 38.07
aeroplane 0.517181 121.87 79.73 136.91 103.36
car 0.517154 189.90 139.64 204.12 167.16
aeroplane 0.517153 76.15 9.18 100.05 29.01
aeroplane 0.517147 103.55 22.66 114.73 44.91
aeroplane 0.517145 63.23 28.73 101.86 54.51
person 0.517094 134.52 111.73 160.49 142.22
aeroplane 0.517071 144.09 4.29 219.32 104.24
aeroplane 0.517066 111.41 23.84 120.81 43.24
train 0.517017 159.03 0.00 189.44 17.43
aeroplane 0.516977 115.74 49.59 130.44 71.65
train 0.516913 74.26 54.73 204.45 148.10
boat 0.516905 13.90 88.53 29.87 126.55
train 0.516825 139.99 87.66 161.99 112.14
aeroplane 0.516764 139.42 70.17 159.66 92.84
aeroplane 0.516755 148.20 0.00 180.40 15.31
aeroplane 0.516746 67.02 23.61 101.32 45.93
train 0.516736 177.79 12.18 202.66 44.84
train 0.516724 210.36 58.45 224.00 102.75
aeroplane 0.516661 130.10 79.57 147.24 101.69
car 0.516604 147.30 113.04 187.90 147.25
train 0.516600 201.40 2.38 222.11 26.92
person 0.516454 135.67 123.75 162.99 152.31
train 0.516438 184.61 46.35 209.27 85.36
sheep 0.516419 42.20 57.59 75.21 82.20
car 0.516415 198.65 140.23 211.75 166.36
aeroplane 0.516339 85.29 46.13 106.30 71.42
car 0.516307 117.39 156.56 207.20 224.00
car 0.516280 23.64 35.18 46.85 55.72
car 0.516249 137.03 149.64 161.23 179.30
aeroplane 0.516203 134.74 29.86 146.71 52.31
aeroplane 0.516198 131.31 61.62 150.74 83.13
train 0.516152 149.37 87.00 175.82 117.44
car 0.516152 210.20 140.93 224.00 168.90
car 0.516092 7.88 33.66 39.40 56.60
train 0.516073 196.06 58.63 217.04 100.27
sheep 0.516047 28.54 67.87 48.19 91.06
sheep 0.516040 44.16 48.93 68.19 70.58
train 0.516026 172.00 7.16 186.70 22.94
train 0.515986 193.83 47.14 215.72 86.36
sheep 0.515956 18.96 193.01 71.86 224.00
boat 0.515950 94.05 0.00 123.28 13.84
aeroplane 0.515949 134.82 21.91 147.15 42.03
train 0.515948 177.17 9.17 192.62 28.00
aeroplane 0.515926 173.75 21.08 193.59 57.50
aeroplane 0.515921 61.86 36.94 100.51 63.82
aeroplane 0.515919 79.47 28.63 107.24 54.79
train 0.515910 139.94 79.14 159.79 102.97
aeroplane 0.515887 3.96 0.00 42.25 26.60
aeroplane 0.515857 103.04 0.00 130.96 14.12
aeroplane 0.515744 115.79 40.23 128.24 61.86
aeroplane 0.515667 125.87 30.47 136.95 52.86
aeroplane 0.515654 53.94 19.27 74.55 35.03
aeroplane 0.515633 111.78 0.00 140.72 13.95
aeroplane 0.515616 82.01 37.06 106.49 62.66
train 0.515608 157.15 77.40 190.10 111.73
boat 0.515607 53.61 25.21 76.77 42.17
car 0.515543 135.42 161.09 158.98 190.39
train 0.515530 157.47 68.84 187.33 101.36
car 0.515518 148.52 148.71 174.89 176.40
cow 0.515476 16.51 184.31 60.69 224.00
car 0.515466 148.30 161.75 171.68 185.80
train 0.515429 199.16 25.44 221.07 67.53
train 0.515386 202.85 36.41 221.69 77.62
aeroplane 0.515352 142.25 14.68 156.03 32.01
aeroplane 0.515346 116.63 32.10 127.78 53.67
car 0.515325 43.33 27.25 61.05 45.70
aeroplane 0.515324 140.39 0.00 216.23 66.50
aeroplane 0.515268 135.06 14.78 147.57 31.10
aeroplane 0.515267 80.53 22.17 106.63 45.93
sheep 0.515249 105.20 15.26 112.97 32.92
aeroplane 0.515237 141.81 21.45 155.84 42.58
aeroplane 0.515225 141.82 29.65 156.20 53.33
train 0.515202 184.18 57.79 210.66 99.84
aeroplane 0.515189 51.37 7.99 72.82 26.72
cow 0.515051 14.31 154.62 52.06 215.66
sheep 0.515029 60.76 45.36 100.03 76.35
aeroplane 0.515024 124.82 49.25 139.52 72.17
train 0.514931 174.29 33.68 193.39 70.97
train 0.514929 207.69 47.51 223.46 88.72
aeroplane 0.514928 69.01 20.99 208.28 115.19
car 0.514906 0.00 49.74 108.08 156.03
sheep 0.514877 83.80 16.43 104.86 35.89
car 0.514868 139.49 173.19 158.22 198.58
aeroplane 0.514855 125.49 38.83 137.23 61.66
aeroplane 0.514844 139.77 0.10 157.08 22.96
car 0.514827 166.06 148.36 183.50 173.78
train 0.514794 149.32 69.74 173.04 96.29
car 0.514782 167.37 162.26 180.73 182.78
car 0.514736 154.09 173.51 169.73 193.61
car 0.514714 6.32 0.00 120.87 98.78
dog 0.514692 162.97 196.51 184.16 219.60
train 0.514665 149.86 78.20 174.68 106.98
sheep 0.514637 29.12 58.70 47.20 81.01
aeroplane 0.514596 168.83 20.26 182.55 55.42
car 0.514592 27.05 42.19 46.34 62.09
aeroplane 0.514558 140.08 62.46 160.00 85.22
aeroplane 0.514524 167.71 33.25 183.15 70.58
boat 0.514511 119.74 0.00 209.90 65.80
sheep 0.514504 33.17 199.63 78.72 224.00
train 0.514495 168.75 57.16 198.14 97.38
car 0.514485 14.29 0.00 140.10 68.26
aeroplane 0.514469 127.34 22.20 137.61 42.08
boat 0.514425 60.66 0.00 88.53 16.94
aeroplane 0.514396 166.80 184.04 178.29 201.68
aeroplane 0.514355 114.40 15.71 119.27 30.62
aeroplane 0.514321 135.00 38.69 147.39 62.75
car 0.514260 168.38 173.71 178.02 191.70
car 0.514211 21.60 28.02 47.47 49.83
dog 0.514206 154.64 192.68 172.98 216.02
aeroplane 0.514200 119.21 23.63 127.83 42.71
cow 0.514191 156.83 183.19 169.36 202.12
boat 0.514161 80.54 0.00 202.58 75.47
car 0.514062 203.48 161.76 210.52 184.68
aeroplane 0.514048 86.00 5.84 105.32 25.91
car 0.514038 10.73 41.32 38.18 63.61
sheep 0.513994 141.27 199.76 165.25 224.00
aeroplane 0.513938 151.30 26.44 164.70 54.34
aeroplane 0.513934 149.65 2.25 166.14 23.48
aeroplane 0.513919 41.31 19.27 61.58 37.41
cow 0.513915 143.38 187.58 160.44 213.21
aeroplane 0.513849 132.97 0.00 149.18 21.34
aeroplane 0.513818 161.45 22.14 173.16 54.66
aeroplane 0.513676 153.27 13.49 165.04 31.19
aeroplane 0.513650 152.40 18.15 164.29 41.78
train 0.513582 161.85 4.82 175.95 23.40
aeroplane 0.513486 19.38 19.34 48.66 42.10
boat 0.513424 28.83 49.80 46.25 70.87
car 0.513422 200.29 149.65 211.60 175.02
aeroplane 0.513417 160.00 34.89 174.18 69.65
cow 0.513388 10.00 189.77 47.46 224.00
train 0.513376 175.12 11.65 193.54 40.11
car 0.513370 14.38 49.66 37.77 72.41
train 0.513368 200.34 8.74 220.56 36.92
train 0.513365 157.39 61.06 181.53 91.01
aeroplane 0.513339 142.27 39.01 156.87 64.92
train 0.513300 178.67 45.99 201.75 83.22
aeroplane 0.513296 134.00 50.05 149.98 73.99
train 0.513279 180.94 12.88 211.42 50.36
cow 0.513246 142.75 181.47 157.59 204.68
aeroplane 0.513169 104.84 4.31 113.11 22.74
train 0.513145 198.65 15.50 220.44 53.92
car 0.513135 174.28 163.06 184.79 181.94
aeroplane 0.513092 15.53 0.00 56.88 19.96
car 0.513071 171.69 149.18 187.05 172.69
train 0.513033 172.00 9.46 184.82 28.00
aeroplane 0.512960 129.51 14.93 138.40 29.90
aeroplane 0.512929 36.09 4.77 63.22 26.84
aeroplane 0.512926 15.38 3.23 51.23 30.75
car 0.512873 192.57 148.61 203.53 174.43
aeroplane 0.512790 74.26 0.00 104.71 17.37
aeroplane 0.512717 151.00 37.54 165.81 67.39
train 0.512662 172.39 47.22 194.49 81.44
train 0.512629 149.39 62.47 170.63 87.36
car 0.512625 196.00 159.97 201.36 183.21
train 0.512504 164.00 11.40 174.43 29.38
aeroplane 0.512431 141.73 51.37 158.94 76.20
car 0.512309 204.00 173.60 209.14 191.41
train 0.512307 166.48 48.14 186.36 80.95
aeroplane 0.512256 163.86 13.76 173.39 39.90
train 0.512198 171.41 11.34 183.52 38.76
aeroplane 0.512139 122.56 15.68 128.16 29.37
dog 0.512085 170.42 197.43 190.59 220.07
aeroplane 0.511999 113.92 4.32 119.41 20.32
aeroplane 0.511969 174.99 184.61 184.06 200.28
car 0.511926 176.10 174.46 183.07 190.49
car 0.511901 212.00 151.32 224.00 179.73
car 0.511842 182.29 149.16 194.79 173.32
dog 0.511829 150.51 206.43 178.19 224.00
car 0.511828 185.48 161.12 192.32 181.94
cow 0.511660 204.00 181.81 208.69 199.74
aeroplane 0.511630 158.75 50.03 177.09 79.83
cow 0.511519 204.00 191.53 212.94 217.11
aeroplane 0.511440 150.81 51.62 168.21 77.75
train 0.511420 151.33 0.00 178.38 17.04
car 0.511344 212.00 161.91 224.00 188.84
car 0.511012 196.00 172.44 199.65 189.99
aeroplane 0.510899 128.49 1.15 140.25 20.00
car 0.510773 187.63 173.08 190.14 189.44
dog 0.510597 194.93 193.46 206.03 217.83
sheep 0.510540 82.63 0.00 110.63 15.32
dog 0.510474 182.49 195.43 196.69 218.16
car 0.510446 212.00 170.68 224.00 195.16
aeroplane 0.510295 196.00 182.09 199.62 198.51
aeroplane 0.510287 186.61 183.23 190.07 198.44
sheep 0.510255 97.98 0.00 118.33 14.55
person 0.510077 194.71 206.10 216.73 224.00
aeroplane 0.510063 122.51 2.87 129.90 20.00
dog 0.509784 157.42 211.21 189.28 224.00
diningtable 0.509548 212.00 187.10 224.00 216.78
motorbike 0.509507 212.00 178.25 224.00 202.45
dog 0.508451 184.55 209.07 210.10 224.00
dog 0.507772 172.73 211.26 200.63 224.00
