car 0.616906 14.44 131.78 74.53 178.60
car 0.609143 0.00 114.37 66.62 195.38
person 0.605609 172.42 106.99 190.63 157.33
person 0.601772 165.74 106.97 180.57 164.95
person 0.600434 163.78 134.46 177.30 178.94
person 0.589131 159.54 105.23 172.66 167.50
person 0.585617 175.75 107.06 195.07 151.10
person 0.582320 161.09 122.21 174.50 173.43
person 0.581076 167.79 144.54 183.04 185.15
car 0.580251 28.33 137.45 77.45 174.73
person 0.579594 163.42 112.91 176.21 167.69
bus 0.574698 58.99 48.46 173.08 146.18
bus 0.573826 65.23 72.62 163.00 166.82
bus 0.572858 88.60 69.11 183.56 161.87
person 0.567518 169.64 122.94 184.40 171.26
car 0.566351 211.53 101.32 222.31 142.24
person 0.565675 211.34 102.64 222.34 145.75
person 0.565054 119.18 92.43 172.44 171.82
bus 0.563934 145.29 33.85 219.85 80.69
person 0.563883 170.33 111.16 187.08 165.38
person 0.563023 207.08 100.85 215.80 138.87
bus 0.562197 87.65 151.50 141.70 178.85
person 0.561618 168.69 151.14 186.73 196.77
person 0.561560 181.80 106.83 201.01 145.52
car 0.560894 212.80 69.50 223.40 103.81
bus 0.560167 96.93 64.40 169.04 140.10
motorbike 0.559854 173.52 151.56 189.29 192.37
person 0.559102 197.28 102.53 210.94 139.76
car 0.558645 193.58 69.40 208.67 100.09
person 0.558432 150.58 99.07 174.47 160.41
car 0.557516 0.65 124.56 48.92 186.26
person 0.556419 104.51 142.81 163.18 186.28
person 0.555988 142.05 100.81 170.83 170.21
car 0.555894 205.18 69.78 213.37 101.20
bus 0.554295 73.18 63.35 155.05 142.90
bus 0.554011 66.81 97.97 135.73 158.68
person 0.553687 197.82 71.27 208.76 101.79
person 0.553532 196.42 106.20 224.00 205.63
person 0.553087 163.16 142.00 181.01 188.32
person 0.552853 206.90 100.82 218.84 150.27
person 0.552195 212.54 107.45 224.00 162.21
car 0.552023 54.53 143.19 84.68 172.63
person 0.551794 218.17 160.51 224.00 194.61
person 0.551380 133.84 134.41 168.29 184.20
person 0.551138 172.79 137.74 190.01 183.16
car 0.550521 19.61 151.27 70.11 192.16
person 0.550434 212.74 88.29 220.89 128.14
person 0.549927 168.47 91.33 199.36 170.06
person 0.549338 83.83 149.62 145.93 181.06
person 0.548884 182.71 72.02 203.81 101.80
person 0.548786 184.05 90.93 215.63 177.85
car 0.547743 8.62 139.54 68.47 190.05
car 0.547008 206.94 70.77 212.17 103.47
person 0.546787 172.57 88.54 194.57 134.20
car 0.546698 213.46 77.74 221.16 117.50
car 0.546671 30.90 159.06 71.42 194.50
person 0.546628 174.01 121.80 191.16 170.91
motorbike 0.546281 178.99 153.75 198.91 192.99
bus 0.545462 80.74 94.45 150.93 175.70
motorbike 0.545256 170.23 159.10 188.47 202.39
car 0.545072 63.53 185.94 141.29 215.00
bus 0.544672 80.47 148.63 125.01 175.88
bus 0.544132 69.26 143.81 102.77 172.58
car 0.544119 86.38 153.57 143.23 179.87
person 0.544047 168.79 88.17 187.70 137.21
person 0.543843 208.34 87.85 213.71 124.61
bus 0.543784 109.85 78.85 177.48 153.31
car 0.543605 25.62 122.95 86.60 177.26
car 0.543330 12.13 40.95 42.68 59.91
car 0.543260 0.00 152.20 68.80 224.00
person 0.542898 176.37 70.65 196.73 107.48
car 0.542651 70.67 147.07 100.19 173.41
person 0.542640 214.78 119.93 224.00 173.95
car 0.542430 11.36 36.29 42.80 55.27
person 0.542375 197.62 88.74 210.37 124.14
person 0.542170 92.02 85.62 170.29 162.40
bus 0.541984 172.10 57.37 202.54 97.85
person 0.541557 120.18 123.38 164.56 179.15
person 0.541296 208.15 76.33 212.70 112.15
car 0.541126 64.92 195.26 144.27 223.63
person 0.540945 138.10 130.26 181.39 195.03
car 0.540498 169.17 61.82 204.35 97.25
person 0.540464 184.37 78.05 204.30 110.40
motorbike 0.540399 192.87 156.11 211.54 192.27
bus 0.540103 129.29 32.95 186.52 98.27
person 0.539951 196.72 104.26 213.68 160.74
bus 0.539740 118.73 33.98 177.97 117.49
bus 0.539659 175.78 66.06 197.77 104.83
sofa 0.539486 146.71 30.29 211.14 71.27
sofa 0.539261 211.58 23.23 222.84 66.68
person 0.538939 1.71 110.07 58.46 187.10
person 0.538808 216.58 140.03 224.00 186.97
person 0.538709 183.42 90.77 203.61 127.20
person 0.538514 168.28 126.31 197.85 198.12
bus 0.538107 85.28 133.10 139.79 177.92
bus 0.538091 85.74 46.08 184.56 113.04
motorbike 0.538035 65.95 183.75 135.61 214.77
person 0.537987 192.79 79.39 224.00 168.25
bus 0.537904 16.49 110.56 73.14 181.38
motorbike 0.537494 127.12 203.42 166.65 224.00
bus 0.537465 166.65 41.44 207.96 91.22
car 0.537415 0.21 115.60 40.38 172.77
bus 0.537353 42.26 88.59 120.42 169.73
person 0.537079 128.22 113.64 177.33 181.24
person 0.536372 114.53 130.73 174.45 193.82
bus 0.536331 142.68 32.62 197.99 90.52
bus 0.535971 103.84 45.22 193.45 93.58
car 0.535896 70.96 184.52 155.90 224.00
motorbike 0.535492 210.26 160.63 220.62 191.37
car 0.535434 215.18 57.17 222.64 93.31
car 0.535159 10.49 120.87 61.81 173.29
bus 0.534982 42.16 117.36 101.31 168.52
motorbike 0.534620 178.47 139.20 199.39 186.03
motorbike 0.534597 65.79 198.07 138.54 224.00
person 0.534470 211.91 204.15 224.00 224.00
bus 0.534284 59.39 109.12 116.44 159.96
car 0.534252 1.38 180.87 30.03 214.02
car 0.534213 0.00 108.67 33.44 160.41
car 0.533671 22.35 92.67 46.86 126.29
person 0.533570 145.13 146.38 185.94 209.86
person 0.533378 191.79 163.93 224.00 224.00
car 0.532829 11.27 29.98 41.64 50.81
car 0.532723 38.00 169.91 72.25 198.71
motorbike 0.532436 168.12 198.23 194.42 224.00
person 0.532417 0.00 98.11 106.48 224.00
person 0.532395 209.74 117.93 218.87 171.25
bus 0.532341 116.70 61.25 186.03 136.08
car 0.532318 74.20 183.10 137.31 207.38
person 0.531895 196.02 116.55 211.86 171.28
car 0.531836 72.98 189.25 121.56 209.47
person 0.531714 217.11 165.19 224.00 204.34
person 0.531706 0.00 2.54 31.80 128.81
person 0.531570 181.13 118.98 200.21 171.59
car 0.531565 34.24 92.23 58.04 122.27
person 0.531534 144.31 83.93 173.28 143.11
bus 0.531516 76.19 131.28 126.65 172.66
person 0.531498 172.00 76.06 191.94 120.07
car 0.531316 0.00 197.67 19.59 224.00
motorbike 0.531280 179.11 202.41 209.85 224.00
bus 0.531261 172.00 71.06 196.13 112.53
car 0.531183 0.00 0.00 21.60 20.82
bus 0.531145 160.60 29.56 215.45 73.77
bus 0.531124 30.54 121.81 90.84 175.13
car 0.531063 0.00 180.81 20.94 218.10
car 0.531041 67.28 200.99 124.61 224.00
bus 0.530985 0.00 36.11 72.96 217.61
bus 0.530939 129.72 34.98 203.23 77.07
motorbike 0.530927 188.44 206.61 220.86 224.00
car 0.530909 133.01 34.95 184.05 86.11
car 0.530582 9.75 180.20 39.33 211.69
motorbike 0.530533 115.00 186.57 156.14 219.09
aeroplane 0.530489 210.77 12.28 221.84 61.44
car 0.530479 13.01 175.27 100.82 224.00
motorbike 0.530416 121.26 198.71 158.56 224.00
car 0.530336 0.00 0.00 47.59 116.36
bus 0.530310 46.45 133.03 92.72 171.97
person 0.530082 88.40 98.06 152.80 182.90
car 0.530031 63.52 175.81 146.17 209.83
person 0.529952 78.23 135.92 138.95 210.62
bus 0.529946 67.12 131.43 109.90 170.59
car 0.529941 36.67 179.08 72.41 206.03
bus 0.529738 0.00 89.90 101.51 224.00
car 0.529705 149.07 120.22 224.00 224.00
person 0.529665 92.04 135.12 163.15 199.20
motorbike 0.529617 143.15 200.51 182.63 224.00
person 0.529518 164.64 142.83 197.49 211.13
bus 0.529503 171.96 54.19 224.00 195.58
person 0.529279 0.00 0.00 86.88 151.43
car 0.529194 74.69 184.97 121.89 204.40
car 0.529168 0.00 73.87 12.62 117.23
car 0.529112 15.13 157.25 57.50 197.58
boat 0.529106 3.58 122.89 61.73 198.82
motorbike 0.528937 193.23 139.78 211.92 185.59
car 0.528805 215.04 42.40 222.52 83.79
car 0.528673 31.26 201.53 82.52 224.00
person 0.528440 3.02 200.29 37.36 224.00
person 0.528276 117.46 155.77 179.23 215.59
person 0.528245 0.00 52.60 39.92 163.32
person 0.528153 20.77 199.46 64.63 224.00
car 0.528022 0.00 56.51 13.57 101.20
car 0.527995 0.00 0.00 48.90 45.70
bus 0.527932 140.58 70.94 173.88 121.60
motorbike 0.527885 201.33 205.92 224.00 224.00
person 0.527850 12.66 199.95 52.26 224.00
car 0.527848 22.98 87.37 47.58 116.07
bus 0.527770 147.01 41.62 188.01 101.45
car 0.527727 11.63 23.62 40.66 45.83
aeroplane 0.527512 205.67 0.00 224.00 33.53
car 0.527467 0.33 99.70 25.76 148.40
bus 0.527425 0.00 0.00 79.25 174.84
person 0.527354 145.32 162.68 192.19 224.00
bus 0.527233 142.18 0.00 224.00 127.03
car 0.527190 19.18 177.77 51.67 208.56
person 0.527144 117.07 172.74 184.71 224.00
car 0.526883 12.70 0.00 45.47 17.00
car 0.526700 14.07 47.55 45.62 66.36
car 0.526605 169.74 76.61 224.00 211.86
motorbike 0.526273 98.01 146.51 160.56 193.54
person 0.526249 0.00 88.97 18.30 136.17
person 0.526240 94.46 133.27 156.01 180.35
car 0.526208 3.19 143.85 47.89 194.69
bus 0.526112 62.04 100.65 131.89 187.48
motorbike 0.526085 93.39 185.84 149.19 214.94
boat 0.526066 62.22 170.22 134.59 224.00
car 0.526009 12.96 14.68 41.21 36.70
bus 0.525999 164.76 64.05 204.80 134.78
bus 0.525982 108.70 40.13 165.17 110.07
car 0.525924 26.72 175.51 63.06 206.15
person 0.525920 161.80 161.20 202.30 224.00
bus 0.525889 64.61 133.96 131.05 210.52
boat 0.525883 0.00 150.97 76.21 224.00
car 0.525862 45.77 91.09 70.88 121.42
car 0.525670 0.00 30.54 21.30 58.28
bus 0.525504 77.56 65.29 140.52 121.62
person 0.525404 69.52 164.47 147.07 207.81
car 0.525403 0.00 0.00 71.47 36.57
car 0.525191 12.40 110.46 48.73 157.73
person 0.525011 210.36 140.97 220.06 184.83
car 0.524921 47.02 201.59 95.92 224.00
sofa 0.524819 186.01 24.84 216.16 65.19
person 0.524803 218.75 176.43 224.00 218.41
person 0.524755 0.00 88.33 48.18 181.42
car 0.524687 89.77 40.98 124.59 85.58
motorbike 0.524617 163.17 155.52 181.40 200.43
car 0.524593 2.87 162.97 40.75 203.86
person 0.524572 74.93 172.40 153.26 224.00
motorbike 0.524517 105.87 164.96 156.39 203.18
bus 0.524474 147.96 54.91 181.33 113.79
boat 0.524459 62.96 0.00 123.57 51.03
motorbike 0.524458 173.52 165.48 192.36 206.53
person 0.524418 64.78 104.60 174.77 224.00
car 0.524286 0.92 0.00 31.51 17.03
car 0.524255 117.61 36.16 157.07 83.10
motorbike 0.524199 181.41 162.51 224.00 224.00
person 0.524170 216.07 193.74 224.00 224.00
car 0.524126 0.00 166.00 30.28 209.08
bus 0.524108 37.87 101.55 158.09 224.00
car 0.524101 35.80 86.78 57.99 113.20
car 0.524034 13.30 90.46 37.67 121.22
car 0.524018 205.28 60.40 214.02 94.86
boat 0.523893 43.71 0.00 105.96 47.55
motorbike 0.523837 180.09 161.92 197.67 202.07
car 0.523835 38.64 153.54 75.97 186.36
aeroplane 0.523656 155.57 0.00 207.56 30.18
car 0.523645 183.04 60.70 224.00 143.48
car 0.523457 35.80 194.30 78.43 221.32
car 0.523408 13.20 84.66 36.49 112.04
car 0.523393 89.15 35.24 117.73 70.35
car 0.523264 23.99 0.00 94.52 124.29
boat 0.523246 86.10 31.89 186.63 112.81
car 0.523238 4.14 105.32 43.54 149.67
person 0.523208 130.03 143.62 171.49 193.01
motorbike 0.523193 101.65 199.28 154.45 224.00
car 0.523176 173.41 39.72 223.73 102.32
person 0.523096 81.95 159.97 142.16 194.23
car 0.523085 19.30 99.64 47.51 139.06
aeroplane 0.523065 157.79 7.18 211.92 50.22
person 0.523042 16.32 92.10 63.03 180.89
motorbike 0.523010 172.35 176.52 190.05 219.19
person 0.523003 184.35 139.47 224.00 220.80
car 0.522921 0.00 18.68 20.50 47.43
bus 0.522912 20.81 28.95 105.79 201.57
sofa 0.522780 157.03 8.41 216.50 52.93
car 0.522754 69.18 187.37 107.58 207.68
car 0.522719 156.15 0.00 199.64 17.93
car 0.522532 0.00 46.78 18.31 89.27
car 0.522392 74.00 152.65 102.04 178.34
boat 0.522387 74.46 22.67 143.77 117.72
car 0.522371 67.92 182.56 105.28 202.35
car 0.522368 45.54 176.00 76.56 199.39
car 0.522364 17.47 60.85 40.34 90.77
bus 0.522318 160.96 0.00 224.00 67.32
person 0.522273 18.78 64.58 64.78 163.30
boat 0.522266 65.21 13.71 121.55 123.71
motorbike 0.522234 70.83 167.28 143.16 205.76
car 0.522127 77.78 111.02 187.82 224.00
car 0.522111 99.38 41.34 148.21 93.55
bus 0.521938 128.86 7.05 209.48 73.60
cow 0.521926 10.95 25.01 39.58 45.48
car 0.521920 65.60 175.71 100.90 199.28
bus 0.521886 86.68 57.27 167.72 202.53
car 0.521818 68.48 35.36 87.75 62.33
car 0.521762 2.10 79.35 27.13 113.41
boat 0.521735 83.70 0.00 154.31 54.50
car 0.521729 0.00 11.17 61.61 138.49
bus 0.521714 61.27 86.98 101.93 125.94
car 0.521703 18.80 75.67 40.90 103.54
car 0.521663 0.00 6.57 18.05 37.98
car 0.521651 3.33 85.41 30.38 122.45
car 0.521535 104.08 36.52 142.47 77.79
car 0.521442 0.00 70.29 24.34 103.82
car 0.521435 76.52 36.02 99.85 64.01
bus 0.521432 91.38 44.26 153.35 107.66
car 0.521407 16.54 52.84 45.04 76.71
car 0.521404 7.81 192.96 33.79 222.13
boat 0.521403 94.81 0.00 122.53 16.88
tvmonitor 0.521307 15.51 49.58 42.36 75.00
car 0.521253 0.00 58.51 26.19 94.42
bus 0.521187 20.12 131.45 89.33 206.37
boat 0.521140 75.93 43.03 159.39 129.89
car 0.521019 152.34 0.00 193.94 28.09
car 0.521012 44.98 86.45 68.74 113.88
car 0.521012 12.84 74.24 34.46 101.02
boat 0.520982 139.10 3.14 163.51 34.37
boat 0.520973 132.13 3.39 151.26 29.48
boat 0.520956 83.61 47.30 131.09 103.40
car 0.520891 140.93 0.00 176.82 16.79
car 0.520889 29.89 99.46 58.82 135.27
car 0.520776 93.45 36.28 126.86 74.51
boat 0.520759 67.57 0.00 130.16 95.78
car 0.520751 0.00 0.00 55.69 73.88
car 0.520694 0.00 0.00 107.10 154.73
car 0.520661 67.20 195.18 112.07 219.09
boat 0.520470 50.85 0.00 110.93 92.49
boat 0.520452 130.58 0.00 162.46 15.24
car 0.520425 0.00 39.77 22.04 76.53
boat 0.520422 100.68 0.00 178.21 57.08
sofa 0.520390 192.42 31.73 215.77 71.58
car 0.520374 20.75 0.00 59.64 18.62
boat 0.520338 123.99 0.00 154.41 14.08
car 0.520328 11.83 97.99 40.18 133.91
car 0.520254 59.01 36.92 78.73 59.49
person 0.520230 5.98 35.10 63.31 152.13
motorbike 0.520200 160.03 167.98 180.44 208.56
boat 0.520118 108.44 6.98 121.19 24.39
motorbike 0.520062 166.41 178.36 185.50 221.49
boat 0.519887 23.30 65.40 50.52 94.41
car 0.519870 4.43 93.55 35.45 133.61
car 0.519829 11.42 59.49 34.45 89.37
person 0.519805 0.00 0.00 17.88 25.85
bus 0.519707 44.07 98.26 73.78 133.99
car 0.519686 50.06 195.16 89.91 219.99
bus 0.519608 84.87 0.00 187.86 136.24
bus 0.519526 74.38 57.84 137.83 204.34
boat 0.519503 102.70 0.00 130.08 15.25
motorbike 0.519422 128.23 177.14 167.32 213.90
boat 0.519415 123.10 0.00 203.12 60.94
car 0.519372 17.65 192.04 49.49 220.17
bus 0.519343 72.16 79.04 118.68 133.67
car 0.519301 49.26 183.30 81.71 206.76
person 0.519291 17.17 110.71 56.01 157.50
boat 0.519259 123.64 5.10 139.11 26.25
car 0.519217 78.14 40.78 105.56 72.74
boat 0.519116 139.27 18.20 168.62 57.35
car 0.519030 128.64 27.99 164.47 73.46
boat 0.518979 62.78 0.00 92.70 14.53
motorbike 0.518911 129.98 158.71 169.09 201.25
motorbike 0.518833 150.81 184.24 179.97 224.00
boat 0.518748 103.07 5.18 116.01 25.45
car 0.518720 26.02 191.58 63.07 219.97
boat 0.518700 59.95 68.45 87.51 103.85
boat 0.518683 117.56 0.00 146.41 13.31
bus 0.518657 60.21 93.63 106.02 138.69
motorbike 0.518623 209.44 164.20 219.63 199.96
motorbike 0.518438 191.16 162.88 209.61 199.84
bus 0.518412 39.80 0.00 135.91 144.79
boat 0.518381 95.01 4.09 186.89 92.00
car 0.518355 28.01 77.40 51.28 106.15
boat 0.518341 111.21 0.00 139.05 13.93
boat 0.518332 116.10 6.39 128.96 24.50
boat 0.518331 33.04 67.60 57.96 96.30
aeroplane 0.518305 60.37 41.55 78.92 64.54
car 0.518282 24.36 110.81 64.16 155.37
aeroplane 0.518276 192.90 0.00 224.00 32.51
boat 0.518246 46.00 69.10 70.40 98.40
boat 0.518218 41.97 0.00 75.81 15.27
boat 0.518110 148.94 3.71 184.78 40.54
bus 0.518093 40.44 110.37 79.13 152.72
car 0.518028 61.56 162.33 92.13 188.88
bus 0.517890 79.52 46.40 137.11 105.71
car 0.517879 40.97 24.39 98.05 140.95
boat 0.517807 53.44 0.00 84.51 14.27
boat 0.517803 143.55 0.00 181.95 24.25
boat 0.517782 132.25 16.67 155.53 51.84
boat 0.517700 59.04 58.47 84.23 91.50
sofa 0.517699 201.49 43.96 214.78 84.03
boat 0.517693 16.87 55.93 50.05 79.09
boat 0.517565 77.83 0.00 108.32 14.31
car 0.517516 80.90 164.63 134.24 193.77
car 0.517400 70.61 36.45 132.29 136.04
cow 0.517337 11.67 15.38 39.20 36.35
boat 0.517291 146.53 19.29 187.39 62.54
bus 0.517241 151.28 20.83 201.70 66.03
aeroplane 0.517239 189.96 6.33 216.75 53.87
aeroplane 0.517215 174.96 0.00 215.01 30.64
bus 0.517119 74.55 0.31 160.53 165.33
car 0.517048 36.17 78.30 57.94 107.23
boat 0.516961 70.94 46.84 91.50 83.95
bus 0.516956 127.68 37.62 206.45 177.95
car 0.516854 7.81 0.00 90.89 83.76
boat 0.516829 43.10 60.12 69.65 85.60
boat 0.516774 69.66 57.34 97.85 100.60
car 0.516756 51.59 43.09 105.71 150.04
boat 0.516714 70.27 67.34 103.99 112.06
car 0.516664 117.59 28.41 150.36 70.17
sheep 0.516505 7.75 37.73 48.74 54.26
boat 0.516465 75.85 58.08 120.82 105.46
boat 0.516411 46.28 79.11 69.35 109.26
boat 0.516409 78.43 48.01 112.69 88.88
boat 0.516312 60.61 76.85 91.65 113.51
bus 0.516267 50.00 63.21 111.97 161.50
car 0.516242 75.64 166.93 112.50 191.76
boat 0.516201 27.69 58.43 57.37 82.78
cow 0.516119 4.56 13.08 33.94 36.35
motorbike 0.516096 178.91 182.59 202.51 224.00
bus 0.516093 85.68 104.59 180.11 222.51
bus 0.515814 118.02 0.00 210.29 150.61
boat 0.515614 92.74 25.88 119.39 63.81
bus 0.515384 72.20 73.70 110.00 120.75
boat 0.515346 69.13 30.09 89.69 59.85
aeroplane 0.515333 59.95 48.18 80.60 76.64
aeroplane 0.515283 34.99 38.73 65.57 56.82
horse 0.515114 209.37 174.65 221.03 213.60
boat 0.515113 105.82 27.41 136.42 66.83
horse 0.515091 188.36 170.47 209.80 208.39
boat 0.514910 76.19 29.97 98.10 60.67
boat 0.514724 121.42 16.79 141.59 47.62
horse 0.514619 187.60 189.13 215.57 224.00
car 0.514342 11.97 0.00 54.70 23.92
car 0.514328 2.30 45.95 34.53 79.78
aeroplane 0.514290 71.86 20.01 87.60 52.25
sofa 0.514191 162.18 20.18 209.98 64.13
aeroplane 0.514072 71.51 0.00 85.30 31.77
motorbike 0.514055 206.73 193.86 224.00 224.00
aeroplane 0.514049 37.04 44.76 65.62 62.60
car 0.513997 7.15 39.07 41.48 66.58
boat 0.513966 83.06 28.55 110.26 61.66
car 0.513889 9.46 12.30 48.39 33.78
boat 0.513865 59.74 31.02 81.18 56.71
boat 0.513792 104.56 15.95 121.48 44.84
boat 0.513672 100.78 14.85 116.96 46.34
boat 0.513497 112.15 16.31 129.74 45.41
cow 0.513490 2.66 0.00 30.56 21.61
cow 0.513411 9.14 0.00 37.59 23.33
aeroplane 0.513345 79.31 19.81 95.75 53.11
boat 0.513206 92.44 0.00 112.60 17.33
aeroplane 0.512939 39.67 51.11 66.83 72.88
aeroplane 0.512917 79.33 0.00 93.72 30.89
aeroplane 0.512915 98.36 3.00 112.58 26.27
aeroplane 0.512852 58.93 0.00 76.40 29.57
bus 0.512721 120.19 79.64 218.67 204.43
boat 0.512693 17.33 44.80 55.82 62.14
boat 0.512666 21.78 50.86 55.98 71.34
car 0.512280 106.16 104.22 220.63 220.26
aeroplane 0.511774 59.44 20.31 78.54 47.92
aeroplane 0.511751 88.58 17.68 106.72 50.31
boat 0.511645 20.50 0.00 62.74 23.12
sheep 0.511578 8.04 30.19 48.34 49.66
aeroplane 0.511433 89.55 1.02 105.19 27.33
aeroplane 0.511352 67.42 0.00 89.42 14.67
aeroplane 0.511242 96.78 14.34 114.07 47.56
boat 0.510907 15.55 8.22 54.94 32.94
aeroplane 0.510781 35.20 3.38 64.35 30.00
aeroplane 0.510615 73.61 0.00 96.16 13.57
aeroplane 0.510498 34.98 31.02 67.88 52.52
aeroplane 0.510057 82.52 0.00 105.02 13.85
aeroplane 0.509059 34.12 20.62 65.54 44.13
boat 0.508677 13.12 21.12 54.53 43.03
