bottle 0.612535 34.99 72.23 177.06 191.14
bird 0.602170 33.10 37.68 203.61 204.78
person 0.601199 39.15 62.86 150.32 210.74
tvmonitor 0.593502 46.58 91.82 135.76 191.98
chair 0.587362 46.27 89.42 136.63 189.78
tvmonitor 0.586587 24.02 45.20 181.68 220.70
tvmonitor 0.578676 51.55 114.07 143.86 207.67
sofa 0.577162 30.82 38.11 224.00 203.85
bottle 0.575591 38.33 38.00 224.00 207.84
bottle 0.572035 3.95 91.46 16.10 166.57
person 0.571628 11.27 53.95 52.96 201.59
person 0.571026 27.56 62.35 108.27 204.42
bottle 0.569369 0.82 89.02 10.65 168.12
person 0.567253 0.00 71.35 30.43 199.61
person 0.566501 35.75 28.49 218.30 202.31
bottle 0.564983 0.00 101.73 7.93 177.42
diningtable 0.560350 38.00 41.23 223.23 208.61
bottle 0.560010 4.50 85.47 12.00 170.97
bottle 0.554813 41.40 95.31 118.17 187.25
bottle 0.554206 0.00 147.05 6.74 211.09
chair 0.553841 42.75 41.91 224.00 207.46
bird 0.553760 205.88 24.53 224.00 151.41
bottle 0.553400 9.74 90.09 26.20 162.73
pottedplant 0.552155 62.77 82.00 129.01 155.34
chair 0.550578 54.20 80.93 126.65 161.56
bottle 0.550142 206.20 28.48 224.00 153.36
pottedplant 0.549366 0.00 35.16 40.08 176.49
bottle 0.548426 44.80 139.03 119.13 207.33
bottle 0.548354 0.00 121.81 6.51 199.08
pottedplant 0.548106 29.72 6.03 94.09 49.42
tvmonitor 0.547538 67.68 40.50 106.97 97.76
pottedplant 0.545653 8.85 48.76 56.24 186.24
bottle 0.544858 14.73 88.13 35.93 160.27
pottedplant 0.544825 0.00 8.76 42.47 125.95
tvmonitor 0.543660 54.36 85.23 132.21 163.57
tvmonitor 0.542470 41.43 35.30 100.27 93.96
bottle 0.541606 41.30 38.44 92.54 95.92
bottle 0.541503 26.35 59.57 97.16 191.15
bottle 0.541424 45.98 51.12 135.70 193.57
tvmonitor 0.541059 55.97 137.62 131.54 211.27
aeroplane 0.540614 218.25 72.25 224.00 137.60
bottle 0.540139 20.42 82.80 43.26 160.19
bird 0.539345 99.82 23.22 217.25 158.36
bird 0.538965 123.45 35.67 161.10 103.14
aeroplane 0.538943 122.04 40.04 161.73 111.05
bottle 0.538106 0.00 199.85 17.07 224.00
diningtable 0.537573 1.89 44.29 146.01 206.28
bottle 0.537566 34.49 103.10 62.68 177.92
person 0.537219 0.00 160.07 32.41 224.00
cat 0.537184 22.09 0.00 96.89 47.93
sheep 0.537059 218.18 76.67 224.00 148.75
bottle 0.536870 29.83 77.61 54.19 162.37
bottle 0.536841 0.17 152.99 12.97 212.42
bottle 0.536613 49.92 137.93 145.73 224.00
cat 0.536582 217.37 69.61 224.00 131.58
bottle 0.536579 72.28 46.76 108.29 98.93
bottle 0.536528 42.63 82.32 102.92 172.15
bottle 0.536433 0.00 14.15 27.54 87.03
bottle 0.536212 25.17 101.81 44.84 169.28
bottle 0.536153 0.03 204.28 26.19 224.00
pottedplant 0.536146 73.01 75.20 122.16 135.56
aeroplane 0.536143 125.42 107.56 159.76 176.55
pottedplant 0.535385 46.51 51.25 141.47 192.76
pottedplant 0.535378 33.70 0.00 88.62 35.00
bottle 0.535036 197.08 20.00 224.00 140.97
bottle 0.535015 60.79 115.20 178.90 194.53
cat 0.534733 219.93 42.82 224.00 103.13
bottle 0.534518 167.19 140.43 188.54 173.46
bottle 0.534332 68.55 137.70 180.77 224.00
bottle 0.534268 44.45 104.08 95.49 183.20
bird 0.534201 177.56 21.49 224.00 153.43
pottedplant 0.533932 0.00 16.38 19.90 86.08
bottle 0.533929 2.47 105.97 12.00 184.23
bottle 0.533910 42.13 211.27 89.29 224.00
bottle 0.533726 3.31 93.64 23.21 154.19
aeroplane 0.533693 122.40 63.23 159.75 119.02
bottle 0.533498 67.65 209.58 117.14 224.00
bottle 0.533387 1.97 14.08 41.30 82.77
tvmonitor 0.533279 71.40 73.33 123.00 139.02
aeroplane 0.533168 110.71 107.50 152.34 178.30
aeroplane 0.533011 154.40 37.00 187.03 107.51
aeroplane 0.532979 168.95 42.98 192.99 107.95
pottedplant 0.532960 0.00 0.00 50.95 87.20
pottedplant 0.532888 0.00 10.66 31.45 78.06
dog 0.532790 218.46 86.34 224.00 155.38
pottedplant 0.532788 0.00 5.12 19.81 63.05
bottle 0.532514 56.93 37.94 106.07 97.47
sheep 0.532258 208.42 72.99 219.84 136.64
bottle 0.532181 37.09 69.72 69.80 155.55
bottle 0.532169 32.33 134.75 67.18 203.57
bottle 0.532131 0.00 25.11 20.07 100.75
bottle 0.532084 70.96 130.84 139.68 205.19
bottle 0.532045 48.01 93.75 158.31 209.15
bottle 0.532026 27.25 11.95 91.88 73.87
pottedplant 0.532010 30.12 10.94 90.66 67.98
bottle 0.531965 8.60 208.34 39.47 224.00
chair 0.531673 72.27 104.82 137.92 184.79
dog 0.531669 219.23 119.45 224.00 173.47
bottle 0.531612 0.00 167.43 10.18 221.24
bottle 0.531553 191.75 0.00 224.00 60.57
pottedplant 0.531517 9.03 11.88 68.28 66.01
bottle 0.531415 61.78 164.00 122.45 221.58
bottle 0.531397 87.97 209.36 128.31 224.00
bottle 0.531393 40.46 77.69 80.35 167.11
bird 0.531264 194.45 78.73 214.09 128.21
bottle 0.531206 106.26 112.44 150.73 182.24
chair 0.531156 2.62 45.29 131.31 206.36
bottle 0.531114 17.45 106.19 33.43 168.49
tvmonitor 0.531091 69.50 109.29 136.39 189.37
pottedplant 0.531051 5.13 13.17 57.97 108.86
bottle 0.530959 47.39 163.80 101.66 217.61
sheep 0.530906 112.51 104.34 152.11 172.55
dog 0.530807 177.93 174.14 224.00 224.00
person 0.530718 6.54 42.62 164.68 203.35
bottle 0.530539 23.67 136.88 51.36 204.17
bottle 0.530464 6.47 24.19 31.65 98.26
cat 0.530464 35.70 0.00 91.97 33.71
bottle 0.530443 0.00 169.23 55.57 224.00
bottle 0.530414 32.34 24.43 103.43 96.32
bottle 0.530305 12.98 154.03 26.74 211.75
bottle 0.530303 40.38 56.28 84.01 137.59
bottle 0.530211 120.30 119.46 158.86 183.90
bottle 0.530152 104.60 210.74 143.33 224.00
sheep 0.530138 192.96 75.45 214.03 125.00
person 0.530091 0.00 0.00 18.97 24.68
bottle 0.530009 18.03 123.30 38.87 196.16
pottedplant 0.530009 2.51 11.83 45.72 73.26
bottle 0.529903 25.55 211.87 72.87 224.00
bottle 0.529837 14.25 211.38 53.01 224.00
bottle 0.529771 19.11 140.36 42.74 205.15
tvmonitor 0.529655 78.97 58.91 110.94 110.22
bottle 0.529654 42.03 133.77 95.48 202.22
bottle 0.529474 206.24 83.99 224.00 187.99
aeroplane 0.529429 172.08 86.91 193.47 114.91
dog 0.529402 208.69 205.90 224.00 224.00
bottle 0.529352 0.00 186.40 13.77 224.00
bottle 0.529328 35.52 47.52 69.83 101.33
bottle 0.529247 153.21 204.37 198.37 224.00
bottle 0.529123 0.00 31.01 10.70 99.83
aeroplane 0.529026 131.62 33.30 177.34 107.83
bottle 0.528876 28.32 47.16 55.15 104.41
person 0.528864 0.00 0.00 95.62 166.53
sheep 0.528823 218.28 33.41 224.00 88.06
bottle 0.528799 65.88 190.43 116.06 224.00
cat 0.528796 110.33 0.00 138.82 22.79
bottle 0.528477 16.73 40.50 43.73 104.76
bottle 0.528465 121.16 176.36 168.08 216.58
bottle 0.528295 33.16 154.24 73.10 210.70
bottle 0.528271 1.32 121.90 12.00 202.14
dog 0.528173 209.55 0.00 224.00 19.84
cat 0.528113 202.66 106.49 224.00 203.55
pottedplant 0.528030 76.55 69.15 117.52 118.06
bottle 0.527964 169.79 206.64 210.31 224.00
sheep 0.527924 188.61 208.81 220.82 224.00
cat 0.527908 48.13 31.74 105.93 90.61
aeroplane 0.527864 125.11 83.92 157.26 135.24
bottle 0.527770 130.79 122.10 164.52 178.88
bottle 0.527656 49.07 36.21 121.09 153.18
bottle 0.527600 11.70 21.51 52.68 85.65
bottle 0.527573 89.10 136.37 151.36 202.90
bottle 0.527156 87.25 155.83 195.65 224.00
dog 0.527146 218.54 133.58 224.00 189.14
sheep 0.527067 158.59 182.34 194.67 219.96
pottedplant 0.526981 25.41 44.80 83.16 166.00
bottle 0.526833 10.31 106.92 24.06 181.00
bottle 0.526638 121.39 209.30 165.82 224.00
pottedplant 0.526622 0.00 17.41 114.64 199.67
aeroplane 0.526535 113.66 77.41 156.99 120.47
pottedplant 0.526519 1.68 1.96 26.55 54.12
bottle 0.526431 10.84 121.56 25.17 200.16
bottle 0.525974 77.10 61.73 114.39 107.76
sheep 0.525883 220.00 23.82 224.00 76.84
bottle 0.525882 0.00 56.68 20.31 122.73
cat 0.525849 167.08 29.37 192.77 100.01
bottle 0.525842 14.15 172.02 95.02 224.00
bottle 0.525634 48.52 186.94 93.48 224.00
bottle 0.525498 112.34 168.74 210.55 224.00
cat 0.525491 196.52 128.92 224.00 222.90
pottedplant 0.525452 0.00 0.00 16.97 40.39
aeroplane 0.525368 163.69 51.73 189.77 112.94
pottedplant 0.525345 50.64 0.00 120.52 39.71
bottle 0.525326 129.48 185.17 170.65 218.79
bottle 0.525304 10.12 52.76 30.95 118.53
sheep 0.525278 190.25 43.74 212.78 98.72
bottle 0.525247 27.96 160.86 123.91 224.00
pottedplant 0.525244 0.00 0.00 25.51 20.45
bottle 0.525096 110.73 141.83 160.26 201.88
sheep 0.524967 196.96 80.23 214.38 137.67
pottedplant 0.524949 25.37 0.00 67.81 22.80
aeroplane 0.524935 142.02 47.05 178.97 113.22
bottle 0.524897 32.83 24.65 80.70 81.36
bottle 0.524893 20.28 54.44 42.24 114.98
sheep 0.524873 113.57 83.23 155.13 131.37
bird 0.524808 127.88 28.69 155.03 88.59
bottle 0.524686 0.00 57.73 9.64 121.69
aeroplane 0.524660 172.43 75.70 198.43 116.06
bird 0.524652 102.18 0.00 173.15 36.79
bottle 0.524642 49.09 63.98 114.31 137.59
bottle 0.524576 49.06 9.00 110.15 101.77
bottle 0.524498 1.91 191.39 21.82 224.00
sheep 0.524464 197.79 122.78 215.29 167.98
sheep 0.524451 209.89 84.74 220.98 152.87
bird 0.524435 130.77 30.68 176.33 107.33
sheep 0.524285 198.87 207.65 224.00 224.00
bottle 0.524092 133.62 205.89 183.68 224.00
dog 0.523989 219.86 152.31 224.00 201.81
bird 0.523953 84.07 0.00 155.07 35.08
aeroplane 0.523909 173.97 85.78 202.75 119.98
bottle 0.523790 165.42 148.36 189.29 180.76
sheep 0.523543 177.46 42.65 203.00 97.16
bottle 0.523538 27.74 68.22 50.96 141.75
sheep 0.523533 80.93 77.90 137.69 124.42
bottle 0.523504 3.80 168.14 16.55 216.13
bottle 0.523396 0.00 78.21 13.24 139.51
pottedplant 0.523330 24.57 30.81 72.75 128.07
sheep 0.523312 196.22 135.80 215.43 180.22
cat 0.523261 145.58 174.90 224.00 224.00
aeroplane 0.523238 176.65 45.05 202.81 100.32
bottle 0.523153 26.62 155.05 57.18 208.97
bottle 0.523125 118.63 0.00 190.07 37.75
cat 0.523086 57.13 0.00 103.65 26.28
sheep 0.522969 169.62 20.23 191.59 82.17
cat 0.522935 114.68 6.78 132.44 25.23
bottle 0.522852 172.95 0.00 224.00 51.75
cat 0.522771 152.43 27.42 185.42 101.67
bottle 0.522761 187.59 39.68 224.00 159.38
chair 0.522701 77.70 94.05 137.09 164.17
cat 0.522469 184.60 154.87 224.00 224.00
sheep 0.522365 200.15 100.30 216.55 154.25
dog 0.522325 219.18 185.34 224.00 223.16
sheep 0.522304 208.83 119.69 222.92 170.53
pottedplant 0.522302 14.99 0.00 55.88 18.74
bottle 0.522238 154.86 177.57 193.05 213.75
sheep 0.522098 209.34 43.22 224.00 101.70
pottedplant 0.522068 5.37 0.00 36.31 18.17
cat 0.522047 81.43 0.00 116.20 23.47
cat 0.522010 99.67 0.00 128.15 23.28
cat 0.522008 174.35 33.87 197.52 97.22
aeroplane 0.521991 169.57 97.12 191.65 123.38
sheep 0.521907 168.61 140.25 192.84 176.23
cat 0.521867 127.91 0.00 161.70 19.34
cat 0.521738 127.50 27.70 164.94 97.16
sheep 0.521554 166.61 127.88 187.94 170.60
bottle 0.521545 149.11 0.00 215.06 44.70
pottedplant 0.521506 35.23 35.22 87.14 134.45
aeroplane 0.521486 125.82 93.11 161.39 148.35
sheep 0.521417 210.81 50.81 222.90 117.64
dog 0.521408 220.00 173.87 224.00 214.73
bird 0.521246 173.15 51.28 203.75 112.73
bottle 0.521204 4.23 126.87 52.44 222.42
bottle 0.520923 164.54 126.28 184.49 168.94
cat 0.520880 129.70 21.64 157.14 78.74
sheep 0.520750 171.95 136.21 202.58 176.13
bird 0.520710 172.99 88.97 201.76 121.70
sheep 0.520708 213.55 198.19 224.00 224.00
sheep 0.520663 177.03 24.49 196.68 81.81
sheep 0.520654 166.06 115.35 187.90 157.92
bird 0.520541 124.39 33.27 149.41 77.79
bottle 0.520394 103.69 156.27 162.47 211.41
bottle 0.520210 141.79 183.32 186.29 216.21
sheep 0.520202 180.26 0.00 210.20 15.42
bottle 0.520115 173.80 0.00 202.68 16.07
bottle 0.519933 125.10 145.97 165.48 197.70
bottle 0.519899 171.34 13.71 189.35 66.46
sheep 0.519866 208.80 133.58 224.00 184.51
cat 0.519849 117.74 0.00 153.19 20.61
sheep 0.519848 220.00 6.17 224.00 47.60
sheep 0.519836 77.64 84.47 136.09 147.99
cat 0.519804 62.53 36.71 105.72 78.38
pottedplant 0.519720 6.74 4.29 40.70 50.99
bird 0.519663 167.44 142.76 192.93 179.06
bottle 0.519658 99.43 122.04 200.85 188.53
aeroplane 0.519621 148.32 65.67 180.24 114.35
pottedplant 0.519595 16.91 7.40 71.33 48.42
bottle 0.519566 9.66 79.72 30.49 138.01
cat 0.519524 154.17 19.89 183.35 82.25
sheep 0.519475 199.31 0.00 224.00 17.14
sheep 0.519257 217.94 0.00 224.00 25.58
aeroplane 0.519255 167.50 104.53 189.61 138.12
bottle 0.519233 177.79 15.93 195.08 65.62
bird 0.519162 80.75 48.75 202.29 184.58
sheep 0.519157 179.86 5.58 194.70 34.09
pottedplant 0.519099 13.04 0.00 71.49 81.96
bottle 0.519033 34.00 57.53 56.72 122.37
bottle 0.519028 178.32 38.48 204.89 94.69
bottle 0.519026 12.40 172.93 27.36 218.89
bottle 0.518954 16.58 75.44 38.81 134.65
bottle 0.518933 137.55 128.29 173.17 174.02
bottle 0.518884 155.49 135.68 181.14 172.93
aeroplane 0.518859 167.87 71.88 192.01 114.48
sheep 0.518852 95.18 67.68 146.71 116.70
cat 0.518678 40.04 8.60 102.57 67.35
sheep 0.518571 194.89 188.80 212.75 216.24
bottle 0.518537 167.60 0.00 195.06 16.37
bottle 0.518506 20.34 162.84 42.17 210.79
bird 0.518348 117.15 41.83 145.92 79.59
sheep 0.518345 177.90 122.79 205.28 165.65
bottle 0.518342 159.90 163.60 192.54 210.13
bird 0.518326 119.02 36.71 139.19 68.81
bottle 0.518292 150.66 192.35 190.54 224.00
bottle 0.518282 118.48 186.47 162.56 220.45
cat 0.518238 135.39 6.34 154.06 28.05
bottle 0.518158 10.51 197.63 35.38 224.00
person 0.518021 18.10 0.00 140.01 191.64
bottle 0.517850 122.42 197.84 163.16 224.00
bottle 0.517837 145.43 120.07 178.77 168.56
bottle 0.517830 163.71 153.02 190.59 193.95
sheep 0.517800 180.92 29.08 204.53 81.37
bird 0.517757 111.79 47.52 150.70 91.72
sheep 0.517698 181.94 18.72 202.99 64.72
bird 0.517534 137.48 21.22 208.99 130.27
bird 0.517409 104.49 56.72 150.39 106.17
cat 0.517280 123.88 26.13 144.53 65.81
cat 0.517250 139.37 7.25 159.74 28.19
sheep 0.517193 183.73 6.33 201.61 34.23
sheep 0.517164 168.55 185.07 202.84 216.80
sheep 0.517155 141.47 111.20 176.48 164.74
bottle 0.517065 173.40 11.89 187.38 49.29
cat 0.517041 139.83 21.75 171.06 80.14
sheep 0.516989 203.86 36.91 223.57 89.14
cat 0.516940 118.49 29.10 136.28 59.03
sheep 0.516896 189.52 29.92 214.20 79.29
bottle 0.516892 179.17 13.15 193.51 48.87
sheep 0.516875 193.34 152.61 211.67 191.63
aeroplane 0.516844 153.91 90.03 181.34 123.68
chair 0.516832 56.88 8.11 184.63 196.31
bottle 0.516820 154.36 0.00 184.76 16.11
aeroplane 0.516769 152.95 80.14 181.38 115.73
bottle 0.516751 19.10 178.06 44.32 221.95
bottle 0.516746 141.26 0.00 174.63 17.48
bottle 0.516736 174.36 5.04 187.95 32.78
cat 0.516705 116.77 11.97 133.96 34.05
sheep 0.516697 192.03 199.91 217.03 224.00
cat 0.516661 132.84 15.59 155.13 61.78
bottle 0.516546 171.80 14.47 224.00 125.96
bottle 0.516408 155.07 14.23 180.31 65.55
sheep 0.516393 191.19 18.84 212.62 61.90
bottle 0.516369 30.65 181.70 74.53 224.00
bottle 0.516355 177.08 86.35 224.00 181.72
bottle 0.516318 44.76 0.00 113.11 54.57
cat 0.516242 105.99 39.16 124.91 64.79
sheep 0.516235 177.19 108.55 205.07 153.62
bottle 0.516097 166.93 109.92 224.00 190.88
bird 0.516004 114.15 27.51 196.12 140.48
sheep 0.515939 169.48 195.74 206.10 224.00
sheep 0.515862 194.64 179.52 211.16 207.78
sheep 0.515757 209.08 152.23 224.00 195.19
sheep 0.515666 165.36 144.00 200.63 185.39
sheep 0.515603 177.34 0.00 199.66 20.88
cat 0.515544 106.71 30.76 124.88 55.67
bottle 0.515529 98.94 72.63 210.41 177.93
bottle 0.515512 16.04 203.31 51.14 224.00
sheep 0.515511 205.76 27.23 223.83 76.47
cat 0.515489 124.72 6.37 145.77 25.26
sheep 0.515472 172.65 0.00 224.00 91.54
bottle 0.515461 143.17 0.00 211.07 88.82
cat 0.515397 50.06 0.13 100.85 53.24
cat 0.515373 136.81 12.69 153.91 39.84
aeroplane 0.515305 150.58 96.72 179.86 135.30
sheep 0.515188 174.28 96.82 203.53 138.78
sheep 0.515171 183.27 14.87 200.55 47.59
bottle 0.515168 106.95 0.00 178.76 69.92
sheep 0.515140 208.21 187.91 222.71 218.06
cat 0.515059 127.42 15.73 149.58 59.07
sheep 0.514999 191.99 3.44 209.17 32.10
pottedplant 0.514987 4.75 0.00 36.47 36.24
pottedplant 0.514981 15.58 0.00 64.99 34.31
bottle 0.514970 35.43 204.69 89.01 224.00
bottle 0.514939 156.24 130.59 224.00 205.55
cat 0.514841 140.77 14.17 159.03 40.73
aeroplane 0.514797 144.50 102.94 177.21 150.98
cat 0.514725 117.56 19.07 135.54 47.13
bottle 0.514583 86.53 61.80 122.53 105.21
bird 0.514544 169.66 102.52 194.23 137.41
sheep 0.514408 203.99 200.96 223.90 224.00
sheep 0.514402 165.58 176.71 200.21 211.62
sheep 0.514233 193.76 165.64 210.46 201.05
bottle 0.514148 158.20 149.01 184.64 181.46
sheep 0.514106 192.93 13.18 210.10 43.85
cat 0.513986 143.33 16.06 168.38 62.33
bottle 0.513964 137.58 148.47 174.95 188.96
cat 0.513893 121.31 12.30 138.97 36.55
bottle 0.513879 155.69 12.39 176.97 47.10
bottle 0.513803 129.93 158.43 176.43 202.39
cat 0.513761 122.48 17.30 142.06 53.14
bird 0.513666 88.44 19.37 168.49 125.25
cat 0.513619 110.32 11.38 127.37 33.31
bottle 0.513561 99.27 189.92 144.18 221.76
cat 0.513492 103.26 6.32 123.56 26.79
sheep 0.513442 208.92 15.87 223.43 59.22
bottle 0.513436 132.42 193.08 179.92 224.00
bottle 0.513345 91.51 168.52 146.77 214.32
cat 0.513335 128.20 11.97 146.92 37.93
bottle 0.513291 21.08 120.68 104.47 220.33
bird 0.513131 101.49 44.82 125.47 76.79
bottle 0.513120 143.40 168.20 190.42 210.64
bottle 0.513029 155.42 5.82 176.33 30.41
cat 0.512963 108.13 19.57 126.30 44.80
sheep 0.512958 157.52 160.62 194.25 207.46
sheep 0.512884 209.62 164.44 224.00 203.47
cat 0.512880 77.96 38.89 108.50 69.60
sheep 0.512856 188.09 0.00 211.47 20.62
sheep 0.512838 209.32 177.23 223.62 208.85
cat 0.512795 65.48 17.19 106.48 58.21
bottle 0.512695 94.14 51.93 124.42 91.06
bottle 0.512456 84.08 0.00 157.94 60.55
cat 0.512393 79.40 2.22 109.83 32.76
bottle 0.512371 143.03 7.16 165.39 27.89
bottle 0.512094 144.76 13.79 165.74 42.47
cat 0.511899 82.57 31.59 109.94 59.74
bottle 0.511752 151.26 157.08 188.41 195.96
cat 0.511620 73.53 6.87 107.83 45.59
sheep 0.511338 211.34 9.35 221.81 41.64
sheep 0.511138 205.37 0.00 221.64 21.91
sheep 0.510626 210.72 0.00 220.91 31.37
cat 0.510257 98.54 10.82 118.75 36.80
cat 0.509916 90.05 20.35 113.83 49.57
