bus 0.627390 6.36 21.98 218.69 175.64
pottedplant 0.596223 171.54 107.12 213.82 182.92
car 0.587338 8.87 67.68 218.52 224.00
train 0.583856 0.05 29.50 211.98 193.51
boat 0.556680 10.33 8.75 213.64 181.75
tvmonitor 0.553986 30.09 0.00 214.03 158.47
train 0.552330 216.14 54.80 224.00 94.96
bus 0.550588 31.40 54.32 184.51 184.80
person 0.550369 164.17 107.98 206.12 180.38
boat 0.548667 63.37 90.01 224.00 213.35
train 0.548139 37.81 76.63 210.24 219.69
pottedplant 0.544140 197.73 113.52 224.00 181.45
person 0.542976 10.53 78.92 27.78 99.47
person 0.542916 9.84 75.00 27.12 94.53
boat 0.542755 102.95 117.02 210.92 207.05
dog 0.542521 162.92 110.60 199.80 179.71
car 0.541858 201.22 110.44 224.00 178.21
pottedplant 0.541765 139.83 113.83 209.49 194.06
train 0.541631 216.95 62.53 224.00 113.94
car 0.541438 31.82 121.18 194.42 224.00
bus 0.539604 34.33 0.00 211.35 127.94
sheep 0.539432 169.49 112.43 205.68 182.97
car 0.538358 5.79 74.38 20.93 97.87
person 0.538303 0.00 97.26 27.03 211.69
aeroplane 0.538022 110.21 0.00 158.76 50.43
person 0.537945 5.46 71.22 20.52 92.96
dog 0.537850 0.00 21.60 13.40 56.75
pottedplant 0.537300 181.61 109.29 224.00 183.07
cow 0.537009 103.32 201.84 158.43 224.00
pottedplant 0.536830 0.00 119.32 11.22 159.56
person 0.536689 15.27 76.37 33.04 95.92
bird 0.536303 54.69 0.00 202.89 168.15
tvmonitor 0.536103 0.00 122.75 11.25 165.24
person 0.535896 15.17 80.72 33.28 101.72
car 0.535804 2.95 59.75 19.23 83.85
car 0.535548 0.00 72.58 16.16 100.37
car 0.535325 102.56 203.78 152.01 224.00
pottedplant 0.535296 159.42 118.60 209.40 181.03
person 0.535253 0.00 179.74 41.35 224.00
boat 0.535205 148.81 142.34 189.42 197.19
car 0.535053 9.56 68.99 26.58 88.84
tvmonitor 0.534977 55.64 0.00 198.51 105.58
car 0.534884 0.00 90.52 59.67 211.36
car 0.534808 0.00 29.41 13.31 64.64
chair 0.534735 194.10 0.00 224.00 58.70
dog 0.534635 109.53 5.69 158.47 72.30
dog 0.534582 217.03 72.34 224.00 123.16
sheep 0.534077 105.83 161.35 139.50 218.31
boat 0.533997 111.61 165.88 147.62 223.40
car 0.533718 8.88 61.02 26.92 82.22
car 0.533700 211.11 103.30 224.00 160.68
car 0.533673 4.44 66.92 19.10 89.68
sheep 0.533587 57.60 153.97 92.35 224.00
dog 0.533444 0.00 183.24 60.40 224.00
pottedplant 0.533423 144.12 206.92 180.71 224.00
boat 0.533356 132.69 206.01 174.79 224.00
car 0.533170 151.11 135.22 195.18 190.91
car 0.533154 39.91 210.36 83.12 224.00
dog 0.533121 51.91 160.63 94.56 224.00
dog 0.532437 112.08 23.43 152.08 84.23
dog 0.532322 0.00 210.70 38.69 224.00
car 0.532222 1.60 51.78 19.55 78.13
car 0.532120 16.06 69.54 33.03 88.83
sheep 0.532031 98.35 159.73 127.76 217.17
sheep 0.531976 88.08 161.01 114.09 223.68
car 0.531865 0.17 62.86 16.98 89.51
dog 0.531698 157.57 110.36 187.48 171.46
car 0.531472 214.87 96.66 224.00 147.63
pottedplant 0.531348 160.43 208.74 195.38 224.00
person 0.531201 101.57 121.24 115.26 153.73
pottedplant 0.531122 208.55 27.51 224.00 142.06
person 0.530965 125.34 91.09 210.29 187.45
dog 0.530955 14.53 179.76 83.19 224.00
person 0.530949 0.00 112.85 11.70 152.40
tvmonitor 0.530879 0.00 144.00 12.99 196.30
car 0.530854 19.75 79.03 124.93 186.68
dog 0.530667 0.00 206.21 26.05 224.00
dog 0.530665 0.00 8.45 11.53 42.27
dog 0.530592 216.39 85.29 224.00 135.31
tvmonitor 0.530421 0.00 145.39 21.64 194.40
pottedplant 0.530412 0.00 123.31 19.29 155.57
car 0.530404 28.52 211.17 65.78 224.00
car 0.530392 35.57 70.18 49.96 87.95
person 0.530329 36.09 76.17 49.40 93.17
car 0.530223 0.00 0.00 17.99 27.97
person 0.530093 98.52 45.57 209.14 179.67
dog 0.530027 50.71 211.33 96.28 224.00
car 0.529999 0.00 39.60 14.74 72.64
sheep 0.529917 209.48 207.21 224.00 224.00
train 0.529658 0.00 32.06 18.49 62.87
pottedplant 0.529623 201.78 43.78 224.00 160.43
sheep 0.529553 0.00 24.32 18.35 53.98
chair 0.529532 207.49 0.00 224.00 107.57
sheep 0.529488 169.75 210.69 203.67 224.00
car 0.529460 42.66 151.47 154.22 224.00
person 0.529459 96.49 121.47 110.43 154.77
car 0.529375 44.15 74.77 176.15 204.46
boat 0.529278 153.84 135.55 205.06 189.62
person 0.529215 154.63 124.45 198.67 184.68
train 0.529105 210.97 55.63 222.29 92.04
tvmonitor 0.528987 0.00 126.92 18.47 162.13
person 0.528952 64.13 122.51 76.02 148.63
sheep 0.528914 113.87 156.77 146.80 220.67
person 0.528860 0.00 76.61 15.90 105.61
person 0.528695 0.00 96.96 57.35 222.97
aeroplane 0.528399 215.26 43.79 224.00 85.74
dog 0.528391 0.00 0.00 13.45 34.40
dog 0.528337 210.03 0.00 224.00 21.06
dog 0.528166 114.30 36.27 145.00 91.23
pottedplant 0.528076 205.49 135.46 224.00 185.71
dog 0.527830 66.00 210.88 109.01 224.00
boat 0.527783 146.14 153.02 178.40 204.07
boat 0.527767 115.95 159.17 157.09 218.06
person 0.527743 14.58 85.67 33.04 107.28
sheep 0.527739 179.88 212.49 211.99 224.00
pottedplant 0.527719 164.16 136.21 209.44 188.68
person 0.527610 20.18 122.21 79.43 224.00
dog 0.527539 82.10 210.84 116.72 224.00
pottedplant 0.527409 191.31 69.52 224.00 172.24
person 0.527343 22.06 76.84 39.37 95.77
car 0.527218 0.00 0.00 44.09 46.78
car 0.527215 19.20 211.90 56.41 224.00
person 0.527057 34.04 168.24 120.33 224.00
bird 0.527055 113.65 57.42 206.72 178.13
car 0.526979 20.68 94.26 91.16 215.96
car 0.526949 21.98 70.07 39.56 89.33
boat 0.526926 101.63 190.74 157.16 224.00
car 0.526806 91.83 209.42 131.47 224.00
person 0.526798 6.01 77.71 21.51 101.68
sheep 0.526745 86.11 147.38 112.57 210.29
person 0.526573 48.17 101.55 171.66 217.48
sheep 0.526568 189.52 212.11 219.77 224.00
pottedplant 0.526563 62.43 0.00 195.33 115.86
dog 0.526544 114.63 65.21 134.68 108.80
dog 0.526451 154.72 53.44 179.02 83.35
dog 0.526421 114.89 77.30 132.33 116.18
sheep 0.526391 100.82 169.38 134.35 224.00
boat 0.526384 23.11 49.62 224.00 214.26
car 0.526289 7.06 53.14 26.68 76.78
sheep 0.526235 76.63 5.92 202.83 161.22
car 0.526209 15.49 61.38 32.72 81.72
dog 0.526198 62.34 151.09 83.78 222.30
person 0.526145 114.41 108.15 129.24 149.46
person 0.526141 106.87 111.12 119.90 149.51
dog 0.526040 151.98 69.12 179.03 106.51
person 0.525910 89.83 120.48 104.12 153.65
dog 0.525844 9.60 212.57 48.62 224.00
sheep 0.525812 68.39 152.76 102.64 224.00
aeroplane 0.525686 112.37 0.00 149.55 18.57
aeroplane 0.525676 0.00 189.91 26.60 224.00
dog 0.525641 73.17 8.22 92.92 34.43
person 0.525526 69.97 122.99 80.64 153.00
dog 0.525506 115.08 50.44 137.39 98.23
sheep 0.525482 198.93 210.91 224.00 224.00
dog 0.525280 0.00 176.12 23.45 216.17
dog 0.525190 157.80 103.31 181.44 156.65
aeroplane 0.525128 217.57 32.20 224.00 80.82
boat 0.525039 141.03 175.66 171.33 224.00
person 0.525003 55.81 123.28 67.58 146.54
person 0.524961 0.00 168.11 58.12 224.00
person 0.524900 15.44 164.73 79.94 224.00
dog 0.524843 163.36 103.15 189.09 161.41
pottedplant 0.524767 148.31 143.26 224.00 224.00
boat 0.524679 133.79 155.75 175.79 208.70
person 0.524612 0.00 115.47 20.14 146.93
person 0.524519 102.59 106.82 114.57 149.32
car 0.524430 1.44 43.89 102.46 149.64
dog 0.524321 153.36 58.00 179.79 93.09
dog 0.524317 118.08 74.17 139.38 115.55
person 0.524145 38.62 122.24 54.59 145.12
sheep 0.524144 70.02 90.99 87.65 115.87
dog 0.524077 154.00 82.17 177.43 117.37
dog 0.524050 159.66 88.41 183.63 129.66
car 0.523981 34.80 63.91 50.58 83.71
car 0.523926 2.41 0.00 70.29 44.56
aeroplane 0.523911 69.54 0.00 98.67 18.27
car 0.523854 0.00 78.09 80.90 187.25
pottedplant 0.523848 88.11 0.00 194.49 81.37
person 0.523841 0.00 75.37 40.39 184.64
sheep 0.523749 69.58 84.38 86.78 107.28
dog 0.523724 113.75 0.00 169.66 47.54
sheep 0.523681 121.11 148.17 156.97 210.29
person 0.523672 9.70 88.85 27.82 111.14
person 0.523646 10.47 97.74 28.53 120.50
dog 0.523630 156.11 89.53 177.21 127.37
car 0.523614 32.78 27.48 52.01 48.10
person 0.523588 37.18 80.68 49.81 99.07
dog 0.523559 209.48 53.00 221.73 87.71
sheep 0.523521 0.00 12.12 15.44 39.31
dog 0.523490 159.56 50.47 181.96 76.24
dog 0.523419 162.23 94.81 185.69 144.63
person 0.523411 109.04 96.23 121.15 139.79
person 0.523384 45.06 123.66 58.55 145.32
boat 0.523238 46.51 0.00 167.94 78.51
dog 0.523198 157.93 95.65 178.45 140.88
person 0.523198 0.00 82.81 15.25 113.90
dog 0.523150 44.04 153.00 66.12 216.40
person 0.523119 40.79 77.46 53.49 91.92
person 0.523090 79.85 120.78 91.76 153.64
person 0.523082 21.83 80.89 39.44 101.70
dog 0.523003 43.64 182.85 89.52 224.00
person 0.522968 13.61 93.26 32.94 113.99
dog 0.522968 0.00 151.84 27.76 191.72
aeroplane 0.522946 106.42 0.00 152.96 31.99
person 0.522919 104.02 99.82 116.41 138.83
dog 0.522876 115.83 83.81 130.57 124.38
dog 0.522870 0.00 164.84 21.99 207.82
dog 0.522863 212.00 57.17 223.18 95.93
person 0.522840 36.52 117.12 54.68 139.56
chair 0.522728 154.57 0.00 224.00 57.16
boat 0.522596 62.60 0.00 91.54 20.31
sheep 0.522565 40.77 124.43 54.27 150.08
pottedplant 0.522472 117.03 120.76 218.83 213.56
person 0.522455 39.82 114.90 125.31 222.18
sheep 0.522454 121.55 99.42 138.11 147.28
aeroplane 0.522363 28.29 5.26 55.61 34.74
sheep 0.522306 168.98 136.24 209.81 187.80
dog 0.522290 145.02 51.20 175.61 83.95
aeroplane 0.522248 99.30 0.00 136.45 16.61
dog 0.522237 0.00 184.62 14.00 224.00
person 0.522230 114.22 92.33 128.59 142.03
dog 0.522215 219.79 19.48 224.00 69.49
aeroplane 0.522169 21.96 7.25 48.14 34.02
dog 0.522152 120.33 81.67 138.27 124.07
aeroplane 0.522140 132.37 0.00 171.01 19.85
aeroplane 0.522074 49.12 164.83 83.94 224.00
tvmonitor 0.522068 0.00 162.41 11.61 210.47
boat 0.522006 133.70 194.42 172.65 224.00
sheep 0.521985 125.21 117.94 138.41 151.16
person 0.521982 68.60 116.68 83.72 152.82
dog 0.521972 180.40 106.81 203.12 158.64
car 0.521948 32.98 36.25 51.02 58.21
dog 0.521928 109.41 81.11 126.22 115.55
person 0.521888 0.00 92.48 13.69 127.05
dog 0.521775 0.00 172.47 12.20 218.54
sheep 0.521746 70.43 99.41 87.51 126.06
aeroplane 0.521703 121.98 0.00 162.81 21.72
sheep 0.521698 5.79 127.23 26.40 153.96
aeroplane 0.521682 1.04 180.05 31.09 215.88
car 0.521671 39.93 71.26 53.26 86.23
dog 0.521639 109.86 69.09 129.20 107.47
sheep 0.521635 209.28 145.88 224.00 191.56
dog 0.521631 55.40 151.75 75.12 219.30
boat 0.521626 30.62 5.42 178.48 132.41
person 0.521619 110.35 90.96 123.10 131.14
sheep 0.521576 152.20 130.82 190.56 189.02
dog 0.521564 77.79 7.65 97.79 33.93
car 0.521467 23.45 21.41 44.67 41.77
car 0.521383 31.67 19.74 53.31 40.85
sheep 0.521360 5.13 132.72 25.97 161.33
person 0.521319 98.63 108.71 110.43 151.61
dog 0.521247 165.93 52.60 188.82 76.35
sheep 0.521233 76.54 91.72 92.89 115.48
dog 0.521192 220.00 0.00 224.00 40.30
car 0.521188 22.82 28.77 43.42 50.08
car 0.521174 22.28 62.90 40.29 83.61
aeroplane 0.521119 147.47 0.00 178.91 18.69
aeroplane 0.521013 91.43 0.00 122.74 14.77
dog 0.520944 173.40 105.44 198.14 160.95
person 0.520882 103.57 89.48 119.81 124.93
person 0.520838 66.49 125.54 74.72 154.44
sheep 0.520787 69.97 76.04 86.44 97.83
boat 0.520761 56.06 0.00 84.32 19.51
sheep 0.520759 119.20 143.61 145.39 196.27
dog 0.520758 167.64 89.05 191.69 127.58
sheep 0.520750 138.19 0.00 219.38 119.46
dog 0.520749 200.62 0.00 224.00 18.95
dog 0.520749 93.39 51.12 110.47 73.20
dog 0.520745 220.00 9.74 224.00 53.01
sheep 0.520718 127.25 141.60 157.56 196.86
sheep 0.520659 8.64 107.78 26.99 133.40
dog 0.520623 120.41 91.32 137.09 142.05
sheep 0.520620 88.81 122.32 103.77 156.61
dog 0.520610 35.69 154.12 57.74 210.32
dog 0.520606 216.50 0.00 224.00 28.37
dog 0.520592 182.48 89.89 200.29 122.80
person 0.520515 98.07 96.18 113.62 130.01
car 0.520471 0.00 41.25 59.36 144.81
sheep 0.520469 113.53 142.61 138.63 192.89
aeroplane 0.520427 27.04 0.00 61.08 15.59
dog 0.520389 190.60 0.00 218.43 17.50
dog 0.520386 179.82 54.16 202.75 76.42
aeroplane 0.520338 41.13 169.50 72.01 224.00
sheep 0.520335 166.38 0.00 193.92 18.59
dog 0.520333 135.07 113.08 152.35 149.02
dog 0.520328 3.97 34.94 25.89 62.18
sheep 0.520321 46.60 126.41 57.84 149.89
person 0.520309 62.98 112.83 75.56 135.89
sheep 0.520277 157.13 0.00 186.06 19.10
sheep 0.520246 128.34 19.68 215.04 155.06
person 0.520176 77.69 98.92 93.99 126.16
car 0.520131 5.52 44.54 26.30 70.73
car 0.520108 107.51 0.00 204.95 64.90
aeroplane 0.520039 76.57 0.00 105.65 17.04
boat 0.520038 119.78 174.34 166.92 224.00
person 0.520025 34.96 108.92 52.39 129.30
sheep 0.520021 76.04 85.34 91.48 106.59
dog 0.519996 102.10 47.17 121.56 76.13
pottedplant 0.519980 132.45 68.46 209.71 176.62
person 0.519969 69.44 109.40 85.57 139.01
person 0.519939 13.72 100.67 32.79 121.02
dog 0.519899 116.18 38.27 166.63 79.36
sheep 0.519898 135.56 120.80 151.52 152.03
dog 0.519863 201.80 56.81 219.05 87.29
sheep 0.519810 183.05 0.00 210.88 17.99
person 0.519790 98.60 101.98 111.49 138.81
sheep 0.519759 175.07 0.00 202.72 18.08
dog 0.519748 102.81 82.94 120.43 116.56
dog 0.519728 132.23 36.07 174.25 75.28
boat 0.519707 15.06 0.00 93.22 79.13
sheep 0.519694 5.68 118.27 26.19 145.10
aeroplane 0.519660 14.33 0.00 46.08 17.08
aeroplane 0.519648 31.31 174.32 58.80 224.00
person 0.519576 2.48 105.49 21.16 136.37
dog 0.519575 180.00 81.58 199.63 112.72
aeroplane 0.519568 97.40 2.90 124.30 31.22
sheep 0.519544 108.07 177.93 148.08 224.00
dog 0.519543 182.93 98.06 201.24 139.46
dog 0.519516 76.11 15.91 91.48 38.21
dog 0.519465 161.81 80.77 190.51 116.66
dog 0.519438 87.93 92.02 104.49 117.80
sheep 0.519426 61.98 92.69 77.92 112.77
person 0.519407 41.73 83.30 53.83 98.34
aeroplane 0.519403 83.45 6.27 105.27 32.98
dog 0.519365 152.50 90.60 172.61 123.36
boat 0.519326 0.00 0.00 18.47 30.15
boat 0.519273 18.75 0.00 112.25 110.59
dog 0.519271 121.22 76.69 147.83 114.84
dog 0.519229 95.74 55.97 109.30 77.84
boat 0.519225 27.01 0.00 104.83 47.53
dog 0.519194 96.87 84.45 115.14 115.08
dog 0.519188 103.26 71.73 120.18 107.80
dog 0.519162 171.60 97.01 194.50 143.80
sheep 0.519125 155.58 118.98 190.26 169.86
aeroplane 0.519096 40.02 186.12 82.78 224.00
boat 0.519086 147.83 199.70 184.42 224.00
dog 0.519067 193.20 57.51 214.16 84.01
dog 0.519065 123.27 24.95 171.72 72.24
boat 0.519065 154.02 160.93 190.99 209.45
sheep 0.519064 107.10 122.74 120.33 154.17
sheep 0.519051 60.86 85.67 76.74 104.26
dog 0.518991 125.98 85.06 149.29 122.46
person 0.518987 35.94 86.86 50.54 107.82
dog 0.518926 151.28 41.32 178.96 73.74
dog 0.518920 147.70 115.35 171.55 154.26
boat 0.518873 43.34 0.00 74.09 16.97
person 0.518860 25.80 121.07 42.52 143.51
person 0.518860 18.70 86.37 38.68 109.05
dog 0.518817 2.02 27.46 25.96 53.62
sheep 0.518812 142.83 136.93 180.30 194.00
dog 0.518750 142.13 0.42 175.51 38.92
boat 0.518748 31.18 0.00 136.63 59.72
dog 0.518679 191.28 87.22 206.91 119.69
car 0.518674 32.65 47.03 49.90 70.34
sheep 0.518662 214.03 203.31 224.00 224.00
dog 0.518601 212.00 64.01 224.00 110.31
car 0.518598 33.60 56.82 49.72 79.37
sheep 0.518585 184.43 107.03 206.98 158.03
sheep 0.518570 116.57 123.06 130.32 154.62
person 0.518556 6.34 82.76 22.42 108.06
boat 0.518534 40.67 27.18 57.86 46.42
person 0.518475 89.02 98.25 104.54 127.22
person 0.518408 20.17 112.60 40.54 135.33
sheep 0.518287 80.85 0.00 200.95 102.29
dog 0.518264 85.08 52.82 97.71 69.60
car 0.518237 0.00 0.00 55.23 102.44
dog 0.518188 159.74 6.49 180.38 34.39
dog 0.518128 154.85 103.68 175.76 149.17
sheep 0.518128 76.64 76.54 90.37 97.43
dog 0.518126 140.00 81.93 165.69 112.51
sheep 0.518099 214.19 159.48 224.00 199.09
sheep 0.518087 62.81 102.53 77.35 124.30
dog 0.518081 154.43 96.57 173.58 134.87
sheep 0.518080 27.33 125.68 42.68 149.85
dog 0.518079 131.16 96.53 150.44 140.27
sheep 0.518062 134.04 133.29 155.09 173.68
person 0.518045 34.49 97.68 50.83 118.26
person 0.518013 4.91 93.25 22.56 120.47
dog 0.518000 144.33 90.42 165.70 120.25
boat 0.517947 102.02 0.00 146.12 26.14
dog 0.517915 103.94 59.64 119.35 92.73
dog 0.517910 192.08 77.88 207.65 110.21
person 0.517910 77.12 114.03 94.42 156.17
sheep 0.517900 146.62 31.44 177.13 69.45
boat 0.517886 39.24 19.80 59.15 40.09
sheep 0.517862 105.68 139.83 128.77 187.81
sheep 0.517852 219.79 192.18 224.00 224.00
dog 0.517840 79.20 52.26 87.91 67.33
car 0.517824 40.87 36.29 56.78 55.18
dog 0.517822 157.36 68.07 189.75 106.04
person 0.517813 77.58 107.30 94.19 140.45
sheep 0.517807 184.64 110.98 212.11 172.93
dog 0.517800 116.18 13.94 169.73 64.24
sheep 0.517783 55.11 174.48 104.80 224.00
sheep 0.517765 98.69 136.12 119.46 184.13
car 0.517759 7.56 14.69 108.73 133.37
dog 0.517751 189.29 97.26 207.06 137.49
sheep 0.517742 65.67 133.92 84.74 189.28
sheep 0.517672 219.67 175.75 224.00 209.55
dog 0.517631 91.81 42.19 111.64 68.77
dog 0.517616 72.43 65.98 84.40 85.99
aeroplane 0.517578 75.31 0.00 100.80 24.41
car 0.517513 13.12 54.84 32.12 76.87
dog 0.517498 79.70 58.46 88.16 74.66
tvmonitor 0.517459 0.00 135.94 25.28 170.63
dog 0.517334 96.98 74.80 113.30 106.17
boat 0.517271 77.04 20.24 89.47 43.65
dog 0.517260 12.34 9.57 38.46 35.14
dog 0.517202 115.41 63.00 146.01 107.86
boat 0.517196 155.30 186.40 189.23 224.00
dog 0.517193 87.58 85.60 103.19 109.34
boat 0.517189 157.89 204.10 192.79 224.00
dog 0.517143 78.55 66.59 88.73 85.34
person 0.517113 14.21 109.11 32.40 132.17
aeroplane 0.517095 9.08 179.20 45.42 223.04
car 0.517046 21.48 37.68 42.11 61.56
dog 0.517037 111.12 45.80 140.36 80.93
dog 0.516951 178.97 70.28 200.41 103.03
dog 0.516924 147.19 95.74 165.75 130.31
dog 0.516918 200.98 70.80 214.64 107.44
sheep 0.516917 158.16 35.98 181.82 68.34
dog 0.516896 134.38 67.75 166.61 104.42
dog 0.516868 199.77 80.64 214.12 117.00
person 0.516853 89.57 104.99 103.87 139.66
sheep 0.516843 124.72 132.99 141.66 169.57
dog 0.516800 87.14 58.20 97.04 75.54
dog 0.516718 3.71 181.89 37.42 218.73
sheep 0.516717 166.88 147.49 202.91 194.53
dog 0.516654 100.86 26.83 124.64 65.65
dog 0.516635 72.63 15.46 85.81 37.60
dog 0.516634 97.31 63.44 110.66 90.54
dog 0.516628 142.85 21.10 175.86 59.16
sheep 0.516577 146.37 130.00 177.82 177.54
boat 0.516566 6.74 0.00 35.35 19.41
sheep 0.516537 157.72 26.36 181.14 56.85
sheep 0.516487 59.81 78.16 75.73 95.90
dog 0.516487 148.00 102.03 167.16 141.75
dog 0.516455 197.76 92.37 214.30 134.26
sheep 0.516439 147.18 125.31 174.62 163.46
dog 0.516438 202.31 63.18 216.86 100.35
dog 0.516409 10.90 23.37 34.58 45.65
dog 0.516383 158.21 57.76 188.08 91.73
dog 0.516377 7.73 169.61 42.70 212.01
person 0.516369 15.03 103.81 38.05 125.16
sheep 0.516359 14.67 127.33 33.87 151.35
person 0.516350 43.67 112.93 56.45 130.09
aeroplane 0.516347 20.07 0.00 53.56 23.17
dog 0.516322 78.03 43.01 87.85 59.89
sheep 0.516313 92.01 133.92 111.24 183.91
dog 0.516266 81.22 13.94 95.96 37.29
dog 0.516252 100.74 10.22 124.19 38.21
dog 0.516245 128.76 53.20 167.76 94.64
sheep 0.516230 100.71 125.75 114.43 160.91
sheep 0.516228 42.61 90.03 55.14 106.79
dog 0.516062 193.54 68.04 210.24 102.35
sheep 0.516042 100.54 196.04 148.44 224.00
dog 0.516032 170.67 8.64 188.54 32.09
dog 0.515950 180.39 60.80 201.62 90.31
car 0.515939 39.93 47.01 54.91 66.57
sheep 0.515906 192.43 103.65 213.66 154.66
dog 0.515895 74.13 57.28 81.75 74.15
dog 0.515886 10.04 30.15 33.74 53.63
dog 0.515826 100.45 14.57 124.64 51.28
sheep 0.515826 169.45 166.03 197.52 206.26
sheep 0.515782 197.14 194.63 215.13 220.74
sheep 0.515694 13.64 119.59 33.07 143.25
person 0.515660 53.53 114.70 64.44 131.86
sheep 0.515651 59.10 126.82 65.77 153.33
dog 0.515622 77.59 30.17 88.18 51.45
dog 0.515594 2.79 172.50 34.49 207.68
sheep 0.515545 96.69 125.29 109.92 161.01
aeroplane 0.515544 29.12 191.68 60.63 224.00
dog 0.515538 110.01 7.59 155.17 44.30
boat 0.515504 73.83 20.54 83.47 43.04
dog 0.515487 83.56 42.40 98.00 62.58
dog 0.515478 40.65 136.43 56.53 181.28
sheep 0.515476 209.65 97.99 224.00 150.08
dog 0.515358 195.06 61.20 212.83 92.04
sheep 0.515352 42.57 101.57 55.39 118.37
sheep 0.515286 13.17 133.27 33.46 159.36
dog 0.515221 159.43 17.65 180.22 43.67
sheep 0.515184 116.14 130.06 132.56 165.99
dog 0.515152 168.79 0.00 190.41 22.38
sheep 0.515118 42.69 130.25 54.60 163.96
boat 0.515034 50.92 19.54 67.34 37.61
dog 0.514947 74.49 50.15 80.29 65.43
dog 0.514893 64.36 7.16 83.17 32.70
sheep 0.514887 25.75 129.03 41.91 156.64
dog 0.514886 1.75 22.27 24.65 47.04
sheep 0.514839 69.82 125.26 80.63 161.02
dog 0.514771 141.79 12.95 174.98 46.60
car 0.514755 21.14 56.73 40.28 79.65
dog 0.514731 2.78 12.03 25.27 37.56
aeroplane 0.514683 208.63 34.83 222.95 80.17
dog 0.514658 87.60 12.03 103.64 36.70
dog 0.514645 88.28 65.82 98.22 87.12
boat 0.514625 47.10 5.47 69.94 33.18
car 0.514610 38.11 57.14 52.99 76.44
dog 0.514563 2.70 165.27 33.45 197.92
sheep 0.514432 185.00 194.58 206.50 222.00
sheep 0.514432 171.08 191.82 196.88 224.00
dog 0.514387 165.88 38.68 189.40 68.34
boat 0.514379 74.01 30.78 81.21 50.56
sheep 0.514359 46.05 137.89 62.69 183.98
dog 0.514345 87.88 76.56 101.11 100.68
sheep 0.514339 67.20 128.17 75.36 161.57
dog 0.514315 166.55 28.67 189.36 56.86
aeroplane 0.514235 12.98 193.17 49.51 224.00
dog 0.514223 196.30 36.41 217.30 75.70
dog 0.514222 65.79 16.21 78.55 35.82
dog 0.514208 74.17 41.83 80.21 58.06
boat 0.514152 52.48 25.54 64.91 43.61
dog 0.514151 198.08 3.95 217.25 33.41
sheep 0.514051 48.49 85.86 61.32 99.88
car 0.514037 10.41 38.06 32.36 63.30
dog 0.514007 89.97 26.42 108.57 57.95
dog 0.513996 187.90 38.28 212.55 73.18
dog 0.513961 177.05 39.58 202.38 70.00
sheep 0.513778 50.44 93.22 62.76 108.04
dog 0.513727 186.21 27.13 211.55 64.59
sheep 0.513629 60.39 69.36 73.89 85.72
aeroplane 0.513627 31.17 0.00 64.12 23.23
dog 0.513589 169.48 19.50 188.85 42.77
sheep 0.513583 46.63 78.98 60.22 93.05
dog 0.513528 83.77 202.30 114.65 224.00
sheep 0.513523 57.33 137.30 71.14 184.88
sheep 0.513522 94.69 199.96 132.22 224.00
dog 0.513507 88.31 14.76 104.97 45.32
dog 0.513465 177.09 28.89 201.72 60.26
dog 0.513464 193.62 24.71 216.79 66.62
car 0.513430 20.15 48.22 40.75 73.16
sheep 0.513424 51.84 104.51 63.32 120.41
dog 0.513417 181.73 8.44 199.76 31.72
sheep 0.513412 193.85 172.50 211.16 204.77
sheep 0.513341 48.27 131.72 58.66 163.03
dog 0.513331 82.53 27.40 96.01 52.42
sheep 0.513293 181.70 169.96 204.02 204.18
dog 0.513271 10.77 152.59 41.09 193.97
dog 0.513239 190.77 48.20 213.08 77.50
sheep 0.513195 81.12 132.59 102.00 188.76
dog 0.513093 190.28 6.67 210.01 33.41
dog 0.513087 178.85 0.00 200.61 21.56
boat 0.513054 51.81 34.92 63.45 51.72
dog 0.513020 187.28 0.00 209.88 21.89
sheep 0.513001 69.77 132.44 91.18 190.82
dog 0.512985 38.00 208.93 89.62 224.00
car 0.512821 10.69 47.15 31.55 71.76
dog 0.512799 56.69 202.18 107.07 224.00
boat 0.512674 66.70 21.34 75.17 41.43
dog 0.512623 199.46 47.67 218.06 81.00
sheep 0.512456 209.87 194.55 224.00 220.32
boat 0.512416 65.55 31.47 72.17 49.23
dog 0.512388 211.26 0.37 224.00 35.49
dog 0.512291 196.53 14.53 216.74 48.83
dog 0.512234 180.52 19.10 200.42 44.62
sheep 0.512211 76.56 123.23 89.03 161.74
dog 0.512163 189.27 17.06 210.40 47.85
dog 0.512134 207.97 21.78 223.65 69.18
dog 0.512056 63.22 42.63 70.74 58.05
sheep 0.511911 59.71 129.63 66.63 161.83
sheep 0.511770 45.55 71.66 60.00 85.78
sheep 0.511645 191.94 139.85 224.00 185.34
dog 0.511620 60.24 60.41 71.52 75.13
sheep 0.511613 184.45 151.32 210.57 192.97
sheep 0.511537 0.00 147.28 31.61 183.23
boat 0.511509 49.03 46.10 61.85 62.53
dog 0.511403 60.88 52.12 70.12 66.84
sheep 0.511216 6.30 139.17 31.74 170.19
sheep 0.511054 20.38 134.12 40.29 166.49
dog 0.510917 15.87 209.58 55.60 224.00
dog 0.510865 210.64 11.13 224.00 49.84
dog 0.510742 26.82 210.78 66.30 224.00
sheep 0.510502 14.43 142.79 39.74 181.14
sheep 0.510232 208.51 175.61 224.00 204.75
sheep 0.509810 44.09 64.49 60.00 79.25
dog 0.509547 45.25 56.54 60.00 72.79
sheep 0.509397 200.10 155.06 224.00 193.27
