sheep 0.555466 99.56 95.14 129.33 125.95
pottedplant 0.554771 85.94 43.53 197.13 179.98
sheep 0.550746 90.33 52.93 112.83 74.86
chair 0.550023 100.81 46.30 200.67 181.88
sheep 0.548688 92.53 99.80 123.53 128.48
bicycle 0.547813 100.33 81.27 155.62 113.29
bird 0.547646 20.02 72.34 70.26 134.24
bicycle 0.546901 85.27 46.39 200.28 192.42
bird 0.546478 96.95 13.94 122.62 35.03
sheep 0.546232 85.25 152.49 148.59 173.57
sheep 0.544103 132.49 0.00 216.04 201.92
sheep 0.543994 87.62 123.14 143.36 151.30
person 0.542647 132.27 0.48 215.88 196.10
sheep 0.542374 83.21 139.63 149.23 165.29
bird 0.542244 84.35 93.59 118.75 123.64
pottedplant 0.542169 112.62 60.34 203.42 171.19
sheep 0.541921 91.48 104.68 129.30 135.88
bird 0.541805 10.67 44.89 87.60 185.17
sheep 0.541368 36.64 168.99 60.50 215.17
sheep 0.540969 87.74 131.66 139.46 157.20
sheep 0.540804 86.75 160.05 147.59 181.60
sheep 0.540335 9.89 44.11 84.74 192.08
chair 0.540114 171.92 59.55 224.00 181.49
bird 0.539412 101.67 13.32 137.88 34.95
sheep 0.539236 26.16 185.03 64.90 224.00
bird 0.538757 0.00 206.89 42.87 224.00
bird 0.538423 9.54 124.18 29.93 158.72
bird 0.537939 8.17 157.00 32.67 190.34
sheep 0.537553 65.36 206.16 100.64 224.00
bird 0.537529 100.78 16.75 129.16 37.75
sheep 0.537468 75.48 208.81 109.72 224.00
pottedplant 0.537465 173.00 68.01 224.00 181.01
sheep 0.537316 91.00 113.20 132.31 145.73
bird 0.537275 0.00 203.84 23.91 224.00
sheep 0.537050 32.92 159.78 53.98 208.53
bird 0.537011 4.79 121.40 25.72 159.25
bird 0.536808 2.34 154.90 27.02 191.34
bird 0.536793 0.00 151.71 15.93 194.58
person 0.536437 94.90 52.73 201.96 190.94
pottedplant 0.536361 84.24 131.07 154.77 163.54
sheep 0.536141 101.44 89.70 139.53 122.29
sheep 0.535649 93.62 51.29 118.16 71.79
sheep 0.535593 36.52 178.35 67.53 220.25
sheep 0.535009 88.47 57.88 110.33 82.66
bird 0.534916 0.00 119.21 15.74 162.41
sheep 0.534626 24.60 160.36 48.13 199.95
pottedplant 0.534609 0.00 2.08 72.03 197.94
pottedplant 0.534515 15.59 155.87 100.07 224.00
sheep 0.534394 48.23 199.21 89.44 224.00
pottedplant 0.534300 0.00 85.24 88.57 224.00
sheep 0.534084 98.41 52.37 124.23 76.15
sheep 0.533894 43.17 168.51 66.85 216.07
sheep 0.533663 62.83 161.83 163.24 224.00
sheep 0.533164 83.28 209.90 119.16 224.00
sheep 0.533077 15.35 125.43 94.34 213.89
bird 0.532997 23.39 156.90 48.48 196.70
sheep 0.532981 102.13 48.74 131.01 73.37
car 0.532361 182.78 0.00 224.00 35.36
bird 0.532360 16.67 157.63 39.61 190.69
sheep 0.532224 15.68 199.14 67.50 224.00
sheep 0.532122 12.09 159.31 95.19 224.00
bird 0.532109 0.00 93.53 67.48 207.70
bottle 0.532076 184.36 133.61 207.05 160.68
cow 0.531903 187.06 186.18 224.00 224.00
sheep 0.531894 83.84 144.20 157.76 206.52
sheep 0.531709 207.80 207.86 224.00 224.00
sheep 0.531686 102.35 17.66 133.75 39.89
tvmonitor 0.531539 218.81 112.69 224.00 153.31
person 0.531499 181.28 46.89 224.00 176.18
dog 0.531443 219.32 106.68 224.00 151.34
pottedplant 0.531248 110.06 83.97 186.57 164.99
sheep 0.531123 102.14 212.22 143.94 224.00
sheep 0.531077 0.00 106.37 65.43 209.24
sheep 0.530977 84.45 92.82 116.15 123.79
sheep 0.530750 36.72 153.80 60.42 204.53
bird 0.530724 4.97 65.89 24.32 103.77
person 0.530622 103.76 52.81 131.41 80.18
sheep 0.530491 35.97 192.31 79.22 224.00
sheep 0.530456 16.55 160.47 39.38 194.87
bird 0.530272 8.62 146.55 31.04 182.85
bird 0.530271 0.00 61.95 15.49 106.82
sheep 0.530138 90.20 211.72 129.17 224.00
sheep 0.530115 96.78 91.22 198.71 224.00
bird 0.529923 16.83 126.17 38.22 158.16
bird 0.529879 78.52 87.28 113.52 115.91
bicycle 0.529829 118.88 77.06 171.43 114.66
dog 0.529824 219.45 91.85 224.00 142.32
pottedplant 0.529809 15.41 39.22 85.18 179.33
bottle 0.529762 141.08 69.22 191.11 140.73
sheep 0.529573 188.00 212.85 217.05 224.00
sheep 0.529559 8.76 90.42 92.87 204.85
bird 0.529371 98.30 20.77 119.11 42.14
aeroplane 0.529269 173.46 16.47 203.26 26.62
dog 0.529213 187.51 36.10 224.00 155.39
sheep 0.529169 60.63 171.57 84.15 201.65
sheep 0.529165 50.75 170.98 75.60 208.35
sheep 0.529113 128.02 78.15 219.29 224.00
sheep 0.529047 140.39 188.51 213.58 224.00
sheep 0.529014 80.85 57.89 103.24 77.24
bird 0.528976 70.13 84.86 101.58 119.17
bird 0.528954 23.98 128.96 54.04 159.23
sheep 0.528927 91.68 44.97 115.57 67.32
tvmonitor 0.528913 218.30 124.15 224.00 160.35
bird 0.528755 93.46 7.08 117.93 33.49
bird 0.528633 41.24 76.12 80.36 126.16
bird 0.528458 62.13 81.70 89.47 122.15
bird 0.528455 10.16 67.71 29.45 103.14
sheep 0.528453 61.86 164.18 85.66 192.28
bird 0.528445 101.65 21.40 126.30 44.69
bird 0.528340 0.00 93.09 14.92 148.04
boat 0.528229 0.00 0.00 92.02 155.82
sheep 0.528022 53.77 163.58 77.90 199.06
aeroplane 0.528009 184.97 53.63 203.82 70.96
sheep 0.527983 179.95 213.23 210.38 224.00
bottle 0.527938 103.07 137.88 166.42 168.90
sheep 0.527880 0.00 157.75 65.29 224.00
sheep 0.527842 104.56 179.83 196.86 224.00
aeroplane 0.527710 208.93 0.00 224.00 19.82
bird 0.527556 0.00 77.73 13.88 134.23
bottle 0.527453 158.15 82.54 200.38 152.06
sheep 0.527234 196.54 211.27 224.00 224.00
chair 0.527233 122.00 71.25 204.84 171.11
bird 0.527193 31.17 130.29 62.06 159.83
bird 0.527136 97.73 6.14 138.33 31.03
dog 0.527081 185.87 98.13 211.13 152.97
car 0.527053 147.45 0.00 216.16 28.07
pottedplant 0.527015 83.17 140.95 157.86 169.86
sheep 0.526983 71.85 170.75 99.86 195.74
bird 0.526735 5.20 51.75 23.63 95.16
sheep 0.526685 168.14 190.32 224.00 224.00
car 0.526602 136.95 67.22 189.40 132.22
sheep 0.526564 97.93 43.65 124.98 67.16
bird 0.526526 0.00 47.77 14.82 96.49
bird 0.526503 2.49 96.88 24.18 148.05
sheep 0.526486 27.11 170.73 56.46 210.83
bird 0.526467 0.00 0.00 19.51 23.66
bicycle 0.526458 126.04 70.26 180.57 120.08
bird 0.526434 30.02 146.72 54.62 195.69
bottle 0.526357 183.22 147.20 205.90 171.98
bottle 0.526326 175.23 91.24 206.82 153.54
sheep 0.526219 46.77 150.16 138.40 211.89
pottedplant 0.526160 39.83 100.97 171.07 224.00
dog 0.526129 124.70 45.98 206.66 166.55
sheep 0.526052 72.10 163.20 103.23 187.25
bird 0.526002 5.67 130.05 25.84 174.13
bird 0.525999 23.55 95.28 65.47 147.78
bottle 0.525968 116.68 211.16 156.90 224.00
bird 0.525875 88.10 102.45 128.88 135.67
bird 0.525859 0.00 129.64 15.82 180.24
person 0.525697 0.00 0.00 42.90 55.22
bird 0.525666 26.78 57.19 61.42 113.51
boat 0.525665 93.91 0.00 159.17 34.26
bird 0.525570 20.51 68.38 58.67 122.43
sheep 0.525541 64.63 154.51 89.21 179.77
bird 0.525501 15.53 73.25 47.75 115.08
sheep 0.525486 89.25 116.34 167.88 187.08
bird 0.525436 0.00 10.44 12.32 51.53
sheep 0.525404 103.23 23.01 132.15 48.03
sheep 0.525394 91.68 164.16 143.55 188.06
sheep 0.525315 46.35 154.21 71.79 196.37
sheep 0.525242 80.05 129.80 115.63 150.26
sheep 0.525140 95.45 184.09 143.70 214.80
pottedplant 0.525123 101.45 102.53 173.06 175.17
bottle 0.525054 183.89 119.93 207.79 155.62
pottedplant 0.525050 7.30 98.09 137.45 224.00
sheep 0.524983 55.64 154.41 80.00 186.61
bird 0.524979 1.65 79.37 24.14 131.48
bicycle 0.524971 101.63 90.76 152.44 124.11
chair 0.524925 91.03 78.05 184.89 175.27
sheep 0.524910 70.17 132.23 96.00 152.43
bird 0.524734 82.96 71.07 108.80 97.29
sheep 0.524612 94.01 30.73 114.66 54.09
bird 0.524610 105.10 0.00 141.08 26.00
bird 0.524572 95.86 0.00 123.52 28.94
bottle 0.524503 164.35 100.00 202.28 157.80
bird 0.524498 10.58 131.13 28.73 170.08
bird 0.524458 0.00 27.37 12.26 81.15
dog 0.524331 179.17 51.91 200.21 71.77
sheep 0.524323 100.55 57.83 126.01 85.93
bottle 0.524318 129.12 211.69 166.50 224.00
bird 0.524295 60.99 133.11 84.08 154.62
bird 0.524288 7.47 95.39 32.61 144.07
bird 0.524286 42.22 135.39 70.58 161.79
sheep 0.524185 2.69 14.46 24.06 47.03
dog 0.524170 185.60 57.36 204.30 77.34
dog 0.524126 132.04 57.87 188.91 115.64
aeroplane 0.524119 184.38 46.78 203.86 63.73
aeroplane 0.524106 175.32 20.71 202.13 31.28
sheep 0.524053 85.61 142.78 132.21 164.00
sheep 0.524024 70.40 176.53 97.43 203.66
dog 0.523969 220.00 76.37 224.00 118.60
sheep 0.523902 10.24 162.76 33.46 198.67
bird 0.523882 32.73 138.80 57.67 176.87
sheep 0.523870 79.22 135.95 114.47 156.00
bird 0.523809 9.04 73.67 33.96 113.58
sheep 0.523800 104.11 12.98 142.27 34.39
bird 0.523768 60.61 126.55 83.65 150.23
sheep 0.523750 53.36 182.67 83.95 222.30
bird 0.523695 80.34 63.69 103.70 85.34
sheep 0.523692 69.89 137.84 96.44 158.15
sheep 0.523654 70.72 125.36 95.36 147.77
dog 0.523643 220.00 59.23 224.00 94.66
sheep 0.523523 67.95 185.66 94.56 221.81
bottle 0.523499 169.82 79.28 203.09 142.90
sheep 0.523421 99.94 32.33 125.46 56.78
dog 0.523415 220.00 66.42 224.00 106.52
sheep 0.523395 68.16 144.83 94.28 167.03
bird 0.523390 7.93 79.93 35.28 127.94
sheep 0.523351 163.80 212.95 199.76 224.00
bird 0.523330 0.00 187.27 16.06 224.00
dog 0.523326 217.89 53.99 224.00 83.95
bird 0.523251 27.45 118.72 62.14 157.46
bird 0.523220 29.19 49.23 62.78 95.59
boat 0.523183 105.77 0.00 208.21 181.73
bird 0.523168 3.47 30.39 24.46 81.14
bird 0.523153 51.93 134.37 77.79 157.64
bottle 0.523148 129.92 77.91 182.22 137.28
bottle 0.523022 146.63 211.98 182.26 224.00
sheep 0.522996 60.38 138.65 83.97 161.10
sheep 0.522941 2.60 204.44 54.41 224.00
sheep 0.522919 77.92 186.66 108.42 220.01
sheep 0.522915 58.06 145.65 82.41 173.01
aeroplane 0.522881 191.45 55.06 209.10 68.88
bird 0.522862 71.39 54.66 90.56 75.11
sheep 0.522808 83.50 84.01 112.94 116.19
sheep 0.522804 8.02 15.91 29.18 44.89
bird 0.522765 90.95 0.00 115.25 29.24
sheep 0.522684 85.88 69.56 110.06 97.81
bird 0.522665 0.00 12.54 47.24 106.69
bird 0.522658 37.28 146.30 63.28 191.06
pottedplant 0.522658 84.80 113.95 145.59 151.67
bird 0.522495 72.40 58.58 92.50 80.23
sheep 0.522382 83.68 186.71 119.40 218.68
sheep 0.522367 74.44 152.92 107.88 175.15
sheep 0.522345 185.52 190.08 202.11 205.52
sheep 0.522307 81.73 122.56 118.14 145.63
sheep 0.522268 185.24 121.97 224.00 224.00
bird 0.522260 0.00 40.23 69.36 143.60
dog 0.522224 215.79 48.95 224.00 75.11
aeroplane 0.522198 177.22 0.00 210.08 20.78
car 0.522165 115.79 0.00 187.13 27.43
sheep 0.522090 6.37 7.51 29.67 37.54
sheep 0.522055 185.00 196.43 202.36 213.34
aeroplane 0.522025 219.51 180.56 224.00 208.33
dog 0.521963 167.58 51.67 196.35 73.06
sheep 0.521878 84.01 167.11 126.08 189.77
dog 0.521855 162.20 52.81 196.24 82.92
sheep 0.521834 88.27 169.81 147.86 199.19
bottle 0.521834 121.11 145.52 169.23 172.44
bottle 0.521740 182.66 157.78 204.08 179.36
sheep 0.521714 111.15 0.00 147.41 24.91
aeroplane 0.521713 181.92 36.62 204.45 55.16
sheep 0.521662 185.07 181.23 202.72 198.18
bird 0.521656 40.79 140.15 67.45 172.26
bird 0.521641 11.82 89.25 52.11 141.13
bird 0.521517 18.85 13.02 71.40 116.27
dog 0.521514 145.31 54.51 190.11 86.48
aeroplane 0.521379 218.20 189.43 224.00 216.93
bird 0.521371 0.00 0.00 15.49 34.84
bottle 0.521333 171.19 126.79 201.75 158.97
bird 0.521323 50.87 139.49 76.82 165.83
sheep 0.521312 77.54 143.16 112.65 164.00
sheep 0.521302 190.57 92.64 214.18 145.07
bird 0.521218 9.74 42.55 27.03 87.88
boat 0.521204 63.51 0.00 126.98 37.45
sheep 0.521132 127.67 170.37 169.94 197.30
sheep 0.521097 130.10 0.00 164.63 20.86
bird 0.521090 0.00 170.90 15.04 215.27
sheep 0.521035 183.53 170.35 203.20 189.51
bird 0.520987 71.58 73.69 98.49 103.10
pottedplant 0.520983 88.10 136.39 168.21 192.13
dog 0.520958 151.92 53.70 190.34 76.84
sheep 0.520957 186.95 163.91 224.00 224.00
bird 0.520954 25.50 135.26 51.68 174.79
aeroplane 0.520902 179.09 26.78 204.47 43.25
pottedplant 0.520880 15.38 126.36 110.74 214.49
person 0.520875 106.86 59.78 136.58 94.50
sheep 0.520872 81.22 174.18 118.00 199.38
bottle 0.520784 156.16 112.54 195.03 158.74
sheep 0.520756 220.00 172.86 224.00 202.47
sheep 0.520728 47.89 145.92 74.29 181.62
bird 0.520612 37.99 46.08 69.90 82.00
sheep 0.520525 88.93 185.97 131.56 216.50
sheep 0.520432 183.45 82.56 207.30 126.96
bottle 0.520418 155.66 134.33 192.78 163.72
sheep 0.520417 99.95 204.01 140.27 224.00
dog 0.520409 191.92 0.00 224.00 100.89
sheep 0.520401 10.68 171.69 39.93 209.44
aeroplane 0.520379 188.66 0.00 219.13 17.08
aeroplane 0.520357 165.02 0.00 201.49 18.07
sheep 0.520332 2.91 21.13 24.43 67.87
bottle 0.520322 133.22 135.53 178.06 166.21
sheep 0.520319 219.43 138.54 224.00 175.18
aeroplane 0.520238 215.48 41.91 224.00 67.20
aeroplane 0.520172 190.22 47.48 208.98 61.85
sheep 0.520163 8.83 191.93 48.33 224.00
sheep 0.520138 19.24 170.48 50.06 209.03
sheep 0.520042 5.36 0.00 37.09 16.09
dog 0.520018 135.99 58.24 179.61 93.06
sheep 0.520000 0.00 0.00 30.51 18.99
boat 0.519935 10.18 0.00 70.06 45.60
sheep 0.519866 86.51 172.80 129.79 198.36
bird 0.519848 62.20 50.71 83.53 75.91
bird 0.519814 32.07 39.80 61.57 76.06
bottle 0.519805 124.41 160.81 170.31 187.66
sheep 0.519775 213.45 201.30 224.00 224.00
pottedplant 0.519761 141.74 70.65 212.36 172.54
sheep 0.519760 63.18 0.00 89.68 18.74
aeroplane 0.519735 172.62 21.31 200.39 28.34
sheep 0.519669 17.72 0.00 52.05 15.11
bird 0.519663 72.89 64.90 94.81 89.52
aeroplane 0.519576 178.82 45.55 200.19 64.04
sheep 0.519572 0.00 0.00 43.45 84.73
dog 0.519522 27.14 0.00 60.37 14.74
sheep 0.519482 9.85 31.93 28.39 79.46
bird 0.519427 62.54 72.46 89.79 109.55
sheep 0.519339 11.70 17.69 36.27 45.19
bottle 0.519252 166.08 74.51 199.04 127.67
sheep 0.519224 165.04 69.07 196.57 113.89
aeroplane 0.519182 192.02 59.13 208.84 74.85
bird 0.519089 11.86 109.00 42.05 155.32
sheep 0.519063 129.19 178.64 167.59 204.06
bird 0.519033 17.09 131.50 36.43 169.88
bird 0.519032 63.05 55.53 85.39 83.30
pottedplant 0.519030 105.56 63.66 182.81 147.70
pottedplant 0.519018 13.16 74.59 98.69 188.47
bird 0.519014 36.15 116.45 71.06 153.80
pottedplant 0.518965 91.13 103.84 142.10 137.58
dog 0.518930 36.38 0.00 67.49 15.15
boat 0.518867 142.96 0.00 172.44 17.93
bird 0.518776 23.37 44.28 54.93 85.78
sheep 0.518774 220.00 163.39 224.00 195.36
aeroplane 0.518754 217.49 32.41 224.00 60.32
sheep 0.518737 182.63 74.96 203.17 108.90
dog 0.518662 54.45 0.00 82.58 17.18
boat 0.518590 23.50 0.00 84.53 42.48
bird 0.518578 46.95 47.91 77.40 77.95
bird 0.518521 92.00 14.41 114.26 33.68
sheep 0.518499 86.69 11.50 180.55 188.81
sheep 0.518487 32.69 33.05 59.18 65.90
pottedplant 0.518476 59.67 119.03 137.19 190.78
boat 0.518440 41.73 0.00 106.21 39.29
sheep 0.518437 58.24 78.41 180.03 224.00
sheep 0.518376 167.49 60.46 197.55 101.74
sheep 0.518335 102.66 69.63 130.42 103.26
sheep 0.518307 191.12 86.89 214.30 127.45
pottedplant 0.518280 59.84 80.53 129.12 166.28
sheep 0.518267 32.36 25.21 57.84 56.28
sheep 0.518255 72.79 0.00 99.92 21.29
sheep 0.518253 107.41 71.90 143.42 112.40
dog 0.518240 186.34 0.00 224.00 55.38
bird 0.518159 61.75 114.79 84.53 144.23
pottedplant 0.518157 95.91 74.02 164.06 148.69
sheep 0.518099 21.01 24.97 48.88 55.60
sheep 0.518038 71.30 11.55 81.84 27.50
sheep 0.517958 189.14 111.45 209.39 153.08
sheep 0.517925 220.00 150.51 224.00 185.72
dog 0.517921 130.64 54.45 174.96 84.80
sheep 0.517905 19.08 18.11 46.78 45.32
sheep 0.517884 181.42 193.74 198.00 213.40
sheep 0.517870 182.89 207.31 205.30 224.00
dog 0.517767 206.46 101.24 220.92 149.76
bird 0.517753 71.15 114.17 96.09 140.89
sheep 0.517730 87.66 205.19 127.04 224.00
bottle 0.517729 114.96 128.84 172.43 164.50
bird 0.517705 46.21 59.64 78.77 102.12
sheep 0.517696 70.30 26.56 80.91 44.88
sheep 0.517628 69.97 47.79 86.67 69.23
sheep 0.517625 9.85 23.49 29.17 66.53
aeroplane 0.517615 166.46 17.14 201.91 24.29
sheep 0.517565 125.98 7.37 157.67 31.21
bird 0.517533 14.63 61.03 36.00 103.18
sheep 0.517529 192.62 194.46 208.87 211.33
aeroplane 0.517511 149.88 0.00 182.20 17.22
sheep 0.517500 60.64 26.78 74.78 48.49
dog 0.517432 107.35 58.19 155.96 92.16
bird 0.517388 63.69 62.97 87.21 94.88
dog 0.517386 174.03 54.97 199.75 87.88
sheep 0.517382 13.64 22.71 36.59 54.65
sheep 0.517275 29.41 10.33 81.27 119.17
sheep 0.517265 23.79 38.08 53.11 77.49
sheep 0.517259 182.72 65.27 202.12 95.86
dog 0.517257 44.52 0.00 75.03 15.35
aeroplane 0.517253 216.64 0.44 224.00 30.14
aeroplane 0.517169 218.70 22.14 224.00 51.78
boat 0.517160 19.86 0.00 135.92 165.37
dog 0.517142 129.10 63.93 176.43 106.52
sheep 0.517133 62.42 8.57 73.93 29.38
pottedplant 0.517123 57.94 62.41 123.36 147.35
sheep 0.517097 106.95 52.80 154.23 81.48
bird 0.517036 48.51 115.84 77.25 148.64
bird 0.517028 84.16 0.00 110.60 27.12
sheep 0.517020 79.74 49.30 100.71 68.66
bottle 0.517007 134.91 111.92 181.81 156.99
dog 0.517004 184.72 59.84 203.44 84.90
aeroplane 0.517000 185.39 11.49 209.46 23.40
sheep 0.516983 191.52 188.57 207.45 203.57
bottle 0.516944 97.76 118.29 165.62 159.53
pottedplant 0.516932 37.50 21.41 116.57 195.08
sheep 0.516853 23.00 31.57 50.44 66.18
pottedplant 0.516832 88.85 148.77 168.82 174.90
sheep 0.516827 16.17 4.83 44.89 34.89
bottle 0.516802 119.62 83.17 169.01 126.51
sheep 0.516787 11.20 0.00 70.26 87.13
sheep 0.516729 31.99 17.47 55.33 45.50
person 0.516702 121.02 66.68 170.80 109.08
sheep 0.516683 92.00 20.34 110.78 40.72
sheep 0.516644 204.84 109.48 218.53 152.26
sheep 0.516628 69.74 37.41 82.11 58.76
sheep 0.516623 98.01 101.11 188.93 184.39
aeroplane 0.516617 218.14 12.81 224.00 40.65
bottle 0.516613 173.87 137.40 201.34 163.38
sheep 0.516599 91.34 132.23 186.37 206.80
sheep 0.516585 71.71 19.17 81.29 35.27
pottedplant 0.516524 29.54 44.52 97.93 148.52
sheep 0.516510 92.00 16.13 112.64 34.58
sheep 0.516482 183.18 186.56 198.60 205.01
sheep 0.516474 129.53 92.85 202.52 181.54
bird 0.516465 82.53 99.06 120.01 132.32
sheep 0.516388 133.87 169.78 208.04 224.00
sheep 0.516361 96.87 164.09 163.19 191.33
sheep 0.516360 133.15 126.89 203.84 210.35
sheep 0.516358 137.11 5.89 212.10 109.26
aeroplane 0.516353 186.96 37.47 209.06 54.10
sheep 0.516326 82.95 112.42 120.78 140.41
bird 0.516284 61.75 44.67 80.68 69.45
sheep 0.516273 92.31 157.00 166.72 183.35
sheep 0.516260 61.39 18.75 74.02 38.56
sheep 0.516228 132.69 186.07 167.36 213.39
sheep 0.516182 102.55 43.43 136.22 68.35
sheep 0.516108 61.41 36.38 76.83 60.25
sheep 0.516083 81.54 14.40 97.44 27.74
sheep 0.516046 4.98 0.00 34.04 25.43
dog 0.515970 169.50 44.65 195.72 64.52
sheep 0.515889 39.51 34.43 65.78 63.26
bird 0.515847 29.21 31.87 84.93 141.06
sheep 0.515843 177.20 205.71 200.33 224.00
sheep 0.515829 190.86 205.97 211.81 224.00
bottle 0.515810 200.25 122.32 216.86 154.65
boat 0.515723 70.58 0.00 188.63 177.35
sheep 0.515671 30.16 2.55 53.28 33.22
sheep 0.515667 191.58 78.21 211.67 108.22
dog 0.515614 147.73 33.01 219.22 143.09
bird 0.515609 15.67 43.46 37.63 86.67
sheep 0.515555 39.04 26.26 62.86 54.06
sheep 0.515452 189.83 180.85 206.85 197.21
bird 0.515423 70.93 97.03 97.40 131.78
bird 0.515393 62.62 95.59 85.83 135.14
person 0.515313 107.03 65.79 156.49 108.60
dog 0.515271 208.79 86.27 224.00 130.88
dog 0.515225 200.52 53.99 218.86 70.57
bird 0.515165 49.00 42.88 76.20 70.00
sheep 0.515057 124.10 184.85 160.00 210.93
sheep 0.515050 102.86 172.45 158.77 199.48
sheep 0.515016 57.59 0.00 77.57 19.36
sheep 0.514966 81.72 25.13 96.06 41.29
sheep 0.514906 109.03 46.83 192.11 150.30
bird 0.514888 45.62 93.16 77.51 138.74
sheep 0.514858 128.72 16.08 158.19 37.03
sheep 0.514749 15.48 34.97 37.92 78.28
boat 0.514650 45.00 13.76 99.72 108.19
sheep 0.514640 48.88 27.41 70.02 50.99
sheep 0.514579 83.08 19.37 96.15 32.83
sheep 0.514527 114.04 200.23 152.65 224.00
sheep 0.514463 14.97 27.76 37.10 66.13
sheep 0.514414 163.76 121.60 215.07 214.68
dog 0.514372 204.13 56.95 220.69 77.50
dog 0.514262 154.83 45.39 188.60 68.49
sheep 0.514232 40.15 18.35 60.23 43.71
aeroplane 0.514229 172.23 23.02 197.92 37.80
sheep 0.514156 49.78 35.77 73.10 60.72
dog 0.514145 144.43 45.59 179.53 72.75
bottle 0.514134 104.12 100.76 161.18 140.28
dog 0.514041 191.51 62.05 208.17 82.87
sheep 0.513993 191.00 67.89 208.87 94.46
sheep 0.513990 107.10 44.22 150.48 72.22
sheep 0.513912 166.76 168.87 221.10 224.00
dog 0.513903 149.66 11.86 166.84 26.20
sheep 0.513861 80.87 36.19 97.69 55.76
sheep 0.513812 110.60 183.60 153.79 209.92
sheep 0.513806 132.67 21.60 159.92 46.81
sheep 0.513805 49.76 19.67 67.91 41.05
sheep 0.513792 136.54 200.34 169.37 224.00
sheep 0.513769 151.98 86.84 212.01 182.79
aeroplane 0.513748 158.64 15.42 184.26 24.68
dog 0.513697 131.96 45.24 169.99 75.37
sheep 0.513665 41.32 3.19 58.59 31.89
aeroplane 0.513644 171.00 32.57 196.05 52.80
boat 0.513641 39.93 35.44 99.88 133.93
sheep 0.513624 50.88 5.84 66.71 30.29
bottle 0.513612 117.59 96.64 170.65 141.83
sheep 0.513589 126.61 200.20 161.19 224.00
aeroplane 0.513421 197.13 47.60 218.10 63.47
aeroplane 0.513390 161.07 19.62 183.94 28.73
sheep 0.513333 102.59 34.68 135.68 60.40
dog 0.513257 210.38 77.80 224.00 113.41
sheep 0.513218 26.78 0.00 56.63 19.29
sheep 0.513117 168.26 205.88 195.51 224.00
sheep 0.513105 172.69 193.28 194.16 211.57
sheep 0.513097 142.32 0.00 214.61 49.37
sheep 0.513028 203.12 191.36 217.86 211.33
dog 0.512886 152.36 18.25 168.15 31.61
sheep 0.512871 144.51 201.59 176.84 224.00
sheep 0.512796 201.37 203.99 220.09 224.00
sheep 0.512760 200.41 184.89 216.74 203.53
sheep 0.512725 37.39 0.00 62.36 18.26
sheep 0.512653 95.53 0.00 157.07 55.83
sheep 0.512630 14.43 0.00 48.07 20.99
dog 0.512611 132.92 32.35 163.68 61.03
bottle 0.512606 147.73 144.07 184.14 168.48
dog 0.512565 207.59 60.85 222.28 87.41
sheep 0.512549 105.22 14.66 170.18 100.40
dog 0.512525 145.51 0.00 168.68 19.56
aeroplane 0.512478 183.46 19.64 207.83 30.93
dog 0.512471 209.66 67.39 224.00 100.10
bottle 0.512446 195.29 133.62 215.38 162.23
boat 0.512363 66.24 16.70 122.39 97.87
sheep 0.512356 154.41 204.66 186.32 224.00
sheep 0.512153 102.03 47.56 169.95 133.29
dog 0.512149 151.01 21.27 169.09 41.00
sheep 0.512115 105.45 22.93 144.73 50.48
boat 0.512082 63.48 40.21 123.00 126.77
sheep 0.512076 186.70 157.11 207.21 179.79
aeroplane 0.511986 165.90 20.90 194.80 36.08
sheep 0.511925 45.90 0.00 69.82 17.57
aeroplane 0.511884 157.40 21.12 180.62 37.94
dog 0.511846 145.36 31.59 170.31 58.48
sheep 0.511828 150.80 190.98 182.77 211.52
boat 0.511739 83.60 0.00 143.09 56.76
sheep 0.511654 107.25 33.27 146.49 62.02
aeroplane 0.511597 149.83 31.71 177.49 56.56
sheep 0.511340 197.97 177.70 216.40 198.41
aeroplane 0.511236 194.31 37.40 217.65 56.05
aeroplane 0.511181 159.64 31.22 189.65 53.90
sheep 0.511181 87.83 45.12 146.62 126.26
sheep 0.511105 172.14 185.89 194.68 201.71
bottle 0.510910 125.19 154.30 171.84 177.33
sheep 0.510887 143.58 182.75 181.78 201.05
boat 0.510752 41.13 0.00 102.83 69.59
boat 0.510650 86.20 19.23 143.22 94.58
sheep 0.510397 138.80 173.23 181.12 193.72
sheep 0.510171 113.02 0.00 183.96 44.60
sheep 0.509941 194.42 141.48 214.87 170.54
sheep 0.509934 171.54 176.02 195.43 193.85
aeroplane 0.509674 193.48 5.47 216.39 23.53
sheep 0.509377 196.63 166.91 216.36 191.38
sheep 0.509162 136.92 162.74 180.49 184.48
aeroplane 0.508907 192.07 25.85 216.83 45.75
sheep 0.508604 195.21 153.37 215.35 181.55
sheep 0.508467 172.23 163.97 197.76 184.01
bottle 0.508189 173.77 152.24 198.89 173.87
bottle 0.508018 140.98 152.88 180.59 174.51
aeroplane 0.507905 191.28 16.06 215.28 32.71
