aeroplane 0.656118 6.81 46.93 215.46 173.07
aeroplane 0.584244 125.31 52.18 162.85 130.93
aeroplane 0.582080 67.54 65.20 136.91 146.34
aeroplane 0.563034 0.00 22.23 192.08 126.72
aeroplane 0.561975 0.00 67.94 20.66 150.35
aeroplane 0.555903 65.07 86.56 132.27 160.33
aeroplane 0.550612 43.32 27.64 215.17 149.02
aeroplane 0.549382 7.04 82.83 175.81 192.16
aeroplane 0.547679 0.00 59.02 15.37 138.30
cow 0.545965 0.00 40.14 11.48 114.39
aeroplane 0.545756 0.00 42.61 29.44 150.06
aeroplane 0.544708 72.29 56.22 128.37 122.01
aeroplane 0.544560 0.00 89.86 26.19 173.42
cow 0.543110 0.00 30.89 10.29 94.13
aeroplane 0.543098 130.34 46.42 159.72 114.11
aeroplane 0.542834 70.05 104.54 129.35 170.89
aeroplane 0.542724 2.03 66.59 46.24 159.34
aeroplane 0.542187 33.50 80.97 78.15 150.61
aeroplane 0.541717 103.27 57.88 147.36 134.24
aeroplane 0.541618 74.68 45.90 125.62 105.21
aeroplane 0.540373 28.79 52.52 79.02 118.07
aeroplane 0.540249 22.33 81.10 66.27 155.91
aeroplane 0.539713 3.78 0.00 180.85 97.56
aeroplane 0.539447 128.16 66.90 158.15 143.01
aeroplane 0.539113 30.83 66.37 80.79 135.85
aeroplane 0.537509 161.33 80.02 200.48 125.70
aeroplane 0.537343 218.67 84.79 224.00 129.72
aeroplane 0.536649 171.76 88.40 200.90 125.68
aeroplane 0.536144 19.34 98.75 58.98 178.94
cow 0.536059 0.00 24.31 11.03 73.42
aeroplane 0.535995 136.88 3.49 161.77 49.47
aeroplane 0.535020 72.93 117.81 123.64 182.46
aeroplane 0.534734 204.79 66.51 224.00 174.66
aeroplane 0.534429 0.00 20.62 38.40 127.52
aeroplane 0.534349 89.01 56.94 204.37 168.97
aeroplane 0.533818 139.39 72.71 192.75 125.85
aeroplane 0.533718 30.53 47.73 68.23 102.34
aeroplane 0.533274 73.13 0.00 208.92 94.64
aeroplane 0.533265 14.92 86.24 55.75 161.87
aeroplane 0.532808 40.75 70.72 195.01 171.23
aeroplane 0.532718 130.44 95.13 158.14 158.22
aeroplane 0.532497 93.04 12.29 122.74 50.69
aeroplane 0.532357 219.73 72.04 224.00 120.16
cow 0.532105 0.00 87.04 59.01 171.65
aeroplane 0.532059 210.59 0.00 224.00 23.66
cow 0.532019 211.21 203.16 224.00 224.00
aeroplane 0.531623 203.93 31.08 224.00 139.23
aeroplane 0.531570 220.00 57.68 224.00 102.28
aeroplane 0.531455 23.87 0.00 162.56 69.46
aeroplane 0.531132 194.77 92.96 224.00 210.16
aeroplane 0.531117 158.37 127.66 215.87 224.00
aeroplane 0.531023 129.64 107.76 152.52 163.25
aeroplane 0.531013 132.23 35.65 154.12 101.93
aeroplane 0.530827 220.00 13.60 224.00 58.72
aeroplane 0.530788 40.89 76.27 108.32 139.12
aeroplane 0.530707 31.15 92.52 71.45 164.13
aeroplane 0.530638 217.94 96.55 224.00 141.91
aeroplane 0.530457 14.51 152.78 136.23 224.00
aeroplane 0.530406 151.42 95.92 212.47 216.71
cow 0.530390 0.00 0.00 20.52 25.04
aeroplane 0.530374 21.52 124.02 59.13 196.23
aeroplane 0.530301 0.89 48.28 62.53 151.87
aeroplane 0.530112 185.46 112.36 224.00 224.00
aeroplane 0.530066 129.83 6.55 144.37 58.20
cow 0.529974 170.49 172.57 224.00 224.00
aeroplane 0.529922 10.41 67.92 153.39 168.27
cow 0.529774 219.18 176.95 224.00 211.39
aeroplane 0.529694 0.00 113.23 21.19 182.95
cow 0.529685 0.00 198.18 20.64 224.00
aeroplane 0.529218 141.31 75.47 208.41 192.10
aeroplane 0.529174 4.04 94.33 41.50 175.58
aeroplane 0.529076 177.68 0.00 224.00 68.57
aeroplane 0.529042 15.50 65.38 219.75 217.66
bird 0.529040 186.93 208.63 215.38 224.00
cow 0.528998 0.00 33.08 14.44 81.04
aeroplane 0.528867 52.31 183.63 78.06 209.82
aeroplane 0.528776 220.00 28.21 224.00 74.06
aeroplane 0.528621 34.49 36.64 61.11 82.24
aeroplane 0.528466 194.38 0.00 224.00 116.93
aeroplane 0.528348 220.00 136.05 224.00 176.01
aeroplane 0.528336 0.00 202.34 31.22 224.00
bird 0.528188 145.23 210.53 179.80 224.00
aeroplane 0.528035 5.33 68.31 81.09 159.80
aeroplane 0.528032 137.04 210.76 170.16 224.00
cow 0.528003 0.00 170.43 14.20 217.87
bird 0.527887 177.94 210.20 210.14 224.00
aeroplane 0.527802 40.92 210.15 79.03 224.00
aeroplane 0.527731 152.64 171.70 216.44 224.00
cow 0.527684 218.18 183.69 224.00 218.08
aeroplane 0.527666 30.69 114.76 69.71 180.34
aeroplane 0.527648 73.35 143.70 111.30 198.78
aeroplane 0.527637 19.93 209.40 56.99 224.00
cow 0.527582 220.00 162.31 224.00 200.02
aeroplane 0.527558 39.30 105.75 76.75 173.11
cow 0.527353 0.00 163.16 51.56 224.00
aeroplane 0.527133 44.09 183.89 72.71 209.64
cow 0.527072 0.00 9.01 10.81 56.14
cow 0.526988 220.00 143.98 224.00 183.78
aeroplane 0.526921 219.02 106.75 224.00 151.29
aeroplane 0.526879 118.57 51.81 147.15 116.40
cow 0.526649 0.00 0.00 48.88 56.37
aeroplane 0.526585 4.88 80.33 34.05 154.81
aeroplane 0.526556 82.22 26.86 121.10 81.94
aeroplane 0.526528 113.96 7.39 135.13 56.83
aeroplane 0.526369 219.91 118.35 224.00 160.82
aeroplane 0.526329 35.94 30.34 58.02 65.37
aeroplane 0.526307 72.17 181.20 92.82 210.17
aeroplane 0.526244 45.08 190.34 73.40 215.50
cow 0.526202 0.00 148.91 12.42 208.00
bird 0.526162 154.29 210.32 193.08 224.00
aeroplane 0.526080 2.08 109.25 32.68 182.13
aeroplane 0.526058 134.02 22.05 157.40 92.01
aeroplane 0.526021 219.93 0.00 224.00 40.31
aeroplane 0.526013 23.28 188.94 49.24 216.61
aeroplane 0.525733 33.37 133.06 70.62 195.03
sheep 0.525727 200.10 205.10 223.71 224.00
aeroplane 0.525686 29.06 189.97 57.38 216.30
aeroplane 0.525666 4.89 206.16 40.25 224.00
aeroplane 0.525543 39.21 24.65 60.92 52.33
cow 0.525516 0.00 124.33 16.95 191.20
aeroplane 0.525485 38.58 52.75 96.23 107.98
aeroplane 0.525366 21.94 181.15 49.81 211.54
aeroplane 0.525295 58.82 182.95 83.81 210.11
aeroplane 0.525224 121.81 211.41 157.66 224.00
aeroplane 0.525187 136.06 3.71 152.34 59.70
aeroplane 0.525150 81.76 179.42 100.20 210.35
aeroplane 0.525126 15.14 134.58 51.55 200.53
aeroplane 0.525120 137.98 7.69 157.43 72.61
aeroplane 0.525104 129.61 21.33 146.09 89.38
aeroplane 0.525103 98.05 0.00 196.28 69.24
aeroplane 0.524990 55.74 211.01 90.73 224.00
aeroplane 0.524975 37.03 190.67 65.93 215.74
aeroplane 0.524919 162.70 68.09 214.79 181.32
aeroplane 0.524700 132.02 0.00 163.22 28.83
aeroplane 0.524566 20.71 61.98 66.92 125.89
aeroplane 0.524552 185.69 186.11 204.08 206.90
aeroplane 0.524516 12.20 113.69 160.09 217.55
aeroplane 0.524492 81.01 158.09 115.37 204.25
aeroplane 0.524432 83.41 33.63 131.96 92.14
aeroplane 0.524396 22.79 151.70 56.85 206.42
aeroplane 0.524357 68.95 48.23 115.78 96.11
aeroplane 0.524329 120.75 33.63 142.94 95.42
aeroplane 0.524295 0.00 23.96 16.06 61.85
aeroplane 0.524257 74.29 158.04 106.19 207.93
aeroplane 0.524166 48.67 106.13 95.16 171.05
aeroplane 0.524096 107.46 211.35 141.87 224.00
aeroplane 0.524074 177.16 99.61 201.57 135.09
aeroplane 0.524054 215.81 0.00 224.00 31.01
aeroplane 0.524023 123.92 107.47 147.12 162.22
aeroplane 0.523939 186.51 190.64 204.37 213.88
aeroplane 0.523876 34.93 182.70 65.90 209.83
cow 0.523848 5.42 82.18 105.14 165.21
aeroplane 0.523796 27.51 181.50 58.10 210.83
aeroplane 0.523705 65.85 211.28 102.48 224.00
aeroplane 0.523704 15.38 180.53 41.42 211.57
cow 0.523662 0.00 0.00 11.80 44.51
aeroplane 0.523620 183.83 136.43 204.02 160.77
cow 0.523618 6.43 161.53 108.34 224.00
aeroplane 0.523611 7.15 37.69 140.28 132.50
aeroplane 0.523565 123.72 82.34 150.63 148.51
aeroplane 0.523520 54.70 166.19 161.33 224.00
aeroplane 0.523482 42.45 173.69 72.01 206.94
aeroplane 0.523401 99.01 211.05 132.21 224.00
aeroplane 0.523388 0.00 30.61 86.42 130.47
cow 0.523355 215.07 193.94 224.00 224.00
aeroplane 0.523323 39.58 15.96 60.01 43.79
aeroplane 0.523304 87.54 178.99 107.39 210.93
aeroplane 0.523288 87.61 18.42 120.82 61.79
aeroplane 0.523283 26.71 0.00 61.77 16.22
aeroplane 0.523238 42.50 139.35 76.91 195.48
aeroplane 0.523231 19.04 169.42 49.12 208.63
aeroplane 0.523199 0.00 182.12 24.08 216.54
aeroplane 0.523129 207.36 86.27 218.47 125.99
aeroplane 0.523125 183.57 179.61 203.52 202.25
aeroplane 0.523072 200.54 13.77 209.61 39.61
aeroplane 0.523052 181.37 125.61 202.74 156.01
aeroplane 0.522969 160.63 65.47 195.37 106.47
aeroplane 0.522880 152.45 81.19 193.71 131.54
aeroplane 0.522860 184.27 91.40 206.92 123.99
aeroplane 0.522853 63.29 124.26 110.33 183.59
aeroplane 0.522822 37.69 45.38 78.89 95.19
aeroplane 0.522808 0.00 151.50 22.99 206.80
aeroplane 0.522678 190.11 0.00 218.14 17.61
aeroplane 0.522677 88.54 0.00 126.49 20.22
aeroplane 0.522534 179.79 112.17 202.54 146.81
aeroplane 0.522500 134.39 8.11 150.28 73.98
aeroplane 0.522496 199.56 19.60 209.66 47.47
aeroplane 0.522472 40.09 0.00 76.32 15.38
aeroplane 0.522452 43.59 26.56 66.63 52.44
aeroplane 0.522363 201.61 0.00 224.00 20.58
cow 0.522350 0.00 120.47 54.84 207.79
aeroplane 0.522347 130.40 160.00 152.90 192.98
aeroplane 0.522304 39.03 38.73 71.15 83.62
aeroplane 0.522255 171.78 0.00 205.38 15.81
cow 0.522228 0.00 187.67 16.19 224.00
aeroplane 0.522226 63.98 144.18 101.72 199.69
aeroplane 0.522133 65.57 158.44 96.91 209.74
aeroplane 0.522114 123.25 169.01 144.75 197.37
aeroplane 0.522018 140.83 63.27 186.36 109.78
aeroplane 0.521964 170.87 159.07 224.00 224.00
aeroplane 0.521901 129.92 131.08 151.68 179.33
aeroplane 0.521871 7.12 179.22 31.72 211.93
aeroplane 0.521839 137.00 167.55 157.25 197.31
aeroplane 0.521818 52.66 143.31 85.51 198.24
aeroplane 0.521783 33.84 0.00 55.06 32.28
aeroplane 0.521732 73.98 211.37 113.57 224.00
aeroplane 0.521708 7.74 121.09 45.52 189.61
aeroplane 0.521701 118.03 0.00 148.28 30.27
aeroplane 0.521700 132.12 167.92 152.34 198.06
aeroplane 0.521650 52.25 25.85 74.13 50.51
aeroplane 0.521633 139.18 186.33 157.47 210.06
aeroplane 0.521571 42.90 32.90 67.71 62.58
aeroplane 0.521542 30.57 24.21 52.33 51.20
aeroplane 0.521506 162.29 0.00 197.39 16.70
aeroplane 0.521466 89.55 166.02 117.44 204.51
aeroplane 0.521464 39.08 159.20 71.74 205.01
aeroplane 0.521327 138.34 177.36 157.53 203.78
aeroplane 0.521296 119.43 20.70 140.20 85.25
aeroplane 0.521293 181.99 189.54 200.44 214.68
aeroplane 0.521260 68.27 24.12 85.58 48.11
aeroplane 0.521187 104.71 0.00 140.08 27.72
aeroplane 0.521173 54.63 43.35 89.36 89.82
aeroplane 0.521144 199.21 26.46 209.54 55.16
aeroplane 0.521114 0.00 14.59 15.72 52.31
aeroplane 0.521102 12.57 169.77 40.41 208.50
aeroplane 0.521022 81.03 173.79 178.59 224.00
aeroplane 0.520997 119.75 161.88 144.97 193.07
aeroplane 0.520995 180.76 0.00 211.78 16.36
aeroplane 0.520955 143.49 55.32 184.82 97.05
aeroplane 0.520897 21.99 199.79 51.19 224.00
aeroplane 0.520896 68.02 17.39 85.55 41.07
aeroplane 0.520875 10.11 153.75 40.91 203.79
aeroplane 0.520853 135.28 48.00 212.73 154.34
aeroplane 0.520843 122.09 174.54 205.12 224.00
aeroplane 0.520798 11.93 0.00 110.46 55.82
aeroplane 0.520660 51.31 129.43 86.57 185.49
aeroplane 0.520626 44.20 18.56 65.96 44.44
aeroplane 0.520588 161.99 58.06 194.41 93.60
aeroplane 0.520524 53.66 18.29 74.17 42.95
aeroplane 0.520522 91.92 179.37 114.76 210.19
aeroplane 0.520495 88.04 101.39 135.53 162.04
aeroplane 0.520461 49.26 164.33 77.83 205.58
aeroplane 0.520436 193.43 189.66 208.77 211.84
aeroplane 0.520316 97.83 166.23 124.29 201.99
aeroplane 0.520307 30.58 14.28 50.17 41.35
aeroplane 0.520285 191.70 185.22 207.43 205.44
aeroplane 0.520236 138.92 194.39 158.96 224.00
aeroplane 0.520210 192.14 21.25 204.10 47.71
aeroplane 0.520142 143.53 0.00 224.00 67.48
aeroplane 0.520079 3.67 0.00 34.67 18.51
aeroplane 0.519923 110.65 167.93 133.18 199.01
aeroplane 0.519908 192.53 15.16 204.08 39.56
aeroplane 0.519870 12.15 0.00 45.08 16.72
aeroplane 0.519798 199.80 2.22 210.95 31.70
aeroplane 0.519657 34.82 201.54 67.36 224.00
aeroplane 0.519646 193.01 65.64 208.71 94.24
aeroplane 0.519613 86.55 0.00 127.27 38.68
aeroplane 0.519570 89.85 182.81 110.62 220.04
aeroplane 0.519557 183.89 142.51 203.43 167.27
aeroplane 0.519521 29.15 0.00 49.27 29.83
aeroplane 0.519496 2.85 135.86 32.01 198.63
aeroplane 0.519468 182.11 171.14 202.32 196.60
aeroplane 0.519407 132.89 149.52 156.34 188.85
aeroplane 0.519300 80.85 21.52 109.06 47.37
aeroplane 0.519273 86.44 10.10 204.55 141.97
aeroplane 0.519250 173.88 179.04 196.86 200.75
aeroplane 0.519128 0.00 52.81 20.34 123.34
aeroplane 0.519088 15.60 197.42 43.27 224.00
aeroplane 0.519066 76.70 0.00 116.63 16.29
aeroplane 0.519065 99.70 181.34 122.13 209.22
aeroplane 0.519027 191.23 28.40 203.51 56.03
aeroplane 0.519010 57.09 0.00 91.98 15.31
aeroplane 0.518965 162.66 179.17 191.98 202.93
aeroplane 0.518905 175.55 185.58 196.36 204.94
aeroplane 0.518891 189.41 179.26 206.67 200.55
aeroplane 0.518839 57.67 167.80 84.85 208.08
aeroplane 0.518786 198.11 35.13 209.26 64.05
aeroplane 0.518709 163.64 185.75 190.57 207.13
aeroplane 0.518652 135.80 0.00 174.75 23.81
aeroplane 0.518574 50.21 32.55 74.30 59.83
aeroplane 0.518542 133.57 178.23 153.00 203.88
aeroplane 0.518522 209.99 60.71 217.79 96.75
aeroplane 0.518478 0.00 191.58 26.17 224.00
aeroplane 0.518388 68.18 30.93 85.43 56.99
aeroplane 0.518255 209.22 68.27 217.31 106.84
aeroplane 0.518242 160.52 16.93 189.03 51.70
aeroplane 0.518228 171.19 67.24 197.82 101.98
aeroplane 0.518198 149.26 186.69 170.77 211.13
aeroplane 0.518174 194.64 57.91 209.18 84.65
aeroplane 0.518165 68.35 0.00 105.60 15.00
aeroplane 0.518145 162.20 169.99 192.31 198.38
aeroplane 0.518119 105.44 191.29 126.33 224.00
aeroplane 0.518107 135.59 0.00 221.41 123.63
aeroplane 0.518095 77.95 33.52 111.42 72.64
aeroplane 0.518006 95.31 186.11 118.35 223.43
aeroplane 0.518005 207.99 75.90 216.61 116.97
aeroplane 0.517999 167.29 74.87 198.77 114.83
aeroplane 0.517939 149.85 193.80 171.37 222.42
aeroplane 0.517862 0.00 0.00 16.78 39.60
aeroplane 0.517855 162.00 11.45 188.48 42.57
aeroplane 0.517853 133.64 39.87 166.52 93.27
aeroplane 0.517851 63.75 37.13 86.33 74.99
aeroplane 0.517833 175.27 190.01 196.28 214.24
aeroplane 0.517818 112.31 177.67 132.54 202.65
aeroplane 0.517818 126.07 0.00 159.70 44.76
aeroplane 0.517808 142.63 44.89 182.10 87.11
aeroplane 0.517804 81.99 147.49 125.76 195.87
aeroplane 0.517804 125.89 179.16 145.56 201.97
aeroplane 0.517800 211.55 10.36 215.07 43.24
aeroplane 0.517786 179.60 19.86 196.98 49.67
aeroplane 0.517767 145.73 0.00 185.36 19.93
aeroplane 0.517731 40.87 0.00 66.60 34.19
aeroplane 0.517577 13.20 47.31 42.03 96.40
aeroplane 0.517569 163.44 191.20 188.59 217.43
aeroplane 0.517452 148.24 178.85 171.66 205.60
aeroplane 0.517414 115.14 186.60 133.02 207.74
aeroplane 0.517395 173.42 169.37 197.72 195.86
aeroplane 0.517352 160.89 48.43 192.83 83.82
aeroplane 0.517338 159.32 24.44 189.10 62.61
aeroplane 0.517316 190.55 74.21 207.37 105.51
aeroplane 0.517315 196.26 47.00 208.89 74.89
aeroplane 0.517311 182.73 150.00 202.19 177.55
aeroplane 0.517300 166.67 118.48 200.70 157.76
bird 0.517265 181.84 203.43 206.27 224.00
aeroplane 0.517262 180.16 14.03 197.09 40.88
cow 0.517103 3.74 111.21 99.13 196.36
aeroplane 0.517088 210.45 15.95 215.58 51.99
aeroplane 0.517074 182.11 161.34 201.60 188.67
aeroplane 0.516985 102.61 0.00 138.82 44.84
aeroplane 0.516957 81.16 27.18 110.10 55.76
aeroplane 0.516943 177.76 69.31 200.40 97.59
cow 0.516893 207.42 186.22 216.94 212.45
aeroplane 0.516879 177.70 131.05 201.63 162.58
aeroplane 0.516863 141.37 168.77 161.57 198.93
aeroplane 0.516739 207.88 97.23 218.83 136.93
aeroplane 0.516706 147.47 170.11 172.31 200.39
aeroplane 0.516689 160.45 0.00 188.84 33.34
aeroplane 0.516619 159.32 35.81 190.61 74.42
aeroplane 0.516594 187.64 82.54 206.61 116.03
aeroplane 0.516549 174.23 59.48 197.43 90.07
aeroplane 0.516533 0.02 41.48 20.00 98.13
aeroplane 0.516531 178.03 27.64 196.07 59.33
aeroplane 0.516457 49.81 0.00 74.33 33.25
aeroplane 0.516455 162.42 104.74 198.49 150.13
aeroplane 0.516396 118.84 195.62 135.86 224.00
bird 0.516396 190.71 200.63 211.11 224.00
aeroplane 0.516372 48.53 199.58 78.92 224.00
aeroplane 0.516359 139.41 0.00 175.07 37.50
aeroplane 0.516355 138.22 161.14 161.31 194.27
aeroplane 0.516318 210.34 53.27 217.17 87.27
aeroplane 0.516307 8.04 194.86 34.39 224.00
aeroplane 0.516287 64.74 0.96 85.27 32.38
aeroplane 0.516270 188.77 38.42 202.46 66.77
aeroplane 0.516245 188.42 171.26 205.69 194.72
aeroplane 0.516235 182.27 61.14 201.69 87.50
aeroplane 0.516119 15.11 39.66 39.43 74.02
aeroplane 0.516114 5.23 66.74 35.20 129.40
aeroplane 0.516039 190.43 0.97 204.74 30.72
cow 0.515986 207.52 181.04 216.39 205.80
aeroplane 0.515964 22.58 0.00 54.85 20.12
aeroplane 0.515908 211.67 1.90 215.56 34.97
aeroplane 0.515864 15.30 33.60 38.11 63.12
aeroplane 0.515672 162.10 159.27 193.94 192.11
aeroplane 0.515649 87.73 121.42 200.71 207.31
aeroplane 0.515622 128.00 188.30 146.05 207.71
aeroplane 0.515564 121.58 130.55 145.69 180.61
aeroplane 0.515555 174.41 158.22 198.69 189.00
aeroplane 0.515501 210.27 31.20 216.22 67.94
aeroplane 0.515470 145.48 160.95 171.82 195.21
aeroplane 0.515407 8.67 56.58 39.61 118.24
aeroplane 0.515390 146.32 205.98 175.08 224.00
cow 0.515378 204.97 196.58 219.01 224.00
aeroplane 0.515371 140.24 31.06 178.65 78.42
aeroplane 0.515351 15.04 25.79 36.42 53.07
aeroplane 0.515325 16.38 15.15 34.83 42.95
cow 0.515142 206.79 175.14 215.61 201.28
aeroplane 0.515110 36.14 0.00 72.18 21.43
aeroplane 0.515109 186.84 127.25 206.18 153.46
aeroplane 0.515018 185.60 50.66 201.74 78.14
cow 0.515000 0.61 136.92 91.09 224.00
aeroplane 0.514996 128.17 196.44 146.72 224.00
aeroplane 0.514991 16.99 0.00 35.09 31.16
aeroplane 0.514956 132.48 207.25 161.34 224.00
bird 0.514907 167.95 203.81 198.85 224.00
aeroplane 0.514703 177.19 0.00 197.59 31.14
aeroplane 0.514692 210.58 42.75 216.53 77.78
aeroplane 0.514656 184.58 99.88 206.38 133.30
aeroplane 0.514620 206.79 132.39 218.00 163.36
aeroplane 0.514528 176.40 38.54 195.53 70.74
aeroplane 0.514523 139.25 12.79 175.12 53.91
aeroplane 0.514517 133.57 114.96 158.96 167.61
aeroplane 0.514408 207.17 140.10 216.99 170.28
aeroplane 0.514391 134.05 13.72 164.50 68.61
aeroplane 0.514165 175.55 50.12 196.31 80.72
aeroplane 0.514128 206.99 0.00 218.94 26.58
aeroplane 0.514068 188.15 161.85 205.03 186.95
aeroplane 0.514058 157.45 204.73 190.40 224.00
aeroplane 0.514022 79.56 3.53 106.23 33.35
aeroplane 0.513989 129.64 83.24 167.79 145.56
aeroplane 0.513984 1.69 38.35 20.00 75.48
aeroplane 0.513912 0.00 0.00 98.66 85.98
aeroplane 0.513888 207.65 109.51 218.35 146.77
aeroplane 0.513694 6.13 0.00 21.44 34.95
aeroplane 0.513658 4.57 16.38 20.00 47.35
aeroplane 0.513639 206.87 122.71 218.15 156.11
aeroplane 0.513620 56.44 197.18 85.22 224.00
cow 0.513501 206.52 167.19 214.96 195.25
aeroplane 0.513488 2.43 26.48 20.00 57.17
aeroplane 0.513425 78.52 197.31 107.42 224.00
aeroplane 0.513386 69.13 196.58 96.55 224.00
aeroplane 0.513221 185.63 112.88 206.04 144.22
aeroplane 0.513212 207.25 148.22 215.57 178.84
aeroplane 0.513204 139.46 110.73 169.18 160.45
aeroplane 0.513135 104.43 154.68 135.53 192.48
aeroplane 0.512677 134.14 97.91 167.61 154.34
aeroplane 0.512646 206.91 157.98 214.74 187.71
aeroplane 0.512476 85.36 199.00 115.71 224.00
aeroplane 0.512442 166.86 132.70 199.08 171.74
aeroplane 0.512352 163.53 145.31 196.40 183.48
aeroplane 0.512303 92.97 201.91 123.32 224.00
aeroplane 0.512275 99.22 127.32 134.98 181.61
aeroplane 0.512127 71.02 0.00 107.18 22.84
aeroplane 0.512102 80.08 0.00 122.62 27.51
aeroplane 0.511562 143.79 147.07 169.43 188.92
aeroplane 0.511447 134.33 128.44 157.72 177.42
aeroplane 0.509934 143.34 130.56 167.98 176.80
