bird 0.673613 45.99 38.22 161.29 208.70
bird 0.601674 27.07 17.46 194.39 214.85
bird 0.584027 54.85 67.78 139.02 170.20
bird 0.572730 62.80 33.74 154.22 124.92
boat 0.570293 58.67 34.96 153.80 130.65
boat 0.568088 82.47 37.12 171.08 138.62
bird 0.566180 55.68 46.34 140.63 141.24
bird 0.564926 66.61 6.63 216.86 170.56
bird 0.560982 47.17 90.56 120.26 191.46
bird 0.557252 42.92 110.23 108.02 210.71
boat 0.556965 117.11 49.90 196.68 137.16
bird 0.552732 72.17 68.44 159.26 160.65
bird 0.552100 58.11 70.47 114.25 151.84
aeroplane 0.551456 83.58 65.83 164.88 159.81
boat 0.549983 82.59 72.26 163.47 165.93
bird 0.547920 16.24 93.04 145.07 217.45
bird 0.546904 28.62 116.70 65.96 211.42
bird 0.546728 0.00 84.62 27.04 187.78
bird 0.545480 0.00 114.09 46.02 220.15
bird 0.544064 0.54 85.77 66.98 194.64
bird 0.543231 37.09 116.72 78.38 209.94
bird 0.543186 48.11 99.55 95.77 196.95
boat 0.541929 88.48 37.12 167.88 103.97
boat 0.541388 140.37 62.44 202.71 139.09
boat 0.541107 105.17 43.86 179.26 122.21
bird 0.539813 22.66 112.83 55.79 204.75
bird 0.539518 0.00 101.95 14.96 167.40
bird 0.539192 6.19 120.19 40.40 202.71
bird 0.538903 0.00 120.84 15.97 192.84
bird 0.538812 14.76 105.54 98.57 215.24
bird 0.538548 0.00 118.75 29.35 196.34
bird 0.537725 68.48 37.68 141.58 105.13
bird 0.537530 42.48 92.45 80.26 183.81
bird 0.536988 51.62 82.44 102.39 167.94
boat 0.536911 104.07 84.44 161.01 170.18
bird 0.536887 89.48 38.30 158.20 97.83
bird 0.536078 35.49 94.66 63.67 183.60
bird 0.535725 109.69 31.79 159.95 55.95
bird 0.535531 105.21 36.87 159.46 67.34
bird 0.535446 8.07 101.18 30.75 166.44
bird 0.535413 7.40 108.42 34.32 188.59
bird 0.535296 0.00 30.59 116.76 180.74
bird 0.534716 0.00 89.10 12.19 149.71
bird 0.534441 144.47 20.88 224.00 141.28
aeroplane 0.534320 208.19 0.00 224.00 19.88
boat 0.534309 106.58 66.43 176.60 156.22
bird 0.534155 0.00 205.29 22.41 224.00
bird 0.534004 0.00 97.43 25.72 161.30
bird 0.533921 129.96 11.71 159.81 26.59
bird 0.533917 20.09 124.08 126.22 224.00
bird 0.533716 0.00 208.28 38.81 224.00
bird 0.533263 15.85 112.08 45.46 200.27
bird 0.532558 39.91 83.20 73.16 160.58
bird 0.532420 46.14 78.76 89.48 157.36
bird 0.532391 0.00 56.30 28.04 161.15
bird 0.532178 71.84 32.16 195.17 149.51
bottle 0.531890 145.03 52.27 197.28 120.81
bird 0.531678 109.20 41.79 173.28 101.18
bird 0.531332 106.90 39.36 163.83 79.78
bird 0.531250 15.78 207.38 69.09 224.00
bird 0.531067 43.26 150.03 93.07 214.41
person 0.530990 210.09 207.08 224.00 224.00
sheep 0.530856 22.13 138.15 61.07 210.83
bird 0.530817 6.11 92.98 29.11 149.73
bird 0.530770 126.96 17.44 160.86 37.36
aeroplane 0.529928 96.88 15.09 125.16 24.45
bird 0.529885 0.00 63.74 86.63 173.45
bird 0.529830 131.09 211.93 163.43 224.00
bird 0.529711 132.07 0.00 165.01 17.76
bird 0.529589 18.40 194.86 70.67 220.21
aeroplane 0.529510 152.85 69.56 204.67 136.64
bird 0.529426 120.32 23.98 162.20 47.41
bird 0.529322 91.49 211.52 128.66 224.00
bird 0.529291 165.11 47.33 224.00 150.85
person 0.529193 189.62 183.62 224.00 224.00
bird 0.529182 59.95 59.01 123.68 124.72
bird 0.529168 147.10 211.81 179.46 224.00
bird 0.529043 29.80 205.95 82.97 224.00
boat 0.528916 125.51 102.08 164.06 173.84
bird 0.528899 27.08 98.45 52.05 181.55
bird 0.528894 115.83 211.94 150.72 224.00
bird 0.528669 51.04 208.22 97.59 224.00
aeroplane 0.528637 92.28 14.35 118.06 23.94
bird 0.528591 163.37 0.00 224.00 65.13
bird 0.528574 76.67 54.26 193.49 191.32
person 0.528543 0.00 0.00 21.34 22.15
bird 0.528231 65.66 209.47 107.76 224.00
bird 0.527978 155.18 211.63 189.51 224.00
bird 0.527978 102.93 14.96 133.03 24.23
bird 0.527952 0.00 0.00 52.72 44.74
aeroplane 0.527901 72.88 37.61 133.74 86.06
bird 0.527842 29.18 89.90 56.98 161.25
bird 0.527681 0.00 58.24 10.04 105.02
bird 0.527407 26.48 193.29 81.88 217.27
bird 0.527405 39.71 75.75 67.17 141.41
boat 0.527100 114.36 0.00 206.00 63.97
bottle 0.526945 133.36 47.12 188.57 106.15
bird 0.526856 122.32 180.23 200.75 224.00
bird 0.526747 0.00 141.25 60.83 224.00
aeroplane 0.526746 83.50 91.72 145.79 171.09
bird 0.526737 112.14 14.41 145.75 23.80
bird 0.526543 59.70 149.23 107.81 212.85
bird 0.526461 177.72 69.44 224.00 165.80
dog 0.526427 220.00 100.82 224.00 142.36
bird 0.526424 121.72 14.04 156.03 22.80
bird 0.526376 92.59 73.49 224.00 224.00
bird 0.526318 42.60 172.95 90.96 213.23
bird 0.526316 186.96 213.41 217.01 224.00
bird 0.526043 0.00 192.55 14.80 224.00
bird 0.526001 0.00 72.16 10.07 124.80
boat 0.525986 198.10 0.00 224.00 18.42
bird 0.525938 43.47 140.19 157.65 224.00
bird 0.525870 178.33 213.04 210.76 224.00
bird 0.525866 0.00 81.83 21.41 139.44
bird 0.525852 199.13 111.89 224.00 213.52
bird 0.525846 8.21 131.81 89.76 224.00
bird 0.525695 95.79 3.38 124.82 20.38
bird 0.525621 204.18 133.81 224.00 224.00
bird 0.525529 189.96 92.77 224.00 186.81
boat 0.525426 78.03 0.00 147.80 50.87
bird 0.525400 11.09 46.17 27.38 68.63
bird 0.525346 3.43 85.57 27.61 136.11
sheep 0.525345 196.03 211.74 224.00 224.00
dog 0.525336 220.00 86.05 224.00 132.53
bird 0.525320 97.62 7.00 223.12 118.82
sheep 0.525259 7.10 141.29 46.33 206.77
bird 0.525241 0.00 41.70 13.09 78.53
bird 0.525209 140.48 185.34 215.79 224.00
boat 0.525198 187.94 0.00 219.79 17.50
boat 0.525189 94.91 0.00 125.28 18.51
aeroplane 0.524968 69.53 37.04 121.12 73.36
bird 0.524961 0.00 32.11 33.29 135.48
bird 0.524825 0.00 146.59 14.14 206.75
boat 0.524816 95.52 0.00 174.12 54.09
bird 0.524778 17.46 97.09 34.86 166.59
bird 0.524775 1.28 195.93 37.91 223.79
bird 0.524754 165.27 0.00 197.90 16.58
bird 0.524696 11.41 39.36 27.99 61.52
bird 0.524686 107.96 23.63 157.34 43.57
bird 0.524584 110.97 18.28 151.59 31.83
aeroplane 0.524548 164.07 83.17 203.48 138.03
aeroplane 0.524505 75.83 31.61 123.19 56.05
bird 0.524472 147.00 0.00 180.70 16.97
bird 0.524420 40.65 187.25 88.02 215.86
bird 0.524358 0.00 143.30 32.90 206.18
bird 0.524308 122.19 38.92 165.14 65.16
bird 0.524275 103.01 18.00 139.51 31.20
bird 0.524134 93.04 169.52 189.67 224.00
aeroplane 0.524089 96.56 17.55 130.57 30.13
bird 0.524077 37.70 63.97 64.92 118.33
boat 0.524021 102.11 0.00 133.38 17.80
aeroplane 0.523937 91.27 16.35 122.35 29.51
bird 0.523859 5.84 0.00 159.56 192.70
bird 0.523858 0.00 9.56 44.27 111.06
sheep 0.523824 177.56 104.71 206.04 139.40
bird 0.523771 156.84 0.00 189.61 16.79
bird 0.523767 66.61 155.66 171.77 224.00
boat 0.523611 60.49 0.00 123.73 47.40
bird 0.523434 119.21 0.00 152.54 17.48
aeroplane 0.523381 86.04 21.78 126.23 40.65
dog 0.523346 220.00 69.90 224.00 115.65
bird 0.523330 68.32 168.05 107.58 211.18
bird 0.523217 101.99 2.79 132.28 19.28
dog 0.523134 220.00 152.33 224.00 184.85
bird 0.522996 10.24 195.04 54.12 221.12
bird 0.522974 23.19 0.00 56.54 14.70
bird 0.522965 0.44 44.35 21.74 73.71
bird 0.522938 169.77 26.89 187.53 46.86
bird 0.522917 19.71 163.31 62.56 216.61
bird 0.522852 170.15 19.99 186.32 37.05
sheep 0.522761 183.45 115.47 205.58 143.19
boat 0.522738 110.73 0.00 143.29 17.48
boat 0.522718 54.34 0.00 83.89 15.80
bird 0.522650 137.00 189.28 154.89 206.25
dog 0.522610 220.00 55.43 224.00 97.80
bird 0.522543 157.45 19.54 178.49 37.10
bird 0.522534 36.24 56.37 62.17 101.32
bird 0.522418 11.91 30.19 28.47 52.56
bird 0.522379 64.14 42.04 117.56 88.31
bird 0.522351 0.00 0.00 56.76 89.54
bird 0.522339 27.28 40.29 44.51 61.32
bird 0.522287 70.09 88.18 185.53 217.23
bird 0.522284 36.09 39.27 53.33 61.89
bird 0.522199 27.69 46.67 45.89 68.54
aeroplane 0.522150 220.00 159.21 224.00 192.59
bird 0.521939 1.70 37.90 22.61 65.16
boat 0.521897 134.25 123.13 166.14 174.25
bird 0.521882 36.76 45.53 55.26 70.64
sheep 0.521869 186.12 134.86 206.00 159.44
bottle 0.521819 163.23 51.22 200.16 102.24
dog 0.521691 220.00 136.58 224.00 174.34
bird 0.521687 29.23 182.96 81.77 212.89
boat 0.521667 41.51 0.00 106.68 43.73
bird 0.521608 147.26 0.00 224.00 101.72
bird 0.521482 169.52 33.36 188.21 55.96
dog 0.521436 220.00 116.40 224.00 157.69
boat 0.521425 166.07 59.14 204.81 107.09
bird 0.521389 95.21 31.89 148.23 61.02
bird 0.521381 31.31 76.87 53.18 134.04
bird 0.521374 129.72 189.88 148.51 205.81
bird 0.521372 135.99 180.83 155.61 200.66
bird 0.521323 30.27 158.07 78.11 215.26
bird 0.521291 154.35 25.75 179.22 46.87
bird 0.521278 136.46 196.70 156.60 216.95
bird 0.521263 47.01 0.00 78.45 15.78
boat 0.521255 154.18 66.39 205.04 125.91
aeroplane 0.521242 87.61 13.96 110.96 22.10
bird 0.521192 0.00 61.50 17.27 101.91
dog 0.521175 187.56 146.60 205.31 167.82
boat 0.521163 0.00 0.00 29.69 18.55
bird 0.521136 18.71 40.44 34.26 60.67
bird 0.521128 26.82 30.96 45.39 53.39
dog 0.521099 175.09 100.09 202.36 140.94
bird 0.520989 36.51 50.48 58.46 84.19
boat 0.520930 81.40 0.00 110.37 17.95
bird 0.520922 18.75 187.20 67.98 214.93
sheep 0.520821 185.24 124.22 205.32 149.60
bird 0.520820 121.21 0.00 212.80 61.63
bottle 0.520813 161.56 46.93 191.91 89.26
bird 0.520812 110.96 1.24 143.78 18.43
bird 0.520803 35.14 30.27 54.49 53.65
aeroplane 0.520774 189.30 165.55 203.93 180.69
bird 0.520758 0.00 165.49 13.43 214.47
bird 0.520667 2.35 0.00 78.84 38.95
bird 0.520648 18.70 47.03 33.97 66.93
bird 0.520630 140.33 20.77 168.48 38.18
bird 0.520620 176.87 27.45 195.38 47.18
aeroplane 0.520601 65.62 31.83 105.74 52.24
bird 0.520590 9.10 0.00 39.15 15.81
sheep 0.520428 188.87 157.02 204.52 174.56
bird 0.520340 167.27 41.19 188.80 68.49
bird 0.520339 0.00 26.83 14.09 60.72
bird 0.520317 177.80 20.58 194.23 37.02
boat 0.520288 139.51 0.00 224.00 61.20
aeroplane 0.520237 220.00 8.48 224.00 47.34
boat 0.520236 118.56 97.49 173.80 161.05
bird 0.520159 122.16 190.12 142.42 205.14
bird 0.520121 37.86 0.00 71.49 14.93
aeroplane 0.520100 84.65 32.31 137.65 60.71
bottle 0.520074 140.47 45.07 184.17 87.21
bird 0.520053 0.00 73.81 18.38 123.33
bottle 0.520046 220.00 15.44 224.00 56.95
bird 0.519978 114.34 189.02 135.22 205.84
bird 0.519946 0.00 21.49 98.98 125.65
bird 0.519933 151.26 32.12 179.68 55.38
bird 0.519929 196.77 165.35 224.00 224.00
bird 0.519927 18.80 31.05 35.19 52.35
bird 0.519893 102.50 73.03 207.22 185.79
bird 0.519855 93.42 154.97 126.10 198.45
person 0.519848 0.00 2.58 15.14 32.80
bird 0.519802 106.65 194.67 128.05 213.92
bird 0.519785 2.33 28.74 22.97 55.92
bird 0.519733 129.44 195.83 149.21 214.87
sheep 0.519720 14.80 164.69 59.82 216.26
bird 0.519691 114.81 195.20 135.38 214.28
aeroplane 0.519624 61.04 12.21 80.33 20.00
aeroplane 0.519619 134.68 163.88 156.50 187.79
aeroplane 0.519598 135.27 172.12 155.78 195.25
bird 0.519596 19.73 40.21 133.79 142.92
bird 0.519595 47.46 73.79 81.71 132.11
bird 0.519569 128.18 181.57 149.23 200.96
boat 0.519566 140.11 164.73 162.51 187.14
bird 0.519542 13.61 20.34 29.59 41.36
bird 0.519540 122.92 43.12 173.37 81.88
person 0.519488 0.00 10.30 14.22 41.39
bird 0.519456 143.46 189.92 161.11 205.65
dog 0.519398 220.00 22.68 224.00 64.74
bird 0.519371 175.68 34.07 195.79 57.11
person 0.519369 0.00 17.56 13.73 51.09
boat 0.519273 132.29 114.15 174.22 164.45
boat 0.519272 71.97 0.00 101.35 16.64
dog 0.519262 220.00 40.03 224.00 81.83
aeroplane 0.519199 220.00 168.76 224.00 201.85
bird 0.519198 28.79 63.66 52.79 109.32
aeroplane 0.519164 189.31 170.93 202.92 187.07
bird 0.519144 0.68 189.25 36.75 216.16
bird 0.519130 143.29 198.35 163.92 217.78
bird 0.519123 146.98 39.72 180.64 66.87
bird 0.519096 9.90 51.43 26.97 74.92
bird 0.519092 18.84 85.84 34.99 138.24
bird 0.519079 3.14 77.23 25.08 119.02
bird 0.519055 122.24 195.60 142.23 213.82
bird 0.519015 7.29 205.60 54.39 224.00
bird 0.519012 130.45 61.48 221.05 163.78
bird 0.519005 104.47 186.55 127.81 206.59
boat 0.518973 158.86 93.76 196.22 143.56
aeroplane 0.518956 194.41 164.97 208.44 179.41
boat 0.518915 157.94 164.83 182.71 183.22
bird 0.518899 187.51 18.30 203.85 36.57
bird 0.518886 73.04 7.75 160.93 108.61
bird 0.518811 142.02 181.13 161.33 199.81
aeroplane 0.518809 220.00 190.46 224.00 220.21
bird 0.518795 186.11 25.71 204.26 47.28
bird 0.518771 216.07 201.36 224.00 224.00
bird 0.518721 45.00 59.30 73.02 103.82
sheep 0.518715 0.00 167.19 34.51 214.24
bird 0.518712 92.93 192.45 119.45 213.02
bird 0.518698 74.81 185.12 107.88 213.76
boat 0.518668 147.04 165.18 171.09 185.21
bird 0.518655 134.87 26.52 169.06 47.52
bird 0.518626 172.69 41.57 195.44 68.56
aeroplane 0.518619 141.05 172.79 161.49 194.35
bird 0.518617 130.56 33.10 169.70 55.93
bird 0.518608 83.67 203.99 116.40 224.00
aeroplane 0.518578 107.15 162.12 133.85 194.24
bird 0.518564 143.42 12.49 170.00 27.07
bird 0.518552 82.89 188.37 112.82 213.26
bird 0.518519 84.58 0.94 109.97 18.53
boat 0.518452 213.02 0.00 224.00 22.51
bird 0.518436 168.18 47.82 197.21 86.58
bird 0.518409 61.18 52.26 107.76 100.07
bird 0.518311 27.12 56.78 50.87 93.68
bird 0.518301 160.56 171.86 181.82 189.99
aeroplane 0.518238 178.18 107.12 210.15 138.39
boat 0.518225 139.04 146.02 163.79 179.82
bird 0.518190 120.04 181.72 142.65 201.35
bird 0.518180 27.02 51.40 48.07 78.36
bird 0.518176 91.94 205.33 123.29 224.00
bird 0.518095 0.00 54.29 19.78 90.56
boat 0.518092 130.42 87.74 187.29 150.83
aeroplane 0.518047 148.78 173.13 170.14 192.23
bird 0.518000 111.76 180.38 135.36 203.11
aeroplane 0.517997 60.64 30.86 91.86 52.45
bird 0.517926 171.15 54.83 204.68 95.93
bird 0.517923 46.36 39.59 64.61 59.76
bird 0.517897 100.18 176.24 127.79 205.30
bird 0.517889 5.36 65.14 24.65 95.80
bird 0.517877 27.55 20.48 46.71 41.84
bird 0.517836 70.30 152.32 117.43 206.90
aeroplane 0.517810 220.00 179.42 224.00 210.32
sheep 0.517800 193.03 156.45 208.81 173.06
aeroplane 0.517681 166.78 75.40 210.54 126.59
bird 0.517678 109.61 170.28 134.43 199.26
bird 0.517674 45.72 51.23 68.63 85.76
bird 0.517650 56.98 3.67 135.81 104.71
aeroplane 0.517626 127.07 172.48 149.30 195.64
aeroplane 0.517623 186.11 201.42 203.52 217.96
bird 0.517591 102.49 206.26 131.65 224.00
bird 0.517576 158.96 9.57 180.14 25.60
bird 0.517529 20.27 20.82 36.85 40.85
aeroplane 0.517493 74.54 22.66 112.69 38.59
bird 0.517484 86.65 180.48 119.06 207.49
aeroplane 0.517482 67.38 14.00 88.01 20.00
dog 0.517468 182.84 132.06 200.58 158.59
bird 0.517410 3.14 19.07 23.15 45.16
bird 0.517402 4.40 72.05 23.89 105.21
bird 0.517361 15.64 12.63 31.12 30.17
bird 0.517350 183.90 32.88 204.23 57.45
aeroplane 0.517298 195.11 170.64 208.59 185.53
aeroplane 0.517298 172.74 95.09 210.06 135.33
bird 0.517252 47.73 200.36 95.08 224.00
bird 0.517187 169.96 8.87 187.33 25.50
aeroplane 0.517164 190.54 146.02 209.67 166.12
bird 0.517160 62.37 38.45 95.61 64.54
bird 0.517097 117.38 116.49 209.69 224.00
aeroplane 0.517055 151.24 200.03 172.72 219.16
bird 0.517015 110.60 206.59 139.04 224.00
bird 0.516941 35.86 19.96 56.04 41.50
bird 0.516922 7.09 57.54 25.99 84.85
aeroplane 0.516913 183.15 63.14 211.19 99.62
bird 0.516909 0.00 0.00 79.70 69.71
aeroplane 0.516827 171.21 165.21 193.06 181.11
bird 0.516822 45.55 30.39 66.33 50.64
bird 0.516757 110.82 150.31 197.48 224.00
aeroplane 0.516745 125.61 164.62 149.80 188.60
bird 0.516739 46.85 45.73 66.26 69.87
bird 0.516714 150.83 190.73 168.84 205.21
aeroplane 0.516704 62.04 15.47 83.01 28.00
aeroplane 0.516577 66.11 22.71 100.09 39.10
aeroplane 0.516500 118.04 172.13 142.07 196.99
bird 0.516481 149.56 181.48 169.51 198.63
bird 0.516480 22.60 13.10 38.94 29.27
sheep 0.516478 165.31 108.98 194.49 145.63
bird 0.516475 57.99 127.91 117.35 202.23
bird 0.516432 29.70 12.75 48.18 29.79
bird 0.516407 77.81 166.80 118.40 208.12
bird 0.516395 73.82 113.10 127.10 185.62
bird 0.516324 118.40 206.89 145.85 224.00
aeroplane 0.516294 177.60 67.21 210.13 110.07
bird 0.516224 126.04 207.16 152.87 224.00
aeroplane 0.516222 197.58 14.88 212.19 35.78
boat 0.516217 139.86 120.54 181.74 160.36
aeroplane 0.516209 220.00 0.00 224.00 34.18
bird 0.516196 63.91 201.11 105.14 224.00
bird 0.516164 62.39 43.43 102.25 80.34
bird 0.516160 4.56 11.85 24.05 34.44
bird 0.516158 180.46 41.17 203.05 68.37
aeroplane 0.516157 161.18 200.61 183.27 221.06
sheep 0.516120 167.08 119.33 193.62 150.33
bird 0.516072 15.95 6.60 33.41 21.61
aeroplane 0.516061 78.26 14.58 100.59 20.00
boat 0.516059 165.18 127.55 192.08 158.24
boat 0.516031 63.36 0.00 88.34 15.60
boat 0.516006 121.43 116.47 156.05 177.35
aeroplane 0.515982 182.78 165.09 199.78 179.64
aeroplane 0.515976 177.96 200.98 197.64 220.25
aeroplane 0.515964 196.49 23.10 212.21 46.12
aeroplane 0.515913 172.50 170.92 191.80 187.62
aeroplane 0.515902 115.52 163.94 141.78 191.05
aeroplane 0.515847 67.96 17.16 92.95 28.00
bird 0.515804 135.17 86.88 224.00 182.84
bird 0.515682 38.65 0.00 118.31 95.76
dog 0.515665 182.97 143.87 200.30 166.93
aeroplane 0.515654 187.34 190.31 200.97 203.82
bird 0.515630 5.09 4.99 25.54 25.82
aeroplane 0.515597 91.59 117.11 136.62 182.60
bird 0.515589 56.57 11.13 76.04 20.00
boat 0.515551 143.40 147.94 171.65 177.39
bird 0.515525 30.04 7.10 50.51 20.00
bird 0.515509 17.93 52.18 33.61 73.69
aeroplane 0.515441 60.60 21.54 87.86 39.60
bird 0.515415 38.30 12.73 57.12 28.99
bird 0.515385 23.29 7.12 42.06 20.00
aeroplane 0.515375 100.00 145.95 133.28 190.79
aeroplane 0.515372 182.67 169.94 197.96 186.40
bird 0.515264 175.62 49.36 203.27 82.76
aeroplane 0.515233 194.41 30.36 212.12 55.34
aeroplane 0.515226 161.22 190.04 178.95 205.38
bird 0.515181 84.64 139.96 125.20 194.84
bird 0.515131 140.76 209.32 168.13 224.00
aeroplane 0.515121 169.75 201.15 191.69 221.19
bird 0.515023 161.08 179.52 180.22 197.26
aeroplane 0.515007 194.66 199.72 209.93 214.47
bird 0.514823 55.39 30.20 81.60 50.40
aeroplane 0.514802 77.88 17.41 106.27 28.00
dog 0.514767 182.98 155.89 200.22 173.50
boat 0.514745 151.97 149.31 182.09 175.78
bird 0.514707 144.44 127.81 224.00 224.00
aeroplane 0.514692 107.38 116.52 147.85 179.61
bird 0.514668 177.03 8.92 195.17 25.19
bird 0.514642 38.49 8.00 58.74 20.00
bird 0.514505 0.25 0.00 27.76 19.95
boat 0.514497 168.32 153.09 192.72 174.39
bird 0.514457 32.95 0.00 61.41 13.74
dog 0.514447 201.78 60.64 220.85 95.71
aeroplane 0.514395 180.29 189.08 194.87 204.09
boat 0.514384 165.22 138.59 191.82 166.53
aeroplane 0.514316 188.60 178.49 201.72 193.85
bird 0.514282 56.70 38.88 83.52 60.48
aeroplane 0.514265 191.19 39.41 211.46 66.45
dog 0.514244 199.28 65.53 220.01 104.60
bird 0.514134 18.68 71.64 34.41 109.84
boat 0.514052 144.96 131.76 181.52 167.38
bird 0.513991 187.04 6.50 206.05 25.14
dog 0.513879 190.41 77.29 219.05 123.35
bird 0.513776 17.50 64.86 34.17 98.18
aeroplane 0.513723 171.43 189.68 188.54 204.37
bird 0.513712 57.40 52.91 93.36 91.85
bird 0.513575 58.05 64.15 98.29 109.69
bird 0.513466 58.99 72.50 102.96 123.70
bird 0.513432 46.56 20.21 68.16 38.35
bird 0.513396 16.60 58.03 33.41 85.38
aeroplane 0.513387 196.39 2.30 213.78 24.38
aeroplane 0.513387 57.52 14.32 77.38 28.00
aeroplane 0.513365 124.63 144.26 152.04 182.44
dog 0.513325 194.97 70.70 219.62 113.94
bird 0.513306 48.51 10.24 68.59 20.00
aeroplane 0.513184 194.78 189.51 207.32 202.32
aeroplane 0.512995 112.26 145.76 143.27 186.51
aeroplane 0.512845 194.77 177.98 207.54 192.49
sheep 0.512798 190.76 0.00 217.23 16.85
aeroplane 0.512793 187.01 49.59 211.24 79.49
bird 0.512709 49.12 13.74 68.50 28.00
bird 0.512701 57.45 44.72 88.53 73.02
bird 0.512530 55.79 20.43 79.89 38.04
dog 0.512506 186.94 95.50 216.55 135.64
bird 0.512417 164.71 211.91 196.16 224.00
bird 0.512263 172.84 178.20 190.43 194.86
sheep 0.512193 201.30 207.30 220.06 224.00
bird 0.512089 182.35 177.18 196.39 193.85
boat 0.512044 203.68 159.82 214.30 178.73
bird 0.511552 149.46 165.85 224.00 224.00
boat 0.511502 204.99 165.46 215.38 185.26
aeroplane 0.511447 207.07 195.42 218.54 215.07
bottle 0.511344 211.19 18.43 221.27 49.72
bottle 0.511298 208.39 34.63 221.67 67.82
bottle 0.511273 210.23 25.62 221.75 58.02
bird 0.511047 181.75 0.00 210.35 16.59
boat 0.511022 200.61 151.47 214.22 173.41
boat 0.510990 211.54 10.96 221.02 40.25
dog 0.510968 205.45 44.59 221.72 78.80
sheep 0.510670 186.80 111.51 213.48 142.49
boat 0.510245 195.79 141.09 214.25 167.57
aeroplane 0.509517 207.96 185.28 217.28 204.34
boat 0.509375 208.61 0.00 220.42 28.49
sheep 0.509331 206.05 173.91 216.20 194.30
dog 0.509056 191.10 129.98 214.05 159.29
sheep 0.508911 187.99 119.23 213.27 149.93
