person 0.664677 66.89 2.61 104.09 35.75
horse 0.621204 20.55 27.30 156.72 218.11
horse 0.569373 35.31 45.41 195.18 178.97
horse 0.565858 41.77 91.34 116.77 187.33
horse 0.563409 27.01 37.82 118.40 190.34
horse 0.562312 126.66 43.35 200.38 115.64
horse 0.561958 62.09 65.68 120.99 170.61
horse 0.550543 65.60 26.54 120.48 83.85
horse 0.550083 29.76 99.91 98.24 184.81
horse 0.548754 131.22 80.69 202.04 150.16
horse 0.548504 57.14 20.62 89.97 92.89
horse 0.547749 26.31 63.38 62.40 153.45
horse 0.547516 67.09 53.91 115.81 147.77
horse 0.546610 51.82 21.78 79.62 95.16
cow 0.546372 17.29 103.03 65.49 189.36
horse 0.545822 61.45 21.10 104.49 88.52
horse 0.545541 127.88 44.00 184.13 97.30
horse 0.545261 19.95 103.27 72.13 187.94
horse 0.543851 33.62 68.91 72.97 164.90
horse 0.543680 47.38 70.17 91.62 166.65
horse 0.543352 0.00 75.52 37.53 186.00
horse 0.542648 49.42 1.97 221.81 177.08
horse 0.542047 28.70 23.53 52.24 90.57
horse 0.541994 38.95 22.60 64.93 95.17
person 0.541733 62.78 0.00 105.04 61.35
horse 0.541595 24.78 81.41 66.89 169.57
horse 0.540311 0.00 52.97 61.05 177.37
horse 0.540086 131.53 86.24 178.43 152.40
horse 0.539347 55.06 62.64 98.65 154.65
person 0.539044 29.69 20.66 52.47 90.63
horse 0.538892 42.24 38.97 152.24 165.64
horse 0.538173 178.28 41.71 224.00 153.80
horse 0.537989 19.58 68.06 52.41 143.82
horse 0.537770 21.36 27.82 46.11 83.23
horse 0.537288 71.63 54.38 193.07 145.70
person 0.537042 59.32 0.00 97.08 48.05
person 0.537017 23.39 24.16 46.34 81.49
horse 0.536946 51.25 60.66 83.82 151.75
horse 0.536024 62.18 112.19 103.89 194.72
person 0.536004 34.89 35.88 124.52 164.40
cow 0.535784 10.34 110.86 42.51 187.32
horse 0.534949 44.90 59.56 75.06 150.34
person 0.534725 38.19 18.32 67.92 94.33
horse 0.534459 184.05 74.00 224.00 192.62
horse 0.534372 134.63 60.02 200.18 138.01
cow 0.534029 0.00 172.97 33.30 224.00
cow 0.533558 0.00 125.43 12.48 188.13
person 0.533033 62.09 23.57 102.23 86.91
cow 0.532665 0.00 121.37 28.04 187.44
horse 0.532383 59.88 36.60 109.85 125.50
person 0.532346 0.00 204.08 17.66 224.00
car 0.531839 210.39 0.00 224.00 21.95
horse 0.531098 82.09 66.50 119.48 162.13
horse 0.531051 35.18 76.71 165.66 197.52
person 0.530981 39.79 5.83 109.02 85.22
horse 0.530727 120.55 85.07 165.33 154.02
cow 0.530707 0.00 207.60 25.62 224.00
cow 0.529852 169.89 178.29 224.00 224.00
person 0.529821 171.14 0.00 224.00 57.40
person 0.529770 0.00 0.00 19.39 25.51
horse 0.529735 0.00 173.74 65.36 224.00
sheep 0.529733 0.00 131.76 11.92 190.91
horse 0.529701 49.07 113.62 91.61 192.45
person 0.529545 207.88 206.82 224.00 224.00
person 0.529542 0.00 0.00 37.21 57.82
horse 0.529206 18.82 32.93 39.49 75.82
person 0.529093 23.69 16.12 44.40 65.48
person 0.529062 0.00 18.05 43.37 134.02
horse 0.529059 133.85 23.00 192.10 84.38
person 0.528946 0.00 6.35 35.39 110.26
person 0.528921 38.12 0.00 99.39 59.41
person 0.528904 19.73 28.37 39.01 72.08
horse 0.528773 147.04 39.09 217.31 142.15
horse 0.528639 16.89 68.49 39.25 119.15
horse 0.528617 179.02 100.47 224.00 224.00
horse 0.528598 70.02 128.24 107.40 203.61
horse 0.528582 18.04 61.86 47.51 123.17
cow 0.528518 17.15 99.46 48.06 173.83
horse 0.528421 25.66 55.57 54.91 126.94
cow 0.528048 0.00 4.45 14.28 39.68
person 0.527951 220.00 54.96 224.00 107.87
person 0.527723 54.38 0.59 91.28 72.09
person 0.527722 39.79 24.60 116.51 127.57
cow 0.527670 146.01 211.39 180.15 224.00
horse 0.527665 37.78 51.77 62.92 129.98
person 0.527633 19.23 20.21 36.40 57.21
horse 0.527632 41.24 25.73 129.93 136.74
horse 0.527614 110.91 76.19 224.00 224.00
horse 0.527530 12.23 75.06 31.27 116.52
horse 0.527455 18.52 36.62 92.74 169.05
cow 0.527348 154.22 210.99 189.92 224.00
person 0.527291 31.55 21.03 93.28 123.82
horse 0.527286 55.20 35.55 79.54 118.10
horse 0.527276 124.38 28.92 170.02 95.12
cow 0.526967 162.77 210.45 198.24 224.00
cow 0.526930 0.00 105.34 11.60 163.51
cow 0.526920 43.33 135.98 138.57 224.00
horse 0.526881 50.55 37.83 70.88 113.65
horse 0.526783 86.59 37.57 122.20 84.80
horse 0.526698 104.38 77.87 141.77 158.52
cow 0.526628 0.00 72.00 11.84 116.61
horse 0.526553 126.51 10.70 155.11 64.56
cow 0.526551 177.33 211.54 211.81 224.00
horse 0.526540 0.00 115.92 31.81 216.41
aeroplane 0.526526 175.37 124.56 224.00 224.00
cow 0.526507 3.50 8.90 20.59 38.07
horse 0.526463 0.00 146.37 28.98 224.00
person 0.526395 43.22 4.57 77.84 64.29
person 0.526321 31.52 10.27 56.69 60.28
horse 0.526270 120.62 0.00 188.30 45.18
horse 0.526080 125.82 16.86 161.86 78.46
cow 0.526059 65.50 171.92 108.54 224.00
sheep 0.526017 193.85 210.87 224.00 224.00
aeroplane 0.525995 144.84 184.99 224.00 224.00
horse 0.525959 220.00 49.05 224.00 101.29
horse 0.525830 141.95 7.94 204.70 114.83
cow 0.525769 0.00 84.05 11.39 127.55
cow 0.525737 128.65 183.62 209.48 224.00
horse 0.525677 128.87 55.81 173.49 104.43
horse 0.525643 40.65 140.86 128.45 224.00
horse 0.525611 125.60 101.13 157.65 159.66
horse 0.525550 103.25 41.18 183.90 140.16
horse 0.525541 177.60 0.00 224.00 114.79
person 0.525496 0.00 16.18 14.57 52.78
cow 0.525474 72.25 138.78 106.35 211.47
horse 0.525228 34.46 110.82 81.29 189.38
horse 0.525137 62.66 25.83 149.68 131.82
person 0.525136 22.86 0.00 82.70 63.48
cow 0.525084 11.68 79.61 30.94 121.14
person 0.524915 0.00 34.15 13.83 75.27
horse 0.524860 41.19 41.24 60.96 110.15
cow 0.524859 12.29 17.79 28.06 45.35
sheep 0.524799 0.00 126.40 24.10 188.50
horse 0.524764 95.66 23.96 169.24 125.57
cow 0.524687 114.58 140.98 156.58 191.59
cow 0.524664 5.58 16.59 21.15 44.01
cow 0.524569 10.96 9.92 27.81 38.02
horse 0.524502 14.22 167.53 87.91 224.00
person 0.524381 118.15 12.90 146.45 58.34
horse 0.524377 17.06 43.60 43.18 93.31
horse 0.524356 26.55 47.38 51.36 108.17
cow 0.524334 0.00 97.40 10.34 147.13
cow 0.524322 12.16 104.64 36.51 169.46
horse 0.524304 116.74 20.78 181.19 118.43
cow 0.524216 129.67 211.61 165.21 224.00
cow 0.524172 17.03 80.20 40.84 141.00
horse 0.524067 220.00 65.96 224.00 120.36
person 0.523957 13.22 22.75 28.71 52.37
horse 0.523790 0.78 4.84 141.12 178.20
horse 0.523768 16.57 55.69 43.50 107.51
horse 0.523734 128.84 65.12 179.91 125.32
cow 0.523711 16.49 118.19 51.73 191.09
horse 0.523624 0.00 63.72 12.07 107.49
person 0.523581 104.12 15.05 135.10 53.60
horse 0.523532 133.27 15.37 175.56 75.76
person 0.523509 62.18 6.14 110.70 44.08
horse 0.523447 105.90 39.42 143.38 90.53
person 0.523436 13.77 28.49 29.88 59.43
cow 0.523395 2.17 107.46 27.89 166.62
horse 0.523277 12.47 37.74 31.52 70.08
horse 0.523172 123.19 114.74 153.40 168.97
cow 0.523159 0.00 179.31 12.87 224.00
cow 0.523088 67.84 133.14 121.16 205.92
horse 0.523086 4.53 76.70 27.65 115.01
horse 0.522991 138.13 0.00 211.39 48.55
horse 0.522959 160.57 0.00 198.18 15.54
dog 0.522824 220.00 91.96 224.00 141.24
horse 0.522742 37.42 97.05 138.17 224.00
cow 0.522736 5.42 81.92 27.78 118.96
cow 0.522730 23.28 7.81 45.39 47.37
person 0.522722 85.03 0.00 153.91 45.36
cow 0.522717 0.00 162.20 10.44 211.23
cow 0.522674 102.83 175.64 190.44 224.00
cow 0.522643 75.34 164.31 169.76 224.00
cow 0.522601 14.77 178.60 56.78 224.00
cow 0.522570 18.14 9.28 35.50 40.75
horse 0.522527 117.55 18.52 151.51 72.22
person 0.522521 9.28 16.08 63.62 118.77
dog 0.522520 220.00 32.80 224.00 84.12
cow 0.522463 80.26 139.75 130.59 202.64
person 0.522410 65.84 0.00 129.43 47.01
person 0.522368 82.22 10.29 122.46 40.57
sheep 0.522304 0.00 150.50 10.86 203.07
horse 0.522284 126.97 0.00 196.29 86.46
horse 0.522280 118.67 127.04 153.80 182.08
cow 0.522261 9.18 210.19 48.01 224.00
cow 0.522171 0.00 0.00 25.56 22.66
cow 0.522066 47.66 93.90 161.56 204.23
cow 0.522060 113.82 212.05 150.22 224.00
person 0.521863 27.00 0.00 59.68 19.67
person 0.521705 2.66 0.00 58.09 62.15
aeroplane 0.521662 139.94 125.71 223.22 224.00
cow 0.521348 3.80 90.67 24.31 130.03
aeroplane 0.521336 116.43 124.49 203.31 224.00
dog 0.521321 220.00 107.25 224.00 155.60
car 0.521235 197.37 0.00 224.00 18.80
horse 0.520972 64.80 132.95 96.58 197.67
cow 0.520960 97.25 144.34 139.93 197.82
cow 0.520960 96.24 212.09 133.23 224.00
cow 0.520957 6.76 21.35 22.73 50.45
cow 0.520884 104.17 101.76 198.91 211.15
horse 0.520853 112.58 45.31 154.95 100.45
aeroplane 0.520674 167.37 159.48 224.00 224.00
car 0.520666 185.30 0.00 217.31 16.63
car 0.520508 175.57 0.00 210.47 16.24
horse 0.520468 0.00 52.06 11.84 94.62
horse 0.520349 103.44 30.44 137.90 81.43
person 0.520331 38.39 0.00 75.91 26.16
horse 0.520317 144.94 0.00 182.01 13.91
horse 0.520285 90.70 81.44 194.52 184.67
cow 0.520267 2.73 99.81 24.61 146.60
cow 0.520266 66.51 146.39 112.99 220.48
horse 0.520169 154.57 69.38 224.00 174.49
cow 0.520062 73.51 210.74 114.24 224.00
horse 0.520029 7.44 33.11 27.62 63.07
dog 0.519759 217.41 0.00 224.00 28.73
cow 0.519712 0.00 193.59 21.86 224.00
cow 0.519516 12.20 87.97 30.37 133.17
person 0.519422 7.47 27.84 25.21 57.23
dog 0.519394 220.00 15.96 224.00 63.60
dog 0.519365 220.00 122.60 224.00 168.34
horse 0.519280 102.94 0.00 171.26 84.51
cow 0.518997 12.68 97.00 32.17 149.20
horse 0.518932 82.91 40.98 122.00 120.93
cow 0.518894 11.76 167.44 53.18 215.23
person 0.518874 19.08 0.00 49.52 17.33
horse 0.518788 142.66 90.52 191.88 155.28
cow 0.518786 6.36 0.00 33.05 19.80
horse 0.518743 4.25 68.97 26.44 105.46
cow 0.518738 58.36 210.09 100.81 224.00
cow 0.518661 78.31 112.44 181.43 215.68
horse 0.518660 103.63 21.14 134.69 66.07
horse 0.518618 5.46 135.07 75.31 224.00
cow 0.518491 10.06 179.70 43.37 221.53
horse 0.518464 131.01 85.06 209.63 185.35
dog 0.518453 220.00 176.98 224.00 215.01
cow 0.518388 24.42 211.59 64.32 224.00
dog 0.518375 220.00 160.87 224.00 200.50
cow 0.518327 27.43 0.00 60.18 36.41
sheep 0.518096 220.00 187.20 224.00 224.00
cow 0.518052 58.30 194.42 98.84 224.00
horse 0.517844 137.00 0.00 170.74 15.12
dog 0.517843 220.00 140.35 224.00 184.99
cow 0.517833 13.15 0.00 40.64 18.00
cow 0.517830 0.00 173.80 16.79 215.25
horse 0.517820 98.05 0.00 138.50 19.53
horse 0.517690 119.21 0.00 152.59 16.17
person 0.517676 84.32 20.75 119.59 62.77
cow 0.517616 58.39 176.23 96.62 224.00
horse 0.517600 108.96 0.00 145.45 16.44
horse 0.517481 4.57 43.46 28.22 76.62
horse 0.517447 128.55 0.00 160.58 16.29
horse 0.517363 110.04 103.81 143.21 161.06
aeroplane 0.517337 162.30 151.97 195.76 186.62
aeroplane 0.517299 148.88 146.87 187.82 187.50
horse 0.517278 57.50 131.63 88.48 196.94
motorbike 0.517274 144.73 10.91 190.24 72.04
cow 0.517267 41.63 211.69 80.54 224.00
horse 0.517217 19.24 122.53 99.22 224.00
dog 0.517179 220.00 0.00 224.00 39.78
horse 0.516959 11.76 54.58 30.83 90.10
sheep 0.516884 214.08 200.70 224.00 224.00
cow 0.516814 68.37 144.76 95.98 203.94
aeroplane 0.516808 165.27 161.09 193.91 192.43
cow 0.516718 18.60 0.00 46.53 31.93
horse 0.516705 81.07 7.81 123.61 33.70
cow 0.516599 140.27 105.94 185.50 163.76
horse 0.516449 73.81 0.00 151.33 86.14
aeroplane 0.516171 157.05 139.17 195.74 181.26
horse 0.516152 175.38 54.29 211.41 105.18
horse 0.516084 82.34 0.00 129.05 25.50
horse 0.516077 83.31 97.58 122.47 166.93
horse 0.516044 131.23 1.18 153.72 42.42
horse 0.516026 123.56 2.12 147.73 39.59
cow 0.515984 145.41 136.77 188.38 182.45
horse 0.515903 101.71 6.58 134.83 36.51
cow 0.515843 13.55 0.00 36.50 28.26
aeroplane 0.515795 121.68 159.99 206.07 224.00
sheep 0.515635 6.96 128.57 29.18 189.20
aeroplane 0.515593 173.72 155.99 199.48 185.02
horse 0.515568 108.22 65.15 149.35 138.12
aeroplane 0.515449 176.52 164.92 198.20 190.80
horse 0.515378 3.87 55.56 25.85 90.11
horse 0.515158 61.40 100.48 113.19 176.23
cow 0.515103 66.47 191.47 111.31 224.00
cow 0.515100 38.41 122.93 77.11 195.08
aeroplane 0.515055 113.48 152.14 151.40 201.62
aeroplane 0.515054 185.16 168.63 202.24 189.08
horse 0.514992 136.21 107.60 175.48 163.76
horse 0.514986 145.66 0.00 222.97 91.74
horse 0.514966 114.89 4.11 141.63 37.38
horse 0.514965 212.00 55.46 224.00 105.00
aeroplane 0.514863 136.29 143.27 175.07 188.10
cow 0.514699 8.70 194.50 44.25 224.00
horse 0.514697 106.47 126.84 143.39 182.36
cow 0.514695 7.45 170.68 40.39 211.85
aeroplane 0.514540 183.16 160.43 202.56 183.18
cow 0.514455 152.31 123.53 193.65 175.90
horse 0.514326 136.27 0.00 163.82 44.06
aeroplane 0.514320 184.45 187.15 200.80 207.61
horse 0.514308 113.52 55.67 154.67 121.42
cow 0.514245 15.08 149.27 59.61 212.37
aeroplane 0.514231 185.95 177.46 201.33 197.03
aeroplane 0.514018 176.11 185.17 195.70 209.26
motorbike 0.513965 158.34 0.00 193.89 42.47
cow 0.513943 124.33 135.31 161.89 185.05
aeroplane 0.513788 177.93 174.36 196.57 198.76
aeroplane 0.513639 125.30 144.94 164.52 194.21
aeroplane 0.513637 195.27 178.20 208.70 195.86
aeroplane 0.513630 128.63 175.10 158.38 212.15
aeroplane 0.513589 168.91 143.33 198.64 179.42
aeroplane 0.513577 194.57 169.50 208.95 188.26
cow 0.513545 135.93 136.18 175.65 183.41
aeroplane 0.513437 166.41 172.36 191.28 200.86
cow 0.513298 10.27 138.40 38.24 195.97
cow 0.513110 0.00 162.25 24.26 204.42
cow 0.512887 90.25 148.05 182.77 224.00
cow 0.512886 154.09 97.26 194.03 154.55
horse 0.512838 151.64 86.52 198.24 134.06
aeroplane 0.512834 193.31 186.89 208.13 205.66
cow 0.512805 158.71 90.10 199.16 138.67
sheep 0.512799 2.92 145.47 25.16 195.66
cow 0.512796 41.78 178.95 83.29 224.00
aeroplane 0.512795 118.93 170.66 151.11 211.94
cow 0.512774 76.03 157.65 124.16 217.54
horse 0.512745 141.89 0.00 179.09 45.34
aeroplane 0.512741 181.23 149.63 201.67 177.57
cow 0.512656 188.21 97.66 208.78 134.64
cow 0.512564 195.49 114.96 209.05 148.73
horse 0.512556 83.76 118.65 126.70 183.91
motorbike 0.512498 156.89 7.00 193.64 58.38
aeroplane 0.512475 132.69 199.21 163.07 224.00
aeroplane 0.512430 164.82 185.37 190.24 212.26
aeroplane 0.512309 134.82 179.38 163.91 212.30
aeroplane 0.512224 124.67 196.27 156.36 224.00
dog 0.512214 212.00 99.63 224.00 139.85
cow 0.512194 19.75 197.65 64.67 224.00
aeroplane 0.512059 127.67 158.54 162.64 200.73
cow 0.511999 172.55 107.98 198.92 151.15
cow 0.511938 178.24 123.02 199.49 159.70
cow 0.511925 80.49 178.12 128.00 224.00
aeroplane 0.511870 192.51 161.10 208.10 181.97
cow 0.511860 160.34 112.85 194.68 162.66
aeroplane 0.511838 180.96 136.68 200.25 169.30
aeroplane 0.511738 165.33 128.44 196.47 172.67
cow 0.511627 19.68 165.34 65.60 216.42
aeroplane 0.511581 151.64 168.89 182.65 201.90
aeroplane 0.511571 141.48 183.44 172.02 214.15
dog 0.511316 212.00 85.51 224.00 126.38
cow 0.511302 196.73 127.74 208.18 157.40
horse 0.511276 125.90 0.00 156.26 23.44
horse 0.511273 116.83 0.00 148.66 23.48
aeroplane 0.511211 137.27 164.07 171.15 201.80
horse 0.511168 212.00 75.07 224.00 120.68
cow 0.510998 181.48 0.00 212.00 18.58
cow 0.510987 64.21 157.76 94.00 209.03
aeroplane 0.510974 172.00 200.38 200.06 224.00
diningtable 0.510892 151.83 20.24 197.88 71.66
cow 0.510888 90.96 163.00 129.68 212.91
horse 0.510885 149.54 0.00 192.66 18.51
aeroplane 0.510882 179.83 201.57 204.98 224.00
horse 0.510881 201.07 0.00 221.90 22.91
horse 0.510867 212.00 43.54 224.00 92.18
aeroplane 0.510854 152.14 185.74 182.34 214.41
cow 0.510838 182.89 84.64 207.33 123.21
cow 0.510821 168.88 0.00 204.68 19.24
dog 0.510796 212.00 34.13 224.00 80.82
aeroplane 0.510742 104.23 167.34 138.58 211.29
dog 0.510737 212.00 116.29 224.00 152.56
cow 0.510703 181.63 23.94 210.52 66.48
dog 0.510702 209.25 174.92 220.92 199.02
cow 0.510664 20.60 128.81 64.44 202.16
cow 0.510645 43.92 166.33 83.68 214.23
cow 0.510594 179.77 31.32 211.85 79.11
dog 0.510553 208.41 182.44 220.47 207.47
cow 0.510447 178.03 41.82 212.75 93.37
aeroplane 0.510430 111.49 191.48 144.49 224.00
cow 0.510394 77.77 196.52 123.32 224.00
dog 0.510383 208.46 166.25 221.12 191.93
aeroplane 0.510332 167.90 0.00 198.00 32.19
aeroplane 0.510180 183.96 18.13 208.60 53.84
cow 0.510143 96.14 185.05 134.43 224.00
aeroplane 0.510142 165.36 8.80 196.55 48.67
sheep 0.510137 188.65 199.39 211.33 224.00
cow 0.510005 38.77 198.34 79.09 224.00
cow 0.509944 191.80 151.27 207.18 175.58
cow 0.509892 180.72 71.28 207.18 117.91
cow 0.509882 194.07 139.69 207.12 167.03
aeroplane 0.509882 161.84 201.17 194.38 224.00
aeroplane 0.509851 183.82 0.00 207.14 28.45
cow 0.509708 212.00 125.11 224.00 159.99
horse 0.509679 141.44 34.47 199.16 100.13
aeroplane 0.509669 185.43 10.12 206.74 41.68
aeroplane 0.509657 143.21 202.80 177.04 224.00
sheep 0.509654 204.48 192.68 221.64 223.98
sheep 0.509319 207.52 156.55 221.31 185.06
sheep 0.509109 128.83 211.40 166.00 224.00
sheep 0.509030 141.82 212.00 181.15 224.00
cow 0.508981 88.30 201.14 131.61 224.00
aeroplane 0.508907 151.01 202.71 186.56 224.00
dog 0.508843 212.00 17.27 221.88 56.63
sheep 0.508833 182.14 211.93 215.00 224.00
sheep 0.508690 167.14 212.00 205.93 224.00
dog 0.508643 212.00 8.24 220.17 43.76
cow 0.508633 210.66 134.51 223.39 168.78
dog 0.508485 173.97 212.00 210.70 224.00
cow 0.508480 100.97 205.73 139.76 224.00
dog 0.508475 208.40 0.00 220.30 32.48
sheep 0.508422 208.10 145.49 221.99 177.76
