person 0.610827 23.91 59.02 152.77 220.88
person 0.609938 111.55 67.75 183.61 214.06
person 0.608103 77.52 65.27 171.58 216.54
person 0.601437 139.01 82.73 187.70 209.10
chair 0.588353 0.00 89.28 96.72 190.30
pottedplant 0.580907 172.49 184.86 200.20 211.85
chair 0.577567 0.00 50.03 165.19 217.34
chair 0.575364 0.00 121.55 86.94 209.16
person 0.575068 9.48 91.02 100.97 202.54
bicycle 0.574154 215.31 97.31 223.80 172.00
person 0.573949 67.82 48.60 144.26 139.23
person 0.573818 22.88 53.71 112.46 149.87
sofa 0.573615 0.00 81.96 97.48 184.18
diningtable 0.569049 10.63 68.46 91.97 161.60
person 0.565980 34.06 54.99 123.09 198.79
chair 0.565765 16.76 59.27 111.56 158.80
sofa 0.565690 18.79 73.31 110.11 171.41
person 0.563571 56.80 46.80 178.42 191.21
chair 0.562947 107.59 98.11 148.69 206.56
pottedplant 0.561540 175.48 191.77 204.70 217.22
person 0.561381 46.94 45.90 128.12 140.94
chair 0.560848 29.91 88.20 115.70 184.43
person 0.560719 78.64 44.41 162.47 153.69
person 0.559560 165.29 55.53 209.41 210.49
chair 0.559431 97.20 117.09 142.10 223.27
bicycle 0.558949 165.79 137.54 188.29 207.82
chair 0.557722 166.24 99.33 193.22 195.89
chair 0.557615 17.04 83.22 141.00 214.62
chair 0.556530 123.96 92.86 167.99 199.00
sofa 0.556041 13.06 76.26 88.84 156.93
bicycle 0.555776 211.58 95.55 219.88 174.47
bicycle 0.555438 164.89 115.78 190.33 195.85
bicycle 0.555062 196.12 95.68 212.65 176.39
person 0.553622 178.99 51.25 222.99 202.79
diningtable 0.553210 29.14 67.84 135.66 212.35
pottedplant 0.552800 171.33 163.29 197.83 209.16
person 0.551808 92.83 92.12 160.82 215.87
person 0.551661 6.43 69.80 78.45 173.25
person 0.551171 1.92 143.31 66.99 212.31
person 0.550957 129.68 95.80 176.67 213.16
pottedplant 0.550498 139.35 97.30 184.59 210.63
chair 0.549901 5.67 143.54 70.75 215.51
chair 0.549653 98.57 92.60 143.95 188.88
pottedplant 0.549309 169.39 144.43 192.55 206.39
chair 0.548958 18.57 141.99 95.15 219.83
person 0.548937 214.43 12.02 224.00 86.56
chair 0.548124 138.74 96.33 175.77 198.50
person 0.546478 210.13 8.56 223.50 79.24
person 0.546423 182.62 19.88 224.00 168.39
person 0.545878 10.79 73.22 97.37 151.85
person 0.545871 57.91 39.11 123.75 109.52
chair 0.545475 27.43 114.72 98.68 205.18
chair 0.544962 164.14 117.21 186.96 197.88
person 0.544656 216.80 78.33 224.00 141.35
diningtable 0.544577 80.36 40.54 160.77 120.81
bicycle 0.544402 27.93 110.64 135.16 224.00
chair 0.544350 30.65 160.10 102.22 224.00
chair 0.544216 51.37 103.88 117.12 197.78
car 0.543970 177.37 81.60 224.00 203.82
chair 0.543904 83.75 99.27 134.64 192.72
chair 0.543639 12.80 85.41 72.13 179.44
bicycle 0.543264 184.24 98.70 206.14 185.72
tvmonitor 0.543021 0.07 78.20 27.59 154.81
person 0.542841 217.24 22.36 224.00 93.80
person 0.542734 2.29 52.76 106.74 218.88
person 0.542691 143.05 49.12 203.69 200.79
bicycle 0.542610 159.02 134.58 182.83 210.34
person 0.542550 95.98 49.72 181.10 172.42
person 0.541884 90.91 27.96 165.24 132.03
chair 0.541871 112.49 78.63 168.65 172.69
person 0.541339 218.42 66.59 224.00 120.64
pottedplant 0.541323 0.00 23.38 20.84 70.50
chair 0.541311 153.60 99.03 182.35 197.84
person 0.540656 191.17 10.44 224.00 125.34
sofa 0.540577 7.74 77.74 35.93 147.22
chair 0.540523 188.29 97.07 209.66 183.31
chair 0.540436 66.22 96.50 125.53 190.13
chair 0.540244 148.22 123.85 176.91 204.88
person 0.540144 26.00 48.61 104.61 122.20
person 0.539937 161.39 73.35 224.00 224.00
pottedplant 0.539318 5.87 30.38 35.02 79.95
chair 0.539247 14.83 121.11 120.33 224.00
diningtable 0.539202 82.41 25.96 159.57 85.27
person 0.538680 79.99 65.05 137.46 154.91
pottedplant 0.538675 178.75 182.44 208.88 211.93
person 0.538645 62.51 42.61 140.69 203.93
person 0.538378 192.95 0.00 224.00 62.29
tvmonitor 0.538249 0.00 94.73 32.08 181.75
car 0.537934 208.83 9.65 222.42 56.80
car 0.537359 0.00 36.19 17.53 87.00
pottedplant 0.537159 164.26 193.22 198.05 214.77
chair 0.537130 133.92 83.88 173.97 173.81
diningtable 0.536994 9.71 129.98 105.19 224.00
tvmonitor 0.536993 8.35 85.60 45.56 180.06
person 0.536972 218.69 38.47 224.00 102.62
pottedplant 0.536948 169.47 196.88 202.30 223.89
person 0.536900 4.98 160.98 56.37 213.60
person 0.536823 7.66 29.15 86.00 141.67
chair 0.536641 95.43 74.20 157.92 168.97
person 0.536472 18.24 27.06 58.87 75.42
car 0.536051 0.00 68.00 18.06 130.45
chair 0.536040 60.46 121.17 115.37 213.56
chair 0.535919 134.89 122.17 164.55 213.84
pottedplant 0.535570 165.09 184.55 196.82 207.25
diningtable 0.535369 15.73 73.91 67.61 151.46
person 0.535231 66.58 37.68 133.88 94.28
person 0.535142 32.97 194.57 93.69 224.00
chair 0.535044 12.49 104.98 80.12 198.06
person 0.534762 0.00 0.00 98.61 172.08
person 0.534753 158.15 0.00 224.00 171.62
chair 0.534297 119.57 122.49 147.85 221.52
person 0.533998 28.60 178.19 100.81 224.00
chair 0.533955 161.96 90.37 185.27 182.61
chair 0.533948 172.74 94.70 200.04 180.14
car 0.533804 0.00 56.54 16.98 114.03
pottedplant 0.533372 16.03 23.64 57.70 77.10
chair 0.533301 107.54 139.34 144.16 222.26
bicycle 0.533255 93.26 118.95 160.73 224.00
chair 0.533179 73.40 81.77 135.07 171.11
person 0.533110 24.63 45.72 85.70 97.97
person 0.532933 98.41 41.48 161.45 203.31
pottedplant 0.532731 135.70 130.71 185.83 224.00
dog 0.532608 4.18 35.05 22.48 82.79
bicycle 0.532579 127.67 124.80 178.52 224.00
chair 0.532290 46.92 133.60 100.74 217.12
car 0.532209 197.01 199.96 224.00 224.00
sheep 0.531819 27.96 0.00 76.78 47.62
chair 0.531785 213.45 152.38 224.00 195.92
chair 0.531644 215.07 136.09 224.00 187.39
person 0.531621 0.00 173.34 34.67 218.51
sofa 0.531596 15.30 79.98 58.54 145.84
diningtable 0.531521 68.05 35.70 145.77 94.70
person 0.531477 2.59 187.43 49.97 224.00
car 0.531464 172.69 154.35 224.00 224.00
sofa 0.531270 4.72 71.49 26.72 133.18
person 0.531229 58.72 45.28 107.50 101.42
chair 0.531212 210.86 162.92 224.00 203.20
person 0.531179 43.76 204.65 99.43 224.00
chair 0.531125 0.00 158.03 38.86 217.22
pottedplant 0.531065 12.32 25.42 42.14 74.47
chair 0.531063 149.17 88.23 178.72 182.82
person 0.531057 0.00 6.77 66.60 117.31
diningtable 0.530768 173.06 13.97 209.95 81.99
person 0.530603 182.17 9.17 217.33 81.33
person 0.530241 204.69 0.00 224.00 21.29
car 0.530218 202.27 186.81 224.00 217.48
bicycle 0.530149 204.83 178.92 224.00 212.80
person 0.530084 23.47 40.82 73.15 85.94
person 0.530035 93.34 6.39 158.23 109.49
person 0.529815 40.92 0.00 134.54 171.98
chair 0.529686 34.86 183.93 100.24 224.00
chair 0.529525 13.36 20.33 60.52 82.10
person 0.529362 18.17 64.88 91.80 133.56
pottedplant 0.529226 2.43 22.11 28.41 64.21
chair 0.529183 0.18 111.52 36.17 192.94
person 0.529090 0.00 0.00 19.08 29.45
chair 0.528942 207.44 171.28 224.00 209.21
chair 0.528903 53.86 152.73 119.86 224.00
chair 0.528689 57.89 208.01 106.99 224.00
chair 0.528656 95.69 151.66 136.88 220.43
person 0.528624 6.93 153.42 85.42 217.26
diningtable 0.528609 97.93 16.63 152.13 71.75
diningtable 0.528484 97.40 38.01 166.47 105.70
person 0.528443 0.00 118.64 95.39 214.13
bicycle 0.528195 200.46 94.69 217.96 167.67
bicycle 0.527827 189.39 188.04 216.19 212.98
car 0.527716 182.52 10.80 207.52 31.52
person 0.527685 97.12 0.00 151.22 62.75
person 0.527600 0.00 0.00 49.01 63.53
person 0.527588 13.30 189.11 78.27 224.00
dog 0.527376 3.70 45.42 20.65 94.89
person 0.527307 69.66 0.00 153.57 175.62
person 0.527197 173.48 11.52 212.32 71.86
person 0.527034 73.80 28.84 142.57 75.66
car 0.526934 153.32 86.03 205.99 201.82
pottedplant 0.526900 186.26 194.60 217.73 219.32
person 0.526697 43.52 25.71 114.67 128.99
person 0.526688 201.66 8.15 224.00 85.44
pottedplant 0.526570 181.49 169.50 207.32 206.67
pottedplant 0.526403 0.00 5.74 17.01 55.76
chair 0.526354 0.68 137.09 41.31 209.38
person 0.526246 139.59 0.00 211.15 184.77
sofa 0.526180 3.57 59.12 22.55 114.28
bicycle 0.526081 190.16 121.82 210.08 186.77
sheep 0.526073 17.11 8.03 70.17 66.29
person 0.525868 16.04 14.00 97.07 123.87
chair 0.525729 156.62 87.90 182.37 162.50
diningtable 0.525530 164.42 19.62 191.56 85.79
diningtable 0.525427 104.33 63.41 165.01 143.78
person 0.525406 181.96 12.26 208.97 38.07
diningtable 0.525359 156.95 28.08 182.79 93.49
bicycle 0.525328 175.45 128.81 201.20 193.08
person 0.525303 159.36 0.00 214.66 54.14
pottedplant 0.525286 150.69 199.43 194.01 224.00
bicycle 0.524732 208.22 117.50 217.59 180.77
dog 0.524615 18.98 31.80 55.31 77.46
bicycle 0.524217 157.09 153.47 193.13 207.49
chair 0.524179 84.17 208.74 123.51 224.00
person 0.524085 80.92 0.00 139.12 62.41
chair 0.524085 122.58 69.87 172.09 146.06
person 0.524023 177.53 11.94 211.40 53.13
car 0.523999 163.13 23.70 188.58 90.65
car 0.523842 206.29 0.00 224.00 31.60
car 0.523818 179.35 0.00 208.90 18.51
pottedplant 0.523777 126.69 199.13 167.42 224.00
person 0.523602 137.42 0.00 194.74 55.87
person 0.523593 115.05 30.83 186.28 134.61
person 0.523460 118.01 0.00 175.73 58.60
dog 0.523371 11.24 32.55 36.95 78.58
chair 0.523148 93.89 207.52 132.21 224.00
chair 0.523104 139.99 77.20 175.87 147.51
sheep 0.522958 3.45 9.22 26.61 56.13
person 0.522706 70.72 31.76 115.96 76.18
chair 0.522519 87.22 168.47 128.48 224.00
motorbike 0.522378 125.45 40.24 175.25 101.78
diningtable 0.522373 108.73 13.50 148.86 59.49
chair 0.522342 114.89 158.30 144.72 219.79
person 0.522177 1.20 172.77 65.43 224.00
diningtable 0.521840 113.68 54.32 169.13 129.11
bicycle 0.521746 212.00 88.89 222.71 159.33
pottedplant 0.521688 188.40 144.95 208.73 194.35
sheep 0.521639 45.32 0.00 87.22 32.21
car 0.521631 153.12 41.36 182.01 96.12
sheep 0.521607 65.13 0.00 99.20 31.85
car 0.521567 151.76 144.21 221.97 224.00
person 0.521446 137.47 37.29 205.23 152.33
person 0.521379 58.82 0.00 124.01 57.17
chair 0.521361 34.26 0.00 83.00 33.55
bicycle 0.521349 147.90 156.62 185.48 211.15
diningtable 0.521306 127.79 35.46 174.86 97.66
chair 0.521199 10.67 120.44 64.77 204.37
chair 0.521072 122.08 161.64 150.26 218.30
person 0.520965 57.11 0.00 127.74 97.16
person 0.520951 107.89 13.32 150.05 55.38
chair 0.520949 139.35 155.74 172.59 216.46
car 0.520845 166.59 20.17 197.43 87.66
chair 0.520825 127.19 150.82 156.04 221.01
person 0.520823 148.02 24.78 212.75 131.34
pottedplant 0.520785 150.43 182.18 187.82 207.41
person 0.520655 182.79 0.00 214.03 20.04
person 0.520615 13.60 0.00 82.49 52.54
dog 0.520594 189.38 90.70 213.30 160.05
person 0.520522 73.71 18.13 116.90 66.70
diningtable 0.520385 182.26 12.28 207.35 36.21
person 0.520315 104.20 204.18 140.42 224.00
person 0.520310 192.82 0.00 221.11 20.84
person 0.520294 73.27 0.00 105.60 33.40
diningtable 0.520257 131.93 59.34 173.58 127.26
chair 0.520251 142.15 167.73 177.46 210.91
aeroplane 0.520222 152.29 50.67 180.15 104.83
aeroplane 0.520120 138.56 0.00 171.21 12.64
chair 0.520103 190.79 175.76 215.20 207.87
sheep 0.519799 0.97 0.00 27.22 44.55
boat 0.519759 0.00 0.00 28.66 25.76
diningtable 0.519686 116.16 1.06 146.26 40.39
chair 0.519685 199.25 158.17 214.03 196.46
car 0.519540 122.23 0.00 157.13 12.06
chair 0.519539 194.33 167.46 214.00 202.31
person 0.519379 116.26 0.00 150.04 12.63
person 0.519333 17.91 66.07 69.59 123.57
chair 0.519313 61.60 190.25 113.51 224.00
person 0.519289 33.86 0.00 109.32 50.76
dog 0.519283 172.01 89.26 199.86 162.44
person 0.519267 74.69 6.06 109.88 48.43
person 0.519261 15.54 11.99 68.46 73.87
person 0.519089 115.95 199.75 151.95 224.00
chair 0.519081 105.33 172.04 136.87 221.18
bicycle 0.518995 204.49 140.93 215.86 189.19
person 0.518987 114.42 2.29 145.71 35.45
bicycle 0.518845 143.31 180.57 178.69 209.87
person 0.518843 52.20 39.32 93.68 92.43
person 0.518834 212.00 68.80 224.00 119.01
aeroplane 0.518823 153.32 64.64 179.09 124.54
diningtable 0.518737 168.29 14.34 197.44 74.46
person 0.518667 72.34 0.00 115.53 19.73
pottedplant 0.518636 145.33 193.41 185.96 221.94
dog 0.518587 190.82 82.13 210.83 140.34
person 0.518548 84.16 0.00 123.22 17.09
chair 0.518516 132.60 164.47 161.82 215.01
person 0.518512 98.76 0.00 132.91 15.18
dog 0.518490 193.27 74.34 210.75 121.03
person 0.518441 66.84 2.88 102.71 42.87
dog 0.518380 201.77 90.12 218.80 158.14
chair 0.518298 59.18 0.00 104.12 25.87
dog 0.518254 202.15 69.49 219.32 113.30
person 0.518204 61.88 26.89 100.92 73.65
person 0.518192 212.00 81.14 224.00 143.13
car 0.518151 147.06 0.00 179.56 12.62
diningtable 0.518104 140.04 27.15 177.08 90.02
person 0.517980 30.35 0.00 113.09 90.00
person 0.517924 194.35 34.70 217.89 95.43
person 0.517904 156.72 3.54 215.13 101.91
person 0.517900 9.19 0.00 91.26 87.86
aeroplane 0.517887 164.14 53.62 185.44 101.31
car 0.517804 166.65 0.00 198.32 15.61
person 0.517765 212.00 37.37 224.00 102.03
car 0.517743 191.14 9.69 214.71 39.41
person 0.517743 189.51 10.65 216.28 49.42
person 0.517628 125.40 6.41 189.65 106.81
diningtable 0.517628 109.36 27.15 168.59 91.52
person 0.517599 12.28 63.21 42.94 117.16
chair 0.517565 45.56 0.00 94.82 29.37
person 0.517536 106.47 2.28 133.79 32.40
dog 0.517511 192.46 65.72 212.22 106.83
chair 0.517273 126.77 177.25 154.27 217.32
car 0.517254 157.49 0.00 189.56 13.62
car 0.517194 182.36 31.56 209.57 90.39
dog 0.517125 161.27 82.70 186.25 145.18
person 0.516943 11.85 45.98 36.74 93.12
dog 0.516693 199.85 56.10 219.31 105.64
person 0.516573 19.89 47.47 60.62 94.49
chair 0.516317 135.07 177.83 165.78 213.20
person 0.516250 47.64 20.13 87.66 73.32
person 0.516215 87.10 11.96 128.57 52.84
person 0.516000 90.03 0.96 121.14 32.45
chair 0.515979 84.85 191.48 122.99 224.00
sheep 0.515938 10.07 9.59 39.53 57.75
aeroplane 0.515908 162.80 68.18 185.15 122.66
car 0.515905 188.36 50.95 211.59 98.52
aeroplane 0.515609 175.38 58.12 196.91 101.36
sheep 0.515407 6.87 0.00 39.44 23.42
sheep 0.515262 25.26 0.00 66.99 25.82
chair 0.515224 95.25 191.71 131.12 224.00
dog 0.515200 172.61 82.00 197.10 143.49
dog 0.515162 175.24 70.47 196.49 121.15
person 0.515129 54.37 7.61 94.12 54.14
aeroplane 0.515129 116.72 0.00 157.10 40.49
diningtable 0.515054 119.82 15.61 169.01 68.40
car 0.514992 172.88 44.04 196.45 92.23
person 0.514247 111.44 0.00 146.03 18.31
sheep 0.514164 16.31 0.00 54.97 23.95
diningtable 0.514030 174.80 11.11 202.99 54.52
car 0.513704 190.63 0.00 215.57 28.84
diningtable 0.513638 128.79 12.29 167.45 53.69
diningtable 0.513358 152.50 16.11 181.01 65.09
sheep 0.513084 7.18 0.00 39.85 43.73
dog 0.512617 105.08 190.96 137.94 224.00
bottle 0.512485 119.12 190.40 149.93 224.00
aeroplane 0.512475 133.46 0.00 166.26 34.69
aeroplane 0.512197 118.45 0.00 155.37 18.46
diningtable 0.511390 157.94 12.51 181.39 46.82
dog 0.511175 122.92 0.00 161.21 17.79
diningtable 0.510741 172.00 11.83 198.34 40.74
aeroplane 0.510545 171.68 5.96 196.42 27.56
sheep 0.510534 16.45 0.00 59.99 44.78
aeroplane 0.510522 156.51 0.85 180.33 29.25
dog 0.510075 135.37 0.00 167.57 14.86
aeroplane 0.509016 149.25 0.00 178.11 14.25
aeroplane 0.508892 162.21 0.00 191.64 16.59
