person 0.606208 115.84 67.33 136.20 115.72
car 0.593712 17.11 78.47 53.80 124.75
person 0.581963 22.99 81.68 57.72 124.52
car 0.571295 2.44 67.61 187.08 152.60
bicycle 0.569136 8.73 68.89 181.52 155.22
person 0.569125 23.83 73.24 51.80 118.46
car 0.564350 4.81 84.12 19.03 123.36
car 0.562373 0.24 82.99 13.94 126.70
person 0.561719 3.74 85.63 18.03 124.26
person 0.561688 0.00 86.31 13.13 128.70
person 0.558287 29.27 141.40 77.24 204.47
person 0.556015 147.35 63.59 163.69 121.88
person 0.555778 36.06 83.96 63.30 124.94
person 0.554843 172.64 42.99 197.16 178.59
person 0.554235 19.63 79.01 46.34 120.78
person 0.552845 11.56 69.10 170.47 154.52
car 0.551563 21.63 128.53 68.24 207.52
sofa 0.551339 193.60 42.41 224.00 188.87
person 0.551060 13.53 81.14 37.18 120.78
person 0.551040 104.39 65.54 124.14 113.66
sofa 0.550898 184.94 40.02 206.29 189.38
car 0.550264 0.00 114.93 8.72 171.14
person 0.549631 112.32 55.29 138.54 99.84
person 0.548747 0.39 66.52 12.71 123.74
person 0.548510 38.99 152.15 86.16 199.85
person 0.548395 29.23 127.04 56.92 173.44
person 0.547845 29.41 89.84 54.53 127.75
train 0.547799 170.42 47.31 199.46 177.21
person 0.547522 120.95 67.44 142.02 116.99
person 0.546939 119.18 81.53 137.57 120.45
person 0.546669 0.00 109.94 10.50 164.77
bus 0.546140 26.73 54.63 181.61 154.57
train 0.545915 188.88 74.87 208.58 153.73
bicycle 0.545866 23.32 159.77 176.98 224.00
person 0.545092 137.81 64.94 157.57 119.04
person 0.544879 0.00 118.53 8.40 176.03
car 0.543793 150.66 31.13 170.39 57.22
person 0.542725 0.00 101.70 12.10 150.76
car 0.542442 40.23 45.45 83.32 70.84
person 0.542325 9.97 164.03 191.68 224.00
bus 0.541974 90.82 49.83 219.57 185.10
person 0.541875 150.88 74.73 164.68 133.80
person 0.541536 111.07 74.29 131.71 117.04
person 0.541530 61.87 87.97 85.36 122.34
car 0.541473 147.45 25.14 167.12 52.65
car 0.540788 37.82 48.88 76.29 79.29
car 0.540310 17.56 158.14 184.85 224.00
person 0.540069 18.72 90.45 44.35 127.23
person 0.540056 157.60 79.63 167.74 147.37
person 0.539754 5.77 71.42 21.52 123.46
person 0.539107 73.92 92.24 91.63 122.77
person 0.539104 29.60 128.44 62.02 190.85
person 0.539098 54.07 122.35 84.47 160.92
bottle 0.539035 131.54 212.33 173.26 224.00
car 0.538882 0.00 47.19 9.79 106.92
person 0.538655 46.69 86.38 72.97 124.36
car 0.538627 187.73 70.83 208.60 146.00
bicycle 0.537990 25.40 85.79 177.34 185.46
bottle 0.537619 109.55 211.21 155.80 224.00
person 0.537594 153.85 63.60 165.60 129.37
bottle 0.537472 103.02 176.61 127.39 199.60
bottle 0.537081 27.21 167.34 186.28 224.00
person 0.537074 26.05 120.58 56.58 160.55
person 0.536967 111.13 46.12 137.37 83.65
bicycle 0.536774 29.07 145.27 142.33 211.38
person 0.536570 36.92 129.21 64.98 170.20
person 0.536216 55.01 156.82 90.78 197.85
diningtable 0.536214 0.00 119.56 167.31 224.00
person 0.536071 10.63 91.68 31.12 127.36
person 0.535982 163.95 46.73 191.43 173.89
bottle 0.535944 96.34 211.70 146.15 224.00
person 0.535908 98.11 72.04 116.06 115.88
dog 0.535802 53.06 212.14 96.95 224.00
person 0.535423 47.62 123.65 75.93 161.03
person 0.535376 27.62 106.93 54.94 144.52
car 0.535323 0.00 0.00 39.94 50.18
car 0.535323 193.52 62.28 224.00 194.40
aeroplane 0.535285 39.11 0.00 110.01 32.01
car 0.535273 18.03 143.64 57.72 213.01
car 0.535175 210.41 81.99 224.00 146.05
sofa 0.535133 3.88 125.57 174.83 224.00
person 0.534947 26.04 158.19 101.93 222.78
bottle 0.534702 144.61 212.66 184.29 224.00
train 0.534159 160.43 48.86 191.15 174.47
car 0.534022 0.00 27.15 7.35 81.13
car 0.533870 109.95 47.82 137.13 85.30
bus 0.533667 209.05 79.83 224.00 143.35
car 0.533571 0.00 130.83 8.94 193.80
car 0.533439 111.00 38.31 137.36 75.76
car 0.533431 189.68 175.13 224.00 224.00
person 0.533352 65.77 123.16 90.04 158.74
person 0.533278 0.00 194.99 16.89 224.00
car 0.533017 43.66 0.00 144.69 45.48
person 0.532915 201.00 207.47 224.00 224.00
car 0.532880 157.22 88.84 169.97 160.54
dog 0.532876 13.32 161.82 82.57 224.00
car 0.532857 101.72 49.40 222.29 181.22
dog 0.532774 211.41 85.10 224.00 150.53
car 0.532704 25.95 56.43 64.04 98.42
car 0.532596 1.51 116.58 15.53 167.73
car 0.532490 195.26 114.34 224.00 224.00
car 0.532393 189.67 91.34 210.30 168.73
person 0.532365 106.64 56.51 130.64 107.34
bottle 0.532314 83.54 209.36 129.25 224.00
car 0.532116 157.20 32.13 177.52 59.32
dog 0.531927 73.20 210.53 116.54 224.00
car 0.531828 184.88 82.13 203.78 166.77
car 0.531796 184.28 0.00 224.00 50.18
bus 0.531720 8.27 75.74 168.97 177.45
person 0.531419 0.00 170.49 9.45 224.00
car 0.531375 180.40 45.58 212.39 172.14
car 0.531300 24.33 136.54 63.32 193.02
person 0.531194 56.44 114.04 84.00 152.37
person 0.531080 69.75 82.94 90.89 117.10
person 0.530964 80.67 82.07 98.99 118.39
bus 0.530913 3.50 72.80 36.67 142.35
car 0.530860 38.52 136.27 84.33 201.24
car 0.530729 178.02 79.90 197.44 163.13
sheep 0.530629 183.62 212.18 219.71 224.00
dog 0.530602 159.60 213.21 200.11 224.00
car 0.530285 214.85 47.96 224.00 92.32
train 0.530264 179.52 75.54 199.26 159.73
car 0.530237 169.98 52.38 204.50 166.40
car 0.530233 109.12 32.10 140.36 64.60
car 0.530096 168.41 33.92 189.72 59.17
car 0.530025 0.00 161.85 7.96 224.00
car 0.529946 20.91 71.90 154.59 141.11
bottle 0.529813 62.64 181.64 184.96 224.00
bus 0.529779 0.00 10.05 161.64 158.64
person 0.529729 150.08 88.09 167.41 145.82
dog 0.529594 43.42 209.44 90.83 224.00
bottle 0.529389 101.95 180.94 129.52 205.23
car 0.529380 6.06 62.87 22.99 119.39
sofa 0.529361 97.84 71.10 224.00 224.00
person 0.529259 164.28 77.53 174.29 154.20
car 0.529234 35.87 53.74 69.29 92.95
car 0.529212 190.44 27.92 224.00 150.65
car 0.529175 139.70 0.00 172.67 16.44
dog 0.529058 176.18 212.81 214.46 224.00
bus 0.529007 10.68 108.39 174.19 210.38
bus 0.528953 0.00 52.50 36.31 129.26
dog 0.528760 100.88 171.96 126.11 196.80
person 0.528747 1.78 112.37 16.72 161.29
car 0.528714 28.29 130.42 97.92 191.99
car 0.528632 16.97 171.21 46.96 221.57
car 0.528547 215.66 38.94 224.00 71.47
car 0.528520 0.93 32.74 18.19 79.80
sheep 0.528503 118.82 115.25 134.99 154.13
car 0.528440 163.66 81.68 174.29 159.80
person 0.528407 38.93 93.35 62.25 133.29
car 0.528400 0.00 0.00 18.89 22.83
car 0.528350 155.53 106.34 171.84 167.13
dog 0.528304 44.33 173.89 88.18 224.00
car 0.528301 209.13 0.00 224.00 22.61
car 0.528238 0.00 142.21 41.63 224.00
car 0.528229 212.86 99.40 224.00 164.56
person 0.528052 67.14 115.65 89.16 150.36
car 0.528020 172.22 77.03 189.01 158.12
car 0.527905 143.69 27.90 162.96 56.43
car 0.527893 130.45 183.12 207.51 224.00
dog 0.527727 0.00 156.28 61.55 224.00
person 0.527699 59.78 103.16 83.50 140.81
person 0.527647 11.11 201.42 52.20 224.00
car 0.527647 46.43 0.00 113.97 23.94
car 0.527583 20.99 67.37 59.21 117.08
car 0.527508 55.77 0.00 109.60 15.25
car 0.527504 10.09 134.51 49.37 197.59
car 0.527468 189.41 58.54 208.50 124.94
person 0.527466 146.72 54.23 165.44 96.70
dog 0.527462 150.87 103.01 167.91 160.12
dog 0.527455 191.67 210.68 224.00 224.00
bicycle 0.527393 30.32 121.69 147.34 194.70
person 0.527376 192.16 150.59 224.00 224.00
car 0.527340 170.69 90.71 185.92 171.84
car 0.527136 89.90 182.68 193.36 224.00
sheep 0.527135 123.30 116.84 140.19 152.56
car 0.527131 115.44 20.88 141.31 51.58
car 0.527088 208.98 67.87 224.00 131.17
car 0.527061 212.25 181.64 224.00 212.97
person 0.527058 78.76 165.71 106.56 198.33
aeroplane 0.527049 190.03 107.20 209.86 172.77
person 0.526997 3.10 102.33 17.60 145.29
sheep 0.526992 99.91 119.31 120.82 154.77
car 0.526882 0.00 0.00 30.08 70.46
car 0.526818 167.21 180.53 224.00 224.00
car 0.526784 155.39 176.79 173.16 202.48
boat 0.526748 155.40 181.81 173.02 207.50
person 0.526734 70.73 106.39 88.92 139.51
dog 0.526689 109.88 117.13 127.15 154.26
person 0.526686 40.74 135.32 76.87 188.14
car 0.526648 4.46 47.54 19.21 96.77
car 0.526625 144.49 12.04 166.84 38.53
bus 0.526613 194.93 76.99 212.76 148.21
car 0.526495 140.63 20.31 162.81 47.65
dog 0.526488 14.26 144.60 56.38 209.94
car 0.526476 0.00 199.93 36.18 224.00
car 0.526426 0.00 16.71 26.36 95.57
car 0.526417 16.46 0.00 148.13 70.05
person 0.526348 139.99 85.69 156.75 130.32
person 0.526247 38.97 110.91 64.05 148.96
bus 0.526174 19.72 72.48 119.57 131.75
dog 0.526152 14.68 199.91 53.95 224.00
person 0.526139 2.14 124.46 20.64 182.19
person 0.526109 138.88 56.05 158.08 97.79
car 0.526103 45.46 151.82 84.10 211.21
car 0.526028 180.23 68.10 199.81 147.40
car 0.525996 216.57 31.96 224.00 63.08
person 0.525985 19.22 104.78 50.24 142.11
car 0.525958 177.64 36.18 197.97 57.51
car 0.525950 117.62 26.39 146.72 54.86
person 0.525897 172.00 73.02 189.47 152.23
person 0.525870 123.97 83.52 140.42 122.53
person 0.525828 47.09 112.19 74.62 151.34
bus 0.525746 16.87 77.57 79.19 133.48
car 0.525711 16.80 38.87 162.98 134.66
car 0.525527 60.30 47.15 89.55 69.63
car 0.525495 215.17 124.81 224.00 176.24
aeroplane 0.525451 45.12 8.12 104.53 43.49
car 0.525439 17.65 0.00 96.02 46.66
sofa 0.525420 179.42 63.97 199.18 137.48
car 0.525406 40.56 6.97 105.45 40.06
sheep 0.525333 87.23 123.07 110.83 156.50
person 0.525241 23.99 83.73 130.14 161.15
car 0.525215 197.05 42.48 211.48 64.89
sheep 0.525177 103.41 165.91 126.69 192.22
car 0.525170 148.89 22.26 170.15 46.43
car 0.525140 116.09 0.00 224.00 160.16
aeroplane 0.524999 178.21 60.89 198.71 127.06
bus 0.524985 4.22 92.34 37.85 171.38
dog 0.524973 30.07 203.95 76.38 224.00
car 0.524906 154.73 27.02 176.33 53.46
car 0.524859 149.77 40.48 166.09 72.35
car 0.524845 179.40 42.14 199.01 63.70
bus 0.524817 51.79 70.26 201.77 195.34
car 0.524813 187.04 36.88 205.54 57.52
car 0.524812 11.79 119.64 41.56 165.27
person 0.524811 58.71 75.25 83.52 114.91
boat 0.524738 192.15 185.75 211.28 208.98
person 0.524715 162.25 66.96 173.74 141.32
car 0.524692 213.60 151.39 224.00 198.87
car 0.524621 114.64 0.00 150.09 13.70
car 0.524617 0.00 13.60 7.93 60.76
car 0.524591 2.94 131.14 27.74 192.46
car 0.524476 188.58 43.15 205.49 64.18
aeroplane 0.524316 112.84 10.97 138.15 38.61
car 0.524130 161.11 181.77 178.25 207.21
car 0.524127 211.86 164.66 224.00 205.69
aeroplane 0.524091 196.38 35.89 212.07 57.97
car 0.524057 186.08 186.10 204.96 208.65
dog 0.524006 119.03 123.50 134.16 159.19
car 0.524001 176.46 103.95 194.74 173.95
car 0.523996 166.12 27.87 189.01 53.32
dog 0.523948 100.17 125.80 121.38 162.04
car 0.523905 122.61 21.48 148.82 48.91
sofa 0.523891 170.31 65.49 189.57 135.88
car 0.523867 175.55 179.39 196.54 203.81
car 0.523796 79.40 48.88 103.36 74.07
car 0.523760 12.34 161.05 50.10 214.03
person 0.523681 26.34 110.53 108.10 182.70
car 0.523667 123.66 0.00 158.74 14.31
person 0.523655 108.48 53.71 183.46 162.02
sheep 0.523580 76.20 125.19 98.18 157.34
car 0.523525 1.86 173.26 32.38 223.55
car 0.523513 167.09 178.33 187.41 203.54
car 0.523481 53.58 43.42 91.49 65.50
aeroplane 0.523446 210.56 191.26 224.00 222.16
person 0.523405 80.99 93.42 97.21 126.68
car 0.523336 178.20 185.40 197.67 207.85
person 0.523287 46.90 97.12 72.54 137.89
car 0.523278 217.99 23.99 224.00 55.34
car 0.523247 196.15 46.87 210.34 76.57
car 0.523168 55.47 49.74 82.04 79.84
person 0.523115 83.65 70.80 102.32 111.61
bottle 0.523103 98.72 191.15 135.73 222.36
car 0.523065 162.09 101.72 176.03 171.37
person 0.522916 105.54 82.24 122.73 121.82
car 0.522899 3.34 115.56 39.43 196.41
person 0.522879 10.31 128.84 44.24 186.43
car 0.522842 74.37 0.00 121.69 13.42
aeroplane 0.522836 185.42 54.48 203.55 109.48
aeroplane 0.522802 217.98 5.70 224.00 37.07
car 0.522745 2.75 151.13 33.60 214.29
car 0.522707 153.79 0.00 186.37 15.41
aeroplane 0.522700 219.22 15.49 224.00 46.52
car 0.522690 19.91 14.85 151.47 101.51
car 0.522657 12.12 103.04 169.53 211.19
person 0.522610 33.84 65.50 64.88 113.49
car 0.522594 140.06 0.00 168.49 24.91
person 0.522563 142.39 42.31 159.42 75.15
car 0.522540 74.69 44.27 104.70 69.59
car 0.522464 40.29 36.79 87.84 61.71
car 0.522461 199.24 0.00 224.00 20.45
person 0.522411 11.30 114.84 41.52 157.54
car 0.522312 154.70 58.75 193.58 159.02
car 0.522308 154.31 161.82 172.96 197.91
dog 0.522268 91.63 167.39 120.49 193.39
sheep 0.522191 107.36 171.99 129.71 197.57
car 0.522169 30.47 144.07 71.06 213.43
car 0.522105 116.54 10.66 142.33 39.36
train 0.522094 197.89 80.23 214.32 153.27
car 0.522078 194.67 74.31 212.45 143.89
car 0.522061 109.65 19.90 133.68 49.13
car 0.521968 184.11 179.56 204.07 203.41
car 0.521966 103.80 42.24 133.63 81.23
car 0.521944 192.78 49.45 209.19 90.41
car 0.521915 11.47 36.36 31.57 76.76
sheep 0.521896 191.05 194.39 212.49 220.68
dog 0.521885 124.70 125.31 138.96 156.72
car 0.521865 189.82 0.00 219.92 19.38
boat 0.521841 149.64 182.18 167.83 207.20
bottle 0.521824 125.84 183.76 149.37 207.82
car 0.521812 16.05 67.63 45.36 118.88
person 0.521765 156.97 64.88 174.49 125.66
car 0.521744 0.00 0.00 28.39 17.89
car 0.521735 0.00 19.11 18.80 57.75
boat 0.521723 149.55 160.49 170.56 198.59
dog 0.521621 100.49 178.96 129.04 204.19
person 0.521603 11.14 103.45 36.34 141.48
car 0.521515 155.33 125.64 171.59 177.30
car 0.521501 166.92 60.05 189.45 113.48
car 0.521355 152.52 0.00 212.81 35.56
car 0.521320 99.93 47.89 124.77 84.29
car 0.521261 214.01 0.00 224.00 28.85
dog 0.521243 46.53 155.31 88.93 211.17
dog 0.521183 30.63 163.61 70.73 224.00
car 0.521148 189.19 47.57 204.92 76.06
person 0.521143 96.81 85.72 112.81 123.67
car 0.521126 187.15 50.54 203.94 92.27
boat 0.521077 139.00 171.39 161.75 198.08
aeroplane 0.520980 183.78 110.80 216.29 215.36
boat 0.520970 140.35 184.15 160.86 206.66
car 0.520795 0.00 0.00 8.75 48.49
car 0.520731 165.25 0.00 195.26 15.93
car 0.520727 206.49 41.85 215.71 66.02
car 0.520713 169.84 45.25 190.16 75.02
car 0.520702 175.08 29.56 196.76 51.80
car 0.520700 9.80 0.00 181.63 161.34
sheep 0.520657 124.87 179.57 148.83 202.93
sheep 0.520637 89.51 113.65 110.58 145.34
car 0.520549 159.12 170.99 176.25 199.10
car 0.520548 190.04 179.24 210.24 203.69
bus 0.520519 9.37 47.59 62.09 117.46
sheep 0.520427 102.61 108.88 120.95 142.83
dog 0.520421 16.24 186.71 48.63 224.00
sheep 0.520357 76.47 116.74 97.31 148.07
person 0.520339 23.54 94.87 83.24 161.45
bottle 0.520336 107.93 181.73 139.09 207.48
car 0.520333 180.55 47.16 199.22 75.45
person 0.520291 57.19 136.55 88.96 180.77
car 0.520285 9.00 28.21 28.72 64.66
aeroplane 0.520281 65.37 0.00 115.20 30.27
aeroplane 0.520231 185.77 29.38 205.40 51.01
aeroplane 0.520186 197.27 8.62 214.17 32.58
dog 0.520156 108.70 139.19 126.65 179.51
aeroplane 0.520124 196.86 27.79 212.22 50.95
dog 0.520035 149.53 129.61 168.61 176.57
car 0.520011 185.13 0.00 224.00 85.16
aeroplane 0.519964 161.98 115.29 202.96 210.70
car 0.519962 42.29 21.77 95.06 53.96
bottle 0.519955 37.96 143.90 170.24 221.13
person 0.519903 83.96 53.10 103.54 84.68
car 0.519847 68.11 32.60 106.64 63.27
person 0.519835 58.62 60.62 82.64 102.88
car 0.519824 205.13 46.31 215.23 76.75
car 0.519800 99.80 0.00 139.83 13.96
car 0.519774 87.38 0.00 131.11 13.71
person 0.519767 100.00 51.26 125.14 93.74
car 0.519766 181.96 0.00 213.39 17.81
car 0.519746 66.94 51.05 89.51 80.03
car 0.519739 4.83 0.00 36.39 15.74
sheep 0.519737 108.26 178.81 136.96 203.34
car 0.519717 6.68 24.89 50.85 88.86
aeroplane 0.519708 179.08 51.77 198.75 93.56
car 0.519633 101.21 32.09 132.69 73.06
car 0.519591 0.00 0.00 12.76 33.26
car 0.519481 72.02 11.37 115.80 43.89
person 0.519367 46.06 62.70 74.08 107.86
sheep 0.519336 185.02 195.17 206.13 220.88
car 0.519321 206.36 35.21 216.08 58.74
car 0.519309 174.34 0.00 204.79 16.59
dog 0.519275 96.50 188.15 135.14 220.81
car 0.519132 60.87 18.36 108.36 53.08
car 0.519128 14.26 45.77 35.87 88.26
car 0.519115 154.24 149.48 172.10 191.67
car 0.519068 90.07 32.47 121.46 71.60
car 0.519023 173.64 152.84 222.27 224.00
car 0.518945 174.11 165.41 194.47 199.39
car 0.518872 155.08 61.96 175.26 114.23
car 0.518847 202.79 49.39 214.80 89.34
sheep 0.518831 85.30 137.64 112.66 181.06
boat 0.518787 152.90 192.36 173.69 222.20
car 0.518787 26.82 41.38 60.49 77.75
car 0.518766 168.04 53.29 189.65 94.89
car 0.518733 15.70 53.62 40.11 95.67
car 0.518701 200.22 184.67 218.82 209.51
car 0.518673 94.37 15.97 127.83 46.48
aeroplane 0.518639 198.46 18.81 212.74 42.37
bus 0.518616 18.48 98.29 60.02 164.59
car 0.518592 181.73 172.86 201.68 200.11
car 0.518584 43.37 0.00 88.76 15.01
dog 0.518538 99.54 139.74 121.80 181.79
sheep 0.518527 78.66 104.78 96.39 137.29
car 0.518500 18.07 123.79 54.13 189.09
car 0.518433 22.55 48.57 57.26 88.42
car 0.518417 80.85 19.49 119.11 59.29
sheep 0.518394 93.29 99.75 110.81 133.23
car 0.518381 130.47 0.00 195.94 38.46
sheep 0.518377 122.99 99.56 140.92 138.39
car 0.518358 21.46 39.52 49.87 76.22
car 0.518352 125.30 11.57 150.86 37.92
boat 0.518332 68.50 137.14 176.24 219.59
boat 0.518296 143.31 157.32 205.36 224.00
car 0.518280 199.14 84.43 214.79 158.77
sheep 0.518230 141.62 111.21 157.50 154.70
person 0.518223 2.04 187.64 34.75 224.00
sheep 0.518171 72.53 154.19 101.97 190.42
dog 0.518131 115.14 137.35 132.56 176.43
sheep 0.518108 128.97 115.76 144.51 152.01
boat 0.518104 158.93 192.16 179.22 220.47
sheep 0.518090 105.20 95.61 121.30 130.06
car 0.518054 25.51 0.00 61.35 13.94
dog 0.517977 78.17 165.35 110.09 199.16
car 0.517922 10.98 0.00 45.36 13.95
aeroplane 0.517903 192.53 0.00 217.49 24.12
aeroplane 0.517878 120.45 126.45 187.65 214.67
person 0.517865 86.27 61.21 104.33 103.04
person 0.517845 69.60 61.14 90.74 102.65
dog 0.517837 120.61 100.67 137.93 140.50
bottle 0.517797 120.02 209.02 162.42 224.00
car 0.517779 98.08 22.89 130.85 62.41
car 0.517694 33.88 0.00 75.47 13.94
dog 0.517660 111.93 105.16 129.00 141.33
boat 0.517656 177.14 194.41 198.98 219.84
sheep 0.517638 125.67 193.61 152.11 223.20
car 0.517546 183.23 126.17 200.90 178.83
dog 0.517436 43.16 196.50 93.65 224.00
aeroplane 0.517430 207.69 8.02 219.01 33.92
car 0.517422 200.57 53.76 214.13 105.08
dog 0.517390 104.78 157.04 127.21 188.67
boat 0.517365 0.00 0.65 18.98 44.05
car 0.517341 175.18 124.64 193.37 180.49
car 0.517277 108.06 0.00 141.62 21.95
boat 0.517244 96.16 165.15 189.91 224.00
car 0.517204 198.41 59.65 213.04 123.02
sheep 0.517190 72.62 136.67 98.42 179.32
boat 0.517185 167.22 192.64 188.78 219.71
car 0.517149 158.81 42.87 176.95 73.59
aeroplane 0.517055 90.29 5.87 127.73 32.51
boat 0.517017 143.56 209.61 180.44 224.00
car 0.517014 140.72 82.91 185.32 200.55
bottle 0.516989 91.10 206.17 142.05 224.00
car 0.516986 187.21 171.73 208.21 200.25
sheep 0.516977 199.48 193.13 219.19 219.19
car 0.516966 165.82 165.92 185.79 198.91
car 0.516875 163.86 21.26 186.15 46.99
car 0.516859 90.38 62.39 181.12 151.28
car 0.516800 8.85 20.75 26.88 53.02
bottle 0.516792 108.83 190.74 143.63 223.35
aeroplane 0.516752 187.84 20.75 206.05 42.63
aeroplane 0.516702 207.26 26.98 216.48 51.43
car 0.516671 68.35 34.34 207.20 166.83
aeroplane 0.516597 203.21 0.00 222.54 26.59
boat 0.516510 146.48 192.51 169.05 222.39
car 0.516433 19.00 30.23 40.63 62.42
car 0.516413 186.78 160.75 206.95 196.49
aeroplane 0.516265 63.91 0.00 119.96 17.17
car 0.516193 96.15 0.00 179.67 45.61
aeroplane 0.516185 208.57 18.10 217.15 43.09
sheep 0.516147 137.52 193.87 162.21 222.32
car 0.516124 181.57 147.81 200.40 190.01
car 0.516093 173.81 148.32 193.58 192.64
sheep 0.516082 86.93 157.39 117.94 189.81
boat 0.516070 188.96 9.18 207.75 31.19
person 0.515848 113.13 92.92 129.66 127.89
car 0.515819 176.02 13.15 219.11 125.35
car 0.515781 26.52 30.88 51.60 62.25
dog 0.515754 141.77 118.73 157.50 158.82
aeroplane 0.515740 187.97 145.43 207.27 187.78
car 0.515711 162.07 122.54 174.64 179.81
car 0.515656 80.80 93.22 173.09 207.96
dog 0.515586 122.02 166.04 148.11 192.85
boat 0.515539 175.04 21.42 195.37 44.50
car 0.515527 161.81 20.67 207.01 118.82
car 0.515468 201.58 109.39 215.55 169.57
car 0.515440 198.39 177.93 217.61 205.84
aeroplane 0.515421 24.48 0.00 46.64 32.84
car 0.515381 156.46 54.73 176.07 95.94
dog 0.515341 29.18 188.59 74.69 224.00
sheep 0.515302 177.32 209.56 210.48 224.00
car 0.515187 37.11 69.37 166.23 193.26
car 0.515126 169.23 122.38 184.31 181.66
boat 0.515024 0.00 0.00 24.64 26.81
aeroplane 0.515009 33.01 0.00 60.52 31.82
dog 0.514593 130.32 124.15 143.53 155.65
aeroplane 0.514592 7.47 0.00 26.93 38.08
sheep 0.514547 159.01 209.66 195.67 224.00
aeroplane 0.514513 16.67 0.00 37.76 34.94
dog 0.514492 138.99 153.20 161.92 187.59
car 0.514422 18.51 21.52 36.25 49.68
car 0.514348 26.76 20.79 46.57 47.18
dog 0.514330 119.50 135.88 137.61 172.85
boat 0.514288 178.35 7.19 196.31 31.49
car 0.514119 24.04 40.21 126.26 118.78
dog 0.514097 141.11 131.98 159.33 171.94
car 0.514038 34.62 31.29 66.20 63.20
car 0.513997 165.01 7.52 185.18 34.06
dog 0.513907 84.36 204.12 131.90 224.00
sheep 0.513816 193.99 206.44 222.40 224.00
sheep 0.513751 45.71 180.32 95.55 224.00
car 0.513599 122.91 0.00 154.87 21.63
sheep 0.513556 109.63 166.76 135.96 192.89
dog 0.513555 184.70 0.00 210.99 21.13
car 0.513548 166.43 147.58 184.38 193.80
aeroplane 0.513537 44.78 0.00 101.03 23.19
car 0.513435 36.05 19.80 60.56 46.34
aeroplane 0.513342 100.80 0.00 139.03 21.45
aeroplane 0.513193 201.67 125.87 215.63 174.02
aeroplane 0.512964 18.32 0.00 50.60 18.53
car 0.512941 197.32 169.51 215.94 202.16
aeroplane 0.512925 5.75 0.00 32.74 21.82
car 0.512906 151.08 12.51 173.75 35.79
aeroplane 0.512879 83.93 0.00 130.16 19.02
car 0.512595 27.38 19.33 117.00 85.77
car 0.512494 141.94 27.63 190.36 109.70
aeroplane 0.512423 25.80 0.00 62.19 18.61
car 0.512366 153.96 0.00 208.19 70.51
sheep 0.512243 75.84 182.34 117.24 223.68
car 0.512187 151.23 0.00 179.90 21.72
car 0.512089 198.43 156.75 215.10 196.50
aeroplane 0.512045 200.74 141.31 215.18 185.13
car 0.512015 44.09 18.11 84.64 46.62
dog 0.511882 127.93 133.93 144.21 169.18
dog 0.511862 122.21 154.90 146.58 184.99
dog 0.511835 176.47 0.00 200.88 19.18
aeroplane 0.511656 35.43 0.00 82.96 19.77
dog 0.511093 110.26 156.45 136.03 187.08
car 0.510793 130.52 0.00 190.74 67.06
car 0.510004 87.28 0.00 176.71 70.54
car 0.509704 94.60 30.68 176.05 106.88
