person 0.651685 0.00 25.23 138.02 202.72
person 0.637009 121.11 27.63 212.99 224.00
person 0.636015 53.43 29.85 170.94 215.03
horse 0.610781 0.00 22.89 138.21 189.03
person 0.585806 90.71 34.31 186.42 217.99
horse 0.573717 13.32 64.86 124.34 216.31
horse 0.569066 134.65 18.52 209.35 208.79
horse 0.568599 96.23 25.36 185.98 202.31
dog 0.568428 29.48 83.78 102.19 179.89
person 0.561881 34.71 61.73 150.99 212.09
person 0.561613 144.57 46.61 224.00 215.67
dog 0.560453 19.19 82.57 84.32 170.78
dog 0.555751 28.69 125.98 75.63 222.71
dog 0.555300 8.50 42.80 75.81 107.26
dog 0.552847 38.16 98.66 93.08 192.69
dog 0.550943 110.91 72.56 149.59 163.08
dog 0.549209 184.92 94.62 209.16 135.85
bottle 0.548535 97.83 100.55 141.30 197.86
dog 0.548483 98.88 110.44 135.13 207.55
dog 0.546527 45.94 76.88 94.43 173.37
dog 0.546437 102.52 79.86 141.94 180.25
dog 0.546320 50.45 33.01 106.74 124.89
dog 0.544947 11.63 72.17 64.91 157.24
dog 0.544755 8.62 59.33 62.20 134.81
cat 0.543844 97.44 107.10 148.35 202.68
dog 0.543800 21.40 35.39 84.08 119.67
dog 0.543123 40.90 39.83 94.67 134.56
cat 0.543071 133.68 121.90 171.40 201.90
dog 0.543014 63.13 27.77 115.40 113.41
dog 0.542941 45.02 115.21 87.48 222.58
dog 0.542863 67.24 9.90 119.31 96.13
dog 0.542221 22.50 137.44 64.20 218.51
bottle 0.542076 122.50 106.25 166.09 192.21
bottle 0.541454 104.83 79.15 147.97 178.62
dog 0.540842 30.41 56.99 83.39 146.56
dog 0.540529 85.15 121.72 115.81 209.11
person 0.539956 177.75 48.70 209.03 100.57
dog 0.539845 202.59 95.27 224.00 139.15
dog 0.539701 24.90 108.19 75.80 191.13
horse 0.537242 49.81 28.16 158.42 182.86
dog 0.536972 62.13 48.55 110.59 135.67
dog 0.536921 52.66 52.85 100.31 153.29
bottle 0.536919 115.75 81.38 162.67 174.71
dog 0.536258 94.80 127.94 123.05 208.45
dog 0.535824 0.00 2.22 107.32 163.32
dog 0.535742 56.48 92.02 100.34 178.64
dog 0.535738 19.75 98.85 65.29 176.27
dog 0.535705 71.64 119.34 102.89 215.47
bird 0.535515 0.00 200.04 19.59 224.00
dog 0.535270 98.56 92.63 125.48 187.77
person 0.535151 171.17 32.64 223.63 183.39
dog 0.534979 191.17 96.55 219.33 134.73
person 0.534947 202.80 48.78 224.00 94.85
dog 0.534396 173.53 88.70 199.35 137.27
bird 0.534312 0.00 204.87 35.92 224.00
person 0.534207 0.00 7.04 110.18 152.78
dog 0.534093 61.74 129.42 94.27 220.31
sheep 0.534063 32.33 152.25 67.61 218.42
dog 0.533900 158.64 86.52 187.90 143.76
dog 0.533800 61.65 73.80 105.63 165.22
aeroplane 0.533776 5.47 29.78 70.94 86.84
dog 0.533764 127.06 77.28 164.70 157.99
person 0.533594 187.19 0.00 224.00 63.06
dog 0.533084 210.76 0.00 224.00 27.41
sheep 0.533057 0.00 152.68 8.95 206.97
horse 0.533052 129.49 0.00 204.29 138.22
sheep 0.532976 16.47 151.89 55.00 211.18
dog 0.532975 16.41 144.08 55.14 213.05
horse 0.532944 109.08 15.55 197.79 163.89
bird 0.532495 0.00 188.30 11.32 224.00
dog 0.532304 5.57 28.91 71.95 88.31
horse 0.532131 23.34 2.29 135.22 133.20
dog 0.532107 81.32 91.17 111.90 178.10
dog 0.532046 77.91 41.89 116.88 121.12
dog 0.531891 139.52 83.32 174.40 153.31
dog 0.531756 179.81 88.33 204.66 143.60
dog 0.531749 91.10 81.57 125.15 159.10
bird 0.531641 17.83 206.18 59.93 224.00
sheep 0.531635 5.51 151.02 34.89 207.05
bird 0.531406 114.20 208.61 151.40 224.00
bottle 0.531213 130.72 208.29 167.08 224.00
dog 0.531195 34.03 24.67 97.52 103.36
dog 0.531078 81.93 69.28 118.12 150.49
dog 0.531064 117.13 63.95 210.18 208.40
person 0.530931 183.18 21.53 224.00 155.72
sheep 0.530573 23.24 158.96 61.00 215.73
person 0.530522 38.95 107.81 180.57 224.00
dog 0.530493 181.15 77.05 210.36 132.22
dog 0.530447 3.19 53.41 65.90 98.97
bird 0.530347 39.21 207.70 77.32 224.00
bird 0.530302 50.17 209.99 85.23 224.00
dog 0.530296 210.12 204.00 224.00 224.00
sheep 0.530294 0.00 192.28 31.15 224.00
horse 0.530270 11.23 0.00 105.51 79.80
dog 0.530249 218.73 8.57 224.00 73.39
horse 0.530215 178.29 40.71 210.17 104.96
sheep 0.530143 97.05 209.18 135.37 224.00
bird 0.529946 30.32 205.83 69.44 224.00
dog 0.529778 171.95 87.17 195.94 157.94
bird 0.529761 66.64 210.38 99.02 224.00
sheep 0.529720 81.34 210.34 118.57 224.00
bottle 0.529653 146.42 208.35 182.99 224.00
dog 0.529581 109.39 115.17 159.62 201.02
sheep 0.529577 0.00 153.56 21.78 206.04
bird 0.529568 73.99 210.57 108.29 224.00
dog 0.529383 178.60 53.70 209.70 119.48
dog 0.529166 118.26 66.92 152.45 141.61
dog 0.529162 112.88 67.81 143.69 136.52
bottle 0.529091 154.93 208.97 192.44 224.00
person 0.528990 168.74 161.93 224.00 224.00
person 0.528879 190.54 0.88 224.00 126.28
dog 0.528720 9.20 95.98 53.55 152.31
horse 0.528682 39.34 0.00 126.26 89.04
horse 0.528149 2.10 102.79 110.91 223.84
dog 0.527715 213.73 17.81 223.40 81.42
bottle 0.527421 169.86 209.62 207.87 224.00
dog 0.527359 180.38 100.41 200.11 163.17
sheep 0.527356 43.15 150.66 79.44 219.87
cat 0.527294 220.00 157.05 224.00 205.85
dog 0.527189 104.32 78.39 138.54 150.12
horse 0.527036 110.69 0.00 197.33 77.52
dog 0.527034 220.00 0.00 224.00 50.95
person 0.527003 203.64 59.86 224.00 119.81
horse 0.526939 0.00 0.00 106.55 127.72
bottle 0.526859 220.00 150.87 224.00 200.24
dog 0.526813 187.56 88.29 214.54 147.16
dog 0.526711 74.32 3.88 116.42 73.73
sheep 0.526701 0.00 178.52 10.99 224.00
dog 0.526572 185.20 99.17 207.38 158.98
sheep 0.526520 100.84 141.22 130.00 214.47
dog 0.526372 1.70 66.29 50.37 103.97
sheep 0.526364 0.00 171.02 23.62 217.17
sheep 0.526287 185.58 210.56 219.41 224.00
dog 0.526286 27.27 26.35 83.05 92.08
dog 0.526257 118.87 95.98 174.80 181.36
dog 0.526211 216.71 0.00 224.00 38.05
dog 0.526097 93.98 59.04 124.95 130.28
person 0.526075 0.00 0.00 18.83 22.07
sheep 0.525925 54.00 150.80 85.60 220.71
dog 0.525895 210.15 102.24 224.00 160.41
sheep 0.525780 29.96 185.73 58.11 224.00
sheep 0.525774 2.64 95.56 41.54 140.30
dog 0.525706 220.00 141.99 224.00 192.30
sheep 0.525671 196.91 207.49 224.00 224.00
aeroplane 0.525633 0.00 29.72 51.89 71.85
dog 0.525406 217.36 117.71 224.00 171.68
sheep 0.525378 63.34 192.56 87.43 224.00
sheep 0.525237 99.88 163.10 131.38 224.00
dog 0.525162 106.67 65.62 134.65 131.92
sheep 0.525160 4.71 169.00 36.44 215.49
dog 0.525023 10.96 108.09 41.13 173.63
horse 0.524905 74.80 10.04 178.93 143.19
sheep 0.524851 0.00 49.70 56.80 89.63
dog 0.524724 0.00 62.96 13.26 99.69
dog 0.524696 89.59 46.80 122.76 117.35
person 0.524506 0.00 0.00 78.50 83.50
cat 0.524414 154.62 142.30 194.85 196.72
person 0.524383 205.90 31.46 222.42 86.19
dog 0.524358 121.07 59.53 146.74 123.27
dog 0.524332 137.39 137.19 169.71 208.14
bottle 0.524093 73.28 120.47 193.72 224.00
sheep 0.523935 95.21 144.27 122.59 213.65
sheep 0.523858 6.09 192.65 42.99 224.00
dog 0.523778 0.00 95.46 9.18 139.07
sheep 0.523675 66.30 151.93 92.14 221.77
dog 0.523483 129.53 27.83 150.48 76.44
sheep 0.523421 127.53 138.15 219.04 224.00
sheep 0.523389 70.60 193.99 93.48 224.00
sheep 0.523283 37.50 171.58 71.77 218.86
sheep 0.523215 98.16 188.10 132.49 224.00
dog 0.523143 220.00 167.31 224.00 216.47
cat 0.523099 172.97 138.28 201.41 188.94
dog 0.523083 175.81 45.62 208.85 95.85
dog 0.522976 127.70 58.91 154.83 124.90
dog 0.522868 156.87 48.49 189.93 92.49
dog 0.522818 0.00 75.35 10.68 115.87
dog 0.522541 152.09 52.76 182.53 107.04
dog 0.522492 5.52 72.29 54.89 122.78
boat 0.522472 0.00 0.00 28.29 18.46
aeroplane 0.522430 11.49 17.06 56.61 57.41
dog 0.522402 123.86 25.64 146.20 78.03
horse 0.522278 0.00 133.07 84.76 224.00
sheep 0.522264 81.91 0.00 118.47 15.83
dog 0.522240 6.72 84.32 53.85 138.39
dog 0.522196 167.52 45.03 199.75 93.41
dog 0.522065 200.48 0.00 224.00 21.55
sheep 0.522036 2.22 78.42 43.72 122.76
dog 0.521990 123.98 0.00 155.49 14.85
sheep 0.521966 0.00 138.57 8.08 190.14
aeroplane 0.521953 0.00 20.38 46.86 56.79
dog 0.521939 189.07 0.00 217.23 17.18
person 0.521873 148.89 0.49 213.74 132.87
person 0.521750 150.02 0.00 223.54 63.55
dog 0.521631 70.18 82.80 189.62 213.50
dog 0.521603 81.65 16.82 127.41 87.59
aeroplane 0.521583 11.79 0.00 45.16 16.38
dog 0.521437 129.55 6.15 152.34 59.63
sheep 0.521427 84.20 148.95 112.69 215.95
dog 0.521422 169.77 108.18 191.45 174.88
aeroplane 0.521403 88.54 0.00 124.47 15.09
dog 0.521396 136.06 57.62 163.78 119.01
dog 0.521275 143.26 51.28 168.95 92.85
dog 0.521264 18.36 117.90 55.84 188.51
dog 0.521256 177.12 123.45 197.71 180.70
aeroplane 0.521188 4.66 21.61 63.25 64.06
dog 0.521174 187.39 113.13 213.02 165.19
sheep 0.521140 14.10 190.30 54.00 224.00
sheep 0.521057 49.39 190.78 79.09 224.00
person 0.521051 119.96 0.00 206.72 66.97
dog 0.520956 168.74 29.73 198.43 84.98
dog 0.520922 104.50 49.41 130.02 105.66
sheep 0.520910 0.00 117.72 27.56 175.32
dog 0.520875 131.27 48.67 149.48 82.87
dog 0.520812 128.51 0.00 158.62 43.11
dog 0.520780 135.54 52.66 156.06 92.41
dog 0.520771 100.14 18.99 137.21 81.00
dog 0.520663 180.63 0.00 210.80 17.05
sheep 0.520608 0.00 136.12 23.53 191.02
dog 0.520594 174.20 76.03 203.68 127.06
cat 0.520570 191.54 159.01 214.43 198.57
sheep 0.520536 0.00 1.13 10.36 39.56
dog 0.520527 143.40 74.87 176.50 137.86
sheep 0.520477 1.49 107.01 31.58 162.56
dog 0.520467 7.15 126.79 37.39 188.51
bottle 0.520338 137.97 158.43 168.25 213.67
sheep 0.520300 67.30 0.00 103.81 15.03
aeroplane 0.520279 13.16 3.34 46.58 39.76
aeroplane 0.520252 0.00 4.37 31.43 36.79
person 0.520251 184.72 47.01 216.50 91.69
dog 0.520200 50.43 0.00 84.74 15.04
sheep 0.520192 38.48 188.16 69.88 224.00
aeroplane 0.520155 0.00 14.37 39.31 45.24
cat 0.520002 137.31 133.93 184.33 201.90
sheep 0.519987 59.82 0.00 93.74 14.95
dog 0.519975 0.00 103.48 8.34 151.63
dog 0.519951 0.00 48.67 14.75 86.93
dog 0.519917 183.58 125.90 205.45 178.50
sheep 0.519847 73.71 152.15 100.15 219.82
sheep 0.519692 215.47 192.10 224.00 224.00
sheep 0.519673 156.60 123.27 224.00 224.00
dog 0.519671 116.68 54.68 138.60 104.33
dog 0.519655 129.17 15.99 155.99 70.54
dog 0.519651 130.15 65.37 162.18 132.69
aeroplane 0.519647 41.41 0.00 76.47 14.88
dog 0.519579 163.53 75.18 195.86 128.91
bird 0.519573 60.30 205.50 90.33 224.00
dog 0.519528 97.65 40.62 127.83 98.35
sheep 0.519519 46.56 173.35 79.42 218.27
aeroplane 0.519516 25.48 0.00 61.12 15.11
sheep 0.519487 59.63 175.06 86.11 218.75
dog 0.519424 171.30 0.00 203.29 16.12
dog 0.519385 106.39 0.00 138.28 14.68
dog 0.519344 147.55 62.72 178.46 121.19
dog 0.519343 181.36 141.48 208.62 188.15
cat 0.519333 183.32 151.40 211.14 194.53
dog 0.519322 161.73 0.00 194.98 15.41
sheep 0.519193 109.47 190.23 148.18 224.00
dog 0.519164 129.86 56.00 148.34 107.00
dog 0.519126 163.25 16.50 193.16 71.28
sheep 0.519120 193.12 164.77 213.31 201.66
dog 0.519057 152.47 0.00 187.44 14.84
sheep 0.519045 0.00 123.74 8.41 175.67
sheep 0.519024 67.34 205.18 97.18 224.00
sheep 0.518988 75.23 194.38 101.60 224.00
dog 0.518982 130.42 117.09 179.82 194.91
dog 0.518969 133.21 55.27 154.80 106.75
dog 0.518845 143.24 0.00 179.48 14.02
sheep 0.518803 0.00 0.00 13.89 29.11
sheep 0.518791 99.16 85.11 197.74 214.27
bottle 0.518775 189.28 153.84 214.92 195.55
dog 0.518743 125.17 46.24 144.68 83.51
dog 0.518647 163.12 121.49 190.21 186.79
dog 0.518603 150.54 26.97 186.57 79.37
dog 0.518559 124.47 55.50 144.16 104.73
sheep 0.518529 82.94 192.12 114.64 224.00
dog 0.518491 196.15 98.98 221.96 158.37
dog 0.518449 0.00 11.22 11.01 46.59
sheep 0.518384 102.28 205.80 143.32 224.00
sheep 0.518311 87.80 205.84 126.00 224.00
dog 0.518246 109.36 39.91 137.48 87.72
dog 0.518227 146.57 15.71 184.39 70.52
sheep 0.518190 73.40 206.24 105.97 224.00
cat 0.518088 174.09 152.97 204.66 198.11
dog 0.518055 0.00 26.38 14.53 66.34
sheep 0.517891 0.00 111.59 8.34 162.44
dog 0.517845 43.26 16.88 100.99 78.37
sheep 0.517770 68.92 176.92 91.56 220.79
dog 0.517590 207.05 9.44 222.83 74.04
dog 0.517566 123.13 5.71 145.54 60.83
sheep 0.517465 207.42 157.30 223.53 201.30
dog 0.517274 0.00 17.33 13.04 55.34
dog 0.517218 200.16 114.83 223.59 168.28
dog 0.517136 166.81 60.50 198.03 113.69
dog 0.516989 200.96 20.03 220.87 83.43
bottle 0.516746 184.88 165.47 208.52 201.20
sheep 0.516723 131.03 160.56 160.44 215.80
dog 0.516564 53.81 7.31 95.99 67.57
dog 0.516492 184.53 27.15 215.73 85.57
sheep 0.516473 173.41 193.61 202.29 224.00
sheep 0.516452 0.00 0.00 28.58 24.16
sheep 0.516425 83.16 171.30 112.71 223.37
bottle 0.516270 184.75 176.81 208.54 206.84
dog 0.516259 190.24 16.37 216.67 74.26
dog 0.516223 133.06 40.29 154.21 77.95
dog 0.516051 46.28 8.20 82.48 67.25
dog 0.515973 172.91 20.07 202.79 74.95
dog 0.515935 168.87 8.89 193.50 60.90
dog 0.515912 202.54 130.56 224.00 180.02
dog 0.515895 203.75 143.91 223.35 190.32
sheep 0.515879 129.74 190.32 161.76 224.00
dog 0.515840 212.00 3.31 223.10 63.48
aeroplane 0.515826 78.55 0.00 112.55 46.53
dog 0.515825 142.34 5.50 181.68 59.21
dog 0.515787 156.39 0.00 187.93 46.34
dog 0.515699 130.05 4.83 167.15 58.46
dog 0.515677 191.49 35.72 218.13 89.48
dog 0.515599 135.68 27.38 167.36 78.25
aeroplane 0.515571 53.34 0.00 80.80 43.61
sheep 0.515379 73.85 176.03 99.09 222.76
sheep 0.515327 189.76 185.08 214.99 220.66
dog 0.515170 196.65 8.29 216.14 61.49
aeroplane 0.515119 43.24 0.00 73.69 44.30
sheep 0.514967 163.35 192.05 195.30 224.00
bottle 0.514866 176.84 174.39 202.17 205.58
sheep 0.514819 115.34 163.04 151.47 219.51
dog 0.514804 179.60 20.46 211.45 75.09
sheep 0.514775 120.26 206.06 160.52 224.00
dog 0.514618 137.14 0.00 180.09 45.57
dog 0.514391 124.59 0.00 147.38 44.28
dog 0.514364 198.73 0.00 216.17 42.57
dog 0.514353 89.02 5.00 122.74 69.11
dog 0.514209 105.93 6.03 133.31 64.34
sheep 0.514030 159.55 207.30 199.37 224.00
dog 0.513958 127.60 0.00 160.83 21.50
aeroplane 0.513777 62.17 0.00 92.29 43.07
sheep 0.513763 132.91 206.58 174.97 224.00
dog 0.513620 205.79 0.00 222.84 31.88
sheep 0.513455 113.65 139.04 151.43 210.81
aeroplane 0.513403 17.77 0.00 55.45 42.66
sheep 0.513238 144.26 187.72 177.40 224.00
aeroplane 0.513207 22.41 14.44 70.11 66.71
sheep 0.512979 201.55 196.47 224.00 224.00
sheep 0.512886 183.62 204.12 216.35 224.00
dog 0.512870 176.41 11.41 199.94 60.47
sheep 0.512780 206.77 177.91 223.96 219.26
aeroplane 0.512548 28.38 0.00 63.81 43.65
dog 0.512495 185.81 12.56 209.97 61.05
sheep 0.512256 173.77 207.91 211.96 224.00
aeroplane 0.512251 17.42 0.00 52.89 20.55
bottle 0.512019 144.78 160.02 181.77 206.17
bottle 0.511902 160.41 167.83 194.30 204.77
dog 0.511301 120.13 0.00 149.15 21.84
dog 0.511288 175.37 0.00 198.57 43.05
dog 0.511052 187.67 0.00 209.43 42.81
dog 0.510900 136.66 0.00 180.56 24.96
dog 0.510703 150.84 0.00 188.10 24.63
dog 0.510490 93.09 0.00 121.98 43.92
dog 0.510272 108.73 0.00 133.68 43.94
dog 0.509672 61.30 0.00 93.53 16.25
dog 0.509275 92.84 0.00 125.83 15.29
