car 0.662071 2.85 14.99 215.06 215.21
car 0.560322 8.65 16.24 180.58 162.76
bicycle 0.557414 181.34 122.93 207.93 168.37
motorbike 0.548192 134.73 64.24 213.71 185.90
motorbike 0.546952 93.34 55.71 207.65 202.42
car 0.544350 62.36 40.34 201.60 210.70
motorbike 0.543224 158.74 72.77 223.90 188.68
car 0.542594 127.67 115.48 153.30 207.51
car 0.541177 12.58 14.34 133.92 139.25
car 0.540910 0.00 55.66 40.70 190.87
car 0.539435 144.16 118.03 166.98 202.81
boat 0.539395 4.81 17.65 36.22 75.73
car 0.538019 0.00 9.08 55.82 136.81
person 0.537368 216.22 124.80 224.00 170.75
car 0.537344 137.31 117.55 161.49 205.48
car 0.536934 3.65 43.99 111.63 195.16
boat 0.536540 11.11 12.31 42.35 64.86
car 0.536471 189.36 0.00 224.00 49.45
car 0.536189 13.88 75.50 177.88 217.98
car 0.535763 8.82 14.45 83.24 133.25
car 0.535585 146.67 55.73 220.89 195.47
car 0.535079 109.76 50.58 211.51 201.33
motorbike 0.534973 179.90 116.38 208.97 160.39
car 0.534623 63.82 22.98 89.61 70.61
car 0.534224 27.33 149.52 164.03 224.00
dog 0.534113 124.98 113.61 150.25 197.57
person 0.534072 0.00 203.07 18.84 224.00
boat 0.533780 21.63 91.99 68.28 133.14
car 0.533710 181.16 121.01 208.76 168.30
chair 0.533662 177.74 168.33 224.00 224.00
boat 0.533501 35.55 82.85 72.37 127.55
car 0.533281 178.04 94.91 207.08 129.64
boat 0.533179 73.20 100.66 102.00 183.27
person 0.532998 213.01 202.34 224.00 224.00
car 0.532989 162.01 22.59 224.00 159.72
boat 0.532653 21.25 212.54 54.71 224.00
bottle 0.532635 0.00 206.96 30.17 224.00
car 0.532630 21.89 92.65 64.69 132.03
person 0.532365 40.80 72.57 73.77 122.13
boat 0.532315 78.86 110.18 108.49 194.19
person 0.532257 62.07 69.44 85.54 99.64
car 0.532252 55.49 65.25 79.76 99.67
person 0.532033 47.12 80.51 79.21 124.45
car 0.532010 18.63 143.05 64.23 181.04
car 0.531982 123.88 127.84 145.76 203.99
car 0.531967 61.88 65.86 84.82 96.42
person 0.531860 7.88 9.96 70.14 124.71
boat 0.531695 0.00 21.36 13.18 78.73
boat 0.531658 28.88 212.80 64.16 224.00
boat 0.531651 17.71 11.05 96.02 123.08
boat 0.531644 18.49 0.00 72.19 69.71
person 0.531606 0.00 172.57 52.23 224.00
car 0.531587 151.87 126.45 174.96 198.53
bottle 0.531564 7.70 209.00 37.76 224.00
bottle 0.531343 14.50 210.80 46.07 224.00
car 0.531284 152.14 97.19 173.23 124.25
motorbike 0.531205 179.20 107.91 208.32 148.45
person 0.531141 69.78 70.64 91.29 99.58
car 0.530951 47.82 66.48 73.89 108.02
bottle 0.530942 180.88 208.04 219.69 224.00
aeroplane 0.530854 65.38 19.15 91.57 51.96
person 0.530846 217.29 106.13 224.00 152.21
boat 0.530803 0.00 174.74 76.57 224.00
car 0.530731 213.37 0.00 224.00 27.78
car 0.530679 109.58 0.00 204.94 37.74
person 0.530455 58.21 81.38 85.17 123.68
boat 0.530382 3.19 58.44 33.04 94.71
car 0.530354 179.66 106.24 207.51 143.44
boat 0.530323 2.86 0.00 49.04 32.59
boat 0.530265 0.39 10.55 35.32 61.56
car 0.530086 117.42 0.00 160.51 19.00
car 0.530081 145.18 95.56 165.85 125.48
car 0.530010 138.66 109.13 164.75 184.32
car 0.529940 179.09 67.64 212.13 102.77
boat 0.529895 15.26 62.20 39.71 96.51
car 0.529860 81.32 120.27 109.48 200.38
person 0.529837 0.00 7.44 51.42 121.15
boat 0.529837 2.15 31.53 32.61 83.13
chair 0.529820 215.46 130.10 224.00 180.57
person 0.529745 31.74 74.53 67.76 126.78
boat 0.529670 70.04 90.46 92.50 132.95
boat 0.529653 60.92 89.27 84.80 131.46
boat 0.529604 41.86 213.32 79.79 224.00
pottedplant 0.529589 153.98 172.84 214.59 224.00
car 0.529582 0.00 0.00 48.35 73.07
motorbike 0.529581 218.49 95.44 224.00 144.27
boat 0.529496 46.34 87.73 78.96 130.94
boat 0.529490 0.00 9.50 15.01 63.64
boat 0.529442 0.00 52.75 12.58 98.27
boat 0.529331 76.36 91.20 101.68 134.55
car 0.529256 176.78 14.16 224.00 131.96
person 0.528913 20.68 67.35 46.10 109.13
car 0.528858 16.57 167.35 126.01 224.00
boat 0.528798 0.00 0.00 24.90 25.16
boat 0.528784 21.37 17.04 132.65 133.01
car 0.528758 217.84 51.53 224.00 98.11
person 0.528663 0.00 89.26 11.78 140.93
boat 0.528575 11.95 27.81 39.09 80.43
boat 0.528505 6.67 0.00 61.31 99.31
bottle 0.528313 146.71 66.02 167.38 91.24
bottle 0.528158 195.91 205.12 224.00 224.00
person 0.528138 20.05 79.37 50.53 126.68
car 0.528098 178.98 75.84 210.57 111.74
person 0.528077 53.48 68.74 80.89 107.28
boat 0.528062 19.18 62.16 45.84 102.90
boat 0.527893 8.18 7.26 40.04 44.15
bottle 0.527848 168.07 209.84 213.03 224.00
boat 0.527800 7.97 46.34 33.12 88.62
boat 0.527756 10.15 67.77 33.36 100.29
aeroplane 0.527753 13.07 168.41 39.85 190.07
car 0.527713 12.73 94.36 71.16 145.60
car 0.527630 16.19 129.99 71.84 178.80
car 0.527626 131.69 91.68 154.18 126.51
boat 0.527613 69.83 92.99 93.39 160.84
car 0.527513 134.67 0.00 173.00 19.83
car 0.527424 74.53 119.84 102.14 197.63
person 0.527399 27.16 66.97 54.84 116.09
car 0.527395 12.69 109.35 71.79 167.22
boat 0.527350 89.45 112.66 115.76 196.02
person 0.527300 0.00 188.81 13.19 224.00
car 0.527295 17.10 73.12 41.88 110.08
car 0.527271 145.29 0.00 180.08 19.11
car 0.527204 173.65 157.22 199.80 192.17
car 0.527157 60.05 20.42 208.54 150.95
bottle 0.527153 131.33 66.38 150.46 92.17
bottle 0.527125 123.07 11.78 176.63 41.67
car 0.527125 17.73 81.05 45.27 122.29
car 0.527111 72.00 110.68 92.99 188.76
car 0.527013 217.21 64.67 224.00 112.16
car 0.526964 142.63 103.14 165.52 156.11
aeroplane 0.526961 13.90 160.40 41.82 183.73
car 0.526949 79.27 0.00 189.32 43.58
boat 0.526937 82.14 86.04 107.24 126.18
bottle 0.526893 151.89 65.51 176.73 91.41
car 0.526892 86.63 0.00 208.44 69.41
aeroplane 0.526880 110.05 17.10 146.87 36.17
boat 0.526816 66.42 101.97 86.29 174.62
car 0.526765 68.97 20.56 94.03 58.89
dog 0.526715 124.68 136.58 144.12 203.98
car 0.526712 155.28 82.71 213.39 188.34
car 0.526693 61.42 17.32 86.42 59.92
car 0.526681 218.75 74.35 224.00 123.08
bottle 0.526668 189.67 0.00 224.00 74.59
aeroplane 0.526667 55.02 213.82 98.31 224.00
boat 0.526554 5.76 92.93 38.56 136.36
person 0.526476 81.82 213.83 115.48 224.00
boat 0.526447 38.69 65.00 68.46 110.21
bottle 0.526432 220.00 161.42 224.00 206.70
person 0.526408 91.07 214.14 123.03 224.00
bottle 0.526244 0.00 0.00 46.59 98.01
dog 0.526233 119.14 116.46 142.92 195.71
boat 0.526214 0.00 164.98 51.72 224.00
chair 0.526209 217.76 137.98 224.00 187.77
aeroplane 0.526057 68.19 9.35 95.98 37.45
person 0.526027 66.57 74.74 91.93 114.41
boat 0.525988 0.00 64.98 11.73 110.47
sheep 0.525946 109.29 71.88 129.98 101.37
car 0.525907 64.46 36.90 85.50 83.47
car 0.525898 163.74 99.28 186.97 121.77
car 0.525893 185.10 1.67 224.00 104.48
bottle 0.525880 140.06 66.95 159.18 91.43
boat 0.525835 64.23 92.88 85.88 156.19
sheep 0.525827 116.93 65.60 140.36 95.72
bottle 0.525826 0.00 193.20 25.46 222.90
car 0.525800 139.35 93.68 160.44 125.24
car 0.525790 18.90 90.83 50.70 128.68
sheep 0.525730 124.89 64.93 145.45 95.01
car 0.525667 13.06 96.57 43.05 133.87
car 0.525628 140.99 0.00 224.00 45.51
boat 0.525614 29.44 0.00 99.45 74.75
car 0.525612 219.33 44.96 224.00 91.90
boat 0.525593 10.44 103.51 125.54 224.00
boat 0.525569 17.22 150.79 51.85 180.06
car 0.525508 106.39 0.00 145.07 15.00
bottle 0.525505 169.62 165.89 199.91 200.95
boat 0.525366 9.84 194.73 32.45 219.08
pottedplant 0.525358 164.39 83.30 217.19 183.84
car 0.525317 162.94 0.00 196.09 20.61
boat 0.525238 13.78 0.00 54.78 25.75
person 0.525166 131.17 86.74 154.90 123.73
dog 0.525138 98.48 214.32 134.55 224.00
aeroplane 0.525138 110.91 25.01 139.44 42.72
car 0.525119 137.19 101.33 159.28 156.41
cow 0.525093 152.73 70.85 174.25 98.86
car 0.525077 176.83 144.96 202.51 182.93
car 0.525050 167.68 163.11 194.51 199.76
bird 0.525036 62.77 17.85 88.10 50.25
car 0.525025 84.91 144.46 108.15 201.49
car 0.525025 151.84 120.24 187.71 183.30
bottle 0.524973 166.99 174.03 201.92 208.04
person 0.524958 0.00 72.30 11.35 120.17
boat 0.524933 16.45 195.38 37.97 217.89
car 0.524887 75.95 23.23 100.34 51.44
boat 0.524764 0.00 93.67 49.46 224.00
person 0.524748 0.00 118.37 12.64 174.95
car 0.524730 152.94 102.66 175.72 133.64
bottle 0.524704 220.00 182.43 224.00 219.45
car 0.524685 179.48 89.12 205.73 121.11
car 0.524677 162.40 142.84 185.85 191.43
aeroplane 0.524662 75.10 19.22 99.82 45.51
sheep 0.524649 119.29 72.80 141.71 103.86
boat 0.524622 1.52 118.19 91.48 224.00
pottedplant 0.524614 133.48 95.50 153.10 129.78
boat 0.524595 127.32 90.24 148.02 127.81
bottle 0.524555 0.00 198.54 15.26 224.00
aeroplane 0.524496 119.36 12.26 173.48 39.86
car 0.524464 180.35 131.31 204.54 176.35
car 0.524444 68.71 0.00 101.14 15.08
boat 0.524415 8.25 185.38 32.42 210.12
car 0.524384 64.79 121.20 85.93 190.48
dog 0.524319 126.17 71.25 147.62 103.97
boat 0.524315 79.76 78.36 106.55 117.60
person 0.524306 71.37 76.57 100.20 115.96
boat 0.524275 0.00 0.00 40.25 22.51
car 0.524266 97.96 147.57 116.03 200.06
aeroplane 0.524244 13.02 176.27 38.43 199.19
boat 0.524221 0.00 180.20 12.88 218.24
bottle 0.524200 137.42 210.49 176.75 224.00
boat 0.524198 130.43 99.75 152.49 157.42
person 0.524161 75.31 72.45 97.85 100.15
person 0.524131 128.09 211.44 164.73 224.00
boat 0.524110 76.62 93.90 106.44 167.90
car 0.524088 74.01 150.78 177.76 224.00
bottle 0.524030 217.85 193.17 224.00 224.00
sheep 0.524021 97.27 80.22 114.90 116.97
bottle 0.523945 220.00 18.12 224.00 70.35
car 0.523918 147.05 105.15 175.53 153.16
boat 0.523856 0.00 0.00 18.73 40.07
pottedplant 0.523827 132.17 166.40 201.34 224.00
bottle 0.523766 167.97 187.47 204.98 217.31
boat 0.523732 14.25 186.02 38.02 209.58
boat 0.523674 15.46 18.10 50.81 73.84
cow 0.523669 127.28 84.51 150.44 123.83
boat 0.523610 12.05 73.01 36.07 107.42
person 0.523597 0.00 101.18 11.29 154.98
bottle 0.523594 132.01 72.48 151.84 100.92
car 0.523584 70.06 141.49 92.56 198.45
boat 0.523545 27.10 3.26 113.88 101.86
sheep 0.523530 108.06 64.06 129.03 92.11
boat 0.523521 0.00 184.31 24.69 213.51
boat 0.523502 103.77 116.54 128.54 195.93
bottle 0.523483 147.23 72.23 165.57 99.12
bottle 0.523471 153.48 208.93 203.18 224.00
car 0.523459 174.24 0.00 205.33 21.82
chair 0.523449 178.92 109.56 224.00 209.46
boat 0.523369 50.45 18.95 74.52 71.27
cow 0.523287 158.34 64.97 190.34 91.52
bottle 0.523268 130.58 20.08 173.90 48.80
bottle 0.523185 6.42 0.00 51.12 33.51
boat 0.523175 13.75 125.81 60.97 178.17
boat 0.523147 13.50 90.19 43.07 128.75
sheep 0.523141 109.78 83.74 129.81 117.14
bottle 0.523080 131.18 60.48 151.42 86.25
sheep 0.522995 110.49 37.18 133.38 59.73
boat 0.522914 107.90 17.87 131.38 36.65
dog 0.522895 118.93 212.23 156.07 224.00
bird 0.522886 62.23 0.00 94.33 16.11
sheep 0.522871 123.49 58.88 146.34 87.20
boat 0.522853 15.93 205.73 40.99 224.00
aeroplane 0.522846 30.32 138.24 72.21 184.87
car 0.522782 76.26 0.00 107.88 14.08
sheep 0.522736 97.58 72.15 116.38 99.98
car 0.522723 156.30 145.33 178.44 198.30
car 0.522639 100.20 0.00 134.70 13.46
car 0.522592 67.89 56.98 88.89 89.26
boat 0.522582 15.80 139.39 45.36 176.85
bottle 0.522519 220.00 35.48 224.00 85.16
car 0.522428 118.62 137.91 138.95 199.43
aeroplane 0.522268 19.96 0.00 179.46 105.06
aeroplane 0.522221 19.84 157.85 54.55 181.82
car 0.522210 151.56 81.51 172.22 112.40
car 0.522202 84.41 0.00 115.11 13.44
boat 0.522148 12.54 80.38 39.23 119.31
boat 0.522119 16.03 9.04 47.73 54.33
boat 0.522062 189.69 0.00 217.51 20.00
boat 0.522048 16.08 46.05 43.70 93.73
bottle 0.522043 126.67 78.70 150.03 118.23
car 0.522043 50.36 57.27 75.10 97.42
boat 0.522033 13.87 123.12 35.87 171.66
aeroplane 0.522017 54.98 0.00 198.06 85.77
person 0.522009 3.17 121.14 30.21 172.68
boat 0.522007 15.95 123.65 47.42 173.47
boat 0.521992 8.79 175.15 33.65 199.28
bottle 0.521968 220.00 0.00 224.00 33.07
car 0.521827 170.06 65.01 208.81 94.07
sheep 0.521813 110.53 30.85 135.31 50.45
car 0.521755 70.54 35.11 90.51 79.83
sheep 0.521708 111.21 90.41 127.73 121.96
car 0.521675 45.73 131.33 79.01 191.07
sheep 0.521657 150.59 59.77 180.43 84.54
boat 0.521614 6.49 154.43 111.02 224.00
cow 0.521594 160.22 70.72 186.78 98.36
boat 0.521545 133.16 97.09 152.36 136.46
car 0.521537 92.94 0.00 123.18 13.06
sheep 0.521525 145.44 60.87 169.01 85.54
sheep 0.521488 114.65 57.43 139.47 85.36
pottedplant 0.521467 101.52 159.30 187.39 224.00
bottle 0.521409 199.39 0.00 224.00 22.72
boat 0.521373 122.76 90.46 142.96 124.95
boat 0.521290 24.02 197.30 44.92 215.24
motorbike 0.521254 170.00 90.99 209.02 130.12
bird 0.521231 109.30 24.05 128.52 41.51
boat 0.521222 41.03 195.48 61.45 214.45
bottle 0.521208 220.00 5.21 224.00 55.25
boat 0.521191 22.71 207.71 48.72 224.00
bottle 0.521171 16.69 4.47 47.61 44.14
car 0.521115 162.40 104.48 193.03 132.07
aeroplane 0.521113 47.59 194.22 68.97 214.33
car 0.521048 178.69 55.77 215.20 91.25
cow 0.521008 89.54 30.75 106.98 60.52
person 0.521005 72.60 66.97 95.40 94.88
aeroplane 0.520969 108.63 35.88 125.39 56.85
boat 0.520921 48.66 185.09 69.60 206.48
boat 0.520907 15.38 106.46 72.44 168.18
boat 0.520897 86.56 20.24 108.26 41.86
person 0.520897 82.75 73.09 105.03 100.38
aeroplane 0.520836 125.55 20.38 170.29 47.23
bottle 0.520803 140.75 72.81 158.22 99.44
car 0.520789 90.45 12.52 215.19 106.79
car 0.520769 156.17 107.29 194.96 147.73
car 0.520761 108.05 147.25 124.73 198.54
boat 0.520760 36.28 0.00 141.72 74.90
boat 0.520698 81.50 91.63 106.19 146.52
boat 0.520611 33.71 196.88 53.66 214.59
aeroplane 0.520608 137.93 27.66 170.90 57.31
boat 0.520498 32.79 17.71 59.27 72.55
sheep 0.520482 121.35 79.51 143.84 114.08
boat 0.520468 37.93 207.36 65.56 224.00
car 0.520457 105.17 126.53 127.73 202.26
car 0.520451 39.91 0.00 161.83 65.79
boat 0.520435 2.98 135.17 32.94 178.18
boat 0.520433 44.44 91.53 79.32 152.08
aeroplane 0.520433 55.49 183.25 77.62 205.99
cow 0.520428 87.45 24.74 108.76 47.40
pottedplant 0.520361 161.69 106.10 212.98 199.88
bottle 0.520328 27.75 0.00 62.27 23.96
bottle 0.520284 139.78 61.38 160.94 86.55
boat 0.520258 31.43 207.63 57.86 224.00
bottle 0.520241 167.62 202.09 208.26 224.00
bottle 0.520216 145.88 82.40 164.21 114.64
dog 0.520188 128.14 99.25 147.72 159.28
car 0.520152 161.08 93.12 184.77 116.86
car 0.520101 69.37 181.02 94.02 206.57
motorbike 0.520034 167.59 99.99 207.25 141.22
car 0.520033 70.36 168.53 93.69 202.52
dog 0.520004 129.56 142.53 147.54 209.33
dog 0.519862 157.26 59.07 195.88 84.03
bird 0.519854 53.77 13.95 80.44 49.86
car 0.519793 57.30 171.47 77.84 200.49
boat 0.519760 41.01 187.04 62.32 206.59
boat 0.519740 10.53 149.35 37.67 180.14
sheep 0.519733 112.68 35.67 141.52 61.36
sheep 0.519625 112.34 45.84 135.41 71.58
aeroplane 0.519616 61.98 182.79 85.30 205.74
bottle 0.519613 120.65 0.00 174.63 30.00
boat 0.519599 21.43 188.21 44.47 207.68
car 0.519553 171.96 81.86 210.53 119.34
aeroplane 0.519532 26.92 152.89 63.33 183.55
aeroplane 0.519527 112.71 0.00 161.80 27.10
aeroplane 0.519477 51.24 141.43 78.33 192.60
sheep 0.519414 96.28 63.75 115.57 90.17
car 0.519379 99.92 158.99 113.94 199.12
boat 0.519297 23.29 49.11 52.83 98.79
boat 0.519286 50.80 34.01 73.00 84.06
person 0.519235 0.00 142.87 15.71 185.55
car 0.519202 63.00 156.12 85.40 197.46
car 0.519189 124.16 77.01 201.98 192.36
boat 0.519175 98.93 91.77 113.48 130.09
car 0.519168 62.82 170.93 85.28 201.32
aeroplane 0.519126 54.20 192.95 77.67 214.29
boat 0.519122 0.71 175.50 27.89 202.20
car 0.519048 88.48 27.31 108.17 53.01
boat 0.518993 100.68 20.15 118.28 38.31
sheep 0.518973 118.48 46.96 143.90 75.32
boat 0.518970 0.00 165.75 14.44 196.99
aeroplane 0.518927 109.04 29.33 126.98 48.13
boat 0.518889 45.30 103.10 78.86 170.80
aeroplane 0.518798 112.09 29.75 144.30 51.19
pottedplant 0.518745 159.28 143.30 211.14 224.00
aeroplane 0.518650 114.54 21.53 163.07 43.58
aeroplane 0.518646 48.46 173.28 70.30 199.18
cow 0.518644 101.98 34.27 116.47 56.60
boat 0.518587 5.97 99.84 32.32 146.20
boat 0.518568 30.69 188.56 53.50 206.85
car 0.518474 55.84 155.78 77.57 195.12
car 0.518445 160.83 81.40 184.34 109.80
boat 0.518423 126.35 0.00 173.35 21.66
sheep 0.518421 126.49 49.13 149.98 77.72
sheep 0.518344 107.71 53.57 127.45 79.02
car 0.518332 76.17 154.30 99.42 200.75
boat 0.518317 90.67 97.14 112.62 166.82
bottle 0.518303 43.50 0.00 77.69 19.03
car 0.518301 168.13 59.23 212.08 86.24
car 0.518274 95.15 93.02 187.66 205.96
boat 0.518266 0.00 155.71 15.59 190.25
dog 0.518226 125.03 170.92 142.22 209.85
sheep 0.518192 178.58 187.50 212.17 213.25
sheep 0.518139 108.22 43.07 124.77 65.72
car 0.518022 77.29 178.93 100.87 207.22
sheep 0.518020 144.57 36.41 169.30 65.50
bottle 0.517983 140.85 27.26 176.18 55.47
bottle 0.517963 139.94 21.07 185.92 48.12
sheep 0.517941 151.78 48.38 180.49 75.90
dog 0.517877 131.40 164.78 147.41 209.91
bird 0.517868 102.12 25.15 118.54 42.85
boat 0.517740 39.04 54.25 66.33 99.72
person 0.517684 4.53 107.91 29.50 161.73
sheep 0.517671 179.83 199.19 216.42 224.00
boat 0.517588 112.44 94.20 125.42 126.36
boat 0.517544 33.55 9.71 55.74 53.04
sheep 0.517471 118.89 34.50 149.95 63.89
bottle 0.517431 149.13 35.27 177.16 63.28
sheep 0.517354 145.94 50.50 169.27 78.79
boat 0.517340 17.90 177.44 44.04 196.65
bird 0.517336 63.99 0.00 94.18 26.76
aeroplane 0.517334 85.83 9.38 108.77 33.83
aeroplane 0.517332 119.11 160.10 135.49 203.77
bottle 0.517296 118.83 0.00 218.19 74.57
aeroplane 0.517261 61.19 192.83 86.48 215.28
person 0.517217 139.58 81.63 158.03 116.72
boat 0.517181 129.78 96.12 146.82 139.10
sheep 0.517147 137.91 36.07 161.85 65.93
car 0.516957 158.45 154.33 183.80 202.04
person 0.516933 81.90 66.38 103.76 92.75
bottle 0.516894 179.83 45.85 214.87 84.80
car 0.516856 87.54 167.87 106.00 203.00
car 0.516779 175.43 47.32 215.02 82.02
car 0.516765 162.84 30.26 201.51 56.92
cow 0.516752 102.29 29.29 117.79 48.85
sheep 0.516721 140.26 50.80 160.67 79.84
aeroplane 0.516681 106.46 5.23 134.48 28.38
bird 0.516675 62.39 6.55 90.16 36.49
boat 0.516655 35.76 32.05 60.97 83.30
aeroplane 0.516598 44.78 158.10 69.94 192.09
bottle 0.516537 174.52 177.30 209.72 206.10
aeroplane 0.516484 67.93 0.00 97.82 25.18
car 0.516440 76.63 35.72 96.80 74.96
tvmonitor 0.516407 181.57 34.69 213.41 71.03
boat 0.516394 87.66 180.22 104.80 206.19
aeroplane 0.516392 19.69 165.74 52.38 186.76
person 0.516344 73.31 55.26 94.72 86.85
car 0.516326 161.61 23.55 201.35 49.50
boat 0.516236 2.65 167.25 33.74 190.47
bottle 0.516136 31.88 0.00 55.23 37.85
boat 0.516075 18.55 96.28 53.57 138.99
boat 0.516070 14.66 106.93 35.69 157.52
boat 0.516067 14.44 99.98 37.95 141.14
boat 0.516001 2.55 158.82 37.72 184.40
aeroplane 0.515945 67.83 192.45 95.73 217.67
dog 0.515918 130.07 189.15 150.94 220.70
dog 0.515872 157.70 47.51 196.17 74.44
boat 0.515854 49.81 206.88 83.01 224.00
boat 0.515806 99.16 8.79 118.70 30.77
bottle 0.515795 153.83 36.13 189.61 62.62
boat 0.515752 37.08 175.14 62.90 197.59
tvmonitor 0.515743 182.81 26.50 212.86 60.78
car 0.515742 101.34 169.72 113.14 201.24
dog 0.515598 137.75 142.01 156.17 207.41
car 0.515524 175.89 37.27 211.38 69.87
boat 0.515500 17.22 104.30 49.52 157.42
boat 0.515471 95.81 94.01 112.00 143.57
sheep 0.515441 139.87 185.88 157.91 218.12
boat 0.515436 24.52 176.69 53.07 196.31
aeroplane 0.515408 76.92 191.90 103.15 218.98
chair 0.515361 190.18 127.93 214.89 173.80
bottle 0.515348 198.95 195.16 220.64 224.00
dog 0.515275 140.49 162.68 155.14 208.76
bottle 0.515251 153.71 147.63 173.86 202.22
bottle 0.515227 105.55 6.16 215.78 107.56
boat 0.515117 105.57 100.57 125.51 163.09
sheep 0.515117 97.89 51.56 115.10 76.50
aeroplane 0.515054 118.41 177.07 135.01 207.09
bottle 0.514965 173.49 154.24 209.37 190.04
sheep 0.514963 100.83 40.64 114.89 63.71
bottle 0.514898 201.72 183.69 217.29 214.22
car 0.514883 176.30 28.97 209.14 59.41
motorbike 0.514828 174.41 75.03 215.27 120.97
aeroplane 0.514826 123.15 192.63 144.70 221.80
car 0.514783 165.03 38.25 205.61 66.02
aeroplane 0.514744 106.79 0.00 151.03 17.71
aeroplane 0.514716 31.59 161.97 62.48 189.04
boat 0.514681 88.46 38.92 105.25 68.72
boat 0.514681 88.38 193.69 107.40 217.98
aeroplane 0.514564 110.95 167.38 122.77 200.19
bottle 0.514532 191.58 0.00 216.12 22.41
aeroplane 0.514399 100.75 182.48 111.87 205.01
pottedplant 0.514371 134.95 101.93 200.04 200.56
bird 0.514366 51.89 0.00 80.76 34.30
tvmonitor 0.514106 187.54 18.16 217.11 53.00
boat 0.514056 110.21 96.47 123.88 138.75
sheep 0.513799 124.00 96.10 145.41 138.14
dog 0.513786 163.34 183.18 204.44 216.48
aeroplane 0.513777 56.45 207.57 92.96 224.00
bottle 0.513754 183.59 31.34 214.45 69.74
boat 0.513733 144.76 0.00 184.59 20.12
car 0.513592 160.50 16.38 200.88 40.89
boat 0.513494 84.37 53.53 104.30 81.46
car 0.513465 177.62 22.15 209.57 50.12
bottle 0.513292 200.87 173.82 217.14 207.58
aeroplane 0.513242 110.21 181.24 122.77 204.38
dog 0.513107 131.88 205.10 161.11 224.00
tvmonitor 0.512878 191.73 13.26 217.26 44.15
aeroplane 0.512853 117.48 196.15 137.22 220.76
tvmonitor 0.512779 194.22 0.00 216.40 30.41
dog 0.512735 100.83 196.38 114.59 217.80
bottle 0.512622 190.02 17.28 218.45 65.98
aeroplane 0.512560 160.11 166.01 191.08 204.91
dog 0.512547 153.48 163.32 175.26 204.50
tvmonitor 0.512399 184.62 0.00 209.98 23.90
bottle 0.512393 196.11 136.78 215.63 180.57
bottle 0.512380 200.23 162.51 216.80 201.52
sheep 0.512344 142.33 202.69 175.27 224.00
bottle 0.512306 199.49 150.05 216.60 191.66
boat 0.512174 160.52 0.00 195.13 21.75
boat 0.512099 136.34 0.00 183.74 29.01
bottle 0.512018 188.73 37.84 217.52 83.11
sheep 0.511886 150.70 183.41 175.15 214.97
boat 0.511869 102.49 0.00 135.64 17.36
dog 0.511727 110.40 197.66 126.05 218.85
aeroplane 0.511591 84.41 0.00 110.90 20.68
tvmonitor 0.511500 179.73 16.05 210.04 41.05
dog 0.511312 83.89 210.40 113.19 224.00
aeroplane 0.511171 95.01 0.00 119.84 18.37
boat 0.511149 176.66 0.00 205.02 24.45
boat 0.510934 72.74 209.83 108.79 224.00
dog 0.510734 150.75 200.72 194.59 224.00
bottle 0.510488 197.66 6.17 218.61 49.27
bottle 0.510181 202.88 0.00 218.88 34.46
dog 0.510151 94.29 211.61 120.57 224.00
dog 0.509686 108.07 212.00 142.07 224.00
tvmonitor 0.509378 180.49 1.03 208.15 31.98
