horse 0.663179 0.00 17.74 193.39 224.00
dog 0.593575 9.78 13.58 199.73 222.92
horse 0.559612 74.65 35.81 195.26 224.00
horse 0.559396 171.62 45.30 224.00 210.00
horse 0.553701 140.54 38.67 220.28 213.94
horse 0.550842 9.18 33.34 99.75 211.63
horse 0.545869 22.39 24.58 155.24 197.10
horse 0.545329 1.35 52.73 57.72 198.03
dog 0.544365 143.40 86.37 199.84 177.63
dog 0.540363 188.65 73.01 224.00 210.30
horse 0.539480 58.43 2.88 180.78 187.48
dog 0.537156 118.88 13.32 168.30 86.33
dog 0.534611 198.83 104.04 224.00 224.00
cow 0.534492 0.00 127.46 12.50 184.28
person 0.533821 43.09 0.00 202.43 224.00
dog 0.533591 0.00 80.73 11.60 144.58
dog 0.533552 206.30 96.90 224.00 172.86
person 0.533184 204.85 208.56 224.00 224.00
dog 0.533181 186.14 29.21 224.00 171.01
dog 0.532713 178.98 88.44 217.41 177.10
dog 0.532688 133.03 23.03 183.52 90.62
dog 0.532651 84.24 0.00 193.59 92.95
person 0.532493 0.00 164.18 33.90 224.00
dog 0.532291 178.39 0.00 224.00 45.46
aeroplane 0.532156 142.30 25.71 195.47 90.49
dog 0.532127 2.43 81.82 32.81 145.35
dog 0.532113 147.67 32.67 202.55 100.32
person 0.531952 71.70 0.23 178.95 174.62
dog 0.531848 14.24 82.68 41.92 139.37
dog 0.531771 207.58 62.54 224.00 124.87
dog 0.531592 189.94 175.26 224.00 224.00
person 0.531488 115.43 26.12 202.19 202.54
bottle 0.531352 0.00 209.66 29.72 224.00
dog 0.531295 0.00 102.35 12.14 158.13
dog 0.531192 193.20 15.93 224.00 132.68
dog 0.531076 33.86 87.62 53.47 123.20
cow 0.531064 0.00 130.34 20.42 182.20
horse 0.530980 0.00 0.00 46.10 38.90
horse 0.530786 0.00 102.97 41.36 215.97
dog 0.530519 0.00 93.89 25.55 152.48
person 0.530445 0.00 205.84 18.97 224.00
dog 0.530322 22.96 84.50 48.74 128.61
dog 0.530246 39.21 90.09 58.22 125.55
sheep 0.530132 127.01 0.00 182.14 23.99
horse 0.529985 79.53 0.00 176.00 137.39
horse 0.529939 3.16 163.35 63.94 224.00
aeroplane 0.529850 12.48 27.37 45.40 62.97
horse 0.529816 17.47 135.09 134.76 224.00
dog 0.529335 120.77 0.00 174.96 25.54
dog 0.529282 41.88 175.70 83.02 224.00
dog 0.529159 193.90 211.53 224.00 224.00
dog 0.528850 202.18 114.47 224.00 188.62
dog 0.528839 13.36 61.56 49.08 112.05
cow 0.528822 7.40 133.89 28.11 179.39
horse 0.528804 14.51 89.64 165.89 224.00
dog 0.528796 152.62 50.69 201.86 120.19
sheep 0.528728 143.57 4.68 191.39 25.09
dog 0.528690 86.52 96.13 112.10 162.01
sheep 0.528686 43.62 165.40 79.93 224.00
aeroplane 0.528572 114.07 14.47 161.33 86.16
bottle 0.528560 209.79 0.00 224.00 20.65
sheep 0.528530 151.65 0.00 198.30 21.89
dog 0.528516 160.78 62.08 223.62 206.12
dog 0.528363 211.46 81.80 224.00 156.83
dog 0.528131 121.45 27.83 156.54 98.61
cat 0.528116 120.85 0.00 167.82 18.68
dog 0.528040 135.66 109.90 184.48 180.97
horse 0.528009 0.00 14.31 44.27 146.07
horse 0.527874 7.89 0.00 78.82 34.12
horse 0.527851 13.73 157.64 91.76 224.00
person 0.527798 0.00 70.68 10.05 129.11
horse 0.527643 1.84 20.12 76.63 161.71
horse 0.527585 52.61 146.51 174.72 224.00
dog 0.527578 9.25 101.63 30.19 152.94
horse 0.527323 89.31 0.00 195.29 71.01
horse 0.527309 44.61 0.00 124.60 146.54
dog 0.527271 179.63 212.75 212.36 224.00
dog 0.527227 45.73 112.63 70.10 159.29
sheep 0.527125 160.85 6.70 198.62 26.38
sheep 0.527102 1.53 76.13 38.91 130.07
sheep 0.527098 13.92 135.74 34.88 181.19
dog 0.526957 15.96 77.65 47.02 124.74
cow 0.526794 13.68 137.22 35.74 187.80
horse 0.526788 0.00 132.07 33.35 224.00
horse 0.526780 3.11 91.11 69.60 213.54
aeroplane 0.526715 59.97 19.46 92.94 89.21
aeroplane 0.526711 10.54 17.53 47.61 55.56
dog 0.526646 68.39 159.95 185.26 224.00
sheep 0.526617 63.22 142.01 93.18 217.89
dog 0.526581 152.24 68.51 198.74 149.69
dog 0.526528 14.25 99.56 37.50 151.64
dog 0.526521 216.97 45.90 224.00 99.78
sheep 0.526468 71.04 160.00 104.76 224.00
dog 0.526459 85.55 70.06 109.26 138.14
sheep 0.526455 97.89 210.45 135.34 224.00
car 0.526436 0.00 0.00 20.73 24.38
horse 0.526366 8.62 0.00 53.94 18.97
dog 0.526363 80.63 59.27 102.60 128.08
horse 0.526289 35.79 0.00 112.03 37.23
dog 0.526242 119.68 42.80 149.90 105.90
dog 0.526229 40.28 102.85 59.97 148.12
dog 0.526126 212.48 135.10 224.00 200.60
dog 0.526061 105.74 209.98 142.68 224.00
sheep 0.526014 20.79 138.08 43.66 190.29
sheep 0.525977 0.00 102.59 22.02 155.68
sheep 0.525870 47.95 140.91 73.68 197.16
dog 0.525793 98.10 182.69 202.62 224.00
aeroplane 0.525790 38.04 176.61 85.52 224.00
chair 0.525763 115.48 0.00 155.11 18.30
sheep 0.525643 52.15 152.15 85.07 224.00
aeroplane 0.525615 11.98 53.11 47.03 96.18
dog 0.525533 211.96 51.85 224.00 111.70
dog 0.525460 130.77 211.39 166.63 224.00
cat 0.525432 132.75 0.00 182.61 19.16
sheep 0.525430 32.90 138.99 53.60 191.91
cow 0.525375 0.00 146.30 13.33 207.12
sheep 0.525348 53.97 141.32 80.59 199.07
dog 0.525312 81.28 97.78 105.40 161.40
bottle 0.525241 38.85 210.18 84.14 224.00
sheep 0.525153 40.87 139.90 64.05 194.70
dog 0.525130 219.69 40.96 224.00 89.61
dog 0.525012 181.55 112.72 216.28 189.46
cow 0.524954 0.35 135.28 28.35 193.14
dog 0.524948 144.86 212.67 184.26 224.00
dog 0.524845 112.24 152.31 148.96 204.15
dog 0.524812 74.02 62.98 93.26 124.39
horse 0.524808 27.25 0.00 70.60 19.34
dog 0.524779 125.23 8.43 198.54 119.60
dog 0.524771 40.83 114.49 60.62 156.69
dog 0.524691 216.51 145.32 224.00 204.94
dog 0.524587 163.50 181.24 224.00 224.00
horse 0.524564 0.00 0.00 38.65 104.08
dog 0.524425 175.15 57.04 211.37 123.16
sheep 0.524349 59.39 141.05 86.40 207.52
dog 0.524343 47.26 123.89 71.09 171.34
dog 0.524299 120.42 106.07 162.50 176.47
dog 0.524234 66.41 139.07 94.43 202.44
horse 0.524233 55.14 0.00 136.60 41.27
aeroplane 0.524149 68.26 25.67 95.66 95.06
person 0.524128 91.15 0.00 180.44 125.37
chair 0.524104 93.23 0.00 122.56 19.64
dog 0.524067 162.36 212.51 200.77 224.00
dog 0.524009 71.21 140.21 102.36 207.91
bottle 0.524004 82.46 211.24 120.66 224.00
dog 0.523986 112.81 49.26 142.39 101.53
dog 0.523966 153.93 26.06 215.08 171.46
dog 0.523732 62.66 67.83 83.71 117.69
dog 0.523660 126.44 44.31 155.52 112.49
horse 0.523587 76.60 0.00 171.02 53.53
dog 0.523560 79.09 114.95 111.09 181.08
sheep 0.523521 40.23 142.10 71.18 213.17
dog 0.523501 53.47 135.52 79.84 189.73
horse 0.523394 47.04 111.51 190.20 224.00
dog 0.523358 31.68 209.10 80.03 224.00
aeroplane 0.523319 50.85 24.77 85.14 85.65
dog 0.523235 162.49 75.58 209.78 167.03
bottle 0.523144 65.10 211.69 105.08 224.00
dog 0.523108 116.95 147.02 157.43 198.69
diningtable 0.523097 48.33 17.84 87.03 79.04
dog 0.523077 123.15 4.10 172.35 61.01
sheep 0.523068 78.40 165.46 112.62 224.00
person 0.523000 0.00 53.24 7.42 109.84
sheep 0.522963 33.34 139.96 59.96 209.28
cow 0.522866 0.00 142.99 21.60 206.16
dog 0.522845 160.34 16.92 214.69 124.18
dog 0.522779 52.17 123.91 77.33 174.55
bottle 0.522763 51.63 211.05 95.39 224.00
dog 0.522760 34.65 93.36 53.16 137.91
horse 0.522679 61.93 0.00 94.01 18.09
dog 0.522625 173.77 98.24 223.77 218.95
dog 0.522494 43.09 87.74 66.27 127.29
dog 0.522428 19.49 100.23 43.37 149.12
dog 0.522301 181.33 143.82 216.43 202.03
dog 0.522217 114.36 106.97 149.70 176.23
dog 0.522182 59.87 135.18 86.15 193.08
dog 0.522166 70.71 51.16 93.97 112.52
horse 0.522160 0.00 0.00 63.92 112.76
horse 0.522134 48.04 0.00 85.64 18.20
horse 0.522038 20.43 0.00 85.67 120.43
dog 0.522038 151.67 65.59 187.40 127.15
sheep 0.522009 0.00 58.02 38.89 110.52
motorbike 0.521983 13.83 27.90 47.56 62.64
dog 0.521966 37.08 194.22 82.57 224.00
aeroplane 0.521949 13.43 43.16 45.39 79.88
sheep 0.521937 215.55 0.00 224.00 23.46
dog 0.521920 89.56 25.57 120.88 87.40
dog 0.521911 104.36 28.86 142.93 90.88
sheep 0.521904 220.00 35.06 224.00 79.10
chair 0.521839 100.79 0.00 129.77 18.36
dog 0.521820 103.90 53.25 125.98 100.57
dog 0.521761 41.28 126.02 61.31 168.44
motorbike 0.521710 12.41 7.12 48.13 42.52
dog 0.521697 144.70 0.00 222.77 43.98
sheep 0.521658 199.91 0.00 224.00 19.29
dog 0.521637 75.01 151.41 109.93 222.50
dog 0.521613 77.24 49.38 100.85 111.60
horse 0.521611 12.40 114.46 99.71 224.00
sheep 0.521555 184.07 0.00 216.46 19.55
aeroplane 0.521554 84.92 0.00 115.43 18.68
dog 0.521503 179.43 0.00 224.00 75.53
sheep 0.521484 82.42 184.35 116.00 224.00
dog 0.521482 219.09 155.31 224.00 209.18
dog 0.521463 133.59 91.60 178.24 160.39
dog 0.521462 97.13 28.18 128.32 87.42
sheep 0.521460 220.00 18.64 224.00 54.68
dog 0.521384 7.53 50.12 44.61 94.92
sheep 0.521367 0.00 25.71 8.02 68.68
motorbike 0.521322 10.51 16.98 49.00 56.16
dog 0.521300 144.13 56.29 177.25 119.18
dog 0.521287 21.80 73.72 51.21 118.13
sheep 0.521277 220.00 10.48 224.00 42.47
cow 0.521275 0.00 170.73 11.48 218.20
dog 0.521272 77.46 139.79 109.87 200.25
dog 0.521188 16.82 209.96 60.86 224.00
dog 0.521147 73.08 27.45 101.52 94.41
dog 0.521101 43.49 94.49 66.64 141.83
sheep 0.520938 9.21 113.63 27.88 161.71
dog 0.520875 186.50 59.07 219.37 124.38
sheep 0.520857 220.00 0.00 224.00 31.39
dog 0.520830 83.66 51.64 106.97 107.93
sheep 0.520800 57.72 171.55 97.51 224.00
dog 0.520740 115.83 0.00 206.52 52.78
dog 0.520598 58.34 112.82 81.82 167.27
sheep 0.520594 8.30 210.93 47.50 224.00
sheep 0.520570 170.21 0.00 208.02 21.65
dog 0.520566 124.79 92.28 160.61 155.89
dog 0.520539 134.65 52.74 161.76 118.41
aeroplane 0.520527 35.14 164.21 75.68 221.94
motorbike 0.520396 38.11 24.44 75.09 74.52
dog 0.520386 78.43 22.83 110.69 88.29
aeroplane 0.520361 9.35 34.20 40.71 65.91
dog 0.520214 93.65 53.82 114.60 103.20
dog 0.520203 157.55 102.97 207.61 183.63
sheep 0.520140 25.47 151.66 50.53 210.93
dog 0.520140 126.68 159.48 164.43 201.56
person 0.520087 0.00 31.15 7.42 76.35
dog 0.520070 120.78 165.29 154.89 210.33
dog 0.520057 145.59 83.87 183.83 152.42
dog 0.520025 13.73 112.83 34.81 160.85
dog 0.519961 48.19 78.88 73.94 123.37
dog 0.519960 68.65 84.66 196.71 224.00
cow 0.519887 0.00 171.07 20.20 214.06
dog 0.519873 176.45 47.21 213.44 105.02
dog 0.519872 67.84 110.48 92.14 169.53
dog 0.519822 145.51 174.01 183.53 206.59
sheep 0.519729 10.79 138.88 34.71 202.32
dog 0.519689 153.24 181.32 188.26 213.00
dog 0.519679 145.91 183.85 180.08 213.88
aeroplane 0.519643 76.42 0.00 106.91 17.25
dog 0.519567 32.39 115.24 50.84 155.90
dog 0.519565 123.72 177.74 155.59 221.56
sheep 0.519432 0.00 28.52 33.20 62.37
dog 0.519423 134.35 180.52 161.94 217.99
dog 0.519401 132.45 151.88 183.35 197.90
dog 0.519372 219.86 167.55 224.00 214.79
dog 0.519288 178.29 66.53 211.11 145.79
bottle 0.519251 0.00 196.14 13.44 224.00
sheep 0.519181 182.60 45.53 214.76 97.16
dog 0.519169 143.24 163.88 187.43 200.36
dog 0.519163 110.00 91.97 206.01 220.40
dog 0.519160 137.94 37.35 177.47 108.30
car 0.519158 0.00 0.00 40.78 20.20
dog 0.519119 82.74 172.63 119.81 224.00
dog 0.519097 129.26 62.84 155.03 122.09
dog 0.519082 74.93 80.41 92.51 137.46
dog 0.519047 63.27 41.92 87.81 101.46
aeroplane 0.519023 0.00 156.35 26.97 206.77
dog 0.519021 130.40 170.22 162.26 208.12
dog 0.518971 96.68 146.54 130.39 201.96
dog 0.518908 117.53 94.46 149.01 154.86
cow 0.518859 0.00 183.32 21.77 221.97
dog 0.518846 109.18 104.77 137.17 174.82
dog 0.518835 177.39 174.09 206.88 211.31
dog 0.518823 111.05 177.14 147.13 224.00
dog 0.518822 114.90 125.67 157.39 190.72
sheep 0.518724 31.50 128.04 50.63 167.06
sheep 0.518674 19.73 128.64 40.79 170.30
horse 0.518620 0.00 0.00 66.16 56.03
aeroplane 0.518619 27.20 163.74 56.07 215.25
aeroplane 0.518601 14.03 153.49 35.25 206.99
dog 0.518572 188.85 77.31 219.41 161.72
dog 0.518552 156.48 2.25 213.48 95.26
dog 0.518512 174.89 160.72 207.77 206.78
dog 0.518464 138.67 133.14 190.42 193.61
aeroplane 0.518446 41.60 31.79 73.48 80.48
motorbike 0.518396 48.34 11.07 86.95 68.48
dog 0.518304 84.01 144.73 116.99 204.85
dog 0.518265 91.58 82.14 111.71 144.99
dog 0.518132 18.94 114.41 41.44 159.01
sheep 0.518058 0.00 199.69 24.89 224.00
dog 0.517987 121.93 136.32 170.65 195.20
dog 0.517965 146.94 74.61 178.53 136.49
motorbike 0.517919 62.96 10.00 93.00 69.26
aeroplane 0.517884 118.57 4.86 162.37 60.46
dog 0.517837 175.01 128.29 211.12 195.42
car 0.517820 0.00 9.88 8.13 50.30
sheep 0.517819 0.00 47.82 35.74 96.94
dog 0.517766 102.88 163.73 137.78 215.87
dog 0.517755 121.62 63.44 147.35 123.49
sheep 0.517743 87.64 191.71 123.17 224.00
aeroplane 0.517630 71.49 14.94 102.04 79.45
dog 0.517592 51.52 61.63 78.48 111.59
dog 0.517585 217.60 186.14 224.00 224.00
dog 0.517567 137.62 75.21 167.00 132.88
aeroplane 0.517485 26.65 175.60 59.63 224.00
bottle 0.517401 40.12 192.22 85.86 224.00
dog 0.517290 160.28 36.20 205.62 89.89
dog 0.517280 149.32 18.46 199.24 69.37
dog 0.517124 137.81 3.84 186.30 51.18
dog 0.517112 153.31 166.18 194.15 204.35
dog 0.517033 104.71 142.03 142.47 198.57
dog 0.517030 167.96 148.52 224.00 224.00
sheep 0.517013 151.14 7.79 194.83 30.36
dog 0.516962 186.44 170.17 214.42 210.05
dog 0.516878 97.75 102.43 124.72 173.00
car 0.516871 0.00 0.00 10.41 38.33
aeroplane 0.516860 80.35 15.18 110.40 78.10
dog 0.516798 101.48 178.78 138.02 224.00
dog 0.516784 166.67 175.37 199.47 210.68
dog 0.516503 51.95 48.00 79.98 99.33
dog 0.516473 194.66 47.00 222.49 102.34
sheep 0.516381 0.00 19.62 36.24 54.02
dog 0.516291 61.82 84.96 81.21 135.97
dog 0.516244 72.55 89.95 91.61 149.31
horse 0.516146 37.07 0.00 115.55 78.41
sheep 0.516122 201.23 43.06 223.50 92.72
dog 0.516057 209.49 204.66 224.00 224.00
dog 0.515820 112.34 63.66 138.88 124.69
dog 0.515701 135.37 195.94 163.42 224.00
sheep 0.515629 140.49 2.19 184.35 31.10
motorbike 0.515622 27.60 29.11 60.81 70.25
dog 0.515556 93.18 161.95 128.84 217.64
dog 0.515522 112.41 194.02 148.82 224.00
aeroplane 0.515492 103.75 0.00 115.32 26.81
dog 0.515411 124.97 194.48 157.22 224.00
aeroplane 0.515396 104.26 7.55 114.63 38.62
sheep 0.515380 180.22 4.48 207.20 24.55
motorbike 0.515371 69.13 8.19 88.04 50.69
aeroplane 0.515326 68.81 11.00 94.86 68.07
dog 0.515318 34.90 78.39 58.04 116.52
horse 0.515301 51.68 0.00 138.26 84.39
sheep 0.515212 95.92 195.73 131.96 224.00
dog 0.515141 161.57 154.22 202.01 199.03
dog 0.515121 181.23 194.64 209.28 224.00
motorbike 0.515082 22.82 0.00 59.59 24.24
dog 0.515051 152.29 196.61 189.07 224.00
aeroplane 0.515009 97.59 0.00 119.74 20.65
sheep 0.514855 0.00 39.70 33.06 81.66
dog 0.514823 41.64 66.35 69.18 110.75
dog 0.514816 31.03 67.88 60.12 110.65
dog 0.514807 103.80 0.00 125.30 20.58
dog 0.514793 113.20 0.00 146.67 21.25
aeroplane 0.514790 29.89 36.33 59.96 75.11
dog 0.514779 102.74 195.23 140.14 224.00
dog 0.514686 41.88 77.01 66.16 116.74
aeroplane 0.514680 5.52 181.88 30.74 217.75
dog 0.514611 110.68 80.15 137.74 134.64
aeroplane 0.514595 98.97 8.94 116.30 57.26
aeroplane 0.514553 74.94 10.65 90.85 49.93
dog 0.514512 113.96 147.88 207.54 224.00
dog 0.514480 59.72 93.12 79.68 148.40
dog 0.514452 144.59 198.19 179.25 224.00
aeroplane 0.514430 109.15 0.00 121.80 26.39
dog 0.514318 41.20 53.60 70.18 97.17
dog 0.514295 98.98 94.62 121.28 153.86
dog 0.514256 189.39 192.49 215.46 224.00
dog 0.514180 170.98 193.82 202.13 224.00
aeroplane 0.514101 11.68 7.94 51.76 40.22
sheep 0.514069 205.30 37.58 222.87 80.52
dog 0.514050 134.79 0.00 183.39 32.75
dog 0.514031 18.83 195.74 60.70 224.00
dog 0.514019 161.87 24.90 202.66 66.63
aeroplane 0.513975 15.34 37.58 48.39 70.08
motorbike 0.513949 35.95 0.00 69.26 24.95
dog 0.513820 100.65 62.67 122.95 128.16
motorbike 0.513813 22.40 17.72 61.31 62.15
aeroplane 0.513810 16.27 178.29 39.53 219.80
dog 0.513805 94.95 129.58 128.13 192.42
motorbike 0.513729 50.55 5.88 80.81 47.83
motorbike 0.513706 36.87 6.06 71.67 44.84
bottle 0.513667 73.51 200.79 111.82 224.00
aeroplane 0.513603 109.42 6.88 120.86 34.89
dog 0.513583 189.88 152.62 220.70 206.56
sheep 0.513568 186.69 29.79 213.21 64.14
aeroplane 0.513538 105.22 9.83 122.39 54.02
dog 0.513362 146.04 8.42 194.45 44.56
aeroplane 0.513304 85.62 10.95 106.94 61.88
aeroplane 0.513273 0.82 10.86 39.97 43.85
motorbike 0.513175 69.61 0.00 85.55 28.94
sheep 0.513141 205.00 0.31 218.12 26.18
sheep 0.512995 208.30 28.99 222.22 64.01
aeroplane 0.512980 91.88 9.72 105.18 42.88
dog 0.512947 99.01 78.64 121.69 137.44
aeroplane 0.512914 27.90 56.86 60.48 95.59
sheep 0.512896 165.64 10.32 200.27 31.02
dog 0.512784 122.97 0.00 163.73 36.09
bottle 0.512744 60.24 195.59 101.68 224.00
aeroplane 0.512720 112.04 8.12 141.89 55.16
aeroplane 0.512661 12.82 0.00 56.04 24.52
sheep 0.512550 82.32 205.39 119.41 224.00
motorbike 0.512486 22.95 6.58 59.50 42.61
motorbike 0.512454 48.73 0.00 76.89 26.98
aeroplane 0.512287 1.38 0.00 42.21 29.37
horse 0.512284 0.00 0.00 45.21 23.55
aeroplane 0.512125 94.21 0.00 106.47 26.69
sheep 0.511946 210.04 19.13 220.87 49.44
sheep 0.511935 185.15 17.69 209.88 45.48
aeroplane 0.511858 80.29 11.95 95.94 46.77
aeroplane 0.511624 75.71 0.00 89.78 27.79
sheep 0.511545 88.51 208.88 126.56 224.00
sheep 0.511478 207.50 10.53 218.41 35.47
sheep 0.511341 182.31 10.80 206.99 30.86
dog 0.511229 194.77 167.16 219.92 211.12
dog 0.511194 10.27 197.04 43.44 224.00
sheep 0.510886 163.71 13.96 200.06 44.33
dog 0.510674 95.27 210.08 134.05 224.00
horse 0.510367 71.53 0.00 95.88 15.87
dog 0.510187 116.88 1.45 144.00 33.64
dog 0.510164 198.36 189.44 220.83 224.00
aeroplane 0.509665 82.73 0.00 96.20 26.46
