motorbike 0.597229 3.24 0.00 205.92 186.75
person 0.596125 0.00 9.77 224.00 207.00
aeroplane 0.594132 0.24 13.61 220.91 206.95
train 0.583836 2.24 22.38 207.02 200.66
pottedplant 0.581189 16.42 1.61 201.27 189.79
person 0.568288 15.24 1.80 136.10 194.40
horse 0.560393 2.48 9.00 224.00 224.00
aeroplane 0.556408 11.00 23.54 64.54 117.61
person 0.554852 16.76 0.00 195.83 150.62
aeroplane 0.554625 29.73 0.00 108.52 62.58
dog 0.554262 10.65 33.72 180.04 199.23
horse 0.554261 10.20 30.94 63.63 118.92
dog 0.549913 6.69 31.94 65.57 117.27
motorbike 0.549246 22.54 0.00 183.08 120.62
aeroplane 0.547347 44.38 40.67 92.53 120.87
aeroplane 0.546968 38.90 17.42 95.45 102.47
cow 0.545442 49.36 44.25 96.20 119.88
person 0.543217 0.00 15.75 52.36 158.27
aeroplane 0.542503 40.13 0.00 95.29 52.05
aeroplane 0.541672 165.63 80.46 199.40 105.55
person 0.540786 4.64 90.82 51.02 134.11
person 0.540616 0.00 21.17 79.54 183.76
aeroplane 0.540307 27.25 27.62 86.84 114.51
pottedplant 0.539802 174.41 28.43 224.00 168.72
dog 0.539540 218.80 148.05 224.00 205.43
person 0.539142 0.00 42.19 13.74 110.85
diningtable 0.538793 33.98 0.00 176.38 112.43
pottedplant 0.537890 188.06 51.25 224.00 181.62
chair 0.537747 93.72 0.00 144.57 28.48
dog 0.537666 3.79 92.94 56.95 133.81
bottle 0.537400 0.00 201.89 16.99 224.00
dog 0.537128 0.00 38.58 22.51 113.66
aeroplane 0.537084 99.85 98.92 146.70 156.49
pottedplant 0.537023 200.28 79.45 224.00 196.71
dog 0.536739 2.31 35.24 45.16 114.30
cat 0.536509 166.82 20.29 224.00 162.02
aeroplane 0.536148 88.46 0.00 147.95 71.59
cat 0.535963 42.84 0.00 87.99 38.23
chair 0.535831 97.72 0.00 167.71 71.67
chair 0.535644 86.31 0.00 168.82 44.23
aeroplane 0.535591 38.33 44.71 194.40 204.74
aeroplane 0.535263 15.51 6.10 61.67 89.17
pottedplant 0.535117 81.34 13.27 210.96 177.45
car 0.535114 218.80 134.50 224.00 198.65
boat 0.535099 38.54 54.85 203.61 198.62
tvmonitor 0.534964 46.52 0.00 92.62 38.60
dog 0.534888 14.51 56.20 139.28 214.06
person 0.534827 0.00 4.97 39.30 125.16
dog 0.534573 5.11 65.61 52.16 125.47
cow 0.534076 8.24 11.57 224.00 204.20
car 0.533933 220.00 125.98 224.00 179.01
person 0.533590 0.00 179.05 35.77 224.00
dog 0.533532 0.00 186.26 75.64 224.00
sheep 0.533285 24.20 100.58 140.11 221.77
person 0.533264 15.10 14.89 102.34 155.82
pottedplant 0.533160 204.44 103.22 224.00 210.60
pottedplant 0.533150 139.26 16.90 224.00 169.43
motorbike 0.533093 56.13 0.00 170.26 74.03
sheep 0.533036 216.87 23.70 224.00 55.44
pottedplant 0.532886 219.68 121.78 224.00 170.84
sheep 0.532425 217.46 42.46 224.00 77.41
aeroplane 0.532405 216.80 72.48 224.00 110.94
aeroplane 0.532362 23.90 0.00 69.42 59.10
bottle 0.531870 17.18 191.08 100.71 224.00
aeroplane 0.531782 205.44 117.60 224.00 222.50
horse 0.531748 4.59 63.45 55.11 126.99
chair 0.531219 103.85 0.00 159.39 30.17
chair 0.530978 90.35 0.00 144.94 75.25
sheep 0.530735 216.89 49.14 224.00 86.54
bird 0.530700 184.55 166.93 224.00 224.00
person 0.530234 0.00 0.00 39.53 64.43
dog 0.530232 55.66 53.90 90.81 125.98
cat 0.530165 167.08 45.62 198.73 69.55
aeroplane 0.529999 74.57 0.00 131.47 75.22
dog 0.529982 217.26 159.86 224.00 212.30
person 0.529697 28.42 0.00 155.57 123.81
aeroplane 0.529468 26.47 0.00 68.93 27.61
person 0.529457 0.00 63.49 17.05 123.70
sheep 0.529380 176.55 175.51 199.69 218.96
sheep 0.529305 41.23 152.45 58.97 179.91
sheep 0.529210 170.81 25.14 200.06 53.95
person 0.529142 208.50 204.74 224.00 224.00
cat 0.528996 167.86 37.85 199.86 64.87
cat 0.528988 183.02 0.00 224.00 58.50
bottle 0.528976 0.00 28.16 10.71 91.11
sheep 0.528746 3.73 208.12 34.29 224.00
bird 0.528612 0.00 170.83 11.58 207.92
car 0.528592 33.60 31.69 224.00 224.00
sheep 0.528555 170.24 207.39 204.15 224.00
sheep 0.528346 147.61 21.45 224.00 171.39
sheep 0.527838 216.29 55.96 224.00 97.56
aeroplane 0.527757 168.07 87.81 201.22 114.22
aeroplane 0.527347 70.63 55.12 120.66 120.85
aeroplane 0.527209 209.40 0.00 224.00 23.32
aeroplane 0.527181 18.04 0.00 53.74 20.58
chair 0.527129 47.36 7.01 186.12 142.31
sheep 0.526942 179.81 165.46 197.78 204.96
bottle 0.526914 48.27 188.40 145.48 224.00
bird 0.526905 119.75 209.67 171.51 224.00
person 0.526875 0.00 88.33 22.45 134.43
bottle 0.526794 24.77 208.39 65.42 224.00
chair 0.526728 76.70 0.00 130.67 27.10
sheep 0.526697 11.47 208.98 45.62 224.00
aeroplane 0.526695 100.90 119.69 146.68 169.65
car 0.526679 220.00 103.92 224.00 149.90
aeroplane 0.526638 219.21 84.27 224.00 127.12
bottle 0.526583 162.88 207.23 198.26 224.00
aeroplane 0.526551 33.55 0.00 137.79 90.81
sheep 0.526531 15.13 105.40 97.76 224.00
aeroplane 0.526377 220.00 92.97 224.00 138.72
aeroplane 0.526365 171.96 93.96 201.48 122.05
sheep 0.526359 40.57 128.71 61.28 164.69
aeroplane 0.526357 176.05 102.61 200.93 132.08
bottle 0.526287 65.13 212.45 97.68 224.00
sheep 0.526250 5.19 173.75 20.45 201.55
sheep 0.526238 18.45 208.63 57.17 224.00
sheep 0.526201 186.74 208.87 220.96 224.00
aeroplane 0.526150 21.80 0.00 90.35 76.85
dog 0.526067 0.00 67.80 43.20 205.23
sheep 0.525846 10.48 146.71 29.87 171.83
dog 0.525795 0.00 95.10 20.93 137.43
sheep 0.525726 19.04 146.69 39.23 170.24
bottle 0.525694 36.67 210.12 76.21 224.00
bottle 0.525585 73.70 212.08 107.16 224.00
sheep 0.525407 35.87 145.82 55.34 175.94
aeroplane 0.525386 18.87 0.00 61.94 41.48
sheep 0.525200 34.88 137.32 54.98 170.33
dog 0.525178 0.00 65.17 36.92 126.48
sheep 0.525175 0.00 30.71 20.19 94.68
dog 0.525158 0.00 20.24 8.75 80.12
car 0.525136 0.00 0.00 17.53 22.63
aeroplane 0.525102 56.07 50.34 104.93 119.54
bird 0.525038 136.89 208.08 184.15 224.00
cow 0.525027 61.11 50.45 117.65 115.70
dog 0.525027 10.63 47.46 91.69 208.23
sheep 0.524960 0.00 148.87 13.66 186.02
aeroplane 0.524939 109.34 151.26 143.20 188.21
aeroplane 0.524937 79.01 66.93 123.90 129.99
bottle 0.524824 150.69 208.19 192.18 224.00
sheep 0.524754 96.01 23.13 216.92 175.68
sheep 0.524754 197.22 207.56 224.00 224.00
bottle 0.524738 56.83 211.79 89.23 224.00
aeroplane 0.524729 50.69 0.00 117.82 75.15
bottle 0.524718 77.20 184.14 168.42 224.00
cat 0.524685 184.57 0.00 224.00 126.77
dog 0.524671 0.00 143.50 15.20 179.23
dog 0.524571 50.67 89.53 79.62 141.39
boat 0.524512 63.82 100.47 189.58 212.90
aeroplane 0.524496 94.62 87.82 142.78 140.75
sheep 0.524480 27.86 146.12 49.39 172.88
bottle 0.524392 81.87 211.26 116.70 224.00
dog 0.524329 97.01 0.00 164.87 42.62
sheep 0.524285 173.66 0.00 202.88 22.01
aeroplane 0.524195 86.38 82.26 129.14 140.49
sheep 0.524098 216.74 10.58 224.00 41.71
aeroplane 0.524058 46.61 0.00 102.83 32.88
dog 0.523999 40.55 103.34 70.31 149.44
sheep 0.523996 5.37 146.50 25.59 174.83
bird 0.523882 0.00 193.03 12.81 224.00
sheep 0.523859 5.70 164.90 21.53 195.00
dog 0.523783 3.83 18.10 44.59 88.25
dog 0.523737 36.67 89.17 72.16 140.73
sheep 0.523731 10.57 138.51 31.67 167.17
aeroplane 0.523716 57.80 0.00 115.84 29.22
dog 0.523680 0.00 92.33 31.24 221.33
sheep 0.523649 183.77 26.77 208.84 50.46
sheep 0.523614 42.29 163.32 58.47 188.08
sheep 0.523581 26.24 137.52 48.96 167.93
sheep 0.523516 17.76 138.18 40.02 166.06
sheep 0.523504 30.20 127.07 55.43 164.37
dog 0.523457 51.09 71.10 82.76 134.84
aeroplane 0.523423 96.38 0.00 166.23 56.64
aeroplane 0.523358 80.90 103.33 196.10 205.17
dog 0.523356 43.87 116.97 69.77 155.74
sheep 0.523338 203.86 25.53 219.03 51.92
sheep 0.523335 12.21 152.96 28.38 175.60
sheep 0.523270 29.83 153.79 49.39 176.45
cat 0.523268 168.28 25.26 198.84 55.13
sheep 0.523241 39.93 137.72 59.67 171.05
cat 0.523240 165.12 53.99 199.36 81.46
sheep 0.523220 170.34 0.00 224.00 47.91
sheep 0.523147 39.24 157.81 54.73 182.54
sheep 0.523135 16.15 157.63 103.66 224.00
bottle 0.523013 181.07 155.29 199.28 195.89
sheep 0.523002 174.52 21.93 202.42 45.71
aeroplane 0.522975 105.38 81.51 148.07 128.94
person 0.522958 0.00 155.00 30.06 224.00
aeroplane 0.522851 178.61 112.25 200.04 142.93
aeroplane 0.522794 10.87 0.00 43.60 16.15
sheep 0.522775 172.80 189.86 199.97 224.00
aeroplane 0.522697 155.04 74.40 200.60 98.22
aeroplane 0.522674 151.40 76.46 188.09 100.18
bottle 0.522637 112.43 210.25 159.97 224.00
aeroplane 0.522513 132.16 43.52 173.43 79.27
sheep 0.522506 168.80 45.99 202.71 70.77
bird 0.522491 95.33 171.39 192.19 224.00
dog 0.522414 10.98 104.62 43.70 149.73
aeroplane 0.522364 147.02 71.00 186.65 94.69
dog 0.522343 14.33 88.42 61.47 141.16
dog 0.522269 209.93 153.27 224.00 204.89
sheep 0.522263 5.40 138.40 27.12 169.03
aeroplane 0.522261 140.40 69.12 176.43 93.20
aeroplane 0.522245 83.20 61.26 138.19 120.74
bottle 0.522181 0.00 11.21 7.70 70.58
sheep 0.522160 13.08 176.31 25.97 197.32
dog 0.522131 35.26 114.20 62.47 157.60
sheep 0.522117 20.52 154.15 38.42 173.71
bottle 0.521937 24.97 156.82 120.84 224.00
sheep 0.521908 0.00 0.00 8.91 51.52
dog 0.521624 0.00 123.00 15.34 163.24
dog 0.521623 25.73 99.07 61.33 149.46
chair 0.521613 117.53 21.73 166.01 78.80
sheep 0.521597 174.22 14.21 200.44 39.79
boat 0.521519 110.84 160.50 142.15 190.24
aeroplane 0.521485 90.10 74.27 140.73 130.64
aeroplane 0.521474 105.76 134.22 146.04 184.38
sheep 0.521416 167.84 38.45 202.93 64.86
aeroplane 0.521372 135.88 54.53 173.26 81.56
chair 0.521319 143.61 0.00 215.25 45.51
sheep 0.521272 42.14 170.66 58.61 194.95
aeroplane 0.521258 141.07 73.91 175.42 100.30
sheep 0.521219 7.26 156.45 23.57 185.99
aeroplane 0.521180 118.76 25.32 169.16 79.82
sheep 0.521089 36.94 187.36 55.74 215.61
bottle 0.520934 96.64 212.14 136.88 224.00
sheep 0.520925 202.71 21.56 217.64 45.80
pottedplant 0.520811 100.64 57.26 210.51 192.90
bottle 0.520740 62.33 176.26 81.03 198.91
sheep 0.520731 205.06 30.22 219.56 58.86
bottle 0.520708 67.42 183.60 80.87 204.76
cat 0.520665 154.93 47.26 192.73 71.87
dog 0.520593 49.55 105.90 76.72 150.55
chair 0.520538 122.82 0.00 169.64 24.53
sheep 0.520511 184.47 22.66 207.69 43.78
dog 0.520492 10.77 123.77 33.95 159.30
sheep 0.520482 39.70 169.73 53.93 193.80
dog 0.520475 15.53 123.91 42.02 160.60
sheep 0.520441 214.43 0.00 224.00 33.04
sheep 0.520430 204.80 44.08 219.69 73.04
aeroplane 0.520396 160.63 64.94 199.41 94.94
boat 0.520355 0.00 0.00 24.46 18.50
sheep 0.520277 14.20 182.18 25.36 203.16
bird 0.520261 128.76 168.25 217.88 224.00
aeroplane 0.520259 68.74 74.46 109.08 132.82
sheep 0.520082 49.10 129.68 73.77 160.90
dog 0.520018 0.00 109.17 15.91 152.75
sofa 0.520007 69.44 0.00 138.36 39.70
sheep 0.519944 38.68 177.96 53.97 202.03
dog 0.519931 91.96 103.77 134.67 153.40
sheep 0.519884 0.00 13.90 19.45 73.96
chair 0.519863 139.77 0.00 178.04 20.67
sheep 0.519856 190.98 153.46 211.56 200.78
sheep 0.519853 181.56 45.98 209.44 71.49
sheep 0.519847 212.99 190.20 224.00 224.00
sheep 0.519835 41.63 188.39 61.57 216.00
aeroplane 0.519830 181.67 123.66 198.68 154.47
sheep 0.519817 12.46 167.36 26.31 190.42
chair 0.519816 97.35 0.00 193.48 52.44
sheep 0.519810 0.00 195.29 21.09 224.00
aeroplane 0.519801 2.88 0.00 32.70 15.63
sheep 0.519794 205.82 36.89 219.67 66.00
aeroplane 0.519722 157.82 0.00 188.68 19.82
sheep 0.519692 3.69 185.21 19.53 213.99
sheep 0.519680 210.69 141.97 224.00 202.02
dog 0.519667 0.00 0.00 13.33 37.95
sheep 0.519613 182.76 0.00 224.00 93.50
dog 0.519596 32.62 59.81 79.19 130.35
sheep 0.519557 200.09 0.00 224.00 22.96
bottle 0.519551 70.57 189.82 82.24 212.85
sheep 0.519540 42.09 179.51 59.50 203.24
dog 0.519491 76.24 91.25 114.92 140.61
sheep 0.519479 13.22 158.65 26.99 182.06
sheep 0.519440 181.68 31.87 208.67 57.90
sheep 0.519335 43.55 159.22 63.74 185.48
chair 0.519278 108.18 12.91 155.82 79.84
sheep 0.519261 32.46 159.18 48.69 181.25
sheep 0.519208 188.41 0.00 216.69 23.20
sheep 0.519140 183.15 159.76 202.55 200.61
dog 0.519065 20.29 109.85 55.41 156.83
bird 0.518902 26.52 0.00 113.81 77.76
sheep 0.518860 181.34 38.53 209.45 64.67
sheep 0.518852 211.69 126.59 224.00 174.56
dog 0.518830 20.20 125.29 49.45 162.34
aeroplane 0.518807 152.89 55.11 192.95 78.40
aeroplane 0.518802 45.45 0.00 119.88 43.67
aeroplane 0.518749 182.60 140.40 198.25 178.10
bottle 0.518681 58.33 169.68 80.46 193.56
cow 0.518667 74.04 51.62 132.37 110.61
aeroplane 0.518642 141.34 63.00 182.83 87.57
bottle 0.518616 100.27 156.02 125.76 184.97
sheep 0.518587 23.04 175.29 34.63 195.28
bird 0.518546 126.21 189.62 161.88 218.88
sheep 0.518518 41.07 146.54 64.65 176.84
sheep 0.518481 202.04 50.83 219.13 82.51
aeroplane 0.518426 98.29 68.02 147.40 118.36
sheep 0.518378 30.27 186.84 46.40 213.52
bottle 0.518361 48.60 166.89 72.65 192.31
aeroplane 0.518269 108.90 124.34 152.46 161.45
sheep 0.518193 29.48 201.72 60.78 224.00
sheep 0.518169 191.17 130.38 212.53 168.22
sheep 0.518154 48.93 119.46 75.81 155.69
bottle 0.518133 51.21 172.12 72.89 197.24
sheep 0.518101 177.13 2.66 203.61 31.04
sheep 0.518093 165.77 54.49 202.64 82.59
sheep 0.518088 169.80 0.00 197.75 29.32
sheep 0.518064 32.89 171.74 46.15 194.16
aeroplane 0.518011 183.34 132.83 197.86 166.08
bottle 0.517985 123.79 188.42 154.50 218.54
sheep 0.517975 33.09 164.84 47.43 187.58
sheep 0.517945 47.26 138.65 72.23 168.59
sheep 0.517931 177.85 153.04 197.56 196.23
bottle 0.517916 47.15 170.49 64.93 196.03
bird 0.517893 1.08 0.00 81.06 69.89
sheep 0.517857 32.01 178.70 45.14 201.45
sheep 0.517631 5.71 124.55 30.75 159.94
sheep 0.517625 171.89 2.98 224.00 132.98
bird 0.517589 127.95 199.56 173.22 224.00
aeroplane 0.517585 7.49 1.31 39.57 62.55
dog 0.517575 112.91 10.34 173.58 70.07
bottle 0.517423 75.40 191.90 88.51 212.80
sheep 0.517417 22.76 181.49 33.83 201.74
sheep 0.517402 22.11 159.99 36.83 180.00
sheep 0.517358 186.83 124.30 212.19 157.71
sheep 0.517313 183.63 146.53 203.92 191.31
bottle 0.517294 55.82 179.25 73.02 203.59
aeroplane 0.517167 160.67 175.67 187.94 216.18
sheep 0.517140 13.71 186.93 25.82 210.59
bottle 0.517081 75.16 186.04 86.38 204.66
sheep 0.517051 22.84 167.33 35.81 188.44
aeroplane 0.517050 178.00 145.89 197.01 189.51
aeroplane 0.517009 112.93 72.22 151.49 114.03
sheep 0.516991 193.84 76.66 218.48 108.86
aeroplane 0.516793 98.09 54.76 142.92 105.03
boat 0.516775 195.30 115.64 224.00 217.01
sheep 0.516767 163.62 169.09 188.23 210.28
aeroplane 0.516753 189.56 131.61 224.00 218.86
sheep 0.516752 46.40 161.82 71.71 186.88
aeroplane 0.516749 132.73 188.73 170.11 217.58
bottle 0.516715 58.51 186.73 74.24 213.19
bottle 0.516629 96.39 157.89 112.92 184.98
cat 0.516590 158.63 30.19 194.81 64.06
cow 0.516515 97.90 44.20 141.81 97.42
bottle 0.516505 184.49 139.63 203.81 179.91
bottle 0.516493 45.64 153.61 154.08 224.00
aeroplane 0.516475 135.36 35.75 182.39 74.76
dog 0.516435 79.67 104.67 119.99 151.47
aeroplane 0.516396 132.12 67.01 168.96 93.39
aeroplane 0.516359 96.26 24.96 142.71 89.04
dog 0.516330 161.72 24.54 198.87 58.82
aeroplane 0.516319 127.93 131.32 214.36 208.75
bottle 0.516303 99.22 143.85 132.21 181.13
bottle 0.516242 48.92 179.08 65.61 203.40
bottle 0.516224 73.41 179.66 87.08 199.30
sheep 0.516208 23.33 200.79 51.68 224.00
sheep 0.516201 187.33 163.46 210.62 209.42
aeroplane 0.516173 98.47 132.32 138.67 174.71
sheep 0.516169 0.00 0.00 17.78 52.13
aeroplane 0.516140 169.78 151.75 191.27 194.15
sheep 0.516086 45.29 155.27 71.06 181.10
boat 0.516040 113.70 88.82 209.69 205.68
sheep 0.516022 184.12 16.31 206.95 38.97
sheep 0.515995 45.18 147.65 71.44 175.43
sheep 0.515991 178.10 53.43 209.01 81.65
bottle 0.515952 102.35 163.12 120.22 187.61
aeroplane 0.515948 13.15 0.00 50.87 35.70
boat 0.515908 116.81 163.54 148.38 197.50
bottle 0.515872 49.17 187.52 66.88 214.67
bottle 0.515843 120.88 174.45 148.92 206.51
aeroplane 0.515840 127.31 71.84 165.55 103.32
bottle 0.515833 107.34 161.36 140.91 186.84
sheep 0.515787 21.55 187.15 34.96 211.15
aeroplane 0.515787 73.64 21.65 128.74 93.19
sheep 0.515764 54.72 163.42 78.81 187.06
aeroplane 0.515707 140.59 183.09 176.28 215.77
sheep 0.515627 161.44 65.25 202.87 98.91
bottle 0.515543 85.14 162.46 102.01 184.58
sheep 0.515491 209.62 114.38 224.00 155.39
dog 0.515481 133.16 25.20 182.78 70.58
sheep 0.515480 133.43 9.33 220.28 131.02
dog 0.515388 61.19 88.81 90.27 137.18
sheep 0.515376 198.24 59.09 218.70 94.94
person 0.515260 7.65 0.00 92.70 109.07
bird 0.515259 118.78 203.07 159.97 224.00
bottle 0.515244 92.85 191.05 110.38 218.37
sheep 0.515197 8.91 197.69 28.65 224.00
sheep 0.515167 153.21 191.02 188.67 224.00
dog 0.515035 207.26 168.37 224.00 218.07
sheep 0.515010 201.52 14.58 216.62 40.16
bottle 0.514912 71.43 173.30 87.73 194.25
aeroplane 0.514905 122.45 177.10 157.84 208.28
sheep 0.514856 16.49 199.32 39.87 224.00
aeroplane 0.514837 132.81 62.39 170.51 85.76
bottle 0.514770 96.88 165.50 109.58 189.23
bottle 0.514737 100.71 190.67 117.80 219.36
bottle 0.514692 79.60 155.04 177.20 224.00
aeroplane 0.514637 50.29 21.65 113.74 95.16
bottle 0.514606 83.14 191.46 98.65 214.94
bottle 0.514578 118.04 190.99 146.38 219.29
aeroplane 0.514574 105.33 96.35 154.63 140.20
chair 0.514371 112.77 31.06 153.70 83.90
sheep 0.514338 170.10 73.65 207.62 104.70
bottle 0.514290 114.05 166.45 144.10 196.24
aeroplane 0.514252 118.01 65.42 155.06 102.93
sheep 0.514131 138.42 0.00 216.43 90.46
bottle 0.514041 69.45 165.67 88.06 186.89
bottle 0.513966 94.52 181.20 106.02 202.81
boat 0.513880 181.41 113.83 210.90 146.99
sheep 0.513869 206.71 103.01 224.00 143.81
bottle 0.513868 70.20 203.98 92.62 224.00
dog 0.513818 133.43 0.00 177.56 31.24
aeroplane 0.513811 131.03 179.08 165.77 209.98
aeroplane 0.513804 170.75 139.04 191.53 176.94
bottle 0.513762 103.13 179.20 114.14 201.99
aeroplane 0.513717 140.89 150.24 174.17 191.83
bottle 0.513667 95.96 146.60 118.99 180.48
dog 0.513622 94.64 119.24 141.53 162.49
aeroplane 0.513618 121.84 51.47 158.20 84.40
aeroplane 0.513596 114.05 47.78 151.17 89.47
sheep 0.513545 52.92 139.62 76.85 166.15
sheep 0.513531 185.52 3.07 210.03 31.50
bottle 0.513501 109.08 191.25 129.44 218.36
sheep 0.513461 184.21 188.58 215.51 224.00
chair 0.513425 75.23 0.00 190.98 94.22
bottle 0.513342 84.14 170.10 99.09 191.81
sheep 0.513335 197.90 86.12 222.18 120.76
bottle 0.513302 83.82 184.14 95.19 204.08
sheep 0.513292 202.17 92.91 224.00 131.53
aeroplane 0.513259 112.14 156.28 153.74 192.09
dog 0.513210 133.46 11.78 183.69 57.08
bottle 0.513198 77.73 203.83 103.90 224.00
sheep 0.513173 173.07 63.03 208.29 95.50
sheep 0.513172 202.26 190.02 224.00 224.00
dog 0.513115 81.06 116.61 125.88 157.32
sheep 0.512973 0.00 0.00 22.09 35.64
bottle 0.512874 63.80 203.82 84.64 224.00
dog 0.512729 159.93 0.00 191.00 28.29
dog 0.512724 86.55 152.08 106.24 177.23
bottle 0.512722 115.86 203.76 155.11 224.00
sheep 0.512711 201.70 0.00 218.80 32.61
bottle 0.512690 41.08 202.91 71.23 224.00
sheep 0.512657 51.84 155.49 77.18 179.56
dog 0.512646 95.86 133.71 127.30 174.18
aeroplane 0.512559 2.39 0.00 33.59 32.36
bottle 0.512300 104.41 169.44 116.01 192.73
aeroplane 0.512256 123.52 128.44 159.43 160.65
aeroplane 0.512130 140.41 166.55 172.38 206.05
bottle 0.512072 83.30 177.40 96.06 198.07
aeroplane 0.512069 132.14 97.58 165.96 134.58
aeroplane 0.512027 142.37 132.80 173.17 164.71
bottle 0.511960 95.97 172.51 107.25 194.91
dog 0.511956 87.04 131.51 123.46 162.00
aeroplane 0.511715 171.29 132.62 191.46 163.53
dog 0.511682 164.48 11.86 196.92 39.50
dog 0.511668 87.24 139.79 113.40 169.10
aeroplane 0.511648 115.50 164.76 154.89 201.22
aeroplane 0.511638 140.51 137.74 173.96 176.33
bottle 0.511521 92.49 206.40 122.21 224.00
sheep 0.511503 51.43 147.01 76.68 172.13
bottle 0.511479 51.91 203.08 77.60 224.00
bottle 0.511459 110.95 178.14 131.80 202.40
aeroplane 0.511402 128.02 109.12 162.04 147.16
aeroplane 0.511369 120.84 59.95 158.03 92.38
sheep 0.511330 67.25 156.05 87.09 177.56
sheep 0.511263 62.92 139.02 85.61 162.51
aeroplane 0.511118 155.09 84.77 190.43 113.99
aeroplane 0.511105 121.40 149.04 160.47 188.65
aeroplane 0.511084 134.44 84.83 170.42 120.88
bottle 0.510872 109.95 167.30 136.44 192.27
dog 0.510757 60.10 106.11 87.39 149.94
aeroplane 0.510641 126.05 167.22 163.04 204.24
aeroplane 0.510488 153.22 95.59 185.99 126.66
sheep 0.510254 64.59 146.06 85.98 168.50
bottle 0.510081 100.76 207.13 131.68 224.00
aeroplane 0.509837 120.35 136.29 157.79 176.56
aeroplane 0.509785 148.38 106.62 178.28 139.71
aeroplane 0.509404 169.15 124.28 191.94 151.99
sheep 0.509076 58.80 121.34 85.96 156.99
aeroplane 0.509014 167.25 113.05 194.22 141.99
aeroplane 0.509009 143.84 117.92 173.31 149.47
