car 0.665932 1.20 66.48 219.28 220.43
car 0.584946 29.44 46.08 224.00 182.60
car 0.572680 0.00 77.03 14.17 133.61
car 0.569858 0.00 88.10 16.18 159.04
car 0.567698 0.00 105.77 35.63 186.40
car 0.561229 0.00 101.70 22.03 180.13
car 0.559795 0.00 87.55 53.03 160.35
person 0.550008 220.00 153.50 223.12 197.73
car 0.548695 0.00 83.06 69.06 193.25
car 0.548118 219.85 77.31 224.00 112.46
car 0.545889 42.77 50.69 103.24 94.29
car 0.545750 0.00 66.49 14.98 111.34
car 0.544045 3.46 86.09 102.81 203.48
car 0.542189 7.52 73.17 158.87 205.22
car 0.541495 0.00 125.19 30.26 194.70
person 0.540086 220.00 158.37 223.73 209.83
car 0.539746 203.97 0.00 224.00 26.79
person 0.539306 220.00 122.92 224.00 165.02
person 0.538870 220.00 137.53 224.00 182.18
car 0.538244 0.00 0.00 41.49 51.65
car 0.537838 0.00 154.72 32.64 224.00
car 0.537768 174.54 35.44 208.31 58.36
car 0.537730 179.15 79.66 201.28 98.36
car 0.537678 0.00 136.28 23.45 203.28
car 0.537608 96.75 42.59 119.01 78.51
car 0.536946 26.76 105.57 182.43 224.00
car 0.536340 7.34 86.28 73.09 151.75
car 0.535869 218.98 84.54 224.00 123.49
car 0.535832 207.21 65.88 224.00 188.10
car 0.535732 220.00 30.24 224.00 69.61
car 0.535375 126.36 38.47 153.68 78.45
car 0.535086 177.88 74.80 202.67 94.86
car 0.535007 115.93 39.66 147.88 78.98
car 0.534901 0.00 147.40 17.97 210.18
car 0.534339 204.96 110.54 224.00 214.93
car 0.533843 18.73 74.72 52.59 104.87
car 0.533484 218.45 24.22 223.71 64.68
car 0.533006 10.19 82.90 57.87 134.81
car 0.532567 0.00 199.11 22.28 224.00
car 0.532182 196.72 53.92 224.00 172.31
car 0.531896 92.22 41.93 111.77 77.21
car 0.531702 220.00 60.50 224.00 99.41
car 0.531569 101.52 40.31 126.21 79.17
car 0.531475 69.95 115.29 90.12 148.53
car 0.531245 15.29 78.36 54.59 117.39
car 0.531007 36.30 140.95 58.67 186.38
dog 0.530832 212.98 202.08 224.00 224.00
car 0.530772 164.78 0.00 224.00 65.29
car 0.530584 25.24 0.00 91.73 39.62
car 0.530420 54.58 63.57 97.35 108.19
boat 0.530249 0.00 19.55 31.35 128.59
car 0.530235 12.39 0.00 76.75 46.70
car 0.530082 0.00 0.00 32.12 102.15
car 0.530049 0.00 0.00 23.87 21.96
car 0.529872 10.93 129.61 49.27 179.24
car 0.529582 103.28 96.53 134.39 134.37
car 0.529386 188.33 80.43 211.23 101.14
car 0.529326 96.28 98.82 128.14 135.92
car 0.529204 0.41 206.70 42.08 224.00
car 0.528966 10.20 208.51 49.33 224.00
person 0.528914 219.80 92.29 224.00 135.07
car 0.528872 0.00 169.23 15.38 220.23
car 0.528701 0.00 40.14 34.77 148.14
car 0.528655 194.29 0.00 224.00 20.85
car 0.528627 35.75 54.76 86.71 89.04
car 0.528622 16.16 0.00 58.94 16.22
car 0.528412 66.72 153.37 88.77 185.22
car 0.528325 216.87 14.95 223.18 59.14
car 0.528317 67.54 146.36 88.93 177.32
car 0.527879 133.47 59.01 212.47 184.45
car 0.527843 70.49 125.26 92.58 152.34
person 0.527806 191.87 167.50 224.00 224.00
car 0.527613 26.08 48.29 76.88 89.26
bottle 0.527395 110.16 95.61 138.71 133.24
person 0.527237 220.00 104.96 224.00 149.35
car 0.527214 27.88 133.71 143.77 224.00
bottle 0.527187 17.20 209.89 54.44 224.00
boat 0.527086 99.29 110.64 120.20 147.44
car 0.527075 0.00 103.79 55.27 212.74
bottle 0.527038 33.64 210.87 66.83 224.00
car 0.527003 62.75 108.37 88.88 143.93
bottle 0.526987 119.02 95.20 144.19 133.16
car 0.526902 211.94 0.00 223.55 39.98
car 0.526898 59.56 21.79 214.20 145.24
car 0.526841 37.34 149.19 59.76 198.60
car 0.526812 215.09 4.37 223.44 50.51
car 0.526781 171.29 28.64 210.53 53.45
car 0.526778 105.40 35.14 142.63 77.98
car 0.526770 220.00 46.87 224.00 87.06
boat 0.526674 100.95 120.50 119.60 158.05
car 0.526577 21.82 66.68 56.03 96.45
boat 0.526474 65.45 158.94 89.47 193.31
car 0.526300 67.72 45.65 106.25 85.27
car 0.526143 187.42 0.00 218.60 15.63
car 0.526125 18.21 31.42 76.54 87.06
car 0.526093 173.80 155.92 206.84 184.29
car 0.526030 9.36 76.49 43.15 110.73
car 0.525981 18.19 96.50 55.41 153.44
car 0.525957 11.91 152.39 91.39 224.00
car 0.525780 98.92 21.51 119.85 63.69
car 0.525774 28.47 0.00 71.62 16.70
boat 0.525772 110.30 59.76 147.44 98.17
car 0.525724 0.00 148.71 39.58 204.25
boat 0.525702 106.99 111.02 129.33 146.79
car 0.525679 180.58 43.43 224.00 152.60
boat 0.525679 63.10 180.51 89.40 212.04
car 0.525618 160.55 62.20 220.14 189.09
aeroplane 0.525567 126.55 159.84 153.29 185.23
car 0.525409 69.14 55.49 217.13 161.50
car 0.525406 57.13 146.24 80.70 179.59
car 0.525364 0.00 46.19 13.51 93.96
dog 0.525363 123.69 27.36 156.26 76.50
car 0.525357 12.06 0.00 63.75 23.28
bottle 0.525352 49.96 211.23 87.03 224.00
car 0.525284 124.09 150.53 156.06 180.87
car 0.525250 211.96 77.65 224.00 107.86
boat 0.525249 63.50 167.47 89.84 202.98
person 0.525185 219.47 177.93 224.00 220.57
bottle 0.525184 117.06 74.32 145.22 110.80
car 0.525166 68.80 136.68 89.88 168.04
car 0.525157 86.87 113.05 111.84 147.90
car 0.525135 69.68 107.67 93.59 139.71
car 0.525108 0.00 62.66 20.44 99.80
car 0.525030 5.07 0.00 44.64 16.48
car 0.524986 0.00 131.74 44.82 224.00
boat 0.524913 86.81 120.35 110.19 155.98
car 0.524894 99.09 15.76 119.04 49.89
boat 0.524885 101.80 130.66 121.04 166.56
car 0.524853 33.64 11.87 125.31 129.08
person 0.524816 89.08 212.67 123.64 224.00
person 0.524738 58.04 211.41 95.88 224.00
car 0.524704 5.11 68.96 78.80 168.32
dog 0.524656 116.34 23.05 151.38 69.92
car 0.524603 101.89 148.87 120.85 181.52
boat 0.524601 64.04 192.35 90.46 222.23
car 0.524591 182.04 83.43 205.53 103.76
bottle 0.524526 109.59 81.60 138.64 119.98
car 0.524498 71.21 156.15 94.69 184.73
bottle 0.524439 120.02 83.38 143.80 118.47
car 0.524421 86.72 107.57 116.48 140.97
car 0.524299 62.54 83.17 92.33 118.84
car 0.524140 28.47 123.01 57.69 173.87
person 0.524038 73.52 212.32 109.05 224.00
car 0.524008 113.29 88.43 209.19 204.26
car 0.524007 171.35 79.28 189.88 99.19
car 0.523981 108.15 150.64 129.63 181.99
boat 0.523942 70.57 182.97 94.88 210.93
aeroplane 0.523862 26.48 0.00 97.28 79.18
person 0.523855 96.28 212.26 133.69 224.00
car 0.523794 35.85 64.18 74.21 101.29
boat 0.523771 102.93 154.90 119.02 185.91
aeroplane 0.523764 30.07 10.95 116.13 123.01
boat 0.523684 106.31 70.62 139.61 110.51
boat 0.523665 108.74 121.38 128.77 158.12
aeroplane 0.523568 11.05 29.10 64.76 128.22
boat 0.523486 91.93 147.62 112.92 178.97
car 0.523464 102.80 80.61 133.63 122.23
car 0.523460 53.50 0.00 120.89 38.53
car 0.523411 75.49 0.00 152.94 39.27
boat 0.523388 71.83 193.76 96.78 221.42
car 0.523377 0.15 0.00 161.49 199.54
car 0.523322 100.80 0.00 194.83 42.83
car 0.523321 0.00 0.00 18.39 43.95
car 0.523307 93.07 54.83 124.30 96.83
boat 0.523239 88.79 138.36 112.27 171.60
cow 0.523191 121.93 211.08 157.40 224.00
car 0.523121 0.00 6.66 14.33 52.21
boat 0.523108 109.83 157.23 128.10 186.02
boat 0.523108 108.56 131.17 129.62 166.25
chair 0.523097 216.96 191.50 224.00 224.00
dog 0.523041 105.15 210.81 143.15 224.00
car 0.523017 6.59 173.70 40.26 215.15
dog 0.522993 178.19 210.70 215.43 224.00
dog 0.522979 188.35 208.65 220.99 224.00
boat 0.522971 108.97 47.42 148.84 85.83
boat 0.522920 70.94 161.57 94.72 192.66
dog 0.522900 169.69 210.89 205.37 224.00
car 0.522876 107.86 140.85 129.75 175.07
bottle 0.522856 124.43 76.05 151.58 110.38
car 0.522822 49.75 83.02 83.96 120.09
car 0.522785 166.11 31.81 224.00 130.62
dog 0.522776 161.59 211.30 196.40 224.00
car 0.522734 177.42 46.87 203.18 72.93
bottle 0.522722 125.26 84.46 150.32 117.68
car 0.522713 177.57 62.19 203.30 86.64
car 0.522668 43.82 146.35 65.85 184.55
dog 0.522649 126.60 3.36 154.58 42.00
dog 0.522639 125.77 16.02 154.99 57.34
boat 0.522633 9.88 47.58 69.98 144.33
boat 0.522615 70.06 170.09 95.02 202.19
dog 0.522567 123.39 0.00 157.78 16.14
car 0.522540 30.17 97.50 63.65 147.49
boat 0.522476 35.93 169.36 60.54 209.48
car 0.522397 54.92 97.41 86.65 133.04
car 0.522385 84.31 46.36 114.57 85.27
diningtable 0.522384 201.78 204.36 224.00 224.00
boat 0.522359 94.81 153.92 111.82 184.86
car 0.522356 123.88 139.53 160.51 173.31
car 0.522326 179.03 106.84 196.66 131.89
boat 0.522299 53.97 156.21 78.58 195.01
boat 0.522289 78.82 147.88 100.92 177.78
car 0.522249 176.39 0.00 206.43 16.77
cow 0.522233 153.76 211.57 189.14 224.00
sheep 0.522227 120.97 61.35 153.08 98.82
car 0.522199 67.63 100.86 92.59 131.75
cow 0.522174 138.46 211.07 172.56 224.00
car 0.522138 179.70 96.25 198.36 121.70
car 0.522119 47.98 0.00 83.41 15.50
car 0.522112 173.70 123.53 199.89 160.42
car 0.522075 18.23 138.67 49.36 189.35
car 0.522065 99.04 5.96 117.46 38.34
boat 0.522052 115.34 112.31 141.01 146.54
sheep 0.521985 121.44 47.75 153.51 86.23
car 0.521976 115.27 150.61 141.68 181.15
boat 0.521949 80.60 154.88 101.00 185.02
boat 0.521948 54.06 189.92 78.60 219.68
car 0.521936 146.08 101.06 215.41 207.21
car 0.521772 78.11 117.09 98.55 147.76
car 0.521742 32.94 0.00 107.23 78.64
car 0.521739 100.18 68.45 131.71 109.93
car 0.521645 98.13 45.69 133.17 84.82
dog 0.521624 174.59 23.69 207.62 48.94
car 0.521596 95.60 27.80 113.91 71.87
boat 0.521517 51.81 177.75 77.07 211.43
car 0.521451 170.14 150.84 201.52 177.34
car 0.521444 64.98 153.72 192.71 224.00
aeroplane 0.521378 117.83 157.77 139.32 185.59
car 0.521310 62.51 119.16 85.78 154.99
car 0.521304 127.41 0.00 215.75 51.28
boat 0.521261 81.85 194.38 102.93 219.61
car 0.521236 134.11 32.23 162.97 73.10
dog 0.521142 117.81 3.62 148.67 42.24
sheep 0.521115 127.10 28.05 156.21 75.95
boat 0.521093 51.62 164.63 78.08 203.47
boat 0.521075 80.90 183.84 100.94 210.10
car 0.521020 46.24 37.76 102.30 86.55
car 0.521020 168.17 0.00 195.80 17.71
aeroplane 0.521000 3.82 0.00 64.96 78.77
car 0.520999 0.00 23.48 13.35 72.81
car 0.520941 0.00 183.77 26.25 224.00
car 0.520918 130.54 0.00 163.64 15.53
boat 0.520853 36.00 183.04 61.52 215.43
dog 0.520817 107.36 17.38 138.81 55.04
boat 0.520804 8.29 190.60 42.82 224.00
car 0.520733 159.63 0.00 188.82 18.11
sheep 0.520702 58.03 137.84 82.58 171.28
boat 0.520690 91.89 194.31 109.65 218.59
bottle 0.520654 123.03 113.71 149.44 147.53
car 0.520643 77.35 137.98 99.80 168.82
car 0.520618 13.77 18.14 73.22 74.45
car 0.520596 78.57 53.33 112.94 94.74
person 0.520578 212.00 151.13 220.76 191.90
car 0.520570 114.89 140.07 144.53 173.80
car 0.520514 175.73 115.16 197.84 144.91
car 0.520421 160.03 39.44 180.02 71.12
car 0.520324 32.11 73.22 67.37 111.82
car 0.520311 20.06 155.34 51.43 204.58
car 0.520272 0.00 166.43 24.24 215.54
car 0.520231 152.26 117.25 177.49 162.07
boat 0.520200 92.28 183.94 108.76 209.32
car 0.520158 175.80 82.67 194.64 101.01
aeroplane 0.520149 127.73 170.66 152.21 197.01
dog 0.520065 106.62 24.00 141.58 68.68
bottle 0.520047 122.79 103.47 153.14 139.39
car 0.519992 171.14 73.97 193.15 94.95
aeroplane 0.519874 110.24 161.93 126.14 191.13
car 0.519859 160.35 117.86 185.12 159.51
car 0.519844 64.08 0.00 99.12 16.36
car 0.519833 168.33 159.97 200.01 186.85
boat 0.519759 80.28 170.32 101.09 201.97
car 0.519749 77.39 129.00 98.54 160.10
horse 0.519705 180.69 153.73 211.74 184.42
person 0.519675 143.25 169.94 214.53 224.00
car 0.519665 150.64 48.67 224.00 155.66
car 0.519643 20.96 53.93 163.38 165.00
car 0.519598 150.21 0.00 181.32 16.47
boat 0.519579 99.13 194.82 117.04 218.39
car 0.519488 174.72 20.28 209.15 46.98
aeroplane 0.519486 99.97 184.04 116.00 208.30
aeroplane 0.519480 101.45 170.63 116.65 200.60
car 0.519478 174.96 104.71 189.00 129.57
boat 0.519273 115.66 130.83 146.11 164.85
car 0.519225 127.20 130.53 165.65 167.16
dog 0.519212 107.90 0.00 143.95 16.89
car 0.519188 101.20 164.97 201.37 224.00
car 0.519188 12.77 120.03 107.47 224.00
dog 0.519171 102.47 5.22 123.63 39.38
boat 0.519161 93.29 170.05 109.53 201.26
car 0.519155 76.65 107.04 101.79 136.00
aeroplane 0.519120 126.02 163.00 146.39 189.52
car 0.519106 164.00 77.36 179.69 102.02
car 0.519081 129.41 89.04 159.55 123.56
car 0.519056 140.17 0.00 171.65 15.54
car 0.519024 42.30 153.69 65.54 197.21
boat 0.519004 116.84 122.64 144.57 157.25
car 0.519000 0.00 7.81 30.35 49.06
bottle 0.518998 132.43 83.82 158.75 114.97
car 0.518981 87.19 96.09 123.89 131.06
car 0.518951 127.55 125.05 162.64 157.26
boat 0.518851 43.26 186.53 66.87 215.15
car 0.518823 179.92 87.18 200.19 110.46
car 0.518819 175.33 95.08 189.79 120.31
car 0.518674 164.74 150.53 210.31 181.16
car 0.518625 182.88 96.96 204.36 122.75
aeroplane 0.518617 23.31 0.00 73.12 35.39
car 0.518559 173.90 132.83 202.35 171.61
car 0.518492 172.53 111.70 191.73 143.64
car 0.518425 76.31 0.00 107.95 18.29
boat 0.518402 41.26 173.76 64.94 209.18
car 0.518374 81.73 35.51 107.21 76.89
boat 0.518330 124.04 123.89 155.04 157.48
aeroplane 0.518267 127.20 178.85 150.58 206.34
car 0.518248 21.95 88.93 62.48 139.10
car 0.518246 174.29 142.51 206.36 180.16
car 0.518241 79.66 0.00 208.86 97.15
car 0.518213 17.95 16.92 61.72 63.85
car 0.518111 0.00 0.00 36.58 29.14
sheep 0.518045 138.34 26.73 166.34 66.61
boat 0.518038 122.66 130.90 157.55 164.69
car 0.517994 151.07 126.57 180.58 169.73
person 0.517962 212.00 123.45 223.01 161.01
car 0.517957 9.13 0.00 51.60 36.18
aeroplane 0.517917 108.97 170.54 125.12 199.37
boat 0.517825 21.32 179.71 53.14 213.60
aeroplane 0.517759 28.96 0.00 75.38 21.17
car 0.517739 169.02 103.08 181.19 129.85
person 0.517713 170.13 94.92 182.27 120.25
car 0.517678 127.36 95.79 161.58 132.64
car 0.517640 139.04 119.96 172.68 163.21
person 0.517598 162.47 93.43 175.66 125.03
dog 0.517580 106.81 4.82 137.73 41.32
boat 0.517556 60.37 128.33 84.76 163.57
car 0.517556 0.00 38.66 21.74 85.14
car 0.517541 87.13 0.00 114.89 19.51
car 0.517519 156.68 109.33 175.65 149.77
aeroplane 0.517473 107.35 182.87 124.19 206.83
car 0.517471 188.94 127.44 209.47 156.47
boat 0.517458 101.78 0.00 131.72 18.20
car 0.517442 95.75 0.00 122.01 18.94
car 0.517440 160.13 128.20 189.53 167.86
bottle 0.517319 131.69 75.22 159.29 108.05
aeroplane 0.517311 128.10 190.24 152.03 221.93
car 0.517229 0.00 18.30 26.21 59.33
person 0.517161 212.00 136.49 220.63 176.10
car 0.517161 9.25 63.81 38.99 95.65
car 0.517158 25.45 81.46 63.85 126.46
dog 0.517118 178.36 13.89 205.29 38.82
car 0.517077 165.18 109.44 182.77 144.16
car 0.517060 181.90 64.09 212.17 89.07
car 0.517051 212.00 84.46 224.00 117.27
car 0.517047 8.59 163.84 42.90 207.76
aeroplane 0.517043 106.07 194.27 126.30 218.66
car 0.517039 150.39 76.42 170.07 104.50
car 0.517039 172.00 39.04 197.26 65.16
person 0.517036 163.61 85.82 176.78 114.28
car 0.516940 160.74 101.65 174.97 136.00
dog 0.516826 157.95 29.31 182.67 60.63
aeroplane 0.516805 122.85 188.69 145.13 219.47
aeroplane 0.516759 180.10 9.98 208.23 36.06
boat 0.516717 24.59 49.26 131.45 150.17
dog 0.516706 141.21 21.99 166.79 53.77
aeroplane 0.516599 118.94 168.63 138.55 198.02
dog 0.516561 116.03 0.00 151.32 25.88
car 0.516444 130.99 114.90 164.75 149.16
car 0.516262 0.00 28.29 23.31 73.28
boat 0.516248 96.81 0.00 118.83 28.73
car 0.516216 150.12 87.06 169.87 119.00
car 0.516206 164.00 70.68 182.69 98.00
car 0.516117 17.43 49.15 58.49 91.28
person 0.516115 181.50 148.88 211.52 179.03
aeroplane 0.516096 130.59 165.24 157.12 187.88
person 0.516036 170.46 87.57 184.96 110.11
car 0.516023 191.52 31.38 217.48 61.26
car 0.516015 175.61 87.07 192.80 109.21
car 0.515926 131.27 135.33 171.83 174.64
car 0.515911 148.27 94.77 170.55 130.19
car 0.515832 38.05 113.83 64.09 160.97
car 0.515820 162.90 138.30 194.90 173.29
aeroplane 0.515813 47.35 0.00 88.57 21.36
aeroplane 0.515710 160.91 198.19 185.04 224.00
sheep 0.515702 34.68 199.42 62.76 224.00
car 0.515681 128.73 104.42 163.09 140.41
person 0.515679 211.01 155.94 221.92 203.39
car 0.515670 188.74 86.83 210.55 111.21
boat 0.515634 40.40 128.24 64.68 172.10
dog 0.515603 52.62 204.11 82.84 224.00
car 0.515560 144.32 112.33 171.29 152.22
car 0.515523 181.36 0.00 210.75 23.70
aeroplane 0.515509 115.71 190.47 137.95 218.53
car 0.515496 87.40 25.88 109.53 71.24
car 0.515490 207.05 62.41 221.30 94.56
car 0.515421 12.42 6.86 49.92 45.82
car 0.515299 160.68 46.89 181.58 79.60
diningtable 0.515272 211.58 178.98 221.16 217.88
car 0.515258 88.28 80.83 118.67 118.46
person 0.515196 189.45 133.43 209.12 163.60
car 0.515185 117.29 32.52 224.00 116.90
sheep 0.515138 42.90 201.41 69.57 224.00
dog 0.515122 61.33 206.73 93.34 224.00
car 0.515103 82.23 64.53 112.84 103.04
car 0.515090 89.97 17.19 110.32 61.20
car 0.515060 77.50 99.51 102.62 128.27
car 0.515027 114.66 0.00 217.55 76.72
boat 0.514995 23.34 196.82 54.80 224.00
bottle 0.514990 128.52 60.61 159.05 98.10
aeroplane 0.514976 117.56 179.19 137.24 205.54
car 0.514825 146.77 103.01 170.64 140.76
car 0.514749 154.49 136.09 183.54 174.91
car 0.514732 90.37 12.08 109.84 45.66
dog 0.514675 128.40 0.00 158.34 24.69
dog 0.514631 100.94 0.00 127.57 28.13
cow 0.514560 212.00 92.75 224.00 129.45
car 0.514545 188.52 95.23 209.65 122.68
dog 0.514519 172.00 30.31 202.23 57.60
aeroplane 0.514458 155.76 196.92 177.33 224.00
bottle 0.514332 145.39 64.78 170.17 98.04
car 0.514313 90.33 0.00 113.76 29.61
car 0.514280 65.13 62.41 99.87 99.76
cow 0.514228 188.43 119.05 209.94 147.84
diningtable 0.514220 207.34 195.05 222.10 224.00
car 0.514175 13.85 29.44 47.27 72.18
car 0.514151 14.00 18.12 47.94 57.88
person 0.514149 185.95 141.00 210.70 173.30
dog 0.514140 174.25 17.58 200.12 42.45
car 0.514090 10.48 51.84 41.00 89.49
car 0.514085 171.55 62.40 194.89 87.44
aeroplane 0.513988 166.61 196.88 192.12 223.81
aeroplane 0.513960 133.08 191.21 159.38 222.64
car 0.513912 196.17 37.17 218.09 67.90
aeroplane 0.513885 199.03 183.33 214.43 216.38
car 0.513875 12.76 40.30 45.56 82.75
aeroplane 0.513840 86.85 0.43 109.46 36.28
dog 0.513817 77.75 208.00 104.75 224.00
car 0.513812 183.61 4.58 212.18 33.00
car 0.513783 54.38 17.66 101.78 66.79
dog 0.513747 178.41 0.00 204.80 25.55
dog 0.513570 140.73 10.29 165.31 41.00
car 0.513567 30.64 20.47 94.10 73.57
car 0.513523 172.00 48.24 195.56 74.45
car 0.513453 159.30 146.74 185.76 175.81
dog 0.513451 87.41 208.11 111.42 224.00
cow 0.513422 188.84 107.43 209.12 135.97
dog 0.513401 105.77 0.00 142.49 27.22
aeroplane 0.513306 172.41 161.13 205.49 194.11
aeroplane 0.513275 141.42 193.44 167.85 223.23
aeroplane 0.513271 58.40 0.00 97.87 23.09
car 0.513241 162.66 58.89 183.42 91.02
car 0.513214 194.28 0.00 218.77 34.71
car 0.513121 162.88 153.91 186.99 177.79
aeroplane 0.513085 166.58 175.46 192.41 206.15
dog 0.513018 94.09 208.68 119.46 224.00
horse 0.513017 184.85 157.45 211.27 195.63
car 0.512976 188.52 18.77 217.52 53.47
dog 0.512969 193.37 201.13 217.81 224.00
aeroplane 0.512956 162.36 178.72 184.40 206.79
dog 0.512908 118.04 204.68 147.56 224.00
aeroplane 0.512874 192.96 166.41 212.78 204.71
car 0.512837 201.43 48.36 219.33 80.61
aeroplane 0.512819 79.17 0.00 108.70 27.91
car 0.512691 192.16 8.53 218.24 45.99
dog 0.512542 171.94 0.00 195.25 28.60
dog 0.512266 156.91 14.97 182.32 42.52
dog 0.512238 100.20 208.50 129.77 224.00
dog 0.512223 164.15 0.00 189.05 30.51
bottle 0.512183 138.52 50.33 166.74 88.32
car 0.512051 82.15 121.41 198.63 223.22
car 0.512015 136.19 156.01 165.65 179.72
aeroplane 0.511983 41.09 0.00 86.52 32.44
dog 0.511975 125.37 207.11 155.81 224.00
car 0.511925 75.88 81.39 100.76 113.16
dog 0.511924 152.43 0.00 181.42 28.50
cow 0.511759 212.00 106.50 224.00 144.94
aeroplane 0.511679 174.92 171.78 202.65 204.48
aeroplane 0.511591 156.26 179.90 175.01 207.28
aeroplane 0.511450 57.84 7.67 99.28 46.49
dog 0.511401 169.17 17.37 192.88 44.84
car 0.511308 157.66 135.64 215.72 224.00
car 0.511268 130.63 133.13 206.37 223.43
aeroplane 0.511247 135.80 178.92 163.10 205.72
dog 0.511073 138.54 0.00 167.42 26.21
aeroplane 0.510982 188.97 187.78 209.56 217.52
aeroplane 0.510952 176.70 193.02 201.35 219.94
aeroplane 0.510899 165.85 163.37 191.96 193.03
aeroplane 0.510888 135.68 167.92 162.81 194.86
aeroplane 0.510796 137.09 161.14 163.95 184.75
aeroplane 0.510790 156.42 210.49 188.01 224.00
aeroplane 0.510640 182.77 168.19 208.78 203.33
dog 0.510579 132.18 208.54 162.16 224.00
dog 0.510499 141.33 209.00 170.52 224.00
dog 0.510493 150.37 209.79 179.85 224.00
car 0.509949 35.11 4.88 88.61 50.12
aeroplane 0.509949 160.46 163.64 180.39 193.30
