bird 0.660016 25.06 12.18 224.00 179.07
bird 0.578751 108.82 59.02 186.19 157.98
bird 0.556219 25.34 46.80 193.02 209.12
sheep 0.549091 6.21 125.56 68.88 197.41
bird 0.547945 99.27 16.87 224.00 198.84
bottle 0.546974 84.12 0.00 224.00 114.32
sheep 0.546743 14.54 116.55 91.99 184.75
bird 0.546589 120.98 81.21 172.70 161.14
bird 0.545088 72.13 0.00 224.00 113.44
dog 0.544524 118.85 0.00 224.00 107.31
bottle 0.544409 93.68 0.00 224.00 190.65
cat 0.543976 103.72 0.00 224.00 114.59
bird 0.543729 138.36 42.31 224.00 197.21
bird 0.541616 13.71 111.99 94.67 174.14
bird 0.541223 111.19 61.33 175.14 127.73
bird 0.539093 16.84 98.60 102.93 147.67
bird 0.536334 26.41 90.80 109.70 131.91
bird 0.535574 37.51 82.65 115.97 126.16
dog 0.534988 0.00 205.79 20.12 224.00
cat 0.534973 5.37 26.41 189.99 203.34
bird 0.533613 73.81 0.00 201.19 73.51
bird 0.533587 32.93 122.05 102.54 196.61
sheep 0.533396 0.00 210.37 31.57 224.00
dog 0.533164 156.67 0.00 208.56 49.13
dog 0.532869 49.49 0.00 224.00 181.22
dog 0.532849 0.00 172.12 35.85 224.00
sheep 0.532725 40.76 127.46 103.02 202.47
aeroplane 0.532603 120.83 91.94 159.71 156.07
sheep 0.532341 27.01 61.06 161.10 196.62
cow 0.532257 207.34 206.64 224.00 224.00
aeroplane 0.532221 205.63 0.00 224.00 30.11
bird 0.532098 103.28 129.66 148.43 205.83
bird 0.531987 106.22 62.67 160.79 116.80
bird 0.531907 181.02 73.82 224.00 207.72
sheep 0.531852 21.00 104.39 96.09 154.51
bird 0.531744 101.71 71.16 161.51 136.79
bird 0.531548 68.94 0.00 95.32 45.60
bird 0.531266 52.67 138.52 105.84 205.24
bottle 0.531122 160.75 0.00 209.47 48.30
sheep 0.530927 0.00 175.21 58.23 224.00
bird 0.530825 0.00 0.00 66.33 52.76
bird 0.530817 94.09 71.00 140.32 113.81
bird 0.530726 70.29 178.12 147.64 224.00
bird 0.530627 55.38 69.86 110.62 123.52
bird 0.530542 106.57 9.19 141.85 74.07
bird 0.530161 100.20 185.14 164.17 224.00
bird 0.530071 186.24 211.83 217.36 224.00
bird 0.529948 178.73 103.06 210.42 156.67
bird 0.529818 87.63 71.56 124.99 112.10
cat 0.529694 62.79 0.00 93.42 25.54
sheep 0.529500 194.25 210.82 224.00 224.00
bird 0.529195 220.00 102.05 224.00 160.47
cat 0.529095 158.68 0.00 198.05 20.48
bird 0.528791 41.45 159.06 128.07 224.00
bird 0.528776 71.20 76.34 119.52 117.37
bird 0.528532 98.15 0.00 147.01 42.63
sheep 0.528113 0.00 143.75 50.08 197.52
bird 0.527569 218.01 95.92 224.00 155.53
sheep 0.527547 0.00 146.64 26.15 198.64
bird 0.527439 0.00 0.00 18.42 24.66
sheep 0.527408 0.00 95.72 50.71 189.39
bird 0.527351 189.61 181.13 224.00 224.00
sheep 0.527157 7.63 172.49 84.31 224.00
dog 0.527036 151.16 0.00 189.77 18.61
bird 0.526807 64.68 61.42 105.43 111.87
aeroplane 0.526765 121.38 103.67 149.65 160.18
boat 0.526654 67.79 0.00 98.75 25.13
bottle 0.526607 66.31 0.00 98.16 40.24
bird 0.526566 196.39 102.74 224.00 224.00
bird 0.526503 0.00 77.25 43.96 177.17
bird 0.526487 118.22 188.07 183.61 224.00
bird 0.526454 59.22 29.18 209.92 159.02
bird 0.526300 101.27 0.00 145.35 26.03
bird 0.526239 86.11 130.50 132.26 204.60
bottle 0.525867 147.47 5.58 201.49 63.88
sheep 0.525631 55.49 154.25 101.85 211.14
bird 0.525626 109.58 93.70 146.85 146.51
cat 0.525596 211.15 71.60 224.00 127.80
bird 0.525593 108.44 30.28 140.02 85.06
bird 0.525551 172.00 211.52 206.02 224.00
sheep 0.525534 17.86 213.02 53.60 224.00
bird 0.525369 61.39 167.21 101.43 214.87
sheep 0.525318 12.77 112.01 74.76 160.52
aeroplane 0.525288 220.00 110.88 224.00 167.31
bird 0.525259 0.00 57.65 145.64 224.00
bird 0.525216 66.19 66.28 180.65 209.97
bird 0.525206 65.26 87.63 116.50 129.87
bird 0.525032 108.69 53.68 153.61 103.72
dog 0.525030 208.11 0.00 224.00 41.70
dog 0.525030 148.18 0.00 195.48 36.10
bird 0.525007 215.84 87.58 224.00 146.60
bird 0.524976 167.43 97.84 201.92 151.14
bird 0.524969 64.80 129.40 124.11 206.86
bird 0.524863 136.19 190.58 200.28 224.00
sheep 0.524421 26.48 97.65 93.60 129.31
aeroplane 0.524412 176.80 155.04 202.27 194.52
bird 0.524385 73.48 62.26 114.65 108.93
sheep 0.524382 0.00 65.66 24.07 94.06
sheep 0.524319 0.00 73.02 24.49 101.31
sheep 0.524309 22.79 102.72 83.75 141.78
bird 0.524271 85.60 63.43 119.09 105.30
bird 0.524104 78.31 0.00 109.55 47.19
bottle 0.523930 45.95 0.00 76.13 22.11
bird 0.523866 90.70 211.97 127.62 224.00
bird 0.523863 153.02 192.30 215.10 224.00
boat 0.523830 171.02 0.00 211.07 21.36
bird 0.523820 96.17 57.01 122.13 93.87
bird 0.523641 0.00 0.00 166.31 165.35
bird 0.523607 109.63 41.28 145.61 92.60
bird 0.523587 114.17 41.92 158.62 99.29
sheep 0.523550 31.05 212.75 66.55 224.00
bird 0.523545 175.28 142.61 204.15 186.36
dog 0.523541 143.82 0.00 178.95 17.24
bottle 0.523408 33.98 0.00 65.14 18.15
sheep 0.523290 0.00 136.53 22.33 186.86
cat 0.523227 0.00 0.00 88.40 41.89
bird 0.523225 98.21 48.84 119.83 85.75
bird 0.523147 26.36 0.00 59.23 17.18
sheep 0.523128 0.98 81.84 26.79 110.07
bottle 0.523102 139.25 24.81 198.48 78.14
aeroplane 0.523021 113.01 123.71 143.82 186.99
bird 0.522991 109.94 150.77 144.78 211.45
dog 0.522979 207.74 58.33 224.00 116.64
bird 0.522971 73.70 212.34 110.73 224.00
bird 0.522958 51.57 0.00 161.39 46.96
bird 0.522879 85.70 78.93 133.17 124.84
aeroplane 0.522875 189.76 0.00 224.00 25.96
bird 0.522836 106.13 212.34 140.27 224.00
sheep 0.522803 0.00 85.79 13.18 119.38
bird 0.522696 112.98 103.31 139.52 150.11
bird 0.522651 101.23 55.42 135.16 96.34
bird 0.522589 0.00 201.25 18.57 224.00
bird 0.522542 64.63 56.99 93.79 99.28
bird 0.522541 70.96 54.92 100.67 100.43
bird 0.522523 0.00 68.87 10.87 105.69
bird 0.522514 108.53 127.28 136.48 185.90
dog 0.522502 0.00 122.49 42.35 217.91
bird 0.522465 121.43 213.44 153.57 224.00
bird 0.522385 71.29 115.21 114.15 163.88
sheep 0.522381 0.00 77.57 12.05 112.50
bird 0.522337 68.95 8.13 88.01 46.22
bird 0.522291 179.03 161.59 200.30 199.69
bottle 0.522125 26.87 0.00 135.37 41.11
bird 0.522116 104.18 24.41 135.62 75.78
sheep 0.522109 9.03 109.80 47.30 139.45
bird 0.522103 177.33 88.00 217.61 152.20
sheep 0.522061 1.99 90.28 29.61 118.07
aeroplane 0.521955 118.70 114.94 143.40 170.75
bird 0.521923 0.00 33.06 37.60 141.30
bird 0.521883 80.15 126.41 124.26 189.35
bird 0.521827 94.84 0.00 126.56 48.21
bird 0.521807 0.00 0.00 27.89 20.67
bird 0.521748 74.06 50.49 97.89 91.00
sheep 0.521728 0.00 107.53 13.53 143.42
bird 0.521699 93.98 43.77 114.83 80.49
sheep 0.521687 0.00 184.50 14.56 224.00
bird 0.521687 193.69 98.20 223.35 160.21
dog 0.521671 215.58 0.00 224.00 56.25
bird 0.521650 54.87 66.33 94.08 107.41
sheep 0.521603 39.77 212.67 77.89 224.00
bird 0.521581 120.59 51.08 173.09 107.09
bird 0.521575 84.06 50.88 109.38 88.73
sheep 0.521547 0.00 157.08 21.62 206.49
dog 0.521504 218.77 5.40 224.00 63.27
bird 0.521481 103.17 44.49 131.84 87.29
sheep 0.521453 18.87 98.84 66.84 129.95
bird 0.521407 45.16 112.84 105.79 166.91
bird 0.521361 172.70 84.22 209.24 141.97
cat 0.521305 174.69 77.91 209.65 128.48
bird 0.521300 170.90 187.69 224.00 224.00
aeroplane 0.521157 179.54 182.56 203.65 212.11
dog 0.521077 220.00 15.16 224.00 70.74
aeroplane 0.521036 114.30 113.07 134.87 156.60
sheep 0.520917 9.78 105.12 41.90 133.11
sheep 0.520908 9.24 99.52 36.01 126.09
bird 0.520900 0.00 21.62 9.00 70.85
bottle 0.520884 183.90 66.84 222.73 119.27
bird 0.520881 80.78 55.99 111.78 98.10
bottle 0.520849 179.77 76.33 216.86 128.89
bird 0.520779 133.10 88.25 183.05 152.23
sheep 0.520708 13.95 109.32 60.56 143.00
aeroplane 0.520674 220.00 143.13 224.00 197.00
bird 0.520621 136.93 213.65 170.97 224.00
bird 0.520546 96.85 127.97 130.48 186.97
sheep 0.520538 0.94 114.71 42.34 146.66
sheep 0.520513 59.67 170.30 99.28 215.94
bird 0.520503 67.16 51.84 90.43 91.37
dog 0.520502 142.46 0.00 183.01 47.61
aeroplane 0.520480 174.52 139.12 207.53 187.04
dog 0.520473 216.20 40.95 224.00 98.65
bird 0.520380 184.49 72.90 221.08 127.87
boat 0.520372 88.69 0.00 128.59 21.39
bottle 0.520297 129.88 22.50 176.05 83.40
sheep 0.520288 0.00 128.09 17.94 174.98
bird 0.520274 108.74 17.20 151.89 81.48
aeroplane 0.520244 112.96 121.33 133.97 169.52
bird 0.520224 50.11 211.99 90.75 224.00
bird 0.520192 89.43 100.25 126.28 139.44
bird 0.520178 89.53 116.80 120.46 160.58
bird 0.520160 64.44 184.98 100.10 224.00
bird 0.520103 145.29 211.72 182.50 224.00
bird 0.520086 58.53 60.96 88.03 95.72
sheep 0.520084 0.00 167.37 17.85 214.31
bird 0.520071 37.83 26.52 52.69 56.63
bird 0.520030 121.74 33.87 166.96 94.83
bird 0.520025 0.00 0.00 9.17 41.31
sheep 0.520003 14.62 105.38 55.03 134.58
bird 0.519951 153.45 210.70 192.54 224.00
bottle 0.519951 131.86 39.18 182.40 89.48
bird 0.519934 87.65 122.21 122.11 175.36
dog 0.519888 220.00 31.81 224.00 87.30
boat 0.519869 75.16 0.00 112.81 22.05
bird 0.519838 0.00 0.00 50.38 80.32
bird 0.519823 0.00 25.92 20.81 68.44
bird 0.519818 46.62 94.94 108.53 138.30
bird 0.519800 178.63 116.10 203.54 160.19
bottle 0.519766 120.17 19.54 163.35 83.43
sheep 0.519765 9.68 67.04 29.56 90.76
aeroplane 0.519671 220.00 186.70 224.00 224.00
bird 0.519633 116.19 170.74 141.03 212.46
sheep 0.519618 14.63 99.62 48.15 126.63
sheep 0.519613 10.23 122.36 67.23 170.82
dog 0.519558 132.03 0.00 168.35 18.32
bird 0.519556 42.52 64.96 61.83 87.25
bottle 0.519551 143.13 0.00 185.67 56.96
bird 0.519545 33.30 106.31 134.44 224.00
bird 0.519526 0.00 1.08 39.15 109.97
bird 0.519508 71.07 106.26 113.81 149.59
bird 0.519488 145.59 93.42 211.89 209.61
bird 0.519463 64.52 2.18 89.29 36.86
bird 0.519362 38.56 19.35 52.95 47.56
bird 0.519353 0.00 51.61 10.02 91.09
aeroplane 0.519338 178.89 170.36 203.74 205.65
bird 0.519314 179.71 183.08 200.73 213.85
sheep 0.519230 212.73 200.74 224.00 224.00
bird 0.519169 37.64 36.40 52.45 65.79
sheep 0.519164 9.84 74.19 29.28 98.27
bird 0.519106 108.54 170.39 134.46 211.91
bird 0.519087 85.53 108.40 119.34 148.38
sheep 0.518997 9.18 92.30 33.34 118.79
aeroplane 0.518994 10.91 0.00 44.49 15.77
bottle 0.518976 127.42 54.35 179.36 97.87
aeroplane 0.518967 220.00 173.51 224.00 214.88
bird 0.518908 37.45 64.96 53.40 87.40
bird 0.518824 113.22 83.95 198.84 208.02
sheep 0.518804 0.00 120.43 14.60 161.51
bird 0.518699 36.48 1.54 55.12 30.79
sheep 0.518691 20.01 96.70 115.09 201.14
bird 0.518651 0.00 46.03 22.11 82.95
bird 0.518621 89.13 2.22 113.31 54.90
cat 0.518588 160.39 72.51 197.53 116.94
bird 0.518512 30.12 26.25 45.31 57.42
bottle 0.518486 61.65 0.00 90.99 34.86
bird 0.518485 99.87 30.82 122.80 73.02
bottle 0.518467 149.20 38.85 201.37 82.65
bottle 0.518436 156.86 23.96 208.01 74.51
sheep 0.518392 0.00 139.71 62.94 224.00
bird 0.518357 39.32 14.14 53.65 38.56
bird 0.518332 6.62 35.93 28.55 69.93
bird 0.518322 160.68 81.82 198.23 141.36
bird 0.518257 49.85 63.59 79.27 89.90
cat 0.518199 172.49 67.62 209.95 107.60
bird 0.518140 26.91 53.58 133.32 172.99
bird 0.518125 177.24 126.18 204.71 170.34
bird 0.518123 101.13 123.37 127.28 171.46
sheep 0.518033 0.00 131.37 49.81 179.13
bird 0.518028 43.66 3.76 61.62 29.94
bird 0.518025 100.12 117.62 125.66 157.27
bird 0.517968 180.29 194.92 203.05 224.00
bird 0.517927 40.69 70.86 66.62 97.50
bird 0.517920 30.39 35.69 45.24 66.49
bird 0.517913 95.01 109.33 125.06 147.30
bottle 0.517759 116.48 0.72 157.48 67.05
bird 0.517758 59.84 55.23 83.72 88.80
bird 0.517739 42.88 59.07 61.18 81.73
sheep 0.517734 9.56 83.41 31.42 109.27
bird 0.517712 86.31 121.06 163.41 224.00
sheep 0.517640 181.22 196.72 205.23 224.00
dog 0.517619 116.51 0.00 159.37 22.49
bird 0.517589 153.76 100.37 184.19 157.00
bird 0.517503 47.02 14.27 59.69 36.38
bird 0.517456 173.18 153.21 196.44 191.57
bird 0.517439 135.60 94.95 169.73 159.64
bird 0.517431 101.44 16.65 126.65 65.34
bird 0.517419 129.12 71.50 180.43 121.40
bottle 0.517402 131.40 3.89 173.01 66.52
sheep 0.517253 0.00 122.24 45.71 161.49
bird 0.517247 47.56 69.70 86.04 101.51
sheep 0.517241 12.76 161.55 55.70 211.26
bird 0.517181 35.58 69.67 54.63 95.61
cat 0.516903 134.84 63.86 186.21 99.95
sheep 0.516837 0.71 107.60 85.46 205.81
bird 0.516762 38.05 59.21 54.94 82.57
bird 0.516745 94.91 33.01 114.69 72.02
sheep 0.516701 8.86 58.22 30.30 84.57
bird 0.516670 30.68 19.21 46.30 48.60
bird 0.516667 70.63 18.92 87.59 54.50
bottle 0.516659 185.24 0.00 224.00 40.71
bottle 0.516590 44.98 26.05 57.61 54.25
bird 0.516555 20.03 27.32 37.26 58.10
bottle 0.516519 176.00 58.37 215.79 101.23
bird 0.516511 112.64 192.61 135.04 224.00
sheep 0.516509 20.31 67.24 37.84 87.59
sheep 0.516471 23.96 91.24 75.96 125.02
bird 0.516433 70.91 33.81 88.50 71.15
bird 0.516430 46.26 18.90 58.43 45.07
bird 0.516422 196.33 77.31 224.00 137.85
bird 0.516379 33.19 29.15 136.56 140.45
sheep 0.516379 29.44 66.32 46.12 86.79
sheep 0.516372 0.49 160.42 39.70 208.07
sheep 0.516335 14.83 91.30 42.81 119.21
sheep 0.516257 14.48 131.92 91.54 224.00
bird 0.516239 50.52 57.86 75.17 83.95
sheep 0.516182 7.46 46.29 29.73 78.21
aeroplane 0.516170 130.74 105.54 163.06 167.92
bird 0.516141 20.53 35.99 37.34 65.99
bird 0.516138 56.70 5.16 77.71 31.70
sheep 0.516132 14.52 146.64 63.67 203.63
sheep 0.516002 0.00 185.17 26.03 224.00
bottle 0.515874 153.70 53.29 199.50 89.90
bird 0.515824 38.18 48.62 54.25 75.47
cat 0.515817 157.25 62.86 198.67 96.78
bottle 0.515811 44.16 36.31 58.23 64.52
bird 0.515604 62.08 47.00 81.56 82.83
bird 0.515553 95.53 168.47 126.76 211.32
sheep 0.515434 26.42 118.71 120.75 224.00
aeroplane 0.515405 129.64 0.00 164.39 46.27
bird 0.515323 75.38 165.23 119.40 212.98
bird 0.515318 85.52 34.11 104.75 71.58
sheep 0.515308 19.09 73.60 36.14 95.87
aeroplane 0.515294 116.60 119.58 156.10 184.52
bird 0.515179 120.89 193.20 141.11 224.00
bird 0.515134 102.05 190.69 128.53 224.00
sheep 0.515132 27.17 70.97 45.32 94.91
bird 0.515128 106.49 130.45 178.60 224.00
aeroplane 0.515116 29.70 0.00 49.08 30.49
bird 0.515099 143.39 106.33 169.01 163.75
bird 0.514939 76.21 33.73 95.15 71.36
bird 0.514934 93.50 16.99 114.32 62.41
bottle 0.514932 166.18 51.78 207.37 90.24
aeroplane 0.514918 32.31 13.63 47.83 38.98
bird 0.514913 8.42 46.67 100.91 162.85
bird 0.514822 0.00 7.81 85.09 122.92
bird 0.514807 58.46 11.38 74.49 34.61
bottle 0.514759 64.70 34.87 81.02 69.78
bird 0.514717 0.00 6.92 18.10 45.72
aeroplane 0.514617 113.08 0.00 152.47 46.39
bird 0.514603 0.00 0.00 114.86 49.81
bird 0.514573 166.09 148.91 187.25 188.17
sheep 0.514565 20.83 59.29 39.51 81.46
dog 0.514558 127.13 0.00 165.40 32.98
bird 0.514493 7.61 18.46 27.34 53.62
dog 0.514482 160.75 12.22 212.17 66.93
bird 0.514466 74.22 17.37 92.19 55.41
bird 0.514460 29.94 60.00 47.95 82.11
sheep 0.514404 108.26 0.00 155.04 35.64
bird 0.514382 30.53 48.30 47.38 75.94
sheep 0.514347 16.73 82.04 37.79 108.70
bird 0.514323 145.46 142.37 172.80 190.64
bird 0.514230 33.76 82.70 78.98 117.60
bird 0.514162 117.17 135.85 163.03 197.92
bird 0.514115 161.38 109.23 186.69 161.39
aeroplane 0.514051 20.55 19.63 37.85 49.76
aeroplane 0.514038 8.14 0.00 27.51 30.11
bird 0.514024 21.30 0.00 52.08 21.36
bottle 0.514015 43.53 49.08 60.09 75.03
bird 0.513984 129.48 141.15 194.07 224.00
bird 0.513931 66.43 9.95 81.62 42.28
bird 0.513811 8.52 0.00 98.97 82.69
sheep 0.513790 20.93 47.01 39.01 75.15
sheep 0.513781 29.28 80.58 64.16 113.71
bird 0.513668 85.80 187.63 121.68 224.00
bottle 0.513656 192.56 49.03 224.00 106.81
bird 0.513461 153.31 149.36 209.24 224.00
bottle 0.513340 169.33 36.59 212.72 83.44
bottle 0.513333 54.37 36.21 70.22 66.21
bird 0.513268 66.30 20.18 81.06 52.98
aeroplane 0.513106 146.83 121.49 169.99 172.86
sheep 0.513089 22.68 79.98 51.19 110.75
bottle 0.512994 178.50 45.07 220.03 94.93
bird 0.512987 125.90 193.43 147.23 224.00
bottle 0.512948 51.81 49.00 71.92 78.23
bird 0.512940 176.34 147.11 224.00 224.00
bird 0.512934 81.86 16.30 101.72 58.22
bird 0.512882 57.87 15.07 71.40 41.21
bird 0.512751 164.87 138.76 189.47 181.42
bird 0.512722 56.27 23.51 69.93 51.71
aeroplane 0.512607 20.82 0.00 39.77 28.13
aeroplane 0.512373 22.90 11.93 38.90 38.26
bird 0.512290 10.08 9.19 26.69 40.24
sheep 0.512065 167.34 194.85 192.93 224.00
bird 0.512017 50.43 0.00 151.39 90.33
bird 0.511947 64.11 205.99 100.47 224.00
sheep 0.511925 183.33 208.67 213.73 224.00
bird 0.511836 123.84 171.96 151.32 209.67
sheep 0.511767 13.03 185.16 49.63 224.00
bird 0.511759 157.97 195.54 180.20 224.00
bird 0.511714 177.71 170.72 196.75 204.64
aeroplane 0.511709 164.81 123.32 189.34 170.57
aeroplane 0.511693 174.23 116.31 209.87 169.86
bird 0.511567 157.39 178.12 176.30 209.46
dog 0.511521 193.05 0.00 224.00 52.33
bird 0.511504 139.21 175.23 161.76 208.89
dog 0.511473 195.13 40.28 224.00 96.81
bird 0.511456 133.99 195.36 154.91 224.00
aeroplane 0.511109 194.07 142.72 222.34 195.60
bird 0.511020 152.17 161.80 173.52 202.57
bird 0.510924 76.73 205.98 116.61 224.00
bird 0.510894 127.73 156.46 160.64 205.63
bird 0.510869 146.27 196.51 166.64 224.00
sheep 0.510781 55.19 187.81 94.33 224.00
sheep 0.510747 28.04 167.11 74.49 210.42
bird 0.510687 100.32 209.86 133.07 224.00
sheep 0.510659 174.05 22.79 217.68 74.04
aeroplane 0.510591 193.80 114.51 221.02 170.48
bird 0.510296 169.32 181.30 190.39 210.95
dog 0.510050 201.37 11.42 224.00 66.85
sheep 0.509970 7.85 211.99 45.66 224.00
dog 0.509951 199.10 30.40 224.00 85.44
bird 0.509684 169.24 166.90 187.66 201.97
sheep 0.509512 196.30 191.02 219.78 222.54
aeroplane 0.508712 193.92 177.26 219.45 211.31
aeroplane 0.508711 192.88 165.18 220.40 205.94
sheep 0.508473 51.56 208.22 90.29 224.00
sheep 0.508217 23.70 189.87 60.27 224.00
bird 0.508126 130.73 212.00 158.87 224.00
sheep 0.508089 34.43 189.33 73.71 224.00
