bottle 0.648183 0.00 3.70 189.56 224.00
person 0.645530 0.00 14.70 199.18 224.00
bottle 0.589700 214.73 69.44 223.84 121.02
bottle 0.568899 0.00 22.11 142.78 184.59
bird 0.566197 72.77 66.14 127.54 131.47
bottle 0.562147 44.63 50.63 194.23 224.00
bottle 0.561021 208.87 68.37 222.96 120.27
person 0.555017 12.19 34.68 143.93 221.22
bottle 0.550012 77.55 69.87 135.39 131.51
person 0.549591 61.16 0.00 224.00 214.11
bottle 0.548760 17.45 0.66 179.50 156.35
bottle 0.547354 66.36 134.47 118.21 203.83
bottle 0.545687 51.19 68.36 70.79 127.52
person 0.544578 0.00 52.36 61.40 205.33
cat 0.543796 68.99 134.62 122.17 202.07
bottle 0.543478 0.00 208.36 26.12 224.00
bottle 0.542889 0.00 203.89 16.14 224.00
bottle 0.542104 24.30 6.05 63.18 67.79
bottle 0.540927 147.92 15.40 224.00 191.16
bottle 0.540662 61.52 131.63 96.49 201.47
bottle 0.539161 193.83 68.13 217.85 116.63
bottle 0.538913 109.78 25.35 215.00 224.00
person 0.538635 0.00 80.51 46.99 224.00
person 0.537955 0.00 23.82 100.86 185.04
bottle 0.537487 62.20 77.86 81.90 128.11
bottle 0.537445 0.00 53.51 8.54 103.44
bottle 0.537307 40.57 69.36 72.02 124.86
bottle 0.537171 4.68 210.07 45.19 224.00
bottle 0.536805 25.07 9.53 57.55 33.32
bottle 0.535720 42.98 5.38 71.91 34.67
bottle 0.534778 14.45 209.62 67.18 224.00
person 0.534433 3.69 63.28 104.18 223.05
bottle 0.534180 32.57 8.00 65.18 35.06
bottle 0.534175 77.07 72.81 119.68 120.97
bottle 0.533816 184.16 71.80 210.36 112.27
bottle 0.533698 54.73 3.11 80.30 32.12
bottle 0.533567 47.15 210.47 89.18 224.00
bottle 0.533360 220.00 110.65 224.00 172.46
tvmonitor 0.533356 210.31 204.03 224.00 224.00
cat 0.532831 75.93 140.95 142.88 198.04
bottle 0.532755 0.00 101.48 9.31 152.09
tvmonitor 0.532728 0.00 40.66 8.63 81.84
bottle 0.532697 31.07 0.00 161.88 84.28
bottle 0.532682 57.60 2.58 197.79 190.44
bottle 0.532583 219.02 85.33 224.00 140.68
bottle 0.532341 20.48 62.91 160.29 213.96
bottle 0.532247 67.56 211.21 103.77 224.00
cat 0.532139 76.26 155.78 121.99 207.35
bottle 0.531996 160.57 0.00 224.00 150.64
bottle 0.531958 89.14 141.05 146.41 197.30
bottle 0.531932 88.03 210.01 130.39 224.00
bottle 0.531807 0.00 57.62 18.08 99.84
bottle 0.531650 74.95 211.41 116.25 224.00
bottle 0.531375 163.37 65.77 224.00 224.00
bottle 0.531374 56.05 80.15 73.29 128.46
bottle 0.531183 219.44 18.53 224.00 60.38
sheep 0.531052 0.00 106.48 20.24 146.16
bottle 0.530998 32.16 1.60 71.52 71.88
bottle 0.530938 46.85 76.05 67.32 131.52
person 0.530916 192.17 174.16 224.00 224.00
bottle 0.530534 30.20 66.72 64.97 110.91
bottle 0.530474 64.53 142.56 89.30 203.50
bottle 0.530340 61.27 2.59 89.83 31.00
bottle 0.530235 59.32 135.46 84.36 200.99
bottle 0.529999 0.00 150.10 7.19 209.86
bottle 0.529941 81.40 24.66 104.12 68.25
bottle 0.529935 15.99 158.08 102.66 224.00
bottle 0.529701 50.55 6.19 78.63 73.26
bottle 0.529606 70.26 2.09 98.90 30.77
person 0.529493 169.52 0.00 224.00 69.35
bottle 0.529420 74.65 19.59 95.87 72.49
bottle 0.529413 0.00 190.37 10.67 224.00
person 0.529352 0.00 160.73 55.05 224.00
bottle 0.529287 1.30 18.53 115.11 146.22
bottle 0.529268 18.91 0.00 139.30 110.86
bottle 0.529235 65.22 12.22 86.59 74.48
bird 0.529128 86.18 68.30 134.13 121.04
chair 0.529061 210.45 0.00 224.00 24.72
bottle 0.529023 0.00 100.12 20.54 140.46
bottle 0.528985 28.42 29.09 61.43 87.93
bottle 0.528983 57.71 121.92 85.79 184.51
bottle 0.528882 104.42 209.07 145.30 224.00
bottle 0.528764 49.68 122.82 182.67 224.00
bottle 0.528597 182.05 98.60 224.00 224.00
sheep 0.528497 51.91 132.86 75.16 197.24
bottle 0.528295 219.95 26.57 224.00 76.04
bottle 0.528210 177.62 75.29 203.61 106.81
bottle 0.528176 220.00 129.88 224.00 182.61
bottle 0.528145 0.00 193.44 18.50 224.00
tvmonitor 0.528037 0.00 29.43 8.69 66.87
bottle 0.527759 170.75 78.34 194.29 104.30
sheep 0.527711 218.81 13.79 224.00 53.48
bottle 0.527458 188.47 210.25 218.53 224.00
bottle 0.527402 165.11 79.28 186.89 103.60
bottle 0.527244 219.32 36.63 224.00 91.08
cat 0.527239 220.00 140.16 223.27 188.49
cat 0.527211 220.00 150.50 222.44 194.63
bottle 0.527177 215.27 53.09 223.95 111.71
tvmonitor 0.527165 0.00 37.76 17.43 68.93
bottle 0.527045 18.07 67.83 41.04 104.10
person 0.527034 0.00 0.00 52.31 60.77
bottle 0.527003 0.00 0.00 21.27 22.61
bottle 0.526949 17.68 20.14 52.12 56.80
bottle 0.526817 86.72 26.95 109.56 65.30
bottle 0.526795 102.30 35.81 128.23 69.61
bottle 0.526725 77.30 0.78 106.64 29.54
bottle 0.526658 79.83 171.66 121.13 212.92
bottle 0.526420 53.23 86.21 70.38 135.89
sheep 0.526315 198.52 206.68 224.00 224.00
bottle 0.526310 113.49 3.32 138.69 28.26
bottle 0.526005 52.99 128.22 75.58 187.79
bottle 0.525978 73.73 156.50 120.01 206.10
bottle 0.525971 62.85 0.00 103.02 26.00
bottle 0.525935 48.25 0.00 84.31 27.69
bottle 0.525924 4.42 62.94 29.20 97.28
bottle 0.525920 79.71 57.19 117.56 110.85
bottle 0.525905 0.00 131.99 6.82 189.46
bottle 0.525874 56.02 109.21 78.18 166.69
bottle 0.525816 38.68 0.00 75.74 29.43
bottle 0.525795 21.55 0.50 58.60 30.17
bottle 0.525730 81.79 41.27 108.09 89.50
bottle 0.525704 0.00 83.65 8.90 135.31
tvmonitor 0.525670 220.00 165.73 222.80 205.87
bottle 0.525600 66.99 160.17 88.17 206.04
tvmonitor 0.525551 0.00 44.09 16.61 78.88
bottle 0.525477 58.94 0.00 173.37 62.53
bottle 0.525465 0.00 172.15 8.11 218.57
bottle 0.525349 0.00 154.00 15.10 209.50
bottle 0.525340 105.20 29.16 136.29 63.80
bottle 0.525085 12.88 9.24 48.87 29.08
bottle 0.525022 189.17 0.00 218.32 21.45
bottle 0.524886 104.99 152.87 205.53 224.00
bottle 0.524832 0.00 69.79 8.13 123.34
tvmonitor 0.524784 220.00 173.34 224.00 210.52
bottle 0.524669 0.00 112.34 7.26 167.23
bottle 0.524627 8.01 27.37 37.47 57.25
bottle 0.524626 147.27 210.94 186.30 224.00
sheep 0.524588 217.85 3.46 224.00 44.27
bottle 0.524434 107.65 0.00 141.81 22.87
bottle 0.524403 66.50 123.29 99.90 174.42
bottle 0.524352 74.75 77.82 105.51 125.79
sheep 0.524281 198.08 21.18 214.99 51.95
bottle 0.524192 95.02 34.33 121.22 69.17
bottle 0.524065 18.40 142.28 134.56 224.00
bottle 0.524043 100.56 43.86 135.93 83.36
bottle 0.523984 179.52 212.30 213.55 224.00
bottle 0.523886 134.97 133.50 168.82 181.95
bottle 0.523854 96.82 0.00 207.50 162.09
bottle 0.523782 151.58 169.01 224.00 224.00
sheep 0.523735 215.43 0.00 224.00 34.95
tvmonitor 0.523730 153.21 211.48 194.93 224.00
bird 0.523646 91.38 80.83 136.69 129.89
tvmonitor 0.523630 218.47 183.79 224.00 217.08
sheep 0.523572 43.56 135.82 64.71 194.06
bottle 0.523563 36.36 56.27 69.66 111.61
bottle 0.523550 143.50 3.88 168.56 29.28
tvmonitor 0.523549 165.53 211.61 203.89 224.00
bottle 0.523522 0.00 88.78 19.54 130.42
bottle 0.523502 47.44 90.73 64.02 138.68
bottle 0.523453 181.05 0.00 211.59 21.06
bottle 0.523378 41.58 87.42 59.80 135.59
bottle 0.523358 84.55 0.00 115.05 28.19
bottle 0.523353 0.00 0.00 33.06 19.29
cat 0.523330 92.66 161.83 141.12 209.75
bottle 0.523328 137.84 4.39 159.82 26.46
bottle 0.523321 71.56 157.84 103.19 204.86
bottle 0.523289 42.22 31.82 72.87 94.73
bottle 0.522999 17.28 26.04 46.82 64.32
bottle 0.522890 108.71 37.28 142.54 70.08
bottle 0.522876 0.00 21.66 9.14 59.20
bottle 0.522685 122.14 209.57 168.40 224.00
bottle 0.522653 68.25 174.81 87.07 208.02
person 0.522652 0.00 18.96 79.32 133.35
bottle 0.522573 62.72 70.20 88.81 120.98
bottle 0.522566 19.27 13.25 57.72 46.25
bottle 0.522523 189.79 141.55 224.00 224.00
bottle 0.522494 0.00 72.27 18.61 118.31
bottle 0.522418 8.09 34.67 33.21 65.30
bottle 0.522416 23.09 193.27 67.76 224.00
bottle 0.522222 172.99 0.00 204.75 19.65
bottle 0.522158 94.06 53.90 135.18 98.89
tvmonitor 0.522138 214.58 196.23 224.00 224.00
bottle 0.522126 52.73 108.10 69.31 160.37
bottle 0.522073 22.54 0.00 100.07 68.22
bottle 0.522053 89.98 63.66 134.33 111.86
sheep 0.522048 196.03 5.30 214.53 39.07
bottle 0.521956 54.36 35.44 78.02 94.55
bottle 0.521936 27.23 54.74 59.39 102.75
bottle 0.521826 108.22 140.27 149.70 188.79
bottle 0.521784 141.00 0.00 172.96 15.79
bottle 0.521779 33.99 91.31 50.91 132.32
bottle 0.521728 42.05 102.76 56.38 146.77
bottle 0.521724 0.00 177.28 15.78 214.33
bottle 0.521684 33.59 72.44 57.96 120.29
bottle 0.521682 88.37 56.20 125.97 103.79
bottle 0.521679 72.72 100.41 105.80 146.74
sheep 0.521673 0.00 115.82 16.80 163.27
bird 0.521591 94.26 68.84 142.40 107.03
bottle 0.521548 89.14 0.00 133.17 23.08
sheep 0.521540 24.87 153.44 51.49 203.23
bottle 0.521530 142.45 113.56 172.84 147.12
bottle 0.521491 159.06 75.76 184.14 102.12
bottle 0.521464 15.23 0.00 50.08 24.00
bottle 0.521458 212.00 75.15 222.51 127.12
sheep 0.521429 199.95 0.00 224.00 22.69
bottle 0.521381 82.21 189.72 120.73 224.00
bottle 0.521377 56.41 0.00 185.75 106.75
bottle 0.521370 130.27 138.59 159.91 181.39
bottle 0.521334 134.23 142.02 168.57 199.37
bottle 0.521240 196.58 109.94 215.49 166.92
bottle 0.521223 137.09 119.19 176.49 175.78
sheep 0.521152 191.70 0.00 216.23 31.03
bottle 0.521147 67.60 38.00 86.45 93.08
sheep 0.521091 195.96 192.21 212.79 216.78
bottle 0.521016 32.32 180.15 67.13 220.79
bottle 0.520995 90.97 42.43 121.59 85.73
bottle 0.520990 57.47 162.37 80.41 207.29
bottle 0.520964 132.61 155.88 163.59 206.44
bottle 0.520961 72.68 173.49 98.65 206.51
sheep 0.520950 0.00 135.18 15.98 189.16
bottle 0.520870 163.29 0.00 196.67 17.89
bottle 0.520853 138.98 120.61 170.74 161.31
sheep 0.520761 36.11 148.08 58.97 202.24
bottle 0.520752 67.23 187.39 87.23 217.17
bird 0.520751 98.93 92.56 137.13 135.54
bottle 0.520730 3.94 6.66 36.61 31.95
bottle 0.520708 14.85 55.81 42.24 95.45
bottle 0.520657 55.72 93.31 75.17 145.60
sheep 0.520654 198.16 27.75 214.35 67.69
bottle 0.520651 154.62 0.00 188.09 16.76
bottle 0.520578 46.43 111.86 61.92 154.73
bottle 0.520521 61.63 96.69 84.91 145.26
bottle 0.520496 99.64 0.00 195.20 53.98
bottle 0.520473 130.38 85.21 218.66 224.00
bottle 0.520467 144.62 184.45 171.97 214.25
sheep 0.520397 195.51 182.88 211.48 208.62
sheep 0.520369 6.83 109.06 25.81 139.90
bottle 0.520364 78.08 6.72 104.31 39.77
bottle 0.520354 7.99 67.78 26.69 105.47
sheep 0.520282 17.82 194.93 67.95 224.00
sheep 0.520262 209.30 19.86 222.71 55.46
bottle 0.520215 127.18 4.55 150.74 25.83
bottle 0.520125 73.36 188.87 95.09 216.34
bottle 0.520125 196.70 81.11 214.03 125.48
bottle 0.520103 166.39 89.69 190.71 125.58
bottle 0.520056 146.44 192.65 173.22 219.77
bottle 0.520023 51.66 57.41 77.67 109.34
bottle 0.520001 0.00 3.98 13.43 38.08
bottle 0.519949 144.71 106.38 174.87 137.28
bottle 0.519947 0.00 21.72 25.68 53.27
bottle 0.519887 149.27 0.00 224.00 61.46
bottle 0.519845 5.05 102.81 25.60 133.84
bottle 0.519826 113.47 0.00 147.54 18.71
bottle 0.519825 74.73 125.34 114.77 171.97
sheep 0.519816 165.16 25.60 183.19 57.31
sheep 0.519760 147.70 29.02 167.68 56.56
bottle 0.519690 118.23 152.64 156.05 206.21
sheep 0.519654 156.91 26.78 176.89 57.33
bottle 0.519641 41.50 177.81 72.58 214.70
bottle 0.519622 60.55 202.79 91.25 224.00
sheep 0.519603 46.34 122.10 62.85 168.57
bottle 0.519562 0.00 0.00 61.25 95.56
bottle 0.519561 0.00 13.87 10.62 49.25
bottle 0.519561 146.12 108.81 179.22 152.37
bottle 0.519493 142.47 70.16 163.58 94.01
sheep 0.519391 6.56 193.82 36.13 224.00
bottle 0.519374 120.51 139.70 152.93 184.49
bottle 0.519362 105.22 91.45 145.67 129.09
bottle 0.519356 106.91 16.66 135.86 53.54
bottle 0.519354 100.82 177.52 140.15 215.79
bottle 0.519324 189.33 106.35 211.36 155.67
bottle 0.519294 9.47 17.58 44.61 46.44
bottle 0.519285 112.40 166.48 150.61 210.87
bottle 0.519280 69.80 205.00 98.90 224.00
bottle 0.519265 78.60 0.00 120.09 19.17
bottle 0.519255 183.68 85.87 208.46 126.69
sheep 0.519168 192.35 22.37 210.13 50.57
bottle 0.519146 134.92 0.00 166.06 18.64
bird 0.519136 97.16 102.31 132.19 144.67
bottle 0.519087 3.29 0.00 80.30 64.23
bottle 0.519074 152.45 76.25 176.87 99.15
bottle 0.519044 106.59 106.24 139.10 143.26
bottle 0.519015 5.61 43.88 29.56 76.64
bottle 0.519003 156.80 99.64 184.70 139.91
bottle 0.518883 163.59 98.33 191.07 138.11
bottle 0.518874 138.56 115.96 163.03 142.02
sheep 0.518836 173.16 25.66 190.15 56.46
bottle 0.518784 186.84 97.19 209.13 140.25
bottle 0.518745 139.74 109.01 164.14 134.43
bottle 0.518743 64.88 57.08 88.36 107.81
bottle 0.518727 16.20 37.66 42.55 76.28
sheep 0.518678 208.41 15.80 220.36 49.60
bottle 0.518648 120.19 38.23 147.07 65.38
bottle 0.518578 94.81 16.92 120.09 57.06
bottle 0.518544 154.65 21.78 178.35 51.30
sheep 0.518508 149.03 35.48 167.66 64.65
bottle 0.518496 31.60 205.40 79.48 224.00
bottle 0.518490 138.34 175.49 166.57 211.87
bottle 0.518468 192.33 121.15 211.81 174.34
bottle 0.518453 146.96 2.44 177.21 31.18
sheep 0.518427 46.48 149.67 69.79 205.77
bottle 0.518389 123.89 0.00 158.75 17.88
bottle 0.518385 7.11 185.40 32.72 214.90
bottle 0.518349 54.44 188.47 81.69 220.75
bottle 0.518293 198.73 92.00 213.23 137.51
bottle 0.518248 77.36 139.29 128.00 188.91
sheep 0.518223 42.53 129.70 57.46 180.33
sheep 0.518180 1.90 155.28 26.61 205.08
sheep 0.518166 189.98 5.42 209.61 38.55
sheep 0.518153 30.74 131.63 48.37 179.53
bottle 0.518113 172.61 88.16 198.78 125.38
bottle 0.518101 43.56 165.14 70.28 209.96
bottle 0.518083 139.25 38.99 155.79 63.10
bottle 0.518072 111.98 100.94 145.25 134.89
bottle 0.518042 3.20 14.41 32.52 42.21
bottle 0.518016 188.49 194.61 207.41 218.34
sheep 0.517993 35.04 105.34 47.86 143.69
bottle 0.517983 86.40 98.36 124.80 145.93
bottle 0.517930 4.33 0.00 97.93 103.26
bottle 0.517857 111.76 9.23 137.04 36.87
bottle 0.517854 37.17 190.81 74.70 224.00
sheep 0.517848 12.09 156.44 39.92 203.31
sheep 0.517827 43.28 113.58 56.30 153.30
bottle 0.517803 133.33 115.03 152.19 140.72
sheep 0.517776 196.26 38.86 214.80 87.23
bottle 0.517750 129.26 67.34 153.03 93.67
bottle 0.517733 198.14 130.09 214.77 178.14
dog 0.517722 24.01 166.78 53.54 209.34
sheep 0.517696 30.54 173.88 62.30 216.69
bottle 0.517694 87.92 108.87 204.53 224.00
bottle 0.517672 84.75 6.73 111.00 40.22
sheep 0.517664 191.87 29.21 208.74 66.97
bottle 0.517629 146.08 21.53 168.74 49.20
bottle 0.517586 144.74 15.14 167.98 37.75
bottle 0.517553 132.73 107.68 153.40 134.03
bottle 0.517550 187.95 185.39 206.13 210.25
bottle 0.517396 180.28 120.10 201.59 172.15
sheep 0.517370 1.75 134.53 24.49 184.08
bottle 0.517366 136.40 31.01 155.22 55.74
sheep 0.517327 211.45 26.31 224.00 71.05
bottle 0.517327 127.18 172.61 159.53 211.27
bottle 0.517321 18.22 98.56 34.40 131.16
bottle 0.517288 212.00 107.19 223.74 169.84
bottle 0.517223 174.27 98.11 199.12 138.29
bottle 0.517173 118.42 110.89 145.87 142.23
bottle 0.517165 6.29 90.81 25.32 124.90
sheep 0.517117 156.99 0.88 184.70 32.66
bottle 0.517109 121.16 180.51 149.84 214.34
sheep 0.517107 43.80 122.40 56.38 165.82
sheep 0.517073 207.34 5.25 218.49 40.79
bottle 0.517058 20.62 73.91 36.39 115.13
bottle 0.517034 144.46 0.00 180.11 21.00
bottle 0.516904 168.92 82.66 191.54 113.27
bottle 0.516855 34.74 169.52 63.98 213.75
sheep 0.516845 183.15 22.51 201.16 48.96
bottle 0.516839 137.17 13.45 156.72 34.12
bottle 0.516810 155.58 109.75 190.86 164.17
bottle 0.516805 196.44 172.89 211.01 202.64
bottle 0.516797 141.89 61.53 161.44 88.16
sheep 0.516768 33.05 161.69 59.37 209.54
sheep 0.516751 161.28 15.88 185.15 42.45
bottle 0.516721 122.40 46.34 148.42 76.34
bottle 0.516685 152.36 186.86 182.13 213.08
bottle 0.516680 115.26 135.25 149.14 177.07
sheep 0.516619 156.99 43.08 177.54 80.43
bottle 0.516612 141.59 100.80 165.21 125.94
bottle 0.516611 149.04 60.81 172.37 89.39
sheep 0.516567 207.51 186.78 217.73 213.80
bottle 0.516556 108.77 124.76 141.63 159.03
bottle 0.516555 19.37 87.66 35.43 124.00
sheep 0.516462 16.10 186.41 60.30 215.63
bottle 0.516446 3.98 167.07 27.20 206.77
bottle 0.516445 175.63 105.48 200.52 152.32
sheep 0.516403 164.13 42.27 183.60 80.68
sheep 0.516379 19.22 105.06 34.03 137.36
sheep 0.516368 3.92 124.43 23.42 169.67
bottle 0.516330 118.91 30.16 146.23 57.87
sheep 0.516287 170.16 1.61 193.47 34.08
bottle 0.516221 141.03 48.93 157.60 76.72
bottle 0.516148 132.60 183.83 162.06 212.56
sheep 0.516116 172.92 16.82 192.57 42.44
bottle 0.516108 156.74 59.02 180.09 91.02
bottle 0.516098 136.18 124.65 160.61 156.22
sheep 0.516076 203.99 0.00 220.63 32.90
bottle 0.516076 148.92 46.12 169.06 78.76
bottle 0.516061 170.51 187.63 193.84 213.19
sheep 0.515971 191.94 204.89 215.35 224.00
sheep 0.515948 189.43 41.21 209.02 85.85
bottle 0.515944 147.57 97.58 177.78 126.12
bottle 0.515929 150.00 15.66 177.56 40.92
bottle 0.515908 100.85 0.00 204.94 103.28
bottle 0.515905 198.75 162.98 211.88 194.69
bottle 0.515904 126.13 57.61 151.85 87.19
bottle 0.515867 210.86 36.99 223.77 89.56
bottle 0.515827 141.19 129.30 220.11 224.00
bottle 0.515826 104.79 191.74 140.05 224.00
bottle 0.515815 131.41 99.11 154.30 127.03
sheep 0.515808 5.65 117.47 23.47 155.59
sheep 0.515808 35.40 114.90 46.97 150.46
bottle 0.515783 142.90 204.85 177.32 224.00
sheep 0.515754 182.20 4.38 202.54 36.00
sheep 0.515752 34.40 123.48 47.16 163.14
bottle 0.515738 121.63 191.07 150.03 224.00
bottle 0.515721 141.05 156.80 173.23 207.05
bottle 0.515720 173.55 79.08 199.86 113.17
bottle 0.515717 155.27 194.99 184.09 216.76
bottle 0.515696 200.23 154.51 213.34 187.08
bottle 0.515642 13.29 168.70 43.63 206.94
bottle 0.515580 162.85 59.84 185.66 92.66
bottle 0.515560 173.24 195.61 195.51 218.08
bottle 0.515553 161.13 81.91 182.52 105.86
bottle 0.515551 181.45 195.41 202.12 217.79
sheep 0.515499 5.62 177.87 29.09 210.95
bottle 0.515480 155.99 93.79 181.84 127.26
sheep 0.515479 181.93 30.00 199.45 65.49
bottle 0.515479 180.09 187.38 201.03 211.43
bottle 0.515410 188.59 174.75 206.27 204.58
bottle 0.515409 83.91 124.95 125.66 167.22
sheep 0.515407 202.82 200.00 219.87 224.00
bottle 0.515327 146.62 78.36 164.78 98.40
bottle 0.515316 96.36 7.18 122.85 39.56
bottle 0.515283 131.64 81.09 152.17 108.18
bottle 0.515266 125.67 133.97 151.73 172.82
bottle 0.515174 133.53 75.53 152.30 100.16
bottle 0.514972 161.23 125.83 189.52 177.66
bottle 0.514957 212.00 128.13 223.22 179.52
bottle 0.514934 135.12 20.37 155.87 46.17
bottle 0.514917 130.20 89.79 153.50 118.36
bottle 0.514879 138.92 0.00 224.00 102.71
sheep 0.514864 13.31 134.33 34.65 181.08
bottle 0.514837 96.98 125.03 135.40 161.76
sheep 0.514744 208.68 176.82 217.45 207.24
bottle 0.514481 166.70 163.36 189.85 203.69
bottle 0.514443 120.66 124.24 147.27 157.21
bottle 0.514428 167.38 176.92 191.23 210.63
bottle 0.514319 145.18 133.30 178.89 189.80
sheep 0.514289 14.62 179.47 52.04 211.95
sheep 0.514277 171.90 42.08 191.17 81.33
sheep 0.514273 177.88 59.27 202.12 100.73
bottle 0.514270 146.49 83.22 165.71 104.71
bottle 0.514241 154.37 82.64 178.96 104.49
bottle 0.514122 191.13 164.61 208.15 196.75
bottle 0.514117 180.98 165.32 200.12 198.90
bottle 0.514111 131.58 191.89 164.27 220.94
cat 0.514105 212.00 150.38 220.42 188.80
bottle 0.514097 179.05 176.62 199.79 206.78
tvmonitor 0.514076 212.00 158.93 218.86 195.87
bottle 0.514003 131.35 124.81 150.82 154.96
sheep 0.513927 169.82 60.43 193.12 96.15
tvmonitor 0.513893 210.80 167.71 217.73 202.14
bottle 0.513683 165.65 151.14 190.01 195.25
bottle 0.513550 144.71 91.67 166.49 114.70
sheep 0.513539 180.49 41.38 199.96 82.58
bottle 0.513433 113.02 203.93 153.04 224.00
bottle 0.513418 124.05 11.13 146.54 32.89
bottle 0.513343 149.32 176.03 179.87 212.20
bottle 0.513223 193.68 156.36 210.79 188.39
bottle 0.513180 183.05 156.34 201.91 190.16
bottle 0.513090 183.62 207.40 209.89 224.00
bottle 0.513085 149.05 159.36 179.43 206.70
bottle 0.512867 183.89 144.41 202.65 182.54
bottle 0.512771 151.81 88.82 179.72 112.55
sheep 0.512662 16.61 124.71 32.58 164.51
bottle 0.512639 194.48 144.28 212.06 182.39
bottle 0.512583 169.39 207.20 199.31 224.00
bottle 0.512527 159.42 86.19 183.16 113.11
bottle 0.512458 119.48 18.47 145.87 46.23
sheep 0.511835 18.64 116.92 32.03 150.88
