person 0.607648 1.78 122.73 16.20 163.78
person 0.576224 9.86 122.60 28.07 161.22
person 0.564780 24.79 126.67 67.30 171.67
car 0.564451 34.45 148.88 127.47 199.39
motorbike 0.563818 40.31 147.00 141.83 204.29
person 0.562295 17.80 124.64 47.98 161.65
motorbike 0.560972 57.78 136.12 156.07 210.06
motorbike 0.560631 120.41 125.79 174.33 159.14
motorbike 0.560140 100.58 151.22 173.64 189.01
person 0.559497 123.82 121.04 169.06 158.56
person 0.558090 97.77 106.38 131.94 167.19
person 0.557750 140.36 60.90 151.62 100.08
motorbike 0.556973 112.70 130.86 178.29 165.69
motorbike 0.553601 78.22 145.91 175.10 196.40
person 0.552437 100.64 62.42 136.61 100.62
motorbike 0.551712 102.25 139.12 182.77 178.85
person 0.551125 128.94 59.59 147.20 98.98
person 0.551097 13.33 120.04 75.63 172.92
person 0.549937 70.83 127.16 121.71 183.49
person 0.549372 0.18 124.76 13.78 173.10
person 0.549014 60.74 107.18 83.82 171.39
person 0.548979 136.79 110.54 172.30 156.33
person 0.548720 0.00 103.89 11.69 155.18
car 0.548138 10.41 154.99 88.83 202.48
motorbike 0.547434 80.05 127.68 152.18 193.79
person 0.547209 54.97 71.07 68.15 102.35
person 0.546957 43.80 113.98 109.33 180.00
person 0.546947 46.82 116.14 80.14 172.46
person 0.546849 89.64 116.40 145.76 178.54
person 0.546405 145.01 104.73 186.82 145.08
person 0.546286 60.39 70.32 73.34 103.09
person 0.546096 113.25 63.23 139.35 103.36
person 0.546005 67.40 140.13 126.61 194.32
person 0.545865 97.53 70.19 128.19 102.87
horse 0.545847 113.43 119.88 168.47 162.17
person 0.545816 141.05 74.58 152.66 113.74
car 0.545613 94.00 136.88 207.71 183.77
person 0.545026 3.96 107.97 18.10 152.55
person 0.543931 218.67 106.03 224.00 147.86
person 0.543644 78.27 135.36 138.10 185.13
car 0.543538 47.14 164.36 130.58 208.62
motorbike 0.542848 98.03 122.77 155.62 164.29
cow 0.542767 110.02 158.59 171.03 195.62
motorbike 0.542469 89.60 129.21 161.49 174.83
person 0.542255 19.64 67.58 35.39 95.09
person 0.542230 12.00 66.96 28.10 96.07
horse 0.542151 139.02 106.36 184.32 149.25
person 0.542144 36.91 120.19 71.75 174.04
person 0.541570 68.40 105.94 96.84 169.26
person 0.541315 130.85 71.31 148.17 111.16
horse 0.540619 120.71 111.57 175.36 158.12
person 0.540539 216.45 114.67 224.00 153.43
person 0.540249 142.98 105.12 170.43 147.73
person 0.539936 61.32 101.11 115.57 174.07
person 0.539810 97.00 131.31 216.35 181.23
person 0.539758 182.67 41.37 203.20 93.86
person 0.539629 142.17 88.99 157.28 130.54
person 0.539447 218.30 92.63 224.00 132.47
person 0.539360 5.80 67.15 23.22 97.56
motorbike 0.538654 59.56 157.90 133.63 208.15
person 0.538443 45.43 72.53 61.25 101.51
person 0.538217 157.91 102.28 192.87 133.94
person 0.538121 118.87 70.83 140.10 110.92
person 0.538067 27.73 67.91 45.64 94.99
person 0.538059 162.94 100.54 195.81 126.87
person 0.537922 143.63 68.70 156.39 106.28
person 0.537672 184.86 94.67 200.63 121.85
person 0.537531 56.51 102.44 77.16 166.41
person 0.537465 0.00 65.67 13.27 103.69
person 0.537362 131.46 115.68 161.75 155.50
chair 0.537333 92.88 72.37 123.15 104.22
person 0.537266 99.52 75.63 122.75 111.65
person 0.537129 80.49 107.36 123.49 168.56
person 0.537054 98.05 97.75 124.21 157.77
person 0.536919 53.95 74.20 68.32 121.49
person 0.536798 184.63 27.05 201.39 81.27
person 0.536730 144.91 78.55 158.67 116.04
motorbike 0.536575 80.08 164.12 155.77 209.55
person 0.536574 145.67 93.32 164.64 133.01
car 0.536495 43.47 135.09 115.94 181.99
person 0.536371 106.36 115.05 144.41 162.73
person 0.536350 0.00 86.86 10.63 138.29
car 0.536290 49.49 203.71 111.31 224.00
person 0.535919 217.56 82.26 224.00 123.69
person 0.535793 110.44 71.60 133.05 110.33
person 0.535774 142.32 60.10 156.00 96.33
person 0.535650 217.11 43.47 224.00 94.84
person 0.535269 132.12 85.34 150.79 129.86
person 0.535060 177.43 90.70 200.77 120.29
car 0.535054 34.19 143.46 175.15 224.00
person 0.535021 36.81 72.25 53.37 100.24
person 0.534963 60.06 72.78 73.10 123.40
car 0.534881 42.28 172.08 135.99 224.00
person 0.534679 105.34 72.72 126.26 109.90
person 0.534674 174.43 97.94 198.61 125.17
person 0.534448 64.13 70.81 79.06 103.76
person 0.534257 0.00 181.76 11.39 222.21
person 0.534167 132.28 103.23 156.30 146.89
person 0.534055 64.45 89.73 81.83 156.15
person 0.533992 0.00 196.21 15.60 224.00
sofa 0.533987 94.10 82.61 217.45 144.13
person 0.533842 35.46 124.04 97.82 184.13
horse 0.533820 149.03 106.04 190.92 142.67
person 0.533715 122.94 114.57 153.92 157.62
person 0.533333 220.00 27.50 224.00 80.06
person 0.533210 0.00 0.00 99.14 115.21
person 0.533107 139.22 47.73 150.49 86.55
aeroplane 0.533021 27.57 24.34 64.37 66.38
person 0.532944 59.27 88.54 76.05 152.94
person 0.532938 216.28 61.01 224.00 107.94
person 0.532876 151.99 99.54 185.21 136.46
person 0.532818 88.18 140.89 197.25 193.38
person 0.532631 184.85 21.20 197.77 68.46
person 0.532540 0.00 74.00 11.38 120.07
sofa 0.532437 91.32 97.84 216.18 161.57
diningtable 0.532383 38.69 151.29 194.59 224.00
person 0.532353 142.23 19.18 152.01 51.25
person 0.532230 42.66 77.21 61.16 120.16
person 0.531885 163.81 59.38 199.81 92.28
person 0.531872 43.69 104.66 70.66 165.90
horse 0.531687 137.45 119.30 179.24 160.65
person 0.531684 189.22 102.07 204.18 130.35
person 0.531470 29.29 74.82 45.63 103.61
person 0.531438 121.20 82.50 143.56 132.02
person 0.531182 10.57 107.23 31.30 150.59
car 0.530964 192.49 0.00 224.00 53.27
person 0.530911 20.12 114.87 54.83 164.08
motorbike 0.530788 47.03 133.25 120.82 196.59
car 0.530711 46.97 187.91 116.43 224.00
person 0.530710 31.99 106.95 64.02 164.71
motorbike 0.530682 97.05 159.49 177.33 199.20
cow 0.530632 0.00 189.57 12.29 224.00
person 0.530613 71.18 92.66 98.19 157.50
person 0.530469 122.48 100.89 149.27 149.58
person 0.530443 0.00 146.48 10.83 196.15
person 0.530334 153.29 88.08 183.66 122.84
person 0.530257 82.06 95.20 115.34 156.67
motorbike 0.530251 48.79 165.73 140.46 224.00
sofa 0.530251 87.28 115.46 214.35 172.49
person 0.530157 161.64 82.43 196.78 114.50
person 0.530157 193.88 178.50 224.00 224.00
car 0.530091 210.59 0.00 224.00 22.37
car 0.529770 0.00 126.52 133.29 224.00
person 0.529763 152.73 60.14 184.89 93.92
horse 0.529636 113.98 155.55 168.63 190.60
person 0.529618 197.00 105.15 209.17 134.95
person 0.529533 99.08 84.74 122.02 136.70
person 0.529520 49.64 87.88 70.69 148.33
tvmonitor 0.529512 0.00 0.00 21.69 24.63
person 0.529500 146.97 18.66 158.58 54.24
person 0.529373 220.00 16.82 224.00 61.17
dog 0.529315 220.00 157.23 224.00 198.60
person 0.529243 39.40 85.92 105.30 166.21
person 0.529180 110.13 98.99 137.46 153.66
cow 0.529177 0.91 199.43 23.65 224.00
car 0.529138 187.46 105.92 224.00 185.07
person 0.529020 162.67 69.89 198.93 102.74
diningtable 0.529014 89.82 64.53 132.17 100.95
person 0.528901 209.80 206.38 224.00 224.00
person 0.528795 6.89 90.26 18.86 133.47
motorbike 0.528790 87.12 182.19 150.83 218.55
diningtable 0.528687 107.83 84.42 224.00 139.03
person 0.528631 153.33 76.08 183.17 111.22
person 0.528624 195.53 99.89 207.17 128.55
person 0.528468 172.63 48.76 198.97 88.07
person 0.528434 176.20 79.69 202.02 114.41
car 0.528413 18.35 143.47 79.46 195.50
person 0.528200 31.54 84.35 54.70 128.99
person 0.528185 86.65 73.86 119.34 106.54
person 0.528152 0.00 159.82 10.35 207.59
person 0.528072 34.57 79.06 53.43 117.89
person 0.528028 64.24 73.96 78.88 126.73
person 0.528007 193.37 95.19 205.89 123.03
chair 0.527810 72.14 71.77 93.72 102.58
boat 0.527788 29.71 36.77 59.21 76.94
car 0.527748 18.74 143.88 103.48 205.61
person 0.527745 198.24 111.36 210.65 139.40
car 0.527724 32.60 122.99 108.29 170.85
dog 0.527709 190.71 116.36 224.00 199.92
motorbike 0.527635 79.23 162.55 184.95 224.00
diningtable 0.527587 104.53 118.68 224.00 173.79
person 0.527570 57.58 63.22 73.97 96.51
aeroplane 0.527501 26.62 204.82 70.65 224.00
boat 0.527497 23.23 28.58 58.03 62.60
person 0.527456 36.03 88.95 63.60 144.79
car 0.527407 40.97 206.27 96.90 224.00
person 0.527320 176.44 64.15 202.86 105.09
horse 0.527263 86.59 137.71 201.37 194.47
person 0.527180 187.09 34.55 205.71 88.93
car 0.527169 182.79 82.93 224.00 157.81
motorbike 0.527134 31.08 206.11 81.97 224.00
person 0.526989 52.84 63.11 69.79 96.05
person 0.526986 15.60 104.67 42.83 148.12
person 0.526964 141.15 35.74 150.41 69.13
car 0.526954 186.61 55.55 224.00 127.98
person 0.526881 127.76 49.37 146.70 90.58
person 0.526867 209.79 111.28 217.03 144.49
diningtable 0.526829 108.30 99.90 224.00 160.15
person 0.526794 27.86 79.17 47.02 113.53
person 0.526792 110.97 82.12 133.91 134.11
car 0.526696 19.30 27.94 119.88 95.48
motorbike 0.526598 90.45 196.38 147.64 224.00
car 0.526472 0.00 0.00 61.58 58.93
car 0.526327 92.98 138.52 224.00 224.00
person 0.526312 28.99 92.84 57.80 143.71
person 0.526300 187.87 17.74 201.05 60.92
tvmonitor 0.526159 0.00 23.90 13.58 57.97
person 0.526084 191.39 87.92 206.03 118.64
horse 0.526083 112.74 142.33 167.83 178.97
person 0.526043 190.57 109.24 206.57 136.56
person 0.525884 176.03 39.75 196.47 83.89
person 0.525853 199.03 117.03 211.81 144.93
bus 0.525836 0.00 29.88 12.96 65.69
car 0.525810 18.46 129.04 75.84 180.50
diningtable 0.525784 55.74 159.97 154.14 223.95
person 0.525742 209.82 101.86 217.27 135.39
person 0.525720 152.69 19.74 170.57 59.86
person 0.525693 166.70 107.41 198.91 137.45
car 0.525636 2.38 105.63 39.82 174.71
person 0.525620 136.28 20.14 147.50 48.92
horse 0.525421 3.13 186.01 19.17 216.98
aeroplane 0.525383 18.02 203.98 54.16 224.00
person 0.525376 219.44 0.50 224.00 36.38
person 0.525357 84.38 85.71 113.78 139.62
person 0.525351 104.16 99.63 190.59 162.16
person 0.525291 7.89 76.19 20.38 112.61
person 0.525248 70.00 67.83 94.59 98.80
person 0.525239 178.17 31.04 194.18 76.01
person 0.525229 21.61 99.39 51.43 145.55
person 0.525218 95.03 167.13 194.27 224.00
person 0.525208 144.13 45.75 156.00 84.90
person 0.525179 21.77 0.00 141.40 109.11
person 0.525174 74.31 74.27 119.79 137.85
tvmonitor 0.525141 4.53 27.17 19.69 55.44
person 0.525135 24.51 87.85 48.87 128.73
person 0.525066 86.68 78.46 114.81 119.62
person 0.525065 11.85 202.91 40.49 224.00
person 0.525011 87.61 84.57 137.93 148.80
boat 0.525005 39.10 24.67 71.58 64.29
person 0.524999 216.36 126.04 224.00 166.28
person 0.524913 91.57 73.93 144.12 132.27
aeroplane 0.524874 32.36 18.15 68.86 60.48
car 0.524864 0.00 172.24 54.46 224.00
person 0.524838 34.88 62.18 55.61 93.09
person 0.524817 179.17 22.96 192.90 66.97
person 0.524775 20.98 77.71 39.14 109.87
cow 0.524756 133.63 207.32 181.40 224.00
horse 0.524754 154.29 121.27 188.00 157.28
tvmonitor 0.524748 53.04 16.15 76.71 43.17
car 0.524721 185.43 0.00 210.12 19.55
person 0.524713 73.04 74.50 94.31 111.11
car 0.524709 21.25 161.85 73.32 204.37
person 0.524697 170.04 24.60 185.05 66.77
horse 0.524634 139.72 131.91 176.72 167.43
horse 0.524588 171.09 162.32 187.83 188.43
boat 0.524490 23.73 39.25 51.33 74.49
bottle 0.524423 0.00 37.84 12.19 75.79
person 0.524408 207.72 95.13 217.32 128.18
sofa 0.524396 107.81 69.20 213.77 132.03
chair 0.524386 83.19 65.66 127.82 98.60
person 0.524351 2.01 93.57 39.59 167.78
person 0.524237 48.25 69.85 107.74 140.19
cow 0.524207 111.81 169.88 171.11 208.12
car 0.524191 0.00 12.22 59.04 95.30
cow 0.524174 148.89 210.42 190.13 224.00
person 0.524169 103.48 74.92 180.68 126.84
person 0.524158 44.14 63.02 63.70 93.75
bottle 0.524148 0.00 49.21 13.64 88.87
car 0.524055 215.16 0.00 224.00 27.54
tvmonitor 0.524044 4.46 20.54 20.12 46.52
cow 0.523892 125.28 173.59 206.65 224.00
tvmonitor 0.523872 73.63 27.03 100.63 48.72
tvmonitor 0.523837 61.18 18.70 83.06 41.88
motorbike 0.523811 62.41 199.07 128.04 224.00
aeroplane 0.523808 43.67 15.21 71.88 46.68
person 0.523783 80.23 150.37 187.26 211.92
horse 0.523779 178.09 157.82 198.14 182.99
cow 0.523715 180.22 163.66 197.20 189.06
dog 0.523689 218.33 168.97 224.00 207.48
cow 0.523682 188.62 163.16 205.01 190.92
diningtable 0.523574 83.50 27.61 110.08 49.94
cow 0.523562 118.92 202.29 171.58 224.00
car 0.523555 28.61 46.73 110.00 104.82
aeroplane 0.523519 25.19 167.55 73.29 209.52
person 0.523484 135.52 26.90 147.05 56.40
tvmonitor 0.523435 10.78 34.11 25.10 60.45
sheep 0.523425 165.76 179.07 224.00 224.00
person 0.523423 133.53 0.00 224.00 140.22
sheep 0.523385 195.19 210.67 224.00 224.00
tvmonitor 0.523327 71.71 21.09 97.98 42.80
cow 0.523322 187.60 155.95 206.77 184.45
person 0.523250 72.97 78.23 96.26 126.33
diningtable 0.523202 93.44 57.74 141.99 97.49
person 0.523171 94.37 67.10 148.98 116.27
tvmonitor 0.523170 51.96 21.57 76.06 52.05
tvmonitor 0.523167 5.32 41.48 19.34 74.29
tvmonitor 0.523154 62.09 24.67 82.14 49.44
car 0.522962 135.68 0.00 161.40 20.68
tvmonitor 0.522947 11.44 27.50 24.91 51.59
cow 0.522915 164.00 211.67 200.00 224.00
horse 0.522885 167.62 156.43 187.14 181.83
person 0.522802 146.60 32.77 156.35 69.51
person 0.522776 103.71 50.43 142.51 93.87
person 0.522774 205.58 85.41 217.25 120.86
sheep 0.522772 196.49 161.23 211.38 191.46
person 0.522697 19.06 90.23 41.77 129.52
person 0.522680 13.28 90.60 30.86 130.86
tvmonitor 0.522634 0.00 6.40 14.25 39.74
person 0.522564 13.92 76.56 28.91 109.34
person 0.522557 8.96 37.07 129.20 152.16
horse 0.522555 142.33 159.80 175.65 188.81
car 0.522523 188.83 31.14 224.00 115.49
person 0.522465 169.23 41.88 192.72 83.06
boat 0.522408 44.94 37.88 69.98 75.61
bottle 0.522386 5.58 53.98 21.11 88.34
person 0.522333 185.95 58.59 207.13 104.03
person 0.522243 156.09 31.15 172.22 71.90
person 0.522215 155.72 43.49 177.02 84.09
person 0.522189 207.77 120.07 217.66 151.81
person 0.522107 199.89 122.15 213.21 150.59
person 0.522091 47.58 156.45 188.34 224.00
person 0.522064 166.49 114.74 199.93 145.19
car 0.522061 10.14 173.95 89.77 224.00
person 0.522054 199.54 42.16 216.67 94.30
car 0.522013 141.03 0.00 169.28 19.49
bus 0.521975 35.98 68.06 99.61 141.17
person 0.521933 3.21 175.76 18.52 210.74
car 0.521930 82.92 109.08 208.71 167.05
car 0.521875 38.54 56.30 105.21 117.81
car 0.521868 16.63 0.00 104.37 56.01
person 0.521784 191.50 116.44 208.87 143.84
person 0.521717 75.44 65.40 124.70 117.08
diningtable 0.521685 99.96 39.68 134.77 64.49
person 0.521680 188.03 74.72 206.67 112.01
car 0.521543 13.26 1.77 119.13 77.71
diningtable 0.521436 101.02 31.82 131.49 54.66
boat 0.521408 16.95 32.41 42.92 58.91
car 0.521403 22.87 111.83 85.89 165.91
person 0.521362 219.21 138.10 224.00 181.97
tvmonitor 0.521339 10.82 43.27 24.99 73.18
diningtable 0.521327 111.13 71.47 217.94 122.22
boat 0.521254 57.28 39.59 75.49 72.08
person 0.521249 0.00 49.03 109.91 181.82
car 0.521247 192.18 0.00 214.83 18.85
boat 0.521235 108.59 0.00 169.15 44.17
person 0.521223 141.49 8.42 153.01 35.80
tvmonitor 0.521219 53.56 27.92 76.38 60.11
person 0.521168 58.53 53.30 73.78 84.43
car 0.521133 156.05 0.00 215.94 43.41
car 0.521044 110.81 63.29 216.22 129.21
car 0.521044 174.63 0.00 224.00 46.48
diningtable 0.521010 82.29 21.68 107.84 43.93
cow 0.521007 195.50 153.51 212.93 184.82
diningtable 0.520999 92.55 31.89 118.42 55.34
car 0.520965 157.81 0.00 187.74 17.28
boat 0.520954 91.42 0.00 153.39 44.65
person 0.520935 55.26 0.00 175.41 105.95
car 0.520899 169.94 0.00 198.63 18.55
diningtable 0.520871 84.28 32.48 112.68 54.85
person 0.520854 132.39 37.27 146.91 71.56
car 0.520851 147.87 0.00 177.80 18.23
horse 0.520792 140.42 144.69 175.60 175.69
person 0.520790 9.71 128.49 37.91 172.03
diningtable 0.520770 92.91 26.44 116.45 49.98
person 0.520728 0.01 57.32 45.09 137.87
car 0.520712 0.00 125.11 46.59 191.45
boat 0.520663 32.87 52.65 56.96 87.83
motorbike 0.520650 108.18 199.02 169.18 224.00
diningtable 0.520635 97.55 48.14 139.25 79.73
person 0.520612 3.62 136.51 17.72 178.03
cow 0.520602 170.86 212.54 210.13 224.00
tvmonitor 0.520566 12.32 20.34 24.82 42.53
car 0.520530 193.62 6.57 224.00 103.51
diningtable 0.520471 92.51 38.40 122.70 63.33
car 0.520437 31.85 167.69 101.85 206.73
cow 0.520314 170.71 167.14 187.33 195.03
boat 0.520289 50.48 53.24 69.15 86.11
car 0.520229 0.00 40.38 50.62 119.53
bus 0.520217 27.55 53.34 105.98 115.93
boat 0.520121 28.15 0.00 66.02 16.98
car 0.520049 127.53 0.00 154.27 20.29
tvmonitor 0.520047 2.76 9.41 21.13 36.38
sheep 0.520032 189.33 5.28 202.74 32.94
bottle 0.520023 11.43 55.02 26.27 86.88
cow 0.520005 115.58 187.24 168.67 224.00
boat 0.519923 62.25 0.00 136.20 47.77
motorbike 0.519892 56.32 184.59 132.18 221.81
person 0.519814 90.82 137.21 224.00 224.00
tvmonitor 0.519801 73.98 31.91 102.83 54.13
person 0.519770 1.00 92.62 121.08 211.17
person 0.519725 188.62 23.31 204.00 69.45
car 0.519722 111.48 0.00 142.26 16.23
boat 0.519718 17.18 42.85 38.17 72.23
cow 0.519705 142.67 164.68 176.90 195.08
aeroplane 0.519695 52.34 6.23 78.22 31.94
sheep 0.519678 186.57 0.00 205.83 22.65
tvmonitor 0.519623 63.06 30.77 81.95 56.71
person 0.519619 96.90 0.00 207.20 109.85
boat 0.519609 33.71 0.00 118.69 51.29
car 0.519597 138.76 33.36 224.00 150.88
person 0.519540 4.53 164.05 18.42 202.44
person 0.519503 169.03 124.15 199.92 152.89
boat 0.519452 25.52 53.81 47.80 87.12
person 0.519434 201.41 72.19 216.70 112.87
horse 0.519430 159.35 133.45 186.24 165.18
person 0.519408 4.35 150.27 18.81 190.33
car 0.519399 200.70 0.00 222.99 19.71
person 0.519380 45.15 58.32 152.29 149.76
diningtable 0.519351 92.00 46.62 128.17 76.76
dog 0.519333 218.59 179.47 224.00 217.60
person 0.519323 122.43 21.60 142.68 48.79
tvmonitor 0.519303 5.63 0.00 38.16 19.21
diningtable 0.519279 102.27 26.00 129.35 48.70
dog 0.519278 197.57 166.83 211.51 195.51
boat 0.519258 41.08 0.00 81.01 16.29
car 0.519249 117.13 69.91 224.00 175.84
boat 0.519194 17.96 25.65 44.27 51.14
person 0.519179 192.02 123.84 209.94 151.40
boat 0.519151 13.99 0.00 47.12 17.99
sheep 0.519116 189.40 168.73 204.39 195.23
boat 0.519101 57.45 0.00 96.74 15.85
person 0.518975 197.37 59.02 215.89 105.49
boat 0.518910 42.00 53.12 64.39 87.08
car 0.518892 118.28 0.00 148.31 18.06
car 0.518815 125.19 0.00 185.29 44.58
horse 0.518782 163.67 145.74 186.27 174.22
car 0.518755 102.01 101.88 224.00 200.72
sheep 0.518652 215.36 195.81 224.00 224.00
diningtable 0.518613 82.15 57.54 126.50 92.24
aeroplane 0.518598 20.06 191.83 54.54 223.48
aeroplane 0.518461 45.95 4.69 72.61 32.02
tvmonitor 0.518417 58.13 7.48 84.11 32.20
horse 0.518286 175.20 147.42 199.13 174.32
person 0.518242 203.60 35.24 217.45 88.51
person 0.518171 109.61 31.91 139.04 59.20
person 0.518143 22.81 102.17 86.46 162.85
tvmonitor 0.518140 64.66 40.74 80.88 68.70
person 0.518118 144.94 7.87 158.45 37.13
aeroplane 0.518108 14.41 184.06 40.94 213.51
aeroplane 0.518078 20.60 177.36 57.73 211.51
dog 0.518062 207.51 158.48 219.62 193.67
car 0.518030 125.46 0.00 224.00 128.27
aeroplane 0.518023 27.38 188.36 69.34 224.00
chair 0.517985 112.58 23.97 137.82 49.97
person 0.517944 125.98 15.50 143.28 41.07
person 0.517927 135.28 8.73 147.96 33.40
car 0.517918 0.00 140.93 49.55 209.09
aeroplane 0.517913 13.57 194.48 38.92 222.12
diningtable 0.517906 93.08 20.36 114.29 43.21
person 0.517780 105.44 42.03 140.68 75.50
boat 0.517769 74.41 0.00 111.16 15.10
aeroplane 0.517754 27.21 18.30 58.35 44.38
horse 0.517726 188.50 144.74 208.65 174.30
person 0.517717 18.52 55.41 35.54 86.01
car 0.517685 100.23 88.55 204.07 152.87
aeroplane 0.517455 67.38 7.67 94.79 32.45
tvmonitor 0.517354 12.62 8.99 26.51 32.87
sheep 0.517053 195.00 6.25 204.74 30.60
tvmonitor 0.517004 73.92 39.89 103.05 64.54
tvmonitor 0.517003 63.20 53.13 78.28 82.49
cow 0.516819 120.74 165.53 173.92 199.45
person 0.516808 71.53 62.29 175.76 140.81
person 0.516795 14.96 173.79 44.95 206.94
boat 0.516776 84.83 0.00 119.47 15.14
horse 0.516684 172.30 135.35 199.11 163.08
person 0.516519 27.18 108.01 151.04 207.12
chair 0.516501 115.32 17.29 137.44 41.55
diningtable 0.516430 109.56 19.44 132.44 41.62
boat 0.516378 20.37 19.32 40.84 41.23
horse 0.516252 199.61 129.30 213.57 158.80
person 0.516167 18.72 67.87 139.49 183.91
sheep 0.516159 192.95 0.00 209.46 22.31
motorbike 0.516112 105.06 184.75 169.87 221.87
horse 0.516083 191.01 132.86 209.50 161.58
person 0.516009 16.05 164.33 48.34 199.80
aeroplane 0.515869 35.62 3.22 64.13 30.41
person 0.515723 129.82 0.00 150.36 25.34
person 0.515717 168.18 17.36 183.61 57.53
horse 0.515699 196.79 141.30 213.24 173.34
car 0.515629 15.47 153.37 50.15 191.33
aeroplane 0.515596 78.64 7.69 105.05 32.26
horse 0.515510 123.50 121.96 211.72 186.73
car 0.515488 103.16 8.20 200.61 112.89
boat 0.515428 47.56 0.00 85.91 22.71
boat 0.515285 96.39 0.00 131.52 15.29
horse 0.515274 208.53 127.38 217.67 160.33
cow 0.515148 207.72 23.12 217.15 70.66
tvmonitor 0.515017 71.97 50.76 100.00 78.82
aeroplane 0.514807 39.99 0.00 78.57 21.25
person 0.514536 52.26 86.73 160.32 180.42
person 0.514531 126.47 7.52 143.12 30.48
car 0.514422 13.15 140.77 46.54 182.21
sheep 0.514383 197.42 171.99 211.90 199.74
aeroplane 0.514344 28.57 4.72 53.39 28.46
aeroplane 0.514313 21.29 7.21 37.98 29.00
sheep 0.514250 206.90 4.67 214.39 32.10
person 0.514218 180.00 14.58 193.48 56.44
aeroplane 0.514176 29.66 0.00 67.18 19.29
person 0.514120 105.46 56.00 169.61 105.13
diningtable 0.514070 117.69 7.07 137.71 29.19
person 0.514034 59.93 123.22 177.36 202.55
person 0.514019 193.30 14.76 204.00 46.08
horse 0.514011 141.10 128.39 214.61 200.52
person 0.513899 91.03 56.00 147.09 104.41
cow 0.513782 180.53 175.01 195.22 200.48
sheep 0.513600 149.96 6.67 167.30 39.06
diningtable 0.513546 92.43 8.36 113.39 30.81
cow 0.513517 167.39 171.74 186.51 200.91
sheep 0.513479 155.46 151.52 218.95 224.00
sheep 0.513431 146.61 0.00 172.31 24.04
boat 0.513367 50.81 0.99 133.38 65.68
sheep 0.513365 113.49 150.19 200.47 220.48
dog 0.513335 208.15 170.46 219.19 201.41
sheep 0.513241 195.68 183.82 214.83 213.06
sheep 0.513166 207.89 19.08 215.75 59.71
sheep 0.513145 120.88 0.00 145.56 22.33
sheep 0.513016 207.75 13.58 213.93 45.98
sheep 0.513015 114.07 0.00 140.27 19.80
sheep 0.512919 159.34 0.00 184.79 21.83
diningtable 0.512845 85.44 113.33 205.32 201.32
sheep 0.512816 202.62 0.00 218.32 24.11
diningtable 0.512757 111.27 8.81 132.18 28.29
sheep 0.512586 164.91 4.63 181.70 38.78
aeroplane 0.512401 179.25 183.72 197.64 213.44
person 0.512384 114.28 56.00 200.91 109.70
sheep 0.512349 175.17 0.00 197.98 23.39
car 0.512256 64.21 56.00 131.28 103.18
horse 0.512040 208.39 140.12 218.23 177.22
aeroplane 0.512018 164.07 179.29 188.27 213.42
aeroplane 0.511921 186.26 184.79 206.26 213.14
aeroplane 0.511761 105.92 40.00 160.18 93.34
car 0.511744 137.18 45.36 211.58 119.26
boat 0.511711 107.17 0.00 163.94 68.40
aeroplane 0.511647 88.08 40.00 144.28 92.06
cow 0.511642 141.46 192.93 185.37 224.00
car 0.511559 52.09 40.00 131.24 91.61
sheep 0.511523 200.64 201.16 223.00 224.00
aeroplane 0.511475 129.86 33.58 195.76 100.25
cow 0.511465 163.34 199.26 194.22 224.00
sheep 0.511424 188.75 204.93 219.43 224.00
sheep 0.511423 180.00 4.62 195.32 38.52
cow 0.511358 174.50 203.27 203.76 224.00
sheep 0.511248 107.35 0.00 134.54 18.16
sheep 0.511056 206.47 181.82 220.44 213.61
sheep 0.510911 179.93 205.60 211.15 224.00
cow 0.510801 135.76 173.35 179.48 210.70
aeroplane 0.510679 118.91 39.78 181.70 94.96
aeroplane 0.510662 152.54 0.00 210.55 71.62
car 0.510523 172.04 0.00 223.50 75.90
car 0.509969 159.69 17.46 213.63 104.11
aeroplane 0.509891 136.82 0.00 197.41 69.84
boat 0.509505 122.18 0.00 179.31 69.21
