tvmonitor 0.622100 21.91 61.50 203.91 224.00
pottedplant 0.595247 37.23 71.50 133.92 159.53
cat 0.584170 11.13 69.56 162.45 211.76
pottedplant 0.578838 30.71 91.46 125.25 184.83
pottedplant 0.565880 44.63 112.15 115.70 188.43
pottedplant 0.563445 7.86 61.57 172.05 224.00
pottedplant 0.562523 53.15 81.49 129.36 144.23
cat 0.562021 47.13 114.10 109.61 192.37
bird 0.561645 47.71 109.68 112.60 192.58
person 0.557926 61.96 68.34 133.34 159.06
pottedplant 0.555089 0.13 61.70 105.46 224.00
chair 0.553100 90.97 68.54 161.47 150.85
pottedplant 0.552227 51.31 96.48 121.91 168.50
cat 0.551053 51.64 130.29 98.14 194.19
bottle 0.550768 101.00 68.32 164.42 148.77
pottedplant 0.550376 62.27 122.41 117.10 180.73
tvmonitor 0.548957 42.79 74.70 182.31 198.61
bottle 0.548532 81.20 133.48 119.33 177.73
pottedplant 0.546110 0.00 58.44 65.48 214.66
bottle 0.545098 122.57 136.31 160.63 193.21
sheep 0.544993 10.82 70.90 156.80 209.54
bottle 0.544114 18.27 65.36 183.30 204.07
person 0.543208 80.79 73.72 150.59 147.76
cat 0.543149 25.12 136.97 69.21 204.49
bottle 0.542753 65.28 99.87 120.18 174.71
bottle 0.542127 110.59 81.12 154.90 153.92
bottle 0.541908 76.77 84.07 124.68 165.06
bottle 0.541815 97.34 139.29 122.99 176.79
chair 0.541228 80.61 77.67 137.05 157.52
car 0.539680 157.47 0.00 224.00 57.37
bottle 0.539075 183.24 81.34 207.83 130.11
cat 0.538577 34.59 134.45 83.71 201.47
bottle 0.537843 145.05 0.00 217.63 41.82
bus 0.537566 150.90 0.00 224.00 50.15
bird 0.537415 29.38 116.26 70.58 155.69
car 0.537405 208.66 82.98 224.00 138.91
tvmonitor 0.536651 77.76 62.93 200.72 192.77
bottle 0.536475 176.63 74.03 205.02 109.54
sheep 0.536465 109.86 73.84 165.02 148.92
bottle 0.536374 119.77 94.29 152.49 163.39
tvmonitor 0.536031 29.21 20.34 224.00 188.26
pottedplant 0.535861 59.39 81.10 116.04 131.59
tvmonitor 0.535837 183.38 73.89 224.00 190.69
bottle 0.535654 106.70 92.14 144.39 163.53
boat 0.535412 0.00 96.84 12.16 154.12
bottle 0.535090 171.28 12.34 221.73 39.44
bottle 0.534967 209.72 206.26 224.00 224.00
bird 0.534904 0.00 98.83 18.20 153.88
sheep 0.534642 165.86 175.25 206.88 207.84
bottle 0.534147 0.00 41.11 40.73 179.33
bottle 0.534076 0.00 145.34 22.35 202.24
cat 0.534040 25.77 117.25 173.53 224.00
bottle 0.533875 121.84 110.03 153.88 180.37
bird 0.533716 56.78 130.64 109.10 185.49
bottle 0.533531 0.00 60.92 11.17 102.02
tvmonitor 0.533078 208.32 83.11 224.00 142.68
bird 0.532910 36.87 110.64 93.64 158.60
bottle 0.532228 102.02 140.09 132.91 177.94
bottle 0.532164 0.00 209.25 30.89 224.00
bottle 0.532070 0.00 151.26 13.00 205.96
sheep 0.531940 41.54 168.33 97.38 223.24
bottle 0.531919 113.25 128.54 152.04 181.99
sheep 0.531840 174.52 150.92 209.05 186.76
bottle 0.531775 0.00 64.64 19.98 98.26
sheep 0.531686 29.26 149.62 71.79 211.61
bottle 0.531251 71.95 0.00 155.18 30.85
bottle 0.531196 18.71 139.80 54.87 202.14
bottle 0.531178 0.00 107.30 12.72 162.33
tvmonitor 0.531107 132.57 65.36 213.35 187.73
boat 0.531058 15.44 0.00 224.00 186.20
bottle 0.530658 32.67 19.48 68.81 63.07
bottle 0.530413 0.00 68.33 10.86 117.29
sheep 0.530410 45.14 158.47 91.43 213.79
bottle 0.530402 110.88 108.78 145.97 177.48
bird 0.530288 26.96 123.33 70.93 175.22
bottle 0.530156 64.42 73.95 196.10 180.33
bottle 0.530027 35.92 79.06 55.20 105.01
pottedplant 0.529968 0.00 0.00 152.01 184.32
bottle 0.529860 74.11 76.57 131.50 140.52
bottle 0.529807 93.19 147.30 119.78 180.26
bottle 0.529753 88.36 75.39 145.15 140.20
bottle 0.529725 121.91 76.95 171.13 136.17
sheep 0.529585 127.55 97.71 161.30 163.67
bottle 0.529401 0.00 81.28 11.19 139.45
bottle 0.529354 171.97 18.09 211.15 54.34
bottle 0.529219 111.50 0.00 195.52 31.07
sheep 0.529187 55.81 174.76 111.52 223.79
tvmonitor 0.529164 178.15 49.17 224.00 165.96
tvmonitor 0.529134 208.70 134.42 224.00 179.68
tvmonitor 0.529023 192.23 81.05 219.09 137.70
bird 0.528972 32.75 120.26 88.98 178.26
chair 0.528699 182.79 168.32 224.00 224.00
bottle 0.528683 0.00 92.89 17.48 149.96
chair 0.528610 178.65 101.13 224.00 200.37
bottle 0.528524 0.00 48.51 66.82 186.84
tvmonitor 0.528424 184.92 79.13 209.73 137.87
bottle 0.528373 206.78 0.00 224.00 24.99
bottle 0.528346 0.00 72.44 18.04 114.96
bird 0.528339 4.97 106.67 26.53 152.93
bottle 0.528333 129.95 140.73 171.13 190.86
sheep 0.528184 51.65 148.25 88.66 204.15
car 0.528101 0.00 0.00 42.57 46.55
bottle 0.528076 171.76 0.00 215.19 24.55
cat 0.528014 167.80 177.17 206.97 205.54
pottedplant 0.527945 173.55 141.72 209.36 182.89
bottle 0.527844 54.96 0.00 115.12 20.22
bottle 0.527735 0.00 31.95 19.64 59.38
bottle 0.527703 43.81 80.04 72.80 109.52
bottle 0.527495 165.29 198.29 209.65 224.00
bus 0.527461 47.81 0.00 224.00 174.54
sheep 0.527419 167.20 156.66 207.37 194.25
bird 0.527418 17.39 89.36 152.20 210.26
sheep 0.527379 211.05 157.65 224.00 197.17
bottle 0.527353 0.00 29.08 10.63 64.09
bottle 0.527293 170.13 114.09 212.58 167.20
tvmonitor 0.527229 210.54 103.90 224.00 156.95
tvmonitor 0.527221 209.35 116.88 224.00 167.53
pottedplant 0.527178 0.00 143.67 54.25 224.00
sheep 0.527147 213.08 165.97 224.00 202.93
bottle 0.527127 46.87 0.00 133.53 29.71
bottle 0.527108 174.46 68.11 202.69 97.99
sheep 0.526995 208.14 141.79 224.00 186.00
bottle 0.526958 182.42 102.79 208.53 154.20
bottle 0.526747 0.00 126.40 13.40 183.71
pottedplant 0.526659 176.47 129.57 212.31 177.68
bottle 0.526572 190.75 205.88 223.77 224.00
bird 0.526536 49.57 208.47 91.66 224.00
bottle 0.526512 0.00 0.00 19.77 23.48
bottle 0.526451 35.02 41.03 171.08 158.79
cat 0.526020 48.26 148.65 87.42 206.65
pottedplant 0.526002 181.37 89.64 208.22 130.88
bottle 0.525866 169.75 0.00 222.84 36.99
bird 0.525416 64.72 208.30 107.13 224.00
bottle 0.525413 0.00 16.86 30.00 135.09
sheep 0.525357 29.18 170.89 73.60 218.60
bottle 0.525341 56.00 81.01 101.43 120.70
pottedplant 0.525284 62.58 71.80 114.71 119.20
bottle 0.525184 0.00 111.28 19.95 168.05
bottle 0.525180 176.41 129.70 209.87 180.17
bottle 0.525080 0.57 37.96 18.76 66.11
bottle 0.525076 114.75 20.64 131.07 39.51
cat 0.525066 172.10 152.27 212.93 182.44
bottle 0.524981 32.94 209.38 76.84 224.00
bottle 0.524972 30.40 0.00 112.76 32.74
bottle 0.524860 0.00 123.66 21.06 182.09
bottle 0.524807 60.97 73.19 116.16 119.72
bottle 0.524807 108.71 26.28 124.27 44.66
bottle 0.524801 106.56 17.87 124.37 38.30
pottedplant 0.524789 175.76 86.56 205.98 120.80
bottle 0.524723 30.44 78.74 50.86 102.69
sheep 0.524723 127.83 91.32 169.67 147.17
bottle 0.524613 115.54 27.83 130.21 45.29
bottle 0.524607 7.13 71.95 27.27 100.91
sheep 0.524577 42.23 185.92 89.12 224.00
tvmonitor 0.524516 158.89 0.00 224.00 137.08
bottle 0.524463 0.00 43.14 10.50 82.07
bottle 0.524431 145.91 64.13 169.20 97.30
chair 0.524328 76.53 91.74 224.00 224.00
bottle 0.524288 0.00 46.92 18.38 79.15
bird 0.524277 26.34 111.01 62.37 149.13
bottle 0.524266 147.09 28.62 162.16 47.49
bottle 0.524228 93.85 106.62 129.82 175.98
bottle 0.524156 140.74 0.00 214.71 104.18
bottle 0.524113 16.70 0.00 90.57 35.31
bottle 0.524101 28.71 4.29 154.98 113.61
bird 0.524053 52.80 148.18 90.21 201.06
bird 0.524001 81.51 208.86 122.32 224.00
car 0.523958 210.69 73.85 224.00 120.01
bottle 0.523902 0.00 175.57 22.93 218.72
bottle 0.523865 18.07 210.08 60.44 224.00
sheep 0.523831 55.07 190.55 104.53 224.00
bottle 0.523828 0.00 176.86 13.54 222.91
bottle 0.523817 10.04 211.14 47.65 224.00
bottle 0.523791 210.63 4.89 224.00 48.72
tvmonitor 0.523721 0.00 115.99 62.25 224.00
bottle 0.523685 0.00 15.65 9.48 52.51
bottle 0.523627 148.25 82.36 181.92 126.99
bottle 0.523500 8.36 142.29 35.79 201.37
bottle 0.523476 138.05 62.38 164.56 100.51
bottle 0.523456 141.17 29.51 156.20 46.64
bottle 0.523344 5.57 66.21 26.29 93.61
bottle 0.523308 42.45 27.53 77.34 68.11
bottle 0.523177 108.53 71.46 152.64 128.53
bottle 0.523144 0.00 19.17 19.25 48.70
sheep 0.523096 131.36 114.25 167.52 178.58
bird 0.523091 97.34 210.25 137.40 224.00
bottle 0.523085 213.25 16.18 224.00 63.21
bottle 0.523056 102.99 4.97 124.60 30.28
bottle 0.522974 35.94 65.88 55.80 93.98
bottle 0.522934 53.45 25.47 87.99 60.60
bottle 0.522875 165.90 86.27 194.35 122.72
bottle 0.522851 148.24 33.39 162.12 50.98
pottedplant 0.522803 0.00 133.74 81.88 224.00
bottle 0.522800 50.20 0.00 97.11 16.36
bird 0.522783 30.58 83.48 51.40 108.20
cat 0.522783 59.56 140.30 184.75 224.00
bottle 0.522733 0.00 195.20 16.72 224.00
pottedplant 0.522677 166.08 93.48 196.36 131.51
sheep 0.522672 78.20 184.59 125.10 221.75
bird 0.522661 19.68 111.68 49.58 148.36
bottle 0.522640 162.45 105.96 203.86 155.54
bottle 0.522618 176.27 34.06 205.34 68.25
bottle 0.522606 0.00 0.00 69.05 39.01
bottle 0.522583 173.79 99.39 206.42 139.00
car 0.522576 213.47 64.38 224.00 106.67
bottle 0.522559 122.98 23.51 141.14 39.26
bottle 0.522439 139.46 23.46 155.52 43.08
bottle 0.522387 112.39 7.92 131.53 31.79
bottle 0.522380 20.99 79.26 40.93 104.10
bottle 0.522358 105.79 210.60 145.08 224.00
bird 0.522249 33.08 102.89 61.83 137.84
bottle 0.522179 36.13 35.13 65.76 73.25
bottle 0.522174 138.95 71.57 169.99 121.54
bottle 0.522141 97.56 0.00 132.18 16.22
bottle 0.522136 122.24 210.63 161.20 224.00
bottle 0.522058 213.45 198.87 224.00 224.00
bottle 0.522045 7.31 80.95 26.95 120.01
bottle 0.521990 165.59 99.96 199.56 141.11
bottle 0.521984 153.60 67.09 177.25 94.36
bottle 0.521951 109.93 32.67 123.36 49.11
sheep 0.521933 170.89 143.84 213.50 178.64
bottle 0.521872 42.72 68.26 68.29 97.50
bottle 0.521807 120.82 69.03 160.31 123.33
pottedplant 0.521768 119.03 164.37 207.04 224.00
bird 0.521711 35.12 91.54 57.78 119.15
bottle 0.521691 126.45 62.57 157.84 105.82
bottle 0.521685 106.89 0.00 139.97 15.35
bottle 0.521677 215.81 25.53 224.00 71.15
bottle 0.521656 144.53 68.60 169.61 109.05
bottle 0.521593 124.72 29.76 140.98 43.90
bottle 0.521544 10.18 32.51 26.83 55.48
bottle 0.521525 34.94 53.72 57.23 83.51
bottle 0.521471 113.94 63.33 147.91 110.93
bottle 0.521453 20.07 74.25 39.96 97.74
bottle 0.521438 132.00 24.19 150.20 41.16
bottle 0.521430 215.40 185.40 224.00 217.01
bottle 0.521423 179.98 74.10 211.51 119.93
sheep 0.521297 156.88 128.09 206.69 175.99
bottle 0.521285 84.15 0.00 123.49 17.68
dog 0.521256 215.77 53.05 224.00 92.79
bottle 0.521251 175.24 50.94 202.14 83.50
bottle 0.521186 74.59 68.03 118.42 112.15
bottle 0.521118 40.65 14.21 79.45 58.65
bottle 0.521099 153.10 74.16 177.97 111.70
bottle 0.520959 26.93 0.00 63.38 14.59
bottle 0.520949 192.73 82.10 222.03 134.10
bottle 0.520886 134.32 30.23 150.54 44.52
bottle 0.520880 71.87 37.46 99.50 65.89
bottle 0.520874 70.12 29.46 98.84 55.27
bottle 0.520823 167.84 75.43 196.20 105.61
bottle 0.520792 0.00 0.00 29.71 18.77
chair 0.520749 151.95 168.48 218.55 224.00
tvmonitor 0.520745 183.19 100.73 209.15 154.26
cat 0.520712 171.23 163.86 211.58 195.84
bottle 0.520689 37.52 0.00 144.08 53.24
pottedplant 0.520663 14.41 124.81 116.67 224.00
bottle 0.520633 0.00 23.39 65.04 139.48
bottle 0.520615 146.20 22.45 160.87 42.72
bottle 0.520518 30.54 66.12 49.97 91.30
bottle 0.520441 30.08 187.13 78.02 224.00
bottle 0.520419 40.29 53.76 65.85 85.51
bottle 0.520320 139.40 209.65 181.46 224.00
bottle 0.520294 157.31 8.97 213.79 40.95
bottle 0.520286 115.93 0.00 148.48 14.55
bottle 0.520269 216.89 38.45 224.00 81.16
bottle 0.520251 0.00 0.00 36.39 75.62
bottle 0.520123 0.00 1.86 9.54 43.46
bottle 0.520116 8.28 27.21 27.46 50.56
bottle 0.520110 1.18 159.56 26.74 209.23
sheep 0.520104 20.05 159.28 61.19 209.97
bottle 0.520058 149.48 38.79 163.60 60.67
bottle 0.520040 96.51 72.95 138.09 128.60
bottle 0.519995 124.15 0.00 156.68 14.45
bottle 0.519898 16.00 57.01 106.55 185.15
bottle 0.519829 18.40 67.67 38.27 91.15
bottle 0.519776 82.54 73.72 125.41 127.93
bottle 0.519747 116.85 33.34 128.56 49.07
sheep 0.519740 73.06 196.97 118.68 224.00
bottle 0.519717 152.24 60.55 176.79 88.63
bird 0.519525 21.22 83.78 42.70 111.70
bottle 0.519443 180.15 66.88 210.21 105.35
bottle 0.519377 147.86 48.18 166.44 79.00
bottle 0.519377 126.26 8.13 213.60 145.26
bottle 0.519356 149.13 96.58 184.28 142.05
bottle 0.519331 90.06 65.38 122.87 110.30
bottle 0.519317 6.63 88.82 25.81 133.60
bottle 0.519256 126.58 186.77 156.13 221.32
bottle 0.519230 70.20 99.48 191.43 204.59
bottle 0.519168 155.62 25.24 177.59 45.95
bottle 0.519100 143.00 33.78 156.42 48.91
bottle 0.519049 102.30 64.27 133.87 111.14
bottle 0.518999 76.34 0.00 113.32 26.12
bottle 0.518992 52.76 71.26 85.34 103.67
bottle 0.518972 147.71 104.46 184.89 156.83
bottle 0.518964 120.63 10.04 141.68 31.83
bottle 0.518904 159.11 0.00 199.25 19.79
bottle 0.518871 4.87 59.08 25.05 86.42
pottedplant 0.518838 110.36 112.54 204.89 200.68
bottle 0.518823 141.95 146.07 188.57 185.14
bottle 0.518790 60.12 73.21 101.63 111.11
bottle 0.518785 53.65 14.50 92.70 52.29
bottle 0.518736 80.94 148.44 114.49 185.49
bottle 0.518686 156.31 31.06 173.08 51.59
bottle 0.518676 100.12 24.81 119.87 42.35
bottle 0.518645 130.33 54.18 156.58 95.05
bottle 0.518637 9.97 38.83 25.48 62.86
bottle 0.518633 62.56 61.37 102.91 99.41
sheep 0.518618 142.85 114.83 183.94 172.77
bottle 0.518595 88.73 2.94 118.00 27.23
bottle 0.518547 137.96 10.41 156.58 35.41
bottle 0.518505 139.50 0.00 169.71 13.51
bottle 0.518469 108.35 37.73 121.34 56.99
bottle 0.518444 65.55 5.40 107.80 33.89
bottle 0.518443 21.66 171.97 61.85 216.26
sheep 0.518415 57.23 164.94 107.96 207.48
bottle 0.518405 94.42 15.68 118.83 34.95
bottle 0.518397 140.27 57.02 224.00 172.64
bottle 0.518332 129.80 10.34 151.16 34.02
bottle 0.518266 6.65 0.00 38.64 17.02
bird 0.518238 64.37 155.06 104.68 196.40
bottle 0.518220 103.95 32.40 119.50 48.31
bottle 0.518218 46.91 55.53 77.11 89.45
bottle 0.518190 148.74 206.63 197.64 224.00
bottle 0.518162 0.00 0.00 13.78 32.14
bottle 0.518117 72.69 36.66 189.41 146.50
bottle 0.518110 148.62 0.00 180.86 14.89
bottle 0.518097 0.00 0.34 69.90 109.14
bird 0.518068 29.03 91.30 52.44 118.83
bottle 0.517726 51.56 0.00 98.77 33.81
bottle 0.517636 156.56 39.69 172.53 63.46
bottle 0.517634 118.14 53.69 145.31 97.10
bottle 0.517613 45.28 92.21 76.14 123.24
bottle 0.517585 111.42 187.38 149.22 222.57
bottle 0.517476 131.15 155.04 169.52 201.65
chair 0.517431 148.65 120.04 212.70 198.17
bottle 0.517412 59.79 45.58 92.41 81.85
bottle 0.517374 82.91 56.07 116.65 94.32
bottle 0.517364 0.00 3.51 19.54 38.59
bird 0.517315 44.45 101.16 82.17 140.51
bottle 0.517287 49.64 40.78 81.43 79.22
bottle 0.517267 69.67 0.00 170.52 43.53
bottle 0.517258 143.16 45.73 161.49 77.65
bottle 0.517182 101.94 36.93 117.15 57.12
sheep 0.517131 68.99 168.01 115.04 204.46
bottle 0.517049 47.36 5.92 89.53 46.49
bottle 0.517031 29.42 55.55 51.87 81.90
bottle 0.516991 29.84 24.21 70.20 51.44
bottle 0.516966 67.97 16.50 101.97 46.11
bottle 0.516935 14.31 0.00 51.27 15.45
bird 0.516921 18.61 101.24 45.51 138.87
bottle 0.516864 69.41 49.29 102.16 84.29
bottle 0.516854 125.27 166.95 157.55 208.05
bottle 0.516853 94.86 53.82 121.21 93.06
tvmonitor 0.516848 192.16 102.73 217.60 154.63
bottle 0.516779 83.94 31.04 107.10 50.84
bottle 0.516752 154.76 51.57 175.33 80.33
bottle 0.516692 126.70 34.29 139.75 46.77
bottle 0.516684 108.10 52.01 208.71 164.65
bottle 0.516650 30.71 4.62 72.08 41.71
bottle 0.516642 57.09 58.86 90.90 94.69
tvmonitor 0.516568 182.99 128.28 215.32 174.78
aeroplane 0.516549 83.85 38.43 107.42 63.02
bottle 0.516457 73.15 58.57 113.12 98.41
bottle 0.516428 7.31 48.82 24.09 75.90
bottle 0.516404 134.50 148.79 178.95 196.27
bird 0.516359 77.52 158.82 113.60 193.59
bottle 0.516300 193.05 66.88 221.58 106.40
pottedplant 0.516243 57.28 94.39 112.44 146.02
bottle 0.516176 155.72 19.84 182.16 40.34
tvmonitor 0.516124 187.99 116.92 216.29 167.56
sheep 0.516110 96.72 188.00 138.09 221.87
sheep 0.516073 83.39 200.61 126.72 224.00
bottle 0.516010 105.94 53.25 131.38 95.26
bottle 0.516001 8.43 20.17 28.25 44.38
bottle 0.515956 22.29 30.34 51.80 52.27
bottle 0.515942 2.53 196.05 30.32 224.00
bottle 0.515893 165.14 62.52 196.72 90.18
bottle 0.515867 178.21 58.49 209.42 91.38
sheep 0.515865 81.69 171.14 121.21 203.22
bottle 0.515836 17.20 59.31 37.45 83.33
bottle 0.515831 79.67 19.18 107.91 42.85
bottle 0.515830 144.87 37.70 158.43 57.70
bottle 0.515820 23.58 25.96 103.37 135.92
sheep 0.515805 168.00 184.21 208.66 211.65
bottle 0.515788 136.77 34.67 150.47 46.45
bottle 0.515733 83.15 12.01 113.93 33.37
bird 0.515678 20.06 91.54 43.74 123.70
bottle 0.515664 27.00 0.10 103.52 102.67
bottle 0.515621 15.21 123.13 44.44 174.60
bottle 0.515605 89.31 160.75 119.82 192.13
bottle 0.515492 115.83 37.59 126.96 55.90
bottle 0.515324 19.45 192.29 59.75 224.00
bottle 0.515264 95.95 31.43 114.76 48.32
bottle 0.515164 168.61 18.31 205.75 42.90
bottle 0.515064 23.38 0.00 99.65 63.29
bottle 0.515056 88.35 0.00 196.66 99.32
bottle 0.515046 94.20 44.60 115.88 77.32
bottle 0.515005 137.55 185.46 167.71 215.58
bottle 0.514961 90.40 21.83 114.71 41.44
bottle 0.514908 145.01 10.02 161.55 34.65
bottle 0.514817 168.73 25.27 198.80 50.60
bottle 0.514769 11.06 172.51 39.85 213.45
bottle 0.514769 101.85 44.33 119.77 75.34
bottle 0.514733 94.71 37.08 113.54 59.18
sheep 0.514625 178.34 160.62 214.99 195.00
bottle 0.514583 34.53 25.52 139.88 140.10
bottle 0.514526 124.06 204.54 156.06 224.00
bottle 0.514491 124.01 44.43 141.51 76.10
bottle 0.514472 22.23 36.51 47.29 59.60
bottle 0.514456 135.86 169.73 170.38 206.30
bottle 0.514448 136.19 45.04 154.26 76.35
bottle 0.514362 127.09 37.86 139.27 54.12
bottle 0.514007 139.79 160.57 183.43 201.11
bottle 0.513926 168.53 37.42 194.33 65.71
bottle 0.513908 30.28 41.39 58.83 71.01
bottle 0.513865 110.78 44.20 127.55 75.33
bottle 0.513718 189.97 55.89 219.77 90.59
bottle 0.513645 39.53 0.00 86.34 38.54
bottle 0.513636 166.95 52.53 194.41 82.06
bottle 0.513577 20.94 19.94 55.06 43.13
bottle 0.513445 85.60 46.41 112.36 80.75
bottle 0.513314 110.71 166.25 150.23 206.18
sheep 0.513311 184.34 176.28 215.73 204.47
bottle 0.513277 138.42 38.13 151.61 54.71
bottle 0.513269 26.24 0.00 67.60 25.92
bottle 0.513262 19.38 47.38 40.94 72.58
bottle 0.513247 90.85 172.71 125.91 202.84
cat 0.513212 152.74 165.77 199.57 201.18
bottle 0.513180 112.77 204.87 149.52 224.00
bottle 0.513158 76.42 133.31 188.75 222.55
bottle 0.513151 10.53 194.40 41.75 224.00
pottedplant 0.513035 149.47 148.59 211.32 223.95
bottle 0.512889 132.39 0.00 158.65 21.31
bottle 0.512882 111.18 149.99 154.41 196.52
bottle 0.512662 133.60 202.09 165.15 224.00
cat 0.512357 148.50 155.61 195.76 194.27
sheep 0.512339 188.11 185.42 215.84 211.91
sheep 0.512264 100.76 203.77 141.06 224.00
bottle 0.512013 146.44 173.01 186.76 204.17
bottle 0.511608 154.98 8.99 184.55 33.97
bottle 0.511483 97.12 170.44 134.20 204.38
bottle 0.511324 178.34 27.47 216.90 66.27
bottle 0.511213 8.97 3.32 30.22 33.73
sheep 0.511108 157.50 182.34 201.13 208.82
bottle 0.510934 100.70 155.33 134.79 192.92
bottle 0.510922 149.05 183.56 185.26 210.34
bottle 0.510903 184.65 41.70 217.88 77.78
sheep 0.510895 161.05 191.85 212.97 223.49
bottle 0.510842 140.17 0.00 164.12 21.76
bottle 0.509960 144.82 198.15 181.47 224.00
bottle 0.509614 150.72 0.00 183.33 23.76
bottle 0.508981 20.78 3.71 56.40 32.91
sheep 0.508745 153.92 194.39 199.51 224.00
