aeroplane 0.652386 0.00 43.93 201.50 165.95
aeroplane 0.565789 43.59 67.97 128.38 126.66
aeroplane 0.562722 10.44 78.18 193.07 157.28
aeroplane 0.558313 42.48 89.87 129.00 154.21
aeroplane 0.549335 52.57 18.14 117.06 69.55
aeroplane 0.546423 0.00 81.02 29.09 145.06
aeroplane 0.544931 35.27 73.04 108.34 144.74
motorbike 0.544696 200.20 65.15 224.00 194.29
motorbike 0.542695 184.85 68.92 219.36 189.17
aeroplane 0.539830 53.00 0.00 171.18 37.90
aeroplane 0.539156 49.58 105.73 124.74 161.63
aeroplane 0.537450 44.49 148.10 114.77 195.98
aeroplane 0.537437 4.44 60.16 146.83 152.59
aeroplane 0.536946 34.78 102.70 105.97 161.21
aeroplane 0.536921 22.11 73.62 70.14 138.37
boat 0.536854 0.00 79.35 33.30 139.61
bottle 0.536842 0.00 207.58 24.79 224.00
aeroplane 0.536723 0.00 64.26 178.04 224.00
aeroplane 0.536112 11.88 110.74 190.13 193.49
person 0.536093 202.41 56.68 224.00 183.82
bottle 0.535455 0.00 203.39 16.58 224.00
aeroplane 0.535229 32.60 70.57 84.35 139.74
aeroplane 0.534674 52.85 28.97 114.81 88.44
aeroplane 0.534364 23.89 159.80 165.31 224.00
car 0.533854 0.00 60.75 74.46 154.91
aeroplane 0.533190 0.22 15.74 183.15 108.46
aeroplane 0.533006 32.10 0.00 184.19 51.71
car 0.532696 186.10 0.00 224.00 39.69
aeroplane 0.532514 61.18 10.47 124.60 59.76
aeroplane 0.532457 56.67 0.00 115.88 43.91
aeroplane 0.532416 0.00 115.00 21.47 167.33
aeroplane 0.532203 40.79 132.73 108.44 190.13
person 0.532186 212.15 205.19 224.00 224.00
aeroplane 0.532052 0.00 126.50 16.30 174.83
horse 0.531393 220.00 106.31 224.00 145.62
aeroplane 0.531272 98.52 0.00 188.54 29.24
aeroplane 0.531253 65.91 209.51 113.11 224.00
aeroplane 0.531032 0.00 57.86 23.62 110.84
aeroplane 0.530961 208.82 0.00 224.00 19.91
aeroplane 0.530792 0.00 68.34 27.24 123.57
aeroplane 0.530592 121.82 122.77 165.91 171.82
aeroplane 0.530553 77.95 73.82 144.11 127.40
person 0.530547 220.00 100.42 224.00 140.23
aeroplane 0.530432 119.12 77.65 161.07 130.39
aeroplane 0.530298 196.70 108.87 224.00 224.00
motorbike 0.529911 161.82 79.32 210.53 179.71
aeroplane 0.529769 43.23 0.00 224.00 162.14
aeroplane 0.529751 15.47 91.24 154.05 178.96
aeroplane 0.529655 25.18 67.33 60.96 123.26
aeroplane 0.529648 123.79 102.93 165.38 155.76
aeroplane 0.529620 3.24 79.21 57.92 138.94
boat 0.529369 0.00 45.06 13.31 100.67
aeroplane 0.529263 52.01 48.09 118.90 109.44
aeroplane 0.529118 2.85 210.74 33.53 224.00
aeroplane 0.528856 205.58 0.00 224.00 105.66
aeroplane 0.528784 83.08 211.75 126.81 224.00
aeroplane 0.528773 66.00 0.00 112.97 15.07
horse 0.528625 204.34 19.69 224.00 136.04
person 0.528613 188.00 176.53 224.00 224.00
person 0.528588 220.00 85.24 224.00 124.80
boat 0.528423 0.00 65.20 20.65 121.82
boat 0.528354 0.00 4.98 9.97 67.29
aeroplane 0.528308 0.00 74.84 70.17 164.30
boat 0.528067 0.00 0.00 20.31 25.16
aeroplane 0.528055 0.00 0.00 45.41 50.63
car 0.527982 0.00 181.90 12.63 218.71
aeroplane 0.527902 0.00 3.88 20.25 67.19
aeroplane 0.527760 0.00 41.06 62.29 144.73
horse 0.527597 220.00 117.52 224.00 157.48
car 0.527488 0.00 164.34 12.73 202.78
aeroplane 0.527164 39.65 124.82 99.23 174.19
aeroplane 0.526837 22.96 18.40 53.76 71.29
aeroplane 0.526749 101.14 75.86 156.11 128.40
aeroplane 0.526687 65.07 174.12 184.13 224.00
aeroplane 0.526679 49.24 123.98 121.10 181.83
sheep 0.526346 199.24 209.09 224.00 224.00
aeroplane 0.526278 57.85 0.00 116.22 23.33
aeroplane 0.526270 0.00 166.15 57.02 224.00
dog 0.526182 143.94 210.87 180.01 224.00
cow 0.526106 188.36 211.96 216.79 224.00
dog 0.525991 152.31 211.72 188.73 224.00
aeroplane 0.525959 95.26 212.45 136.80 224.00
aeroplane 0.525898 8.74 172.34 102.45 224.00
boat 0.525878 0.00 21.50 10.37 82.74
car 0.525864 0.00 145.08 13.63 187.12
aeroplane 0.525795 13.72 0.00 167.25 75.60
car 0.525783 0.00 193.42 12.65 224.00
aeroplane 0.525742 0.00 36.76 19.84 91.04
horse 0.525419 173.99 127.15 199.16 158.12
aeroplane 0.525348 27.65 52.77 56.83 97.72
aeroplane 0.525256 135.09 0.00 212.00 27.53
person 0.525072 135.88 210.82 172.25 224.00
aeroplane 0.524925 143.12 185.39 217.34 224.00
aeroplane 0.524860 0.00 104.55 59.91 203.82
aeroplane 0.524855 18.03 129.06 53.96 170.48
horse 0.524726 176.41 117.38 197.80 143.46
dog 0.524706 161.48 212.05 196.79 224.00
cow 0.524592 179.45 212.32 210.98 224.00
person 0.524589 220.00 68.98 224.00 106.48
boat 0.524537 0.00 197.43 20.25 224.00
diningtable 0.524369 125.39 77.23 160.66 123.83
aeroplane 0.524197 25.95 39.41 55.02 85.91
boat 0.524192 0.00 0.00 11.68 49.39
aeroplane 0.524148 47.21 63.50 105.23 121.06
aeroplane 0.524142 48.25 211.53 100.24 224.00
aeroplane 0.524103 11.98 212.08 47.10 224.00
horse 0.523986 220.00 133.23 224.00 173.88
aeroplane 0.523879 107.67 185.18 203.50 224.00
motorbike 0.523877 179.18 107.99 220.94 216.43
aeroplane 0.523838 56.31 158.36 107.49 211.66
aeroplane 0.523623 54.44 153.37 129.96 191.73
aeroplane 0.523614 0.00 185.92 17.89 215.05
aeroplane 0.523506 119.23 211.98 158.93 224.00
aeroplane 0.523500 25.33 127.46 64.82 170.87
cow 0.523422 156.61 0.00 224.00 30.34
aeroplane 0.523382 26.39 211.79 62.71 224.00
aeroplane 0.523364 15.27 12.43 44.88 72.22
horse 0.523360 176.32 135.42 198.18 165.46
cow 0.523325 194.04 0.00 224.00 65.47
aeroplane 0.523305 13.91 70.55 50.55 121.73
aeroplane 0.523187 0.00 0.00 46.74 101.08
aeroplane 0.523142 1.91 127.66 24.81 170.75
aeroplane 0.523117 62.72 193.83 106.79 224.00
aeroplane 0.523087 0.00 98.15 91.31 195.77
person 0.523009 220.00 54.07 224.00 89.62
horse 0.523005 220.00 150.62 224.00 193.77
aeroplane 0.522908 32.84 62.85 62.95 111.57
aeroplane 0.522886 40.74 212.88 85.20 224.00
aeroplane 0.522758 124.63 141.68 167.31 188.15
aeroplane 0.522721 40.13 64.02 86.21 115.90
aeroplane 0.522689 17.75 62.57 49.21 109.83
diningtable 0.522519 144.02 35.32 164.41 53.31
aeroplane 0.522477 58.81 79.29 130.38 143.04
aeroplane 0.522353 143.95 30.42 164.27 47.31
boat 0.522347 0.00 0.00 15.63 37.08
aeroplane 0.522097 166.96 182.68 224.00 224.00
aeroplane 0.522094 28.49 116.81 91.02 166.57
aeroplane 0.522062 77.79 0.00 124.37 17.83
aeroplane 0.522026 42.62 98.12 186.56 177.41
aeroplane 0.521972 7.05 129.49 43.26 170.18
car 0.521918 199.92 0.00 224.00 18.65
motorbike 0.521887 182.95 42.07 224.00 159.33
aeroplane 0.521868 11.99 0.00 95.41 45.50
aeroplane 0.521807 92.00 0.00 132.97 16.48
motorbike 0.521750 142.30 64.74 208.10 161.58
aeroplane 0.521737 30.95 143.49 54.80 182.61
aeroplane 0.521709 53.61 0.00 91.81 14.54
aeroplane 0.521695 34.15 157.30 53.66 191.08
person 0.521690 217.20 199.08 224.00 224.00
aeroplane 0.521682 59.02 177.62 104.71 223.09
aeroplane 0.521660 48.98 62.90 224.00 222.69
aeroplane 0.521659 14.63 120.64 114.81 203.94
aeroplane 0.521596 0.00 158.74 15.39 192.01
aeroplane 0.521494 0.00 147.15 16.04 184.25
motorbike 0.521457 68.66 88.49 188.59 167.51
aeroplane 0.521444 6.21 6.36 36.77 65.33
dog 0.521385 220.00 46.81 224.00 83.15
aeroplane 0.521380 125.03 154.88 165.29 197.41
horse 0.521356 68.98 87.42 187.31 169.64
aeroplane 0.521325 0.00 168.06 15.46 200.18
aeroplane 0.521216 25.97 0.00 123.42 48.80
aeroplane 0.521206 103.60 0.00 142.73 15.30
cow 0.521071 220.00 189.89 224.00 222.72
aeroplane 0.521056 22.97 0.00 59.16 15.88
diningtable 0.521007 142.39 39.20 164.30 60.57
aeroplane 0.520971 139.57 0.00 176.52 16.63
aeroplane 0.520934 143.60 22.51 165.34 39.70
aeroplane 0.520789 0.00 0.00 32.26 20.39
aeroplane 0.520724 0.00 177.08 16.08 207.85
aeroplane 0.520659 115.27 89.77 167.45 143.10
aeroplane 0.520591 114.29 0.00 152.31 15.34
aeroplane 0.520553 18.74 53.00 47.86 97.53
aeroplane 0.520465 192.08 150.23 224.00 224.00
aeroplane 0.520412 34.48 191.13 54.93 217.53
aeroplane 0.520222 0.00 20.93 25.70 80.52
horse 0.520188 172.93 121.35 194.80 149.00
cow 0.520157 189.89 0.00 219.35 17.42
dog 0.520133 220.00 29.70 224.00 65.16
aeroplane 0.520126 26.73 159.03 46.25 189.80
aeroplane 0.520117 18.92 94.47 77.63 153.79
aeroplane 0.520043 22.72 144.57 47.36 181.55
aeroplane 0.520034 35.36 169.36 53.73 199.63
aeroplane 0.519964 0.00 30.28 98.45 140.85
aeroplane 0.519900 39.80 53.70 80.81 97.73
diningtable 0.519764 101.42 75.53 153.43 127.57
aeroplane 0.519754 43.52 21.24 85.39 70.97
aeroplane 0.519719 6.81 95.52 59.92 152.65
dog 0.519699 220.00 21.25 224.00 54.52
aeroplane 0.519699 157.01 114.15 212.22 207.07
aeroplane 0.519674 17.48 38.41 45.75 87.71
horse 0.519649 172.67 135.90 191.53 164.96
horse 0.519575 190.07 112.42 206.93 138.41
aeroplane 0.519565 8.03 0.00 47.28 16.29
aeroplane 0.519520 35.54 180.94 53.66 207.21
dog 0.519486 220.00 13.13 224.00 43.98
aeroplane 0.519400 0.00 94.33 39.45 151.39
cow 0.519359 172.25 0.00 206.56 16.85
cow 0.519273 220.00 171.24 224.00 210.73
aeroplane 0.519192 0.00 0.00 25.72 46.78
aeroplane 0.519147 163.33 0.00 199.12 16.53
diningtable 0.518988 111.27 84.93 164.35 136.23
aeroplane 0.518962 14.70 4.26 43.76 52.64
diningtable 0.518751 181.12 70.89 194.13 87.37
aeroplane 0.518635 214.99 0.00 224.00 23.47
aeroplane 0.518578 33.73 132.57 76.32 175.64
aeroplane 0.518566 42.95 0.00 77.77 14.01
diningtable 0.518536 137.30 44.18 159.61 73.89
cow 0.518523 187.43 71.25 201.28 86.76
horse 0.518495 177.70 108.69 197.01 137.25
aeroplane 0.518400 0.00 146.91 82.08 224.00
aeroplane 0.518394 38.94 191.89 59.93 216.27
aeroplane 0.518321 29.44 171.17 46.59 197.92
diningtable 0.518259 164.33 99.21 190.54 129.79
aeroplane 0.518229 20.94 7.40 49.68 51.14
aeroplane 0.518042 110.72 109.71 166.74 166.34
horse 0.517887 210.85 108.88 220.53 139.69
aeroplane 0.517856 5.41 201.39 28.08 224.00
diningtable 0.517853 173.64 100.01 194.10 130.75
aeroplane 0.517823 35.86 142.92 69.03 182.77
aeroplane 0.517796 173.29 70.73 186.86 88.70
aeroplane 0.517737 6.22 63.99 33.95 107.20
aeroplane 0.517713 29.93 31.02 58.36 76.46
aeroplane 0.517634 5.57 21.40 33.92 80.17
horse 0.517522 177.60 143.51 196.63 170.63
aeroplane 0.517490 81.10 97.44 152.02 151.23
diningtable 0.517417 132.13 56.95 158.29 89.28
horse 0.517398 178.53 101.27 196.30 130.38
diningtable 0.517361 124.62 105.95 174.93 146.43
aeroplane 0.517321 6.64 190.47 25.18 213.99
horse 0.517264 188.01 78.75 200.96 97.05
aeroplane 0.517262 13.19 0.00 43.72 36.34
cow 0.517220 196.80 69.97 208.68 86.69
diningtable 0.517196 182.12 78.37 193.84 96.95
aeroplane 0.517179 39.95 40.55 80.75 85.88
aeroplane 0.517159 45.41 152.30 93.26 193.60
aeroplane 0.517130 220.00 2.19 224.00 32.75
aeroplane 0.517123 143.08 9.11 168.27 30.27
aeroplane 0.517116 28.75 191.99 47.56 214.97
aeroplane 0.517045 0.00 0.00 73.94 75.70
aeroplane 0.517033 0.00 5.26 86.82 112.67
horse 0.516880 197.71 77.08 208.49 96.48
aeroplane 0.516870 127.16 170.96 162.05 205.15
diningtable 0.516826 174.79 77.54 187.89 97.41
diningtable 0.516759 162.17 92.11 188.33 121.05
aeroplane 0.516699 38.25 156.52 62.81 190.88
dog 0.516665 188.09 199.92 204.59 217.74
diningtable 0.516642 120.95 91.04 171.78 132.46
horse 0.516640 184.72 120.48 206.37 149.09
aeroplane 0.516625 39.46 180.52 58.31 205.77
diningtable 0.516519 128.66 67.23 157.95 105.09
horse 0.516494 192.82 100.53 207.25 126.98
diningtable 0.516488 174.28 92.07 192.70 120.60
aeroplane 0.516404 29.90 182.49 46.47 205.14
motorbike 0.516386 124.20 24.37 214.96 145.51
horse 0.516347 166.98 113.32 196.60 140.99
aeroplane 0.516344 17.51 0.00 54.65 21.77
aeroplane 0.516330 146.23 37.51 168.41 51.27
aeroplane 0.516307 132.09 199.33 161.35 224.00
diningtable 0.516260 166.23 107.32 193.39 136.69
aeroplane 0.516150 7.32 54.20 33.66 96.27
aeroplane 0.516107 180.35 64.17 193.93 81.08
aeroplane 0.516035 185.71 167.01 203.50 187.85
aeroplane 0.516021 47.25 191.10 86.24 220.69
aeroplane 0.516002 179.02 153.51 195.80 178.26
aeroplane 0.516002 170.69 31.30 184.60 44.29
horse 0.515976 210.92 96.86 218.36 128.84
dog 0.515956 186.30 64.60 200.64 80.45
motorbike 0.515946 171.14 0.00 224.00 106.75
aeroplane 0.515946 48.25 0.00 190.26 95.37
horse 0.515943 182.58 126.84 206.72 156.45
cow 0.515912 196.95 198.16 211.02 216.67
horse 0.515884 179.31 93.86 195.34 120.18
horse 0.515800 193.86 93.64 207.92 118.27
aeroplane 0.515799 171.13 37.78 185.10 52.53
aeroplane 0.515718 169.42 23.53 184.13 36.32
aeroplane 0.515701 14.78 162.67 34.06 189.73
aeroplane 0.515695 39.24 168.59 59.08 198.55
aeroplane 0.515691 181.25 167.32 195.05 187.20
aeroplane 0.515665 88.71 112.41 158.25 160.38
horse 0.515604 212.00 118.80 223.03 150.36
horse 0.515583 182.39 95.43 200.28 120.62
aeroplane 0.515579 106.77 153.59 156.83 195.44
aeroplane 0.515579 18.27 192.82 36.12 212.85
aeroplane 0.515486 30.47 205.01 57.34 224.00
aeroplane 0.515484 51.45 205.40 105.60 224.00
aeroplane 0.515449 179.18 200.48 196.88 218.60
cow 0.515413 179.62 153.29 203.02 177.91
aeroplane 0.515382 11.46 148.10 36.21 181.39
aeroplane 0.515357 81.07 155.48 144.84 194.33
aeroplane 0.515339 3.30 149.14 22.77 182.45
aeroplane 0.515287 179.93 46.34 193.28 61.91
cow 0.515264 196.32 63.09 209.16 79.89
cow 0.515263 193.40 165.15 209.07 187.85
aeroplane 0.515243 16.63 174.34 33.91 197.94
aeroplane 0.515227 170.94 45.10 186.44 62.90
person 0.515214 211.19 89.56 218.04 120.27
aeroplane 0.515210 158.38 71.44 178.66 92.44
horse 0.515179 183.84 134.84 207.02 162.96
horse 0.515166 196.24 85.64 207.97 108.47
aeroplane 0.515159 170.99 155.60 223.77 224.00
aeroplane 0.515113 180.92 30.56 191.94 42.82
aeroplane 0.515110 180.55 37.95 192.33 51.66
aeroplane 0.515073 33.71 32.16 190.57 139.83
aeroplane 0.515072 146.66 157.02 210.54 224.00
aeroplane 0.515060 155.59 32.38 175.45 44.45
aeroplane 0.515058 5.98 182.33 23.44 206.29
aeroplane 0.515048 131.30 188.76 159.53 209.64
aeroplane 0.515035 188.55 179.40 202.49 197.16
dog 0.515017 188.00 46.70 200.89 61.62
aeroplane 0.514996 188.60 191.11 201.32 205.05
diningtable 0.514979 158.27 78.36 180.38 101.18
aeroplane 0.514972 58.63 137.99 131.93 187.21
aeroplane 0.514971 172.82 63.69 187.88 82.74
cow 0.514938 188.66 153.89 208.23 178.57
aeroplane 0.514933 6.33 39.64 33.00 88.26
aeroplane 0.514927 4.49 162.85 22.59 190.64
person 0.514907 211.38 64.99 220.12 91.31
aeroplane 0.514866 180.29 22.41 191.82 34.49
diningtable 0.514810 120.16 68.15 154.95 110.97
aeroplane 0.514791 124.68 200.03 154.34 224.00
aeroplane 0.514756 3.89 0.00 44.39 23.59
dog 0.514744 180.29 55.94 193.75 73.25
dog 0.514734 187.04 56.16 200.94 72.10
aeroplane 0.514713 63.57 116.01 129.66 165.53
aeroplane 0.514711 145.15 41.52 168.56 58.55
aeroplane 0.514704 5.15 173.44 22.74 199.21
aeroplane 0.514669 174.04 143.44 189.80 169.78
horse 0.514657 185.69 87.80 200.18 110.07
aeroplane 0.514557 71.73 21.97 123.12 62.17
diningtable 0.514541 175.68 85.10 190.06 108.78
diningtable 0.514400 159.89 85.58 184.46 111.22
aeroplane 0.514365 15.35 204.34 40.36 224.00
aeroplane 0.514361 17.68 184.82 34.52 204.75
aeroplane 0.514337 98.78 22.87 135.34 51.49
aeroplane 0.514323 155.86 24.86 175.36 37.63
aeroplane 0.514313 154.93 37.76 176.00 51.21
cow 0.514270 196.94 189.49 208.66 205.59
motorbike 0.514253 31.85 65.86 189.23 148.17
diningtable 0.514238 181.72 86.71 194.00 109.04
person 0.514190 212.00 72.67 219.12 100.45
dog 0.514166 197.17 54.93 209.92 72.18
dog 0.514146 189.43 37.71 199.85 51.29
aeroplane 0.514108 181.49 190.48 192.94 203.86
horse 0.514106 211.50 126.03 223.45 158.20
dog 0.514026 211.03 58.37 220.58 84.57
aeroplane 0.514007 86.95 120.18 186.56 195.34
aeroplane 0.514003 57.70 169.46 121.90 208.00
aeroplane 0.513955 182.02 178.56 193.58 195.45
horse 0.513952 185.15 143.70 207.22 170.05
diningtable 0.513878 131.23 43.33 153.54 75.83
person 0.513867 212.00 81.61 218.16 111.02
aeroplane 0.513867 126.95 115.63 173.52 158.45
dog 0.513866 198.16 45.75 209.68 62.48
horse 0.513850 165.27 126.52 193.33 157.41
aeroplane 0.513838 170.17 199.72 189.78 218.97
dog 0.513793 190.92 21.02 199.73 33.23
sheep 0.513745 204.95 203.27 221.33 224.00
cow 0.513724 196.14 177.48 208.89 197.78
diningtable 0.513709 122.65 56.67 152.44 94.19
aeroplane 0.513708 46.54 177.60 87.11 209.41
dog 0.513659 190.59 29.45 199.47 41.81
aeroplane 0.513654 129.29 209.65 162.58 224.00
aeroplane 0.513653 45.88 163.87 89.65 201.77
aeroplane 0.513611 172.05 54.81 187.98 74.96
aeroplane 0.513553 163.69 134.36 188.05 164.24
motorbike 0.513550 69.95 25.92 199.55 141.91
aeroplane 0.513547 126.50 28.50 150.04 48.18
diningtable 0.513529 73.69 71.45 134.93 126.38
aeroplane 0.513425 43.19 206.21 84.80 224.00
aeroplane 0.513420 154.55 42.61 177.43 60.13
aeroplane 0.513406 115.42 199.94 147.35 224.00
aeroplane 0.513397 145.86 199.49 173.30 220.35
aeroplane 0.513381 123.90 22.12 150.23 43.66
diningtable 0.513341 53.93 53.43 123.57 109.37
aeroplane 0.513328 174.00 153.71 187.63 177.10
motorbike 0.513295 76.95 0.00 198.66 95.41
aeroplane 0.513184 168.32 11.16 186.19 26.70
dog 0.513165 199.68 36.31 208.41 51.57
aeroplane 0.513148 158.57 199.55 181.94 218.99
horse 0.513136 211.01 134.45 223.32 166.22
aeroplane 0.513133 160.12 63.26 180.76 84.64
cow 0.513083 210.42 193.49 221.74 218.21
motorbike 0.513076 119.25 0.00 214.95 99.61
aeroplane 0.512974 115.13 188.14 146.64 210.67
sheep 0.512936 191.99 208.62 213.81 224.00
aeroplane 0.512936 107.07 168.26 150.53 204.51
aeroplane 0.512929 174.55 167.18 186.11 185.88
dog 0.512805 201.78 18.47 207.02 31.58
diningtable 0.512804 136.82 35.54 154.68 58.95
aeroplane 0.512722 96.25 0.00 134.78 33.54
diningtable 0.512676 127.02 33.78 146.29 61.16
dog 0.512667 201.13 27.46 207.25 40.84
horse 0.512645 210.97 152.37 223.22 184.73
dog 0.512640 211.21 51.23 220.41 78.10
aeroplane 0.512633 94.16 156.52 191.56 224.00
diningtable 0.512617 100.73 30.89 134.17 65.62
aeroplane 0.512598 178.23 9.01 193.41 25.26
aeroplane 0.512544 47.75 9.41 87.03 50.18
aeroplane 0.512450 104.34 200.33 140.85 224.00
aeroplane 0.512419 137.91 34.15 157.10 51.07
aeroplane 0.512334 136.60 31.49 159.20 45.95
aeroplane 0.512314 82.33 134.34 153.68 183.17
horse 0.512297 210.67 143.44 222.95 175.45
aeroplane 0.512248 29.73 10.14 54.14 49.08
aeroplane 0.512237 134.07 25.07 160.19 41.32
aeroplane 0.512225 157.15 12.41 178.09 27.42
aeroplane 0.512216 144.35 49.49 169.70 72.33
aeroplane 0.512202 120.08 0.00 150.08 32.27
aeroplane 0.512195 173.39 188.48 184.81 203.10
aeroplane 0.512143 157.26 51.82 180.46 73.74
dog 0.512050 182.95 210.82 208.59 224.00
aeroplane 0.511938 86.99 166.76 141.10 204.56
aeroplane 0.511932 188.83 7.58 201.91 24.44
cow 0.511893 205.26 0.00 221.22 20.25
aeroplane 0.511878 199.94 5.75 209.35 23.05
horse 0.511877 211.76 161.81 223.91 193.95
aeroplane 0.511807 174.51 177.29 184.89 194.31
diningtable 0.511718 131.80 84.51 167.45 116.74
dog 0.511655 211.87 42.40 220.58 69.10
aeroplane 0.511637 68.80 198.85 121.20 224.00
horse 0.511409 120.66 0.00 210.61 39.34
dog 0.511262 173.87 211.17 201.51 224.00
aeroplane 0.511226 143.39 62.64 168.72 87.12
diningtable 0.511144 98.78 42.47 135.77 84.07
cow 0.511100 155.12 0.00 224.00 52.76
aeroplane 0.511044 130.24 137.21 170.06 175.38
aeroplane 0.511041 87.66 200.37 131.75 224.00
diningtable 0.510934 119.73 43.13 145.69 79.96
aeroplane 0.510891 99.37 186.53 139.58 212.84
dog 0.510865 212.00 32.92 220.13 58.09
aeroplane 0.510811 130.29 5.11 160.59 30.80
dog 0.510746 212.00 14.91 218.69 36.36
diningtable 0.510742 76.03 40.33 126.07 85.62
diningtable 0.510741 94.70 59.44 139.73 107.00
aeroplane 0.510704 161.77 142.06 183.24 169.51
sheep 0.510662 173.45 0.00 201.52 17.53
aeroplane 0.510652 28.37 0.00 54.36 32.81
aeroplane 0.510643 61.43 185.84 118.78 216.12
aeroplane 0.510617 139.98 72.87 165.78 98.85
aeroplane 0.510605 155.16 0.00 186.54 17.44
diningtable 0.510565 108.00 57.73 145.75 101.13
dog 0.510562 212.00 23.85 219.21 46.61
cow 0.510526 212.00 185.20 223.06 210.20
diningtable 0.510525 76.65 59.36 132.36 109.52
aeroplane 0.510525 156.07 165.02 176.29 186.12
aeroplane 0.510459 132.81 159.65 169.49 190.35
aeroplane 0.510391 158.61 187.90 176.36 204.54
sheep 0.510362 183.07 0.00 208.78 17.11
diningtable 0.510264 136.35 80.03 165.50 108.30
aeroplane 0.510108 157.45 152.66 178.78 177.05
aeroplane 0.510089 46.77 0.00 84.05 33.52
cow 0.510069 212.00 173.87 223.93 203.82
sheep 0.509857 211.91 4.02 219.40 26.72
aeroplane 0.509637 157.26 175.61 175.59 195.39
aeroplane 0.509444 141.96 188.06 168.70 207.73
aeroplane 0.509396 79.57 185.89 129.62 214.62
aeroplane 0.509036 123.19 0.00 161.47 16.32
aeroplane 0.508719 137.25 172.93 168.84 199.50
