train 0.586706 144.76 127.94 216.32 180.31
bus 0.574831 93.94 73.87 203.88 198.90
boat 0.571771 18.81 55.22 124.09 109.70
bus 0.566649 80.72 76.39 193.63 166.06
car 0.565972 69.66 72.39 172.88 112.12
train 0.560576 208.14 127.62 224.00 182.41
train 0.559850 161.33 136.41 209.71 182.42
bus 0.558616 134.29 85.45 224.00 207.35
car 0.558387 1.58 127.73 90.62 165.52
car 0.557960 0.00 33.48 98.40 102.72
car 0.556382 20.73 64.38 130.36 113.01
train 0.554629 143.66 91.50 224.00 203.03
train 0.554559 135.92 113.52 221.74 175.17
car 0.553716 5.98 77.77 95.87 127.58
train 0.552972 165.08 149.17 208.14 188.57
car 0.551909 92.20 66.96 179.32 102.80
car 0.551203 70.00 79.30 187.75 134.18
boat 0.551082 60.21 114.76 150.63 153.99
bus 0.550966 190.01 95.68 222.94 116.12
boat 0.550623 11.05 39.44 112.25 103.24
boat 0.548876 44.96 92.91 183.43 151.29
boat 0.548346 28.06 98.91 141.42 146.17
car 0.547875 189.81 93.59 221.91 114.31
car 0.547250 29.80 82.52 146.10 133.82
car 0.546997 103.47 63.75 189.52 93.09
car 0.546638 23.51 211.02 72.33 224.00
train 0.546444 182.61 130.19 219.03 183.65
train 0.545321 130.75 81.85 211.71 187.80
car 0.544817 190.26 14.49 214.98 29.76
car 0.544220 62.45 84.86 207.86 149.87
train 0.544086 122.24 121.61 204.19 172.53
car 0.543765 3.53 55.76 96.39 115.01
car 0.543759 33.37 72.28 163.83 119.32
train 0.543263 169.37 159.82 207.27 196.34
car 0.542868 94.63 76.52 185.00 122.06
bus 0.542661 114.02 38.75 216.05 206.01
bus 0.542260 188.15 100.31 223.47 120.89
car 0.541945 0.00 21.83 87.67 84.49
car 0.541802 0.00 79.88 63.17 129.58
boat 0.541460 101.87 73.73 217.72 169.61
car 0.540514 108.61 90.59 196.07 144.51
car 0.540221 193.90 99.97 223.70 124.93
car 0.539832 26.76 38.64 110.54 94.48
train 0.539114 202.62 116.98 224.00 165.06
car 0.538548 124.44 68.00 194.38 94.36
car 0.538368 0.00 121.85 55.44 171.54
bus 0.538145 146.73 123.14 219.27 179.53
boat 0.537544 13.08 96.10 107.48 145.32
train 0.537450 200.55 111.12 224.00 148.50
boat 0.537441 66.83 88.09 204.81 162.71
boat 0.537432 19.72 71.45 125.76 132.53
car 0.537381 34.90 208.35 81.92 224.00
car 0.537186 50.24 209.25 94.43 224.00
car 0.537158 4.37 48.41 85.03 96.05
boat 0.536868 0.00 31.29 81.40 102.71
bus 0.536485 196.68 104.85 224.00 134.73
car 0.536350 123.58 59.24 190.74 86.40
boat 0.536196 66.25 104.40 161.84 146.47
car 0.536071 60.92 78.33 144.45 122.26
car 0.535951 144.20 65.33 195.85 88.32
boat 0.535950 29.72 35.53 133.90 118.72
car 0.535857 64.88 210.37 106.68 224.00
boat 0.535848 22.24 110.22 134.14 154.79
car 0.535712 189.93 5.32 217.26 26.00
boat 0.535471 62.06 90.28 151.59 138.37
bus 0.535288 183.43 106.51 223.50 129.04
boat 0.535283 62.93 81.12 153.72 125.04
car 0.534702 10.68 86.92 87.51 137.13
car 0.534571 199.07 11.80 224.00 28.93
train 0.534485 213.99 138.04 224.00 188.57
car 0.534293 40.60 76.11 112.51 127.65
car 0.534055 0.00 67.48 89.44 141.90
bus 0.533766 157.17 115.84 218.48 161.57
aeroplane 0.533671 0.00 20.76 77.38 75.98
person 0.533633 209.55 206.74 224.00 224.00
boat 0.533029 13.08 111.27 98.70 156.91
train 0.532988 112.07 44.19 222.18 224.00
car 0.532934 148.88 70.80 197.89 93.15
car 0.532706 46.19 41.04 123.01 100.55
car 0.532573 112.51 127.02 195.52 174.43
car 0.532419 0.00 90.08 82.48 154.38
boat 0.532143 37.75 32.24 112.98 91.99
car 0.532074 27.89 190.85 64.30 204.12
car 0.531729 177.69 213.25 211.24 224.00
boat 0.531630 13.01 128.64 91.00 158.43
car 0.531586 114.06 211.54 148.62 224.00
aeroplane 0.531527 78.71 211.46 120.28 224.00
aeroplane 0.531519 66.16 121.13 143.63 156.43
cow 0.531434 185.61 212.94 216.98 224.00
car 0.531396 124.74 79.12 194.70 122.35
car 0.531203 169.22 95.46 208.02 126.95
car 0.531057 122.46 210.98 157.03 224.00
bus 0.530999 170.91 108.27 223.54 134.45
car 0.530849 191.72 71.28 215.11 94.32
aeroplane 0.530797 104.81 211.89 140.02 224.00
car 0.530462 185.59 0.00 224.00 43.08
boat 0.530455 6.42 24.98 89.84 80.51
car 0.530184 9.52 191.81 36.49 202.96
boat 0.530182 0.00 184.91 50.21 224.00
car 0.529991 190.47 0.00 218.68 21.86
train 0.529737 216.99 146.62 224.00 193.49
car 0.529616 187.90 33.92 213.82 47.88
car 0.529540 0.00 71.25 75.86 120.48
car 0.529521 197.57 17.33 224.00 33.24
bus 0.529409 178.32 96.40 218.52 120.40
car 0.529389 0.00 200.64 25.78 224.00
boat 0.529386 56.75 124.77 136.58 153.25
train 0.529264 117.33 124.83 183.13 167.45
car 0.529132 0.00 87.97 49.12 141.63
bus 0.529003 165.73 58.92 224.00 169.41
bus 0.528968 83.20 68.04 183.44 133.85
sheep 0.528913 194.20 210.81 223.77 224.00
car 0.528747 3.64 187.43 30.34 204.81
boat 0.528432 0.00 0.00 94.86 130.07
bus 0.528405 164.52 107.84 214.48 151.10
train 0.528269 138.75 163.40 216.10 224.00
car 0.528252 191.96 80.59 217.47 104.56
car 0.528106 202.41 0.00 224.00 23.68
boat 0.528089 0.00 106.94 75.16 165.28
person 0.528060 0.00 107.21 81.64 224.00
boat 0.527956 15.69 0.00 81.84 73.61
aeroplane 0.527859 0.00 26.73 52.07 67.48
car 0.527853 59.56 59.95 149.92 115.53
car 0.527844 162.79 213.36 200.08 224.00
boat 0.527830 97.65 119.56 174.27 163.07
car 0.527805 0.00 118.01 11.21 167.28
car 0.527801 171.18 69.25 203.27 88.02
car 0.527798 146.59 212.65 182.58 224.00
car 0.527745 189.45 24.90 214.49 39.22
car 0.527745 161.91 91.38 203.78 133.16
car 0.527671 6.29 184.01 38.52 200.10
bus 0.527648 175.25 114.55 221.46 145.11
car 0.527592 130.18 103.81 206.10 158.47
car 0.527566 142.24 59.12 193.63 82.11
boat 0.527553 48.13 187.21 131.61 224.00
aeroplane 0.527386 51.79 26.35 109.15 68.08
car 0.527376 162.42 160.75 205.72 196.79
car 0.527357 1.35 181.18 31.53 202.55
boat 0.527346 6.70 192.92 78.91 224.00
car 0.527249 28.64 201.19 63.41 215.70
car 0.527030 92.05 100.23 180.99 143.94
car 0.526999 49.62 69.14 129.11 119.83
person 0.526965 93.70 44.03 224.00 224.00
car 0.526779 183.87 69.36 209.11 90.70
boat 0.526736 0.00 0.00 63.00 74.43
aeroplane 0.526734 24.66 18.46 72.63 45.85
boat 0.526702 120.35 0.00 184.28 47.18
car 0.526662 187.95 41.47 212.91 56.90
car 0.526591 201.12 71.31 224.00 98.57
car 0.526586 162.48 159.62 224.00 224.00
car 0.526460 6.04 208.32 46.89 224.00
car 0.526294 106.37 115.91 192.58 165.44
car 0.526213 0.00 0.00 23.39 24.08
car 0.526136 166.80 89.80 206.75 116.89
car 0.526129 3.93 107.54 91.24 162.96
car 0.526053 59.48 51.22 132.60 106.37
car 0.526043 190.89 62.44 214.40 84.77
car 0.525916 177.48 92.78 216.43 114.56
car 0.525915 171.90 166.64 206.35 202.00
car 0.525883 23.56 193.68 56.14 201.56
car 0.525878 16.79 194.10 45.41 201.35
car 0.525810 188.79 19.97 213.03 33.29
boat 0.525783 35.30 56.00 157.74 124.48
bus 0.525771 125.89 66.40 211.19 164.75
car 0.525769 177.18 35.93 206.75 48.94
boat 0.525752 0.00 40.78 88.17 173.44
aeroplane 0.525743 4.72 48.49 65.58 84.85
car 0.525729 171.55 76.49 205.46 95.15
car 0.525672 174.04 46.34 224.00 150.80
aeroplane 0.525667 15.90 22.94 78.76 61.79
car 0.525623 197.21 80.86 224.00 108.32
person 0.525549 135.98 0.00 224.00 174.33
boat 0.525505 0.00 89.79 80.47 224.00
boat 0.525488 31.32 127.75 110.39 156.03
boat 0.525344 53.67 0.00 118.60 63.56
car 0.525071 4.15 61.59 74.60 107.54
boat 0.525049 54.56 175.02 170.60 224.00
car 0.524876 169.00 36.21 198.87 49.71
boat 0.524857 37.73 0.00 102.74 67.71
bus 0.524803 193.70 112.16 224.00 145.20
aeroplane 0.524757 34.86 0.00 67.54 19.63
car 0.524753 0.00 78.67 22.24 134.48
boat 0.524751 136.63 0.00 197.68 42.33
car 0.524736 153.08 76.31 200.38 102.52
aeroplane 0.524591 33.43 27.46 108.50 79.20
car 0.524517 0.20 142.79 62.59 176.67
car 0.524397 157.57 83.56 202.61 119.44
car 0.524378 197.49 23.85 224.00 41.28
car 0.524318 0.00 101.90 50.67 153.58
car 0.524318 5.67 55.54 62.80 92.69
car 0.524149 160.61 105.91 213.11 156.87
car 0.524118 22.11 182.13 66.77 200.01
car 0.524096 165.53 98.60 207.15 141.76
boat 0.524075 100.39 0.00 166.92 53.14
boat 0.523830 105.70 163.83 204.09 224.00
car 0.523763 163.08 81.73 203.10 103.44
car 0.523621 203.64 62.34 224.00 87.86
boat 0.523614 40.51 123.85 141.89 202.58
car 0.523608 0.00 183.94 19.56 208.43
car 0.523542 184.10 60.59 209.09 82.60
car 0.523528 0.00 170.91 34.02 197.46
car 0.523351 185.14 78.35 212.72 99.73
car 0.523318 198.53 32.43 224.00 50.59
aeroplane 0.523260 100.00 163.91 121.64 188.97
boat 0.523241 80.78 107.03 191.99 208.29
car 0.523240 0.00 19.70 39.86 59.81
boat 0.523126 44.44 107.69 167.37 176.06
aeroplane 0.523118 29.64 4.10 69.11 28.15
car 0.522931 175.70 41.99 204.92 56.92
aeroplane 0.522841 6.85 0.00 38.19 22.07
car 0.522834 183.35 5.82 224.00 114.88
car 0.522823 0.00 98.89 11.55 149.88
car 0.522817 109.48 168.70 124.86 189.06
car 0.522738 0.00 62.63 47.87 110.58
car 0.522717 185.13 88.29 217.35 108.90
car 0.522553 0.00 87.97 17.15 141.54
train 0.522439 165.30 124.44 217.84 167.43
car 0.522439 0.00 158.40 39.16 189.74
boat 0.522329 34.84 13.62 126.71 105.10
car 0.522232 0.00 55.62 23.56 101.29
car 0.522230 172.86 60.13 203.89 80.36
aeroplane 0.522227 47.99 24.24 99.15 57.07
car 0.522208 175.73 0.00 206.05 20.60
car 0.522191 12.15 186.11 48.15 198.84
car 0.522178 0.00 49.25 46.99 86.45
aeroplane 0.522160 107.16 122.81 172.46 164.04
aeroplane 0.521733 157.86 0.00 187.77 19.55
car 0.521700 171.09 31.10 198.60 42.83
car 0.521662 189.66 50.90 212.84 71.44
car 0.521660 165.63 41.69 198.06 58.33
car 0.521638 0.00 32.77 35.72 76.35
car 0.521570 120.98 0.00 213.22 166.51
car 0.521569 158.56 36.25 193.06 53.25
aeroplane 0.521488 59.41 28.49 135.78 71.66
aeroplane 0.521419 149.22 0.00 180.42 18.99
aeroplane 0.521383 0.00 41.38 49.03 80.63
car 0.521370 201.26 41.08 224.00 60.33
aeroplane 0.521321 107.56 163.25 127.36 185.46
car 0.521227 117.79 166.62 134.47 186.68
aeroplane 0.521219 139.56 0.00 173.39 18.24
aeroplane 0.521177 131.31 0.00 165.04 17.22
car 0.521155 166.67 0.00 196.94 20.12
aeroplane 0.521150 31.95 23.82 87.62 56.04
train 0.521138 189.19 120.89 224.00 166.34
aeroplane 0.521129 47.15 0.00 81.39 18.38
boat 0.521106 153.60 0.00 210.80 38.90
boat 0.521017 79.93 0.00 148.78 59.67
aeroplane 0.520952 69.88 153.74 111.21 191.12
car 0.520950 161.62 31.79 190.25 46.08
car 0.520936 193.05 33.05 218.73 46.66
car 0.520929 0.00 169.14 17.39 200.42
aeroplane 0.520910 123.93 0.00 156.38 16.46
car 0.520906 125.37 163.46 143.19 184.69
car 0.520905 98.40 73.10 193.77 181.25
aeroplane 0.520865 22.11 0.00 57.37 22.09
car 0.520769 145.22 50.57 192.79 74.55
aeroplane 0.520740 108.95 0.00 140.07 16.94
car 0.520688 183.20 49.82 208.37 70.67
boat 0.520629 42.00 162.65 146.09 224.00
car 0.520608 197.18 64.17 220.50 87.11
boat 0.520602 83.60 0.00 115.20 15.25
boat 0.520566 101.39 0.00 193.96 156.79
aeroplane 0.520548 92.16 160.63 118.91 190.77
car 0.520526 28.34 200.82 58.79 208.62
car 0.520484 0.00 157.63 15.59 193.45
car 0.520469 217.92 166.69 224.00 206.79
boat 0.520445 92.40 0.00 123.22 15.64
aeroplane 0.520438 68.37 0.00 98.62 16.20
car 0.520431 57.45 36.95 143.21 83.51
car 0.520393 0.00 41.06 30.56 84.43
boat 0.520350 76.00 0.00 107.20 15.78
car 0.520325 0.00 133.67 15.06 177.68
bus 0.520309 1.09 158.91 52.10 185.54
train 0.520276 152.78 128.30 224.00 224.00
aeroplane 0.520269 58.19 0.00 90.04 17.07
car 0.520250 0.00 136.68 78.59 172.20
car 0.520226 182.28 16.54 208.34 29.00
aeroplane 0.520213 9.06 16.58 49.72 49.65
car 0.520146 12.74 196.63 36.01 206.21
aeroplane 0.520140 52.01 146.18 100.99 191.96
boat 0.520072 101.58 0.00 131.88 16.52
car 0.520039 180.46 28.43 208.93 40.44
car 0.519996 160.71 49.33 197.38 70.33
aeroplane 0.519989 85.84 117.64 161.87 158.80
aeroplane 0.519907 38.89 17.26 82.36 39.99
car 0.519890 86.98 53.51 166.48 96.05
boat 0.519830 24.19 130.64 92.03 192.13
car 0.519790 174.66 49.20 204.47 68.96
car 0.519746 203.48 51.63 224.00 74.72
car 0.519716 124.52 172.48 140.18 192.85
car 0.519660 132.81 160.14 151.74 183.75
aeroplane 0.519538 62.15 17.61 99.68 44.76
aeroplane 0.519534 14.71 130.39 90.67 162.72
car 0.519494 174.01 85.94 211.48 105.45
car 0.519433 150.95 167.68 180.38 193.93
car 0.519416 125.05 45.81 187.56 81.00
car 0.519324 133.48 171.21 148.90 192.70
aeroplane 0.519302 173.34 180.84 203.04 214.46
car 0.519224 152.20 41.96 194.12 63.19
person 0.519212 214.39 200.11 224.00 224.00
aeroplane 0.519158 52.55 17.58 92.84 41.83
car 0.519119 116.82 173.08 131.45 193.37
aeroplane 0.519038 218.91 182.08 224.00 219.52
car 0.518965 136.48 43.35 189.69 71.32
boat 0.518847 44.76 107.26 158.85 224.00
aeroplane 0.518839 66.81 137.30 118.10 177.63
car 0.518826 109.90 172.94 123.57 193.42
aeroplane 0.518783 90.54 27.04 139.52 60.00
car 0.518772 146.41 36.62 187.48 59.52
car 0.518672 143.16 169.69 163.32 192.26
boat 0.518564 0.00 172.07 67.72 224.00
aeroplane 0.518549 88.90 144.01 124.90 182.18
train 0.518397 127.70 130.07 168.20 169.58
boat 0.518316 3.70 133.65 71.51 198.51
aeroplane 0.518293 119.40 29.37 149.22 60.97
car 0.518245 118.09 38.15 156.70 74.65
car 0.518214 194.13 41.25 218.47 56.35
aeroplane 0.518191 108.54 178.40 123.60 201.02
car 0.518151 183.41 22.69 209.64 33.43
aeroplane 0.518126 119.41 6.84 141.93 33.91
car 0.518017 162.70 15.60 184.88 31.74
aeroplane 0.517963 8.55 0.00 42.61 32.50
boat 0.517961 32.31 167.99 104.77 224.00
car 0.517722 173.13 24.94 197.99 36.03
boat 0.517703 71.71 141.01 191.76 224.00
boat 0.517682 8.73 69.13 104.30 186.96
aeroplane 0.517676 69.57 208.52 110.62 224.00
car 0.517664 163.53 25.26 187.58 39.69
car 0.517661 21.11 199.85 48.00 206.41
aeroplane 0.517558 113.15 6.75 135.63 34.50
car 0.517545 0.00 8.76 27.93 44.82
car 0.517531 146.82 154.87 186.38 185.74
car 0.517525 172.39 16.63 196.48 29.50
car 0.517523 151.85 31.75 183.90 50.34
car 0.517517 114.83 49.18 168.59 89.96
aeroplane 0.517506 120.33 22.25 144.43 46.68
aeroplane 0.517495 41.15 0.00 79.05 25.26
aeroplane 0.517484 19.46 4.34 63.43 32.16
aeroplane 0.517430 104.43 191.07 124.47 217.56
aeroplane 0.517366 74.05 22.47 123.07 55.21
aeroplane 0.517321 104.37 171.64 119.03 194.81
boat 0.517287 36.74 113.84 108.22 151.09
car 0.517281 140.10 156.94 167.28 183.39
aeroplane 0.517164 87.85 32.14 148.12 68.66
aeroplane 0.517064 95.80 21.35 132.94 49.98
aeroplane 0.517033 154.44 14.45 178.26 34.35
aeroplane 0.517006 176.23 207.77 208.01 224.00
aeroplane 0.516961 113.47 20.98 139.64 47.25
boat 0.516950 43.58 92.98 106.38 142.13
aeroplane 0.516902 102.38 177.55 118.35 202.33
aeroplane 0.516826 50.25 133.86 107.82 176.95
aeroplane 0.516825 114.97 179.27 130.80 200.90
car 0.516800 13.14 167.35 71.64 193.21
boat 0.516737 108.19 0.00 179.58 92.96
aeroplane 0.516724 87.67 206.43 121.88 224.00
aeroplane 0.516666 29.87 144.23 89.34 190.75
boat 0.516427 65.37 40.00 161.74 120.50
car 0.516403 5.96 172.06 52.83 192.86
aeroplane 0.516395 16.77 133.88 85.95 175.74
aeroplane 0.516384 111.58 192.15 132.73 217.71
car 0.516342 21.88 98.66 87.83 146.88
boat 0.516336 30.87 0.00 144.26 149.75
car 0.516287 123.06 179.33 139.42 201.13
boat 0.516207 54.29 73.24 142.27 174.05
aeroplane 0.516197 71.40 14.47 112.84 42.65
aeroplane 0.516165 52.17 127.12 121.23 161.17
car 0.516157 0.99 156.68 61.46 182.94
car 0.516088 9.86 148.87 77.83 185.95
train 0.516071 186.26 147.72 214.53 189.36
aeroplane 0.516054 120.61 192.53 141.97 218.71
aeroplane 0.516028 116.32 157.25 140.39 180.49
car 0.515992 20.29 208.36 56.37 224.00
car 0.515907 133.02 178.24 148.25 201.27
aeroplane 0.515857 100.86 7.14 128.93 35.60
car 0.515830 130.90 144.14 158.72 175.65
aeroplane 0.515803 126.86 7.88 151.90 34.14
car 0.515762 87.31 41.29 158.17 80.46
car 0.515707 124.81 31.27 159.31 61.29
aeroplane 0.515661 54.29 0.00 88.25 26.56
aeroplane 0.515631 96.88 191.04 118.38 218.50
aeroplane 0.515521 79.21 179.43 107.79 209.27
car 0.515504 155.11 25.01 180.73 43.33
aeroplane 0.515357 146.28 13.40 173.91 35.57
aeroplane 0.515353 83.31 9.83 119.83 38.74
aeroplane 0.515329 65.31 0.00 97.52 28.63
car 0.515265 85.75 56.00 180.29 134.68
car 0.515248 196.28 52.01 219.07 72.38
aeroplane 0.515226 75.41 196.39 106.36 224.00
aeroplane 0.515225 65.42 198.43 98.82 224.00
boat 0.515187 117.31 132.54 206.46 224.00
aeroplane 0.515177 79.37 167.72 109.08 201.27
aeroplane 0.515090 64.84 181.80 98.37 212.89
aeroplane 0.515007 32.97 157.73 88.02 198.60
train 0.514941 139.14 135.86 192.15 177.91
aeroplane 0.514927 136.56 10.73 164.80 35.26
aeroplane 0.514925 62.44 167.04 99.68 204.45
aeroplane 0.514834 96.66 142.45 132.88 178.85
train 0.514830 135.16 139.38 173.86 175.94
boat 0.514824 81.09 31.96 183.49 169.96
car 0.514821 123.98 150.17 149.51 176.89
aeroplane 0.514767 114.98 207.64 147.20 224.00
aeroplane 0.514702 130.06 190.93 150.65 218.92
car 0.514511 127.18 39.79 179.36 74.00
aeroplane 0.514501 93.53 177.89 115.19 204.87
aeroplane 0.514447 117.17 0.00 144.45 19.65
aeroplane 0.514354 126.91 24.06 153.90 46.42
aeroplane 0.514258 97.88 169.85 116.70 197.38
car 0.514152 156.83 170.13 189.34 202.11
aeroplane 0.513980 86.74 193.10 113.30 221.50
car 0.513967 142.39 32.26 180.88 55.45
boat 0.513739 78.78 0.00 113.02 25.43
aeroplane 0.513590 43.56 199.05 85.99 224.00
boat 0.513576 63.27 8.88 149.42 97.74
car 0.513401 142.86 176.60 161.17 200.14
aeroplane 0.513000 120.22 134.67 158.07 171.01
car 0.512953 185.35 156.29 213.41 194.02
car 0.512921 132.85 32.71 173.66 59.89
car 0.512900 146.67 25.53 175.82 45.58
aeroplane 0.512828 102.95 0.00 129.51 21.09
boat 0.512816 95.64 40.00 178.95 125.62
aeroplane 0.512796 18.78 163.50 77.67 196.98
car 0.512791 28.67 198.79 72.64 223.42
aeroplane 0.512586 35.51 172.20 86.15 204.52
aeroplane 0.512581 38.95 185.58 84.75 211.36
aeroplane 0.512523 139.67 188.69 160.70 217.47
car 0.512474 151.39 174.03 175.29 200.80
car 0.512413 155.78 18.84 215.80 116.90
boat 0.512352 90.05 0.00 120.38 22.82
car 0.512283 132.05 207.61 162.80 224.00
aeroplane 0.512215 136.56 25.61 167.35 46.69
boat 0.512100 144.20 0.00 201.88 83.13
boat 0.512093 128.13 28.87 196.30 118.35
aeroplane 0.512040 155.57 182.53 181.90 216.47
car 0.511966 141.97 208.41 172.09 224.00
aeroplane 0.511887 149.05 185.82 171.77 216.79
car 0.511885 24.52 188.54 71.36 208.37
aeroplane 0.511859 20.76 178.22 74.01 203.65
aeroplane 0.511757 107.86 138.42 148.26 173.98
car 0.511741 143.25 46.41 210.91 133.15
bus 0.511321 111.35 56.00 192.81 132.41
car 0.511242 156.13 208.68 189.13 224.00
car 0.511089 164.84 0.00 221.32 81.84
aeroplane 0.510896 193.51 204.50 218.93 224.00
aeroplane 0.510454 161.72 180.36 191.26 213.96
aeroplane 0.509095 191.72 181.06 214.33 212.87
