car 0.662520 9.87 92.28 208.60 163.92
aeroplane 0.614632 22.55 79.01 224.00 171.22
car 0.582295 22.80 98.63 128.69 171.18
person 0.579921 24.18 98.38 124.20 171.74
boat 0.566607 21.98 101.98 125.72 178.29
aeroplane 0.560109 116.73 113.69 173.43 174.40
boat 0.550102 19.06 108.54 89.35 184.39
boat 0.547851 15.36 89.19 100.94 167.75
aeroplane 0.547177 204.80 123.73 224.00 170.92
car 0.546654 31.28 118.08 110.59 187.39
sheep 0.546643 31.02 114.71 114.27 184.84
person 0.545274 50.35 103.99 118.79 165.50
person 0.544875 91.82 106.32 154.95 159.30
aeroplane 0.544519 107.25 110.37 163.87 163.89
sheep 0.543655 38.92 131.30 107.04 196.07
person 0.540881 73.04 105.92 130.99 159.51
sheep 0.539802 21.74 112.44 78.09 187.65
boat 0.539753 21.07 83.80 81.79 152.89
boat 0.539499 56.08 41.62 98.56 59.83
person 0.538968 113.16 111.28 169.83 166.73
aeroplane 0.537501 99.26 111.14 176.80 185.20
aeroplane 0.534773 90.85 107.23 150.32 164.62
cow 0.534473 0.00 116.16 14.56 175.94
aeroplane 0.534182 120.15 123.51 165.10 183.06
sheep 0.533337 55.29 37.29 104.29 55.88
person 0.533258 0.00 205.61 18.12 224.00
boat 0.533256 33.67 85.34 100.65 150.76
car 0.532532 178.39 0.00 224.00 52.49
boat 0.532149 33.51 119.94 109.16 190.25
aeroplane 0.531994 184.63 70.09 224.00 176.06
car 0.531892 0.00 99.28 79.96 172.95
sheep 0.531457 207.05 206.03 224.00 224.00
sheep 0.531268 0.00 117.11 23.11 173.77
chair 0.531257 197.69 0.05 224.00 119.14
sheep 0.531072 0.00 209.99 29.94 224.00
cow 0.530793 185.78 77.01 224.00 185.35
boat 0.530454 62.94 104.07 126.73 166.11
pottedplant 0.530172 16.99 144.87 130.70 224.00
aeroplane 0.529623 203.81 6.76 224.00 42.78
sheep 0.529602 26.64 137.33 61.04 201.54
person 0.529543 37.95 92.84 109.38 157.88
sheep 0.529455 31.15 121.22 89.83 194.33
person 0.529398 188.94 182.70 224.00 224.00
boat 0.529218 0.00 110.46 15.16 170.47
person 0.529217 103.38 98.39 148.85 146.78
boat 0.529207 0.00 83.66 10.47 139.15
tvmonitor 0.529003 193.56 0.00 224.00 95.03
boat 0.528523 10.04 118.81 38.74 171.99
bottle 0.528447 54.84 36.66 102.92 56.03
sheep 0.528441 47.87 151.47 104.74 204.89
aeroplane 0.528417 12.77 142.00 135.48 224.00
boat 0.528372 18.26 116.33 69.87 175.40
aeroplane 0.528325 182.42 122.41 219.62 172.63
sheep 0.528129 195.35 17.03 224.00 139.88
boat 0.527942 0.00 95.17 11.96 154.75
car 0.527865 0.00 0.00 22.33 22.27
sheep 0.527677 9.19 122.95 35.46 174.17
aeroplane 0.527356 194.40 119.81 224.00 173.28
sheep 0.527307 0.00 127.47 11.96 185.80
boat 0.527284 0.00 101.54 78.93 178.23
cow 0.527277 219.43 90.64 224.00 131.14
aeroplane 0.527085 117.75 207.17 160.41 224.00
car 0.527042 112.45 0.00 193.67 25.14
car 0.527009 0.00 0.00 39.13 42.21
cow 0.526855 208.29 128.55 224.00 224.00
sheep 0.526837 219.52 85.12 224.00 123.73
cow 0.526821 0.00 163.61 52.02 224.00
boat 0.526819 41.47 77.57 95.26 137.64
aeroplane 0.526671 193.32 38.64 224.00 158.57
sheep 0.526622 56.49 211.65 97.18 224.00
cow 0.526493 201.56 103.14 224.00 212.44
cow 0.526481 63.46 211.05 103.91 224.00
boat 0.526462 50.04 66.22 91.91 116.74
sheep 0.526376 188.12 209.87 221.39 224.00
aeroplane 0.526295 170.48 11.42 210.59 39.86
tvmonitor 0.526275 181.23 0.00 224.00 70.34
boat 0.526198 0.00 88.00 21.61 138.90
person 0.526164 65.64 96.37 115.01 150.74
dog 0.526092 217.65 35.22 224.00 79.15
aeroplane 0.525929 118.33 153.04 154.90 198.68
dog 0.525928 213.96 26.30 224.00 70.33
cow 0.525721 119.41 112.44 183.80 169.69
aeroplane 0.525644 137.63 208.84 171.64 224.00
aeroplane 0.525606 52.60 148.74 182.11 224.00
aeroplane 0.525080 8.75 107.64 171.87 184.68
aeroplane 0.524952 174.58 131.02 212.49 171.08
aeroplane 0.524910 117.98 170.94 151.59 207.63
sheep 0.524898 29.51 166.72 60.02 210.48
bottle 0.524825 3.60 211.56 38.94 224.00
aeroplane 0.524790 217.78 99.36 224.00 144.22
aeroplane 0.524769 118.39 183.80 151.44 211.45
cow 0.524740 146.85 209.64 181.33 224.00
person 0.524734 45.96 84.86 106.22 143.66
car 0.524717 202.95 0.00 224.00 30.95
sofa 0.524697 204.60 13.02 224.00 52.88
aeroplane 0.524562 215.47 151.87 224.00 207.80
car 0.524224 140.97 0.00 218.95 27.14
person 0.524207 114.39 87.86 147.12 129.66
aeroplane 0.524163 75.95 164.86 197.38 224.00
boat 0.524123 0.00 104.21 23.42 162.66
sheep 0.524116 53.44 30.72 105.52 52.98
pottedplant 0.524062 0.00 85.77 74.13 170.37
sheep 0.524029 219.21 166.94 224.00 215.01
cow 0.524000 129.56 187.19 223.78 224.00
aeroplane 0.523997 42.29 93.63 201.45 191.72
sheep 0.523966 41.34 211.36 81.20 224.00
dog 0.523954 219.73 45.13 224.00 89.22
aeroplane 0.523928 218.69 177.40 224.00 221.68
person 0.523920 87.31 98.26 128.81 144.56
boat 0.523892 0.00 0.00 55.75 37.02
aeroplane 0.523881 210.05 136.83 224.00 195.62
boat 0.523869 16.90 118.70 149.16 186.95
sheep 0.523782 51.06 166.95 95.69 209.61
person 0.523738 74.28 88.13 112.57 135.10
aeroplane 0.523636 212.01 111.21 224.00 160.91
cow 0.523609 176.64 119.82 209.22 165.94
cow 0.523570 155.13 209.95 190.59 224.00
person 0.523545 92.77 89.89 125.39 129.47
aeroplane 0.523533 118.25 191.98 152.21 218.44
boat 0.523530 57.05 0.00 122.40 27.37
cow 0.523507 100.04 178.64 210.98 224.00
boat 0.523494 14.12 0.00 75.43 34.20
car 0.523424 208.45 18.77 224.00 60.98
car 0.523390 0.00 82.82 180.85 213.46
car 0.523379 0.00 0.00 158.88 158.42
sheep 0.523238 24.54 211.52 66.17 224.00
sheep 0.523190 220.00 69.40 224.00 110.47
boat 0.523168 20.71 88.63 64.11 140.03
car 0.523146 84.07 0.00 160.57 24.95
sheep 0.523067 0.00 159.12 88.46 224.00
boat 0.522991 43.57 0.00 107.09 31.34
boat 0.522882 29.89 0.00 91.72 33.80
aeroplane 0.522859 42.12 0.00 224.00 184.92
aeroplane 0.522746 117.30 99.30 155.93 146.67
aeroplane 0.522675 176.94 0.00 210.24 26.28
pottedplant 0.522657 0.00 0.05 36.87 106.48
sheep 0.522654 0.00 57.53 8.18 99.76
sheep 0.522615 33.44 150.40 70.22 205.72
sheep 0.522607 11.24 212.39 49.93 224.00
dog 0.522418 220.00 57.22 224.00 100.84
cow 0.522399 171.17 210.73 207.08 224.00
aeroplane 0.522346 127.94 126.39 186.06 181.34
sheep 0.522306 0.00 146.19 9.83 203.17
aeroplane 0.522281 51.15 0.00 86.98 16.39
cow 0.522237 200.23 120.04 224.00 172.17
pottedplant 0.522224 0.00 44.24 52.15 150.43
cow 0.522214 81.76 209.98 120.57 224.00
car 0.522051 67.69 0.00 137.38 24.97
sheep 0.522008 0.00 27.01 9.98 60.77
sheep 0.521996 15.18 154.21 116.33 224.00
sheep 0.521786 0.00 181.93 11.25 224.00
aeroplane 0.521756 186.30 9.04 219.73 40.42
cow 0.521699 0.00 106.76 75.08 188.83
aeroplane 0.521684 98.96 0.00 131.78 17.98
car 0.521655 20.98 39.45 224.00 177.41
aeroplane 0.521649 122.69 0.00 155.45 15.02
boat 0.521612 12.55 90.32 39.36 137.23
aeroplane 0.521486 216.42 188.88 224.00 224.00
cow 0.521450 0.00 24.41 42.34 133.21
aeroplane 0.521364 89.76 0.00 124.09 17.52
sheep 0.521302 0.00 34.78 8.75 69.09
cow 0.521264 198.60 161.10 224.00 224.00
aeroplane 0.521233 114.49 74.22 224.00 172.54
sheep 0.521226 53.62 188.21 92.15 221.45
aeroplane 0.521197 73.54 0.00 109.26 16.93
sheep 0.521163 0.00 18.92 11.23 52.14
car 0.521089 2.16 0.00 30.68 18.84
aeroplane 0.521084 107.28 0.00 139.19 16.95
aeroplane 0.521047 101.10 47.07 128.33 70.37
sheep 0.520928 0.00 42.29 8.42 79.49
sheep 0.520839 0.00 62.75 17.36 94.87
sheep 0.520828 0.00 196.75 14.06 224.00
sheep 0.520769 1.40 30.80 18.11 54.36
sheep 0.520745 26.22 154.36 55.58 204.13
aeroplane 0.520715 115.12 0.00 146.93 15.77
aeroplane 0.520714 161.18 0.00 198.46 20.54
boat 0.520680 54.85 78.05 102.39 126.53
aeroplane 0.520635 96.89 39.25 130.99 64.42
aeroplane 0.520602 13.11 120.95 148.91 206.13
cow 0.520592 156.50 115.33 196.07 163.09
aeroplane 0.520544 119.31 89.89 150.66 128.25
aeroplane 0.520493 114.08 200.52 154.04 224.00
aeroplane 0.520489 135.32 0.00 170.02 14.58
aeroplane 0.520464 55.36 30.38 108.64 52.69
sheep 0.520456 0.00 170.35 9.98 217.14
sheep 0.520431 0.00 11.92 12.45 42.48
aeroplane 0.520415 89.32 12.42 131.93 30.17
cow 0.520413 188.43 120.93 221.77 172.69
sheep 0.520388 28.83 184.50 60.90 224.00
aeroplane 0.520332 44.72 62.12 224.00 220.30
sheep 0.520236 18.43 121.80 57.61 180.45
dog 0.520230 116.48 80.98 142.14 116.03
sheep 0.520209 40.94 150.14 81.53 204.48
sheep 0.520132 0.49 39.26 16.50 63.18
sheep 0.520114 91.92 157.43 115.12 199.44
sheep 0.520067 8.83 129.87 28.45 188.62
sheep 0.520013 0.00 184.72 21.25 219.98
sheep 0.520001 0.00 71.87 19.59 108.67
aeroplane 0.519999 99.18 208.65 145.85 224.00
aeroplane 0.519998 173.62 30.11 199.55 56.78
aeroplane 0.519991 97.98 121.13 145.31 174.59
aeroplane 0.519987 176.43 1.58 214.53 37.53
boat 0.519909 32.54 80.09 74.89 134.84
aeroplane 0.519868 151.64 0.00 188.79 17.64
sheep 0.519817 0.00 131.37 18.78 191.66
cow 0.519791 169.27 112.88 199.42 159.21
aeroplane 0.519688 168.93 22.22 203.28 48.44
sheep 0.519649 0.00 54.67 16.36 84.09
aeroplane 0.519640 160.62 133.80 198.40 174.08
sheep 0.519614 0.00 141.13 55.44 224.00
boat 0.519594 55.55 52.79 94.14 88.91
cow 0.519569 91.64 209.53 132.82 224.00
aeroplane 0.519535 57.43 162.39 105.77 210.09
sofa 0.519509 185.55 11.46 218.51 41.52
dog 0.519488 112.94 71.06 134.22 100.72
sheep 0.519415 0.00 4.21 14.08 32.83
aeroplane 0.519399 209.86 201.76 224.00 224.00
sheep 0.519391 0.00 0.00 18.00 24.57
aeroplane 0.519319 16.15 15.16 94.37 106.25
sheep 0.519272 42.10 165.45 77.74 208.60
boat 0.519268 78.51 81.59 109.95 118.54
aeroplane 0.519262 0.00 8.74 70.95 115.42
dog 0.519256 95.53 82.83 121.11 115.41
cow 0.519237 19.98 128.72 141.21 208.42
sheep 0.519191 3.28 21.90 19.88 45.25
sheep 0.519137 10.55 142.32 26.87 195.49
sheep 0.519073 11.63 186.61 29.70 218.65
aeroplane 0.519057 34.54 115.28 186.88 220.81
aeroplane 0.518822 51.68 15.33 103.00 38.75
sheep 0.518784 85.02 146.91 112.99 194.68
aeroplane 0.518772 157.23 117.89 199.64 168.09
sheep 0.518612 125.38 92.16 159.09 127.85
aeroplane 0.518540 38.28 21.25 49.56 34.13
dog 0.518446 118.94 71.72 140.56 98.93
sheep 0.518390 0.00 47.16 15.79 73.84
aeroplane 0.518360 163.94 17.63 206.75 42.08
dog 0.518284 105.90 72.21 126.45 100.89
cow 0.518215 11.46 104.82 127.11 175.83
aeroplane 0.518175 117.60 12.58 161.81 33.61
aeroplane 0.518173 77.79 14.59 126.55 31.61
sheep 0.518165 5.63 14.46 20.96 35.26
aeroplane 0.518087 87.29 19.37 134.24 38.64
person 0.518074 103.36 82.74 128.45 115.88
boat 0.518046 59.49 68.62 100.18 107.31
aeroplane 0.518027 27.26 67.90 50.10 97.98
sheep 0.518020 42.95 183.85 75.05 220.66
boat 0.517941 11.84 83.71 33.16 123.22
sheep 0.517925 14.72 17.18 25.41 31.94
sheep 0.517908 21.28 140.31 47.76 196.33
aeroplane 0.517883 170.57 95.37 190.41 132.51
sheep 0.517880 0.00 202.47 25.67 224.00
aeroplane 0.517869 192.32 0.00 224.00 30.00
boat 0.517837 8.22 0.00 37.49 17.17
aeroplane 0.517813 126.32 148.26 168.50 197.67
sheep 0.517813 58.01 41.79 100.01 60.99
boat 0.517800 28.98 75.14 58.66 119.60
aeroplane 0.517796 131.13 38.92 158.16 61.32
sheep 0.517787 12.50 172.37 27.11 207.32
boat 0.517753 39.27 71.20 73.42 114.44
dog 0.517683 97.25 73.01 118.78 100.30
aeroplane 0.517658 171.48 89.69 189.37 118.86
aeroplane 0.517628 141.68 150.41 177.07 194.30
dog 0.517538 105.59 52.73 126.69 76.18
aeroplane 0.517504 74.44 0.00 118.21 24.66
sheep 0.517448 0.00 172.08 18.77 211.81
dog 0.517445 121.98 83.28 147.50 114.16
sheep 0.517442 12.07 157.99 26.51 201.87
sheep 0.517437 180.85 91.05 198.93 117.26
aeroplane 0.517357 142.19 162.21 174.07 202.71
boat 0.517347 38.38 0.00 67.61 15.78
dog 0.517346 111.10 52.82 132.72 75.87
sheep 0.517331 10.51 67.45 27.15 91.51
aeroplane 0.517315 135.18 48.54 156.62 66.94
aeroplane 0.517295 158.75 94.64 182.93 136.25
aeroplane 0.517295 139.93 139.29 180.88 187.67
boat 0.517271 30.86 0.00 59.79 15.83
boat 0.517263 110.81 147.78 146.48 189.59
sheep 0.517252 14.81 11.34 26.01 23.65
dog 0.517241 181.55 84.23 198.24 106.78
aeroplane 0.517234 156.98 152.76 183.57 190.47
aeroplane 0.517225 127.06 29.00 159.87 54.65
aeroplane 0.517218 20.43 68.88 39.31 93.69
aeroplane 0.517209 31.96 65.81 56.07 99.63
sheep 0.517190 189.01 84.98 208.44 108.65
sheep 0.517183 0.00 34.69 86.55 145.29
sheep 0.517156 6.90 8.41 22.41 26.66
aeroplane 0.517152 167.47 144.09 193.17 179.34
dog 0.517124 112.96 59.76 132.93 85.90
sheep 0.517112 20.22 186.73 42.57 219.63
aeroplane 0.517107 31.26 19.83 40.85 32.70
aeroplane 0.517101 116.49 20.63 162.50 40.42
sheep 0.517095 189.41 91.68 209.17 116.70
aeroplane 0.517082 134.85 91.11 168.80 128.27
aeroplane 0.517072 105.95 13.31 150.26 30.93
sheep 0.517071 165.86 4.38 224.00 118.39
boat 0.516984 12.10 75.89 29.45 106.10
aeroplane 0.516980 161.07 88.37 181.36 121.25
aeroplane 0.516939 118.77 0.00 157.15 23.12
aeroplane 0.516926 92.26 30.24 135.07 55.37
dog 0.516863 77.84 71.98 108.01 101.71
aeroplane 0.516860 155.28 161.91 181.63 198.87
sheep 0.516857 67.54 154.75 110.42 206.09
sheep 0.516845 9.31 58.92 25.01 79.81
aeroplane 0.516819 111.88 48.08 140.95 68.30
aeroplane 0.516819 169.05 104.03 193.80 150.24
boat 0.516808 64.23 118.85 118.03 176.96
sheep 0.516807 20.82 42.95 111.22 143.69
boat 0.516771 16.16 0.00 45.80 16.08
aeroplane 0.516767 155.60 103.60 186.38 153.28
dog 0.516736 138.01 85.25 167.71 113.82
boat 0.516690 105.97 135.63 145.09 181.77
aeroplane 0.516685 59.66 22.62 113.78 48.53
aeroplane 0.516683 180.04 96.04 198.93 130.01
cow 0.516668 96.63 106.43 209.31 201.00
dog 0.516653 106.37 60.30 126.21 86.82
aeroplane 0.516624 159.71 143.96 187.67 182.52
aeroplane 0.516609 124.73 22.74 163.44 47.01
aeroplane 0.516600 137.15 56.68 156.60 74.20
dog 0.516588 128.56 85.98 157.87 113.99
aeroplane 0.516575 27.39 60.01 47.95 85.61
dog 0.516568 140.42 77.06 167.15 97.64
aeroplane 0.516528 128.62 163.09 165.45 206.18
aeroplane 0.516523 189.95 148.77 220.37 197.84
sheep 0.516521 111.63 159.65 146.86 196.66
aeroplane 0.516478 37.74 13.45 48.40 24.52
aeroplane 0.516478 143.15 174.22 173.13 208.88
dog 0.516446 142.39 66.44 166.48 84.96
aeroplane 0.516434 146.92 89.12 175.90 125.94
sheep 0.516433 21.89 170.06 43.45 206.61
aeroplane 0.516430 179.47 40.11 197.42 62.96
aeroplane 0.516396 165.92 153.69 188.75 187.56
aeroplane 0.516358 118.12 23.90 222.09 127.11
aeroplane 0.516354 38.38 27.11 50.42 42.50
sheep 0.516346 12.39 42.13 22.78 58.60
sheep 0.516309 22.39 155.49 45.65 201.81
sheep 0.516304 15.19 66.37 118.58 164.81
sheep 0.516302 12.94 24.65 24.75 41.54
aeroplane 0.516288 148.51 10.58 201.07 37.17
aeroplane 0.516246 129.83 177.32 164.15 210.84
aeroplane 0.516226 89.51 24.33 136.04 47.09
aeroplane 0.516196 157.30 0.00 204.41 32.30
dog 0.516194 182.18 74.16 195.91 95.58
sheep 0.516189 12.27 33.61 23.73 50.48
dog 0.516188 172.62 83.26 188.23 106.37
dog 0.516159 189.18 74.57 206.09 98.28
sheep 0.516031 51.07 24.83 97.87 44.59
dog 0.516026 134.84 66.76 157.02 85.01
boat 0.516010 21.73 76.92 44.66 109.78
aeroplane 0.515973 183.41 26.94 210.01 56.97
sheep 0.515968 199.56 90.23 216.44 116.80
aeroplane 0.515955 124.78 48.40 148.37 67.56
aeroplane 0.515941 129.16 106.24 179.70 161.45
aeroplane 0.515933 102.99 21.18 151.56 38.64
boat 0.515931 20.30 85.13 53.63 127.84
aeroplane 0.515928 63.57 14.34 114.97 38.40
aeroplane 0.515926 19.43 60.50 36.68 81.47
dog 0.515894 119.37 61.21 139.56 84.97
sheep 0.515894 79.00 39.73 123.06 60.79
sheep 0.515893 10.54 50.48 22.91 68.91
dog 0.515886 131.49 77.52 157.33 97.48
aeroplane 0.515855 119.76 39.47 150.34 62.63
sheep 0.515823 30.63 12.85 40.30 23.35
aeroplane 0.515811 106.12 39.95 142.62 63.36
aeroplane 0.515811 133.59 189.65 166.13 219.86
sheep 0.515793 46.37 23.50 73.46 37.17
boat 0.515791 0.00 0.00 60.41 69.16
dog 0.515777 173.72 74.30 186.28 94.21
aeroplane 0.515767 188.73 96.11 208.84 127.80
aeroplane 0.515760 117.78 141.23 162.34 187.52
aeroplane 0.515746 182.97 39.36 202.86 63.24
aeroplane 0.515727 137.66 37.98 165.27 59.70
cow 0.515706 199.40 94.13 215.94 125.42
aeroplane 0.515697 139.75 96.96 177.24 143.98
dog 0.515678 124.60 74.62 146.89 97.20
aeroplane 0.515665 141.92 47.68 164.73 66.10
sheep 0.515655 174.97 0.00 224.00 86.20
cow 0.515579 157.15 114.42 224.00 216.63
aeroplane 0.515532 143.78 56.35 165.47 73.96
sheep 0.515525 198.66 83.82 215.76 110.63
aeroplane 0.515518 49.91 0.00 94.29 25.85
sheep 0.515464 4.41 0.00 26.77 19.59
aeroplane 0.515432 176.36 18.93 210.64 48.34
dog 0.515424 150.20 83.39 173.81 110.81
sheep 0.515409 96.74 165.91 118.19 205.19
aeroplane 0.515346 177.83 104.69 201.22 150.12
sheep 0.515338 23.22 18.99 33.00 31.02
aeroplane 0.515325 37.12 62.75 66.56 96.25
boat 0.515319 57.97 44.93 97.23 69.18
aeroplane 0.515314 117.44 53.37 139.53 74.66
sheep 0.515267 23.15 12.80 33.32 22.26
dog 0.515257 162.63 82.66 179.33 107.21
sheep 0.515257 62.98 33.69 114.37 53.79
aeroplane 0.515240 156.28 172.11 182.46 208.02
aeroplane 0.515239 165.85 163.70 187.69 197.18
aeroplane 0.515216 128.12 100.13 170.05 148.57
dog 0.515182 151.18 75.70 172.66 95.24
cow 0.515092 123.04 76.74 224.00 182.44
dog 0.515079 163.89 74.74 177.92 93.72
aeroplane 0.515075 31.35 25.82 41.77 41.43
aeroplane 0.515060 128.62 55.03 147.41 74.08
sheep 0.515058 138.12 0.00 223.87 82.78
aeroplane 0.515043 172.28 140.37 202.93 177.49
aeroplane 0.515028 135.10 9.86 186.09 37.70
dog 0.515013 83.89 45.35 119.76 65.79
sheep 0.514982 144.52 25.46 224.00 146.04
sheep 0.514963 50.36 206.50 84.61 224.00
aeroplane 0.514922 182.62 61.97 195.00 83.69
dog 0.514901 189.48 61.74 203.80 85.79
aeroplane 0.514853 87.16 41.18 224.00 145.63
sheep 0.514840 198.52 73.99 214.32 101.29
aeroplane 0.514834 33.43 57.81 54.00 86.31
sheep 0.514815 197.11 167.67 221.55 206.90
aeroplane 0.514811 172.99 40.97 190.12 63.58
aeroplane 0.514759 197.67 132.68 224.00 192.45
dog 0.514742 197.73 25.17 222.13 62.78
aeroplane 0.514716 77.18 163.92 111.26 209.13
aeroplane 0.514704 116.48 29.37 153.18 55.22
aeroplane 0.514674 146.16 187.90 176.07 223.46
aeroplane 0.514658 45.33 58.65 78.83 91.46
aeroplane 0.514655 174.48 63.08 186.10 83.04
dog 0.514622 204.19 34.98 222.39 71.23
boat 0.514611 75.03 133.39 113.44 186.07
dog 0.514611 96.35 60.61 118.84 86.55
aeroplane 0.514594 158.90 32.90 187.19 56.95
sheep 0.514546 47.53 29.28 75.33 43.98
sheep 0.514545 59.39 204.96 100.56 224.00
dog 0.514506 20.64 51.25 33.23 68.92
dog 0.514490 127.90 64.39 146.92 84.72
aeroplane 0.514461 30.04 50.28 44.29 71.03
aeroplane 0.514441 60.07 0.00 106.92 27.37
aeroplane 0.514377 135.78 0.00 180.59 27.69
aeroplane 0.514354 144.28 36.42 173.62 58.35
aeroplane 0.514345 74.69 31.51 127.94 53.26
sheep 0.514345 7.76 205.13 34.40 224.00
sheep 0.514320 198.63 179.57 221.63 214.60
aeroplane 0.514308 159.27 187.42 186.85 224.00
aeroplane 0.514267 146.70 0.00 194.02 29.55
aeroplane 0.514261 182.63 50.01 195.97 71.91
aeroplane 0.514240 173.66 152.11 197.76 187.32
aeroplane 0.514220 180.35 149.89 209.88 191.36
aeroplane 0.514195 72.47 25.71 129.87 46.60
aeroplane 0.514187 167.62 174.38 190.53 209.33
aeroplane 0.514180 64.70 181.44 106.67 218.89
aeroplane 0.514169 163.46 64.19 178.14 83.21
dog 0.514169 149.86 65.19 172.05 83.68
aeroplane 0.514149 185.19 105.00 209.84 149.95
aeroplane 0.514127 15.41 0.00 80.30 58.83
aeroplane 0.514113 190.60 36.83 209.46 64.20
aeroplane 0.514084 187.78 49.26 202.43 72.47
pottedplant 0.514081 9.08 80.67 124.11 172.03
cow 0.514071 212.00 90.25 224.00 127.17
aeroplane 0.514048 31.87 33.03 41.36 49.02
aeroplane 0.513996 45.25 15.04 68.08 27.97
sheep 0.513943 198.35 61.32 212.26 89.04
cow 0.513923 205.40 111.24 224.00 162.33
sheep 0.513915 212.00 86.21 224.00 120.38
aeroplane 0.513876 156.26 24.21 194.54 49.39
cow 0.513847 195.52 102.29 216.26 146.14
aeroplane 0.513844 40.15 33.55 50.76 49.28
person 0.513842 12.33 70.04 130.32 168.36
sheep 0.513829 210.70 177.98 224.00 218.18
aeroplane 0.513808 128.86 18.22 175.11 41.08
aeroplane 0.513802 31.99 40.74 41.25 57.32
sheep 0.513765 10.77 0.00 32.05 17.59
aeroplane 0.513720 169.44 190.33 195.09 224.00
sheep 0.513719 204.84 149.48 224.00 204.48
sheep 0.513665 209.98 46.40 222.74 82.25
aeroplane 0.513656 147.44 45.96 171.59 64.82
sheep 0.513639 197.92 191.99 221.14 224.00
sheep 0.513626 209.24 190.07 224.00 224.00
cow 0.513616 114.42 151.56 214.54 224.00
dog 0.513609 195.73 47.70 210.09 74.58
aeroplane 0.513595 175.05 51.23 187.92 72.21
sheep 0.513509 165.60 0.00 224.00 54.53
aeroplane 0.513476 140.72 26.84 177.93 51.37
dog 0.513358 22.25 42.23 31.12 57.04
aeroplane 0.513338 102.33 24.81 148.74 46.52
aeroplane 0.513295 22.02 25.74 32.70 40.50
aeroplane 0.513289 114.75 0.61 224.00 90.96
sheep 0.513267 19.42 206.86 55.23 224.00
aeroplane 0.513233 176.81 165.57 197.15 198.65
aeroplane 0.513223 186.75 166.72 211.27 202.29
sheep 0.513220 68.34 201.32 107.92 224.00
aeroplane 0.513157 146.33 204.15 179.66 224.00
aeroplane 0.513142 161.96 42.85 182.17 63.80
aeroplane 0.513125 84.80 180.24 113.71 216.91
aeroplane 0.513112 149.02 54.84 171.22 72.93
aeroplane 0.513026 22.05 34.02 31.66 49.26
aeroplane 0.513023 190.60 17.67 220.43 53.13
sheep 0.512980 32.86 204.45 69.44 224.00
aeroplane 0.512958 137.84 20.78 181.95 45.59
aeroplane 0.512918 101.43 173.39 121.99 207.71
cow 0.512870 211.64 98.60 224.00 143.32
aeroplane 0.512819 179.36 177.78 201.09 211.01
aeroplane 0.512688 163.00 52.80 179.51 72.66
cow 0.512592 161.53 157.93 224.00 224.00
aeroplane 0.512586 189.65 179.91 213.86 212.66
sheep 0.512577 65.17 45.62 106.69 62.67
aeroplane 0.512538 41.10 39.82 50.40 56.49
aeroplane 0.512500 157.66 206.05 190.20 224.00
sheep 0.512487 84.56 199.05 116.30 224.00
sheep 0.512403 21.43 132.04 129.78 211.42
sheep 0.512374 50.62 34.75 76.62 48.67
dog 0.512366 212.00 59.76 224.00 95.89
sheep 0.512322 212.00 71.79 224.00 106.96
aeroplane 0.512271 38.22 48.28 51.98 70.40
sheep 0.512240 56.06 45.29 96.27 69.37
aeroplane 0.512233 179.29 193.03 204.47 224.00
aeroplane 0.512143 32.53 0.00 93.27 53.44
dog 0.512047 90.70 51.31 118.56 72.91
boat 0.511917 74.64 58.17 107.28 85.47
sheep 0.511889 19.07 0.00 40.31 15.82
aeroplane 0.511845 103.72 185.06 125.81 214.47
sheep 0.511844 33.56 0.00 53.45 16.13
aeroplane 0.511805 188.79 193.98 215.30 224.00
aeroplane 0.511768 165.81 207.79 197.59 224.00
sheep 0.511608 26.58 0.00 47.15 15.83
sheep 0.511108 136.41 0.00 217.95 38.34
aeroplane 0.511028 98.46 199.95 129.11 224.00
sheep 0.510893 40.84 0.00 65.72 18.10
sheep 0.510870 40.82 0.00 104.78 50.68
aeroplane 0.510412 173.76 208.70 206.23 224.00
sheep 0.510248 35.05 12.26 121.58 102.79
aeroplane 0.510221 42.66 51.80 73.81 78.92
sheep 0.509955 52.00 38.15 78.38 53.03
aeroplane 0.509870 29.31 55.03 173.52 158.32
aeroplane 0.509804 71.15 3.69 181.86 93.96
sheep 0.509630 51.04 0.00 119.08 41.84
dog 0.509618 52.04 46.92 89.12 71.97
aeroplane 0.509486 48.66 8.22 146.27 95.65
sheep 0.509061 108.99 0.00 208.37 29.87
sheep 0.508459 50.27 42.88 78.91 63.32
sheep 0.508305 68.35 48.87 105.61 69.13
sheep 0.508216 61.77 0.00 137.06 30.04
sheep 0.507916 82.82 0.00 169.39 26.23
