cat 0.692053 0.00 9.39 198.01 212.87
sheep 0.561351 13.71 115.96 88.44 196.31
bottle 0.552371 0.00 123.55 56.63 202.12
sheep 0.551258 11.59 17.46 149.67 195.54
sheep 0.549549 92.97 1.22 149.78 80.35
chair 0.549528 53.72 0.00 113.68 63.45
cat 0.548834 17.45 10.65 158.00 181.04
sheep 0.546391 70.17 0.00 143.81 52.47
sheep 0.542550 25.83 137.76 74.34 206.84
cat 0.542168 14.41 77.59 207.85 208.80
cat 0.541253 54.08 7.48 198.15 174.82
chair 0.540472 65.97 0.00 128.62 54.69
bottle 0.539955 0.00 0.00 20.76 69.44
bottle 0.539703 0.00 85.69 29.17 198.28
sheep 0.539299 35.31 95.51 108.19 165.53
person 0.539291 0.00 0.00 31.78 81.67
chair 0.538916 0.00 0.00 37.00 73.57
person 0.538817 14.32 14.62 135.35 170.00
person 0.538634 0.00 37.37 21.60 176.99
cat 0.537759 210.32 46.03 224.00 181.19
chair 0.537527 22.23 2.76 168.69 165.20
tvmonitor 0.537389 0.00 0.00 17.99 33.35
bottle 0.537012 6.72 0.00 40.07 67.65
sheep 0.536517 149.56 21.85 189.79 98.03
person 0.536301 0.00 6.38 29.25 130.39
sheep 0.535943 30.04 107.84 97.32 183.46
sofa 0.535921 167.78 209.55 211.81 224.00
bottle 0.535633 17.30 135.45 72.38 202.46
dog 0.535265 155.07 211.53 201.74 224.00
chair 0.534016 48.60 0.00 87.97 56.22
dog 0.533912 198.48 0.00 224.00 123.25
sheep 0.533883 45.93 91.40 113.63 146.18
sofa 0.533575 205.13 200.31 224.00 224.00
bottle 0.533078 20.23 0.01 53.12 61.44
chair 0.532914 52.07 0.00 104.79 42.43
cat 0.532883 32.84 127.82 183.66 224.00
sheep 0.532761 101.68 21.00 155.14 89.80
chair 0.532682 18.20 0.00 180.31 97.37
cat 0.532599 202.41 10.81 224.00 144.67
cat 0.532497 212.40 86.43 224.00 218.01
bottle 0.532379 32.05 2.45 61.09 59.09
bottle 0.532316 0.00 173.46 66.51 224.00
cat 0.532131 185.91 121.81 216.10 163.20
pottedplant 0.532013 41.13 1.91 73.29 56.74
bottle 0.531924 0.00 202.07 19.83 224.00
sheep 0.531915 8.50 46.71 105.12 197.27
sheep 0.531588 38.02 149.22 74.60 212.22
person 0.531391 187.80 177.22 224.00 224.00
sheep 0.531391 17.46 62.69 51.02 112.11
bottle 0.531297 5.60 66.89 98.09 195.76
dog 0.530915 149.90 20.11 194.22 95.21
tvmonitor 0.530754 16.77 0.00 57.05 51.59
sheep 0.530493 107.35 148.32 153.28 199.65
sheep 0.530331 0.00 117.23 43.71 186.11
cat 0.530132 104.73 76.97 164.60 141.55
tvmonitor 0.530029 17.67 0.00 55.40 29.15
sheep 0.529997 44.47 76.97 100.28 129.38
bottle 0.529952 0.00 206.01 32.63 224.00
tvmonitor 0.529826 5.52 0.00 35.70 29.69
dog 0.529817 173.92 0.00 224.00 66.77
dog 0.529750 30.26 0.00 179.35 116.22
sheep 0.529715 107.80 88.65 156.04 144.37
dog 0.529699 142.47 210.26 186.13 224.00
sheep 0.529642 139.79 16.89 180.83 95.47
chair 0.529514 30.13 0.00 143.89 69.97
dog 0.529472 209.10 122.00 224.00 224.00
sofa 0.529316 190.27 203.11 221.99 224.00
sheep 0.529128 59.44 160.85 84.89 213.03
cat 0.528900 191.90 120.08 224.00 165.29
cat 0.528711 206.77 176.69 224.00 218.11
sofa 0.528677 185.42 181.40 211.90 214.32
person 0.528150 18.28 6.40 116.75 131.76
sheep 0.528116 44.26 68.78 91.72 112.32
cat 0.527845 81.43 11.53 211.50 140.51
sheep 0.527403 35.05 88.49 94.84 149.13
sheep 0.527392 58.39 86.53 110.44 121.56
person 0.527292 1.47 0.00 72.22 110.44
dog 0.527191 121.39 212.10 166.98 224.00
dog 0.527147 205.37 172.11 224.00 216.36
tvmonitor 0.526956 29.83 0.00 69.35 30.74
sheep 0.526911 52.33 117.18 105.17 171.77
bottle 0.526871 11.64 0.00 49.39 48.99
dog 0.526831 53.06 0.00 165.97 74.06
tvmonitor 0.526827 38.31 0.00 70.49 57.21
bottle 0.526825 28.19 136.81 139.27 224.00
chair 0.526709 41.06 0.00 83.56 33.02
aeroplane 0.526647 204.24 0.00 224.00 20.28
bottle 0.526529 5.57 0.00 34.65 47.23
cat 0.526457 117.52 33.19 217.87 192.69
dog 0.526410 202.07 12.55 224.00 72.37
bottle 0.526382 0.00 117.69 37.60 211.90
pottedplant 0.526380 47.09 0.00 87.48 53.92
sofa 0.526196 206.96 181.30 224.00 220.71
cat 0.526145 185.97 176.23 211.37 211.53
bottle 0.526136 17.18 209.88 54.91 224.00
chair 0.526132 198.08 150.76 224.00 224.00
dog 0.525928 71.32 11.73 204.61 139.88
sheep 0.525896 28.86 65.74 74.61 113.91
sheep 0.525885 124.55 14.44 170.04 95.05
sheep 0.525865 105.45 212.29 147.87 224.00
sheep 0.525807 75.49 0.00 121.43 63.19
sheep 0.525772 71.75 172.59 91.51 214.23
aeroplane 0.525737 206.97 0.00 224.00 39.48
bottle 0.525599 21.40 151.63 108.97 224.00
sheep 0.525513 93.32 139.74 124.73 201.23
sheep 0.525504 61.66 80.47 106.14 112.08
sheep 0.525165 76.89 141.17 112.04 203.89
cat 0.525076 103.13 30.08 159.05 99.85
sheep 0.525063 50.19 158.03 77.93 214.64
chair 0.524959 81.67 0.00 139.62 37.01
sheep 0.524863 182.78 22.77 215.33 78.86
dog 0.524822 208.51 19.62 224.00 79.44
chair 0.524810 134.54 184.13 213.47 224.00
sheep 0.524810 104.22 150.94 172.71 194.32
bottle 0.524806 0.00 184.56 27.23 223.24
chair 0.524748 160.54 180.09 224.00 224.00
sheep 0.524746 219.22 80.72 224.00 123.40
sheep 0.524739 111.47 79.33 164.69 126.66
sofa 0.524731 181.23 199.37 213.43 224.00
sheep 0.524632 217.45 87.23 224.00 135.18
cat 0.524587 111.84 65.04 164.36 119.18
bottle 0.524427 0.00 183.52 13.54 224.00
aeroplane 0.524253 202.90 4.92 224.00 49.49
sheep 0.524224 88.57 0.00 144.36 35.92
cat 0.524117 151.61 36.61 189.52 106.55
cat 0.524112 20.75 76.73 142.39 198.13
bottle 0.524110 24.88 209.84 67.15 224.00
sheep 0.524099 165.76 24.25 207.03 83.72
sheep 0.524091 33.13 72.04 86.52 125.78
sheep 0.524088 41.91 130.42 83.87 212.27
sheep 0.524010 79.51 180.44 100.73 213.36
sheep 0.523941 114.29 110.12 147.60 154.26
person 0.523898 0.00 65.24 13.05 114.09
bottle 0.523877 37.22 155.80 68.85 212.78
sheep 0.523831 109.27 194.02 140.25 224.00
sheep 0.523812 59.72 72.09 100.04 107.26
cat 0.523768 186.12 131.15 213.76 173.04
dog 0.523733 107.16 9.47 158.81 87.13
cat 0.523635 114.76 97.46 156.98 149.36
sheep 0.523562 107.50 103.75 141.71 148.54
bottle 0.523511 54.51 208.29 95.62 224.00
bottle 0.523417 65.82 208.43 104.16 224.00
sheep 0.523251 206.10 106.46 224.00 156.33
sheep 0.523244 0.00 104.20 31.44 162.15
person 0.523225 0.00 108.71 36.06 167.86
sheep 0.523222 87.68 184.79 113.87 213.11
sheep 0.523211 106.38 137.17 144.02 193.26
sheep 0.523156 106.71 170.78 143.30 211.07
sheep 0.523151 90.90 210.45 133.09 224.00
sheep 0.523063 108.03 184.80 139.97 214.61
bottle 0.523013 38.65 208.67 83.75 224.00
sheep 0.522982 212.90 96.36 224.00 147.42
dog 0.522906 152.45 195.81 183.96 221.92
bottle 0.522836 75.92 209.19 113.98 224.00
dog 0.522834 138.54 14.28 177.88 87.14
dog 0.522830 170.78 18.01 208.51 74.01
dog 0.522806 183.60 17.41 216.67 70.65
bird 0.522785 183.12 86.14 206.33 122.66
sheep 0.522757 96.74 192.18 128.40 220.40
cat 0.522757 76.61 171.63 197.73 224.00
sheep 0.522662 104.63 40.70 150.80 95.63
dog 0.522590 202.83 153.29 224.00 201.38
dog 0.522581 150.95 11.50 186.43 70.51
dog 0.522577 100.71 183.50 203.53 224.00
bottle 0.522462 4.57 104.63 78.51 201.90
dog 0.522461 160.13 16.48 201.91 79.85
bottle 0.522396 83.75 209.98 124.16 224.00
bottle 0.522241 115.64 121.66 147.77 162.11
sheep 0.522225 27.38 89.07 74.27 145.48
sheep 0.522196 70.69 123.72 112.54 177.79
cat 0.522154 200.47 139.55 224.00 185.68
person 0.522104 0.00 102.29 26.52 159.02
cat 0.522097 186.84 142.62 211.22 186.91
sheep 0.522047 26.73 78.29 69.79 129.31
cat 0.522010 158.73 58.65 195.20 112.23
sheep 0.521959 158.89 10.91 194.03 68.42
sheep 0.521924 220.00 65.10 224.00 109.38
chair 0.521910 18.36 0.00 104.33 98.21
bottle 0.521895 15.87 44.27 47.57 100.57
aeroplane 0.521877 189.19 0.00 217.59 16.66
sheep 0.521876 95.44 186.17 127.93 213.06
sheep 0.521801 21.56 102.58 79.24 166.16
person 0.521748 0.00 77.92 13.32 127.53
sofa 0.521730 177.11 189.24 207.48 219.58
dog 0.521699 0.00 93.95 18.31 148.43
bottle 0.521646 11.83 18.81 44.96 83.77
aeroplane 0.521611 181.61 0.00 209.83 16.89
cat 0.521558 183.14 107.31 210.91 157.25
sheep 0.521479 112.56 122.91 143.44 163.01
aeroplane 0.521428 155.88 0.00 186.10 44.40
sheep 0.521408 50.29 120.06 91.14 194.73
aeroplane 0.521396 192.65 4.19 215.78 34.21
sheep 0.521344 0.00 85.35 14.05 137.24
cat 0.521291 159.78 76.35 190.29 114.76
aeroplane 0.521260 155.16 0.00 185.95 14.97
sheep 0.521249 63.69 140.90 100.66 206.63
sofa 0.521228 194.18 180.23 217.88 214.44
bottle 0.521211 7.98 182.80 32.93 219.33
sheep 0.521208 59.86 125.51 102.61 193.46
cat 0.521205 183.26 91.02 206.32 137.80
dog 0.521173 184.60 5.42 209.88 35.55
sheep 0.521154 215.53 29.37 224.00 84.65
dog 0.521137 186.34 159.58 209.29 202.41
cat 0.521108 108.96 47.73 161.27 111.09
sheep 0.521087 54.93 135.94 89.72 208.96
dog 0.521036 125.81 12.40 167.23 86.87
chair 0.520967 4.62 0.00 90.52 58.76
bottle 0.520963 0.00 164.58 32.12 213.52
sheep 0.520894 110.47 52.96 158.60 107.92
aeroplane 0.520829 163.12 0.00 193.76 15.67
sheep 0.520783 1.48 94.65 27.57 149.35
aeroplane 0.520716 165.75 0.60 194.65 41.23
sheep 0.520680 83.53 174.55 111.93 210.15
sheep 0.520638 22.06 67.32 63.69 118.81
aeroplane 0.520580 173.45 0.00 202.18 16.41
sheep 0.520513 7.61 118.05 67.35 182.18
aeroplane 0.520474 146.85 0.00 177.55 14.74
sheep 0.520439 191.13 86.95 213.64 121.38
dog 0.520410 116.19 0.00 224.00 131.29
bottle 0.520362 0.00 168.19 18.52 216.52
dog 0.520297 151.24 187.59 184.30 216.35
sheep 0.520265 180.26 80.57 207.01 113.20
sheep 0.520254 220.00 40.68 224.00 91.87
sheep 0.520191 99.21 0.00 144.68 26.60
cat 0.519975 168.31 83.22 196.15 124.04
cat 0.519954 176.31 83.77 201.66 124.73
aeroplane 0.519952 137.04 0.00 168.43 16.40
sheep 0.519732 69.92 160.75 99.43 209.37
cat 0.519670 166.87 59.22 224.00 209.90
sheep 0.519629 19.36 77.32 53.63 127.34
bottle 0.519618 0.00 24.44 14.13 82.72
sheep 0.519616 49.91 43.87 88.42 100.02
sheep 0.519604 154.73 9.31 186.61 55.17
sofa 0.519567 161.56 195.58 197.40 220.27
bottle 0.519511 46.16 167.07 73.93 220.99
dog 0.519455 176.79 178.88 206.97 211.73
sheep 0.519408 116.27 1.12 155.10 46.51
cat 0.519329 194.43 175.83 216.76 212.88
dog 0.519315 118.78 154.58 185.98 191.25
dog 0.519293 146.94 161.40 187.22 195.24
sheep 0.519247 92.44 172.19 126.10 210.45
aeroplane 0.519158 145.50 0.00 175.31 45.07
cat 0.519135 171.92 77.72 201.26 115.52
sheep 0.519085 3.73 67.57 44.98 110.96
dog 0.519078 189.57 121.98 224.00 221.99
dog 0.519071 93.45 5.80 148.24 59.82
dog 0.518904 84.51 0.00 184.28 66.03
aeroplane 0.518886 125.70 0.00 159.64 19.91
dog 0.518880 148.10 169.67 188.34 203.32
sheep 0.518836 89.41 13.91 135.55 77.28
sheep 0.518823 71.66 1.66 104.15 69.06
dog 0.518799 178.65 12.32 209.94 58.03
sheep 0.518792 87.57 102.94 132.11 146.84
dog 0.518767 135.22 130.90 206.37 215.04
cat 0.518751 157.71 116.89 191.50 154.07
sheep 0.518748 164.30 8.69 194.72 51.63
sheep 0.518726 90.26 127.66 122.18 179.53
sheep 0.518660 176.81 4.01 205.18 37.31
sheep 0.518659 189.55 92.22 213.34 136.92
bottle 0.518658 9.02 156.71 39.78 210.10
sheep 0.518638 119.51 195.52 159.53 222.67
bottle 0.518618 25.14 155.56 62.63 210.66
bottle 0.518559 0.00 138.84 65.18 224.00
bottle 0.518544 14.53 179.14 38.64 218.46
sheep 0.518543 96.41 111.02 132.53 153.55
dog 0.518466 135.64 195.26 173.73 221.56
aeroplane 0.518418 109.90 0.00 151.15 23.87
sheep 0.518401 3.01 83.86 28.96 134.09
sheep 0.518357 12.53 104.51 60.91 166.28
cat 0.518335 128.54 75.65 173.33 124.08
sheep 0.518255 17.86 90.05 55.91 145.19
sheep 0.518252 132.84 0.55 163.66 45.07
dog 0.518125 149.89 179.41 187.25 212.26
bottle 0.518068 0.00 41.89 11.73 93.10
sheep 0.518055 186.26 100.03 213.91 150.42
dog 0.518054 125.99 0.00 220.64 56.62
dog 0.517953 144.26 9.79 175.82 56.51
dog 0.517774 191.87 10.26 215.79 43.44
sheep 0.517748 109.28 128.77 137.97 168.91
dog 0.517737 159.24 187.38 197.36 214.32
sheep 0.517724 110.46 74.68 153.17 110.66
cat 0.517704 156.21 96.82 189.98 145.87
cat 0.517673 128.58 91.77 175.25 144.03
sheep 0.517662 104.73 120.94 135.96 161.50
dog 0.517652 172.88 153.94 224.00 224.00
dog 0.517514 111.71 8.49 155.50 59.36
bottle 0.517498 38.88 0.00 72.05 56.99
dog 0.517484 192.38 19.23 223.28 78.05
cat 0.517444 152.96 74.68 181.79 112.79
sheep 0.517290 80.22 94.88 137.31 140.02
dog 0.517199 130.81 9.88 163.64 57.88
cat 0.517143 178.14 95.32 203.65 148.63
sheep 0.517104 174.28 67.99 206.93 108.97
sheep 0.517089 64.42 61.26 106.50 103.87
aeroplane 0.517087 118.97 0.00 157.02 30.73
sheep 0.517028 154.75 41.77 198.23 104.35
aeroplane 0.517002 154.46 0.00 186.35 27.08
sheep 0.516971 78.01 114.36 119.17 162.35
cat 0.516970 194.91 100.34 224.00 214.05
sheep 0.516941 190.57 70.83 214.68 107.69
aeroplane 0.516898 163.07 0.00 194.26 26.19
sheep 0.516898 4.39 75.73 34.92 121.14
sheep 0.516826 162.45 62.02 199.71 110.84
sheep 0.516821 68.18 103.62 118.35 154.62
sofa 0.516800 169.01 185.37 203.63 212.75
cat 0.516733 163.94 114.70 199.80 156.51
aeroplane 0.516709 199.80 1.78 222.17 35.43
cat 0.516645 165.48 95.52 197.34 147.35
cat 0.516619 150.00 57.41 182.30 108.63
sheep 0.516573 186.60 38.76 213.28 88.18
dog 0.516549 133.03 207.70 176.67 224.00
sheep 0.516467 108.98 170.53 166.36 208.48
dog 0.516460 146.13 150.72 182.82 188.18
cat 0.516355 124.92 101.70 204.60 207.08
dog 0.516329 174.95 8.87 205.78 46.39
bottle 0.516306 17.72 175.85 46.84 219.43
sheep 0.516273 9.75 79.83 31.83 127.92
sheep 0.516178 12.11 70.75 40.12 114.30
sheep 0.516150 204.27 84.43 223.77 122.20
sheep 0.516133 119.62 208.32 163.55 224.00
aeroplane 0.516120 145.25 0.00 176.49 27.29
bottle 0.516099 13.75 199.16 40.03 224.00
cat 0.516065 153.89 124.43 185.14 155.80
cat 0.516045 104.59 66.54 204.98 208.19
sheep 0.516037 30.21 43.85 67.22 105.14
sheep 0.515999 188.98 54.25 214.05 98.67
dog 0.515992 45.65 16.76 76.88 82.26
sheep 0.515984 101.01 204.88 137.84 224.00
bottle 0.515963 28.42 172.42 61.22 220.46
cat 0.515840 126.41 113.20 165.65 151.46
sheep 0.515809 119.22 146.61 180.73 187.13
sheep 0.515798 168.25 49.04 205.98 101.26
cat 0.515783 151.57 109.32 183.01 148.33
sheep 0.515777 61.00 0.00 96.12 66.78
bottle 0.515772 12.02 127.66 89.17 224.00
sheep 0.515760 47.09 0.00 84.13 64.29
sheep 0.515751 82.54 17.87 116.19 78.66
dog 0.515646 115.08 185.71 160.79 213.59
sheep 0.515619 69.81 77.07 120.23 111.69
dog 0.515567 169.99 172.22 203.88 207.99
dog 0.515563 154.98 172.45 198.31 206.00
cat 0.515465 150.26 85.56 180.80 135.28
aeroplane 0.515437 197.21 0.00 223.79 25.25
cat 0.515428 78.72 131.69 193.36 216.17
aeroplane 0.515398 133.63 0.00 165.96 27.99
sheep 0.515330 201.52 89.87 222.61 136.76
cat 0.515328 128.09 33.92 170.78 101.72
dog 0.515314 134.37 163.37 207.28 224.00
sheep 0.515241 76.01 48.61 124.95 97.93
sheep 0.515203 141.70 150.29 182.22 186.96
sheep 0.515152 188.13 108.99 220.10 158.62
sheep 0.515106 93.72 202.81 129.49 224.00
sheep 0.515089 84.29 30.59 131.10 85.00
cat 0.515051 66.53 94.23 191.89 207.80
cat 0.515051 193.62 156.59 215.56 200.55
sheep 0.514993 109.48 136.12 158.84 181.81
sheep 0.514795 64.30 47.39 98.90 96.21
cat 0.514779 191.55 140.39 216.99 184.14
sheep 0.514662 95.81 62.40 139.54 104.24
bottle 0.514581 41.48 190.82 77.19 224.00
sheep 0.514487 86.68 199.74 117.83 224.00
sheep 0.514455 12.90 44.93 48.58 96.03
dog 0.514417 191.14 9.56 221.69 57.47
sheep 0.514392 96.03 76.52 140.73 109.07
sheep 0.514342 9.41 90.37 37.17 145.18
cat 0.514317 138.28 107.17 176.21 148.60
dog 0.514307 196.51 7.54 221.16 45.15
sheep 0.514264 75.31 38.00 116.04 89.75
cat 0.514258 131.25 53.25 172.09 109.02
bottle 0.514093 0.00 19.57 39.20 81.34
cat 0.514043 145.44 118.56 178.48 152.00
sheep 0.514040 55.00 86.20 121.05 133.02
sheep 0.513933 91.41 83.63 142.80 118.67
sheep 0.513927 196.94 28.38 222.40 81.87
dog 0.513814 132.88 186.24 176.82 213.27
sheep 0.513738 195.11 99.07 220.96 150.47
sheep 0.513711 148.71 136.39 181.45 175.29
bottle 0.513666 36.17 18.87 63.83 82.67
sheep 0.513501 74.26 20.04 103.83 80.94
sheep 0.513473 79.88 195.66 105.83 224.00
bottle 0.513466 155.15 125.41 189.61 161.89
dog 0.513442 172.19 161.90 202.21 201.41
bottle 0.513272 23.07 18.37 50.45 83.02
cat 0.513222 131.02 122.49 167.61 154.70
bottle 0.513179 26.06 195.93 62.86 224.00
dog 0.513034 87.32 166.87 196.25 224.00
dog 0.512993 126.60 173.36 182.78 207.42
sheep 0.512702 71.31 191.91 96.42 224.00
sheep 0.512691 205.25 68.46 222.66 107.37
sheep 0.512644 0.00 43.04 41.58 92.93
bottle 0.512373 58.85 189.70 88.46 224.00
sheep 0.512153 201.67 39.78 221.99 88.64
sheep 0.511945 204.79 54.84 222.33 98.50
sheep 0.511870 65.83 19.51 95.71 81.04
dog 0.511852 56.51 17.07 88.64 80.64
bottle 0.511321 130.44 128.54 169.81 161.56
dog 0.511242 176.20 145.06 202.64 187.08
bottle 0.511218 124.26 137.11 173.74 176.42
dog 0.510812 154.70 147.68 194.74 187.69
bottle 0.510020 150.67 128.19 181.17 158.84
sheep 0.509893 157.83 131.45 196.38 173.27
