dog 0.610457 47.20 20.22 224.00 210.13
dog 0.591209 86.62 40.83 207.65 202.45
car 0.580387 210.23 34.57 220.88 106.96
person 0.578633 85.88 34.52 224.00 196.79
car 0.577965 205.57 35.78 217.77 107.68
car 0.567738 211.07 55.07 222.77 116.23
bicycle 0.563011 87.32 43.26 224.00 197.00
car 0.562332 194.13 43.27 214.98 102.91
dog 0.557996 104.97 65.72 144.75 143.84
dog 0.557554 99.04 82.40 150.66 163.16
train 0.556913 61.56 47.35 220.78 215.00
person 0.555913 207.11 34.13 218.96 102.78
person 0.554962 198.96 38.69 217.74 102.19
car 0.551526 85.69 58.29 210.91 209.51
car 0.550525 148.04 20.08 222.11 170.89
car 0.550512 213.57 62.92 221.87 123.48
person 0.547511 106.98 67.41 142.82 140.75
bicycle 0.546125 12.34 93.71 132.33 183.00
sheep 0.545422 96.31 101.64 146.28 179.31
person 0.545046 212.92 31.19 221.27 94.89
car 0.544555 10.40 97.40 125.13 184.08
train 0.543554 104.36 23.71 221.34 183.07
person 0.542023 181.72 16.28 224.00 155.74
aeroplane 0.541645 219.93 87.28 224.00 148.52
person 0.541441 0.00 90.32 24.89 195.33
person 0.541441 192.72 46.84 214.72 106.63
cow 0.541211 55.91 193.86 100.38 216.52
car 0.541051 188.55 55.60 211.57 104.02
car 0.540574 0.00 19.57 22.46 119.41
sheep 0.540402 98.43 135.08 133.31 207.41
person 0.539512 0.00 128.06 33.39 223.12
person 0.538255 0.00 5.98 24.39 109.08
aeroplane 0.538015 219.48 80.22 222.28 143.99
person 0.537218 0.00 34.93 22.09 142.50
car 0.537158 6.66 144.25 47.81 179.82
dog 0.537050 132.22 43.45 224.00 202.82
person 0.536161 215.24 25.35 221.15 82.59
car 0.536146 0.00 88.24 13.54 136.53
car 0.535771 216.93 70.64 221.38 136.15
person 0.535741 194.11 0.00 224.00 82.79
dog 0.535627 82.29 78.01 183.59 208.73
sheep 0.535504 95.80 118.74 136.47 193.09
car 0.535485 0.00 22.34 11.41 74.72
person 0.535201 0.00 163.01 53.32 224.00
car 0.535193 0.00 138.70 32.27 187.54
car 0.535110 0.00 134.13 20.30 187.92
car 0.534689 0.00 170.46 20.88 216.66
car 0.533205 205.56 60.59 217.19 117.17
car 0.532439 1.88 167.52 31.39 215.15
dog 0.531901 40.65 65.70 174.83 191.54
car 0.531742 0.00 0.00 36.50 52.27
car 0.531728 0.00 92.65 21.66 133.54
car 0.531647 23.46 141.51 76.63 174.87
car 0.531588 0.00 37.58 11.03 95.74
person 0.531534 40.80 73.74 172.07 192.69
bird 0.531179 213.19 201.31 224.00 224.00
bird 0.530692 145.04 206.28 185.82 224.00
sheep 0.530483 88.20 141.01 121.82 203.05
bird 0.530447 129.99 205.86 166.53 224.00
bird 0.530291 91.79 57.75 219.52 212.67
aeroplane 0.530221 138.34 56.49 224.00 214.57
dog 0.530090 39.35 182.16 125.65 224.00
bottle 0.529676 5.10 200.43 52.96 224.00
bird 0.529600 218.99 101.59 224.00 156.38
car 0.529485 0.00 95.71 53.77 191.40
bird 0.529425 178.26 207.71 216.84 224.00
bird 0.528967 162.36 206.90 201.87 224.00
dog 0.528964 16.74 185.33 108.75 224.00
car 0.528922 12.24 176.19 45.24 208.59
car 0.528879 0.00 96.34 16.43 145.24
person 0.528616 218.70 18.38 221.10 68.17
bird 0.528607 220.00 126.06 224.00 175.29
person 0.528421 0.00 0.00 85.31 133.89
person 0.528420 0.00 101.76 48.11 198.32
bird 0.528300 220.00 145.53 224.00 191.85
car 0.528085 0.00 0.00 21.72 21.54
bottle 0.528001 79.23 155.92 160.31 224.00
bird 0.527828 140.90 194.21 214.71 224.00
car 0.527824 210.04 0.00 224.00 20.46
car 0.527808 0.00 24.25 35.48 116.00
person 0.527580 209.68 26.52 216.80 85.12
sheep 0.527449 90.16 158.82 124.72 212.12
sheep 0.527390 19.25 202.45 66.11 224.00
sheep 0.527320 36.55 141.29 87.08 177.76
car 0.527206 0.00 11.98 12.16 56.90
cow 0.527204 50.36 197.40 101.58 224.00
car 0.527049 3.93 155.32 37.05 207.73
car 0.527037 0.00 51.90 11.67 108.87
bird 0.526883 112.70 190.50 201.89 224.00
bird 0.526727 179.04 167.65 198.48 189.11
bottle 0.526708 0.00 195.97 37.41 224.00
car 0.526662 165.50 75.44 182.95 129.97
car 0.526642 0.00 193.65 25.43 224.00
car 0.526598 160.69 68.63 177.30 124.67
bird 0.526222 178.27 160.29 201.26 182.83
car 0.526161 5.02 101.90 31.20 134.07
bird 0.526121 216.94 193.13 224.00 224.00
boat 0.526108 20.26 123.79 77.50 176.11
car 0.526081 28.54 0.00 92.58 39.37
bird 0.526077 179.14 180.72 224.00 224.00
dog 0.526044 165.18 81.17 182.94 135.34
sheep 0.526009 88.15 127.09 125.24 188.49
car 0.525954 43.07 0.00 111.56 37.98
bottle 0.525893 115.09 207.07 157.06 224.00
dog 0.525811 23.58 121.98 82.99 175.26
sheep 0.525691 102.07 166.30 130.67 213.76
car 0.525606 28.04 115.05 82.35 165.11
car 0.525603 14.11 0.00 46.30 16.60
car 0.525495 0.00 112.50 17.05 168.92
car 0.525490 71.51 63.46 98.07 116.74
bird 0.525366 219.41 182.53 224.00 218.69
car 0.525172 11.76 144.96 66.05 176.81
car 0.525171 0.00 45.16 17.81 98.16
aeroplane 0.525107 209.79 86.08 217.09 146.94
sheep 0.525062 106.49 154.82 136.79 208.89
person 0.525040 65.97 63.80 143.41 180.29
sheep 0.524958 107.22 206.73 150.12 224.00
car 0.524950 183.05 0.00 224.00 76.46
person 0.524942 0.00 64.66 120.85 219.18
aeroplane 0.524930 189.35 91.09 207.61 144.14
bird 0.524881 220.00 161.48 224.00 207.89
bird 0.524835 185.56 114.32 206.63 151.58
person 0.524810 186.01 47.13 208.87 101.02
car 0.524772 5.10 144.02 40.42 196.42
car 0.524702 104.31 62.36 140.95 134.55
car 0.524661 0.00 86.89 124.41 224.00
sheep 0.524620 34.45 201.28 81.54 224.00
dog 0.524611 52.06 168.32 141.00 224.00
boat 0.524586 10.95 111.66 45.40 143.15
horse 0.524576 80.00 44.78 209.86 186.95
car 0.524573 0.00 38.74 40.88 141.70
boat 0.524503 8.29 138.30 56.83 176.22
person 0.524455 128.99 71.46 158.64 128.71
dog 0.524436 80.30 120.10 167.62 224.00
bird 0.524415 173.64 167.79 191.82 187.27
dog 0.524338 70.41 156.87 154.51 224.00
bird 0.524327 202.27 202.70 224.00 224.00
boat 0.524122 25.37 113.67 66.68 152.34
car 0.524076 10.19 0.00 73.00 43.35
aeroplane 0.524073 186.47 104.83 205.68 146.91
person 0.524041 177.19 46.09 197.54 98.55
car 0.524016 118.25 40.96 216.02 180.56
dog 0.523973 160.28 76.05 177.57 129.78
bird 0.523973 180.91 124.17 203.56 158.70
person 0.523956 160.85 62.91 177.16 118.07
car 0.523953 93.51 63.33 121.10 126.55
bird 0.523861 184.28 166.96 205.99 189.33
car 0.523852 58.83 0.00 134.47 37.17
bird 0.523850 183.61 158.93 207.33 182.43
dog 0.523816 72.44 98.25 97.17 150.03
bird 0.523804 89.99 177.72 185.01 224.00
person 0.523775 93.06 0.00 195.54 182.07
boat 0.523770 10.42 105.44 42.37 134.65
aeroplane 0.523748 170.91 110.27 224.00 224.00
car 0.523719 2.94 113.77 37.33 156.35
person 0.523696 200.63 26.69 217.14 85.04
bird 0.523668 139.57 160.79 157.01 188.18
person 0.523647 32.56 115.65 137.48 206.81
bird 0.523603 113.68 100.13 215.43 223.98
train 0.523567 220.00 6.70 222.48 52.84
motorbike 0.523558 150.70 71.46 169.92 126.22
car 0.523502 0.00 105.82 26.18 155.49
bird 0.523491 172.98 161.53 195.97 181.37
boat 0.523481 9.09 119.08 48.59 158.40
sheep 0.523479 109.46 145.44 139.19 196.39
bird 0.523475 178.40 146.12 202.16 175.76
car 0.523474 63.30 58.31 94.50 109.19
car 0.523456 0.00 20.22 18.88 62.59
boat 0.523387 15.33 120.96 61.49 160.79
person 0.523341 152.49 68.05 170.48 124.22
bird 0.523312 64.98 87.10 199.51 214.17
dog 0.523292 93.78 68.38 125.26 130.30
person 0.523280 0.00 57.23 49.14 166.15
person 0.523234 184.96 0.00 222.22 109.36
sheep 0.523206 46.78 199.22 97.88 224.00
car 0.523120 99.98 9.72 160.18 112.12
cow 0.523110 79.65 203.61 127.84 224.00
dog 0.523105 91.51 94.68 128.46 152.80
cow 0.523096 147.10 75.82 169.35 131.01
person 0.523090 169.26 48.76 185.05 97.45
car 0.523064 87.67 0.00 173.14 40.10
person 0.522981 0.00 15.03 102.30 195.16
boat 0.522936 17.49 114.11 57.88 147.10
sheep 0.522911 60.45 142.02 94.80 187.73
car 0.522895 100.03 46.08 169.09 154.87
dog 0.522751 41.04 111.29 91.28 161.29
dog 0.522746 61.54 107.27 92.86 158.18
car 0.522745 0.00 117.43 27.47 171.89
person 0.522631 184.84 34.57 204.82 90.84
boat 0.522618 27.46 105.47 61.46 141.64
boat 0.522600 38.41 54.83 65.80 85.60
bird 0.522569 179.88 132.36 202.94 167.63
car 0.522563 44.63 66.03 115.01 168.46
boat 0.522481 9.31 98.58 41.57 127.11
bicycle 0.522462 17.29 63.88 169.02 200.23
bird 0.522431 167.51 168.31 183.83 187.92
boat 0.522429 18.44 106.63 52.87 137.09
car 0.522364 1.16 125.07 40.50 174.20
sheep 0.522337 73.41 138.92 106.41 191.37
bird 0.522335 149.99 164.05 168.07 186.63
sheep 0.522331 36.02 119.55 90.32 172.26
person 0.522208 175.78 35.33 193.56 86.05
sheep 0.522181 126.36 153.98 147.13 190.97
cow 0.522177 119.41 74.57 157.84 135.57
car 0.522165 110.41 60.83 135.01 124.20
bird 0.522120 179.64 173.98 196.71 194.90
sheep 0.521994 13.08 181.63 48.39 211.80
car 0.521967 58.21 35.37 89.26 89.58
sheep 0.521964 173.54 82.96 193.74 136.16
person 0.521935 4.30 124.11 82.03 210.70
bird 0.521877 186.64 192.90 205.40 214.43
sheep 0.521837 181.86 86.03 203.17 137.19
cow 0.521720 48.67 190.30 93.78 211.81
sheep 0.521705 156.87 114.77 179.07 152.95
sheep 0.521704 90.11 105.55 131.33 165.65
dog 0.521649 79.18 96.97 103.94 150.97
car 0.521644 0.00 1.56 13.74 44.39
person 0.521640 161.10 51.21 174.96 98.35
car 0.521638 167.35 61.53 184.95 114.96
car 0.521587 75.51 57.31 105.38 119.87
car 0.521566 46.62 52.93 75.48 86.68
bird 0.521523 166.61 163.05 187.04 183.54
person 0.521513 139.81 66.87 158.38 123.34
sheep 0.521509 50.04 129.39 89.78 175.20
sheep 0.521506 166.23 118.27 190.50 151.68
sheep 0.521495 157.29 122.63 176.75 160.60
bird 0.521456 158.55 164.62 175.26 186.36
sheep 0.521397 20.28 181.55 57.95 205.52
boat 0.521384 17.95 98.03 49.93 127.99
sheep 0.521362 119.86 105.93 155.65 159.76
dog 0.521345 143.39 82.90 167.92 137.38
car 0.521334 54.20 49.07 84.78 91.01
boat 0.521284 26.74 95.60 58.72 131.94
car 0.521269 0.00 65.43 19.00 119.17
sheep 0.521213 114.51 92.08 156.82 151.85
cow 0.521158 64.53 200.44 115.19 224.00
bird 0.521092 138.05 178.91 155.92 209.05
car 0.521073 68.05 73.61 95.32 122.69
sheep 0.521050 63.68 125.98 94.46 175.01
sheep 0.520916 166.41 92.74 184.79 140.29
sheep 0.520852 67.83 112.99 94.61 165.91
dog 0.520823 73.53 81.36 97.65 131.37
person 0.520785 112.13 63.40 139.32 124.07
boat 0.520772 61.97 23.02 88.31 73.60
boat 0.520763 24.07 54.36 52.60 89.03
bird 0.520689 195.02 190.62 212.11 214.18
bird 0.520679 173.95 173.78 188.80 193.19
dog 0.520667 55.90 116.79 91.43 169.15
sheep 0.520662 174.93 119.75 199.81 150.59
dog 0.520625 113.86 81.23 157.43 143.91
horse 0.520617 21.65 52.68 174.35 191.29
sheep 0.520587 141.00 117.88 164.90 163.07
bird 0.520554 179.26 182.24 195.31 202.45
boat 0.520536 25.21 82.79 58.31 123.76
car 0.520516 178.03 65.66 200.31 113.94
car 0.520498 155.11 0.00 211.40 66.94
car 0.520480 11.97 34.32 66.54 105.08
cow 0.520458 33.89 189.58 73.92 210.88
car 0.520448 174.34 75.51 195.06 128.65
boat 0.520435 2.45 86.13 29.60 123.13
person 0.520434 6.14 100.55 101.10 193.26
sheep 0.520428 116.95 171.06 142.59 212.12
car 0.520418 57.56 10.04 105.73 94.60
sheep 0.520397 182.63 108.12 202.45 146.27
bird 0.520341 137.48 189.74 157.77 222.87
bird 0.520324 179.48 191.30 195.84 211.77
motorbike 0.520279 208.89 68.91 216.65 132.70
bird 0.520269 185.35 183.40 204.34 204.91
person 0.520167 154.94 58.99 168.96 109.74
bird 0.520162 184.48 173.94 204.70 196.09
boat 0.520156 31.69 54.93 57.61 86.30
sheep 0.520150 126.90 175.34 148.56 210.60
sheep 0.520029 113.50 181.51 139.59 221.69
car 0.520024 123.39 0.00 196.49 55.72
sheep 0.520012 114.26 159.90 140.17 206.23
bird 0.520004 173.05 180.87 187.56 200.49
person 0.520000 66.41 0.00 172.93 170.51
bird 0.519992 129.30 187.49 152.22 223.74
person 0.519986 0.00 0.00 43.10 82.35
car 0.519976 217.03 0.00 224.00 33.42
sheep 0.519971 15.27 174.36 59.12 202.17
boat 0.519948 36.63 101.74 76.44 145.83
boat 0.519931 17.12 86.99 50.17 121.98
aeroplane 0.519886 32.86 92.44 65.30 135.20
boat 0.519875 2.78 156.61 45.59 199.27
car 0.519808 171.84 0.00 202.25 13.69
car 0.519657 141.13 0.00 172.73 15.20
car 0.519631 58.09 52.26 109.16 142.14
bird 0.519608 77.85 127.53 171.24 224.00
person 0.519515 40.09 156.57 130.84 224.00
boat 0.519471 26.06 70.53 58.72 113.46
car 0.519470 4.91 31.92 26.21 81.10
car 0.519457 54.58 60.97 90.03 102.69
sheep 0.519444 32.84 187.46 76.61 206.61
aeroplane 0.519394 30.64 79.34 63.67 124.30
car 0.519378 200.83 0.00 223.67 17.90
dog 0.519374 65.77 93.53 94.85 142.97
sheep 0.519311 141.34 94.33 166.89 144.04
cow 0.519309 22.42 184.91 55.96 210.34
sheep 0.519308 104.20 179.75 131.36 221.62
bird 0.519267 168.07 173.41 181.31 193.52
person 0.519255 0.03 0.00 133.21 153.75
car 0.519246 0.66 0.00 34.22 17.17
car 0.519241 43.91 36.13 92.89 108.01
car 0.519213 65.45 23.08 92.87 73.25
car 0.519208 115.71 0.00 150.21 15.68
car 0.519170 91.55 54.50 112.72 117.53
car 0.519145 15.40 44.11 72.50 123.91
sheep 0.519140 159.08 92.63 178.66 140.67
car 0.519131 0.77 14.32 21.88 50.46
boat 0.519129 45.68 46.01 75.41 84.79
car 0.519124 74.05 56.67 135.35 155.12
sheep 0.519124 74.96 109.93 103.35 164.42
sheep 0.519100 121.03 184.78 146.08 222.57
sheep 0.519099 166.88 107.09 188.30 145.47
person 0.519098 54.92 52.65 199.48 220.02
bird 0.519038 167.40 179.61 180.91 200.99
person 0.519033 193.34 28.30 213.11 83.35
bird 0.519012 139.26 170.03 155.16 201.45
boat 0.518980 8.31 88.24 42.58 121.52
car 0.518952 70.40 13.30 126.97 100.63
boat 0.518868 16.93 57.54 49.10 93.18
sheep 0.518862 64.83 189.89 107.68 219.57
bird 0.518830 172.79 188.92 187.81 210.51
car 0.518820 106.82 51.37 126.47 106.88
boat 0.518781 67.23 0.00 99.67 14.98
car 0.518770 156.14 12.36 211.65 137.95
person 0.518739 168.52 36.48 182.95 77.07
sheep 0.518717 38.34 160.20 86.40 199.16
car 0.518713 22.79 0.00 58.31 14.99
motorbike 0.518678 192.22 69.74 212.12 127.94
boat 0.518677 23.79 64.51 55.64 103.10
sheep 0.518640 34.38 148.59 83.59 187.17
bird 0.518610 183.79 201.83 209.97 224.00
car 0.518550 14.72 55.01 85.66 147.99
boat 0.518531 20.98 37.16 48.08 80.24
car 0.518517 6.58 44.14 28.77 92.71
car 0.518502 189.66 0.00 216.83 15.96
person 0.518482 161.36 42.71 174.87 78.73
car 0.518437 60.86 37.31 104.84 115.35
sheep 0.518426 72.26 121.77 103.25 176.24
car 0.518411 11.29 26.48 36.22 67.18
car 0.518395 34.05 0.00 67.93 14.82
chair 0.518358 123.55 0.00 157.91 15.32
sheep 0.518313 30.21 178.32 77.31 204.22
sheep 0.518307 84.06 184.13 120.76 221.05
bird 0.518298 149.27 179.89 165.06 205.07
bird 0.518264 139.97 198.95 168.02 224.00
sheep 0.518256 8.48 185.23 46.37 222.71
car 0.518219 40.57 12.66 92.36 90.62
bird 0.518196 176.11 201.17 201.94 224.00
car 0.518193 101.09 55.55 122.28 119.30
boat 0.518131 33.93 62.21 63.40 98.86
car 0.518077 107.27 0.00 141.67 15.44
car 0.518074 187.14 73.08 210.09 127.06
sheep 0.518034 30.57 39.96 57.26 81.17
sheep 0.518007 45.01 179.19 90.79 210.31
boat 0.518005 42.62 61.99 73.11 98.87
sheep 0.517999 175.26 108.45 197.58 145.20
bird 0.517987 192.53 181.36 210.36 205.44
bird 0.517980 150.95 172.37 165.75 197.03
car 0.517965 12.48 34.91 38.26 81.06
boat 0.517953 82.37 0.00 116.78 15.54
car 0.517952 155.51 0.00 187.55 13.25
person 0.517952 175.17 28.16 191.09 71.51
car 0.517945 111.54 47.44 132.03 91.73
sheep 0.517931 126.85 165.61 146.68 203.69
sheep 0.517900 76.00 168.99 112.96 213.00
bird 0.517883 192.96 198.70 215.53 224.00
bird 0.517853 126.65 199.26 156.73 224.00
car 0.517821 44.90 49.34 97.23 131.01
bird 0.517810 167.82 199.42 193.96 224.00
bird 0.517756 166.63 187.17 182.00 211.81
sheep 0.517754 69.53 155.42 105.96 207.09
car 0.517684 81.88 0.00 166.94 74.36
car 0.517543 184.93 67.09 207.51 112.43
person 0.517536 211.89 21.06 215.63 68.44
boat 0.517516 40.41 68.94 72.57 109.98
bird 0.517506 161.22 173.12 174.18 194.48
dog 0.517503 39.05 40.89 66.77 82.17
car 0.517493 114.58 56.44 139.12 107.80
sheep 0.517446 113.61 121.25 147.49 177.15
car 0.517440 89.96 41.32 112.02 92.84
bird 0.517362 176.03 151.77 224.00 224.00
person 0.517340 180.00 53.96 202.30 103.74
bird 0.517279 160.25 179.46 174.00 201.48
dog 0.517269 49.95 98.09 91.63 143.88
bird 0.517179 159.62 198.45 187.86 224.00
boat 0.517145 91.51 0.00 126.21 16.02
car 0.517129 44.13 0.00 75.74 14.62
car 0.517125 18.22 1.24 38.45 26.09
car 0.517110 100.84 43.50 119.66 92.02
bird 0.517097 184.73 141.73 208.19 172.51
aeroplane 0.517095 114.19 0.00 134.04 28.26
boat 0.517072 13.47 43.51 41.80 89.55
aeroplane 0.517057 38.40 77.58 73.30 123.24
sheep 0.517020 136.66 147.79 157.46 183.58
person 0.516943 201.70 22.16 214.45 66.77
bird 0.516926 146.37 189.46 164.11 218.21
sheep 0.516919 18.89 27.29 45.01 66.15
bird 0.516910 188.28 161.67 208.98 186.91
sheep 0.516907 148.83 152.43 167.18 182.93
boat 0.516884 72.32 25.60 99.91 72.31
bird 0.516852 206.50 194.23 221.76 224.00
person 0.516843 141.34 32.61 213.35 168.64
bottle 0.516831 208.25 184.40 219.98 214.72
car 0.516819 6.72 19.06 28.63 54.45
dog 0.516813 41.65 31.05 67.09 71.09
person 0.516808 161.58 36.83 173.02 67.65
boat 0.516786 67.05 20.62 91.53 65.94
boat 0.516776 53.14 0.00 83.81 14.65
boat 0.516744 10.59 73.15 45.68 114.70
sheep 0.516733 56.40 157.60 96.61 207.08
person 0.516690 143.06 56.52 158.57 101.91
sheep 0.516682 21.66 190.27 58.75 222.98
car 0.516673 76.42 43.50 128.58 124.95
bird 0.516656 149.25 198.55 179.71 224.00
sheep 0.516654 130.65 127.20 155.38 176.31
bird 0.516601 130.14 161.56 210.17 224.00
aeroplane 0.516550 121.50 0.00 142.44 28.96
boat 0.516548 53.63 32.43 81.39 82.85
bird 0.516508 158.30 153.92 174.48 181.88
sheep 0.516416 122.08 140.36 147.70 185.41
dog 0.516389 29.02 29.87 55.94 68.42
boat 0.516362 3.02 69.59 29.65 115.42
sheep 0.516340 36.16 192.38 76.53 220.87
car 0.516335 50.95 0.00 110.86 67.17
sheep 0.516291 26.22 160.80 76.54 195.70
car 0.516287 127.25 11.41 194.72 131.52
boat 0.516237 88.36 29.78 111.18 70.71
car 0.516205 70.68 36.26 102.46 92.95
person 0.516067 168.33 29.06 179.47 62.22
sheep 0.515997 145.37 132.13 164.67 175.42
car 0.515914 4.14 183.54 40.00 222.83
bird 0.515852 157.36 187.74 174.43 213.32
boat 0.515763 6.19 57.83 30.58 102.18
boat 0.515731 70.12 4.73 90.26 41.69
bird 0.515730 189.17 169.86 208.93 195.33
sheep 0.515657 158.29 135.16 174.28 173.06
bird 0.515653 166.96 151.83 188.99 178.11
aeroplane 0.515636 107.48 0.00 125.39 27.80
bird 0.515629 206.44 102.79 217.06 152.39
car 0.515603 201.09 11.79 212.81 47.98
car 0.515558 108.05 33.50 124.34 67.20
person 0.515516 53.30 136.42 150.87 224.00
aeroplane 0.515480 10.50 11.67 30.12 41.13
sheep 0.515463 118.83 198.73 152.27 224.00
dog 0.515452 113.08 27.37 129.31 51.23
car 0.515449 15.92 11.17 35.96 37.43
car 0.515414 107.66 39.42 124.98 78.64
aeroplane 0.515411 122.44 16.78 139.01 39.26
person 0.515325 123.32 57.77 145.91 106.58
car 0.515299 111.75 41.14 129.95 76.92
person 0.515249 193.67 22.76 209.93 63.43
aeroplane 0.515226 114.97 17.53 130.75 39.51
dog 0.515204 54.20 21.50 76.53 60.63
aeroplane 0.515199 108.35 0.00 140.17 19.80
sheep 0.515126 7.52 0.00 68.19 71.96
person 0.515110 161.17 29.24 170.22 55.06
boat 0.515075 36.74 0.00 94.78 66.28
person 0.515068 184.67 21.35 200.71 58.36
dog 0.515065 159.91 20.43 168.45 42.01
car 0.515064 12.08 18.36 35.15 51.04
car 0.515050 112.28 34.53 129.07 63.88
car 0.515024 101.42 32.29 119.86 69.08
dog 0.515018 53.93 86.01 93.88 133.35
sheep 0.514983 9.89 158.65 60.12 195.57
dog 0.514973 189.93 9.32 207.19 43.32
boat 0.514955 50.66 29.03 76.24 72.50
car 0.514953 109.04 5.92 180.79 120.11
boat 0.514896 108.78 26.63 124.15 53.74
aeroplane 0.514879 116.24 0.00 148.50 20.06
bird 0.514843 99.06 156.53 198.09 224.00
dog 0.514840 133.25 16.91 147.59 36.51
car 0.514816 116.92 50.08 137.38 90.92
dog 0.514772 120.27 27.13 136.14 49.02
dog 0.514719 172.53 3.48 188.36 35.60
person 0.514659 156.00 49.12 167.93 88.26
car 0.514632 60.99 0.00 133.28 70.67
dog 0.514621 175.23 20.50 188.64 51.57
dog 0.514569 44.18 21.36 66.80 57.07
sheep 0.514525 167.57 135.59 189.64 169.29
boat 0.514484 63.93 15.07 82.67 51.98
dog 0.514481 153.86 19.03 162.27 39.25
dog 0.514474 167.63 20.48 177.36 45.26
aeroplane 0.514396 151.05 1.34 163.47 28.81
dog 0.514343 156.06 2.02 168.90 29.56
car 0.514310 116.70 0.00 194.69 94.68
aeroplane 0.514254 100.41 0.00 131.63 19.51
car 0.514233 212.00 10.44 216.59 51.43
dog 0.514223 132.74 26.92 145.87 45.30
aeroplane 0.514182 100.73 0.00 118.50 28.58
dog 0.514176 181.53 4.86 198.73 39.01
bird 0.514024 209.90 175.16 219.83 207.76
dog 0.514011 155.90 35.93 165.62 60.79
dog 0.514000 155.09 28.03 163.71 49.50
sheep 0.513972 101.00 195.89 135.95 224.00
aeroplane 0.513966 130.43 0.00 150.48 27.47
sheep 0.513945 62.76 175.50 102.72 214.90
person 0.513911 156.00 42.83 166.87 72.96
tvmonitor 0.513869 101.34 25.46 119.48 56.47
boat 0.513863 109.62 17.48 123.19 40.28
boat 0.513758 86.48 1.02 108.54 32.44
boat 0.513732 67.43 0.00 95.70 23.01
bird 0.513716 209.20 147.86 217.58 184.35
boat 0.513686 9.54 147.45 62.53 185.16
dog 0.513621 163.67 2.82 178.25 31.37
boat 0.513611 74.23 3.84 97.10 38.94
dog 0.513566 145.56 17.70 156.95 35.46
bird 0.513473 205.48 126.84 217.00 168.64
dog 0.513427 119.23 35.28 134.69 59.75
cow 0.513310 3.56 3.95 27.64 35.99
bird 0.513289 210.06 154.59 218.42 192.10
bird 0.513227 206.94 138.20 216.98 176.90
dog 0.513220 143.52 0.00 168.79 18.84
dog 0.513215 146.33 26.77 156.76 44.44
aeroplane 0.513189 14.03 2.34 34.55 28.12
sheep 0.513176 18.42 18.47 41.31 49.60
car 0.513115 20.81 11.67 39.87 34.56
bird 0.512994 210.27 163.57 219.02 200.83
aeroplane 0.512962 194.13 0.00 213.53 26.17
car 0.512932 118.40 43.04 134.97 74.03
dog 0.512876 56.49 14.09 74.14 46.05
sheep 0.512692 78.72 196.09 123.54 224.00
aeroplane 0.512690 143.02 0.18 158.68 26.62
sheep 0.512603 27.99 19.45 52.85 52.07
dog 0.512599 144.69 51.45 157.87 87.04
boat 0.512564 62.79 0.56 80.56 34.39
dog 0.512412 146.35 35.52 156.89 55.38
dog 0.512361 132.14 36.00 144.57 55.58
boat 0.512347 73.76 18.14 95.80 54.15
boat 0.512258 102.48 16.88 117.83 42.20
boat 0.512253 87.57 17.59 107.80 46.96
dog 0.512100 180.68 0.00 205.70 21.62
dog 0.512062 173.42 0.00 199.18 18.82
dog 0.512025 166.08 0.00 192.72 18.15
car 0.511879 128.24 51.86 145.01 88.96
car 0.511821 208.21 0.00 219.05 30.54
aeroplane 0.511769 123.97 0.00 155.49 18.67
dog 0.511658 146.08 43.91 156.86 69.18
sheep 0.511579 43.32 11.42 63.11 40.02
boat 0.511223 53.00 0.00 70.99 29.75
dog 0.511133 131.25 44.19 143.92 70.25
dog 0.511086 135.45 0.00 163.18 18.48
aeroplane 0.511033 39.05 0.00 60.16 24.91
boat 0.510974 45.69 0.00 73.11 17.54
boat 0.510972 2.21 0.00 32.96 22.36
sheep 0.510734 27.07 10.75 48.50 33.69
car 0.510553 24.48 0.00 47.00 21.43
dog 0.510426 156.74 0.00 183.74 16.93
