cat 0.681265 0.00 4.63 220.26 221.30
bottle 0.556509 47.85 0.00 211.05 183.11
cat 0.551089 0.00 28.61 145.66 224.00
bird 0.548245 0.00 18.11 149.17 220.29
cat 0.545075 50.33 0.00 210.73 161.16
dog 0.541915 208.85 203.78 224.00 224.00
cat 0.539638 0.00 48.99 51.97 212.03
bird 0.538450 0.00 37.53 49.53 201.21
bottle 0.536127 0.00 185.90 34.65 224.00
bottle 0.535077 0.00 190.58 57.30 224.00
bottle 0.534852 203.74 27.45 224.00 153.32
dog 0.533890 215.56 190.56 224.00 224.00
bottle 0.532337 211.03 0.00 224.00 26.11
cat 0.531949 186.92 0.00 224.00 55.68
bottle 0.531215 68.08 0.00 208.40 120.74
sheep 0.531110 220.00 145.02 224.00 199.55
sheep 0.531051 0.00 211.21 27.41 224.00
bird 0.530970 0.00 205.95 17.42 224.00
bottle 0.530878 9.70 20.35 184.42 190.86
dog 0.530601 189.82 208.66 219.98 224.00
dog 0.530503 209.00 87.97 224.00 195.85
dog 0.530365 15.62 55.22 191.37 224.00
bird 0.530254 0.00 31.50 33.30 171.00
bottle 0.530023 197.79 0.00 224.00 124.33
dog 0.529821 209.93 115.33 224.00 223.37
bottle 0.529766 0.00 80.85 92.10 224.00
cat 0.529759 71.43 0.00 174.49 52.75
cat 0.529294 91.88 0.00 194.40 65.18
sheep 0.529198 218.56 179.22 224.00 224.00
chair 0.528904 197.95 176.52 224.00 224.00
dog 0.528764 219.38 132.35 224.00 172.30
cat 0.528471 91.44 26.28 224.00 182.02
bird 0.528398 0.00 0.00 40.39 40.06
bird 0.528370 0.00 108.84 42.09 224.00
dog 0.528245 181.31 210.18 213.41 224.00
bird 0.528160 5.81 0.00 79.59 31.44
cat 0.527769 47.05 0.00 135.33 35.08
bottle 0.527601 7.74 193.96 83.65 224.00
bird 0.527479 0.00 0.00 20.09 23.19
sheep 0.527035 120.56 149.02 160.23 166.38
bottle 0.526928 101.08 0.00 207.63 76.46
sheep 0.526654 220.00 164.60 224.00 218.80
sheep 0.525988 0.00 56.84 12.14 101.54
dog 0.525973 171.65 211.66 205.35 224.00
bird 0.525831 0.00 148.37 33.53 224.00
sheep 0.525710 218.55 126.86 224.00 165.05
sheep 0.525696 0.37 109.91 23.98 140.47
bottle 0.525479 44.82 181.86 136.81 224.00
cat 0.525356 56.63 50.24 206.85 203.24
cat 0.525347 25.38 0.00 173.32 116.26
bottle 0.525331 95.47 0.00 221.59 156.99
dog 0.525169 84.31 194.48 174.36 224.00
sheep 0.524855 148.27 195.61 217.28 224.00
dog 0.524823 120.19 199.18 200.61 224.00
bottle 0.524715 13.94 10.08 145.26 152.58
dog 0.524648 161.51 212.90 197.08 224.00
dog 0.524259 57.05 183.61 149.23 224.00
bottle 0.524194 218.11 0.00 224.00 36.90
bottle 0.524024 201.67 0.00 224.00 22.96
sheep 0.523897 203.04 155.59 224.00 224.00
bottle 0.523744 20.98 190.39 109.19 224.00
sheep 0.523702 1.41 68.24 31.98 103.80
bottle 0.523558 30.28 107.63 154.81 224.00
sheep 0.523497 0.47 101.04 24.63 133.16
dog 0.523437 145.35 212.52 180.64 224.00
sheep 0.523378 175.74 185.08 224.00 224.00
sheep 0.523111 12.72 58.15 55.43 99.61
bottle 0.522821 220.00 13.51 224.00 62.22
sheep 0.522820 119.54 140.99 162.11 159.30
bird 0.522802 0.00 0.08 32.64 115.79
dog 0.522727 0.00 0.00 16.58 29.77
dog 0.522648 36.27 110.95 163.75 224.00
sheep 0.522621 0.00 140.07 25.63 173.70
cat 0.522325 161.04 0.00 194.24 18.89
bottle 0.522311 220.00 0.00 224.00 46.35
sheep 0.522265 1.66 87.86 24.01 123.47
sheep 0.522255 120.20 153.29 157.70 171.93
sheep 0.522219 0.00 68.44 11.97 112.78
sheep 0.522169 0.00 23.18 12.42 67.63
dog 0.522135 220.00 39.83 224.00 80.23
bottle 0.522003 167.02 0.00 200.30 19.85
bottle 0.521862 19.62 0.00 153.99 106.22
dog 0.521787 13.70 59.70 54.02 102.62
bottle 0.521647 0.00 138.04 61.92 224.00
cat 0.521616 144.20 0.00 178.44 17.27
sheep 0.521540 219.46 118.28 224.00 158.01
sheep 0.521372 0.00 103.49 10.42 144.29
dog 0.521357 137.47 212.55 170.83 224.00
dog 0.521206 55.03 25.69 95.46 81.25
cat 0.521115 136.23 0.00 169.53 16.87
cat 0.521073 128.99 0.00 160.53 16.96
sheep 0.521022 0.00 0.00 29.30 19.71
sheep 0.521000 0.34 125.62 24.27 156.67
sheep 0.520995 2.91 76.42 24.58 113.60
cat 0.520911 121.39 0.00 152.51 16.90
dog 0.520862 220.00 22.30 224.00 69.19
sheep 0.520856 0.00 40.33 11.48 83.78
bird 0.520646 0.00 0.00 13.38 37.79
sheep 0.520533 0.00 149.03 25.96 195.53
dog 0.520514 108.77 68.73 224.00 198.52
bottle 0.520445 183.54 0.00 216.02 20.55
sheep 0.520294 7.93 212.90 45.95 224.00
sheep 0.520081 128.60 212.39 163.12 224.00
sheep 0.520004 171.79 142.08 198.54 158.04
cat 0.519874 106.31 68.05 146.11 87.63
bird 0.519813 0.00 136.00 8.55 177.40
sheep 0.519731 188.40 138.31 215.08 160.25
sheep 0.519723 0.00 161.43 24.34 205.88
sheep 0.519714 120.91 118.68 165.87 132.47
sheep 0.519682 120.60 110.92 167.04 125.46
sheep 0.519664 164.87 143.55 189.50 156.54
sheep 0.519628 115.37 124.74 156.44 140.20
sheep 0.519606 0.00 82.84 10.38 126.92
bottle 0.519582 136.43 0.00 223.16 56.13
aeroplane 0.519573 3.12 0.00 34.32 17.00
sheep 0.519479 12.97 28.32 56.81 83.70
sheep 0.519476 167.09 149.73 188.61 162.50
sheep 0.519453 177.68 140.61 207.41 159.45
sheep 0.519377 31.63 69.68 189.81 224.00
sheep 0.519305 6.59 62.65 43.02 99.29
dog 0.519228 220.00 88.01 224.00 129.35
sheep 0.519127 220.00 107.21 224.00 148.27
cat 0.519111 107.87 0.00 136.87 16.21
sheep 0.519049 75.20 153.74 108.00 175.84
bird 0.518964 0.00 0.00 37.95 73.57
cat 0.518955 109.53 72.49 156.75 94.40
sheep 0.518891 165.56 120.25 224.00 224.00
dog 0.518871 220.00 52.44 224.00 95.69
aeroplane 0.518851 59.42 67.50 92.00 99.46
sheep 0.518804 0.00 55.43 35.29 92.91
sheep 0.518787 70.04 180.13 111.18 209.84
dog 0.518776 22.18 59.36 60.06 96.00
sheep 0.518739 76.68 211.80 118.95 224.00
bird 0.518701 0.00 111.00 9.47 150.67
sheep 0.518645 110.19 211.85 148.10 224.00
aeroplane 0.518635 11.74 21.28 55.88 74.56
sheep 0.518576 74.71 147.87 106.56 168.16
sheep 0.518544 120.07 181.22 141.72 198.87
sheep 0.518530 114.77 131.97 154.77 150.04
aeroplane 0.518458 106.74 72.81 145.20 93.99
aeroplane 0.518452 55.22 38.89 95.06 88.74
aeroplane 0.518340 60.33 29.25 100.23 76.91
cat 0.518302 100.50 0.00 128.80 15.65
sheep 0.518210 94.72 212.09 132.18 224.00
aeroplane 0.518080 10.24 0.00 42.39 14.61
sheep 0.517999 155.32 143.22 181.00 155.89
sheep 0.517984 5.57 114.43 27.91 138.17
sheep 0.517983 9.78 25.66 51.49 69.40
dog 0.517945 146.39 2.88 195.27 52.67
sheep 0.517936 171.23 147.53 197.45 162.75
aeroplane 0.517913 9.35 1.24 42.96 33.25
dog 0.517867 220.00 71.21 224.00 116.54
sheep 0.517844 119.21 103.45 167.99 117.96
aeroplane 0.517806 60.41 74.28 89.85 107.45
dog 0.517796 15.96 71.34 48.14 116.57
sheep 0.517765 125.06 112.91 214.12 216.51
bird 0.517663 10.07 0.00 108.15 88.85
sheep 0.517645 125.87 181.39 148.97 197.77
cat 0.517631 92.77 0.00 121.23 15.03
bottle 0.517535 157.99 0.00 195.80 36.86
dog 0.517496 137.64 18.80 186.52 64.68
sheep 0.517490 159.38 149.93 180.72 162.30
sheep 0.517472 76.40 118.10 103.66 144.96
sheep 0.517468 112.27 185.27 133.15 204.75
sheep 0.517464 5.54 104.62 28.93 131.71
aeroplane 0.517462 65.94 78.00 96.40 106.16
bird 0.517460 0.00 119.35 8.46 159.01
sheep 0.517403 110.97 181.55 132.92 199.86
sheep 0.517391 121.37 186.24 140.71 204.62
sheep 0.517361 65.64 183.24 114.28 223.71
aeroplane 0.517358 84.17 0.00 113.11 14.40
sheep 0.517348 174.62 157.25 197.39 180.08
bird 0.517296 8.10 7.35 121.93 139.58
sheep 0.517292 208.44 133.49 224.00 168.20
sheep 0.517266 121.92 169.39 152.10 191.17
sheep 0.517233 188.33 46.21 215.89 72.42
sheep 0.517219 115.05 148.23 150.31 163.91
sheep 0.517193 171.31 160.85 187.61 178.75
sheep 0.517190 5.25 1.69 34.07 31.75
sheep 0.517186 77.70 112.77 102.43 135.68
sheep 0.517126 0.00 29.05 31.32 65.59
dog 0.517114 41.83 25.63 83.54 84.26
sheep 0.517061 128.93 125.32 169.68 139.71
aeroplane 0.517044 58.22 0.00 89.40 13.68
aeroplane 0.517037 25.48 0.00 56.99 14.57
sheep 0.517031 111.81 118.20 146.50 133.31
sheep 0.517012 18.70 104.16 46.04 134.32
aeroplane 0.516957 34.04 0.00 64.73 14.02
sheep 0.516944 73.03 138.81 105.95 163.34
sheep 0.516864 134.79 149.85 169.17 163.83
sheep 0.516774 6.40 90.04 29.09 122.43
sheep 0.516771 173.25 135.69 199.73 152.73
cat 0.516742 113.02 65.16 166.52 88.13
sheep 0.516733 135.42 119.47 171.02 131.90
aeroplane 0.516701 109.54 81.69 156.26 102.31
sheep 0.516691 119.85 158.67 155.61 180.71
aeroplane 0.516685 75.49 0.00 105.26 13.72
sheep 0.516648 0.00 46.64 34.15 81.58
aeroplane 0.516616 50.07 0.00 80.58 13.24
aeroplane 0.516588 26.87 92.15 55.29 126.46
sheep 0.516578 127.89 187.59 147.33 204.10
sheep 0.516561 29.93 105.69 53.90 132.59
sheep 0.516525 163.75 136.82 189.83 149.29
sheep 0.516522 22.02 211.98 67.11 224.00
sheep 0.516516 180.52 134.91 208.55 154.32
aeroplane 0.516513 24.55 72.38 55.79 115.55
aeroplane 0.516499 41.95 0.00 72.19 13.22
aeroplane 0.516499 66.36 0.00 97.41 13.48
sheep 0.516494 16.23 89.24 47.07 127.63
sheep 0.516473 6.44 120.84 27.46 143.87
sheep 0.516442 135.57 110.73 171.80 125.21
sheep 0.516337 61.94 212.12 109.51 224.00
sheep 0.516314 184.71 141.25 213.39 166.02
sheep 0.516311 74.31 127.36 104.79 156.02
sheep 0.516303 169.58 154.75 187.40 169.12
sheep 0.516286 117.38 94.65 167.52 110.38
sheep 0.516192 110.88 110.54 146.51 127.14
dog 0.516156 66.24 68.72 204.93 204.04
sheep 0.516133 84.52 114.78 110.73 135.98
aeroplane 0.516092 111.26 94.55 157.56 111.51
dog 0.516044 15.36 37.33 59.70 95.18
sheep 0.516044 136.52 142.13 171.38 157.70
sheep 0.516035 77.35 108.34 100.74 127.65
sheep 0.516021 0.00 17.24 30.18 57.72
sheep 0.516007 190.08 55.92 213.77 77.75
sheep 0.515996 73.12 107.69 92.95 128.24
sheep 0.515985 212.00 143.40 224.00 194.96
dog 0.515983 135.83 31.57 181.93 74.42
sheep 0.515968 175.28 163.07 197.15 188.16
sheep 0.515950 113.41 141.41 147.78 157.72
sheep 0.515944 146.58 142.42 175.29 156.43
aeroplane 0.515867 43.17 19.28 84.67 76.15
sheep 0.515856 136.31 102.50 173.54 118.04
sheep 0.515780 174.24 145.54 206.43 164.95
sheep 0.515716 196.36 195.46 217.55 224.00
sheep 0.515710 151.37 135.45 179.62 146.82
sheep 0.515710 144.84 96.27 224.00 212.15
sheep 0.515638 172.57 152.14 196.99 169.89
sheep 0.515591 87.69 101.86 199.60 218.39
sheep 0.515512 5.35 138.75 29.56 163.23
sheep 0.515512 0.00 198.91 23.89 224.00
sheep 0.515480 0.00 191.73 9.98 224.00
cat 0.515473 106.54 62.74 145.93 81.88
sheep 0.515463 0.00 175.18 21.38 213.03
sheep 0.515374 128.28 132.16 168.71 149.67
sheep 0.515336 99.74 82.48 215.67 200.37
aeroplane 0.515318 68.93 90.33 94.66 115.42
aeroplane 0.515265 50.46 67.37 80.16 98.55
sheep 0.515200 173.24 152.46 205.66 181.33
dog 0.515179 114.62 81.48 166.58 101.84
sheep 0.515137 172.09 166.93 186.45 186.36
sheep 0.515105 182.35 147.71 211.71 184.94
sheep 0.515069 211.77 180.25 224.00 224.00
aeroplane 0.515035 21.88 17.48 64.13 76.24
sheep 0.514993 187.94 198.74 213.04 224.00
sheep 0.514956 109.15 103.02 145.57 120.17
bird 0.514955 0.00 157.82 8.18 205.95
sheep 0.514954 47.59 64.91 81.39 93.70
sheep 0.514880 147.71 149.36 174.33 162.43
sheep 0.514855 136.66 93.91 175.12 109.93
sheep 0.514840 181.95 58.61 205.57 78.12
aeroplane 0.514813 63.84 64.91 98.62 90.79
dog 0.514803 10.70 74.24 37.46 113.70
sheep 0.514794 96.27 118.03 119.01 134.74
sheep 0.514776 184.14 32.77 216.87 66.27
sheep 0.514759 22.10 113.31 45.53 136.99
sheep 0.514757 70.17 163.58 108.49 196.97
sheep 0.514754 166.69 160.87 179.11 177.23
aeroplane 0.514749 63.40 87.66 88.35 117.38
sheep 0.514737 82.54 120.66 110.72 144.73
sheep 0.514706 10.87 105.08 35.52 132.01
sheep 0.514686 93.67 183.92 123.08 205.11
sheep 0.514642 71.34 101.38 93.78 122.59
sheep 0.514549 0.00 9.40 28.81 45.12
sheep 0.514522 6.37 37.65 42.96 73.15
sheep 0.514517 73.94 111.81 92.75 135.08
sheep 0.514470 7.21 46.11 45.25 84.37
sheep 0.514407 84.47 109.09 109.56 127.96
sheep 0.514406 173.38 77.93 196.26 90.95
sheep 0.514394 37.67 212.80 83.48 224.00
sheep 0.514378 179.16 45.46 207.28 72.13
sheep 0.514378 9.89 11.33 47.42 47.34
sheep 0.514294 6.21 129.49 28.13 153.78
bottle 0.514283 103.30 68.74 139.84 85.46
sheep 0.514278 94.99 110.70 118.97 128.65
cat 0.514258 112.50 59.20 163.03 82.84
sheep 0.514243 5.51 17.87 40.94 57.37
dog 0.514219 148.32 0.00 187.43 28.36
sheep 0.514193 179.76 67.48 203.88 84.05
dog 0.514186 129.59 47.19 174.79 83.68
sheep 0.514173 182.91 207.08 215.02 224.00
sheep 0.514162 143.46 133.81 174.17 146.75
sheep 0.514154 165.60 80.19 189.44 90.80
sheep 0.514140 67.89 107.47 84.80 128.69
sheep 0.514111 174.63 173.52 197.11 197.91
sheep 0.514095 171.96 84.77 203.33 98.42
sheep 0.514078 175.65 68.98 196.62 84.32
sheep 0.514076 177.34 190.10 200.71 212.04
dog 0.514032 59.32 140.45 174.63 224.00
sheep 0.514022 163.12 154.74 179.62 168.04
dog 0.514020 157.67 11.00 200.21 58.91
dog 0.513995 119.22 59.11 170.59 85.18
sheep 0.513987 12.97 114.90 35.28 136.51
sheep 0.513984 119.56 192.44 144.20 221.12
sheep 0.513972 109.72 190.43 136.52 221.51
sheep 0.513936 134.65 187.89 152.77 202.50
sheep 0.513916 126.81 194.39 151.19 220.87
sheep 0.513863 171.38 190.19 189.41 208.20
aeroplane 0.513860 37.90 108.18 58.56 129.48
sheep 0.513813 173.34 92.08 202.88 106.22
bottle 0.513785 163.75 3.45 204.28 48.43
sheep 0.513780 73.54 116.67 93.64 144.07
sheep 0.513751 179.91 199.80 204.42 224.00
dog 0.513740 132.74 66.42 177.22 88.68
aeroplane 0.513729 62.33 57.21 98.17 85.59
bird 0.513696 0.00 179.87 7.32 219.87
sheep 0.513625 164.31 87.86 189.64 97.69
sheep 0.513623 139.67 126.62 172.33 137.05
sheep 0.513566 183.44 189.28 211.01 215.98
sheep 0.513529 178.31 98.85 202.76 114.37
sheep 0.513430 140.48 169.27 211.22 224.00
sheep 0.513373 212.00 163.55 224.00 216.44
aeroplane 0.513307 9.43 0.00 48.89 20.66
sheep 0.513298 171.53 176.47 186.28 194.54
dog 0.513264 206.95 41.16 224.00 74.93
sheep 0.513264 130.67 179.97 154.42 195.31
sheep 0.513242 187.61 63.51 212.79 85.13
sheep 0.513225 135.96 196.34 156.96 220.02
aeroplane 0.513189 72.43 73.34 102.23 95.35
sheep 0.513144 166.24 71.25 190.05 84.07
aeroplane 0.513143 72.65 80.90 101.39 103.62
sheep 0.513027 180.60 18.14 215.64 58.40
aeroplane 0.513025 56.45 14.62 96.03 67.18
sheep 0.513023 65.73 101.06 86.94 124.35
bottle 0.513014 120.39 0.00 148.47 18.52
dog 0.512992 121.10 72.40 173.04 93.98
dog 0.512959 26.99 25.57 69.81 84.98
sheep 0.512950 170.64 201.02 194.62 224.00
sheep 0.512944 75.29 102.34 100.02 121.04
dog 0.512925 44.56 57.04 82.32 93.18
sheep 0.512914 109.88 169.04 136.28 192.54
sheep 0.512826 181.43 82.08 214.12 102.32
sheep 0.512813 186.49 98.07 212.10 116.10
sheep 0.512792 61.71 182.20 101.12 209.05
bottle 0.512787 177.88 8.31 213.46 49.59
sheep 0.512752 168.77 167.38 177.26 184.47
sheep 0.512737 189.12 126.78 216.67 150.34
aeroplane 0.512718 31.77 113.00 52.84 135.70
aeroplane 0.512694 59.50 0.00 90.27 34.11
sheep 0.512691 144.99 83.87 177.48 100.17
aeroplane 0.512681 33.65 96.35 58.75 123.89
sheep 0.512652 182.60 90.57 213.28 109.23
sheep 0.512637 194.89 186.47 216.97 219.61
dog 0.512629 134.71 82.61 176.54 101.30
dog 0.512628 143.18 57.75 178.47 82.52
dog 0.512610 133.28 0.00 171.96 23.51
sheep 0.512586 161.24 129.57 189.52 141.51
aeroplane 0.512571 80.93 70.11 110.84 87.00
sheep 0.512529 183.79 72.61 213.62 94.07
sheep 0.512527 175.49 58.75 198.42 78.07
sheep 0.512502 180.55 128.23 209.11 148.99
sheep 0.512501 59.06 108.82 76.36 127.84
aeroplane 0.512472 94.51 69.23 126.49 84.95
dog 0.512458 172.78 29.18 208.19 65.54
sheep 0.512424 31.80 141.11 52.45 171.34
sheep 0.512410 206.09 121.84 224.00 156.32
bottle 0.512403 177.24 0.00 209.85 32.99
sheep 0.512393 175.99 169.78 207.44 201.34
sheep 0.512388 153.08 86.68 181.98 97.93
sheep 0.512386 61.22 143.70 76.19 168.50
sheep 0.512366 47.34 131.90 68.17 164.78
sheep 0.512347 173.02 128.76 200.29 146.37
sheep 0.512346 39.74 141.41 59.32 171.71
sheep 0.512311 182.33 105.47 202.94 122.80
sheep 0.512296 50.11 141.59 67.84 170.72
sheep 0.512248 151.09 94.73 180.78 106.92
sheep 0.512223 153.98 78.91 182.00 90.42
sheep 0.512212 69.41 110.97 83.31 134.36
aeroplane 0.512211 18.58 0.00 54.50 36.17
aeroplane 0.512168 65.52 25.78 106.89 65.32
bottle 0.512164 212.00 4.02 224.00 47.22
sheep 0.512151 29.30 134.27 52.99 164.49
aeroplane 0.512148 47.00 108.93 65.27 128.23
aeroplane 0.512131 9.91 9.70 52.86 51.36
dog 0.512116 145.38 75.19 177.79 92.43
sheep 0.512096 92.52 102.36 118.39 121.50
sheep 0.512093 167.78 187.90 178.99 204.33
dog 0.512021 2.19 175.59 27.40 207.06
aeroplane 0.512015 37.55 132.85 60.17 164.86
sheep 0.512007 95.68 123.97 117.33 140.86
dog 0.512002 120.97 38.11 168.20 81.38
sheep 0.511996 165.02 199.32 186.18 223.29
cat 0.511962 70.74 68.23 102.39 88.68
aeroplane 0.511951 83.22 75.03 110.62 93.73
sheep 0.511940 58.58 134.04 76.65 163.59
sheep 0.511930 190.33 105.12 212.32 124.85
sheep 0.511925 163.00 94.54 189.35 105.40
sheep 0.511858 109.02 123.21 138.71 137.71
dog 0.511857 36.58 66.42 67.41 96.65
bottle 0.511812 102.31 64.07 138.31 80.34
dog 0.511794 124.60 25.40 171.30 71.65
aeroplane 0.511779 104.67 91.18 136.47 110.90
bottle 0.511758 110.35 0.00 133.87 17.55
sheep 0.511742 182.37 116.44 205.94 138.21
dog 0.511718 52.77 84.10 77.17 116.57
sheep 0.511712 61.27 111.12 74.66 133.59
sheep 0.511684 68.95 146.85 87.73 166.87
dog 0.511605 153.59 70.45 182.22 84.15
dog 0.511570 138.65 5.23 184.09 40.77
bottle 0.511530 121.49 0.00 138.01 23.49
aeroplane 0.511496 73.78 92.47 100.14 113.63
sheep 0.511486 143.72 120.11 176.12 129.31
sheep 0.511472 19.33 141.97 43.33 170.89
dog 0.511440 105.69 166.90 193.58 224.00
sheep 0.511411 13.91 121.66 34.31 141.37
bottle 0.511392 116.55 0.00 130.68 24.13
dog 0.511386 148.10 26.14 194.90 67.38
sheep 0.511368 147.83 102.73 178.94 115.07
aeroplane 0.511346 40.49 113.05 58.80 134.10
sheep 0.511342 131.31 151.82 165.95 167.56
aeroplane 0.511340 50.22 111.83 65.53 133.84
aeroplane 0.511325 66.81 48.10 102.70 78.29
sheep 0.511308 188.80 167.42 214.54 207.53
aeroplane 0.511305 77.87 41.04 113.19 68.32
aeroplane 0.511260 95.59 73.10 124.17 91.62
sheep 0.511258 191.12 115.14 215.22 140.06
dog 0.511258 210.84 19.77 224.00 63.33
sheep 0.511252 81.44 103.06 108.39 121.06
sheep 0.511209 55.72 184.44 87.60 209.81
sheep 0.511206 67.64 137.44 86.17 162.81
sheep 0.511189 106.77 146.84 140.04 162.59
aeroplane 0.511085 55.44 101.58 77.58 124.08
sheep 0.511037 53.86 190.76 90.48 224.00
sheep 0.511018 59.51 197.21 107.28 224.00
dog 0.511009 163.43 27.17 201.55 66.94
sheep 0.511006 159.94 119.88 187.24 132.77
sheep 0.510999 147.35 196.96 164.78 217.48
sheep 0.510955 144.44 111.11 177.10 122.10
aeroplane 0.510927 48.73 0.00 79.65 33.75
sheep 0.510903 169.17 176.09 176.65 191.71
sheep 0.510903 152.76 158.21 171.13 175.73
sheep 0.510894 69.11 115.40 83.12 142.97
aeroplane 0.510887 35.37 15.66 72.11 67.34
aeroplane 0.510795 29.17 0.00 59.76 35.14
sheep 0.510758 10.83 143.81 34.24 168.97
sheep 0.510721 173.75 98.63 195.98 114.11
sheep 0.510717 5.35 188.54 25.63 210.83
sheep 0.510714 163.61 211.40 196.93 224.00
dog 0.510702 170.42 44.08 200.18 72.65
sheep 0.510681 148.67 152.63 172.51 166.51
cat 0.510677 107.82 54.81 143.98 78.41
dog 0.510674 162.82 59.90 191.69 77.89
sheep 0.510661 174.18 117.37 197.37 136.44
dog 0.510647 136.01 0.00 178.39 32.26
sheep 0.510621 87.79 148.41 114.58 166.77
bottle 0.510579 93.62 63.90 126.22 78.50
aeroplane 0.510558 105.17 78.73 137.17 99.35
aeroplane 0.510556 79.45 63.37 111.05 80.36
sheep 0.510536 161.84 101.52 188.53 113.78
sheep 0.510526 114.24 155.66 143.75 180.06
sheep 0.510461 59.11 121.77 75.55 153.95
aeroplane 0.510450 83.32 81.72 109.56 101.68
sheep 0.510446 60.73 113.75 74.18 142.31
sheep 0.510446 158.96 166.67 169.21 183.99
sheep 0.510440 159.22 197.44 176.33 219.03
sheep 0.510425 7.34 203.47 30.94 224.00
dog 0.510413 113.21 51.45 157.02 80.09
aeroplane 0.510410 6.24 159.37 35.06 195.88
sheep 0.510354 68.19 124.90 84.19 154.24
aeroplane 0.510315 93.38 91.09 118.16 112.15
aeroplane 0.510314 78.85 52.60 112.00 74.42
bottle 0.510305 103.91 0.00 125.67 16.81
dog 0.510268 130.62 14.86 172.50 52.70
sheep 0.510261 202.39 91.84 224.00 123.20
sheep 0.510199 174.88 105.92 195.77 122.84
sheep 0.510196 89.74 187.12 126.08 220.10
aeroplane 0.510189 68.51 61.19 101.79 82.86
aeroplane 0.510185 47.99 120.32 67.35 154.21
sheep 0.510160 145.99 187.26 158.86 199.99
aeroplane 0.510139 29.95 123.84 53.23 153.33
aeroplane 0.510135 41.99 99.75 64.60 124.01
bottle 0.510095 130.38 0.00 162.15 26.33
sheep 0.510054 160.18 109.46 187.20 122.36
sheep 0.510052 162.06 186.72 169.48 200.28
aeroplane 0.510039 37.97 121.94 60.02 153.67
aeroplane 0.509991 38.55 0.00 67.77 33.38
sheep 0.509980 207.06 110.33 224.00 145.46
sheep 0.509948 107.43 139.67 138.71 155.35
aeroplane 0.509945 76.47 30.92 113.59 60.25
dog 0.509916 115.88 29.48 151.13 69.06
sheep 0.509874 205.45 99.87 224.00 132.37
dog 0.509830 141.21 44.95 183.73 76.20
sheep 0.509797 63.32 173.64 107.51 206.77
aeroplane 0.509729 77.20 0.00 101.54 29.79
aeroplane 0.509726 28.25 9.86 61.91 52.21
aeroplane 0.509690 59.90 7.02 93.33 52.31
sheep 0.509560 108.67 130.36 137.68 146.49
bottle 0.509556 101.32 56.48 136.10 76.82
sheep 0.509554 199.81 84.24 224.00 117.16
sheep 0.509510 70.68 151.22 89.54 171.61
aeroplane 0.509485 81.46 93.24 108.28 113.24
sheep 0.509484 162.64 176.31 168.16 190.57
bottle 0.509477 109.47 0.00 123.18 24.24
dog 0.509450 90.94 45.21 123.99 67.02
aeroplane 0.509389 95.84 79.20 120.66 99.81
cat 0.509386 92.38 55.39 125.21 73.42
dog 0.509383 29.87 57.70 67.26 92.72
sheep 0.509369 12.34 130.47 33.80 150.94
sheep 0.509365 141.71 177.70 158.76 192.37
sheep 0.509336 102.21 202.86 138.76 224.00
sheep 0.509293 134.93 165.99 160.69 185.78
dog 0.509272 133.35 6.05 168.22 34.93
sheep 0.509237 20.09 127.01 43.94 152.64
sheep 0.509211 112.18 204.61 146.25 224.00
dog 0.509190 203.02 54.56 223.79 88.82
sheep 0.509156 21.20 191.27 45.51 208.59
aeroplane 0.509151 5.15 145.51 35.49 185.60
sheep 0.509141 89.98 140.33 115.14 159.14
dog 0.509120 155.33 44.08 193.49 73.03
dog 0.509103 111.64 32.43 141.83 65.01
aeroplane 0.509090 96.83 0.00 118.89 16.13
sheep 0.509076 121.14 206.28 153.86 224.00
bottle 0.508997 116.88 9.58 130.78 32.14
dog 0.508972 111.64 43.85 145.33 72.94
aeroplane 0.508966 33.85 144.48 52.11 176.23
sheep 0.508953 93.01 130.74 115.80 150.18
sheep 0.508947 198.72 75.05 224.00 110.25
bottle 0.508944 122.52 9.12 137.95 31.25
sheep 0.508929 63.53 148.94 76.12 173.24
bottle 0.508901 126.87 7.65 146.53 30.79
sheep 0.508864 47.08 194.04 81.04 224.00
aeroplane 0.508831 11.47 178.03 34.55 203.01
aeroplane 0.508792 14.27 190.48 33.98 207.30
sheep 0.508751 129.44 156.10 162.70 175.96
dog 0.508730 37.38 79.32 64.26 114.80
aeroplane 0.508676 48.39 8.86 82.02 51.93
aeroplane 0.508640 90.36 0.00 109.47 26.79
aeroplane 0.508633 89.79 34.56 122.71 59.01
dog 0.508621 100.77 46.53 133.13 69.60
sheep 0.508605 53.12 147.33 67.67 175.54
sheep 0.508582 199.62 64.57 224.00 100.26
aeroplane 0.508534 101.63 0.00 117.21 24.79
dog 0.508519 122.11 17.24 149.07 49.26
aeroplane 0.508476 38.31 10.22 69.82 51.26
sheep 0.508447 104.35 149.93 137.74 169.63
sheep 0.508392 30.88 190.01 57.79 209.90
bottle 0.508387 100.64 35.11 130.89 60.95
sheep 0.508379 50.41 186.55 78.46 209.54
sheep 0.508327 93.69 171.85 124.96 195.78
aeroplane 0.508158 79.07 20.81 112.30 51.53
bottle 0.508149 112.23 20.34 133.22 47.56
sheep 0.508099 74.00 196.61 121.32 224.00
dog 0.508040 116.59 19.51 139.19 47.69
sheep 0.508017 16.30 162.77 45.73 197.11
sheep 0.508008 13.94 204.00 40.46 224.00
bottle 0.507932 108.96 10.51 124.07 33.13
sheep 0.507870 88.41 199.75 129.54 224.00
bottle 0.507841 104.20 21.43 127.25 47.66
sheep 0.507792 20.33 181.00 45.97 204.14
sheep 0.507718 26.65 201.76 63.69 224.00
aeroplane 0.507655 74.61 9.90 103.27 45.25
aeroplane 0.507574 92.61 22.02 120.28 48.25
sheep 0.507566 37.73 197.81 72.57 224.00
sheep 0.507446 18.61 204.00 52.39 224.00
sheep 0.507353 41.52 188.66 68.38 209.34
aeroplane 0.507009 14.47 146.80 43.82 186.06
sheep 0.507007 45.58 206.09 88.84 224.00
aeroplane 0.506898 99.35 11.40 117.93 35.19
sheep 0.506877 67.07 160.28 93.49 190.41
sheep 0.506872 57.77 173.53 87.41 205.19
aeroplane 0.506572 33.62 151.99 55.32 188.53
aeroplane 0.506564 86.81 11.37 110.05 39.05
sheep 0.506553 61.96 158.83 80.80 190.38
sheep 0.506322 98.17 157.46 130.98 183.44
sheep 0.506272 31.88 182.57 58.52 206.49
sheep 0.506212 32.56 167.52 59.09 200.62
sheep 0.506021 54.20 156.82 73.07 190.75
sheep 0.505640 43.69 155.49 63.61 190.53
sheep 0.505180 43.58 171.44 69.70 203.11
