boat 0.614048 107.75 77.89 202.58 174.99
boat 0.589344 17.28 98.38 208.38 156.79
boat 0.584468 149.46 93.83 188.76 169.92
boat 0.583856 75.45 83.94 213.51 163.93
boat 0.579327 141.37 79.10 195.97 161.76
boat 0.576847 131.28 59.72 199.22 139.18
boat 0.575712 126.98 21.35 205.70 83.08
boat 0.572046 159.63 88.23 199.21 160.51
boat 0.568389 128.46 96.25 204.44 200.33
boat 0.562530 138.68 7.87 213.05 77.51
boat 0.562525 152.73 113.36 182.15 184.13
boat 0.562299 155.17 127.11 185.46 199.76
train 0.558733 0.00 97.85 185.27 158.62
boat 0.557408 49.75 86.67 202.97 139.63
aeroplane 0.555541 34.33 106.14 127.77 169.16
boat 0.555322 129.78 38.37 203.58 124.57
train 0.551028 118.28 75.18 199.29 131.62
train 0.550856 76.34 114.30 156.62 153.09
boat 0.550670 106.31 115.53 199.31 213.67
aeroplane 0.550443 7.43 93.73 169.21 154.58
aeroplane 0.549500 21.73 75.92 98.47 139.32
boat 0.549294 168.06 96.13 199.95 149.56
boat 0.546675 169.79 107.26 198.36 166.41
train 0.546349 92.72 108.73 170.56 162.16
car 0.546295 27.54 99.31 117.14 163.75
boat 0.546097 139.61 23.41 197.55 69.76
boat 0.544648 162.90 84.47 198.04 136.61
boat 0.544497 143.49 74.40 224.00 185.82
person 0.543980 26.12 103.02 120.45 169.57
train 0.543319 57.19 116.06 139.73 165.22
boat 0.542457 48.10 98.63 205.19 195.26
boat 0.541952 164.07 102.82 192.01 170.31
car 0.541485 23.64 81.10 100.50 149.53
car 0.540088 0.00 139.35 14.11 178.69
car 0.539595 20.15 109.85 82.04 171.81
train 0.539550 93.52 87.61 176.98 130.66
boat 0.539273 216.75 94.05 224.00 126.67
boat 0.538670 214.95 137.96 224.00 172.82
boat 0.537114 151.80 67.77 197.74 126.37
boat 0.536327 89.10 66.02 213.65 126.82
train 0.535917 120.86 97.09 191.16 161.69
car 0.535705 0.00 199.13 15.28 224.00
boat 0.535692 120.70 102.06 187.28 167.34
boat 0.535625 215.48 122.52 224.00 158.04
boat 0.535597 1.92 86.02 169.67 201.44
boat 0.535435 215.34 106.35 224.00 140.09
aeroplane 0.535424 213.87 26.98 224.00 61.86
boat 0.535366 153.04 160.13 185.71 204.25
train 0.535321 81.04 85.66 164.05 121.54
aeroplane 0.535212 79.87 106.27 150.72 168.81
boat 0.535188 215.18 149.68 224.00 188.49
boat 0.535172 13.96 104.00 162.07 171.17
boat 0.535155 207.27 206.40 224.00 224.00
train 0.535107 68.98 89.93 154.65 128.11
aeroplane 0.534928 15.21 90.80 174.46 190.27
train 0.534657 104.50 95.44 181.29 148.70
aeroplane 0.534603 21.93 87.58 109.34 153.68
boat 0.534567 22.82 88.00 168.00 149.85
boat 0.533357 88.74 145.52 196.14 224.00
boat 0.533333 183.29 97.87 205.29 134.11
boat 0.533227 162.35 108.52 224.00 212.31
car 0.533098 0.00 148.19 13.87 190.89
aeroplane 0.532959 121.30 116.94 169.85 177.15
boat 0.532932 162.68 134.39 195.39 193.75
boat 0.532906 177.97 125.42 202.21 170.35
car 0.532408 0.00 203.54 26.14 224.00
train 0.531900 116.03 116.52 163.54 178.11
boat 0.531728 217.98 78.96 224.00 117.07
boat 0.531395 152.91 177.41 188.64 210.58
boat 0.531311 143.88 45.49 224.00 145.95
car 0.531247 0.00 0.00 21.35 20.34
aeroplane 0.531177 110.37 22.67 180.23 66.91
aeroplane 0.530858 52.63 212.08 87.52 224.00
boat 0.530857 112.32 54.91 196.72 115.44
boat 0.530831 51.24 124.96 201.13 220.39
car 0.530828 0.00 181.94 10.14 220.70
boat 0.530752 119.70 17.16 192.56 67.45
aeroplane 0.530736 21.32 163.51 163.60 224.00
person 0.530597 66.20 210.41 103.85 224.00
boat 0.530515 204.25 99.92 217.88 130.50
boat 0.530445 184.51 123.66 207.94 160.98
boat 0.530165 187.23 133.04 208.68 168.04
car 0.530143 0.54 97.53 19.63 130.33
boat 0.530139 28.76 157.78 176.85 224.00
aeroplane 0.530063 70.97 164.66 110.37 200.55
car 0.530054 17.36 126.52 68.72 173.02
boat 0.529958 214.26 37.36 224.00 73.96
boat 0.529857 131.00 26.83 216.73 105.67
train 0.529811 70.93 98.72 155.31 139.82
aeroplane 0.529706 30.51 53.28 105.22 101.21
bus 0.529673 68.23 84.48 146.54 117.91
boat 0.529620 174.68 140.80 203.77 187.79
bird 0.529539 149.62 202.72 194.01 224.00
boat 0.529194 126.94 0.00 204.19 50.54
boat 0.529000 92.63 0.00 157.31 41.72
boat 0.528956 125.50 137.73 160.26 195.00
car 0.528849 0.00 170.67 10.68 211.77
aeroplane 0.528803 215.00 12.48 224.00 47.69
boat 0.528766 110.24 0.00 181.55 47.08
boat 0.528733 191.28 208.82 222.78 224.00
boat 0.528606 188.30 141.46 209.44 175.55
aeroplane 0.528572 76.29 175.76 112.37 203.96
car 0.528417 0.00 158.20 12.29 201.09
car 0.528365 0.00 100.40 14.03 137.12
car 0.528087 1.82 131.11 18.31 168.73
aeroplane 0.528079 204.33 0.00 224.00 22.02
boat 0.528054 201.98 137.71 217.69 169.16
boat 0.528037 181.43 108.44 206.59 147.58
car 0.527977 0.00 0.00 63.67 37.77
car 0.527868 5.51 140.43 25.38 172.29
aeroplane 0.527847 26.23 211.25 64.18 224.00
boat 0.527799 218.50 68.11 224.00 109.21
car 0.527750 4.35 178.81 105.44 224.00
car 0.527724 1.57 88.06 85.50 163.83
aeroplane 0.527712 22.88 125.18 67.01 178.04
car 0.527709 5.45 208.67 41.24 224.00
aeroplane 0.527685 0.00 91.31 19.55 124.53
boat 0.527669 202.50 129.98 218.46 162.12
boat 0.527600 177.98 85.50 204.84 125.16
aeroplane 0.527595 48.46 37.51 109.74 73.61
boat 0.527545 166.23 158.76 224.00 224.00
person 0.527531 96.26 206.99 141.64 224.00
boat 0.527263 0.00 0.00 99.55 146.21
car 0.527227 0.00 109.80 14.19 151.06
train 0.526889 99.23 77.21 176.32 117.86
boat 0.526858 114.19 39.33 194.20 94.15
aeroplane 0.526760 26.97 62.97 104.93 115.80
car 0.526630 2.67 107.44 18.67 140.58
boat 0.526585 119.41 140.85 149.75 198.85
boat 0.526551 215.39 161.63 224.00 203.83
aeroplane 0.526517 55.43 121.44 118.20 188.12
aeroplane 0.526509 99.62 115.55 158.15 177.49
person 0.526473 78.07 208.91 124.11 224.00
aeroplane 0.526447 213.75 2.87 224.00 37.59
car 0.526348 11.02 210.83 52.04 224.00
aeroplane 0.526316 108.76 58.88 185.06 109.72
boat 0.526295 188.29 150.39 211.86 190.72
boat 0.526157 203.04 122.03 218.86 155.13
boat 0.526140 215.92 45.00 224.00 84.16
car 0.526123 0.00 171.55 63.64 224.00
car 0.526112 0.00 88.52 13.01 126.39
boat 0.525984 38.66 72.00 169.45 127.37
aeroplane 0.525895 64.87 150.03 112.82 199.96
boat 0.525843 205.37 89.55 219.65 122.16
aeroplane 0.525689 214.83 188.87 224.00 222.52
aeroplane 0.525615 33.82 39.49 106.80 87.61
boat 0.525593 156.27 0.00 224.00 66.63
boat 0.525528 116.70 153.11 144.99 205.17
aeroplane 0.525496 215.53 173.57 224.00 211.60
boat 0.525373 200.53 149.00 218.50 183.52
boat 0.525285 64.83 0.00 135.40 38.84
boat 0.525243 217.88 55.45 224.00 97.39
bird 0.525231 180.10 208.78 215.60 224.00
boat 0.525198 71.49 85.96 224.00 224.00
aeroplane 0.525121 0.00 0.00 81.48 32.02
boat 0.525054 157.02 146.40 194.90 204.62
aeroplane 0.524996 100.54 176.93 137.95 212.09
car 0.524983 11.36 136.40 47.42 171.69
aeroplane 0.524793 64.18 112.43 131.56 174.36
boat 0.524783 203.51 113.41 218.83 146.50
aeroplane 0.524712 23.21 137.89 60.81 183.66
aeroplane 0.524690 19.64 134.47 192.43 224.00
aeroplane 0.524668 22.33 0.00 61.76 14.46
boat 0.524640 189.13 27.87 211.27 61.97
bird 0.524601 162.29 206.32 206.65 224.00
boat 0.524560 204.55 32.92 220.53 64.88
boat 0.524326 150.55 196.23 192.23 224.00
car 0.524164 2.54 120.70 18.03 159.87
boat 0.524136 115.90 206.91 158.81 224.00
boat 0.524063 109.38 0.00 224.00 170.45
boat 0.524020 103.68 206.50 149.09 224.00
aeroplane 0.523990 33.56 197.11 57.30 218.36
car 0.523851 0.03 186.43 17.40 216.66
aeroplane 0.523830 109.74 43.02 182.06 90.53
aeroplane 0.523806 0.00 60.63 9.43 102.67
aeroplane 0.523637 0.00 64.72 17.41 99.97
car 0.523620 5.16 104.28 24.81 133.74
boat 0.523548 28.05 0.00 106.25 34.44
aeroplane 0.523388 25.09 198.13 50.94 218.53
aeroplane 0.523373 0.00 74.10 17.91 108.41
boat 0.523296 157.82 21.15 204.74 66.20
aeroplane 0.523275 42.84 197.54 63.14 216.51
aeroplane 0.523147 25.14 152.99 57.84 192.34
boat 0.523041 94.17 54.21 217.36 189.74
boat 0.523025 133.43 116.20 184.52 177.95
boat 0.522988 121.75 0.00 222.32 89.34
boat 0.522965 145.46 48.46 198.97 111.23
train 0.522872 44.54 80.90 129.34 126.09
aeroplane 0.522798 0.00 79.90 11.70 119.04
boat 0.522728 136.66 205.25 175.60 224.00
aeroplane 0.522724 106.23 33.30 170.93 75.41
aeroplane 0.522563 43.95 89.12 130.73 140.86
aeroplane 0.522519 17.77 153.69 49.98 191.40
boat 0.522504 138.54 148.29 215.29 224.00
aeroplane 0.522333 52.45 197.23 71.04 214.75
car 0.522283 12.51 98.68 62.81 137.68
aeroplane 0.522235 77.00 185.26 110.02 210.90
aeroplane 0.522232 17.19 197.36 42.22 218.38
boat 0.522226 207.18 0.00 224.00 28.34
bus 0.522208 75.53 78.45 149.49 110.75
aeroplane 0.522202 107.38 157.80 137.45 206.99
aeroplane 0.522190 0.00 65.92 74.96 148.15
boat 0.522095 174.39 152.06 204.68 201.31
boat 0.521760 197.79 0.00 224.00 17.90
boat 0.521656 103.56 168.29 137.21 212.38
aeroplane 0.521641 10.44 0.00 52.56 14.11
boat 0.521537 111.28 164.71 143.95 210.17
aeroplane 0.521428 73.94 188.54 101.29 211.23
aeroplane 0.521390 8.99 192.51 30.23 217.26
boat 0.521356 139.84 134.80 182.14 193.45
train 0.521232 103.18 63.10 175.33 105.90
car 0.521163 6.06 115.63 24.31 148.67
car 0.521144 3.89 0.00 40.20 14.39
aeroplane 0.520943 107.55 144.16 142.15 200.47
aeroplane 0.520882 105.21 128.20 149.80 189.64
boat 0.520881 150.46 31.72 201.37 83.82
boat 0.520842 122.90 160.70 156.48 205.58
aeroplane 0.520754 94.00 170.64 131.81 210.36
car 0.520753 0.00 174.70 15.87 208.77
boat 0.520743 194.79 170.82 212.81 205.13
boat 0.520670 186.82 0.00 219.21 16.23
aeroplane 0.520646 32.38 189.00 56.84 210.37
aeroplane 0.520640 118.89 0.00 149.84 20.39
aeroplane 0.520639 39.07 0.00 74.17 13.48
aeroplane 0.520612 19.83 170.44 49.65 202.68
aeroplane 0.520608 61.09 194.39 82.17 213.81
car 0.520596 12.30 111.59 56.84 153.79
boat 0.520501 25.62 72.00 131.77 141.33
aeroplane 0.520472 80.46 176.72 129.39 206.49
aeroplane 0.520462 11.28 127.89 123.64 199.00
aeroplane 0.520387 93.42 27.28 154.70 62.39
car 0.520336 10.15 120.44 53.23 164.70
aeroplane 0.520307 89.01 128.61 135.61 189.16
boat 0.520261 204.89 22.40 222.74 54.05
aeroplane 0.520259 23.24 188.02 50.23 209.69
aeroplane 0.520246 110.57 0.00 142.28 20.17
boat 0.520123 197.44 189.67 214.73 216.43
aeroplane 0.520061 0.00 6.66 9.05 45.99
bus 0.520008 44.60 65.58 119.63 106.92
aeroplane 0.519952 105.92 186.74 142.70 215.65
aeroplane 0.519901 100.70 0.00 131.33 19.39
aeroplane 0.519874 0.00 24.78 65.72 111.73
boat 0.519838 183.97 38.34 209.63 74.55
aeroplane 0.519785 21.68 208.31 54.58 224.00
bus 0.519764 42.79 54.98 113.37 98.27
aeroplane 0.519736 90.84 0.00 122.81 18.12
bus 0.519685 79.72 28.84 137.80 62.32
aeroplane 0.519668 64.46 30.79 124.67 64.89
aeroplane 0.519662 92.46 147.98 129.25 201.12
aeroplane 0.519639 12.69 146.36 40.91 180.88
car 0.519597 5.43 123.76 23.96 159.97
aeroplane 0.519482 69.04 191.40 92.76 212.03
aeroplane 0.519471 120.67 15.73 161.19 48.90
aeroplane 0.519434 14.99 184.75 39.51 208.40
aeroplane 0.519315 58.90 0.00 96.89 13.31
aeroplane 0.519309 72.94 0.00 109.97 14.85
boat 0.519303 143.68 11.90 199.87 54.71
aeroplane 0.519290 29.20 171.91 57.27 203.86
aeroplane 0.519289 0.00 55.56 16.52 92.39
boat 0.519260 146.54 0.00 190.19 32.14
aeroplane 0.519253 127.22 0.00 158.86 21.69
boat 0.519205 171.82 67.55 204.22 113.13
boat 0.519178 66.39 0.00 104.05 13.33
boat 0.519120 203.61 159.36 220.09 198.15
aeroplane 0.519079 42.68 189.24 62.63 208.69
aeroplane 0.519033 0.00 40.29 7.76 84.91
aeroplane 0.518945 12.39 154.85 38.29 189.46
aeroplane 0.518936 69.73 182.64 98.67 204.19
aeroplane 0.518934 81.80 0.00 115.89 16.93
aeroplane 0.518902 106.00 11.42 139.10 39.88
aeroplane 0.518873 84.41 184.51 130.36 210.39
boat 0.518870 177.22 166.77 205.15 205.81
aeroplane 0.518831 0.00 22.21 7.99 64.13
aeroplane 0.518803 6.29 161.25 117.08 224.00
aeroplane 0.518794 34.99 67.88 174.81 172.11
boat 0.518691 192.18 15.75 212.96 49.13
aeroplane 0.518644 39.25 208.47 66.66 224.00
boat 0.518606 206.92 190.06 223.11 218.21
aeroplane 0.518513 12.70 167.82 37.61 199.53
aeroplane 0.518490 12.58 0.00 143.42 140.87
boat 0.518458 170.70 0.00 212.72 18.58
aeroplane 0.518350 0.00 0.00 68.74 82.18
aeroplane 0.518297 53.21 188.80 72.42 206.52
boat 0.518250 206.43 172.46 221.24 206.07
aeroplane 0.518216 25.89 16.49 107.45 97.17
boat 0.518077 156.71 0.00 206.04 23.10
boat 0.518037 138.20 19.15 184.05 53.03
bus 0.518002 69.95 65.32 134.45 97.20
aeroplane 0.517935 69.78 176.25 103.11 199.87
aeroplane 0.517927 62.01 185.55 86.79 205.61
car 0.517867 0.00 0.00 11.60 33.81
aeroplane 0.517864 95.68 8.54 126.86 38.49
aeroplane 0.517861 8.33 203.92 35.60 224.00
aeroplane 0.517848 62.00 166.62 92.02 193.65
car 0.517790 0.00 115.31 80.51 187.91
boat 0.517606 205.84 14.65 222.91 46.31
aeroplane 0.517590 46.90 124.23 100.04 178.78
aeroplane 0.517588 46.35 33.29 93.91 66.92
car 0.517557 0.00 134.58 73.68 210.25
aeroplane 0.517538 34.09 156.25 62.75 190.44
train 0.517445 99.23 50.96 163.08 86.96
aeroplane 0.517427 48.36 209.51 74.36 224.00
aeroplane 0.517420 7.19 179.72 27.21 207.71
boat 0.517409 119.42 186.68 154.79 214.65
boat 0.517321 191.80 7.08 214.33 36.89
aeroplane 0.517257 95.84 198.62 139.29 224.00
aeroplane 0.517205 10.44 89.67 64.67 126.54
boat 0.517104 143.61 4.29 189.22 45.07
aeroplane 0.517067 111.46 20.92 162.66 55.70
boat 0.516982 143.22 155.97 179.09 200.94
boat 0.516979 205.52 71.12 221.22 109.20
aeroplane 0.516951 68.80 203.61 100.02 224.00
aeroplane 0.516894 34.67 123.35 85.39 176.24
boat 0.516811 180.76 186.61 206.56 214.40
aeroplane 0.516806 60.70 0.00 181.76 145.40
boat 0.516743 19.88 0.00 106.49 58.27
aeroplane 0.516710 5.07 153.75 25.68 187.88
aeroplane 0.516641 4.75 57.94 106.45 139.39
aeroplane 0.516603 2.38 84.75 23.73 115.28
aeroplane 0.516577 119.73 0.00 153.98 33.85
aeroplane 0.516532 0.00 9.37 16.43 41.43
boat 0.516484 177.64 46.50 207.62 85.97
bus 0.516461 56.23 46.71 117.52 87.68
aeroplane 0.516458 40.02 174.41 62.49 201.81
bus 0.516446 87.85 36.12 147.47 73.76
aeroplane 0.516444 22.28 63.19 83.97 103.02
aeroplane 0.516387 50.12 163.72 74.89 190.33
bus 0.516374 59.36 32.06 120.18 69.63
boat 0.516300 204.02 46.71 220.08 81.52
car 0.516268 9.22 110.28 107.32 177.03
aeroplane 0.516237 0.00 37.00 102.45 120.32
boat 0.516212 137.05 0.00 173.08 25.81
bus 0.516158 87.07 52.15 147.31 85.28
aeroplane 0.516114 63.21 206.47 92.28 224.00
bus 0.516105 70.07 50.40 130.95 85.63
aeroplane 0.516033 73.14 201.33 110.32 224.00
aeroplane 0.515965 56.79 150.04 94.01 187.23
boat 0.515963 90.72 20.93 177.65 95.00
aeroplane 0.515951 5.64 164.07 25.70 197.74
aeroplane 0.515909 2.01 76.38 23.97 105.78
aeroplane 0.515883 86.57 24.31 139.23 58.89
aeroplane 0.515832 23.69 14.11 70.53 41.44
bus 0.515829 70.21 36.10 130.16 74.99
aeroplane 0.515823 62.97 177.06 90.70 200.10
aeroplane 0.515778 0.00 43.35 14.74 82.85
aeroplane 0.515722 0.37 68.71 24.73 96.25
boat 0.515589 172.04 55.93 205.11 102.05
boat 0.515585 144.69 183.02 178.21 210.93
aeroplane 0.515584 42.89 145.60 77.39 182.67
aeroplane 0.515506 0.00 0.00 96.89 48.05
aeroplane 0.515470 0.00 18.50 15.42 51.05
boat 0.515420 164.94 10.23 206.83 44.05
aeroplane 0.515405 54.31 177.86 73.90 199.65
boat 0.515200 30.33 16.00 115.77 94.89
aeroplane 0.515143 85.21 6.01 118.89 38.94
boat 0.514946 0.00 0.00 24.80 16.71
aeroplane 0.514855 0.00 32.34 14.09 70.02
aeroplane 0.514796 71.55 0.00 111.77 23.18
boat 0.514653 54.24 0.00 133.61 55.44
aeroplane 0.514572 35.39 24.60 80.55 57.54
boat 0.514547 204.45 57.91 220.73 96.99
aeroplane 0.514495 103.81 18.88 146.98 52.10
aeroplane 0.514110 31.12 13.25 74.29 50.15
boat 0.514031 180.04 204.29 211.39 224.00
aeroplane 0.513902 0.00 0.00 18.37 27.59
aeroplane 0.513835 40.18 39.16 90.53 73.86
aeroplane 0.513823 11.18 67.56 63.55 97.98
aeroplane 0.513777 127.85 0.00 162.60 35.52
boat 0.513771 49.04 18.54 138.12 92.99
boat 0.513755 32.76 52.46 129.27 117.33
aeroplane 0.513673 14.90 14.35 61.05 35.77
aeroplane 0.513648 58.60 21.62 100.36 59.82
aeroplane 0.513577 93.83 17.76 133.56 51.76
boat 0.513517 158.17 200.36 201.24 224.00
aeroplane 0.513514 11.73 74.96 64.25 108.92
aeroplane 0.513300 44.04 15.98 79.43 53.96
aeroplane 0.513211 3.07 13.12 33.10 35.95
aeroplane 0.512995 63.13 0.30 98.18 41.43
aeroplane 0.512935 0.00 60.28 25.01 89.49
aeroplane 0.512815 75.09 3.93 112.91 39.38
aeroplane 0.512778 22.16 0.00 66.15 29.60
aeroplane 0.512339 81.90 18.34 124.24 54.20
aeroplane 0.512288 70.35 19.83 115.05 57.11
aeroplane 0.512171 15.19 23.32 61.65 44.93
boat 0.512071 138.32 2.18 178.99 39.35
aeroplane 0.511825 0.27 22.49 30.62 45.78
aeroplane 0.511823 25.83 46.51 85.14 84.32
aeroplane 0.511795 4.11 0.00 39.68 13.56
aeroplane 0.511621 55.50 0.00 88.54 39.05
aeroplane 0.511579 10.48 59.99 63.21 90.71
aeroplane 0.511352 5.71 0.00 34.75 22.68
aeroplane 0.511261 27.92 37.78 81.85 70.61
aeroplane 0.510951 14.08 0.00 59.39 22.02
aeroplane 0.510749 15.12 30.94 62.04 53.99
aeroplane 0.510713 49.38 0.00 88.64 17.72
aeroplane 0.510702 40.00 0.00 71.50 35.89
aeroplane 0.510667 0.00 48.52 25.24 80.20
aeroplane 0.510667 0.00 29.44 28.11 54.81
aeroplane 0.510106 0.00 37.30 26.10 66.29
aeroplane 0.509861 12.66 49.63 63.34 81.46
aeroplane 0.509704 14.65 39.18 62.58 66.89
