bus 0.585229 0.00 72.28 179.35 220.78
car 0.582270 32.22 170.72 75.58 197.91
car 0.578309 44.12 174.60 77.66 199.98
car 0.576604 200.37 158.18 220.88 185.93
car 0.565294 206.83 156.49 224.00 188.16
car 0.558800 24.57 206.25 78.38 224.00
person 0.557194 3.01 122.28 25.35 157.10
car 0.555713 51.13 183.80 81.54 202.21
car 0.555669 0.00 120.35 14.94 160.06
car 0.555418 14.64 206.27 62.66 224.00
car 0.554873 39.61 204.78 88.73 224.00
dog 0.551986 2.40 118.35 26.06 153.66
car 0.550895 4.18 124.95 26.20 158.59
dog 0.550229 0.00 115.93 15.93 155.97
car 0.549921 8.28 205.29 48.23 224.00
person 0.549857 165.04 72.09 199.22 100.86
person 0.548383 5.48 119.29 30.19 151.80
car 0.548328 28.59 162.37 83.04 194.81
car 0.547191 79.78 180.88 103.04 198.28
person 0.547008 190.24 56.37 207.80 83.02
person 0.546388 137.18 58.93 171.73 78.86
car 0.546328 195.25 154.95 217.34 183.42
car 0.545849 129.86 212.63 167.43 224.00
person 0.545831 177.79 58.01 205.51 86.44
dog 0.545621 3.51 95.20 25.80 125.92
person 0.545266 133.89 52.64 163.33 73.16
car 0.544114 83.83 159.27 108.98 173.95
bus 0.543778 6.19 131.27 159.69 224.00
car 0.543705 136.70 210.96 177.25 224.00
car 0.543448 0.00 169.06 13.42 207.04
person 0.542984 140.38 64.44 175.98 82.35
car 0.542869 85.08 163.96 108.49 181.07
car 0.542860 83.75 182.51 106.30 195.76
person 0.542505 168.33 81.36 198.94 107.03
car 0.542255 60.55 210.70 96.30 224.00
car 0.541839 73.17 212.44 104.07 224.00
dog 0.541658 10.51 65.44 31.02 90.79
car 0.541379 71.00 186.53 95.01 202.29
car 0.541212 12.49 166.38 155.99 224.00
car 0.541168 70.60 181.62 96.46 199.24
dog 0.541154 7.14 102.69 29.57 131.61
car 0.541120 43.40 161.54 76.00 192.23
car 0.540570 0.00 196.78 32.73 224.00
person 0.540249 214.19 59.76 224.00 92.43
dog 0.540233 0.00 93.84 16.21 127.86
car 0.540142 98.08 78.30 115.43 92.77
sheep 0.540048 85.38 132.25 110.85 149.21
person 0.539864 167.27 61.20 203.00 94.71
car 0.539741 81.12 186.27 101.73 200.75
sheep 0.539587 86.19 124.91 110.65 142.39
person 0.539407 82.24 213.31 112.83 224.00
car 0.539181 209.02 205.83 224.00 224.00
car 0.539171 48.42 198.21 84.29 222.06
car 0.539164 12.97 124.08 182.88 204.31
car 0.539002 120.45 212.10 154.48 224.00
car 0.538546 0.00 187.08 19.97 224.00
person 0.538354 177.19 112.55 200.68 132.32
dog 0.537855 9.53 71.45 30.96 97.65
person 0.537729 5.07 112.05 29.63 143.49
car 0.537616 148.38 207.81 184.97 224.00
car 0.537512 181.16 113.62 205.33 132.08
car 0.537096 0.16 181.42 16.81 214.40
train 0.537026 0.00 70.28 168.61 204.30
sheep 0.536887 86.56 117.71 109.82 134.26
car 0.536694 2.24 171.68 23.42 203.71
sheep 0.536604 87.24 110.41 109.27 125.39
person 0.536448 93.90 212.63 125.54 224.00
dog 0.536346 7.30 88.93 30.22 116.75
bus 0.536336 0.00 104.39 45.59 197.20
sheep 0.536240 84.27 140.84 110.26 157.04
car 0.535929 122.81 179.70 140.38 200.57
car 0.535692 122.93 186.45 139.50 205.09
car 0.535460 12.77 197.00 43.52 224.00
train 0.535415 89.92 47.42 110.97 58.75
person 0.535399 83.43 151.97 109.46 166.75
car 0.535347 84.07 173.89 107.56 190.20
person 0.535273 6.77 128.87 27.74 163.30
car 0.535127 178.26 104.70 205.29 126.31
car 0.534874 43.78 181.49 79.45 206.80
bicycle 0.534768 177.75 119.68 199.66 137.79
person 0.534560 134.70 46.68 165.16 69.28
car 0.534496 189.94 159.28 214.26 185.79
dog 0.534496 8.51 79.25 30.44 107.10
car 0.534463 188.88 209.54 219.85 224.00
person 0.534438 215.34 49.21 224.00 80.52
person 0.534400 175.46 102.66 200.52 125.85
car 0.534371 0.00 157.79 12.90 199.38
car 0.534072 11.04 181.94 31.89 206.03
bus 0.533981 0.93 44.05 175.46 173.65
person 0.533969 143.08 69.56 176.82 86.41
person 0.533713 137.76 68.90 166.46 85.16
person 0.533448 218.06 33.09 224.00 65.73
car 0.533417 211.10 147.00 224.00 181.15
person 0.533412 144.69 65.47 191.69 86.34
person 0.533322 216.61 41.76 224.00 73.30
car 0.533275 157.79 206.10 190.65 224.00
bus 0.533181 8.64 97.66 116.90 200.20
car 0.533126 128.50 186.53 146.75 206.85
bus 0.532827 13.56 159.43 135.15 224.00
car 0.532778 9.95 174.39 32.79 200.69
car 0.532768 178.40 178.70 224.00 224.00
car 0.532733 198.82 208.23 224.00 224.00
car 0.532689 198.42 131.91 224.00 213.46
train 0.532667 89.72 41.70 110.64 54.04
dog 0.532662 58.82 46.08 75.63 60.56
car 0.532537 127.78 179.15 147.72 202.37
person 0.532534 114.50 211.17 150.49 224.00
car 0.532490 0.00 132.75 13.56 175.73
car 0.532474 182.29 120.85 204.66 137.98
dog 0.532452 0.00 63.49 17.23 95.45
person 0.532276 105.96 211.22 141.25 224.00
car 0.532204 165.57 175.19 184.62 206.78
dog 0.532149 83.94 125.09 107.38 142.53
person 0.531929 97.97 83.03 115.24 97.14
car 0.531893 0.00 167.92 36.70 224.00
person 0.531880 132.40 59.60 161.87 75.38
train 0.531878 94.74 78.47 112.22 92.03
dog 0.531868 15.60 66.63 34.80 88.83
person 0.531749 170.88 91.03 197.69 115.13
person 0.531677 215.25 69.16 224.00 104.79
person 0.531662 132.61 65.43 161.26 80.10
cow 0.531559 217.18 101.27 224.00 130.06
dog 0.531547 51.26 107.06 70.05 126.56
car 0.531435 97.66 72.71 115.12 87.46
sheep 0.531345 89.07 101.34 110.19 116.11
cow 0.531323 217.20 109.65 224.00 138.78
person 0.531197 83.32 140.51 108.18 157.72
person 0.531176 186.63 40.35 204.10 63.35
car 0.531170 202.58 53.60 224.00 158.41
bus 0.531101 0.00 11.65 204.21 200.92
car 0.531098 53.87 189.56 82.24 207.90
dog 0.531077 56.14 108.75 75.04 125.64
person 0.531050 192.50 49.41 206.95 73.65
car 0.531044 192.50 0.00 224.00 51.43
dog 0.530952 51.15 101.48 69.81 119.17
car 0.530926 195.44 42.56 224.00 138.79
car 0.530912 84.34 186.97 104.57 197.65
car 0.530870 102.79 78.53 120.84 93.03
person 0.530853 9.22 124.97 32.32 155.89
car 0.530817 40.80 184.94 174.17 224.00
car 0.530808 4.96 183.79 24.13 211.71
person 0.530601 30.37 131.31 65.20 155.91
person 0.530430 182.94 50.34 204.05 75.31
car 0.530368 0.00 89.75 55.26 193.79
car 0.530352 214.96 137.23 224.00 171.32
car 0.530305 169.93 173.77 190.77 205.21
train 0.530286 37.68 130.74 68.89 155.61
person 0.530267 116.44 172.35 133.50 193.54
dog 0.530253 58.58 39.66 75.32 54.27
person 0.530246 219.33 25.68 224.00 57.57
bicycle 0.530224 178.73 126.58 200.03 143.79
car 0.530172 173.75 207.34 209.97 224.00
car 0.530153 198.40 56.78 212.00 83.74
person 0.530100 116.44 166.33 133.69 187.43
person 0.529956 117.68 180.18 132.92 198.71
person 0.529867 122.12 172.01 140.64 195.81
car 0.529779 133.68 179.15 157.70 203.35
person 0.529660 194.59 40.72 207.55 63.64
person 0.529657 0.00 0.00 37.05 44.69
person 0.529646 122.35 165.45 142.00 190.24
car 0.529609 217.02 127.32 224.00 160.58
car 0.529599 111.64 181.39 186.32 224.00
dog 0.529587 0.00 77.53 15.71 111.51
person 0.529566 35.84 140.92 71.69 167.84
dog 0.529563 85.12 110.15 106.20 125.32
dog 0.529563 84.73 117.10 107.02 134.18
car 0.529520 166.73 205.48 198.90 224.00
car 0.529504 0.00 144.21 12.81 187.97
dog 0.529501 14.84 73.22 35.09 95.43
car 0.529500 217.14 118.15 224.00 149.11
car 0.529447 171.51 167.69 194.95 198.63
person 0.529359 64.93 204.33 94.11 224.00
person 0.529311 90.30 166.17 111.87 180.34
car 0.529233 202.78 149.27 218.45 179.04
car 0.529219 144.53 178.10 170.70 203.72
bicycle 0.529174 171.20 161.17 195.89 195.03
dog 0.529035 6.57 62.17 27.39 88.58
dog 0.528935 56.46 102.50 74.96 118.17
bicycle 0.528878 173.19 131.78 194.53 150.42
car 0.528705 2.50 159.91 24.69 195.00
person 0.528672 133.71 69.64 158.62 84.82
person 0.528567 127.36 208.88 154.74 224.00
train 0.528554 94.90 55.07 113.76 67.86
person 0.528550 188.20 32.23 203.76 52.10
car 0.528542 50.88 172.88 83.70 195.61
person 0.528474 20.86 128.21 51.45 156.76
car 0.528409 137.36 182.03 202.33 224.00
person 0.528396 180.77 30.90 198.24 50.44
person 0.528393 160.44 55.89 197.68 84.35
car 0.528390 135.77 185.80 156.32 207.22
person 0.528348 75.05 164.04 102.09 183.69
cow 0.528324 217.02 90.91 224.00 122.44
person 0.528320 124.81 163.94 151.04 193.05
dog 0.528300 57.78 69.61 75.72 86.14
person 0.528267 90.15 126.80 113.84 140.38
car 0.528252 73.80 120.10 224.00 224.00
dog 0.528202 58.05 76.99 74.91 93.54
car 0.528151 140.12 170.20 172.17 200.66
person 0.528125 76.35 159.83 104.12 174.37
car 0.528070 129.03 162.99 162.35 197.16
person 0.527977 126.24 171.18 148.73 197.98
car 0.527943 35.94 151.64 72.96 183.73
car 0.527793 0.00 131.32 35.33 219.22
car 0.527684 0.00 0.00 22.24 21.27
person 0.527674 173.34 93.06 204.62 118.73
bicycle 0.527666 165.81 159.50 188.65 199.46
car 0.527660 179.47 161.16 205.80 188.06
person 0.527574 3.99 133.27 26.07 170.93
person 0.527544 48.44 150.52 74.63 176.42
person 0.527523 138.14 98.22 157.40 115.68
bicycle 0.527507 167.74 131.76 187.29 151.25
train 0.527504 2.00 46.92 173.19 158.76
person 0.527500 44.48 130.54 71.09 155.89
person 0.527405 89.63 134.11 113.73 147.25
person 0.527362 57.25 158.77 84.48 179.51
person 0.527337 0.00 58.81 16.94 91.48
train 0.527292 90.55 53.19 110.43 67.13
dog 0.527282 57.79 51.88 75.17 67.14
bicycle 0.527226 179.00 133.39 202.09 153.56
bicycle 0.527172 169.04 128.17 189.03 144.47
person 0.527142 103.96 173.71 123.17 190.27
car 0.527094 91.76 182.67 112.13 194.47
train 0.527092 93.60 72.21 112.11 86.78
person 0.527007 76.03 205.09 101.49 224.00
car 0.526959 22.37 171.90 60.28 195.47
person 0.526952 103.12 166.48 122.53 183.29
dog 0.526898 50.92 92.78 70.06 111.49
dog 0.526883 52.75 76.22 69.55 94.34
car 0.526848 163.95 181.23 184.29 215.09
person 0.526836 216.40 79.22 224.00 113.69
person 0.526770 89.32 161.22 111.47 172.75
person 0.526755 179.47 39.07 199.65 62.55
car 0.526755 209.50 0.00 224.00 19.97
person 0.526730 138.95 107.12 155.94 121.85
car 0.526712 119.66 185.66 133.49 203.25
person 0.526698 90.49 174.80 112.26 188.87
dog 0.526619 54.70 45.83 71.14 60.41
dog 0.526590 28.80 122.54 59.94 148.70
car 0.526584 54.83 164.25 83.95 188.35
car 0.526514 158.79 175.23 180.79 204.88
person 0.526475 152.42 74.93 190.39 94.54
car 0.526424 183.47 128.21 205.06 145.41
person 0.526214 72.55 173.77 100.27 193.19
dog 0.526202 38.04 121.14 67.11 147.20
person 0.526127 52.44 140.85 74.65 163.62
car 0.526084 186.95 104.48 208.71 125.27
dog 0.526058 54.44 114.57 75.20 135.24
dog 0.525991 12.72 98.46 33.60 122.14
person 0.525976 70.41 192.00 93.68 208.15
car 0.525963 136.17 0.00 171.47 16.78
dog 0.525927 85.68 102.72 105.85 116.87
dog 0.525927 95.27 83.33 112.12 96.40
person 0.525895 168.35 112.80 190.26 129.94
person 0.525862 11.66 104.99 32.76 130.69
car 0.525845 8.81 163.13 32.41 192.13
boat 0.525817 131.59 0.00 166.38 17.80
person 0.525791 133.16 41.72 159.61 64.53
car 0.525634 188.98 112.25 208.79 130.99
person 0.525620 122.57 159.41 142.91 183.64
car 0.525607 189.83 28.54 224.00 115.47
car 0.525597 129.74 194.74 147.21 213.90
dog 0.525574 53.34 40.06 71.11 54.64
person 0.525563 102.63 83.28 120.14 96.82
dog 0.525531 48.70 112.69 70.74 137.01
person 0.525492 105.99 181.76 123.25 195.60
dog 0.525462 92.97 90.25 111.45 105.07
person 0.525460 116.41 160.91 133.10 180.42
car 0.525457 21.93 177.97 52.64 199.72
person 0.525318 200.44 60.78 212.76 91.07
dog 0.525310 52.89 68.52 70.43 86.31
person 0.525308 169.44 121.18 190.62 137.02
person 0.525300 7.62 148.73 30.30 181.39
person 0.525297 141.91 46.13 174.21 70.92
boat 0.525294 30.64 0.00 102.23 37.70
person 0.525287 124.62 193.93 141.19 212.71
car 0.525285 60.68 146.35 183.73 199.37
person 0.525260 220.00 18.81 224.00 48.45
person 0.525112 140.45 112.74 155.32 127.53
person 0.525104 3.41 145.59 25.20 183.22
train 0.525050 96.68 64.15 114.29 79.20
person 0.525047 195.68 32.81 208.21 53.74
person 0.525022 18.26 121.23 46.30 150.38
person 0.525018 145.39 75.45 174.35 93.91
person 0.524995 53.50 131.43 74.79 153.30
dog 0.524943 52.13 83.16 69.87 102.25
sheep 0.524933 134.04 0.00 167.60 18.48
person 0.524835 89.88 119.50 112.91 132.61
train 0.524833 1.92 83.09 111.85 192.65
car 0.524712 169.74 181.02 189.09 214.25
person 0.524655 146.74 97.00 167.71 114.66
person 0.524630 174.39 29.66 193.65 50.87
car 0.524621 157.67 159.40 181.61 198.70
car 0.524562 0.00 0.00 57.17 38.13
person 0.524553 22.11 135.05 60.25 164.93
dog 0.524527 45.17 102.81 64.99 117.89
person 0.524527 138.57 74.98 162.82 92.92
person 0.524521 202.33 93.81 224.00 192.22
person 0.524455 198.03 53.71 212.00 79.92
dog 0.524402 64.51 41.42 81.76 53.05
bus 0.524335 13.64 110.16 218.57 224.00
car 0.524330 158.97 195.83 186.39 224.00
person 0.524310 124.04 157.52 152.55 186.76
car 0.524308 147.14 147.73 196.08 200.81
person 0.524295 155.92 83.57 186.42 103.49
person 0.524263 167.58 102.11 190.44 121.88
dog 0.524261 13.06 81.52 34.73 104.48
car 0.524205 116.29 76.13 140.01 90.10
person 0.524173 102.92 73.08 120.43 87.01
bus 0.524154 103.47 0.00 224.00 160.67
dog 0.524116 57.34 59.93 75.60 76.66
dog 0.524078 53.05 122.11 75.44 144.75
car 0.524068 185.46 136.73 207.96 158.98
train 0.524026 108.62 0.00 142.15 19.09
person 0.524013 181.85 26.00 195.98 43.15
car 0.523928 12.73 169.58 94.86 224.00
train 0.523850 96.69 13.53 123.38 25.08
bus 0.523841 71.63 84.97 224.00 200.82
dog 0.523832 64.70 47.24 81.99 58.61
dog 0.523805 10.85 54.95 29.91 82.03
dog 0.523745 56.20 93.15 75.13 110.29
dog 0.523723 64.68 71.65 82.49 85.03
person 0.523711 138.47 85.71 159.64 105.14
car 0.523644 150.90 198.71 181.75 224.00
train 0.523626 116.88 0.00 151.12 18.71
dog 0.523610 57.22 83.57 74.94 101.10
dog 0.523578 45.47 107.57 66.10 124.68
dog 0.523567 65.79 111.46 84.58 123.93
person 0.523551 161.61 127.94 179.20 145.63
person 0.523508 186.71 67.83 208.68 98.86
car 0.523446 195.34 138.69 212.73 163.63
person 0.523429 147.61 106.34 165.53 120.85
person 0.523367 146.75 85.79 171.04 105.17
person 0.523351 161.25 131.58 178.52 152.11
bicycle 0.523330 170.99 151.16 197.07 185.29
dog 0.523303 34.14 102.30 54.57 119.93
car 0.523290 18.48 185.17 44.47 207.97
sheep 0.523281 22.78 99.99 42.83 122.28
car 0.523273 212.06 165.85 224.00 203.06
train 0.523247 91.93 62.21 111.11 78.92
person 0.523143 89.22 142.58 112.77 154.77
person 0.523130 188.99 26.16 201.91 44.10
person 0.523113 134.89 106.88 150.97 121.65
train 0.523109 89.17 32.13 110.16 47.89
person 0.522977 96.20 89.66 114.75 105.04
car 0.522947 173.97 0.00 224.00 44.22
person 0.522945 135.74 112.84 150.35 127.75
person 0.522921 90.44 111.28 112.48 124.44
person 0.522879 127.40 155.24 162.78 189.72
car 0.522867 191.44 119.98 209.40 138.43
train 0.522859 103.46 12.92 129.15 23.61
person 0.522855 158.91 113.08 177.67 128.88
person 0.522832 101.94 161.44 121.67 175.44
person 0.522831 156.60 93.32 181.79 112.46
boat 0.522815 0.00 0.00 189.57 179.36
person 0.522813 133.86 97.71 151.84 114.79
person 0.522802 60.76 153.16 84.54 170.11
person 0.522763 173.69 37.77 195.67 62.94
person 0.522746 80.37 191.48 100.53 206.88
dog 0.522739 58.27 31.18 75.39 47.21
car 0.522729 129.96 71.03 154.88 86.71
dog 0.522724 12.16 91.51 34.37 114.69
car 0.522702 102.88 150.38 184.75 200.88
bicycle 0.522696 172.63 139.15 195.27 164.40
dog 0.522643 33.29 107.59 55.12 128.54
sheep 0.522625 21.67 105.85 42.88 131.83
dog 0.522611 29.89 114.03 55.51 139.68
bicycle 0.522598 165.83 148.34 189.52 187.91
person 0.522543 161.07 121.23 178.84 137.47
dog 0.522540 10.92 44.65 30.24 71.71
person 0.522386 83.55 206.32 109.31 224.00
sheep 0.522382 21.49 74.50 40.99 94.76
dog 0.522355 78.21 43.45 98.04 52.20
person 0.522341 77.87 153.63 105.03 165.46
dog 0.522294 44.80 94.25 64.37 110.29
person 0.522285 141.05 118.74 155.81 134.91
boat 0.522284 46.36 0.00 124.98 33.40
car 0.522260 158.13 183.86 179.53 216.05
car 0.522221 20.58 164.88 63.41 190.42
train 0.522184 93.06 0.00 128.04 18.06
person 0.522179 172.30 47.81 199.30 76.22
car 0.522170 205.69 138.77 217.86 167.59
dog 0.522140 11.00 33.72 30.68 58.67
person 0.522131 149.38 113.31 165.41 127.16
person 0.522103 157.28 103.93 178.39 120.69
car 0.522099 0.00 41.66 41.58 143.72
bottle 0.522080 158.18 53.37 207.55 123.77
person 0.522049 175.19 24.69 191.27 43.76
car 0.522040 179.51 153.81 207.33 182.42
car 0.521996 177.95 168.92 204.30 194.92
dog 0.521979 65.87 78.58 82.78 90.97
car 0.521943 135.61 195.16 155.42 215.58
car 0.521930 176.40 172.88 201.39 201.56
dog 0.521922 65.11 104.56 84.21 116.56
person 0.521854 88.86 153.69 111.43 164.69
car 0.521845 45.33 0.00 77.29 15.68
dog 0.521841 17.10 35.33 35.31 57.18
sheep 0.521840 139.75 6.72 162.75 22.47
boat 0.521829 38.67 45.33 179.98 143.91
car 0.521806 214.62 181.97 224.00 217.65
person 0.521801 92.47 100.94 113.50 115.52
car 0.521792 173.61 139.46 219.65 204.14
person 0.521740 137.84 150.69 173.28 188.17
person 0.521674 18.30 113.69 42.95 143.18
car 0.521646 184.85 94.59 208.89 119.56
person 0.521628 163.66 46.79 193.94 73.75
dog 0.521625 33.53 94.34 53.57 111.79
person 0.521480 0.00 6.71 30.16 106.01
person 0.521450 165.69 29.57 187.78 49.60
car 0.521441 193.36 128.84 210.39 148.80
sheep 0.521408 22.04 92.77 42.62 114.01
boat 0.521380 149.82 0.00 210.49 40.48
dog 0.521365 89.44 79.11 106.89 90.67
person 0.521312 98.56 126.64 119.45 139.58
bicycle 0.521312 166.85 137.33 187.53 164.11
car 0.521303 146.19 190.61 169.09 216.28
dog 0.521263 77.62 72.33 96.11 83.64
person 0.521244 140.14 126.77 157.98 144.29
sheep 0.521234 21.98 83.13 42.14 104.27
bicycle 0.521198 180.15 142.97 205.33 168.37
sheep 0.521088 19.59 68.35 39.42 87.83
person 0.521085 199.33 47.80 212.00 73.85
car 0.521057 61.50 0.00 91.35 17.11
dog 0.521054 54.18 58.31 71.24 76.07
person 0.521038 118.61 123.34 131.70 138.00
person 0.520986 109.25 186.16 124.50 200.23
car 0.520922 193.07 0.00 224.00 85.28
dog 0.520880 80.14 112.54 101.77 122.98
person 0.520876 135.37 118.54 150.39 134.47
dog 0.520866 51.81 30.70 70.51 47.52
dog 0.520848 16.24 45.49 34.53 69.17
person 0.520807 115.37 72.03 139.73 84.89
train 0.520783 91.47 14.17 115.58 26.25
car 0.520749 7.61 0.00 37.22 16.09
person 0.520748 151.05 127.47 168.63 144.73
person 0.520726 150.81 120.15 166.49 135.44
bottle 0.520720 163.78 65.43 205.44 145.69
dog 0.520678 64.03 61.47 81.83 76.30
dog 0.520657 65.81 117.84 84.66 132.10
car 0.520632 94.23 186.33 111.63 198.27
aeroplane 0.520630 107.99 0.00 138.73 19.67
dog 0.520600 46.61 77.12 64.64 92.38
car 0.520547 56.31 12.40 74.07 25.79
boat 0.520528 81.81 0.00 156.62 29.91
train 0.520419 100.30 48.82 120.59 59.42
person 0.520413 64.27 143.69 84.03 158.81
person 0.520400 134.10 75.49 155.18 92.00
dog 0.520387 11.50 24.80 31.00 47.05
car 0.520363 167.65 195.69 193.46 224.00
car 0.520362 23.75 144.39 72.46 179.35
person 0.520345 127.73 147.79 152.05 171.37
dog 0.520338 22.64 36.86 41.54 56.98
car 0.520326 26.12 181.16 63.59 207.73
dog 0.520313 63.98 52.43 81.31 65.65
car 0.520273 187.42 147.99 212.32 175.22
dog 0.520255 14.93 55.18 33.58 79.40
car 0.520254 57.33 21.07 74.16 37.04
dog 0.520195 46.49 70.05 64.99 84.24
person 0.520195 201.44 39.49 212.00 65.57
person 0.520172 0.00 0.00 30.90 68.52
dog 0.520165 17.95 26.06 35.75 46.18
boat 0.520159 23.23 72.26 180.43 190.32
person 0.520125 197.15 26.00 206.97 44.54
dog 0.520121 87.97 72.85 107.59 84.83
car 0.520117 199.72 0.00 224.00 18.52
person 0.520115 149.85 133.11 169.18 152.98
person 0.520104 220.00 8.92 224.00 36.84
dog 0.520102 79.75 47.68 98.90 55.50
car 0.520095 17.72 154.07 60.39 184.90
person 0.520087 138.03 135.26 159.74 155.02
person 0.520082 120.48 192.93 136.58 211.00
car 0.520050 71.46 0.00 100.74 17.34
person 0.520037 119.56 116.73 132.82 130.00
person 0.520018 97.81 133.92 119.21 146.77
car 0.519991 30.68 0.00 62.16 15.03
train 0.519989 93.91 30.54 116.30 47.02
boat 0.519987 190.49 0.00 218.35 17.67
cow 0.519934 201.81 67.91 213.99 99.59
person 0.519924 124.62 149.80 142.23 169.52
car 0.519920 50.03 12.06 69.48 25.40
person 0.519914 116.65 151.78 130.36 168.42
car 0.519886 175.70 183.81 199.37 213.68
sheep 0.519881 33.40 76.78 52.09 93.93
dog 0.519833 46.00 84.28 64.48 100.71
person 0.519826 165.30 37.56 190.36 62.11
train 0.519813 85.14 34.73 104.47 48.22
bicycle 0.519802 158.37 146.91 182.28 186.59
dog 0.519785 33.60 84.76 52.86 102.52
person 0.519772 117.28 130.49 130.42 145.81
bus 0.519703 81.53 37.41 224.00 180.19
dog 0.519680 79.44 78.69 96.04 89.59
boat 0.519675 106.57 0.00 177.71 31.51
person 0.519664 96.44 205.73 121.24 224.00
aeroplane 0.519638 111.79 11.00 134.46 22.45
sheep 0.519635 5.75 32.51 26.86 59.80
bottle 0.519623 174.75 17.35 189.21 36.22
sheep 0.519623 188.23 17.82 201.98 34.94
dog 0.519621 5.70 45.05 26.33 74.04
dog 0.519591 66.09 125.55 84.91 140.60
car 0.519584 12.30 17.32 31.15 37.24
person 0.519583 0.00 41.46 14.44 76.66
dog 0.519533 24.46 26.64 42.70 46.60
dog 0.519533 88.36 91.99 106.17 106.03
person 0.519520 0.00 20.17 15.50 51.94
person 0.519455 0.00 29.71 14.41 63.77
car 0.519434 78.50 0.00 110.06 17.17
dog 0.519421 79.03 105.59 99.97 116.11
person 0.519387 99.01 119.61 118.92 132.00
car 0.519387 178.84 47.82 215.77 129.25
person 0.519374 133.84 126.06 151.61 143.27
sheep 0.519354 181.86 19.06 195.55 35.46
train 0.519347 91.28 21.90 113.01 37.41
boat 0.519343 123.80 0.00 191.82 36.43
train 0.519335 100.87 41.96 122.42 54.03
car 0.519265 22.30 0.00 53.58 14.82
cow 0.519193 203.00 110.56 215.16 133.09
car 0.519178 50.87 19.85 69.51 36.32
aeroplane 0.519154 19.59 17.85 37.06 35.71
sheep 0.519145 196.59 16.83 207.98 33.34
person 0.519103 133.80 85.11 153.05 103.74
person 0.519088 131.87 135.73 152.51 155.01
car 0.519067 12.50 9.66 31.42 27.70
car 0.519047 15.33 0.00 45.24 14.78
person 0.519017 117.19 80.71 138.07 94.50
person 0.518981 66.14 134.48 84.45 148.77
person 0.518965 167.52 0.00 197.82 19.69
dog 0.518941 65.79 33.37 81.74 47.06
cow 0.518936 201.55 103.02 214.24 125.68
car 0.518907 0.00 52.29 93.00 146.97
car 0.518899 128.41 48.46 156.94 66.55
train 0.518898 101.41 56.19 119.78 67.90
car 0.518872 114.07 49.25 136.67 60.84
car 0.518837 183.79 185.24 209.07 214.34
person 0.518830 116.64 140.07 129.40 155.67
car 0.518771 0.00 4.25 17.81 33.28
car 0.518766 0.00 13.19 16.61 42.40
person 0.518756 144.28 39.88 172.46 63.86
dog 0.518729 48.10 48.07 65.94 57.91
person 0.518723 131.00 114.78 145.91 127.25
dog 0.518722 33.52 39.31 52.82 54.50
dog 0.518702 46.11 41.67 65.80 52.63
dog 0.518672 80.74 119.20 103.79 130.65
car 0.518666 183.53 60.75 214.13 151.18
dog 0.518638 32.06 70.08 50.77 86.71
person 0.518638 130.31 120.49 145.72 134.57
dog 0.518622 65.35 94.72 83.97 108.22
person 0.518564 102.95 65.31 119.82 78.65
aeroplane 0.518559 26.59 17.33 44.58 35.80
dog 0.518457 20.39 46.19 40.32 67.54
sheep 0.518452 6.03 22.51 27.81 47.28
car 0.518447 205.45 119.19 216.39 142.94
person 0.518441 11.11 133.04 39.08 166.63
person 0.518426 100.02 153.37 119.41 165.70
bottle 0.518416 165.89 85.92 202.87 168.31
car 0.518416 206.42 128.66 217.01 154.99
person 0.518403 133.18 145.35 161.21 171.24
person 0.518394 152.72 0.00 187.97 18.86
train 0.518383 96.02 19.93 120.48 35.03
person 0.518360 102.15 89.32 119.46 104.44
car 0.518357 194.89 184.74 215.12 213.97
person 0.518309 79.39 143.61 105.29 154.65
train 0.518302 89.00 52.34 108.19 63.65
dog 0.518211 78.25 61.70 96.79 74.18
boat 0.518210 62.63 44.63 187.52 117.71
boat 0.518170 27.80 24.42 175.42 109.41
car 0.518163 186.26 170.21 211.51 198.65
person 0.518098 85.14 192.43 105.06 205.96
bottle 0.518010 185.20 79.34 211.90 171.63
dog 0.517968 80.26 127.31 104.81 138.52
person 0.517945 160.55 136.41 180.10 163.37
person 0.517912 119.81 109.06 133.62 121.77
person 0.517905 145.49 139.87 171.51 166.59
person 0.517884 185.25 81.54 208.79 110.21
car 0.517858 114.22 56.34 136.49 68.09
sheep 0.517816 176.38 0.00 206.01 18.91
car 0.517810 196.78 168.27 216.61 197.14
car 0.517808 6.22 15.48 27.63 38.12
person 0.517766 97.89 142.49 119.02 154.78
car 0.517740 20.38 10.36 37.96 25.60
dog 0.517710 65.97 84.69 83.21 97.93
car 0.517685 65.34 12.60 80.48 26.04
sheep 0.517682 215.63 0.00 224.00 25.22
dog 0.517667 32.79 47.22 51.93 62.43
person 0.517649 114.66 64.79 137.90 77.43
train 0.517609 12.41 37.94 151.59 132.49
car 0.517600 27.11 9.98 46.02 25.50
aeroplane 0.517586 117.48 0.00 147.99 18.43
dog 0.517556 34.02 28.61 53.25 45.42
train 0.517552 114.74 41.92 137.84 55.61
car 0.517550 5.73 7.58 27.38 29.51
dog 0.517546 78.12 35.55 95.74 47.36
sheep 0.517519 80.23 135.28 105.53 145.94
person 0.517448 127.29 137.30 143.69 154.39
person 0.517443 128.84 127.34 145.62 142.86
dog 0.517379 17.22 62.81 38.25 82.89
dog 0.517373 90.52 83.95 106.45 96.23
boat 0.517349 143.88 41.46 206.07 106.85
person 0.517326 203.99 31.86 212.15 56.33
person 0.517295 133.30 31.09 157.87 55.22
dog 0.517241 47.86 60.30 65.65 73.78
person 0.517217 130.76 108.27 146.10 120.18
car 0.517186 66.21 23.28 80.59 37.89
person 0.517181 111.26 192.68 128.59 209.74
dog 0.517170 88.00 61.98 107.80 75.05
person 0.517160 99.35 111.34 118.95 124.11
person 0.517133 161.62 23.04 185.11 39.35
person 0.517127 129.57 98.65 146.12 112.98
person 0.516999 118.79 99.05 133.89 113.21
boat 0.516947 129.66 31.05 153.51 54.53
person 0.516891 147.15 29.95 172.11 51.30
car 0.516886 14.29 143.00 51.01 177.53
cow 0.516821 201.40 94.13 214.08 120.05
dog 0.516815 44.50 30.89 64.67 44.94
train 0.516784 103.31 18.94 127.44 32.72
boat 0.516771 126.77 42.18 153.14 61.60
car 0.516710 43.59 11.91 63.74 24.09
car 0.516660 73.76 171.79 175.14 224.00
train 0.516637 101.94 30.82 125.06 46.54
train 0.516616 86.20 24.68 103.57 38.94
car 0.516599 35.57 10.73 55.59 24.65
sheep 0.516502 127.25 0.00 158.62 17.43
dog 0.516480 79.56 94.40 98.24 106.55
train 0.516455 85.90 15.07 104.42 26.62
car 0.516406 204.72 166.76 219.62 198.19
tvmonitor 0.516398 107.72 52.14 198.28 122.01
dog 0.516383 30.90 61.97 49.65 79.09
sheep 0.516374 193.05 0.00 212.57 22.37
bottle 0.516367 155.77 14.96 181.40 30.12
car 0.516362 205.60 183.41 219.80 214.65
dog 0.516362 49.11 52.67 65.92 63.97
person 0.516228 117.64 87.76 135.31 102.69
dog 0.516199 35.21 18.27 54.49 34.46
boat 0.516187 56.08 0.00 224.00 174.24
person 0.516185 100.20 100.23 119.29 114.96
car 0.516132 171.46 36.87 220.76 110.80
person 0.516077 96.66 192.03 114.15 208.24
sheep 0.516001 140.81 10.66 169.59 23.72
dog 0.515999 79.63 52.02 98.29 62.33
person 0.515899 129.69 86.01 147.62 102.77
aeroplane 0.515879 77.89 13.87 92.03 26.06
dog 0.515784 44.12 19.66 63.90 34.06
dog 0.515718 31.38 53.97 50.27 70.73
sheep 0.515716 169.38 0.00 193.16 26.38
train 0.515611 78.59 25.18 92.54 38.49
cow 0.515590 202.23 81.13 213.93 110.99
sheep 0.515578 137.05 15.81 157.82 37.23
tvmonitor 0.515515 162.29 116.39 198.32 186.54
car 0.515357 39.76 0.00 66.79 17.20
bottle 0.515356 116.39 61.44 197.51 144.90
dog 0.515292 80.30 84.32 96.86 96.15
aeroplane 0.515287 114.79 31.48 138.26 48.47
aeroplane 0.515091 121.76 8.31 143.68 20.03
aeroplane 0.514847 112.81 19.00 135.12 33.36
sheep 0.514828 149.68 0.00 184.06 22.92
boat 0.514779 0.50 15.48 73.10 108.25
person 0.514665 181.06 106.63 209.01 187.61
sheep 0.514559 146.59 19.16 171.16 35.42
aeroplane 0.514508 124.59 32.26 148.59 52.89
boat 0.514446 38.38 0.00 140.78 69.38
boat 0.514227 2.30 0.00 61.40 65.32
boat 0.514197 43.57 113.50 182.69 198.65
boat 0.514051 121.33 83.76 194.72 170.24
boat 0.513972 144.51 0.00 205.22 72.73
person 0.513780 207.15 24.41 212.00 46.10
sheep 0.513762 185.85 0.00 207.36 24.01
sheep 0.513610 178.87 0.00 200.96 25.24
boat 0.513582 93.85 44.51 193.98 105.39
aeroplane 0.513517 131.27 16.15 152.03 35.37
train 0.513360 74.65 0.00 96.14 18.00
aeroplane 0.513306 131.87 5.83 153.57 20.00
boat 0.513226 98.36 26.71 189.56 92.52
aeroplane 0.513164 122.26 18.39 143.54 35.01
boat 0.513052 173.75 0.00 224.00 80.93
boat 0.512881 62.62 0.00 164.95 65.20
train 0.512871 81.92 0.00 107.74 17.91
sheep 0.512401 207.37 14.61 213.00 33.58
boat 0.512390 20.37 0.00 100.97 67.39
boat 0.512094 118.35 119.39 189.79 190.70
sheep 0.512059 203.71 0.00 217.47 22.77
boat 0.512056 107.44 0.00 185.81 65.54
boat 0.511833 17.29 19.60 122.27 108.03
