person 0.673120 56.45 18.50 130.87 204.59
person 0.606214 8.79 13.08 130.93 195.13
person 0.600722 3.75 27.14 83.65 218.13
person 0.595075 89.92 25.79 154.51 212.85
train 0.582346 0.64 22.86 88.58 190.86
person 0.581146 36.88 29.47 118.39 190.45
person 0.580558 110.48 26.90 167.24 205.95
person 0.573554 184.35 72.81 210.14 153.71
cat 0.570769 7.39 117.22 59.74 215.31
train 0.569944 7.26 46.82 46.34 136.94
tvmonitor 0.569836 7.92 112.35 59.96 210.00
bus 0.568562 6.08 47.86 45.42 144.74
person 0.568272 52.46 80.15 118.50 191.55
chair 0.567965 6.12 125.11 46.37 217.74
dog 0.566033 5.86 105.99 56.34 212.63
person 0.565641 67.01 54.53 115.20 173.65
person 0.563450 176.91 40.21 208.21 186.29
dog 0.561186 5.03 66.92 44.07 167.79
boat 0.560776 9.10 48.36 47.76 129.39
person 0.559904 67.44 59.34 149.23 218.24
person 0.557736 188.21 39.92 218.96 186.33
person 0.556834 16.07 63.80 108.89 224.00
person 0.556605 61.54 33.93 113.83 144.66
person 0.556071 108.54 24.66 146.49 122.21
person 0.555455 158.91 40.64 199.77 188.50
dog 0.554955 6.77 91.21 49.37 186.16
horse 0.554718 51.23 99.83 115.01 206.68
person 0.554685 122.59 134.35 157.68 194.20
sofa 0.554263 42.87 86.97 120.86 197.49
person 0.553656 127.06 30.57 181.34 179.17
person 0.551927 2.13 78.43 69.06 207.18
person 0.549924 128.36 99.75 159.80 191.44
person 0.549446 86.08 24.64 138.30 124.15
person 0.549122 108.89 69.69 158.49 192.71
dog 0.548325 58.88 130.46 117.17 216.50
horse 0.548285 0.00 72.65 97.08 207.24
sofa 0.548075 50.69 89.59 95.19 191.23
motorbike 0.547714 129.19 52.92 184.04 192.53
person 0.547288 37.03 34.04 111.87 130.97
bus 0.547140 0.00 62.80 56.61 170.43
person 0.546916 178.85 78.25 224.00 185.43
person 0.544902 116.16 26.77 167.98 109.99
person 0.544402 0.00 26.86 62.74 162.63
sofa 0.544380 0.00 99.16 62.33 204.35
person 0.544187 162.26 73.06 214.95 179.88
dog 0.543772 72.38 163.93 112.07 217.96
person 0.543069 131.19 0.00 206.19 182.50
dog 0.542932 56.76 123.85 96.06 210.97
boat 0.542857 19.85 47.50 80.58 106.15
person 0.542854 137.58 64.86 191.70 185.93
person 0.542430 152.72 0.11 222.98 189.20
train 0.542207 26.45 47.13 88.36 108.01
person 0.541929 180.60 86.78 209.52 172.87
person 0.541102 30.12 47.01 96.16 110.69
car 0.541009 61.49 140.32 114.27 215.54
chair 0.540985 212.28 100.45 224.00 166.63
bus 0.540979 15.45 58.33 69.41 166.33
person 0.540917 184.62 22.44 209.57 79.10
bicycle 0.540776 125.60 137.76 167.40 192.59
person 0.540745 175.30 24.49 206.26 92.17
person 0.540635 69.66 26.88 125.77 125.96
sofa 0.540559 44.12 101.90 84.60 204.57
person 0.540314 173.72 45.64 207.93 130.84
boat 0.540149 0.00 41.88 54.13 142.25
person 0.539442 213.46 77.52 224.00 140.82
sofa 0.539385 52.66 111.02 112.73 212.73
train 0.539331 29.03 36.56 99.77 129.99
sofa 0.539083 19.52 97.63 72.61 201.55
person 0.539014 142.49 83.67 210.01 184.22
aeroplane 0.538970 11.82 56.99 69.95 158.71
person 0.538403 179.46 14.08 223.66 154.74
chair 0.538361 212.02 83.81 224.00 146.29
bus 0.538359 45.22 86.47 79.70 189.19
bicycle 0.538297 122.82 108.07 163.62 194.35
person 0.538206 215.45 21.40 224.00 72.75
motorbike 0.537094 166.53 93.60 203.34 177.35
person 0.536766 75.02 23.95 133.81 168.65
bus 0.536730 34.63 64.56 72.15 176.54
dog 0.536597 31.76 46.07 89.70 144.01
person 0.536489 76.95 95.88 141.20 198.71
person 0.536479 126.74 83.60 156.02 156.07
dog 0.536471 45.55 111.73 84.82 211.35
person 0.536450 121.62 64.27 148.80 147.27
person 0.536427 164.73 31.28 204.46 99.87
cow 0.535978 128.02 192.43 158.00 212.32
person 0.535948 216.45 61.63 224.00 127.35
bicycle 0.535850 0.10 99.06 58.20 211.58
bus 0.535798 6.46 84.70 64.19 191.52
horse 0.535726 1.15 95.51 67.25 211.93
person 0.535643 134.72 92.82 166.24 175.55
aeroplane 0.535398 22.51 50.01 80.16 146.38
person 0.535353 47.85 50.14 98.50 157.30
person 0.535338 125.67 139.35 168.37 201.53
chair 0.535217 215.58 28.95 224.00 83.95
cat 0.535161 10.91 152.98 44.55 218.30
boat 0.534671 21.34 36.96 89.05 129.21
sheep 0.534554 73.50 177.75 111.15 224.00
person 0.534489 90.94 64.84 179.28 216.36
person 0.534337 142.41 58.91 224.00 204.81
person 0.534191 100.72 25.39 158.85 163.59
person 0.534176 130.52 27.41 179.13 101.35
tvmonitor 0.534026 0.00 115.62 42.06 206.07
boat 0.533779 9.22 51.35 73.87 146.85
person 0.533633 119.09 115.40 184.97 199.85
dog 0.533421 18.37 112.02 68.39 213.05
horse 0.533314 74.91 90.63 127.55 189.16
motorbike 0.533033 168.35 17.27 211.64 160.31
person 0.532952 127.83 93.55 150.48 169.00
motorbike 0.532717 158.89 139.64 209.71 191.17
person 0.532682 216.69 43.49 224.00 104.90
boat 0.532394 4.34 41.90 68.53 109.99
person 0.532385 119.36 44.24 152.71 131.29
bicycle 0.532305 162.61 109.64 201.87 184.30
person 0.532226 162.64 115.03 224.00 208.69
person 0.532113 110.52 59.62 141.91 148.90
person 0.532086 73.57 88.12 125.84 185.52
motorbike 0.531603 118.83 129.98 163.36 198.76
chair 0.531561 0.00 108.65 57.06 214.50
dog 0.531507 74.07 188.96 111.76 224.00
person 0.531417 209.86 204.60 224.00 224.00
bicycle 0.531389 66.21 149.38 134.67 224.00
boat 0.531339 0.00 19.50 20.48 73.19
car 0.531308 0.00 50.95 43.57 134.64
car 0.531247 0.00 0.00 21.01 21.96
chair 0.531241 0.45 137.46 36.19 217.63
bicycle 0.530965 1.93 126.08 68.40 224.00
horse 0.530852 22.97 104.06 104.16 211.67
bottle 0.530808 130.04 199.92 159.05 218.62
person 0.530804 219.84 151.19 224.00 204.09
person 0.530770 172.92 157.52 224.00 224.00
person 0.530668 146.20 29.57 195.90 99.35
chair 0.530606 20.87 134.83 63.75 214.15
person 0.530566 131.76 73.14 163.99 146.65
boat 0.530549 0.00 55.31 37.15 123.94
person 0.530532 46.35 0.00 106.50 47.11
chair 0.530418 214.64 116.83 224.00 177.40
bicycle 0.530346 87.21 166.54 170.79 224.00
person 0.530250 189.97 18.12 211.93 69.86
bicycle 0.530159 59.58 118.57 125.45 213.53
person 0.530079 114.27 92.71 140.66 180.46
person 0.530030 126.90 50.84 161.80 131.04
person 0.530011 217.48 13.23 224.00 62.31
aeroplane 0.529967 163.13 207.36 205.72 224.00
motorbike 0.529882 148.06 95.68 187.27 180.07
person 0.529872 60.73 0.00 90.39 42.65
person 0.529801 173.49 101.64 207.41 178.76
person 0.529784 68.45 0.00 96.87 45.24
person 0.529752 151.26 88.15 187.35 174.19
car 0.529740 175.40 0.00 224.00 81.97
dog 0.529631 209.94 0.00 224.00 22.96
person 0.529568 107.87 8.77 161.89 127.94
bottle 0.529493 128.68 203.22 164.82 224.00
chair 0.528990 186.61 79.68 212.00 149.60
dog 0.528955 0.00 82.05 35.70 170.32
person 0.528898 0.00 0.00 38.67 60.19
motorbike 0.528766 126.31 174.06 157.18 206.76
chair 0.528758 197.48 92.99 214.32 165.84
boat 0.528757 7.45 23.52 39.36 73.86
person 0.528746 66.75 0.00 99.76 13.87
person 0.528672 176.20 0.00 224.00 106.64
person 0.528636 104.92 168.01 197.58 224.00
boat 0.528610 7.68 38.52 43.26 95.29
cat 0.528376 12.51 186.72 47.83 224.00
boat 0.528107 0.00 13.16 17.36 60.72
person 0.528018 166.15 209.07 210.51 224.00
person 0.527995 177.35 82.59 205.56 149.39
person 0.527888 175.27 67.87 201.70 136.62
person 0.527851 133.01 117.14 213.34 196.38
chair 0.527726 219.95 157.88 224.00 210.52
dog 0.527626 71.58 152.21 124.78 213.90
horse 0.527525 32.44 137.29 109.26 224.00
person 0.527467 67.75 176.00 111.15 224.00
person 0.527423 181.30 20.00 204.48 67.16
person 0.527384 127.07 9.49 174.37 125.97
person 0.527350 217.01 129.28 224.00 187.44
person 0.527297 137.17 161.03 224.00 224.00
bicycle 0.527091 122.92 148.53 157.08 202.37
boat 0.527090 0.00 0.00 52.19 52.86
chair 0.526731 37.34 204.75 80.04 224.00
person 0.526665 49.36 46.55 106.87 112.98
chair 0.526618 201.44 101.59 215.87 169.70
person 0.526589 132.24 203.80 169.25 224.00
boat 0.526357 0.00 30.79 24.21 87.64
chair 0.526351 0.00 161.65 26.06 220.26
person 0.526344 118.38 75.10 210.12 219.50
person 0.526245 79.47 53.31 127.17 150.52
person 0.526211 175.14 20.28 199.14 67.90
person 0.526134 101.09 0.00 170.45 56.80
aeroplane 0.526064 165.16 192.77 201.60 211.10
person 0.526052 142.21 92.70 171.45 164.23
person 0.525921 69.34 0.00 134.89 48.11
bicycle 0.525877 146.89 109.75 191.98 186.38
car 0.525820 90.79 0.00 123.43 14.13
bicycle 0.525810 100.87 145.19 163.56 215.67
bicycle 0.525774 76.60 131.82 143.73 213.25
horse 0.525691 86.85 147.75 141.41 204.08
person 0.525622 54.05 0.00 117.59 88.69
bicycle 0.525556 88.34 147.17 140.02 203.31
person 0.525551 195.91 21.47 214.72 74.38
person 0.525544 190.80 69.36 212.00 143.40
boat 0.525471 0.00 0.00 54.73 111.09
cat 0.525364 20.77 199.48 67.37 224.00
person 0.525329 23.73 11.58 102.69 153.29
boat 0.525324 15.38 0.00 77.25 50.67
person 0.525266 184.48 109.57 210.50 178.09
car 0.525210 82.87 0.00 115.62 13.56
chair 0.525028 0.00 188.68 26.74 224.00
person 0.524929 73.27 196.20 120.06 224.00
person 0.524898 66.51 2.66 97.53 73.78
sheep 0.524888 194.37 207.43 224.00 224.00
person 0.524881 79.94 0.00 154.98 81.16
person 0.524871 152.57 43.81 195.26 119.76
bicycle 0.524809 130.27 123.33 179.73 195.31
boat 0.524766 9.91 15.81 34.01 54.23
person 0.524685 96.22 204.05 139.04 224.00
motorbike 0.524679 132.44 131.63 186.32 192.79
horse 0.524671 112.96 112.22 147.32 193.20
person 0.524650 76.88 0.00 104.63 44.66
person 0.524634 157.55 7.33 204.55 130.45
person 0.524568 141.52 10.30 187.99 127.82
aeroplane 0.524553 46.92 21.44 71.49 52.22
chair 0.524531 94.64 0.00 122.83 41.02
boat 0.524529 41.67 22.89 63.27 48.83
chair 0.524387 73.51 191.47 113.54 224.00
car 0.524304 51.11 0.00 87.15 13.65
person 0.524242 119.90 0.00 182.94 63.79
person 0.524239 144.46 204.51 181.26 224.00
horse 0.524219 61.37 152.45 114.42 220.63
person 0.524124 53.95 0.00 84.28 37.83
boat 0.523910 0.00 14.64 31.21 58.13
person 0.523883 114.57 149.80 190.08 214.27
bottle 0.523815 47.50 13.88 72.20 40.89
chair 0.523679 80.03 4.77 108.05 77.27
bottle 0.523660 28.55 5.93 43.11 27.95
boat 0.523628 0.00 8.04 15.61 44.97
person 0.523584 0.00 0.00 42.26 109.39
chair 0.523467 101.30 31.05 134.36 100.25
person 0.523461 160.56 90.82 188.33 157.86
boat 0.523420 17.58 16.40 39.55 52.63
boat 0.523352 41.51 17.26 63.40 38.70
sheep 0.523157 217.91 3.32 224.00 50.83
sheep 0.523155 219.32 177.12 224.00 223.99
chair 0.523129 86.15 0.00 113.85 42.25
person 0.523087 52.94 5.41 79.64 45.92
car 0.523054 161.63 163.45 206.29 198.88
boat 0.523053 0.00 0.00 28.24 18.42
person 0.523043 54.98 6.82 86.73 65.93
aeroplane 0.522958 164.08 178.47 203.98 203.72
chair 0.522901 88.83 29.95 125.28 105.80
chair 0.522890 102.93 0.00 129.99 40.09
sheep 0.522824 64.44 163.91 115.40 222.14
chair 0.522809 56.13 203.03 93.04 224.00
chair 0.522801 88.97 11.93 115.82 78.29
boat 0.522798 0.00 0.00 17.32 24.60
car 0.522673 106.21 0.00 139.02 15.14
bottle 0.522660 27.26 15.13 42.55 38.09
person 0.522641 163.55 116.34 206.32 184.87
person 0.522627 140.60 0.00 199.13 72.04
person 0.522436 186.01 13.98 208.30 55.88
bottle 0.522390 33.65 17.03 50.09 37.71
motorbike 0.522251 170.27 0.00 222.86 107.92
person 0.522211 126.78 33.07 165.40 92.28
bicycle 0.522191 148.72 126.56 201.44 192.12
horse 0.522183 81.86 120.66 131.60 199.17
chair 0.522109 97.27 1.83 122.28 60.98
boat 0.522056 32.24 20.72 51.51 48.15
car 0.522054 122.40 0.00 155.50 15.21
bottle 0.521982 47.26 0.00 77.19 33.51
boat 0.521969 0.00 45.73 28.99 101.89
person 0.521911 150.39 138.42 206.59 194.52
tvmonitor 0.521762 3.59 187.02 40.43 224.00
bottle 0.521724 33.48 5.73 51.03 28.72
chair 0.521682 75.32 20.07 110.01 91.71
person 0.521596 140.97 21.71 167.92 69.74
motorbike 0.521557 158.79 160.67 203.69 200.14
chair 0.521526 130.35 2.11 155.22 45.14
person 0.521509 50.50 14.61 78.87 57.38
person 0.521455 157.56 65.78 191.71 132.98
person 0.521409 160.99 0.00 214.93 76.21
chair 0.521355 115.41 32.51 144.15 94.41
dog 0.521107 62.06 155.06 96.57 213.23
boat 0.521075 21.77 13.69 36.71 36.30
sheep 0.521074 215.66 0.00 224.00 35.51
sheep 0.520976 187.81 0.00 218.11 16.15
sheep 0.520767 191.39 11.82 212.21 54.80
boat 0.520763 16.90 26.18 46.72 73.74
person 0.520670 67.02 34.59 111.26 106.75
bottle 0.520666 40.42 3.17 67.12 30.19
person 0.520656 159.64 20.11 187.47 67.48
dog 0.520629 43.61 152.16 81.60 215.41
boat 0.520611 23.08 5.97 36.13 25.83
person 0.520593 191.47 48.78 212.15 125.32
person 0.520585 188.25 33.03 213.53 92.68
person 0.520577 139.62 60.41 175.39 132.48
boat 0.520557 13.41 12.67 29.71 36.30
chair 0.520545 96.37 19.27 123.63 77.13
boat 0.520519 23.41 0.00 52.06 15.73
chair 0.520518 106.95 8.31 131.07 56.38
person 0.520482 143.34 81.97 174.41 146.11
person 0.520429 174.02 0.00 204.41 15.43
sheep 0.520429 214.73 193.24 224.00 224.00
boat 0.520417 3.18 10.47 25.93 40.16
chair 0.520375 113.42 0.00 139.92 40.42
boat 0.520368 37.53 0.00 72.26 14.42
person 0.520249 138.82 24.22 176.10 82.30
person 0.520229 153.22 25.10 189.00 80.15
person 0.520224 61.23 20.43 99.68 89.47
person 0.520142 166.87 0.00 196.39 15.27
bicycle 0.520122 116.64 129.89 155.02 198.37
person 0.520099 113.50 204.62 157.21 224.00
sheep 0.520027 198.22 0.00 223.93 19.16
car 0.520022 148.00 0.00 178.61 14.68
person 0.519949 177.47 123.04 209.52 186.06
car 0.519822 137.85 0.00 170.50 14.88
person 0.519769 137.24 18.71 160.48 58.04
person 0.519678 134.98 28.41 166.55 79.26
person 0.519665 158.15 0.00 187.45 14.84
dog 0.519535 42.94 171.07 78.31 219.50
chair 0.519398 124.68 0.00 150.10 42.55
dog 0.519387 16.97 150.33 59.75 219.57
boat 0.519342 30.09 0.00 60.61 15.08
boat 0.519290 5.36 3.58 23.12 26.75
boat 0.519196 8.55 0.00 35.30 16.77
chair 0.519188 117.30 14.01 140.67 52.26
boat 0.519183 16.80 0.00 43.94 16.23
person 0.519109 12.24 0.00 78.69 104.74
dog 0.518870 62.61 174.34 94.11 217.25
person 0.518790 149.35 16.20 174.35 60.35
chair 0.518740 7.20 155.29 44.08 215.36
person 0.518669 32.61 0.00 96.87 99.99
person 0.518668 47.90 23.41 87.81 83.95
bottle 0.518660 123.50 0.00 154.37 30.50
chair 0.518556 106.29 23.56 131.99 70.78
boat 0.518502 14.60 6.25 28.31 25.03
aeroplane 0.518489 42.31 32.46 73.07 74.39
person 0.518479 170.92 136.51 209.32 194.21
cow 0.518375 130.26 177.54 162.47 204.44
person 0.518231 58.81 0.00 94.26 21.16
bottle 0.518202 25.00 0.00 48.39 18.84
chair 0.518181 140.60 1.38 166.32 50.81
person 0.518100 175.42 9.28 195.79 48.93
chair 0.517934 133.34 19.25 157.25 54.63
aeroplane 0.517749 145.51 195.38 172.85 209.37
boat 0.517680 37.12 32.89 64.77 71.32
bottle 0.517591 146.64 200.38 175.25 218.13
chair 0.517537 127.16 17.28 150.80 52.00
boat 0.517534 18.94 43.19 61.22 97.88
boat 0.517522 27.60 30.14 54.15 71.42
person 0.517510 41.41 41.47 90.26 99.51
cow 0.517463 90.33 172.18 137.64 217.54
chair 0.517335 117.40 25.07 141.43 64.63
person 0.517229 154.43 158.15 205.95 202.59
aeroplane 0.517037 161.26 199.88 196.89 219.51
boat 0.517036 33.73 45.13 77.37 96.27
person 0.516780 150.80 2.76 174.23 49.96
boat 0.516477 97.49 0.00 129.22 20.10
cow 0.516339 144.47 180.28 175.06 203.74
person 0.516290 199.00 138.97 218.95 194.09
motorbike 0.516078 142.90 159.57 179.86 199.38
chair 0.516040 90.57 0.00 123.01 18.22
bottle 0.515966 45.56 0.00 82.70 20.22
bottle 0.515949 30.89 0.00 56.96 18.47
sheep 0.515912 181.14 0.00 208.05 31.28
chair 0.515778 19.41 186.87 62.87 224.00
sheep 0.515692 188.79 0.00 214.29 32.08
person 0.515682 164.60 5.25 185.33 47.57
boat 0.515559 106.06 0.00 138.46 23.57
chair 0.515553 127.11 25.33 152.40 62.34
chair 0.515484 202.69 124.28 218.07 184.30
person 0.515484 74.22 0.00 106.68 19.50
dog 0.515385 38.54 191.71 77.92 224.00
dog 0.514927 59.36 191.89 92.68 224.00
person 0.514911 125.58 31.92 153.55 74.86
bottle 0.514843 38.49 0.00 72.91 18.70
bicycle 0.514669 117.54 168.77 160.61 207.32
sheep 0.514633 203.10 8.30 215.91 53.31
person 0.514290 176.39 0.00 202.11 28.98
person 0.514262 94.47 189.62 137.66 224.00
person 0.514259 82.91 0.00 115.17 17.79
cow 0.514043 126.78 198.03 161.83 220.26
bottle 0.513936 136.36 0.00 167.54 33.33
chair 0.513715 167.27 157.05 208.42 203.43
cow 0.513490 119.39 182.65 160.75 211.21
chair 0.513234 192.48 157.04 217.02 205.67
person 0.513185 170.33 0.00 195.09 27.05
person 0.512873 148.13 0.00 175.94 30.78
sheep 0.512503 202.04 0.00 218.85 34.29
sheep 0.512361 168.18 168.03 208.69 206.37
person 0.511990 160.66 0.00 185.91 27.37
aeroplane 0.511941 171.64 180.97 210.45 211.28
sheep 0.511505 191.05 165.48 216.80 209.37
sheep 0.511479 193.86 195.45 220.43 224.00
sheep 0.511271 175.51 197.48 213.86 224.00
sheep 0.511120 192.90 177.50 217.35 216.21
