dog 0.611601 4.54 26.18 196.63 224.00
horse 0.582377 6.69 13.10 204.33 224.00
horse 0.563775 19.08 81.28 71.97 215.39
dog 0.560201 33.29 56.01 168.68 224.00
dog 0.559035 80.51 76.08 147.76 115.91
dog 0.555168 48.85 48.87 217.94 210.13
horse 0.552920 11.31 134.35 61.02 220.91
person 0.551956 99.02 46.25 211.05 211.30
horse 0.551892 95.90 88.95 166.23 158.98
dog 0.551468 36.72 34.34 196.77 173.26
horse 0.550909 5.51 135.56 46.46 214.59
person 0.550775 93.09 92.90 159.97 162.63
horse 0.547018 24.88 69.53 94.50 212.61
person 0.546760 159.73 56.67 222.63 202.04
horse 0.545480 32.47 60.62 165.68 216.97
dog 0.545102 55.21 30.07 200.56 124.12
dog 0.544565 91.41 45.68 159.46 94.63
horse 0.541949 0.00 90.03 52.45 213.69
dog 0.541381 48.33 0.00 194.71 66.80
person 0.541279 191.78 99.57 214.10 168.17
dog 0.541196 70.38 169.05 115.56 224.00
dog 0.536201 31.52 137.14 68.89 220.18
person 0.536032 182.67 102.90 209.74 170.86
horse 0.535967 0.00 137.68 34.05 204.73
dog 0.535201 97.83 0.00 166.51 25.44
dog 0.535019 41.10 142.47 79.75 218.96
dog 0.535003 117.95 55.97 211.95 206.75
dog 0.535000 66.90 152.59 106.73 222.81
bottle 0.534866 188.12 105.27 213.05 175.34
person 0.534775 217.96 111.29 224.00 165.86
car 0.534634 0.00 78.79 10.09 114.63
person 0.534594 142.92 107.80 185.67 161.93
dog 0.534492 56.43 147.74 91.21 219.13
dog 0.534448 26.30 119.91 154.76 224.00
dog 0.534276 102.26 91.79 168.50 147.81
bottle 0.533884 219.64 34.83 224.00 80.45
person 0.533750 35.16 82.28 52.96 104.88
person 0.533227 155.49 104.54 205.18 163.62
dog 0.533137 62.43 75.14 103.57 102.19
dog 0.533117 162.27 48.02 222.23 184.04
person 0.533106 192.30 78.79 215.28 140.88
sheep 0.533006 55.97 74.66 94.87 98.68
dog 0.532880 89.13 28.51 158.43 83.57
sheep 0.532700 131.52 209.85 163.43 224.00
dog 0.532630 80.14 83.28 129.61 130.19
person 0.532531 0.00 105.86 10.42 146.00
person 0.532396 41.82 81.76 61.08 106.00
person 0.532373 0.00 72.43 10.07 107.81
dog 0.532367 71.09 80.15 118.85 109.55
bottle 0.531955 180.41 107.31 208.32 176.12
person 0.531468 219.20 89.73 224.00 144.54
train 0.531310 179.11 0.00 224.00 72.76
sheep 0.531306 139.04 210.63 170.90 224.00
dog 0.531003 67.12 133.05 109.23 201.47
sheep 0.530879 50.22 79.82 77.25 104.07
person 0.530861 0.00 90.70 10.07 128.37
person 0.530804 0.00 197.72 45.44 224.00
person 0.530664 34.00 209.45 65.85 224.00
dog 0.530632 3.15 155.97 43.82 214.50
person 0.530527 29.00 82.64 46.05 103.12
car 0.530402 0.00 21.84 40.47 152.07
person 0.530400 120.98 99.64 166.51 158.54
horse 0.530294 0.00 156.04 43.07 224.00
sheep 0.530239 49.53 75.35 82.35 98.19
horse 0.530219 29.48 121.36 137.99 224.00
car 0.530125 0.00 13.77 12.26 48.28
dog 0.530074 51.43 4.68 194.13 105.26
dog 0.530053 14.81 131.31 59.51 208.37
dog 0.530040 95.79 0.00 224.00 179.07
dog 0.529878 210.68 0.00 224.00 23.45
dog 0.529809 171.27 0.00 224.00 145.37
dog 0.529776 75.09 150.33 114.29 210.26
person 0.529737 176.25 92.50 209.94 149.65
dog 0.529625 110.98 172.83 151.92 224.00
sheep 0.529496 205.46 207.02 224.00 224.00
dog 0.529494 84.83 60.31 148.16 107.60
person 0.529360 91.49 80.04 152.80 147.50
dog 0.529296 83.28 80.00 156.89 140.48
chair 0.529287 184.11 166.79 224.00 224.00
dog 0.529214 159.48 111.57 203.03 174.69
horse 0.529107 85.30 73.48 157.87 139.42
person 0.529048 18.07 206.97 57.69 224.00
person 0.529027 148.11 107.10 198.35 146.65
person 0.528842 41.99 76.53 62.93 99.27
dog 0.528532 218.36 123.57 224.00 179.18
sofa 0.528479 172.96 71.54 224.00 207.69
person 0.528463 0.00 55.85 10.46 93.72
person 0.528437 0.00 118.48 11.95 167.43
dog 0.528206 61.89 128.99 178.43 224.00
person 0.528126 28.17 77.98 45.93 98.05
car 0.528104 0.00 0.00 43.68 56.97
horse 0.528058 0.00 133.44 23.10 196.44
dog 0.528021 109.15 7.95 175.09 63.18
horse 0.528021 17.67 142.15 76.93 224.00
person 0.527975 0.00 192.58 27.68 224.00
person 0.527903 0.00 0.00 18.86 25.44
person 0.527870 220.00 74.84 224.00 126.84
dog 0.527820 71.80 120.10 107.56 180.05
dog 0.527770 97.65 0.00 147.82 19.09
dog 0.527703 72.52 210.64 116.63 224.00
dog 0.527629 101.11 0.00 167.73 43.37
dog 0.527621 26.46 40.29 147.72 186.75
person 0.527600 1.59 116.22 19.26 154.95
horse 0.527598 27.53 130.64 102.04 224.00
dog 0.527540 78.53 111.17 108.30 154.48
dog 0.527500 81.37 95.51 122.47 136.52
sheep 0.527488 146.69 211.21 182.45 224.00
person 0.527461 0.00 15.78 12.01 54.76
car 0.527408 0.65 16.14 18.96 43.61
cat 0.527365 220.00 27.27 224.00 72.54
dog 0.527356 27.27 112.83 54.18 169.18
sheep 0.527349 35.83 84.79 53.74 108.85
dog 0.527329 182.43 0.00 224.00 92.77
sheep 0.527134 185.24 113.10 212.91 178.77
person 0.527094 42.01 210.29 76.91 224.00
person 0.527091 0.04 110.78 17.37 144.66
car 0.526984 9.90 11.74 27.48 34.11
car 0.526869 0.00 0.00 37.86 114.15
sheep 0.526793 115.56 209.26 153.66 224.00
dog 0.526769 100.41 168.59 143.02 224.00
car 0.526761 0.00 83.30 14.74 111.33
car 0.526704 11.71 16.52 29.18 39.06
dog 0.526674 69.43 18.38 96.19 37.43
person 0.526626 0.00 174.66 23.59 224.00
dog 0.526542 22.64 120.81 55.86 188.49
sheep 0.526506 16.80 17.50 35.28 39.05
dog 0.526408 9.07 117.59 28.02 154.55
dog 0.526408 220.00 67.99 224.00 117.78
person 0.526393 153.16 100.78 198.08 135.26
horse 0.526303 0.00 125.88 15.78 181.79
dog 0.526293 141.61 114.32 193.74 173.03
person 0.526193 9.65 121.94 28.93 166.24
person 0.526119 200.89 105.76 221.26 168.12
person 0.526094 9.64 127.95 30.78 183.20
dog 0.526079 49.74 210.46 89.12 224.00
dog 0.526028 32.85 101.80 53.77 142.03
dog 0.526000 76.03 77.71 197.56 222.71
dog 0.525977 134.27 36.44 183.15 72.37
dog 0.525943 68.52 11.60 95.72 32.45
dog 0.525774 30.12 106.88 54.04 153.96
dog 0.525699 193.36 66.03 214.65 119.85
sheep 0.525690 184.89 211.35 218.79 224.00
person 0.525668 0.00 28.74 10.36 75.62
sheep 0.525616 41.37 85.23 59.42 110.75
dog 0.525576 17.31 26.05 38.19 56.65
dog 0.525574 112.66 151.93 154.58 198.19
dog 0.525553 35.63 95.04 54.79 127.20
car 0.525366 21.61 83.15 38.70 103.23
dog 0.525128 14.33 10.79 34.81 32.42
person 0.525093 0.00 43.49 10.57 86.25
person 0.525083 35.38 69.89 52.98 91.05
dog 0.525056 220.00 132.17 224.00 186.18
dog 0.524970 27.60 29.98 54.43 61.76
bottle 0.524960 198.46 37.03 212.42 76.51
dog 0.524945 105.82 186.48 146.57 224.00
person 0.524931 3.28 121.85 21.37 166.73
horse 0.524896 26.67 40.35 116.42 174.95
sheep 0.524871 220.00 19.54 224.00 65.22
dog 0.524817 89.19 15.57 146.82 62.62
person 0.524784 203.86 93.88 222.27 158.19
dog 0.524749 118.07 29.00 176.54 72.10
chair 0.524743 89.43 210.47 129.75 224.00
sheep 0.524685 16.43 20.83 36.63 46.74
person 0.524658 0.00 76.62 14.65 104.58
dog 0.524656 21.64 29.30 45.52 58.53
sheep 0.524614 195.37 210.03 224.00 224.00
dog 0.524525 72.74 114.25 100.36 166.80
sheep 0.524519 28.18 70.85 45.80 90.93
person 0.524488 0.00 68.50 15.04 97.40
sheep 0.524430 154.31 212.18 193.17 224.00
dog 0.524376 169.49 212.77 207.60 224.00
dog 0.524364 151.37 69.61 199.91 102.77
dog 0.524324 36.27 111.82 59.36 165.32
dog 0.524151 95.42 151.96 200.08 224.00
person 0.524104 42.81 70.12 63.55 92.08
dog 0.524064 79.57 105.28 112.33 144.83
dog 0.524050 81.10 29.43 140.30 77.51
car 0.524040 21.53 78.67 39.37 98.26
person 0.523865 15.62 148.65 52.68 217.76
dog 0.523820 27.80 0.00 60.49 17.94
dog 0.523798 27.43 6.78 55.63 33.75
horse 0.523785 4.40 128.64 25.38 182.95
dog 0.523712 0.00 103.05 15.67 134.88
person 0.523679 0.00 173.10 47.14 220.66
dog 0.523561 36.64 88.14 55.37 116.14
dog 0.523532 36.17 0.00 67.96 17.36
dog 0.523500 30.25 84.99 46.71 106.86
sheep 0.523487 115.62 191.90 153.88 224.00
dog 0.523406 21.45 22.66 44.31 49.47
dog 0.523400 98.55 103.31 152.67 150.20
dog 0.523396 219.23 46.86 224.00 95.39
dog 0.523359 28.65 22.76 53.75 52.34
sheep 0.523355 34.30 61.26 53.38 83.23
dog 0.523282 68.97 197.42 115.42 224.00
dog 0.523275 154.75 82.85 197.49 116.08
aeroplane 0.523274 60.99 0.00 91.39 18.16
dog 0.523241 19.38 9.16 44.99 33.10
sheep 0.523222 119.16 161.52 212.65 224.00
dog 0.523176 50.53 134.78 89.32 206.90
sheep 0.523133 198.19 109.35 220.94 173.17
dog 0.523112 32.90 118.93 60.11 184.09
dog 0.522984 84.55 0.00 123.85 16.82
dog 0.522963 11.74 120.09 34.34 167.61
dog 0.522870 147.22 0.00 217.81 63.74
dog 0.522861 86.20 164.17 126.89 224.00
dog 0.522829 21.62 18.13 44.03 40.78
dog 0.522827 68.27 0.00 98.27 17.31
car 0.522804 13.89 28.67 81.26 156.78
sheep 0.522779 182.30 0.00 210.44 19.69
sheep 0.522765 41.80 62.35 62.99 84.85
car 0.522719 11.22 83.80 29.27 106.07
dog 0.522695 18.30 34.80 38.10 68.19
sheep 0.522662 27.08 62.50 45.53 83.27
sheep 0.522658 0.00 94.78 14.56 125.78
sheep 0.522586 190.78 0.00 217.34 19.70
car 0.522574 18.16 0.00 103.36 53.45
dog 0.522549 29.54 17.56 54.36 42.25
person 0.522474 208.71 77.06 224.00 137.43
dog 0.522426 190.26 39.81 207.87 76.03
car 0.522333 0.00 0.00 25.68 22.94
dog 0.522283 153.55 92.33 195.97 128.77
dog 0.522261 38.55 101.84 58.52 141.24
dog 0.522251 125.64 0.00 171.99 22.76
dog 0.522239 10.67 123.66 43.91 188.06
horse 0.522233 15.77 38.64 87.55 173.92
dog 0.522177 56.32 114.02 80.46 160.34
aeroplane 0.522113 54.19 0.00 83.73 17.64
car 0.522089 0.00 0.00 15.16 33.79
dog 0.522048 66.02 115.49 91.53 171.04
sheep 0.522044 175.80 128.20 205.20 181.86
dog 0.522023 175.19 79.18 208.87 127.35
dog 0.522004 139.47 0.00 179.23 19.67
dog 0.521960 216.85 0.00 224.00 29.14
dog 0.521953 91.39 179.32 131.82 224.00
dog 0.521926 84.17 41.23 143.76 86.52
sheep 0.521917 49.07 83.11 72.08 110.16
dog 0.521907 173.71 0.00 202.10 18.23
sheep 0.521864 22.81 37.92 46.19 68.64
sheep 0.521822 53.67 62.93 90.26 93.72
dog 0.521760 76.53 0.00 108.81 16.67
dog 0.521681 45.16 0.00 75.39 17.14
cow 0.521662 180.58 135.94 224.00 224.00
dog 0.521648 189.42 29.55 211.31 68.03
car 0.521644 11.54 77.91 30.67 99.80
sheep 0.521634 21.67 71.38 39.59 91.96
sheep 0.521613 146.76 90.48 215.89 218.11
sheep 0.521536 29.42 39.86 55.17 71.55
dog 0.521533 19.85 0.00 51.17 18.54
dog 0.521515 138.77 53.45 190.86 88.30
dog 0.521481 29.50 0.00 132.96 58.69
sheep 0.521397 0.00 59.75 15.83 90.52
dog 0.521293 147.97 147.99 178.53 185.94
sheep 0.521262 11.39 69.81 31.47 92.98
dog 0.521248 85.98 106.99 129.38 150.54
car 0.521239 0.38 0.00 73.90 53.93
sheep 0.521202 0.00 17.59 17.60 49.84
sheep 0.521146 59.51 80.66 89.50 107.53
dog 0.521087 52.16 119.21 78.81 175.63
cow 0.521040 153.02 165.84 224.00 224.00
dog 0.521037 59.53 25.51 93.16 60.37
dog 0.521007 220.00 152.01 224.00 200.42
dog 0.520977 166.67 0.00 194.07 17.05
dog 0.520951 103.37 161.88 140.90 206.89
cow 0.520937 10.95 5.20 76.30 118.44
dog 0.520937 196.99 44.90 213.25 93.42
aeroplane 0.520893 13.50 0.00 41.76 18.83
dog 0.520891 97.53 22.57 168.45 73.88
dog 0.520888 22.04 86.13 38.44 108.04
sheep 0.520798 201.25 0.00 224.00 21.13
dog 0.520735 67.82 20.38 98.21 44.55
car 0.520729 7.26 0.00 33.59 20.77
dog 0.520671 114.87 0.00 204.71 57.44
dog 0.520662 155.65 0.00 187.13 17.27
sheep 0.520652 10.73 19.05 30.01 45.45
dog 0.520646 15.50 116.98 42.46 170.33
dog 0.520622 55.40 39.86 91.65 79.38
bottle 0.520617 211.12 34.92 223.26 76.17
dog 0.520560 144.24 132.36 179.09 180.45
sheep 0.520540 163.90 132.55 196.54 179.80
dog 0.520533 90.84 31.31 211.17 149.96
dog 0.520528 26.50 22.94 102.71 136.94
dog 0.520495 174.34 28.48 202.26 66.49
dog 0.520424 157.07 40.03 192.57 70.50
sheep 0.520314 220.00 0.00 224.00 39.83
dog 0.520277 76.41 16.00 112.01 37.08
dog 0.520269 103.03 38.83 171.75 81.85
dog 0.520258 132.03 21.78 183.01 65.99
dog 0.520171 117.93 165.53 154.85 211.65
dog 0.520150 125.75 151.54 169.71 188.03
dog 0.520137 38.69 6.22 64.58 31.71
dog 0.520124 150.10 158.04 177.19 190.64
sheep 0.520071 20.62 62.60 38.94 85.25
dog 0.520044 35.08 165.37 60.25 224.00
dog 0.519983 175.77 41.03 200.66 72.73
dog 0.519976 29.50 89.56 46.89 116.17
dog 0.519916 34.00 29.91 62.01 63.04
sheep 0.519891 25.53 51.34 46.50 76.89
dog 0.519834 11.36 87.92 28.83 112.16
dog 0.519830 158.08 19.64 190.23 57.43
dog 0.519820 174.87 20.53 200.88 57.47
dog 0.519736 189.14 21.71 209.94 58.86
dog 0.519729 198.11 29.92 214.88 67.90
sheep 0.519660 19.43 50.35 38.42 78.42
dog 0.519632 112.48 131.09 156.99 184.10
dog 0.519603 25.94 98.66 45.35 129.31
dog 0.519560 126.09 0.00 214.83 139.88
dog 0.519523 9.62 103.95 26.45 132.93
dog 0.519508 167.17 144.30 195.76 182.78
aeroplane 0.519503 220.00 176.26 224.00 218.66
sheep 0.519480 32.41 51.55 54.86 77.64
dog 0.519362 107.23 80.03 153.62 118.40
dog 0.519358 58.08 123.50 89.50 186.98
dog 0.519354 42.99 113.70 67.13 162.33
sheep 0.519349 1.42 0.00 22.02 30.67
bottle 0.519308 210.44 71.42 224.00 127.25
dog 0.519264 75.53 136.69 118.60 193.56
dog 0.519243 108.33 85.49 155.16 134.90
dog 0.519234 144.86 44.51 191.80 75.47
sheep 0.519025 10.27 60.94 31.29 86.54
dog 0.519022 20.92 0.00 108.10 78.56
dog 0.518951 91.15 0.00 206.19 124.11
dog 0.518929 70.28 27.82 120.17 66.42
dog 0.518904 163.45 87.31 203.23 124.71
dog 0.518871 76.54 9.27 110.28 29.55
dog 0.518868 21.58 107.16 43.26 145.23
dog 0.518783 45.74 102.53 66.71 142.35
dog 0.518773 176.77 59.29 208.70 108.72
sheep 0.518745 51.39 53.49 86.08 85.44
dog 0.518672 62.75 18.67 89.52 34.91
dog 0.518670 118.45 53.51 178.75 93.77
sheep 0.518636 36.04 41.97 62.78 73.31
dog 0.518588 40.21 16.90 63.23 39.03
dog 0.518576 43.19 128.71 77.94 193.66
dog 0.518574 43.22 166.30 70.73 224.00
dog 0.518568 62.77 0.00 90.43 24.97
sheep 0.518529 39.67 53.38 63.07 79.11
dog 0.518478 71.02 40.09 120.76 79.88
dog 0.518464 13.84 111.71 32.49 145.64
aeroplane 0.518450 217.13 189.92 224.00 224.00
dog 0.518391 128.32 160.28 165.25 195.75
sheep 0.518389 9.52 23.52 30.34 55.60
dog 0.518385 124.86 90.00 166.28 134.33
sheep 0.518364 8.62 0.00 29.42 26.81
dog 0.518338 57.32 195.44 101.47 224.00
dog 0.518322 136.81 158.78 172.11 191.65
sheep 0.518228 0.00 47.22 15.21 84.22
sheep 0.518175 191.13 2.56 203.54 30.64
dog 0.518155 184.29 48.56 207.81 95.19
dog 0.518132 90.41 157.32 124.88 203.15
dog 0.518106 10.80 94.50 27.33 121.73
dog 0.518016 125.11 82.93 165.92 117.01
dog 0.517960 39.81 119.65 66.41 178.88
dog 0.517945 211.00 65.31 224.00 116.90
dog 0.517844 161.93 63.82 204.12 105.77
dog 0.517660 72.99 20.02 115.87 49.62
sheep 0.517611 0.00 31.21 14.85 73.45
dog 0.517574 45.86 94.56 66.62 129.01
dog 0.517505 60.52 13.94 87.62 32.09
dog 0.517491 20.44 92.50 36.16 118.57
dog 0.517405 60.15 103.64 82.67 141.63
sheep 0.517403 198.75 3.29 209.50 29.35
dog 0.517348 37.68 21.55 62.61 50.97
dog 0.517269 138.65 9.09 180.21 51.25
dog 0.517252 154.89 145.27 186.03 182.01
sheep 0.517194 8.45 48.60 29.96 80.08
sheep 0.517163 4.78 0.00 79.35 82.11
sheep 0.517156 47.06 87.76 68.42 118.16
dog 0.517117 102.58 71.03 155.36 108.34
sheep 0.517112 165.79 196.16 195.44 221.79
sheep 0.517082 180.11 1.78 195.77 31.56
dog 0.516984 13.01 0.00 37.52 24.65
dog 0.516976 150.24 167.32 176.12 199.30
dog 0.516936 37.17 0.00 131.08 105.09
dog 0.516925 191.03 14.21 205.85 46.54
dog 0.516919 165.61 52.07 202.21 91.79
dog 0.516901 120.78 71.63 170.96 105.45
sheep 0.516862 8.49 32.17 29.74 69.17
sheep 0.516856 172.39 182.82 201.28 209.27
dog 0.516847 17.09 103.11 33.61 131.72
dog 0.516823 85.99 10.65 131.74 37.83
sheep 0.516805 164.40 13.07 188.21 47.11
dog 0.516800 48.91 194.68 88.25 224.00
sheep 0.516743 173.68 196.45 204.01 224.00
aeroplane 0.516712 176.01 153.35 205.34 191.51
aeroplane 0.516698 178.84 137.10 210.81 188.43
sheep 0.516678 43.14 41.93 78.82 74.61
sheep 0.516626 156.74 195.13 185.73 221.87
dog 0.516578 37.75 22.23 153.33 138.31
sheep 0.516535 178.13 13.38 197.75 46.49
dog 0.516389 147.65 180.69 175.16 210.93
dog 0.516320 94.53 4.98 144.60 37.37
dog 0.516260 169.89 155.25 196.79 187.88
sheep 0.516092 199.99 14.70 211.21 45.48
dog 0.516034 59.45 87.08 86.79 116.90
dog 0.515997 120.87 178.94 158.65 218.95
dog 0.515980 61.57 53.75 97.31 91.75
dog 0.515954 87.80 3.77 131.37 25.89
dog 0.515842 72.63 53.01 119.80 91.57
dog 0.515789 44.63 27.28 81.26 59.82
dog 0.515785 132.07 116.02 173.42 169.66
dog 0.515733 211.53 45.59 224.00 91.71
sheep 0.515731 169.29 2.28 187.06 32.59
person 0.515551 33.90 192.02 62.63 224.00
sheep 0.515531 164.96 181.30 192.08 206.93
dog 0.515498 146.94 0.00 180.04 37.34
aeroplane 0.515462 178.35 183.48 207.93 211.18
dog 0.515447 59.60 95.37 84.54 127.96
dog 0.515433 120.36 130.50 169.30 178.22
dog 0.515418 51.44 10.43 79.54 30.22
dog 0.515416 158.26 180.49 183.24 207.21
dog 0.515332 53.75 17.82 82.75 34.26
sheep 0.515289 170.65 168.08 198.45 197.71
dog 0.515288 158.08 167.59 181.56 196.40
sheep 0.515211 109.55 126.06 206.45 224.00
aeroplane 0.515199 176.81 168.48 206.21 200.95
dog 0.515130 160.71 156.19 186.77 186.35
dog 0.515032 72.93 63.45 120.51 104.55
sheep 0.514877 196.72 125.92 221.65 183.14
dog 0.514814 89.00 137.03 131.18 190.43
sheep 0.514791 211.99 29.17 222.19 69.81
dog 0.514758 73.32 106.16 101.98 149.24
sheep 0.514744 126.33 196.05 158.91 224.00
sheep 0.514638 145.16 195.84 175.25 224.00
person 0.514620 16.70 190.82 54.43 224.00
dog 0.514508 41.65 193.92 72.93 224.00
dog 0.514476 106.81 206.29 148.63 224.00
dog 0.514244 132.88 167.04 167.49 201.92
dog 0.514238 82.42 200.77 128.13 224.00
dog 0.514101 113.00 112.86 155.62 163.65
sheep 0.514094 206.42 0.00 221.54 24.73
dog 0.513865 162.82 167.43 188.55 195.01
dog 0.513806 94.79 204.33 136.33 224.00
dog 0.513639 130.13 180.40 165.42 214.99
dog 0.513278 51.24 19.77 84.28 43.93
dog 0.513054 80.33 118.02 120.98 171.09
aeroplane 0.512992 184.48 181.82 213.45 213.57
sheep 0.512614 211.34 1.94 218.73 33.46
aeroplane 0.512230 187.64 194.72 214.97 224.00
sheep 0.511859 212.00 13.31 219.04 48.57
sheep 0.511780 170.34 210.35 205.55 224.00
sheep 0.511650 197.72 149.93 222.81 196.06
dog 0.511455 71.71 87.06 111.52 117.37
sheep 0.511043 203.59 192.06 224.00 224.00
sheep 0.510808 203.31 178.69 224.00 215.38
dog 0.510624 96.88 116.03 139.66 167.16
dog 0.510379 74.41 95.19 111.26 126.51
sheep 0.510194 201.45 164.87 224.00 204.44
