person 0.659535 0.00 0.00 214.45 221.56
dog 0.627974 0.00 7.39 223.10 224.00
bottle 0.583226 0.00 0.00 197.86 183.66
dog 0.579294 193.71 127.12 214.18 175.07
bottle 0.567282 15.56 31.03 175.86 224.00
dog 0.562536 35.57 64.59 218.54 221.60
bottle 0.553881 9.15 0.00 164.35 129.91
dog 0.550119 141.66 71.93 200.51 138.12
dog 0.548301 178.17 53.07 224.00 207.36
sheep 0.546623 13.75 56.77 190.63 218.24
dog 0.545183 198.34 131.51 216.98 178.66
dog 0.543986 50.01 12.70 207.49 191.14
dog 0.543830 45.45 15.78 104.46 78.61
bird 0.543329 50.22 14.08 111.31 76.87
dog 0.542990 202.34 98.50 224.00 224.00
person 0.542785 0.00 0.00 23.74 137.62
dog 0.540247 171.99 13.97 224.00 169.09
dog 0.539754 202.67 128.78 224.00 180.23
dog 0.538615 138.74 26.52 224.00 211.89
bottle 0.537928 0.00 209.42 28.49 224.00
bottle 0.537555 8.35 73.59 131.83 221.17
bottle 0.537486 0.00 205.78 17.75 224.00
sheep 0.536767 151.67 132.24 178.05 180.65
dog 0.535367 65.81 106.20 202.53 222.23
person 0.535081 0.00 44.39 28.84 185.78
dog 0.534949 194.91 155.12 224.00 224.00
bottle 0.534460 13.61 0.00 144.93 86.27
bottle 0.534001 10.69 12.10 109.63 187.90
person 0.533363 0.00 0.00 39.85 66.59
dog 0.533221 34.44 29.00 92.63 83.16
dog 0.532717 25.71 63.65 58.26 108.31
cat 0.532593 219.07 40.69 224.00 76.46
dog 0.532439 165.19 77.98 209.01 136.15
bird 0.532326 56.54 42.38 105.45 84.31
sheep 0.532284 60.61 122.98 93.07 171.85
dog 0.532119 177.71 82.21 213.38 133.66
person 0.531950 0.00 48.09 9.79 112.59
person 0.531802 10.40 0.00 110.70 149.62
cat 0.531343 171.87 0.00 224.00 41.08
dog 0.531007 211.58 202.43 224.00 224.00
person 0.530907 3.46 58.52 24.64 120.56
person 0.530779 0.00 0.00 31.56 97.48
bottle 0.530716 32.89 97.13 54.24 149.95
bottle 0.530426 4.55 210.32 39.42 224.00
dog 0.530338 49.44 42.83 97.05 83.25
person 0.530192 0.00 76.47 49.18 212.65
bottle 0.530002 50.49 0.00 170.46 50.44
bottle 0.529975 0.00 157.60 88.21 224.00
person 0.529966 0.00 65.98 12.65 123.76
bird 0.529805 71.09 70.89 106.67 94.93
dog 0.529773 23.83 31.77 59.68 84.51
dog 0.529476 185.03 131.72 203.94 173.76
bottle 0.529268 28.12 211.17 59.50 224.00
dog 0.529117 209.80 83.25 224.00 132.23
sheep 0.528962 66.58 134.92 97.53 176.20
sheep 0.528916 64.73 120.63 100.34 162.52
bottle 0.528833 0.00 86.78 57.91 217.59
person 0.528662 0.00 162.15 54.00 224.00
person 0.528610 0.00 38.81 8.32 94.38
dog 0.528598 28.00 99.75 48.39 146.59
person 0.528565 1.02 48.16 24.16 103.51
sheep 0.528524 56.04 118.48 85.00 170.47
dog 0.528334 209.70 0.00 224.00 21.46
bottle 0.528298 0.00 26.75 7.50 76.62
dog 0.528003 199.17 147.51 215.59 189.21
bird 0.527926 62.15 56.01 105.02 90.16
dog 0.527799 76.73 90.84 106.90 120.62
sheep 0.527787 162.12 129.72 192.11 177.59
sheep 0.527777 172.55 12.00 200.69 31.53
bottle 0.527743 75.56 0.00 183.66 38.72
boat 0.527560 0.00 0.00 18.86 23.73
dog 0.527526 31.45 92.02 54.95 146.89
bird 0.527341 60.94 7.92 112.30 56.46
sheep 0.527278 64.08 140.93 89.75 187.00
dog 0.527193 23.38 45.54 55.18 92.66
person 0.527177 0.00 96.40 13.38 136.74
sheep 0.526981 145.52 104.65 177.79 161.95
dog 0.526854 209.86 143.43 223.69 190.44
sheep 0.526789 145.92 120.92 177.32 172.75
dog 0.526769 100.57 2.57 217.71 161.96
tvmonitor 0.526736 4.50 79.76 23.60 127.16
sheep 0.526714 219.07 32.68 224.00 68.14
sheep 0.526703 43.57 211.39 74.84 224.00
sheep 0.526687 60.46 106.79 93.64 155.67
sheep 0.526562 104.38 210.94 146.84 224.00
sheep 0.526449 30.96 127.20 53.08 176.25
dog 0.526420 14.33 60.84 34.02 116.42
sheep 0.526375 145.70 87.52 185.19 142.02
sheep 0.526155 65.41 0.00 210.88 129.90
sheep 0.526081 74.39 211.30 110.79 224.00
dog 0.526033 13.05 31.89 33.62 68.80
sheep 0.525908 68.86 131.53 104.97 168.71
dog 0.525876 74.04 78.11 108.41 111.57
sheep 0.525843 120.75 209.85 162.85 224.00
bottle 0.525823 52.88 0.00 195.96 79.85
tvmonitor 0.525747 5.57 100.09 21.87 132.87
sheep 0.525546 59.38 210.43 95.68 224.00
bottle 0.525519 28.40 101.95 46.85 149.95
bottle 0.525466 0.00 31.59 21.75 71.81
tvmonitor 0.525408 0.00 99.81 13.00 140.69
sheep 0.525273 172.69 0.00 204.45 19.77
dog 0.525227 129.90 209.31 170.74 224.00
sheep 0.525168 150.78 0.00 224.00 34.14
bottle 0.525116 0.02 43.77 22.94 90.88
dog 0.525106 141.17 65.09 193.17 120.80
dog 0.525058 54.73 55.18 95.51 89.03
bottle 0.524973 9.95 0.00 109.13 112.32
dog 0.524907 177.83 210.18 213.16 224.00
dog 0.524826 145.15 84.33 189.62 134.93
dog 0.524825 219.25 180.63 224.00 224.00
sheep 0.524700 189.12 208.11 219.04 224.00
dog 0.524693 104.38 150.47 209.75 224.00
sheep 0.524602 90.37 211.03 127.73 224.00
dog 0.524505 216.31 51.43 224.00 115.56
dog 0.524499 34.79 65.48 73.72 102.95
dog 0.524483 212.30 64.45 224.00 128.13
sheep 0.524481 59.46 136.27 83.37 186.80
bottle 0.524468 14.44 144.99 121.59 224.00
dog 0.524369 194.47 139.14 211.54 181.92
sheep 0.524346 27.06 131.55 46.31 171.91
sheep 0.524262 54.80 104.00 84.59 156.00
dog 0.524238 57.04 63.37 91.68 99.02
bottle 0.524213 37.34 130.74 163.59 224.00
dog 0.524197 218.01 43.52 224.00 96.15
dog 0.524067 168.91 210.75 205.28 224.00
sheep 0.523941 73.86 183.75 93.15 209.31
sheep 0.523926 24.88 185.98 43.73 208.44
sheep 0.523885 67.21 152.43 89.15 193.97
sheep 0.523875 20.48 185.92 37.20 207.83
dog 0.523806 213.08 154.83 224.00 199.44
sheep 0.523774 105.36 180.46 155.14 221.71
bird 0.523748 96.99 0.00 198.18 33.34
chair 0.523746 6.42 0.00 94.65 80.01
dog 0.523720 14.93 53.00 36.58 100.13
sheep 0.523636 0.00 189.66 10.42 224.00
dog 0.523634 20.84 29.94 53.19 73.69
dog 0.523617 160.36 211.61 195.78 224.00
cat 0.523615 198.69 44.71 213.03 70.40
sheep 0.523570 19.30 192.44 40.76 221.07
bird 0.523565 126.31 0.00 155.06 17.02
sheep 0.523526 26.18 149.00 44.90 189.72
boat 0.523466 19.12 0.00 50.23 16.84
cat 0.523431 59.24 3.56 113.38 53.83
sheep 0.523342 172.94 17.87 199.28 37.72
bottle 0.523331 28.37 121.21 46.74 164.03
dog 0.523305 217.34 166.48 224.00 214.49
cat 0.523288 50.99 9.50 107.63 62.58
dog 0.523225 22.74 6.90 50.81 45.46
aeroplane 0.523177 52.90 0.00 84.41 16.48
aeroplane 0.523124 69.50 0.00 101.96 16.10
bird 0.523110 97.17 0.00 129.85 15.25
dog 0.523078 36.57 97.08 58.37 150.07
dog 0.523057 104.29 87.48 149.01 124.19
sheep 0.523055 201.61 205.44 224.00 224.00
dog 0.523053 24.67 18.28 83.50 78.80
dog 0.523023 184.79 109.68 212.30 150.60
sheep 0.523012 0.00 179.71 9.37 215.98
dog 0.523003 12.39 0.00 42.60 18.39
dog 0.522916 28.83 56.84 64.60 96.28
dog 0.522835 215.96 194.93 224.00 224.00
cat 0.522819 89.61 0.00 122.11 14.58
dog 0.522767 38.85 55.52 81.36 89.82
sheep 0.522747 151.11 147.47 181.37 195.51
tvmonitor 0.522739 11.69 100.70 26.37 132.07
dog 0.522734 77.30 99.77 103.97 126.81
sheep 0.522700 117.25 0.00 205.44 32.39
dog 0.522696 26.82 45.03 68.74 89.20
sheep 0.522690 29.17 145.67 50.47 192.42
sheep 0.522628 197.18 41.58 214.07 65.82
aeroplane 0.522505 82.65 0.00 114.97 14.77
boat 0.522478 27.42 0.00 58.44 15.55
bird 0.522447 133.80 0.00 162.98 16.45
sheep 0.522447 70.14 145.56 102.91 184.37
sheep 0.522379 24.31 192.86 47.03 219.97
dog 0.522363 144.79 211.14 182.85 224.00
bottle 0.522311 0.00 1.96 8.41 44.49
sheep 0.522261 79.02 184.91 101.10 209.75
sheep 0.522212 73.53 177.63 92.80 202.01
dog 0.522205 11.33 76.43 27.57 123.10
boat 0.522151 0.00 104.45 12.64 146.89
bird 0.521987 118.11 0.00 146.91 16.83
dog 0.521968 27.19 3.71 59.91 51.26
sheep 0.521937 164.21 34.97 194.22 68.54
dog 0.521893 25.63 66.20 51.44 122.45
dog 0.521764 156.61 152.12 224.00 224.00
sheep 0.521726 106.27 151.54 147.54 202.85
sheep 0.521703 187.59 43.26 206.29 70.17
dog 0.521650 14.11 46.46 34.16 86.66
bird 0.521566 106.39 0.00 138.15 16.10
sheep 0.521566 142.97 67.44 189.73 111.03
sheep 0.521542 179.57 33.64 206.92 59.58
sheep 0.521522 166.89 27.64 197.19 57.57
dog 0.521476 143.68 58.21 187.00 102.23
sheep 0.521476 183.51 39.38 207.12 65.08
sheep 0.521471 147.23 51.69 184.13 87.88
aeroplane 0.521465 44.03 0.00 75.67 15.12
sheep 0.521436 30.81 185.88 50.66 208.81
dog 0.521415 120.86 84.92 173.46 127.33
sheep 0.521361 71.79 167.53 93.10 196.02
sheep 0.521313 154.43 43.42 186.99 81.06
cat 0.521286 209.14 42.87 220.75 70.81
dog 0.521280 51.11 83.57 76.75 126.29
dog 0.521219 56.27 99.51 79.67 145.53
dog 0.521204 54.81 94.16 76.25 134.65
bottle 0.521193 0.00 0.00 13.02 31.54
bottle 0.521189 0.00 13.61 6.91 56.06
sheep 0.521155 86.17 185.19 111.26 211.63
dog 0.521128 22.69 18.99 52.92 60.96
sheep 0.521115 96.38 172.92 164.64 219.23
sheep 0.521083 172.68 23.33 200.29 48.33
boat 0.521019 35.19 0.00 67.18 14.91
sheep 0.521002 0.00 205.04 24.84 224.00
dog 0.520987 42.27 2.60 95.87 57.16
sheep 0.520938 71.22 180.30 87.63 209.90
dog 0.520911 19.19 96.66 39.41 136.59
sheep 0.520887 25.41 178.35 43.19 201.57
sheep 0.520865 184.59 0.00 217.49 20.74
boat 0.520858 0.00 113.85 11.08 154.95
dog 0.520856 25.63 80.57 50.21 137.65
sheep 0.520841 21.08 178.87 37.04 200.42
sheep 0.520824 0.00 159.81 8.49 202.67
sheep 0.520819 141.85 0.00 170.62 16.61
dog 0.520800 50.14 70.54 80.20 116.38
boat 0.520773 0.00 123.81 9.35 162.91
bottle 0.520764 0.00 116.03 103.42 224.00
sheep 0.520748 31.53 193.04 54.10 219.91
sheep 0.520744 0.00 193.47 20.92 220.67
dog 0.520733 115.15 91.61 157.58 130.28
bird 0.520657 66.50 0.00 114.28 42.83
sheep 0.520610 71.76 156.25 101.11 192.44
sheep 0.520602 194.55 0.00 224.00 20.25
dog 0.520568 203.38 108.14 224.00 150.14
bottle 0.520558 0.00 131.57 8.11 172.65
sheep 0.520553 209.08 39.62 222.41 68.13
dog 0.520507 5.75 0.00 34.49 19.90
sheep 0.520489 25.25 164.03 43.28 196.13
dog 0.520402 201.54 158.97 215.21 195.41
dog 0.520359 64.75 100.40 90.45 141.72
dog 0.520289 29.80 78.24 58.87 136.81
dog 0.520263 65.78 86.90 93.06 120.78
sheep 0.520236 158.27 0.00 190.60 18.09
bottle 0.520205 0.00 130.33 53.60 224.00
sheep 0.520158 116.88 185.79 169.42 224.00
sheep 0.520081 219.99 16.99 224.00 51.33
sheep 0.520079 150.13 0.00 179.32 17.08
dog 0.520017 67.13 95.73 90.27 128.19
dog 0.519997 149.68 48.17 186.94 90.26
sheep 0.519942 42.99 116.27 67.92 169.81
dog 0.519935 106.62 143.62 146.93 194.11
sheep 0.519919 215.67 0.00 224.00 28.73
sheep 0.519883 62.34 147.87 84.16 193.56
sheep 0.519843 165.73 0.00 224.00 75.13
sheep 0.519821 0.00 185.74 20.65 208.47
sheep 0.519810 105.18 80.55 149.55 117.75
dog 0.519784 92.40 87.26 138.87 120.96
sheep 0.519782 77.67 178.47 100.02 202.66
sheep 0.519755 66.77 114.86 104.66 151.97
sheep 0.519747 35.80 115.94 57.00 170.73
bottle 0.519733 0.00 148.82 7.95 194.12
dog 0.519721 187.53 55.83 213.00 123.16
dog 0.519613 31.84 2.16 78.23 56.04
dog 0.519585 40.50 101.17 67.29 154.97
sheep 0.519575 170.68 36.10 199.62 65.13
sheep 0.519547 0.00 179.17 20.88 203.00
bird 0.519486 66.10 65.67 100.64 101.59
sheep 0.519478 98.17 143.79 144.92 192.83
sheep 0.519432 144.19 60.74 184.25 95.53
sheep 0.519349 20.74 164.92 37.13 194.24
dog 0.519283 37.95 92.02 63.66 141.00
dog 0.519255 175.57 118.35 224.00 223.72
sheep 0.519165 12.25 192.57 31.97 219.84
sheep 0.519074 152.38 164.98 182.41 214.26
sheep 0.519062 113.94 170.96 173.51 214.84
sheep 0.518990 0.00 8.58 19.50 40.90
sheep 0.518983 199.54 46.18 212.79 75.15
aeroplane 0.518920 108.41 74.87 146.72 110.32
sheep 0.518848 73.60 194.32 97.67 224.00
sheep 0.518838 191.81 28.97 213.69 53.29
sheep 0.518803 200.42 183.24 216.37 222.89
sheep 0.518781 0.00 0.00 22.34 27.80
sheep 0.518684 83.92 177.82 109.99 204.15
sheep 0.518642 13.42 186.04 29.51 205.85
dog 0.518620 64.56 72.47 96.64 111.82
aeroplane 0.518589 110.89 70.83 144.31 98.58
sheep 0.518467 169.73 41.29 197.42 72.57
sheep 0.518439 94.45 183.42 129.36 213.01
sheep 0.518427 219.52 2.37 224.00 39.71
sheep 0.518425 0.00 167.03 20.09 197.00
sheep 0.518408 20.67 151.58 36.97 186.52
dog 0.518392 20.98 0.00 50.14 27.20
sheep 0.518294 201.75 170.25 215.36 206.30
dog 0.518255 32.07 69.02 67.30 120.30
bottle 0.518226 139.27 55.13 170.40 81.55
sheep 0.518215 76.32 154.64 110.50 194.02
dog 0.518210 71.26 103.17 97.07 138.05
bird 0.518207 82.33 73.26 119.90 95.26
bottle 0.518202 145.42 48.20 174.47 78.63
sheep 0.518170 29.65 178.46 49.10 203.33
sheep 0.518134 83.69 151.67 127.62 197.14
dog 0.518129 94.56 134.01 139.13 175.71
bottle 0.518109 140.43 17.04 157.21 38.29
sheep 0.518075 28.55 162.60 48.87 198.09
sheep 0.518074 141.41 171.87 177.48 213.73
sheep 0.518073 34.28 132.07 57.22 185.48
dog 0.518067 78.33 88.37 122.71 118.47
sheep 0.518043 190.24 182.93 209.52 222.71
bird 0.518019 73.47 73.80 111.44 101.76
bird 0.517992 100.72 72.13 135.19 96.46
tvmonitor 0.517976 6.42 107.61 20.73 140.59
dog 0.517968 12.25 10.30 30.70 37.15
cat 0.517926 61.09 0.00 104.55 36.27
bottle 0.517923 21.25 135.95 35.88 165.90
sheep 0.517881 75.49 0.00 207.80 71.33
sheep 0.517863 139.55 186.99 174.93 224.00
sheep 0.517837 97.17 74.84 136.73 106.02
dog 0.517810 176.74 137.68 200.34 182.64
sheep 0.517800 193.23 169.52 208.53 207.10
sheep 0.517777 123.38 72.60 171.49 113.27
bottle 0.517767 139.34 48.94 164.72 76.61
sheep 0.517734 72.38 106.50 103.25 138.27
sheep 0.517677 156.23 181.76 183.66 224.00
dog 0.517633 110.24 133.36 144.76 177.00
sheep 0.517620 136.95 0.00 224.00 131.58
sheep 0.517600 39.59 193.03 61.27 221.02
sheep 0.517589 114.76 73.63 156.80 112.38
sheep 0.517560 118.03 69.19 154.78 98.85
sheep 0.517534 80.20 166.94 110.35 198.90
sheep 0.517489 20.51 143.10 36.49 175.75
bottle 0.517462 0.00 19.50 20.15 52.58
sheep 0.517458 78.79 143.36 126.17 187.60
bottle 0.517436 138.35 4.31 158.12 30.34
sheep 0.517420 0.00 154.45 18.65 188.13
dog 0.517408 172.54 59.91 208.46 128.24
sheep 0.517393 71.00 138.18 111.39 174.97
boat 0.517350 5.43 128.84 18.20 156.09
sheep 0.517345 13.52 180.05 29.64 199.60
dog 0.517329 205.17 158.34 217.39 193.44
dog 0.517214 187.25 74.62 216.07 131.57
boat 0.517214 4.33 136.96 18.06 165.50
sheep 0.517202 88.31 163.46 128.60 202.05
bottle 0.517186 131.43 55.58 158.59 78.39
sheep 0.517183 92.39 175.24 129.79 206.69
bottle 0.517162 132.34 15.98 149.79 40.02
sheep 0.517162 102.10 173.22 150.51 211.29
sheep 0.517116 70.37 126.34 111.23 160.39
sheep 0.517099 12.99 205.24 45.03 224.00
sheep 0.517086 44.97 132.25 68.48 185.01
dog 0.517058 20.25 69.70 44.86 121.13
sheep 0.517056 38.37 184.87 57.61 208.06
dog 0.517001 195.07 157.20 208.90 197.08
bottle 0.516976 131.62 49.21 154.99 74.23
bird 0.516908 130.87 1.70 151.01 31.52
dog 0.516901 149.26 135.60 186.36 184.60
bottle 0.516898 140.45 23.10 157.38 47.57
dog 0.516864 144.15 128.59 177.22 173.69
dog 0.516824 14.08 20.83 32.60 50.41
sheep 0.516800 1.42 144.65 18.18 176.54
boat 0.516787 5.85 117.28 19.53 148.16
cat 0.516767 72.93 0.00 109.81 30.01
dog 0.516761 43.28 0.00 84.12 35.03
dog 0.516655 27.88 0.00 59.42 29.02
sheep 0.516636 79.48 196.18 105.51 224.00
boat 0.516605 19.89 104.19 37.24 143.87
sheep 0.516578 74.21 133.44 122.27 170.76
bird 0.516540 62.36 29.10 111.61 73.37
sheep 0.516248 127.45 67.42 169.42 99.06
dog 0.516248 188.90 45.54 205.61 76.40
bottle 0.516188 123.45 55.93 150.04 78.16
dog 0.516106 191.04 95.38 217.79 134.78
bird 0.516103 83.27 68.86 117.46 88.97
sheep 0.516100 65.02 161.77 83.77 196.52
dog 0.516096 196.63 48.65 213.29 94.49
bottle 0.516094 132.24 22.20 149.71 49.42
sheep 0.516079 100.45 193.28 146.03 224.00
sheep 0.516078 12.90 167.05 29.05 193.59
bird 0.516020 75.61 0.00 114.22 26.55
bottle 0.515999 21.91 125.37 36.75 157.67
sheep 0.515945 206.89 29.35 222.69 59.57
sheep 0.515916 66.32 172.44 82.43 200.31
bird 0.515894 121.21 62.67 152.96 86.15
bottle 0.515886 139.42 40.09 160.87 68.81
sheep 0.515796 209.61 182.84 221.15 224.00
sheep 0.515765 149.41 18.90 168.17 36.07
sheep 0.515753 86.12 196.67 114.34 224.00
bird 0.515742 112.82 64.76 142.61 88.04
sheep 0.515678 179.73 6.54 209.78 30.48
bottle 0.515628 139.68 30.39 158.29 58.43
dog 0.515619 155.12 114.40 197.81 166.79
dog 0.515577 33.40 0.00 72.15 32.63
bottle 0.515576 124.15 48.87 147.91 73.08
dog 0.515572 166.82 98.56 206.67 149.77
bottle 0.515525 15.23 138.55 24.77 162.53
dog 0.515507 167.76 143.32 196.91 192.97
sheep 0.515496 65.89 178.99 81.47 206.28
bottle 0.515479 124.38 14.48 143.17 41.12
sheep 0.515418 29.26 205.26 58.33 224.00
sheep 0.515402 167.39 167.40 194.19 210.75
dog 0.515385 91.14 127.17 136.06 164.82
dog 0.515367 178.85 123.04 210.09 170.47
bottle 0.515349 14.32 146.09 25.83 172.88
sheep 0.515257 149.33 23.88 169.58 45.27
sheep 0.515224 13.21 154.29 27.36 184.36
sheep 0.515136 109.33 142.96 165.31 193.01
bird 0.515123 71.93 19.15 116.71 62.71
bottle 0.515100 131.93 40.15 152.96 68.42
dog 0.515099 109.01 99.25 145.58 135.31
sheep 0.515080 147.36 8.31 166.80 28.56
sheep 0.515078 170.16 181.35 196.75 223.92
bird 0.515043 130.34 61.47 164.82 85.88
bird 0.515004 123.89 0.00 144.19 32.61
sheep 0.514966 144.82 158.84 180.10 203.52
bird 0.514879 102.05 67.51 133.79 88.50
bottle 0.514867 131.94 29.90 150.99 59.45
dog 0.514849 109.00 112.92 144.06 150.07
sheep 0.514846 155.79 28.98 189.68 57.23
boat 0.514834 12.45 108.33 24.01 139.63
dog 0.514748 142.36 107.52 180.69 154.60
dog 0.514743 199.70 51.86 216.91 119.10
bottle 0.514715 146.01 40.11 171.79 69.56
sheep 0.514613 92.90 195.53 126.48 224.00
sheep 0.514609 158.07 22.78 190.31 45.15
dog 0.514557 206.06 45.22 218.85 93.38
sheep 0.514552 185.68 19.01 210.67 41.19
bottle 0.514544 147.80 30.57 170.32 56.76
bottle 0.514541 124.11 20.88 143.43 49.79
sheep 0.514518 194.22 200.08 218.12 224.00
sheep 0.514498 164.88 154.40 194.45 202.14
sheep 0.514457 50.91 191.52 70.79 221.68
sheep 0.514451 36.51 176.96 55.60 202.75
boat 0.514401 15.07 129.14 24.34 153.93
sheep 0.514360 207.90 169.25 218.90 207.75
bird 0.514346 81.33 5.68 125.02 47.48
sheep 0.514306 63.70 189.49 84.93 224.00
bird 0.514296 115.25 57.74 140.28 79.98
dog 0.514265 80.53 95.70 120.18 123.10
sheep 0.514229 121.08 159.39 177.97 204.55
dog 0.514200 119.82 111.04 155.33 151.29
bottle 0.514200 124.51 29.20 144.68 58.57
sheep 0.514183 206.15 198.68 223.03 224.00
sheep 0.514164 37.53 206.18 65.32 224.00
bird 0.514057 90.64 23.07 124.35 59.29
sheep 0.514004 159.09 18.91 188.48 35.91
dog 0.513950 120.33 125.60 152.60 166.48
sheep 0.513826 51.43 182.38 67.70 205.63
sheep 0.513807 157.53 11.19 183.79 29.36
bottle 0.513802 124.50 39.67 146.38 67.10
dog 0.513714 126.30 132.85 167.23 178.50
dog 0.513700 182.60 201.61 211.91 224.00
sheep 0.513566 50.61 174.66 67.73 200.27
dog 0.513546 183.51 50.15 206.58 99.26
boat 0.513418 13.91 116.90 23.96 146.44
dog 0.513368 191.66 112.10 216.41 148.59
dog 0.513327 125.75 96.59 172.26 139.23
bottle 0.513252 109.56 27.09 135.12 58.15
bottle 0.513184 135.51 0.00 159.50 19.67
bird 0.513072 89.40 0.00 127.11 22.84
sheep 0.513068 111.40 204.38 161.67 224.00
bird 0.513050 104.39 10.32 134.16 43.96
bottle 0.513008 106.56 17.92 134.04 51.33
dog 0.513003 164.79 44.87 195.50 81.20
dog 0.512963 75.24 106.83 109.92 136.54
sheep 0.512960 34.97 160.81 55.18 197.02
dog 0.512814 168.80 201.05 201.19 224.00
bird 0.512808 103.94 0.00 134.92 34.93
sheep 0.512805 142.99 140.34 183.87 186.27
dog 0.512714 129.73 109.19 172.79 152.61
bird 0.512680 76.79 31.47 115.34 67.79
bottle 0.512635 114.33 47.93 138.43 72.84
sheep 0.512417 49.21 160.33 68.48 194.81
dog 0.512417 159.61 201.50 191.69 224.00
dog 0.512390 132.22 123.19 171.82 165.35
dog 0.512330 89.45 113.92 134.40 148.12
dog 0.511887 92.40 100.22 135.35 133.03
bottle 0.511809 112.45 37.99 136.71 65.49
bird 0.511762 95.09 35.08 125.25 65.18
sheep 0.511762 137.42 205.60 174.92 224.00
sheep 0.511725 202.31 19.52 220.88 48.03
dog 0.511686 156.09 51.10 196.57 105.84
dog 0.511642 153.52 204.60 185.05 224.00
bird 0.511630 81.72 59.21 115.56 82.45
bird 0.511380 101.43 59.65 131.06 81.23
sheep 0.511100 196.54 3.46 220.05 34.68
sheep 0.510718 54.78 207.10 87.48 224.00
sheep 0.510678 70.68 116.42 117.48 148.27
bird 0.510314 79.09 44.98 114.68 75.34
bird 0.510129 98.23 47.02 127.66 73.28
