person 0.650088 26.46 4.30 220.13 217.79
person 0.619568 115.83 34.77 221.17 224.00
bottle 0.591381 20.41 14.79 216.37 224.00
bottle 0.577748 26.73 0.00 214.23 143.98
bird 0.575246 11.66 0.00 220.64 181.01
person 0.572670 23.11 0.00 207.93 132.05
bottle 0.563520 112.42 42.42 217.64 224.00
dog 0.557690 69.97 6.50 137.63 82.24
person 0.555070 15.21 23.04 138.04 221.13
cat 0.553506 215.83 112.51 224.00 173.54
bottle 0.552062 145.71 102.13 212.63 180.68
person 0.551922 0.00 48.69 28.45 196.14
bottle 0.551231 38.21 206.69 94.74 224.00
cat 0.546610 141.26 108.03 209.81 186.93
bottle 0.546580 18.18 43.07 120.57 219.66
person 0.544004 0.00 17.95 30.67 160.19
person 0.543933 0.00 40.33 55.34 210.20
bottle 0.543926 47.25 69.09 203.33 224.00
bird 0.543055 93.07 209.39 125.33 224.00
dog 0.542823 175.32 208.83 216.89 224.00
bird 0.542662 81.37 208.47 116.03 224.00
person 0.542360 0.00 28.58 7.80 81.19
bottle 0.542226 9.90 0.00 157.72 163.63
bottle 0.542192 160.40 98.38 201.24 134.72
bird 0.541989 58.37 205.97 103.93 224.00
cat 0.541737 164.16 115.74 212.67 199.27
bottle 0.541546 136.30 210.14 185.03 224.00
cat 0.540510 176.03 145.17 211.92 211.14
bird 0.540370 106.95 210.28 147.78 224.00
bottle 0.540254 23.94 210.76 77.33 224.00
dog 0.540160 18.89 142.75 54.56 217.27
dog 0.540112 192.46 205.30 224.00 224.00
bird 0.540078 115.45 209.54 162.91 224.00
dog 0.539677 58.31 15.69 106.84 80.76
person 0.539383 0.00 165.46 33.65 224.00
person 0.538844 0.00 0.00 40.96 140.12
bird 0.537954 120.95 95.90 181.82 132.37
bird 0.537207 50.93 159.99 92.34 217.19
cat 0.536739 214.91 139.19 224.00 207.04
cat 0.536512 158.84 156.15 206.37 211.23
person 0.536258 0.27 0.89 101.46 163.32
person 0.536252 0.00 0.00 40.72 64.45
bottle 0.535851 81.77 11.39 210.82 183.12
bottle 0.535696 128.54 95.98 186.47 134.65
dog 0.535681 147.88 209.70 200.87 224.00
cat 0.535585 136.20 120.32 195.59 182.37
bottle 0.535237 4.44 168.15 56.50 224.00
bottle 0.535047 51.05 174.66 173.20 224.00
dog 0.534974 170.83 162.00 210.41 211.10
cat 0.534545 216.32 97.37 224.00 146.25
bottle 0.534309 41.81 0.00 135.64 74.88
bottle 0.534301 21.13 0.00 141.91 120.07
person 0.534285 0.00 102.43 27.45 217.84
dog 0.534243 31.90 26.46 57.87 79.52
bottle 0.533974 170.04 62.77 207.19 90.49
cat 0.533494 141.62 134.86 193.28 201.74
car 0.533387 186.44 0.00 224.00 58.75
cat 0.533257 217.64 90.78 224.00 136.28
bottle 0.533122 48.02 152.46 85.65 213.24
dog 0.533060 216.17 149.81 224.00 209.24
cat 0.532969 175.29 104.68 215.21 183.15
bottle 0.532947 0.00 17.60 7.93 70.19
bottle 0.532641 49.32 172.19 90.28 222.76
bottle 0.532628 0.00 0.00 98.00 153.08
cat 0.532532 208.62 108.97 224.00 175.38
bottle 0.532339 17.01 209.27 60.22 224.00
bottle 0.532217 21.11 171.61 74.48 224.00
bottle 0.531904 45.31 166.00 137.43 224.00
sheep 0.531672 138.42 137.85 189.49 197.61
person 0.531661 166.37 63.44 224.00 219.84
bottle 0.531486 0.00 0.00 8.36 48.20
bottle 0.531431 155.24 99.46 207.14 149.86
bottle 0.531329 2.78 127.27 53.61 222.65
bottle 0.531165 43.54 133.87 199.78 224.00
bottle 0.531046 0.00 0.00 36.73 91.85
person 0.530584 62.07 0.00 172.72 92.10
person 0.530539 189.98 150.66 224.00 224.00
bottle 0.530395 21.42 148.76 56.98 217.94
dog 0.530204 44.97 19.23 84.12 79.84
bottle 0.529974 0.00 0.00 15.26 29.63
chair 0.529650 159.95 21.89 224.00 171.89
bottle 0.529498 0.00 81.64 45.95 215.86
sheep 0.529330 35.76 23.27 63.69 80.00
cat 0.529212 149.02 159.27 193.43 206.96
sheep 0.529115 34.34 35.16 56.52 81.18
bottle 0.528779 31.57 0.00 60.89 27.89
aeroplane 0.528700 124.60 0.00 159.97 20.88
bottle 0.528504 22.39 0.00 54.49 22.04
dog 0.528503 24.27 33.36 49.95 77.47
person 0.528464 0.00 204.15 24.33 224.00
aeroplane 0.528234 92.17 10.51 156.75 70.08
bottle 0.528053 134.55 111.21 198.32 173.08
aeroplane 0.527942 205.00 0.00 224.00 27.37
chair 0.527700 122.35 18.42 215.97 181.12
bottle 0.527631 0.00 0.00 69.17 65.08
dog 0.527608 0.00 176.04 18.36 216.82
bottle 0.527603 18.45 0.00 95.56 67.09
sheep 0.527571 0.00 52.63 10.03 112.26
chair 0.527503 175.00 7.41 224.00 141.36
bottle 0.527502 1.59 206.37 40.80 224.00
sheep 0.527328 0.00 53.14 18.88 112.18
cat 0.527262 197.08 138.91 222.59 211.58
bottle 0.527247 123.65 147.78 205.09 224.00
dog 0.527165 0.00 148.51 15.99 207.80
bottle 0.526877 31.76 148.84 68.32 213.30
bottle 0.526591 94.55 155.24 193.70 224.00
cat 0.526456 198.49 12.68 224.00 72.83
bottle 0.526453 174.54 207.30 216.95 224.00
sheep 0.526395 56.16 27.81 92.51 84.45
boat 0.526335 0.00 42.13 9.03 105.12
sheep 0.526245 55.40 150.89 94.25 205.37
dog 0.526221 38.41 14.55 65.19 74.31
sheep 0.526183 7.10 56.04 28.35 108.15
aeroplane 0.525982 140.52 0.00 173.37 20.59
bottle 0.525957 209.44 31.72 224.00 80.10
sheep 0.525818 26.64 39.82 48.65 79.87
dog 0.525764 2.16 148.19 33.53 211.39
bottle 0.525507 68.51 0.00 180.78 94.47
bottle 0.525493 26.18 83.35 100.53 216.73
sheep 0.525381 36.09 60.63 54.38 90.15
bottle 0.525363 117.31 102.73 206.33 224.00
sheep 0.525362 97.11 185.51 119.84 214.73
sheep 0.525260 102.69 61.08 143.26 95.33
sheep 0.525240 25.76 94.85 46.16 141.33
dog 0.525181 67.92 23.58 118.18 82.88
dog 0.525071 150.45 163.23 196.31 205.50
sheep 0.524944 87.89 54.49 133.10 93.38
bottle 0.524908 52.86 203.99 101.01 224.00
bottle 0.524871 43.23 198.35 90.85 224.00
bottle 0.524858 23.86 120.11 87.02 219.23
bottle 0.524852 35.06 0.00 66.64 19.95
bottle 0.524828 153.61 13.97 204.68 52.14
sheep 0.524763 169.51 5.04 219.80 65.74
bottle 0.524714 6.86 0.00 34.53 23.37
sheep 0.524684 85.94 61.81 125.20 98.53
dog 0.524646 25.17 121.43 47.63 170.79
boat 0.524633 0.00 34.19 14.73 84.80
bottle 0.524609 164.44 7.48 217.12 62.57
aeroplane 0.524586 119.17 12.10 172.51 62.64
bottle 0.524539 219.40 75.11 224.00 119.77
bottle 0.524407 0.00 33.02 13.18 78.55
boat 0.524309 76.81 0.00 107.99 18.69
sheep 0.524246 80.25 37.48 126.33 89.38
sheep 0.524185 72.58 68.18 98.61 95.37
bottle 0.524152 160.81 145.58 219.81 224.00
bird 0.524114 125.40 129.03 175.35 172.58
sheep 0.524023 68.93 68.63 88.26 97.20
bird 0.523976 56.88 154.58 95.75 204.53
sheep 0.523976 96.93 177.61 118.47 205.43
sheep 0.523884 145.03 161.58 189.78 203.95
chair 0.523810 186.42 0.00 224.00 84.16
aeroplane 0.523775 162.01 0.00 195.92 21.00
aeroplane 0.523770 109.79 0.00 140.96 19.02
aeroplane 0.523745 192.95 7.75 224.00 61.26
aeroplane 0.523694 186.90 0.00 218.28 23.54
sheep 0.523648 26.63 78.42 46.87 118.51
boat 0.523523 68.30 0.00 99.99 18.64
bottle 0.523464 213.55 41.77 224.00 84.38
person 0.523400 182.17 104.87 224.00 224.00
boat 0.523394 85.30 0.00 115.76 17.84
dog 0.523365 194.51 150.82 221.85 212.79
sheep 0.523364 71.74 60.07 104.26 90.35
dog 0.523364 58.03 9.55 92.60 66.21
bottle 0.523302 79.89 11.64 126.81 59.75
dog 0.523297 213.66 169.62 224.00 220.80
sheep 0.523291 125.75 138.32 175.62 187.28
bird 0.523199 110.75 97.25 166.88 125.06
dog 0.523116 13.00 143.68 45.46 212.33
sheep 0.523083 67.45 62.28 91.38 93.39
sheep 0.523064 23.66 125.24 50.75 168.39
sheep 0.523015 36.08 68.90 53.26 97.88
dog 0.522934 95.21 15.97 153.21 76.52
sheep 0.522908 60.98 136.48 91.45 172.44
cat 0.522898 160.05 98.76 208.87 137.37
boat 0.522880 0.00 131.35 14.00 192.48
sheep 0.522854 27.06 89.91 52.93 130.51
boat 0.522810 57.50 0.00 91.59 18.47
aeroplane 0.522665 170.21 0.00 204.76 22.48
boat 0.522652 93.14 0.00 122.90 17.31
bird 0.522632 82.93 185.97 111.19 217.41
boat 0.522573 101.24 0.00 130.92 17.92
cat 0.522570 128.18 114.97 187.68 169.03
sheep 0.522479 28.57 71.49 47.34 108.40
boat 0.522391 0.00 115.48 12.23 170.68
bird 0.522347 118.65 132.56 164.72 166.42
bottle 0.522327 219.31 62.93 224.00 105.86
boat 0.522310 48.55 0.00 82.51 19.27
dog 0.522278 22.84 129.74 51.25 179.77
sheep 0.522273 19.25 68.56 38.11 110.26
sheep 0.522124 25.25 114.57 47.62 161.09
bottle 0.522114 216.75 51.06 224.00 93.10
bird 0.522097 111.82 134.52 153.49 160.68
dog 0.522081 83.47 11.21 131.09 62.56
bird 0.522076 106.67 69.75 148.13 105.72
aeroplane 0.522041 133.75 0.00 171.48 28.71
dog 0.521975 86.30 27.13 140.82 86.37
sheep 0.521891 77.80 56.59 116.72 90.51
bird 0.521869 96.82 195.50 121.18 224.00
bottle 0.521852 21.23 171.62 54.64 214.59
dog 0.521819 174.12 184.46 208.75 224.00
sheep 0.521769 102.68 186.39 125.84 213.52
sheep 0.521725 61.69 128.42 89.54 156.85
bottle 0.521704 96.08 0.00 195.38 62.02
dog 0.521645 5.27 176.71 37.04 213.42
sheep 0.521644 61.10 61.95 84.39 91.91
car 0.521625 138.86 0.00 213.30 49.95
sheep 0.521607 94.94 46.64 141.00 91.26
bottle 0.521578 140.57 96.27 200.39 140.16
bottle 0.521546 152.73 98.37 214.10 221.74
bottle 0.521524 41.63 138.32 124.57 224.00
bottle 0.521497 38.37 179.14 79.13 224.00
sheep 0.521480 29.45 59.49 47.58 90.97
sheep 0.521416 97.96 168.50 119.29 198.63
bottle 0.521368 40.62 0.00 72.06 25.99
dog 0.521239 33.10 148.32 68.02 209.39
sheep 0.521211 45.60 28.96 79.30 83.04
aeroplane 0.521203 201.00 0.00 224.00 42.10
dog 0.521160 70.36 14.85 121.82 63.05
bottle 0.521129 42.57 96.89 144.33 215.65
aeroplane 0.521107 107.23 18.60 165.54 73.34
sheep 0.521040 23.14 107.00 51.26 152.13
sheep 0.520940 63.46 67.91 82.39 95.77
aeroplane 0.520864 121.30 0.20 172.74 40.92
bottle 0.520855 49.76 0.00 82.54 27.87
aeroplane 0.520815 103.15 9.09 161.51 55.82
sheep 0.520705 11.71 39.85 37.67 74.90
sheep 0.520673 5.86 42.12 27.40 88.72
sheep 0.520633 51.43 136.95 82.96 175.21
bottle 0.520601 25.01 186.15 60.28 223.66
bird 0.520597 48.56 183.82 92.53 222.52
sheep 0.520548 65.20 45.01 95.42 88.78
boat 0.520522 0.00 119.23 31.55 172.90
sheep 0.520517 12.08 73.02 28.11 116.11
cat 0.520499 208.22 96.09 224.00 144.63
sheep 0.520489 119.19 139.99 162.83 181.93
bird 0.520313 81.39 177.15 109.73 209.25
sheep 0.520306 70.30 41.86 109.75 85.82
sheep 0.520275 34.03 73.53 52.97 107.00
sheep 0.520214 68.64 80.24 87.14 111.92
sheep 0.520167 110.46 61.57 154.43 99.09
bird 0.520114 106.04 135.61 136.69 159.18
sheep 0.520065 30.10 80.67 53.14 117.72
sheep 0.520016 0.00 70.28 9.52 121.88
bottle 0.519994 166.25 76.08 205.92 112.39
dog 0.519991 204.80 188.17 224.00 224.00
sheep 0.519982 67.72 92.35 86.65 121.64
sheep 0.519915 155.35 11.44 203.93 49.91
sheep 0.519908 102.73 196.25 126.95 224.00
sheep 0.519777 51.27 129.08 80.51 160.19
sheep 0.519742 17.77 54.13 38.90 93.50
sheep 0.519698 72.73 73.92 94.59 100.95
bottle 0.519631 103.54 0.00 207.40 129.95
dog 0.519560 76.96 0.00 112.57 35.11
bird 0.519484 81.17 166.87 110.55 202.74
sheep 0.519466 111.18 186.46 139.46 215.00
bottle 0.519454 149.08 166.13 197.36 210.06
sheep 0.519438 180.25 0.00 219.22 44.43
sheep 0.519430 49.26 145.78 85.77 196.22
dog 0.519303 0.00 99.41 10.27 150.47
sheep 0.519227 38.00 45.24 59.36 84.46
dog 0.519174 20.51 0.00 56.22 26.38
bird 0.519130 82.15 195.99 111.65 224.00
aeroplane 0.519126 130.81 8.21 179.07 53.19
sheep 0.519119 16.57 47.43 37.77 84.26
bottle 0.519089 0.00 196.62 20.26 224.00
sheep 0.519021 120.47 151.45 160.45 192.76
bottle 0.519001 174.14 18.92 216.10 76.62
sheep 0.518967 102.04 178.62 124.15 203.97
sheep 0.518958 63.56 119.70 88.46 147.86
sheep 0.518904 0.00 112.37 30.44 161.45
dog 0.518867 64.83 11.95 103.77 55.38
cat 0.518836 160.54 100.50 216.48 158.81
dog 0.518794 56.23 0.00 83.73 36.93
bird 0.518794 110.94 127.60 158.27 155.41
dog 0.518782 72.36 6.89 114.11 49.35
sheep 0.518749 156.97 0.00 198.34 40.35
sheep 0.518711 21.80 83.24 36.98 126.70
dog 0.518693 58.02 0.00 93.74 29.00
bird 0.518686 103.79 129.38 141.67 154.25
bottle 0.518658 139.08 188.46 183.91 224.00
aeroplane 0.518425 111.72 1.74 161.01 45.53
aeroplane 0.518408 151.94 8.43 196.02 44.84
sheep 0.518387 70.56 95.78 92.79 119.73
bottle 0.518330 160.40 0.00 222.12 120.39
dog 0.518319 63.08 2.08 98.40 42.07
sheep 0.518203 46.95 61.41 69.33 91.32
sheep 0.518195 67.54 101.52 86.42 129.84
sheep 0.518193 99.76 135.14 120.14 161.27
bird 0.518104 96.74 95.56 137.79 120.51
sheep 0.518047 23.77 92.24 38.18 136.89
aeroplane 0.518037 129.28 19.93 176.46 71.07
aeroplane 0.517995 152.71 0.00 190.91 35.63
dog 0.517965 14.37 174.88 45.68 212.86
aeroplane 0.517811 108.90 33.18 159.68 83.77
sheep 0.517769 108.97 178.35 137.47 205.41
sheep 0.517760 120.84 163.23 157.54 199.54
sheep 0.517719 67.22 130.38 95.81 153.93
cat 0.517698 180.16 7.67 223.94 72.50
sheep 0.517669 0.00 89.43 9.17 139.20
bird 0.517562 93.73 69.99 137.19 106.91
sheep 0.517547 99.24 158.42 118.19 188.94
dog 0.517519 31.41 0.00 54.49 30.93
aeroplane 0.517506 116.93 0.00 156.60 30.10
dog 0.517505 51.23 7.66 79.77 60.18
dog 0.517490 11.96 30.32 38.82 68.50
aeroplane 0.517487 140.78 0.74 179.22 39.72
sheep 0.517441 102.88 170.00 124.64 196.99
sheep 0.517435 78.78 69.74 111.32 102.07
sheep 0.517406 81.45 158.48 109.62 194.50
sheep 0.517363 110.33 196.56 141.04 224.00
sheep 0.517283 112.68 138.02 149.73 165.62
sheep 0.517272 66.20 110.28 87.17 138.84
bottle 0.517250 0.00 3.93 13.86 44.59
dog 0.517224 24.94 113.39 43.46 159.64
sheep 0.517210 97.63 129.51 123.72 156.46
sheep 0.517205 70.47 105.24 92.49 127.78
sheep 0.517203 61.35 89.45 79.30 121.68
bird 0.517185 96.27 120.34 126.23 149.15
dog 0.517106 59.57 8.10 87.31 47.99
sheep 0.517082 68.45 122.71 94.64 145.23
sheep 0.516987 88.02 136.18 112.06 165.05
bird 0.516910 112.62 82.38 161.27 121.96
dog 0.516896 15.70 130.72 41.51 197.13
sheep 0.516885 63.17 77.54 80.32 111.70
sheep 0.516868 25.43 103.15 41.05 148.16
sheep 0.516787 89.23 130.00 115.66 156.27
sheep 0.516776 8.10 0.00 32.80 29.84
sheep 0.516750 130.37 161.81 172.84 198.98
aeroplane 0.516696 120.65 62.80 165.74 100.80
sheep 0.516606 109.37 167.39 140.16 198.66
sheep 0.516602 47.84 70.07 67.18 96.99
sheep 0.516590 121.35 176.40 157.50 206.67
bottle 0.516588 113.15 70.83 157.73 112.05
bird 0.516558 97.37 101.26 133.60 126.70
sheep 0.516542 46.17 43.58 73.43 86.32
sheep 0.516534 87.82 79.28 125.99 113.77
sheep 0.516523 112.52 143.76 147.78 176.25
bird 0.516362 95.82 83.42 138.55 114.53
sheep 0.516355 122.81 185.12 160.26 216.72
dog 0.516347 37.57 7.76 56.96 54.68
sheep 0.516347 69.76 113.82 93.14 136.48
bird 0.516324 96.59 108.45 129.01 137.05
sheep 0.516324 0.00 102.79 27.60 149.68
sheep 0.516299 77.07 130.87 104.81 154.39
sheep 0.516296 100.78 140.50 117.20 167.51
sheep 0.516291 14.32 81.56 28.95 123.12
bottle 0.516203 169.91 0.00 224.00 85.43
sheep 0.516198 51.72 119.50 79.17 150.67
bottle 0.516191 122.78 207.91 178.05 224.00
bottle 0.516187 149.94 63.68 195.37 93.28
bird 0.516161 103.71 117.50 146.00 145.25
sheep 0.516158 88.76 94.06 126.00 121.02
sheep 0.516154 107.68 140.03 131.01 163.68
sheep 0.516088 0.00 80.22 21.07 125.23
bottle 0.516041 144.63 6.46 196.12 58.66
sheep 0.516037 111.94 155.68 144.51 189.51
bottle 0.516001 173.54 37.26 213.66 81.02
sheep 0.515992 99.42 147.41 116.43 176.37
bottle 0.515879 30.25 194.67 78.19 224.00
dog 0.515831 90.03 0.00 124.11 36.93
bottle 0.515811 120.90 0.00 210.54 93.67
sheep 0.515735 88.29 121.84 117.84 149.07
sheep 0.515693 59.34 98.90 78.76 131.03
aeroplane 0.515678 135.63 64.11 178.59 98.37
sheep 0.515644 77.14 123.26 104.83 146.00
sheep 0.515560 27.87 100.75 56.11 142.42
sheep 0.515548 0.00 91.50 23.69 136.56
bottle 0.515504 204.01 84.00 224.00 127.06
sheep 0.515478 26.24 134.77 54.37 176.34
bird 0.515443 118.24 108.54 169.38 145.80
bird 0.515434 103.67 88.68 155.15 117.70
sheep 0.515427 78.14 79.99 110.49 111.27
dog 0.515374 42.37 6.55 62.71 54.72
dog 0.515332 39.46 4.45 56.12 33.87
dog 0.515243 44.02 4.53 59.85 32.60
sheep 0.515232 78.28 95.10 109.53 119.28
sheep 0.515181 105.69 158.96 125.41 186.78
sheep 0.515159 107.45 146.92 127.38 173.09
bottle 0.515116 10.21 1.68 30.12 35.94
sheep 0.515087 2.22 32.76 26.55 68.20
dog 0.515066 191.17 167.96 218.84 217.63
sheep 0.515064 59.35 147.21 95.00 188.69
cat 0.515044 124.44 98.69 185.20 150.05
dog 0.515024 16.82 118.86 38.20 171.26
sheep 0.514973 121.36 195.80 161.18 224.00
aeroplane 0.514928 108.20 0.00 145.75 33.25
bottle 0.514918 162.73 89.88 208.44 126.10
sheep 0.514876 88.59 110.38 119.90 137.87
sheep 0.514854 77.55 113.51 104.63 136.06
bottle 0.514788 186.45 30.90 222.32 78.37
sheep 0.514748 89.28 101.71 123.55 127.67
bottle 0.514644 122.25 72.94 166.79 115.88
sheep 0.514616 78.16 104.53 106.90 126.72
sheep 0.514554 55.39 108.42 78.90 141.45
bird 0.514533 105.34 105.52 150.16 132.91
dog 0.514523 51.86 5.04 73.51 38.55
bottle 0.514481 160.76 59.19 204.52 85.28
aeroplane 0.514402 130.70 35.17 176.80 83.19
bottle 0.514348 139.19 178.24 185.10 212.50
bottle 0.514337 130.41 194.71 173.98 224.00
bird 0.514306 53.48 195.85 95.34 224.00
bottle 0.514140 161.21 68.47 204.01 98.11
dog 0.514137 151.69 181.37 202.59 224.00
bottle 0.514136 15.05 185.16 44.14 216.32
aeroplane 0.514120 97.50 0.00 133.86 36.77
bird 0.514109 112.83 102.64 164.97 132.75
dog 0.514106 16.56 92.11 30.99 134.32
sheep 0.514038 132.11 174.44 174.28 205.00
aeroplane 0.514017 134.55 53.94 179.28 91.27
bottle 0.513981 0.00 13.37 12.00 54.33
sheep 0.513960 132.40 183.01 175.17 215.95
bottle 0.513920 13.67 200.48 48.11 224.00
sheep 0.513879 80.17 151.22 107.44 185.40
sheep 0.513786 37.83 136.92 64.47 175.93
sheep 0.513658 72.93 139.11 102.04 168.99
dog 0.513650 30.86 10.47 51.36 54.18
sheep 0.513556 46.70 74.51 65.17 104.85
sheep 0.513281 82.80 143.92 108.55 176.19
bottle 0.513186 134.63 73.26 177.59 113.62
dog 0.513159 17.75 103.19 34.44 147.35
bottle 0.513149 157.28 78.91 201.75 119.59
sheep 0.513118 41.47 91.61 64.94 126.15
sheep 0.512919 26.36 121.41 54.76 158.12
sheep 0.512744 38.97 100.53 64.54 137.96
bottle 0.512625 147.98 70.03 193.46 105.95
sheep 0.512581 44.05 81.15 64.54 115.05
bottle 0.512502 159.45 18.14 207.18 71.99
bottle 0.512410 188.55 51.16 221.38 87.21
dog 0.512279 185.47 188.24 217.55 224.00
dog 0.512224 17.75 15.35 43.90 55.04
bottle 0.512111 198.55 73.79 224.00 115.45
sheep 0.512064 37.33 130.29 63.64 163.49
bottle 0.511942 193.14 61.61 222.20 99.03
bottle 0.511933 142.48 82.10 190.78 126.52
sheep 0.511509 4.01 20.76 25.71 59.55
sheep 0.511027 35.86 110.80 63.53 148.49
dog 0.510856 25.78 5.80 52.31 36.07
sheep 0.510828 9.28 12.05 27.43 44.96
bottle 0.510726 154.89 38.75 201.38 80.97
sheep 0.510718 35.19 121.69 63.42 155.61
bottle 0.510691 140.83 35.01 190.19 81.36
