tvmonitor 0.591476 19.45 55.05 204.39 224.00
tvmonitor 0.571347 0.00 63.29 84.17 137.73
pottedplant 0.569215 0.00 57.84 86.30 154.79
tvmonitor 0.565669 217.55 78.25 224.00 164.20
pottedplant 0.565003 3.38 109.11 92.94 199.69
tvmonitor 0.564035 118.93 57.52 202.82 214.16
tvmonitor 0.563940 5.58 76.49 84.86 169.46
tvmonitor 0.562821 10.28 105.67 98.17 200.94
tvmonitor 0.559611 7.51 69.58 154.12 206.76
tvmonitor 0.559470 19.76 68.96 107.94 203.11
tvmonitor 0.558462 45.88 108.75 106.99 196.39
tvmonitor 0.556838 144.98 58.87 214.34 208.34
tvmonitor 0.552995 13.01 82.55 78.12 208.90
pottedplant 0.552872 42.76 111.57 107.59 196.96
tvmonitor 0.551726 168.51 59.66 222.82 209.06
tvmonitor 0.549282 147.05 94.13 195.41 175.87
cat 0.548072 16.86 99.88 158.17 211.95
tvmonitor 0.547417 218.32 102.07 224.00 182.53
tvmonitor 0.546783 60.66 84.86 195.64 216.51
pottedplant 0.546496 3.72 130.11 74.86 188.73
tvmonitor 0.545135 217.64 61.54 224.00 136.16
tvmonitor 0.543094 120.73 109.79 158.72 160.77
tvmonitor 0.542514 59.81 110.96 103.22 183.29
sofa 0.540169 24.24 105.73 176.57 215.74
tvmonitor 0.539732 97.11 97.37 122.23 129.75
tvmonitor 0.539423 212.00 75.53 224.00 166.23
tvmonitor 0.539332 7.28 65.47 79.94 117.06
tvmonitor 0.538680 220.00 114.11 224.00 187.50
tvmonitor 0.538193 67.76 119.59 111.76 186.53
tvmonitor 0.537938 114.56 118.03 153.97 166.06
chair 0.537214 0.00 206.24 19.65 224.00
sofa 0.537174 131.59 28.43 213.61 169.70
tvmonitor 0.536324 96.31 104.04 118.37 136.16
tvmonitor 0.536234 86.49 124.73 197.12 224.00
cat 0.535959 5.71 132.01 124.21 224.00
bottle 0.535927 145.97 77.86 224.00 224.00
tvmonitor 0.535719 131.46 103.57 174.47 164.14
tvmonitor 0.535612 62.36 73.06 172.98 166.99
sheep 0.535402 0.00 210.35 32.21 224.00
tvmonitor 0.535296 92.56 84.75 119.54 127.41
tvmonitor 0.535160 216.52 43.62 224.00 114.07
tvmonitor 0.535100 88.87 125.92 119.40 181.02
tvmonitor 0.534913 142.51 93.02 185.32 159.19
tvmonitor 0.534666 115.94 104.36 152.88 151.61
tvmonitor 0.534647 68.75 112.42 101.84 167.72
pottedplant 0.533883 6.88 147.78 64.55 184.79
tvmonitor 0.533778 195.04 85.94 218.56 176.42
tvmonitor 0.533736 24.80 76.15 115.93 160.42
tvmonitor 0.533534 88.32 70.44 123.91 116.02
sheep 0.533156 7.97 148.97 60.70 182.41
tvmonitor 0.532985 24.08 98.65 88.39 173.52
sofa 0.532869 161.24 21.50 223.12 164.05
tvmonitor 0.532652 214.53 36.65 224.00 98.56
sheep 0.532521 19.69 126.44 88.62 195.62
cat 0.532317 134.14 87.01 224.00 224.00
tvmonitor 0.532178 90.47 98.61 114.33 134.18
tvmonitor 0.532118 210.67 96.88 224.00 182.84
tvmonitor 0.531975 103.26 98.54 136.06 133.70
tvmonitor 0.531852 181.87 99.29 224.00 222.17
cat 0.531688 93.49 146.94 198.63 224.00
tvmonitor 0.531523 107.77 108.95 143.66 147.63
tvmonitor 0.531501 182.98 168.69 224.00 224.00
tvmonitor 0.531232 91.72 120.90 117.21 168.04
tvmonitor 0.530964 76.02 110.99 105.40 159.05
tvmonitor 0.530923 103.13 108.87 124.65 142.07
tvmonitor 0.530842 87.91 106.65 112.49 141.30
sheep 0.530673 3.20 212.15 43.51 224.00
sheep 0.530545 3.69 132.76 67.24 188.84
sofa 0.530253 13.30 21.10 70.21 42.05
cat 0.530243 155.66 0.00 224.00 165.72
tvmonitor 0.530179 113.63 95.36 145.52 134.51
sofa 0.530063 75.19 140.57 196.37 224.00
tvmonitor 0.530045 165.80 87.51 210.61 173.02
tvmonitor 0.529943 101.56 123.50 124.97 166.63
boat 0.529930 121.76 134.15 161.54 198.74
tvmonitor 0.529898 121.12 125.89 160.89 186.05
sheep 0.529889 40.43 210.86 85.95 224.00
bottle 0.529874 47.72 211.09 93.17 224.00
tvmonitor 0.529825 14.25 31.21 64.08 53.83
tvmonitor 0.529790 83.50 111.33 109.61 149.44
sofa 0.529733 15.46 25.36 67.41 47.82
sofa 0.529714 156.45 32.93 188.73 87.48
tvmonitor 0.529705 105.68 122.27 142.85 166.65
tvmonitor 0.529359 27.69 73.77 78.64 135.31
chair 0.529341 98.76 210.39 129.95 224.00
tvmonitor 0.529303 0.00 94.14 116.21 224.00
person 0.529290 0.00 0.00 84.07 117.59
tvmonitor 0.529064 211.35 203.86 224.00 224.00
sofa 0.529050 16.18 16.92 73.47 36.46
sheep 0.529046 17.46 212.12 60.19 224.00
tvmonitor 0.529037 15.62 122.84 141.17 224.00
tvmonitor 0.529010 24.03 84.85 79.38 158.24
tvmonitor 0.528977 0.00 59.35 67.26 106.85
tvmonitor 0.528917 156.79 37.38 187.29 94.33
sheep 0.528838 72.76 210.85 114.54 224.00
pottedplant 0.528796 0.00 151.85 19.08 186.58
tvmonitor 0.528519 13.36 38.77 61.13 64.87
tvmonitor 0.528401 196.78 60.78 218.38 133.39
tvmonitor 0.528271 78.90 72.97 115.54 117.87
tvmonitor 0.528209 129.03 99.99 157.45 149.88
tvmonitor 0.528003 12.71 77.81 72.66 119.97
tvmonitor 0.527682 11.40 25.19 67.15 46.52
tvmonitor 0.527662 153.41 86.32 189.43 149.49
sofa 0.527646 213.89 31.46 224.00 92.71
sheep 0.527593 37.44 133.43 92.93 201.01
tvmonitor 0.527489 211.93 60.57 224.00 138.25
tvmonitor 0.527476 103.66 116.80 125.46 152.54
tvmonitor 0.527451 10.71 86.77 69.27 134.60
tvmonitor 0.527331 168.90 33.44 197.02 84.67
tvmonitor 0.527317 193.12 33.43 215.71 94.32
chair 0.527286 106.02 210.68 140.37 224.00
tvmonitor 0.527261 0.00 75.68 15.20 113.54
aeroplane 0.527208 11.94 16.00 68.69 34.34
tvmonitor 0.527136 95.37 116.15 116.59 152.74
tvmonitor 0.527064 96.61 131.55 124.71 188.77
tvmonitor 0.527023 125.50 95.21 152.76 137.69
pottedplant 0.526967 3.02 150.92 47.04 180.36
tvmonitor 0.526923 145.77 84.81 178.74 136.65
tvmonitor 0.526899 71.73 77.70 100.51 130.51
tvmonitor 0.526816 197.39 74.18 220.68 153.13
tvmonitor 0.526720 110.57 151.35 203.79 224.00
aeroplane 0.526635 208.27 0.00 224.00 22.00
tvmonitor 0.526587 97.70 88.10 131.82 127.77
sheep 0.526537 3.44 153.35 44.65 181.00
tvmonitor 0.526534 0.00 0.00 52.35 45.94
tvmonitor 0.526429 39.41 74.38 80.10 118.11
tvmonitor 0.526381 51.70 76.27 89.48 132.31
tvmonitor 0.526320 8.45 99.68 61.92 149.38
tvmonitor 0.526282 0.00 8.77 86.70 180.49
tvmonitor 0.526279 0.00 60.98 12.45 100.68
tvmonitor 0.526165 14.42 0.00 92.95 36.13
tvmonitor 0.526107 187.64 102.76 215.19 184.58
tvmonitor 0.525990 11.33 48.74 63.55 82.63
tvmonitor 0.525916 145.74 51.26 177.03 104.64
boat 0.525838 0.00 0.00 19.35 22.34
sofa 0.525799 168.58 29.20 198.79 81.65
tvmonitor 0.525601 187.85 37.20 210.75 90.94
tvmonitor 0.525558 155.14 62.51 186.83 115.90
tvmonitor 0.525536 84.35 80.41 116.00 128.92
chair 0.525526 113.89 210.52 153.53 224.00
boat 0.525513 169.12 185.23 205.59 224.00
tvmonitor 0.525435 60.15 74.39 89.78 115.82
tvmonitor 0.525389 8.11 20.89 67.27 39.93
cat 0.525322 0.00 152.91 77.85 224.00
tvmonitor 0.525290 0.00 107.03 17.91 152.24
sheep 0.525209 64.29 188.19 111.51 220.35
sheep 0.525203 41.95 171.64 91.03 208.28
boat 0.525116 111.04 132.15 153.38 196.44
tvmonitor 0.525094 220.00 157.49 224.00 215.44
tvmonitor 0.525054 50.35 103.34 94.37 163.39
cat 0.525052 172.09 0.00 224.00 74.73
tvmonitor 0.525048 0.00 88.38 18.02 125.83
tvmonitor 0.525025 196.24 41.94 215.64 111.00
diningtable 0.524998 215.50 24.66 224.00 82.59
tvmonitor 0.524804 71.08 69.18 98.85 108.99
tvmonitor 0.524760 0.00 154.95 17.01 191.20
tvmonitor 0.524707 152.11 107.23 184.99 174.25
pottedplant 0.524704 0.00 115.61 17.43 160.86
cat 0.524506 120.97 210.58 162.09 224.00
sofa 0.524474 144.29 39.02 177.14 89.91
sheep 0.524474 28.63 149.02 86.13 202.27
tvmonitor 0.524428 107.01 68.85 142.09 111.57
tvmonitor 0.524343 93.96 63.77 135.28 109.54
sofa 0.524294 186.02 33.41 210.06 86.62
pottedplant 0.524283 0.00 137.88 19.90 177.80
tvmonitor 0.524160 125.23 62.73 148.90 99.86
sofa 0.524154 58.57 63.93 158.62 147.08
sofa 0.523952 17.80 30.85 63.91 53.15
bottle 0.523902 197.12 208.64 224.00 224.00
sheep 0.523859 45.65 184.77 91.03 217.38
tvmonitor 0.523725 132.56 62.36 153.01 97.77
sofa 0.523702 110.09 46.48 207.85 149.42
tvmonitor 0.523676 52.60 65.85 154.74 140.24
tvmonitor 0.523639 14.28 70.57 72.14 107.62
bottle 0.523553 180.68 211.26 217.16 224.00
tvmonitor 0.523434 73.40 96.35 100.31 147.44
bottle 0.523417 167.88 211.94 207.76 224.00
bottle 0.523387 85.23 141.18 117.90 203.43
tvmonitor 0.523384 136.56 94.14 167.82 142.81
aeroplane 0.523375 190.78 30.90 215.02 90.34
tvmonitor 0.523301 136.75 159.80 218.41 224.00
aeroplane 0.523248 24.43 0.00 111.62 35.04
tvmonitor 0.523177 13.97 56.93 69.19 94.20
sheep 0.523070 72.43 176.88 114.69 212.11
tvmonitor 0.523057 220.00 141.08 224.00 201.36
tvmonitor 0.523043 132.30 70.24 153.46 107.20
tvmonitor 0.522965 167.75 46.57 195.02 104.18
tvmonitor 0.522964 8.03 111.46 58.54 162.30
tvmonitor 0.522881 209.62 40.89 224.00 114.45
tvmonitor 0.522749 126.89 117.02 162.22 170.57
sheep 0.522744 72.87 139.28 112.07 202.27
tvmonitor 0.522734 45.92 109.07 157.67 216.97
tvmonitor 0.522676 3.33 106.57 39.16 147.02
tvmonitor 0.522673 158.12 24.42 190.67 76.97
aeroplane 0.522556 123.93 144.71 165.55 206.14
tvmonitor 0.522429 182.48 78.18 213.67 150.62
sheep 0.522399 52.62 176.55 104.92 209.20
tvmonitor 0.522377 161.92 211.56 201.88 224.00
diningtable 0.522365 217.77 18.11 224.00 71.16
aeroplane 0.522325 70.95 19.59 91.59 39.06
sofa 0.522243 202.93 34.48 224.00 98.49
tvmonitor 0.522202 181.52 37.64 205.53 86.46
tvmonitor 0.522165 162.54 80.43 192.60 136.43
sheep 0.522117 13.70 183.84 47.43 217.80
sofa 0.522020 19.90 0.00 73.44 27.86
tvmonitor 0.521998 2.93 115.99 37.56 158.13
tvmonitor 0.521898 0.00 136.68 82.76 224.00
tvmonitor 0.521871 131.57 80.44 154.64 120.66
tvmonitor 0.521805 122.16 79.09 150.03 120.20
tvmonitor 0.521786 128.32 128.20 212.74 224.00
chair 0.521762 136.61 211.70 174.60 224.00
tvmonitor 0.521752 8.90 84.35 48.57 115.88
tvmonitor 0.521687 0.00 15.51 12.25 48.45
tvmonitor 0.521613 137.66 68.16 164.36 109.72
boat 0.521557 25.20 0.00 67.62 17.60
sheep 0.521532 0.00 184.53 11.66 223.39
tvmonitor 0.521466 164.72 63.31 193.65 115.78
boat 0.521463 0.00 0.00 28.15 18.37
tvmonitor 0.521427 188.72 66.16 211.53 127.72
aeroplane 0.521409 21.28 0.00 61.48 17.66
tvmonitor 0.521372 131.23 89.07 155.97 131.51
tvmonitor 0.521362 0.00 42.85 11.79 85.06
aeroplane 0.521331 126.03 174.73 169.96 218.57
tvmonitor 0.521228 4.97 99.71 43.28 138.86
aeroplane 0.521205 58.23 17.25 83.60 38.23
tvmonitor 0.521165 168.67 81.35 202.29 149.32
sheep 0.521087 25.62 163.57 76.94 205.55
tvmonitor 0.521080 137.99 79.23 165.38 123.20
cat 0.521076 153.73 0.00 188.33 16.34
sheep 0.521065 60.05 137.64 104.76 202.18
aeroplane 0.521009 126.58 190.74 168.83 224.00
pottedplant 0.520946 7.14 126.92 58.48 177.93
tvmonitor 0.520944 145.24 212.07 183.92 224.00
cat 0.520856 125.23 0.00 190.48 46.04
chair 0.520851 161.83 0.00 196.40 16.89
aeroplane 0.520811 58.67 6.86 84.90 29.86
sheep 0.520742 31.24 181.15 75.61 217.98
cat 0.520735 100.02 0.00 169.46 43.16
tvmonitor 0.520728 212.00 120.96 224.00 192.53
boat 0.520725 171.75 0.00 203.17 17.27
dog 0.520687 114.14 142.04 154.71 203.76
sofa 0.520681 164.72 0.00 224.00 103.21
boat 0.520661 124.21 190.58 167.02 224.00
aeroplane 0.520645 73.28 25.70 91.12 45.99
boat 0.520609 159.14 112.53 192.36 184.70
aeroplane 0.520522 184.36 28.95 209.15 79.04
tvmonitor 0.520519 137.94 51.46 163.17 93.16
aeroplane 0.520515 80.40 26.25 100.64 46.45
tvmonitor 0.520407 10.23 22.17 99.62 103.10
pottedplant 0.520375 2.91 128.75 39.75 169.80
aeroplane 0.520365 78.18 19.46 100.97 39.06
tvmonitor 0.520362 63.92 62.39 88.25 97.35
dog 0.520318 80.99 177.11 118.82 213.49
boat 0.520236 17.46 0.00 70.21 25.88
tvmonitor 0.520216 8.40 72.56 46.29 104.88
sofa 0.520216 145.45 21.29 218.56 129.80
aeroplane 0.520197 42.47 0.00 134.84 41.60
tvmonitor 0.520141 132.55 50.88 152.68 87.51
aeroplane 0.520120 75.03 0.00 109.36 13.52
tvmonitor 0.520096 191.17 47.34 210.60 107.19
aeroplane 0.519988 68.66 6.14 93.33 29.76
tvmonitor 0.519942 0.00 6.45 11.90 39.38
tvmonitor 0.519904 0.00 0.00 105.05 117.46
tvmonitor 0.519879 217.67 189.20 224.00 224.00
sheep 0.519876 20.54 180.21 62.53 218.28
tvmonitor 0.519864 46.89 61.84 78.86 97.94
boat 0.519857 49.39 0.00 84.20 16.09
aeroplane 0.519833 220.00 11.69 224.00 58.38
cat 0.519829 81.27 0.00 118.17 14.64
aeroplane 0.519786 36.45 8.48 77.19 30.47
sofa 0.519779 136.63 46.35 162.80 89.16
tvmonitor 0.519741 80.02 61.35 119.52 105.19
sofa 0.519696 179.41 26.98 205.05 75.48
tvmonitor 0.519688 0.00 26.10 12.16 64.70
dog 0.519624 83.28 158.75 117.58 208.91
sheep 0.519572 11.90 161.07 56.79 201.16
tvmonitor 0.519557 12.64 0.00 101.38 62.87
tvmonitor 0.519493 7.50 64.80 44.10 97.00
sheep 0.519461 82.36 190.86 120.84 224.00
tvmonitor 0.519422 170.09 19.62 200.08 64.84
sheep 0.519387 51.06 158.91 99.54 207.55
sofa 0.519360 0.00 20.76 64.51 101.02
aeroplane 0.519333 61.07 0.00 92.30 15.07
aeroplane 0.519328 35.22 17.66 146.13 112.85
tvmonitor 0.519290 109.56 58.45 141.83 98.27
dog 0.519258 125.98 160.30 167.74 211.98
sheep 0.519205 45.92 201.86 91.03 224.00
aeroplane 0.519154 196.76 0.00 224.00 18.30
tvmonitor 0.519120 174.35 77.12 201.01 134.67
aeroplane 0.519102 90.04 25.11 109.86 45.81
aeroplane 0.519044 89.75 31.96 111.16 59.06
boat 0.519021 185.97 0.00 215.87 16.07
aeroplane 0.518987 59.87 22.33 83.30 45.07
tvmonitor 0.518961 0.00 0.00 13.61 29.02
sheep 0.518949 0.43 185.94 26.11 218.25
cat 0.518927 98.72 0.00 132.16 15.77
tvmonitor 0.518879 4.10 20.95 33.05 45.09
aeroplane 0.518862 220.00 0.00 224.00 45.13
aeroplane 0.518841 215.28 0.00 224.00 33.27
tvmonitor 0.518830 0.00 169.88 12.90 209.10
aeroplane 0.518735 34.04 16.51 76.52 37.32
sofa 0.518665 4.51 25.04 36.95 51.88
chair 0.518624 131.81 0.00 163.52 17.33
boat 0.518529 87.44 42.50 114.05 78.32
aeroplane 0.518489 140.70 0.00 205.43 53.31
aeroplane 0.518456 53.68 47.95 152.59 130.84
tvmonitor 0.518357 125.44 51.18 148.35 87.49
boat 0.518334 6.82 0.00 39.80 17.67
aeroplane 0.518308 98.30 31.26 118.78 60.23
tvmonitor 0.518289 65.96 54.00 86.85 85.74
boat 0.518256 14.99 0.00 53.73 17.86
boat 0.518246 94.27 42.40 122.60 82.57
sheep 0.518104 67.61 203.56 112.06 224.00
aeroplane 0.518029 81.69 33.17 100.42 57.25
tvmonitor 0.518024 149.37 26.80 180.36 76.68
chair 0.517989 140.21 0.00 171.84 16.63
chair 0.517977 122.56 0.00 154.78 17.13
tvmonitor 0.517961 6.67 56.12 42.47 88.60
aeroplane 0.517911 179.62 21.54 205.11 66.57
tvmonitor 0.517840 132.76 21.15 149.42 57.43
sofa 0.517820 124.91 26.24 200.76 114.49
sofa 0.517815 132.80 41.30 154.26 85.53
tvmonitor 0.517777 139.65 20.23 155.14 56.81
cat 0.517665 110.25 0.00 205.06 138.58
boat 0.517605 65.90 41.70 84.85 70.16
sofa 0.517582 136.06 29.27 155.62 73.24
aeroplane 0.517556 74.94 33.04 90.18 55.95
tvmonitor 0.517534 3.30 12.90 28.43 36.96
tvmonitor 0.517407 18.07 0.00 141.65 111.29
aeroplane 0.517367 24.50 0.00 73.83 23.47
boat 0.517364 162.18 125.19 194.96 201.67
aeroplane 0.517244 89.12 17.06 110.18 37.51
aeroplane 0.517155 99.78 24.08 116.58 45.08
tvmonitor 0.517154 129.55 30.17 150.12 73.33
aeroplane 0.517091 74.78 42.94 91.92 71.82
cat 0.516955 112.27 0.00 146.75 16.19
tvmonitor 0.516940 167.08 201.00 204.14 224.00
tvmonitor 0.516920 180.74 62.21 203.83 114.13
tvmonitor 0.516893 63.29 0.00 177.77 120.11
boat 0.516871 165.52 144.70 196.49 213.49
tvmonitor 0.516774 5.93 46.41 41.98 79.25
aeroplane 0.516698 63.02 29.99 82.82 54.77
boat 0.516689 80.68 42.90 101.95 74.28
tvmonitor 0.516686 183.67 49.48 205.46 103.73
sheep 0.516683 31.80 202.73 75.64 224.00
aeroplane 0.516612 75.72 1.65 102.85 28.88
boat 0.516568 163.90 110.17 207.89 191.85
aeroplane 0.516557 15.37 0.00 130.36 71.08
aeroplane 0.516500 122.81 23.10 141.94 54.73
aeroplane 0.516484 104.96 32.24 124.53 61.36
tvmonitor 0.516454 152.78 21.09 179.94 63.45
aeroplane 0.516444 119.56 31.37 143.08 70.83
sofa 0.516439 5.43 36.94 41.64 68.00
boat 0.516436 161.96 13.82 189.12 52.57
tvmonitor 0.516356 45.39 52.77 77.02 84.29
dog 0.516349 118.29 191.33 158.71 224.00
sheep 0.516320 22.97 204.51 64.69 224.00
boat 0.516316 168.61 168.37 202.40 219.20
sofa 0.516278 141.77 28.63 165.04 74.03
sheep 0.516209 10.51 207.55 49.67 224.00
boat 0.516150 181.22 129.82 212.33 203.47
aeroplane 0.516027 172.11 14.15 199.01 52.31
tvmonitor 0.515874 102.54 80.94 180.27 202.89
sofa 0.515849 123.61 0.00 194.15 86.08
aeroplane 0.515799 99.77 43.90 127.98 85.83
aeroplane 0.515743 188.87 23.27 213.82 72.56
tvmonitor 0.515657 72.95 54.84 94.82 87.97
tvmonitor 0.515639 145.59 20.97 164.13 58.66
aeroplane 0.515604 110.97 32.82 133.67 65.65
tvmonitor 0.515599 35.62 20.80 76.14 43.80
aeroplane 0.515583 114.25 42.38 143.31 86.97
boat 0.515532 152.55 122.00 186.39 200.44
aeroplane 0.515468 106.96 24.81 122.51 45.13
tvmonitor 0.515466 52.18 52.19 144.13 184.67
aeroplane 0.515426 201.18 25.70 224.00 83.69
tvmonitor 0.515424 118.59 4.55 196.95 156.79
aeroplane 0.515349 181.44 15.48 203.52 54.20
aeroplane 0.515271 101.35 15.31 116.55 36.04
tvmonitor 0.515239 42.38 40.56 75.53 67.44
dog 0.515217 119.36 173.90 162.04 213.43
sofa 0.515106 75.57 50.75 172.80 130.82
aeroplane 0.515052 113.78 24.67 132.23 48.94
aeroplane 0.514998 185.71 18.42 207.49 57.58
boat 0.514991 178.32 161.38 209.39 218.11
sheep 0.514898 9.78 154.37 50.56 190.07
aeroplane 0.514868 159.58 0.00 187.40 39.33
tvmonitor 0.514772 84.84 56.05 165.10 183.72
boat 0.514743 133.95 12.39 146.63 42.35
boat 0.514713 130.63 173.28 186.61 222.43
aeroplane 0.514704 180.34 0.00 201.98 40.81
aeroplane 0.514652 169.80 0.00 197.71 40.09
aeroplane 0.514646 108.92 16.01 121.90 36.11
aeroplane 0.514646 41.71 0.00 81.03 20.31
tvmonitor 0.514625 82.53 54.75 116.78 95.21
tvmonitor 0.514572 24.85 51.08 120.99 132.88
sofa 0.514530 88.99 25.50 170.52 113.74
tvmonitor 0.514427 141.45 13.13 152.84 41.33
cat 0.514421 88.41 53.88 124.58 98.06
dog 0.514283 9.99 166.55 44.98 199.42
sheep 0.514197 1.15 168.93 31.66 201.59
boat 0.514079 126.88 122.19 177.42 199.88
aeroplane 0.514023 124.71 13.68 139.44 41.30
boat 0.513989 156.41 139.73 189.39 212.49
bottle 0.513974 94.30 140.99 129.75 202.39
aeroplane 0.513846 116.38 15.34 130.66 38.37
tvmonitor 0.513840 154.74 14.01 177.16 48.97
sheep 0.513826 2.92 158.39 36.77 190.88
tvmonitor 0.513815 38.40 28.38 75.02 52.99
aeroplane 0.513737 42.15 0.00 150.13 81.13
dog 0.513728 91.61 192.44 124.74 224.00
tvmonitor 0.513704 77.40 55.27 105.34 91.56
tvmonitor 0.513379 207.79 156.57 224.00 213.70
dog 0.513369 103.56 192.67 136.01 224.00
boat 0.513250 160.51 162.56 194.84 219.06
sofa 0.513226 91.51 0.00 167.23 81.99
sofa 0.513184 14.33 16.55 52.21 36.77
tvmonitor 0.513056 99.22 54.38 134.16 96.93
tvmonitor 0.512913 147.74 14.31 162.12 43.59
boat 0.512908 86.17 0.00 112.52 26.55
boat 0.512756 152.87 0.00 175.22 36.08
sheep 0.512485 119.94 208.64 162.27 224.00
sheep 0.512302 87.41 206.15 123.34 224.00
aeroplane 0.512273 68.60 0.00 97.78 16.98
dog 0.512137 174.01 0.00 202.52 24.97
boat 0.512051 179.41 0.00 206.27 25.87
dog 0.511655 96.72 157.22 131.04 206.89
dog 0.511654 100.12 174.06 133.62 211.26
boat 0.511556 140.31 0.00 152.98 28.57
aeroplane 0.511513 120.72 0.00 137.33 26.54
boat 0.511474 131.05 0.00 145.33 28.00
aeroplane 0.511441 108.16 0.00 122.33 24.33
dog 0.511365 162.75 0.00 197.59 23.70
aeroplane 0.511357 189.88 0.66 211.64 43.72
boat 0.511297 147.18 0.00 162.25 31.35
sofa 0.511287 10.80 0.00 45.32 25.93
tvmonitor 0.511251 200.92 169.45 224.00 221.04
aeroplane 0.511198 114.97 0.00 130.02 24.89
dog 0.511168 153.86 0.00 188.94 22.58
sheep 0.511018 96.13 208.43 127.92 224.00
tvmonitor 0.510998 156.05 201.83 194.83 224.00
sheep 0.510951 105.04 210.09 137.25 224.00
aeroplane 0.510944 99.33 0.00 118.52 24.85
aeroplane 0.510533 206.74 15.49 224.00 58.56
tvmonitor 0.510510 148.75 0.00 179.19 21.67
aeroplane 0.510420 184.67 0.00 212.42 27.10
aeroplane 0.510381 200.45 0.00 223.92 30.56
aeroplane 0.510355 100.48 0.00 128.53 15.55
boat 0.510309 197.78 189.79 223.79 224.00
tvmonitor 0.510060 134.63 0.00 160.53 19.69
sofa 0.509982 123.91 0.00 151.70 19.30
aeroplane 0.509975 206.42 0.60 224.00 43.65
aeroplane 0.509962 106.83 0.00 136.31 15.93
sofa 0.509844 112.28 0.00 143.24 17.51
aeroplane 0.509578 81.45 0.00 117.02 15.34
tvmonitor 0.509389 143.05 0.00 169.46 20.09
bottle 0.509381 139.74 204.45 181.37 224.00
sheep 0.509070 132.06 207.56 171.24 224.00
