horse 0.604269 56.21 27.43 132.12 204.22
person 0.580445 49.99 20.42 118.07 183.13
person 0.578257 70.23 33.13 122.82 167.66
person 0.569842 103.08 17.00 130.96 116.33
cow 0.566617 65.18 137.71 90.91 190.06
horse 0.564830 54.10 65.25 159.90 195.94
person 0.562107 85.26 26.80 130.07 148.17
person 0.557867 92.62 15.47 119.76 116.10
horse 0.556260 62.12 86.99 112.65 188.99
horse 0.553643 0.00 68.82 24.57 188.85
horse 0.552533 0.00 115.65 13.81 176.98
cow 0.551187 0.00 139.98 12.24 199.09
person 0.551129 194.43 53.07 210.78 98.95
person 0.550961 65.49 89.39 114.25 186.63
person 0.550673 76.77 14.16 99.03 103.98
person 0.550568 84.13 16.70 109.72 115.05
person 0.550529 100.76 18.29 123.10 100.71
horse 0.550121 64.29 135.50 92.87 195.13
person 0.548625 108.20 29.87 137.92 127.50
horse 0.548452 75.46 124.21 127.30 193.65
cow 0.547661 82.55 127.39 129.25 191.61
dog 0.547602 0.00 56.69 13.40 105.02
horse 0.547377 63.22 118.17 99.70 198.13
person 0.546560 94.41 39.24 123.50 134.41
horse 0.545336 0.00 67.17 41.05 184.30
horse 0.544137 31.00 52.69 98.24 192.01
horse 0.543789 60.96 74.96 98.00 173.28
horse 0.543361 103.99 140.81 162.55 211.39
horse 0.542384 63.79 100.25 180.49 209.12
horse 0.542049 0.00 104.33 28.13 206.79
horse 0.541881 0.00 57.17 13.90 105.66
horse 0.541744 196.17 26.92 224.00 138.55
motorbike 0.541095 191.71 52.64 204.35 108.20
motorbike 0.541093 200.05 28.01 224.00 140.04
person 0.539707 59.52 82.81 87.36 162.45
motorbike 0.539647 193.80 58.53 208.82 111.28
person 0.539034 80.33 82.89 115.89 169.66
person 0.538661 192.61 52.74 205.68 107.77
motorbike 0.538265 211.85 90.48 224.00 133.37
person 0.537980 115.42 45.95 142.38 130.20
horse 0.537846 72.13 53.79 136.33 189.00
person 0.537773 71.98 15.81 93.50 101.23
person 0.537408 213.14 95.94 224.00 138.32
dog 0.537087 0.00 148.31 12.72 206.99
cow 0.537052 63.29 128.35 114.69 190.35
person 0.537028 205.08 52.27 224.00 99.94
motorbike 0.536979 206.36 64.59 224.00 118.30
horse 0.536808 132.87 144.96 171.23 210.32
horse 0.536679 122.58 60.22 146.09 131.42
person 0.536415 79.21 20.38 105.46 89.27
person 0.536177 88.58 54.67 115.35 142.01
person 0.535996 62.86 82.06 102.34 170.89
horse 0.535718 54.35 81.49 82.29 164.18
person 0.535448 201.95 36.76 224.00 147.99
horse 0.535250 129.26 74.74 146.37 128.75
horse 0.534986 0.00 131.18 15.99 188.88
sheep 0.534510 45.99 155.80 63.04 187.27
horse 0.534269 136.94 77.84 152.74 127.63
horse 0.534110 161.96 23.50 209.77 136.62
person 0.534064 88.09 20.67 115.41 92.01
person 0.533877 79.21 55.60 108.15 141.77
person 0.533759 113.00 59.82 136.03 133.42
person 0.533685 81.58 6.11 128.70 102.02
motorbike 0.533662 186.61 53.17 201.73 110.50
bird 0.533420 0.00 196.99 17.19 224.00
person 0.533416 72.87 39.54 98.60 128.88
person 0.533299 0.00 45.75 14.18 98.50
person 0.532793 121.16 68.16 140.06 131.26
person 0.532710 96.22 67.59 118.59 146.24
person 0.532669 68.98 28.35 89.28 116.14
person 0.532577 104.02 58.49 128.09 137.22
horse 0.532341 112.07 38.42 146.26 127.53
bird 0.532239 34.30 207.26 65.22 224.00
sheep 0.532198 0.00 141.63 15.60 201.01
horse 0.532150 3.59 110.48 28.69 178.20
cow 0.531999 0.00 166.46 34.77 224.00
cow 0.531718 104.77 138.86 159.28 208.26
horse 0.531689 0.00 102.94 19.52 173.46
horse 0.531633 0.09 40.95 83.10 201.20
sheep 0.531608 56.13 147.69 79.46 187.18
person 0.531471 59.99 21.12 113.71 129.11
horse 0.531466 94.90 133.08 190.64 222.07
horse 0.531456 120.97 74.05 139.41 130.96
cow 0.531276 207.34 207.50 224.00 224.00
horse 0.531223 133.11 104.72 224.00 224.00
horse 0.531081 57.65 97.00 137.37 202.79
person 0.531075 81.85 0.00 132.86 65.47
motorbike 0.531051 172.84 53.95 193.42 113.01
cow 0.530931 51.41 155.92 147.62 224.00
bird 0.530886 27.30 206.84 57.27 224.00
horse 0.530867 165.20 167.58 224.00 224.00
horse 0.530759 160.23 66.07 182.60 117.22
horse 0.530434 136.84 26.10 187.10 141.76
horse 0.530237 25.32 73.00 76.89 194.22
bird 0.530231 0.00 201.63 27.30 224.00
horse 0.530143 0.00 86.61 13.18 158.23
horse 0.530099 7.02 103.46 36.31 174.35
horse 0.530091 0.00 17.49 24.70 140.31
cow 0.529861 141.16 146.68 174.70 208.18
cow 0.529792 1.07 173.16 51.77 224.00
bird 0.529789 17.82 207.09 49.20 224.00
horse 0.529739 0.00 0.00 25.27 100.98
motorbike 0.529738 198.35 61.32 214.14 114.25
motorbike 0.529529 198.13 92.83 210.82 125.12
horse 0.529515 161.02 41.62 184.69 105.50
person 0.529372 103.82 73.84 122.81 143.24
dog 0.529253 40.94 208.54 73.26 224.00
horse 0.529151 27.65 85.75 131.24 224.00
horse 0.529123 77.76 102.23 119.27 182.86
person 0.529097 93.86 19.43 121.25 83.78
person 0.529066 92.69 0.00 152.57 63.52
person 0.529052 186.32 50.24 203.10 105.95
horse 0.528984 138.41 62.89 224.00 205.62
person 0.528894 66.13 0.00 117.62 65.60
person 0.528876 0.00 0.00 42.54 64.44
person 0.528814 0.00 26.24 10.17 78.95
sheep 0.528790 0.00 159.53 12.34 211.62
person 0.528667 180.08 0.00 224.00 49.47
horse 0.528662 0.00 91.72 91.27 224.00
horse 0.528651 172.18 46.07 194.38 107.20
horse 0.528562 0.00 0.00 101.61 173.02
dog 0.528546 49.43 210.43 82.73 224.00
dog 0.528501 51.92 90.33 79.52 149.31
person 0.528426 218.68 130.85 224.00 171.47
horse 0.528292 151.72 39.27 174.56 105.93
dog 0.528282 41.62 93.75 64.02 171.99
dog 0.528187 43.94 89.60 69.95 159.72
horse 0.528097 200.86 86.06 224.00 198.18
horse 0.527844 113.25 30.32 162.55 147.74
person 0.527819 147.02 0.00 224.00 160.52
person 0.527786 0.00 0.00 19.83 22.72
horse 0.527715 146.53 82.40 161.18 125.08
motorbike 0.527708 197.36 80.27 209.24 120.62
dog 0.527544 2.00 58.31 28.28 98.38
person 0.527446 217.26 121.23 224.00 162.83
person 0.527428 66.88 74.82 96.66 147.00
horse 0.527303 91.08 82.92 119.75 160.07
horse 0.527256 176.32 25.72 221.36 140.40
cow 0.527227 195.87 211.37 224.00 224.00
dog 0.527181 40.80 157.89 57.60 186.78
horse 0.527177 0.00 72.26 12.44 140.61
bird 0.527168 5.59 205.37 35.88 224.00
horse 0.527148 122.72 43.08 152.05 125.99
horse 0.527085 149.70 72.46 171.29 121.56
person 0.527013 63.96 21.30 89.51 82.36
cow 0.527008 187.67 212.23 218.74 224.00
cow 0.526934 119.91 211.41 154.38 224.00
sheep 0.526844 0.00 48.42 20.08 97.48
horse 0.526798 80.64 91.55 211.90 224.00
person 0.526786 190.03 45.65 210.33 91.81
horse 0.526768 2.77 113.71 41.47 207.84
person 0.526758 65.33 44.10 85.56 124.32
cow 0.526745 0.00 0.00 34.32 85.69
horse 0.526598 140.79 72.97 160.67 127.49
cow 0.526556 103.90 212.10 142.21 224.00
motorbike 0.526552 204.64 96.32 218.45 133.01
horse 0.526485 2.12 88.92 30.92 165.50
cow 0.526422 219.08 138.03 224.00 179.06
horse 0.526394 182.23 125.49 224.00 224.00
horse 0.526326 147.61 31.87 167.07 73.87
dog 0.526320 57.96 210.76 90.80 224.00
person 0.526299 214.96 109.67 224.00 153.05
horse 0.526235 100.51 33.88 156.96 169.86
horse 0.526209 142.01 37.75 164.68 110.58
person 0.526187 52.25 25.30 77.46 76.13
dog 0.526087 64.07 34.15 81.90 111.46
aeroplane 0.526019 208.20 0.00 224.00 17.88
horse 0.525984 115.85 152.77 213.47 224.00
motorbike 0.525954 192.40 66.27 203.50 115.80
horse 0.525924 55.21 106.19 82.34 186.57
horse 0.525804 87.56 139.91 138.89 196.30
motorbike 0.525730 192.62 102.26 205.70 131.00
person 0.525693 113.63 30.88 146.95 109.74
horse 0.525624 56.75 130.19 152.62 224.00
person 0.525345 47.58 0.00 105.38 64.71
horse 0.525311 154.81 84.13 172.05 123.16
cow 0.525117 14.48 176.45 69.93 224.00
cow 0.525041 128.10 211.64 163.23 224.00
cow 0.525023 165.72 152.10 190.59 201.50
person 0.524973 54.38 82.75 80.80 143.27
cow 0.524933 179.28 153.01 196.81 198.40
horse 0.524734 0.00 0.00 51.23 105.15
horse 0.524593 108.38 77.53 130.04 141.05
dog 0.524484 26.95 99.52 51.29 171.52
sheep 0.524482 0.00 13.06 8.71 56.17
sheep 0.524460 0.00 174.90 11.89 220.79
horse 0.524414 165.15 93.86 183.96 127.37
motorbike 0.524372 202.87 82.03 216.34 124.73
dog 0.524370 7.06 92.44 36.57 164.50
dog 0.524275 64.67 212.05 99.06 224.00
dog 0.524154 61.05 49.09 79.65 120.17
horse 0.524069 87.84 66.23 201.55 197.65
motorbike 0.524065 193.69 94.83 206.00 124.49
cow 0.524016 94.26 142.18 129.70 197.06
cow 0.523902 171.61 211.47 205.12 224.00
horse 0.523809 0.00 72.20 21.79 145.16
cow 0.523782 30.01 170.35 105.25 224.00
horse 0.523775 152.60 35.28 172.52 84.52
horse 0.523712 132.99 32.65 157.52 102.73
motorbike 0.523699 190.33 128.53 203.76 160.27
person 0.523692 209.27 36.21 224.00 79.59
cow 0.523685 178.86 169.76 196.53 209.71
person 0.523668 66.03 25.08 84.46 102.90
horse 0.523600 88.78 42.85 164.95 198.87
horse 0.523574 0.00 24.13 49.54 152.46
motorbike 0.523573 147.47 28.19 166.46 64.82
person 0.523523 192.11 40.10 212.16 82.10
cow 0.523514 189.22 137.58 202.35 171.19
horse 0.523467 175.52 103.63 190.91 133.43
motorbike 0.523446 185.44 103.54 199.84 132.15
horse 0.523415 0.00 61.53 20.16 120.89
horse 0.523094 165.17 101.78 181.59 133.72
horse 0.523091 139.00 31.04 162.72 76.79
sheep 0.523013 0.00 1.60 10.30 45.42
person 0.522844 115.11 30.32 164.31 145.14
horse 0.522831 105.68 96.16 188.41 203.23
dog 0.522808 3.21 75.44 30.54 148.00
person 0.522732 196.09 48.91 216.01 91.46
person 0.522667 53.79 4.49 112.00 99.79
cow 0.522625 161.76 211.10 197.78 224.00
cow 0.522593 149.81 152.78 181.34 206.35
dog 0.522568 13.52 98.22 43.59 160.18
dog 0.522567 72.21 212.85 111.65 224.00
dog 0.522547 32.55 97.88 60.95 154.76
person 0.522512 73.57 16.84 97.68 68.06
dog 0.522412 42.51 128.52 63.66 182.48
horse 0.522405 174.97 69.53 193.84 117.90
person 0.522403 111.40 26.44 139.76 90.13
horse 0.522357 160.09 37.25 182.22 87.60
dog 0.522316 42.34 32.18 61.03 73.39
motorbike 0.522315 198.14 105.47 211.53 137.18
cow 0.522257 220.00 153.58 224.00 194.02
person 0.522251 183.15 43.71 205.23 92.11
person 0.522247 94.18 22.67 140.37 131.03
cow 0.522189 182.48 141.87 198.14 182.23
horse 0.522176 176.19 95.21 193.64 126.60
cow 0.522128 79.83 212.97 121.90 224.00
horse 0.522111 122.46 144.14 162.86 205.55
horse 0.522055 140.60 88.33 154.38 133.77
horse 0.522042 117.45 0.00 198.43 43.75
motorbike 0.521875 193.90 80.53 204.74 120.07
cow 0.521859 183.81 135.85 197.88 171.05
dog 0.521840 31.12 126.77 54.62 179.40
horse 0.521771 67.73 0.00 149.28 164.85
person 0.521747 60.67 64.53 83.33 136.19
dog 0.521737 16.91 123.44 43.88 177.68
sheep 0.521699 42.00 184.33 59.29 212.39
horse 0.521671 122.25 112.26 148.20 164.89
horse 0.521627 121.56 29.97 152.14 83.47
dog 0.521624 29.86 156.84 49.77 186.37
horse 0.521569 113.05 66.62 185.33 184.36
horse 0.521557 124.11 35.95 182.96 158.34
horse 0.521475 23.63 8.83 87.24 109.86
cow 0.521437 186.35 143.98 201.21 181.99
sheep 0.521416 0.00 0.00 28.82 18.84
cow 0.521392 178.52 183.09 198.29 222.96
dog 0.521368 56.69 68.37 79.36 133.14
dog 0.521320 54.69 28.15 74.63 84.86
horse 0.521225 0.00 0.00 61.89 64.40
motorbike 0.521222 186.96 95.82 201.93 125.38
horse 0.521182 138.12 118.33 155.92 159.23
cow 0.521135 166.71 178.30 191.78 220.94
dog 0.521094 2.65 65.02 27.43 122.40
horse 0.521059 169.10 35.84 194.78 80.92
cow 0.521035 143.09 211.69 182.46 224.00
sheep 0.521030 30.20 15.04 45.83 37.61
sheep 0.520827 30.13 34.84 51.61 74.36
horse 0.520743 114.96 84.99 138.87 141.42
horse 0.520740 4.38 131.12 24.97 185.19
person 0.520727 102.41 21.37 129.20 82.96
horse 0.520711 105.16 122.10 140.10 180.95
cow 0.520674 182.91 150.02 200.09 192.00
cow 0.520645 149.08 133.41 163.48 161.92
cow 0.520577 184.71 128.68 198.91 161.03
cow 0.520559 3.95 144.93 45.63 224.00
sheep 0.520557 36.29 14.81 52.24 39.28
horse 0.520524 156.73 0.00 224.00 42.15
dog 0.520515 36.00 145.11 57.66 183.68
cow 0.520492 124.36 126.16 149.02 175.55
car 0.520467 138.30 0.00 169.81 12.11
person 0.520443 214.02 26.37 224.00 66.06
cow 0.520385 169.31 143.17 191.12 186.82
horse 0.520365 18.72 111.84 62.49 206.70
horse 0.520332 54.35 143.98 83.38 190.76
sheep 0.520295 35.90 8.22 52.70 27.06
person 0.520295 13.20 0.00 80.95 62.10
horse 0.520237 149.39 0.22 207.30 126.60
cow 0.520237 172.64 0.00 203.24 15.79
person 0.520166 205.18 102.09 217.89 138.31
dog 0.520159 30.16 40.24 51.91 78.87
dog 0.520158 55.14 41.98 73.51 105.37
motorbike 0.520138 138.47 27.42 162.91 67.78
horse 0.520106 155.84 97.56 170.19 133.68
sheep 0.520097 0.00 29.21 15.56 79.45
sheep 0.520082 38.56 185.66 52.89 211.34
sheep 0.520069 22.58 16.69 38.86 38.20
horse 0.520055 163.71 0.00 195.52 15.19
cow 0.519982 155.97 133.95 170.53 160.24
sheep 0.519980 41.25 21.55 63.20 61.34
horse 0.519971 148.05 92.76 160.79 133.57
sheep 0.519953 43.39 170.09 61.13 201.59
sheep 0.519903 0.00 0.00 14.00 32.55
cow 0.519894 93.96 0.00 124.05 14.71
horse 0.519867 149.08 121.11 162.86 154.39
motorbike 0.519834 185.64 110.05 198.96 138.74
cow 0.519787 69.15 0.00 99.62 13.64
horse 0.519772 10.89 134.98 36.26 183.18
horse 0.519689 176.65 0.00 224.00 91.82
cow 0.519675 138.43 131.15 156.37 167.64
horse 0.519611 175.91 111.23 190.47 140.45
horse 0.519571 120.13 137.51 152.22 193.99
cow 0.519558 86.45 0.00 116.37 15.57
sheep 0.519542 66.62 180.35 86.91 217.67
cow 0.519526 172.68 137.80 191.24 172.31
cow 0.519514 176.51 6.16 195.92 42.39
cow 0.519486 52.21 16.43 75.99 53.87
horse 0.519480 91.49 0.00 182.30 165.08
horse 0.519455 101.65 83.88 128.76 150.13
sheep 0.519410 31.13 159.90 49.18 190.17
sheep 0.519388 28.70 9.16 46.62 27.43
person 0.519300 186.12 30.83 207.19 70.72
cow 0.519297 157.00 174.73 184.28 221.17
car 0.519240 100.89 0.00 131.85 13.38
sheep 0.519217 38.31 198.81 60.55 224.00
cow 0.519194 174.95 131.69 191.90 161.09
cow 0.519193 196.12 126.91 209.46 159.35
sheep 0.519185 29.48 0.00 60.83 14.82
horse 0.519182 151.57 0.00 185.56 13.39
sheep 0.519175 34.59 20.08 52.84 54.97
horse 0.519134 124.69 95.70 147.25 151.29
sheep 0.519107 21.14 20.92 39.18 53.34
sheep 0.519094 7.98 144.43 23.86 198.69
horse 0.519093 165.62 110.31 180.82 141.63
cow 0.519087 7.11 143.20 23.75 194.36
horse 0.519075 139.99 99.92 154.96 147.22
sheep 0.519038 37.27 0.00 69.03 13.91
person 0.519022 63.64 16.10 86.49 60.91
sheep 0.518947 2.80 161.05 17.79 206.53
sheep 0.518943 5.51 0.00 37.74 16.69
cow 0.518904 163.63 134.27 181.31 160.66
sheep 0.518896 45.66 0.00 78.03 13.04
motorbike 0.518891 191.92 117.42 204.77 146.92
cow 0.518885 98.13 151.63 146.98 210.93
cow 0.518870 145.70 140.03 164.16 179.31
sheep 0.518858 16.20 150.85 37.12 190.34
sheep 0.518857 29.16 19.83 46.27 53.08
car 0.518786 107.74 0.00 139.25 12.36
dog 0.518760 22.44 140.76 47.79 181.57
car 0.518681 115.32 0.00 147.90 11.90
cow 0.518635 153.06 145.53 181.05 192.73
cow 0.518606 165.04 123.05 181.29 151.50
sheep 0.518587 2.55 40.00 27.72 88.39
motorbike 0.518577 121.01 26.45 153.04 73.61
cow 0.518534 77.03 0.00 107.70 14.65
sheep 0.518507 42.15 16.03 62.03 46.06
cow 0.518498 53.67 0.00 86.13 12.96
cow 0.518495 156.26 121.92 170.12 152.05
motorbike 0.518477 148.17 21.14 165.45 55.54
cow 0.518428 168.27 2.41 190.06 44.71
horse 0.518377 157.72 30.23 181.11 67.88
person 0.518376 197.76 41.48 217.54 82.42
sheep 0.518298 28.82 188.21 43.66 212.45
motorbike 0.518292 14.73 0.00 84.38 91.47
sheep 0.518242 40.59 172.91 55.57 201.35
person 0.518233 85.26 16.05 112.86 71.40
sheep 0.518227 13.54 0.00 45.45 14.79
cow 0.518220 198.20 0.00 224.00 15.23
cow 0.518193 220.00 174.94 224.00 213.32
horse 0.518183 141.36 97.91 207.28 195.87
dog 0.518179 6.04 63.63 33.00 103.94
horse 0.518155 176.28 121.92 192.18 150.62
sheep 0.518131 17.22 28.97 37.51 73.68
motorbike 0.518126 187.66 81.53 202.27 120.57
motorbike 0.518125 145.47 0.37 165.31 36.87
cow 0.518121 152.15 140.79 170.54 175.93
sheep 0.518078 0.00 17.58 15.85 52.18
cow 0.518053 182.39 173.14 200.04 208.18
horse 0.518030 107.01 94.42 138.05 157.43
cow 0.518018 219.94 189.52 224.00 224.00
cow 0.518008 180.85 0.00 210.13 14.75
sheep 0.517999 11.01 18.24 27.84 43.35
cow 0.517998 98.57 156.46 130.49 204.68
horse 0.517990 151.88 67.47 208.62 171.79
sheep 0.517972 42.18 7.15 60.34 29.36
horse 0.517963 126.37 0.00 224.00 170.18
motorbike 0.517950 185.75 119.24 199.61 149.32
sheep 0.517940 20.98 9.43 39.51 28.75
horse 0.517898 153.05 134.12 224.00 224.00
dog 0.517884 33.45 52.49 57.24 93.84
cow 0.517865 102.14 179.40 140.18 224.00
cow 0.517850 189.24 0.00 217.49 14.35
cow 0.517811 159.66 140.63 180.87 174.31
cow 0.517770 219.74 17.10 224.00 52.25
sheep 0.517675 25.56 27.96 44.88 71.54
cow 0.517670 193.96 136.90 207.54 169.84
dog 0.517669 45.39 39.58 62.77 85.17
sheep 0.517635 0.00 6.60 18.78 41.66
person 0.517635 35.89 0.00 101.99 96.51
dog 0.517600 34.12 63.75 59.72 105.77
horse 0.517556 149.18 104.19 161.40 144.71
sheep 0.517546 4.27 178.98 19.59 214.27
cow 0.517538 133.51 139.47 158.41 186.42
cow 0.517476 149.07 172.32 175.83 224.00
sheep 0.517417 19.52 186.56 34.83 213.82
motorbike 0.517342 197.47 114.64 210.68 147.05
sheep 0.517313 72.11 183.17 91.65 216.70
sheep 0.517295 6.23 29.73 27.48 75.93
bird 0.517155 32.47 199.27 53.27 224.00
sheep 0.517112 52.40 150.37 74.11 192.18
person 0.517099 96.11 9.03 117.14 45.57
cow 0.517053 182.99 187.58 204.03 224.00
motorbike 0.516940 152.43 21.76 170.30 55.62
sheep 0.516872 8.70 22.31 27.11 56.87
dog 0.516837 46.25 48.52 65.42 98.13
cow 0.516827 182.70 8.48 201.19 39.89
sheep 0.516815 30.42 175.20 46.37 202.85
sheep 0.516804 54.66 179.37 76.66 215.84
bird 0.516759 2.74 193.71 22.55 224.00
cow 0.516720 215.60 0.00 224.00 26.40
dog 0.516690 45.02 91.31 75.78 137.90
horse 0.516648 156.77 107.28 169.75 143.08
sheep 0.516605 220.00 4.07 224.00 40.42
sheep 0.516559 46.30 181.88 65.87 214.37
sheep 0.516478 19.19 171.55 34.90 205.12
sheep 0.516474 10.37 8.27 29.47 33.09
motorbike 0.516473 190.59 62.25 224.00 166.24
dog 0.516443 46.58 63.30 66.93 111.85
bird 0.516348 15.22 200.52 37.49 224.00
sheep 0.516336 9.91 40.61 34.40 85.77
diningtable 0.516290 100.09 8.08 122.41 42.58
sheep 0.516151 48.83 164.31 68.85 202.27
sheep 0.516139 18.43 159.15 36.00 200.10
person 0.516059 91.34 0.00 158.37 97.69
bird 0.516032 22.66 200.69 44.40 224.00
horse 0.515986 182.52 92.29 224.00 192.16
sheep 0.515834 43.05 198.43 67.77 224.00
sheep 0.515803 18.81 38.76 41.35 80.78
dog 0.515688 35.13 89.60 67.95 135.30
cow 0.515687 15.95 146.96 62.33 224.00
horse 0.515545 178.09 23.52 199.18 55.51
dog 0.515536 34.97 77.74 63.96 121.02
sheep 0.515526 64.87 155.00 86.49 202.46
cow 0.515408 139.26 171.39 168.30 224.00
person 0.515345 76.19 7.58 95.96 42.61
motorbike 0.515320 153.99 0.00 179.67 42.67
dog 0.515236 46.26 79.75 70.21 126.44
horse 0.515212 115.61 0.00 195.82 82.81
sheep 0.515125 51.64 5.58 72.91 32.28
cow 0.515117 102.43 204.58 141.51 224.00
sheep 0.515115 0.00 0.00 24.23 28.81
motorbike 0.515095 137.31 19.09 161.55 57.48
person 0.515060 89.91 9.51 111.43 46.88
motorbike 0.514967 158.05 21.99 180.64 57.22
sheep 0.514955 11.76 182.41 26.80 213.30
cow 0.514927 37.17 139.68 114.44 224.00
cow 0.514916 199.83 32.21 218.14 68.88
cow 0.514909 190.08 144.29 206.08 180.07
sheep 0.514860 95.21 183.75 128.11 222.95
cow 0.514826 164.07 0.00 192.62 24.05
horse 0.514802 168.84 22.18 192.01 57.40
diningtable 0.514785 105.58 6.65 130.65 40.14
motorbike 0.514783 206.06 111.02 216.68 147.85
cow 0.514735 185.21 24.72 203.15 54.15
dog 0.514704 62.66 201.71 88.16 224.00
sheep 0.514673 51.11 199.39 78.41 224.00
motorbike 0.514660 205.29 123.25 216.30 159.03
cow 0.514626 203.91 133.48 215.45 168.31
sheep 0.514611 57.11 158.16 79.05 201.97
dog 0.514571 11.53 79.71 46.52 129.86
bird 0.514532 9.13 198.01 30.39 224.00
diningtable 0.514478 111.14 17.49 140.04 64.51
sheep 0.514217 10.69 164.87 24.79 205.92
person 0.514046 82.98 8.61 104.26 44.98
cow 0.514011 187.54 152.05 205.44 188.91
motorbike 0.513968 135.14 0.37 159.92 35.51
cow 0.513910 193.05 8.68 209.54 37.54
cow 0.513839 164.77 200.29 194.38 224.00
motorbike 0.513816 120.00 17.84 152.23 60.46
sheep 0.513743 88.84 183.02 118.31 220.94
aeroplane 0.513668 112.94 3.97 141.19 37.57
cow 0.513665 189.05 190.80 211.91 224.00
sheep 0.513636 23.64 0.00 50.09 17.73
cow 0.513598 175.76 203.30 202.41 224.00
dog 0.513576 68.66 204.21 94.46 224.00
cow 0.513522 71.34 6.63 90.81 40.59
motorbike 0.513483 139.29 0.00 168.07 15.99
horse 0.513460 153.93 0.00 219.33 88.16
sheep 0.513413 79.44 183.54 100.24 217.75
dog 0.513267 11.13 58.21 38.87 94.78
cow 0.513021 187.97 176.25 207.53 206.72
cow 0.513002 192.72 25.35 208.58 53.58
cow 0.512954 202.33 141.36 215.31 176.94
cow 0.512845 180.43 0.00 204.50 21.00
cow 0.512824 63.55 5.07 84.56 36.26
dog 0.512732 88.91 207.58 128.86 224.00
cow 0.512666 105.96 0.00 135.29 16.26
dog 0.512369 9.06 69.78 43.51 113.68
cow 0.512276 122.21 170.86 160.28 224.00
motorbike 0.512245 119.35 1.43 150.93 35.18
cow 0.512202 154.64 199.19 186.43 224.00
cow 0.512138 182.14 206.60 209.78 224.00
dog 0.511878 75.22 205.47 106.54 224.00
cow 0.511855 188.20 167.29 206.23 199.91
horse 0.511706 148.27 0.00 181.40 21.16
sheep 0.511562 87.09 155.21 119.46 201.89
aeroplane 0.511457 112.97 0.00 144.86 15.44
cow 0.511182 202.55 158.20 217.54 190.81
cow 0.511069 205.16 23.19 217.92 52.26
motorbike 0.511066 130.85 0.00 161.76 14.52
cow 0.510976 203.29 191.96 222.31 224.00
cow 0.510618 65.99 0.00 90.76 17.21
cow 0.510460 203.51 0.00 221.35 21.96
cow 0.510282 208.49 7.94 220.79 38.16
cow 0.510279 144.43 200.33 177.51 224.00
cow 0.510152 112.35 202.20 152.42 224.00
sheep 0.509986 74.57 156.50 97.20 200.94
cow 0.509817 203.09 177.22 220.01 207.73
cow 0.509797 203.24 167.10 218.77 197.94
cow 0.509350 135.12 201.95 169.14 224.00
cow 0.509304 123.79 202.49 161.03 224.00
