bird 0.678120 33.55 12.80 224.00 217.69
aeroplane 0.542907 121.98 0.00 160.05 17.11
bird 0.542112 133.45 0.00 173.80 17.43
bird 0.541980 116.30 0.00 153.03 18.09
bird 0.539004 0.00 101.90 28.21 146.15
aeroplane 0.536797 193.17 0.00 224.00 47.91
bird 0.536489 0.00 63.06 45.61 188.63
bird 0.536008 23.58 63.81 184.12 214.09
bird 0.535507 0.00 208.49 34.86 224.00
bird 0.535412 73.30 54.02 213.45 224.00
bird 0.535398 0.00 203.96 22.90 224.00
bird 0.534938 99.01 138.33 150.96 196.40
bird 0.534543 201.63 64.17 224.00 181.59
bird 0.534441 20.81 212.26 66.02 224.00
bird 0.534248 0.00 60.69 92.12 200.84
bird 0.534185 0.00 187.93 35.99 224.00
bird 0.533791 0.00 190.32 66.13 224.00
car 0.533770 210.91 0.00 224.00 22.01
bird 0.533724 151.11 0.00 188.02 18.24
bird 0.532522 45.35 0.00 202.90 157.48
bird 0.531748 3.47 211.65 47.40 224.00
bird 0.531376 25.59 144.82 55.36 188.88
person 0.531362 201.16 100.32 224.00 221.75
bird 0.531258 163.83 0.00 196.36 18.64
bird 0.530676 203.09 34.64 224.00 151.03
boat 0.530528 43.45 0.00 206.40 122.84
bird 0.530514 77.71 212.91 130.12 224.00
aeroplane 0.530509 205.40 19.75 224.00 132.50
bird 0.530400 34.60 212.07 79.54 224.00
bird 0.530300 113.22 81.04 138.95 134.50
boat 0.530261 96.44 0.00 195.10 44.92
bird 0.530248 0.00 190.80 15.97 223.39
bird 0.530099 35.76 150.57 158.11 224.00
person 0.529755 187.34 179.12 224.00 224.00
bird 0.529188 148.85 71.45 166.92 94.78
bird 0.529111 71.11 137.67 98.87 204.13
bird 0.529048 18.63 146.78 47.51 185.23
boat 0.528944 63.38 0.00 181.48 66.87
bird 0.528881 0.00 0.00 39.60 48.04
person 0.528780 208.84 205.44 224.00 224.00
bird 0.528627 91.66 210.73 142.28 224.00
bird 0.528517 0.00 0.00 27.23 103.03
bird 0.528260 0.00 0.00 19.83 20.91
bird 0.528201 69.12 0.00 210.64 103.71
bird 0.527913 8.13 185.69 91.25 224.00
bird 0.527885 116.95 65.97 135.72 99.60
bird 0.527868 148.59 64.27 167.43 90.01
train 0.527836 220.00 39.32 224.00 81.78
boat 0.527636 126.68 0.00 213.08 42.23
bird 0.527630 0.00 108.75 23.16 160.28
bird 0.527615 8.42 156.50 30.60 183.92
bird 0.527482 52.16 213.31 95.71 224.00
bird 0.527450 0.00 180.05 15.54 215.35
bird 0.527340 201.87 0.00 224.00 67.55
bird 0.527330 119.06 2.09 143.72 43.73
bird 0.527272 0.00 87.36 19.90 128.39
bird 0.527266 155.85 211.11 187.06 224.00
bird 0.527247 152.08 72.25 172.78 94.13
bird 0.527082 147.79 211.79 178.94 224.00
bird 0.527020 0.00 122.80 19.15 169.21
bird 0.526796 174.72 0.00 204.51 18.21
aeroplane 0.526791 220.00 45.96 224.00 89.43
bird 0.526678 20.59 172.28 123.02 224.00
bird 0.526625 0.00 0.00 14.18 44.20
bird 0.526483 0.00 194.11 24.27 221.94
bird 0.526348 117.03 60.52 141.36 93.06
bird 0.526289 79.75 136.40 111.34 199.14
bird 0.526150 0.00 137.81 18.60 177.60
bird 0.526116 0.00 155.71 18.15 188.42
bird 0.526090 0.00 79.48 17.68 119.61
bird 0.526055 89.86 134.86 131.94 196.71
aeroplane 0.525885 208.10 0.00 224.00 92.33
bird 0.525808 147.43 94.92 170.56 126.52
bird 0.525794 56.75 143.79 88.09 196.19
bird 0.525781 147.58 84.22 170.71 116.45
boat 0.525709 155.21 0.00 224.00 41.24
car 0.525636 220.00 32.90 224.00 75.20
bird 0.525563 117.67 89.52 142.08 138.42
bird 0.525481 0.00 95.88 31.11 208.20
bird 0.525436 62.50 212.49 107.73 224.00
bird 0.525424 0.00 71.04 15.48 111.94
bird 0.525422 24.06 130.50 58.04 181.10
bird 0.525373 0.00 150.04 28.36 182.14
cow 0.525307 162.98 210.56 197.09 224.00
bird 0.525127 0.00 61.82 13.56 102.99
aeroplane 0.525124 82.10 0.00 115.77 14.79
bird 0.525040 119.92 212.25 163.55 224.00
bird 0.525031 155.83 42.60 171.44 65.75
bird 0.524964 116.13 72.13 142.14 121.24
bird 0.524941 151.15 41.54 166.67 66.56
bird 0.524705 4.17 138.94 31.82 177.08
bird 0.524664 100.44 0.00 138.26 15.89
bird 0.524517 148.57 102.50 170.73 133.20
bird 0.524492 14.08 148.11 37.96 181.08
bird 0.524486 27.34 112.41 55.85 156.74
bird 0.524203 149.24 34.61 165.54 60.64
bird 0.524161 138.67 212.56 173.13 224.00
bird 0.524146 115.39 184.84 208.76 224.00
bird 0.524135 108.19 81.17 131.58 132.03
bird 0.524122 149.73 54.29 167.74 83.54
boat 0.524112 203.52 0.00 224.00 20.07
bird 0.524101 0.00 11.77 13.20 61.72
bird 0.524032 122.02 86.99 150.01 129.20
bird 0.523962 0.00 17.65 34.61 147.63
bird 0.523958 71.69 165.64 185.73 224.00
dog 0.523955 220.00 164.14 224.00 207.12
bird 0.523933 148.72 76.29 168.17 102.58
bird 0.523830 104.59 128.59 143.90 184.49
bird 0.523822 12.15 41.14 148.43 188.62
bird 0.523799 0.00 73.34 24.75 109.40
bird 0.523715 89.17 64.94 108.25 99.03
bird 0.523711 154.61 35.74 170.82 60.09
bird 0.523656 81.76 29.56 103.24 57.67
bird 0.523548 122.57 27.80 139.20 56.27
bird 0.523463 90.51 144.66 145.58 210.06
bird 0.523367 142.00 40.30 158.16 64.59
bird 0.523356 139.30 32.14 156.60 58.22
bird 0.523222 121.46 16.22 139.91 50.29
bird 0.523180 27.96 103.11 54.79 135.81
bird 0.523179 0.00 168.16 15.73 205.43
bird 0.523143 83.53 36.63 101.82 62.52
bird 0.523085 139.95 93.80 164.15 126.66
bird 0.522958 151.29 46.17 167.36 74.51
bird 0.522936 142.43 64.72 160.55 88.60
bird 0.522818 82.43 66.46 100.41 98.74
aeroplane 0.522809 220.00 131.21 224.00 162.18
sheep 0.522792 194.90 209.22 224.00 224.00
bird 0.522792 127.81 69.22 148.25 95.01
bird 0.522735 79.15 21.85 104.73 53.16
aeroplane 0.522709 76.92 13.00 107.95 48.24
person 0.522698 134.81 186.42 221.01 224.00
bird 0.522685 154.76 47.23 171.77 73.53
bird 0.522661 0.00 0.00 82.22 37.83
bird 0.522473 138.41 0.11 165.03 43.55
bird 0.522467 12.54 103.13 44.42 138.13
bird 0.522448 0.00 64.38 23.11 100.28
train 0.522419 216.67 0.00 224.00 24.44
aeroplane 0.522350 68.48 0.00 102.15 15.59
bird 0.522310 111.27 66.24 129.33 98.78
person 0.522289 190.45 150.04 224.00 224.00
bird 0.522262 161.58 42.93 177.85 65.76
train 0.522259 220.00 6.61 223.75 45.68
bird 0.522226 0.00 164.02 31.28 224.00
bird 0.522205 160.95 35.86 178.37 59.33
car 0.522193 220.00 159.78 224.00 201.84
bird 0.522172 123.23 37.96 138.90 63.34
bird 0.522087 0.00 27.06 13.04 78.96
boat 0.522064 192.61 0.00 218.60 18.31
bird 0.522049 183.49 0.00 211.92 18.07
bird 0.522045 16.14 128.47 49.78 180.06
bird 0.522036 123.85 63.23 148.02 90.71
cow 0.521887 185.05 211.02 218.95 224.00
bird 0.521877 81.98 58.98 101.95 91.82
bird 0.521825 99.74 65.53 118.05 98.41
bird 0.521778 146.00 21.64 163.55 54.36
bird 0.521622 126.27 29.50 145.40 56.54
bird 0.521531 149.49 109.64 174.78 139.65
bird 0.521520 115.13 98.56 140.03 151.79
aeroplane 0.521459 60.15 0.00 93.68 15.25
aeroplane 0.521422 120.54 0.68 148.65 43.36
cow 0.521326 126.82 87.87 224.00 224.00
bird 0.521301 35.96 143.25 69.47 192.62
aeroplane 0.521228 220.00 81.74 224.00 121.87
bird 0.521209 12.52 109.53 45.75 156.94
bird 0.521206 28.56 0.00 59.83 16.13
bird 0.521106 136.37 19.20 155.28 52.51
bird 0.521033 76.52 11.85 110.54 46.85
bird 0.521020 131.44 0.00 158.07 43.20
train 0.520989 220.00 0.00 223.59 33.91
bird 0.520964 140.59 81.42 163.35 115.96
bird 0.520961 128.70 38.86 145.51 63.20
aeroplane 0.520954 220.00 62.86 224.00 107.28
bird 0.520856 2.25 0.00 36.07 15.39
bird 0.520852 172.40 42.98 188.82 65.33
aeroplane 0.520847 35.59 0.00 67.03 15.33
bird 0.520764 120.41 36.87 134.61 63.58
boat 0.520737 38.83 0.00 142.12 48.29
bird 0.520712 110.03 73.22 130.58 119.09
bird 0.520698 116.69 49.33 136.64 83.09
bird 0.520656 122.07 75.67 148.81 118.60
bird 0.520645 85.79 199.20 130.82 224.00
bird 0.520635 112.22 109.65 141.32 166.55
aeroplane 0.520631 51.60 0.00 82.07 14.88
aeroplane 0.520617 220.00 117.89 224.00 151.30
dog 0.520612 220.00 176.85 224.00 224.00
aeroplane 0.520611 200.18 45.16 211.17 70.93
bird 0.520543 4.46 196.62 37.82 221.19
bird 0.520530 148.69 116.03 175.36 147.94
aeroplane 0.520505 76.67 0.90 111.67 37.43
bird 0.520449 65.17 160.37 98.21 216.18
bird 0.520433 21.48 0.00 114.84 38.99
bird 0.520391 119.46 68.23 140.64 106.93
bird 0.520284 0.00 14.43 22.81 59.65
bird 0.520279 76.26 68.38 92.25 97.61
bird 0.520267 142.02 54.19 160.89 82.58
bird 0.520229 142.15 101.63 165.51 132.19
bird 0.520218 151.74 23.09 169.58 54.10
boat 0.520167 182.85 97.10 197.48 120.09
bird 0.520089 78.89 121.21 116.93 185.78
boat 0.520005 189.77 98.32 203.91 118.84
bird 0.519914 171.52 35.59 188.99 58.39
aeroplane 0.519905 220.00 97.63 224.00 137.79
dog 0.519880 220.00 152.03 224.00 195.04
aeroplane 0.519837 43.36 0.00 74.29 14.67
bird 0.519775 139.34 141.94 168.45 178.30
bird 0.519654 98.08 58.55 117.67 91.29
bird 0.519649 90.10 119.86 126.18 184.69
bird 0.519634 172.08 47.33 187.60 72.39
bird 0.519625 0.17 161.32 25.51 191.75
bird 0.519596 0.00 29.03 22.59 77.95
boat 0.519595 189.59 106.22 203.83 126.26
bird 0.519561 142.11 45.46 159.81 73.38
bird 0.519554 111.80 120.04 147.26 176.35
bird 0.519554 89.73 168.41 140.90 219.37
bird 0.519506 97.79 83.53 119.71 126.84
bird 0.519311 101.63 7.84 129.58 44.05
bird 0.519285 91.27 119.33 205.03 224.00
aeroplane 0.519271 199.92 50.58 210.57 77.59
aeroplane 0.519205 220.00 143.04 224.00 184.14
aeroplane 0.519078 183.22 90.30 198.65 113.54
bird 0.519026 160.02 47.80 177.33 74.36
bird 0.519010 20.75 87.44 129.49 212.42
bird 0.519001 107.67 136.80 154.81 179.67
sheep 0.518961 12.66 0.00 43.91 14.25
bird 0.518952 160.77 23.13 178.54 52.74
aeroplane 0.518908 192.01 53.63 204.66 78.05
bird 0.518807 75.83 61.15 93.84 91.31
bird 0.518794 170.92 89.01 189.65 114.49
bird 0.518663 3.04 98.22 35.45 133.64
bird 0.518642 169.90 96.17 189.02 122.42
bird 0.518640 84.40 42.59 102.03 69.67
dog 0.518598 195.18 172.34 211.42 199.05
bird 0.518579 171.57 53.40 186.76 80.21
bird 0.518544 0.00 0.00 49.71 113.16
bird 0.518530 147.68 129.83 174.13 162.86
bird 0.518525 76.86 35.59 94.31 61.68
bird 0.518460 76.75 92.90 90.55 120.28
bird 0.518387 119.24 42.31 135.66 72.86
bird 0.518384 3.09 154.08 72.56 224.00
boat 0.518378 190.10 90.69 203.78 111.31
sheep 0.518363 215.70 193.23 224.00 224.00
aeroplane 0.518361 184.31 53.44 196.14 77.39
bird 0.518358 0.00 82.59 28.84 115.87
bird 0.518356 76.11 29.79 96.38 56.86
bird 0.518306 6.56 125.06 36.13 174.46
boat 0.518281 182.26 103.80 196.73 127.16
aeroplane 0.518142 191.57 61.22 203.62 85.14
boat 0.518141 197.08 96.32 210.02 117.22
bird 0.518131 83.25 50.37 102.71 82.07
bird 0.518097 123.44 51.82 147.00 82.80
boat 0.518093 189.79 115.20 204.23 134.68
bird 0.518065 154.89 63.47 176.44 88.98
bird 0.517991 157.42 4.67 179.35 41.35
aeroplane 0.517979 192.70 48.24 205.88 71.23
bird 0.517968 144.31 72.65 161.77 100.49
aeroplane 0.517902 184.79 48.08 197.97 70.12
aeroplane 0.517899 61.20 0.00 207.41 137.24
bird 0.517889 0.00 19.35 70.25 159.51
aeroplane 0.517874 200.91 39.53 212.03 64.16
bird 0.517818 71.18 68.96 85.77 97.29
bird 0.517799 19.21 197.71 59.42 224.00
bird 0.517799 2.96 182.85 33.46 211.09
bird 0.517659 76.08 162.32 110.41 220.22
aeroplane 0.517634 184.10 60.85 195.28 84.81
boat 0.517627 196.34 104.85 211.36 126.30
bird 0.517625 76.49 99.70 90.63 127.62
bird 0.517597 172.48 22.96 188.21 50.06
bird 0.517549 77.29 73.65 90.91 103.26
bird 0.517542 62.89 69.00 77.55 95.40
bird 0.517480 39.43 0.00 153.98 127.37
bird 0.517400 172.07 79.68 189.21 105.34
bird 0.517400 152.95 95.46 176.84 125.40
bird 0.517365 105.15 18.51 128.59 50.08
bird 0.517351 172.15 60.99 186.77 86.90
bird 0.517338 84.56 88.50 106.66 124.91
bird 0.517299 157.27 54.99 176.93 83.10
bird 0.517293 172.91 69.80 187.71 95.07
bird 0.517273 18.27 180.13 55.72 216.92
boat 0.517271 197.34 124.74 211.55 143.01
boat 0.517215 196.41 114.55 211.61 135.85
boat 0.517212 198.18 132.07 209.85 148.51
aeroplane 0.517192 188.63 174.48 205.36 199.26
bird 0.517189 88.75 49.04 108.33 81.59
bird 0.517153 111.76 50.70 130.27 81.25
aeroplane 0.517147 188.64 166.89 205.70 193.87
boat 0.517145 190.32 125.20 205.25 142.59
aeroplane 0.517137 183.98 81.42 198.47 105.95
bird 0.517098 152.84 86.43 176.61 115.45
bird 0.517086 145.06 122.65 177.87 156.31
bird 0.517079 173.51 7.73 187.46 38.52
bird 0.517047 0.75 111.59 34.06 165.78
bird 0.517028 70.13 62.35 86.98 91.86
bird 0.517008 7.41 106.19 87.81 217.55
bird 0.517001 16.70 161.56 50.08 203.72
aeroplane 0.516983 184.27 70.51 196.19 95.09
bird 0.516976 61.61 62.64 78.87 90.48
bird 0.516957 7.63 3.90 122.11 141.99
aeroplane 0.516887 184.71 43.60 198.94 63.82
bird 0.516872 99.49 75.34 118.34 115.08
bird 0.516858 88.46 42.31 107.12 68.44
bird 0.516846 77.40 81.43 90.58 111.41
bird 0.516814 32.41 25.37 62.61 64.69
boat 0.516799 197.47 88.47 208.44 108.45
bird 0.516734 125.96 43.66 145.59 72.01
aeroplane 0.516698 191.09 132.96 204.89 148.82
aeroplane 0.516617 199.60 57.83 209.80 84.66
bird 0.516589 168.15 102.55 188.24 130.40
bird 0.516565 79.19 91.81 96.98 122.85
bird 0.516551 73.14 124.94 99.70 176.03
aeroplane 0.516499 191.59 71.20 203.22 94.44
boat 0.516456 190.79 81.96 203.44 103.93
bird 0.516443 121.26 140.07 162.17 178.36
bird 0.516419 3.95 168.13 30.34 199.84
bird 0.516397 67.95 34.31 86.02 62.74
bird 0.516382 60.94 99.29 77.03 127.83
bird 0.516285 51.03 161.55 86.76 212.74
aeroplane 0.516284 188.86 157.32 205.25 186.64
boat 0.516259 212.00 39.41 219.63 74.82
aeroplane 0.516214 140.35 146.49 173.21 185.54
boat 0.516174 199.91 136.23 208.59 153.39
bird 0.516172 13.42 137.20 104.84 224.00
aeroplane 0.516142 163.39 126.19 188.47 153.49
aeroplane 0.516141 192.55 137.00 203.48 154.23
aeroplane 0.516113 193.23 42.57 206.55 64.67
bird 0.516074 79.80 200.79 118.13 224.00
aeroplane 0.516062 182.73 130.81 199.03 150.22
bird 0.516016 97.06 49.84 116.52 80.80
bird 0.515972 92.14 5.07 214.04 146.84
bird 0.515964 80.24 142.45 128.96 211.56
bird 0.515950 86.93 78.62 106.20 114.48
bird 0.515949 108.67 28.85 129.24 55.54
bird 0.515932 112.07 38.11 129.61 61.92
aeroplane 0.515927 116.98 0.00 144.43 30.50
bird 0.515924 112.70 43.63 129.70 70.56
aeroplane 0.515897 184.60 134.93 197.62 156.10
boat 0.515891 181.59 112.32 197.43 136.16
bird 0.515837 76.79 51.16 94.96 81.83
bird 0.515837 152.25 78.02 175.45 102.81
aeroplane 0.515811 183.72 36.24 198.69 56.68
bird 0.515754 125.32 102.02 149.94 141.89
bird 0.515750 81.02 80.57 97.09 113.35
bird 0.515722 0.00 0.00 26.55 26.13
aeroplane 0.515689 144.33 140.23 179.15 177.56
bird 0.515681 57.70 30.96 79.12 64.87
bird 0.515662 170.36 0.00 188.25 26.07
bird 0.515650 92.07 37.39 114.62 59.96
bird 0.515622 72.98 92.29 84.25 119.99
aeroplane 0.515593 181.36 122.56 198.95 144.30
aeroplane 0.515583 194.18 177.19 212.03 205.58
bird 0.515579 12.24 163.80 40.98 200.02
bird 0.515548 77.12 41.44 94.24 69.35
aeroplane 0.515516 190.13 147.05 203.19 174.47
bird 0.515438 72.51 98.34 84.59 127.42
bird 0.515434 60.20 93.75 76.37 120.47
bird 0.515433 75.83 110.98 105.25 164.83
aeroplane 0.515432 201.47 31.39 211.01 55.82
bird 0.515424 87.24 29.19 113.53 54.81
bird 0.515405 50.29 69.94 67.18 94.06
bird 0.515377 73.18 74.61 85.29 103.74
bird 0.515356 32.22 109.39 58.19 142.12
bird 0.515353 144.23 134.11 178.09 169.78
bird 0.515338 67.46 29.44 88.80 57.06
bird 0.515291 83.46 19.81 113.50 50.58
bird 0.515140 162.75 118.48 188.34 147.42
bird 0.515134 74.99 112.55 97.13 158.21
aeroplane 0.515094 181.38 155.59 198.43 186.70
aeroplane 0.515087 191.68 185.98 215.93 220.07
bird 0.515075 33.86 97.73 60.86 127.48
bird 0.514985 110.48 146.68 161.67 197.83
bird 0.514955 0.00 13.57 27.96 46.28
bird 0.514915 70.01 51.51 87.44 83.20
aeroplane 0.514901 193.35 34.33 206.07 56.86
bird 0.514898 50.12 63.29 68.31 87.81
aeroplane 0.514878 199.61 68.03 209.15 93.12
aeroplane 0.514862 194.72 157.05 211.20 186.11
aeroplane 0.514860 129.99 151.36 166.34 195.84
bird 0.514855 94.79 42.85 115.16 68.34
aeroplane 0.514842 180.98 165.37 198.42 193.40
boat 0.514841 211.28 128.32 221.79 151.62
aeroplane 0.514835 182.41 145.50 197.15 176.40
aeroplane 0.514803 186.33 181.61 206.07 207.06
bird 0.514798 60.29 104.66 77.37 138.01
bird 0.514773 165.35 109.80 187.91 139.45
bird 0.514773 76.74 104.85 93.07 139.75
aeroplane 0.514761 181.14 192.42 209.39 223.07
bird 0.514747 13.51 91.47 47.09 126.21
aeroplane 0.514708 198.39 79.22 208.03 101.34
bird 0.514706 123.18 110.70 151.44 154.33
aeroplane 0.514641 40.89 64.97 61.44 87.84
bird 0.514623 40.52 72.07 61.22 95.86
bird 0.514603 96.31 98.75 123.16 152.21
bird 0.514598 183.99 24.80 197.35 48.27
bird 0.514563 81.79 187.64 119.15 221.38
bird 0.514560 99.68 206.78 149.27 224.00
bird 0.514533 68.72 40.15 86.38 71.32
aeroplane 0.514456 184.24 138.85 196.70 165.15
aeroplane 0.514455 192.37 140.63 202.49 162.49
bird 0.514448 59.86 51.26 79.35 84.09
aeroplane 0.514322 162.80 141.85 188.36 177.38
aeroplane 0.514244 202.97 21.27 209.99 45.25
bird 0.514232 24.90 89.97 57.62 125.38
bird 0.514222 32.04 72.68 55.35 99.53
aeroplane 0.514215 164.56 150.94 188.66 185.83
bird 0.514148 73.66 82.45 84.73 112.10
bird 0.514127 98.04 196.69 145.76 223.32
dog 0.514111 208.89 166.68 220.29 201.37
bird 0.514076 42.85 27.35 72.14 65.26
aeroplane 0.514061 204.00 11.65 210.05 33.98
bird 0.514054 152.52 0.00 180.53 25.23
bird 0.514031 133.40 0.00 218.18 68.92
aeroplane 0.514023 34.13 65.86 56.16 90.28
bird 0.514018 62.87 75.27 76.65 103.88
aeroplane 0.513986 194.28 23.74 204.98 47.97
boat 0.513930 210.47 120.96 222.07 147.11
bird 0.513929 44.06 102.47 65.59 131.59
bird 0.513921 66.70 183.39 99.44 220.71
bird 0.513894 89.40 188.31 136.86 219.78
aeroplane 0.513842 75.23 0.00 110.11 19.45
bird 0.513779 71.60 112.97 89.92 155.66
bird 0.513778 78.03 0.00 114.47 19.25
bird 0.513711 78.12 103.76 99.82 144.31
bird 0.513704 54.74 125.11 82.44 171.63
aeroplane 0.513689 180.78 174.50 197.59 198.92
bird 0.513656 82.86 101.88 110.65 150.43
bird 0.513646 184.43 10.68 195.26 36.37
aeroplane 0.513611 66.09 23.11 92.94 53.34
sheep 0.513574 196.40 0.00 214.72 17.85
boat 0.513572 210.12 0.00 221.28 20.55
bird 0.513489 72.61 104.31 86.81 138.68
bird 0.513482 23.99 164.66 59.40 208.34
bird 0.513452 34.37 37.99 58.78 78.63
bird 0.513440 37.61 19.38 69.51 60.35
bird 0.513438 57.70 113.43 78.95 153.04
aeroplane 0.513431 44.13 23.49 74.64 60.67
bird 0.513408 122.43 0.00 154.11 26.88
aeroplane 0.513367 65.69 15.50 97.89 48.54
bird 0.513332 26.63 25.62 55.11 60.58
bird 0.513264 52.24 184.70 87.49 219.84
bird 0.513258 132.40 197.62 166.04 224.00
aeroplane 0.513251 139.55 198.21 169.77 224.00
aeroplane 0.513233 194.93 12.19 204.06 36.40
aeroplane 0.513230 167.03 161.67 188.43 192.85
bird 0.513190 43.45 96.21 65.92 124.25
bird 0.513129 79.78 167.46 124.78 222.50
aeroplane 0.513122 137.67 187.20 166.41 213.01
aeroplane 0.513112 177.55 183.55 197.48 207.66
aeroplane 0.513109 100.87 0.00 134.99 31.81
boat 0.513101 212.00 90.58 219.98 121.97
bird 0.513047 0.00 43.17 26.85 81.52
bird 0.513044 60.35 84.15 75.93 113.10
boat 0.512948 210.30 110.47 221.56 140.85
sheep 0.512937 141.38 138.11 224.00 224.00
aeroplane 0.512913 171.83 196.09 200.49 224.00
bird 0.512904 0.00 0.00 91.82 71.44
boat 0.512861 210.72 99.71 221.15 131.04
aeroplane 0.512819 202.47 1.63 211.47 23.99
bird 0.512804 130.25 0.00 162.46 25.15
aeroplane 0.512752 199.51 139.69 208.24 161.02
bird 0.512717 0.00 58.22 26.80 88.42
bird 0.512704 27.26 80.86 56.15 115.30
bird 0.512661 47.66 50.87 69.10 82.66
aeroplane 0.512614 196.44 146.56 209.35 173.82
bird 0.512521 112.71 197.65 157.66 224.00
aeroplane 0.512477 37.74 35.74 63.32 75.79
bird 0.512459 36.39 13.37 61.56 52.32
bird 0.512443 141.63 113.94 169.90 147.45
bird 0.512433 181.41 0.00 194.90 24.51
aeroplane 0.512395 57.68 14.74 81.32 51.08
bird 0.512372 43.86 35.61 70.13 74.80
bird 0.512326 32.81 88.60 61.27 121.15
aeroplane 0.512306 133.18 168.41 165.89 207.40
bird 0.512228 13.45 24.93 35.98 58.57
bird 0.512225 133.94 129.00 167.50 165.56
bird 0.512183 67.79 198.54 100.96 224.00
boat 0.512167 212.00 82.91 219.25 113.30
aeroplane 0.512117 66.69 1.53 101.50 36.37
bird 0.512101 36.80 79.38 61.12 110.47
aeroplane 0.512074 40.10 51.92 61.88 82.33
aeroplane 0.512051 34.96 54.00 57.72 85.04
boat 0.512029 212.00 52.33 221.29 90.45
bird 0.511990 42.19 108.50 63.92 140.74
bird 0.511949 24.25 0.00 135.25 77.00
bird 0.511850 117.47 164.81 161.83 210.41
bird 0.511849 13.90 83.78 45.39 116.77
bird 0.511833 138.15 121.51 169.77 158.95
aeroplane 0.511831 163.76 198.91 192.14 224.00
bird 0.511826 19.81 68.32 46.21 92.52
bird 0.511804 54.82 199.77 89.90 224.00
bird 0.511779 94.57 163.91 155.00 212.94
aeroplane 0.511675 47.63 12.47 71.95 52.50
bird 0.511563 47.32 76.96 65.97 105.92
bird 0.511450 17.22 76.20 45.02 102.53
bird 0.511445 192.28 0.21 204.32 24.32
boat 0.511408 212.00 26.60 217.23 60.48
bird 0.511404 131.70 210.11 167.58 224.00
bird 0.511290 127.33 186.16 163.41 215.53
bird 0.511225 31.47 198.39 70.93 224.00
aeroplane 0.511217 152.55 200.64 181.16 224.00
boat 0.511171 212.00 0.00 218.45 27.03
aeroplane 0.511116 39.99 0.00 63.27 35.74
boat 0.510999 212.00 7.47 217.19 36.99
bird 0.510948 30.66 185.31 67.98 217.85
dog 0.510940 200.27 197.25 222.13 224.00
boat 0.510919 212.00 16.58 216.33 48.94
aeroplane 0.510919 165.45 185.86 187.82 208.81
aeroplane 0.510912 147.61 157.26 176.95 192.97
aeroplane 0.510911 56.91 0.00 80.63 37.24
aeroplane 0.510870 154.49 209.73 185.71 224.00
boat 0.510830 212.00 74.00 219.92 106.67
bird 0.510814 43.14 86.89 65.31 116.84
bird 0.510798 36.15 0.00 59.35 35.95
bird 0.510762 13.19 15.74 36.83 43.88
sheep 0.510756 31.93 0.00 59.53 19.25
dog 0.510754 209.16 153.78 222.27 189.17
dog 0.510750 186.24 203.13 216.65 224.00
aeroplane 0.510739 168.30 173.95 187.64 200.21
bird 0.510654 35.46 127.12 66.16 172.83
aeroplane 0.510652 207.03 178.71 222.56 221.31
bird 0.510621 38.90 116.64 63.78 154.49
aeroplane 0.510610 46.58 0.00 69.42 36.22
boat 0.510545 212.00 136.75 221.95 163.84
boat 0.510529 212.00 63.12 221.16 99.43
bird 0.510500 12.29 31.35 34.10 66.93
dog 0.510479 175.96 207.58 210.51 224.00
bird 0.510384 28.58 14.84 53.90 47.55
bird 0.510358 23.58 40.70 48.43 78.31
dog 0.510350 162.19 209.47 196.32 224.00
bird 0.510318 4.58 76.79 32.20 103.84
bird 0.510109 21.57 57.38 47.52 85.60
bird 0.509822 6.19 69.01 32.58 94.38
bird 0.509679 103.25 186.67 155.45 216.79
bird 0.509475 11.86 0.00 35.75 31.31
boat 0.509452 211.24 143.26 222.41 177.10
aeroplane 0.509303 149.53 188.75 175.65 210.65
sheep 0.509172 25.40 0.00 52.06 18.26
bird 0.508913 9.43 42.70 33.56 77.73
bird 0.508670 28.44 0.00 51.23 33.23
bird 0.508517 7.42 58.97 33.21 85.73
aeroplane 0.508370 149.83 173.41 175.77 202.75
