pottedplant 0.623189 95.03 153.92 170.56 216.55
car 0.622831 196.25 28.13 224.00 63.02
pottedplant 0.601844 79.10 140.66 175.29 223.19
pottedplant 0.593005 102.85 111.40 172.16 199.87
person 0.585669 105.84 27.77 162.78 129.41
diningtable 0.585474 46.03 64.99 201.22 178.36
pottedplant 0.582708 93.91 44.50 158.76 180.33
bottle 0.582205 105.34 30.64 160.62 124.86
pottedplant 0.579003 76.59 56.60 169.39 212.07
bottle 0.578552 102.47 47.24 154.76 157.36
pottedplant 0.569120 45.10 61.11 196.94 206.88
pottedplant 0.564208 45.25 82.02 113.60 162.79
pottedplant 0.561252 66.59 110.16 185.22 206.42
chair 0.559069 139.21 113.15 188.95 198.11
diningtable 0.557570 19.15 53.01 163.82 179.55
chair 0.557217 119.49 109.65 178.90 197.64
pottedplant 0.556493 119.04 160.53 182.75 216.08
bottle 0.555842 54.72 85.96 107.43 159.04
pottedplant 0.555261 64.61 123.35 152.24 214.96
pottedplant 0.554242 113.85 63.15 179.16 199.34
chair 0.554165 119.89 73.61 197.00 208.49
pottedplant 0.549086 31.86 52.83 156.59 169.92
bottle 0.548784 62.23 39.25 115.34 125.92
chair 0.548716 149.18 85.45 169.48 158.22
pottedplant 0.548575 38.36 115.90 105.08 156.76
sofa 0.547984 161.41 82.70 224.00 196.34
pottedplant 0.547849 129.52 106.53 166.18 196.03
pottedplant 0.547353 54.19 111.92 133.27 196.93
car 0.547275 211.42 68.07 224.00 96.30
chair 0.547225 156.04 109.69 191.07 193.39
bottle 0.546854 94.11 70.72 146.63 158.44
chair 0.544357 151.30 94.40 178.34 171.07
bottle 0.543456 54.81 56.87 112.30 144.42
chair 0.542995 163.21 98.41 189.11 168.06
chair 0.542706 145.84 101.84 181.21 186.61
pottedplant 0.542073 31.58 101.80 118.78 167.09
diningtable 0.541843 52.05 42.57 220.03 210.09
bottle 0.541397 52.19 82.57 124.59 171.74
chair 0.541297 144.45 62.93 198.65 197.63
pottedplant 0.541291 140.19 92.95 166.19 179.45
chair 0.540733 171.53 118.68 197.73 190.11
pottedplant 0.540702 115.03 130.65 188.84 213.69
chair 0.540320 134.86 102.85 170.96 190.52
chair 0.540070 139.34 71.20 166.08 150.26
bottle 0.539808 81.32 79.03 135.68 154.98
sofa 0.539775 211.80 112.27 224.00 151.19
tvmonitor 0.539559 192.42 30.42 219.64 61.30
pottedplant 0.538421 146.78 155.81 191.47 214.52
car 0.538346 210.12 58.79 224.00 89.42
tvmonitor 0.537996 182.84 26.28 210.65 61.89
chair 0.537987 161.52 86.45 224.00 210.72
bottle 0.537672 95.25 31.38 143.35 123.41
diningtable 0.537382 171.17 25.08 198.80 61.44
bottle 0.536975 119.87 62.97 161.71 149.33
pottedplant 0.536965 55.18 45.90 117.23 129.35
pottedplant 0.536903 80.97 145.70 150.09 212.56
chair 0.536542 176.89 103.28 200.59 160.36
pottedplant 0.536422 108.13 96.70 204.17 199.91
pottedplant 0.536320 79.41 42.55 149.96 148.31
person 0.535341 127.00 40.77 172.90 159.94
chair 0.535252 128.57 71.38 162.34 152.21
pottedplant 0.534562 0.00 205.96 20.23 224.00
chair 0.534392 156.44 92.10 175.69 150.26
sofa 0.534379 211.91 122.35 224.00 163.67
bottle 0.534135 78.28 38.20 122.43 119.26
tvmonitor 0.533903 172.34 23.99 199.64 59.65
car 0.533552 205.25 68.27 222.51 92.43
pottedplant 0.533532 0.00 210.41 33.09 224.00
bottle 0.533296 128.61 4.79 175.25 97.13
cat 0.532860 218.82 161.73 224.00 207.91
bottle 0.532792 164.38 24.37 191.00 61.00
car 0.532643 212.80 102.38 224.00 134.61
person 0.532501 95.95 35.79 144.82 128.34
pottedplant 0.532308 45.05 38.91 79.97 92.43
tvmonitor 0.532172 164.88 22.95 192.13 59.69
chair 0.531836 188.60 104.45 209.39 141.46
chair 0.531774 184.13 123.00 206.29 180.50
bus 0.531684 207.75 1.99 224.00 39.27
bottle 0.531304 122.26 32.96 154.72 109.97
chair 0.531243 196.84 166.61 224.00 224.00
cat 0.531109 180.70 158.66 204.98 212.63
pottedplant 0.531021 82.72 104.60 149.10 192.56
aeroplane 0.530994 39.42 34.08 76.82 90.39
bottle 0.530824 129.53 0.00 184.08 61.47
cat 0.530779 194.48 158.40 214.23 209.12
sofa 0.530579 184.50 117.82 206.99 173.82
pottedplant 0.530525 0.00 170.81 43.41 224.00
sofa 0.530486 215.28 130.95 224.00 173.04
car 0.530479 196.04 0.00 224.00 57.57
bus 0.530450 205.83 14.42 224.00 50.26
bottle 0.530002 112.44 0.00 167.98 99.30
tvmonitor 0.529964 206.48 9.12 224.00 85.66
pottedplant 0.529844 111.01 174.98 158.44 224.00
sheep 0.529805 210.59 203.44 224.00 224.00
cat 0.529580 218.90 146.85 224.00 197.81
car 0.529572 207.24 0.00 224.00 32.58
bottle 0.529490 67.86 78.65 111.15 146.33
pottedplant 0.529458 99.93 92.26 158.82 178.37
bottle 0.529382 134.61 30.36 172.79 107.77
bottle 0.529305 144.65 51.70 175.07 107.90
chair 0.529192 168.39 96.77 188.79 145.85
diningtable 0.529043 30.19 82.85 181.33 224.00
car 0.528988 212.47 79.48 224.00 109.90
bus 0.528944 198.48 26.02 222.73 63.57
car 0.528864 197.03 69.97 214.75 90.83
bottle 0.528615 146.95 0.00 197.25 61.94
pottedplant 0.528512 54.66 46.02 101.61 111.49
tvmonitor 0.528454 189.64 61.89 209.80 85.59
pottedplant 0.528442 0.00 178.84 76.59 224.00
person 0.528353 213.05 92.03 224.00 122.21
tvmonitor 0.528294 191.28 71.25 208.34 90.58
sofa 0.528292 194.69 110.89 220.24 145.09
sofa 0.528291 193.47 119.84 215.83 162.53
bird 0.528180 0.00 115.01 15.77 156.39
cat 0.528057 217.66 138.61 224.00 185.82
sheep 0.527939 0.00 0.00 20.65 22.47
bottle 0.527896 109.35 0.00 171.24 59.44
bird 0.527813 1.15 117.20 22.33 153.66
aeroplane 0.527662 36.38 23.09 77.16 77.03
car 0.527611 195.75 59.65 217.43 84.38
bottle 0.527551 130.35 36.84 169.21 138.09
tvmonitor 0.527522 181.39 64.38 201.84 88.91
pottedplant 0.527408 43.41 209.18 84.76 224.00
person 0.527362 0.00 0.00 37.63 50.62
pottedplant 0.527287 146.58 201.71 189.23 224.00
chair 0.527267 184.55 105.20 224.00 206.41
pottedplant 0.527243 47.97 81.00 97.68 143.01
bottle 0.527237 94.56 38.86 130.71 112.59
pottedplant 0.527194 0.00 71.53 34.06 174.16
chair 0.527157 157.72 145.10 195.48 213.52
bottle 0.527109 124.26 0.00 165.24 16.24
sheep 0.526940 0.00 7.34 13.44 55.62
pottedplant 0.526785 71.02 195.12 124.01 224.00
bottle 0.526781 158.50 205.67 195.70 224.00
tvmonitor 0.526650 202.18 0.00 224.00 69.98
bottle 0.526541 74.88 41.56 112.94 107.01
tvmonitor 0.526480 202.24 19.47 224.00 104.99
sheep 0.526421 3.22 211.71 40.76 224.00
diningtable 0.526410 0.00 84.71 138.57 224.00
chair 0.526385 181.64 99.21 201.59 136.15
cat 0.526230 180.94 135.07 203.90 206.15
tvmonitor 0.526218 177.52 50.26 224.00 174.76
bottle 0.526084 142.99 11.04 184.94 90.17
person 0.525803 157.38 61.42 183.99 100.60
bottle 0.525653 112.20 34.64 142.90 106.63
pottedplant 0.525602 61.78 200.62 115.26 224.00
chair 0.525591 168.44 65.28 192.26 94.09
chair 0.525551 196.56 107.03 219.85 137.82
bird 0.525504 1.91 92.36 30.14 130.56
chair 0.525465 190.63 101.42 208.89 128.49
cat 0.525447 192.38 139.80 213.03 200.22
tvmonitor 0.525445 183.92 71.08 202.38 92.61
sheep 0.525393 0.00 34.97 14.91 86.81
sheep 0.525375 164.40 160.56 197.07 216.01
person 0.525325 142.05 51.36 171.82 111.04
diningtable 0.525233 0.00 0.00 146.81 160.77
pottedplant 0.525129 121.85 187.37 170.53 224.00
bus 0.525078 203.32 0.00 224.00 30.44
sheep 0.524953 195.34 162.55 214.65 212.40
pottedplant 0.524910 53.48 205.17 103.21 224.00
cat 0.524790 216.26 174.09 224.00 220.99
aeroplane 0.524775 19.20 143.46 62.18 193.10
aeroplane 0.524712 19.28 153.57 53.42 199.92
pottedplant 0.524659 134.91 195.21 181.72 224.00
bottle 0.524626 105.44 36.01 133.51 103.64
sheep 0.524436 0.00 20.64 14.24 70.78
bus 0.524424 196.23 4.97 218.76 36.20
pottedplant 0.524414 37.08 120.01 87.68 152.95
bottle 0.524370 162.26 0.00 211.72 60.15
bottle 0.524317 155.43 23.18 186.79 66.04
pottedplant 0.524313 48.47 53.47 93.42 120.66
pottedplant 0.524308 73.04 167.90 136.01 224.00
aeroplane 0.524299 27.59 0.00 109.38 46.24
sheep 0.524211 0.00 17.66 23.88 62.48
person 0.524204 0.00 0.00 132.32 141.78
pottedplant 0.524193 34.38 87.67 69.74 136.75
sheep 0.524155 18.29 212.38 56.44 224.00
aeroplane 0.524143 8.72 118.30 28.62 152.54
person 0.524124 142.31 67.12 168.57 136.48
sheep 0.524116 2.95 122.99 22.08 156.66
bottle 0.524042 169.45 206.27 202.80 224.00
pottedplant 0.524022 0.00 129.99 26.90 224.00
diningtable 0.523960 55.74 0.00 201.49 171.84
boat 0.523881 91.17 0.00 125.90 15.45
aeroplane 0.523881 41.95 15.70 75.73 52.57
person 0.523869 80.67 0.00 224.00 170.87
bird 0.523867 0.00 89.06 20.86 131.88
sheep 0.523803 0.00 47.23 13.68 101.96
sofa 0.523770 206.94 107.87 224.00 140.30
pottedplant 0.523748 37.68 126.69 94.75 158.87
person 0.523679 0.00 43.20 33.15 155.22
sheep 0.523670 181.49 162.05 205.39 214.93
sheep 0.523628 0.00 36.79 26.52 84.69
sheep 0.523585 27.10 212.00 67.09 224.00
sheep 0.523503 187.72 208.57 222.79 224.00
car 0.523413 205.76 37.29 224.00 74.55
aeroplane 0.523341 7.57 93.62 33.51 129.18
cat 0.523280 208.78 159.81 223.26 206.36
tvmonitor 0.523146 189.23 31.78 224.00 141.76
sheep 0.523145 19.81 31.57 56.22 86.12
bottle 0.523019 178.83 207.60 212.83 224.00
bird 0.522993 0.00 67.28 16.61 119.56
sheep 0.522992 25.95 139.05 75.69 189.80
bottle 0.522959 147.71 19.28 177.93 64.41
bird 0.522934 0.55 101.72 24.64 145.83
pottedplant 0.522886 69.05 44.57 106.77 103.98
sofa 0.522857 205.15 120.61 224.00 158.26
tvmonitor 0.522757 180.75 0.00 224.00 58.81
bottle 0.522733 129.49 26.22 152.92 91.52
bottle 0.522673 81.56 0.00 159.18 55.55
pottedplant 0.522619 40.20 133.99 88.16 186.35
bottle 0.522618 194.57 132.63 224.00 224.00
pottedplant 0.522575 89.22 176.85 148.26 224.00
boat 0.522428 76.18 0.00 110.19 15.29
cow 0.522426 0.00 17.64 28.72 121.76
sheep 0.522419 1.24 160.74 26.62 201.70
pottedplant 0.522333 41.63 81.81 84.71 137.10
tvmonitor 0.522328 195.11 0.00 219.00 28.38
pottedplant 0.522325 44.65 119.97 112.64 173.21
aeroplane 0.522215 41.50 0.08 75.80 39.68
bottle 0.522196 86.26 35.95 116.73 96.11
chair 0.522162 158.51 63.75 181.46 105.38
bottle 0.522153 157.85 24.46 197.62 92.65
pottedplant 0.522084 148.98 161.72 218.16 224.00
sheep 0.522066 0.00 47.50 25.32 99.90
pottedplant 0.521971 0.00 97.82 30.06 195.94
person 0.521932 191.29 30.82 217.47 64.24
bottle 0.521920 135.31 3.25 165.50 29.02
aeroplane 0.521846 78.20 36.33 111.29 94.01
aeroplane 0.521844 20.67 88.90 54.41 132.46
pottedplant 0.521733 30.58 175.42 116.17 224.00
sheep 0.521658 0.00 155.66 8.92 205.88
aeroplane 0.521639 82.20 24.49 108.96 61.04
pottedplant 0.521541 70.73 129.72 136.36 193.52
aeroplane 0.521540 6.67 108.43 29.01 146.92
bird 0.521503 0.00 69.98 28.70 120.22
tvmonitor 0.521492 158.31 51.15 185.34 93.97
aeroplane 0.521336 19.24 36.98 53.16 91.21
chair 0.521218 191.92 94.37 208.37 114.67
bottle 0.521150 139.00 17.22 162.96 66.63
bird 0.521122 0.00 145.26 9.69 197.09
tvmonitor 0.521120 197.75 74.17 215.12 94.67
bottle 0.521044 139.74 11.21 165.84 43.49
sheep 0.521022 27.32 150.39 66.05 197.26
aeroplane 0.521007 73.60 24.04 101.41 59.36
bottle 0.520992 145.78 15.54 176.63 49.42
boat 0.520860 68.09 0.00 101.20 14.97
bus 0.520836 197.22 16.33 219.40 50.42
bottle 0.520722 131.56 0.29 160.50 25.74
sheep 0.520721 6.93 20.91 29.92 62.67
aeroplane 0.520680 20.41 22.78 58.53 76.67
aeroplane 0.520672 81.14 29.90 110.27 75.35
pottedplant 0.520663 17.20 119.51 45.72 151.16
sheep 0.520663 214.28 188.85 224.00 224.00
boat 0.520641 108.71 0.00 147.68 15.65
chair 0.520613 183.14 93.86 201.74 120.71
boat 0.520595 48.07 0.00 83.33 14.15
aeroplane 0.520531 32.81 42.68 63.34 103.88
sheep 0.520510 0.00 186.15 11.72 224.00
sofa 0.520508 206.50 128.97 224.00 167.63
sheep 0.520476 2.63 191.26 25.07 224.00
pottedplant 0.520469 28.53 119.95 68.44 151.71
boat 0.520298 57.07 0.00 91.48 14.76
aeroplane 0.520290 53.26 19.88 84.92 48.11
tvmonitor 0.520273 186.76 16.18 224.00 83.39
chair 0.520255 198.05 102.77 217.83 126.31
aeroplane 0.520249 12.89 92.45 42.27 130.11
bottle 0.520222 160.81 10.28 203.19 77.77
boat 0.520218 34.67 0.00 69.22 13.23
aeroplane 0.520214 32.07 69.13 62.14 128.04
aeroplane 0.520200 41.46 54.31 78.53 118.80
bottle 0.520190 0.00 173.71 10.42 220.39
sheep 0.520173 46.89 150.08 82.12 196.75
tvmonitor 0.520173 168.22 50.85 192.96 86.08
pottedplant 0.520151 35.85 98.44 82.05 151.00
sheep 0.520128 0.14 148.85 27.97 194.68
bottle 0.520089 142.94 24.71 173.92 80.09
aeroplane 0.520042 10.12 160.00 36.44 199.67
tvmonitor 0.520001 207.03 80.45 222.80 105.24
sheep 0.519986 12.25 34.12 41.65 83.75
cat 0.519967 207.92 145.27 223.08 197.27
sheep 0.519961 0.00 0.00 60.77 48.10
sheep 0.519914 23.63 180.86 46.60 209.79
sheep 0.519854 1.75 0.00 36.26 15.70
chair 0.519814 192.16 82.66 209.04 102.85
sheep 0.519765 20.14 0.00 56.66 13.43
aeroplane 0.519740 17.38 181.06 39.27 210.82
sheep 0.519713 2.58 179.28 24.30 213.68
aeroplane 0.519686 81.75 19.85 107.48 50.01
pottedplant 0.519578 52.95 148.44 86.95 195.41
sheep 0.519555 21.38 166.66 48.10 203.71
tvmonitor 0.519540 198.06 81.27 215.30 102.70
bottle 0.519490 133.81 15.50 154.05 66.64
pottedplant 0.519489 26.47 87.01 136.47 178.51
aeroplane 0.519461 96.56 26.14 118.81 65.58
sheep 0.519435 0.00 0.00 21.24 44.33
pottedplant 0.519416 23.00 98.78 62.14 147.29
cow 0.519367 0.00 0.00 32.62 72.01
chair 0.519343 154.39 76.23 175.87 129.91
sheep 0.519298 11.32 0.00 46.29 14.19
chair 0.519278 183.91 82.88 202.75 107.42
aeroplane 0.519173 19.48 70.90 50.94 125.15
tvmonitor 0.519094 164.30 14.24 189.38 48.44
chair 0.519091 167.54 81.22 190.22 118.84
bottle 0.519080 140.38 0.00 178.79 20.16
pottedplant 0.519053 28.32 19.77 136.87 116.15
aeroplane 0.518998 5.20 72.15 32.38 120.23
tvmonitor 0.518868 190.77 42.95 214.20 74.61
sheep 0.518851 6.09 30.39 30.56 76.70
bottle 0.518845 155.03 0.00 187.86 21.35
bird 0.518836 0.00 132.84 11.80 180.95
aeroplane 0.518770 13.51 108.68 44.54 147.29
aeroplane 0.518750 96.31 32.20 120.93 80.73
bottle 0.518715 53.62 0.00 143.58 51.88
bird 0.518684 0.00 124.48 14.44 166.23
bottle 0.518676 156.25 34.74 196.20 138.40
tvmonitor 0.518669 198.75 93.72 215.77 114.29
bottle 0.518616 104.77 31.61 127.42 83.59
tvmonitor 0.518551 174.44 16.38 198.90 49.14
sheep 0.518543 0.00 206.59 29.53 224.00
cat 0.518491 206.90 136.96 224.00 182.35
sheep 0.518485 55.48 184.93 88.55 218.27
sheep 0.518481 16.80 169.32 40.71 204.19
sheep 0.518447 13.75 21.57 40.99 65.33
tvmonitor 0.518429 167.26 0.00 198.40 23.43
chair 0.518335 208.25 102.61 224.00 129.51
pottedplant 0.518319 126.51 171.76 177.30 224.00
sheep 0.518268 24.62 193.93 47.51 220.99
tvmonitor 0.518176 182.04 46.68 204.93 79.19
aeroplane 0.518092 95.22 19.32 116.69 50.53
person 0.518077 161.13 32.51 188.84 78.51
aeroplane 0.518059 72.63 29.66 102.40 73.86
bottle 0.518028 148.54 33.54 181.21 90.46
aeroplane 0.517989 26.87 0.00 122.79 77.94
sheep 0.517965 17.70 193.41 40.75 222.98
sheep 0.517948 57.35 173.61 89.68 208.08
pottedplant 0.517885 60.55 146.84 106.61 193.94
pottedplant 0.517880 9.80 126.73 88.49 217.05
aeroplane 0.517878 4.11 58.15 30.96 111.48
pottedplant 0.517780 52.53 131.67 109.29 185.27
chair 0.517719 169.26 72.79 190.84 105.43
sheep 0.517672 51.25 189.10 80.43 218.93
tvmonitor 0.517646 189.57 5.08 215.93 35.32
tvmonitor 0.517632 208.34 92.70 224.00 117.40
bottle 0.517621 134.22 8.15 156.58 41.04
pottedplant 0.517621 36.43 0.00 129.87 47.45
pottedplant 0.517578 52.26 31.09 145.92 128.21
bottle 0.517567 138.82 7.52 172.64 35.12
aeroplane 0.517554 9.08 148.39 41.09 193.27
tvmonitor 0.517549 178.32 0.00 209.04 26.23
aeroplane 0.517509 86.54 4.91 113.02 38.49
person 0.517502 156.86 66.41 178.14 114.37
tvmonitor 0.517405 194.45 39.68 220.90 71.44
bottle 0.517363 115.24 29.49 137.33 86.71
aeroplane 0.517334 52.04 6.48 84.65 39.23
aeroplane 0.517310 104.72 25.17 124.36 66.23
person 0.517145 170.03 31.55 196.80 71.53
pottedplant 0.517077 141.83 176.34 185.76 224.00
bottle 0.517073 152.44 11.43 181.37 43.83
pottedplant 0.516950 62.78 167.39 108.62 206.36
aeroplane 0.516895 21.44 15.90 59.55 57.55
aeroplane 0.516850 11.11 72.71 41.10 122.82
pottedplant 0.516847 144.63 130.94 211.42 216.45
sheep 0.516838 52.29 177.93 82.03 209.05
tvmonitor 0.516809 184.11 17.35 209.33 48.60
aeroplane 0.516747 93.40 3.49 118.54 36.46
pottedplant 0.516731 57.40 161.87 87.60 203.04
sheep 0.516709 207.72 170.61 223.01 217.52
sheep 0.516709 11.57 180.41 31.37 210.96
aeroplane 0.516677 50.97 36.57 90.48 89.18
aeroplane 0.516669 26.84 20.54 123.73 107.96
pottedplant 0.516659 60.94 177.68 105.82 216.29
aeroplane 0.516516 79.99 7.27 107.57 39.79
aeroplane 0.516492 9.61 46.86 39.69 100.57
sheep 0.516464 29.64 132.08 82.50 174.10
tvmonitor 0.516438 191.54 17.60 216.15 49.04
sheep 0.516375 34.29 194.25 58.30 218.55
aeroplane 0.516348 70.89 8.44 98.02 40.38
sheep 0.516347 11.20 192.11 32.67 223.91
sheep 0.516310 11.70 171.79 31.89 204.26
pottedplant 0.516264 24.98 121.29 107.11 205.04
sheep 0.516238 51.48 164.57 81.33 203.52
pottedplant 0.516214 156.21 179.22 192.34 224.00
aeroplane 0.516189 22.62 134.60 67.80 176.70
aeroplane 0.516102 50.16 27.47 87.02 73.08
pottedplant 0.516066 50.85 198.47 89.43 224.00
sheep 0.516043 1.02 134.23 26.09 176.22
sheep 0.515966 33.24 180.37 58.26 207.73
pottedplant 0.515801 18.27 61.17 114.49 174.25
person 0.515714 183.25 30.60 209.29 66.49
pottedplant 0.515668 30.74 0.00 130.77 81.64
pottedplant 0.515533 60.34 0.00 150.55 94.90
cow 0.515517 0.00 14.86 72.33 107.11
sheep 0.515412 4.06 0.00 28.76 42.52
aeroplane 0.515299 14.66 135.33 53.54 176.12
sheep 0.515296 46.59 201.44 81.52 224.00
sheep 0.515102 29.99 164.61 60.49 201.41
aeroplane 0.514546 104.51 18.64 123.31 49.37
aeroplane 0.514472 26.47 130.35 67.53 159.86
sheep 0.514443 38.73 0.00 76.08 20.15
pottedplant 0.514423 55.47 192.38 103.49 224.00
sheep 0.514378 22.93 0.00 111.72 74.76
bottle 0.514254 127.67 16.32 148.93 66.27
pottedplant 0.514192 6.32 37.60 94.54 147.28
sheep 0.514190 9.24 128.71 31.15 160.64
bottle 0.513991 116.85 21.30 137.37 66.47
sheep 0.513847 19.82 207.07 51.33 224.00
aeroplane 0.513791 91.29 0.00 123.89 20.27
aeroplane 0.513754 43.47 0.00 80.30 21.60
aeroplane 0.513731 16.45 130.15 48.74 159.66
pottedplant 0.513610 20.39 154.80 97.29 224.00
aeroplane 0.513356 8.46 134.92 37.71 175.30
sheep 0.513329 14.49 0.00 41.88 42.49
sheep 0.513302 204.06 188.42 224.00 224.00
aeroplane 0.513225 22.58 0.00 60.05 42.44
bottle 0.513044 168.08 180.39 197.19 224.00
sheep 0.512988 191.23 186.65 218.33 224.00
aeroplane 0.512922 103.05 2.33 127.42 33.12
sheep 0.512917 11.54 207.95 44.52 224.00
bird 0.512613 99.04 0.00 131.60 18.34
aeroplane 0.512129 78.31 0.00 110.23 23.62
pottedplant 0.512020 36.69 147.02 123.07 224.00
sheep 0.511737 179.32 183.00 206.91 224.00
aeroplane 0.511671 51.98 0.00 87.22 23.89
aeroplane 0.511326 68.44 0.00 99.75 24.91
bottle 0.510973 110.98 0.00 150.25 16.87
bottle 0.509931 118.42 13.14 141.52 45.09
bird 0.509230 117.58 0.00 148.57 27.51
