person 0.691823 0.00 52.90 134.33 210.07
person 0.675648 140.52 58.47 222.26 224.00
person 0.632283 44.96 51.80 144.73 218.36
person 0.621357 84.43 55.36 175.99 222.63
person 0.578913 51.02 85.24 107.18 194.71
person 0.574167 5.66 71.61 37.31 171.86
chair 0.568734 160.17 98.29 218.81 204.39
person 0.566792 78.63 119.07 139.80 224.00
dog 0.566185 151.96 101.01 214.44 204.00
dog 0.563223 50.55 115.29 129.33 220.78
person 0.562819 46.91 105.08 117.19 217.30
person 0.559612 129.15 59.66 197.83 220.09
chair 0.554159 164.08 93.34 213.00 177.43
person 0.553766 22.71 77.45 51.72 170.56
person 0.552765 103.33 41.55 186.53 204.21
bird 0.552227 51.95 79.68 91.46 171.80
person 0.552133 46.12 82.08 92.69 181.33
sheep 0.551902 50.81 106.41 106.05 213.56
dog 0.550383 139.03 107.83 199.39 196.11
bird 0.548049 21.52 79.87 50.89 170.26
person 0.547811 36.78 79.23 69.07 175.21
bird 0.547392 32.62 79.31 64.54 172.52
chair 0.547376 170.15 108.05 206.44 208.01
person 0.546790 0.00 17.45 10.42 69.55
person 0.546223 62.22 80.51 95.96 168.07
person 0.545147 139.04 74.22 156.67 137.02
dog 0.544721 52.83 126.67 109.61 212.62
bottle 0.543675 172.52 96.18 216.66 172.95
person 0.543040 72.61 90.39 102.90 170.43
person 0.542840 130.83 69.35 149.44 139.59
bottle 0.542745 169.68 91.14 206.97 155.43
bicycle 0.542621 123.25 86.62 219.93 224.00
person 0.542550 143.97 77.39 163.28 134.42
bird 0.542430 38.03 77.46 77.83 162.48
pottedplant 0.542361 215.25 49.49 224.00 84.36
person 0.541875 123.81 68.08 143.22 140.28
chair 0.541835 117.28 130.84 160.52 212.86
chair 0.541791 95.73 130.78 139.50 218.11
dog 0.540570 118.73 125.59 162.25 206.40
person 0.540554 83.74 109.00 125.18 206.17
person 0.540364 97.44 112.32 128.35 204.21
bottle 0.540309 215.47 93.64 224.00 136.21
bottle 0.539151 165.94 80.12 203.74 129.50
sheep 0.538854 5.69 88.10 33.43 183.65
person 0.538379 0.00 82.74 24.22 160.11
person 0.538218 97.49 102.94 115.26 158.78
dog 0.537877 0.00 11.35 9.60 65.10
bird 0.537716 8.53 83.15 36.53 166.38
dog 0.537482 12.72 100.64 40.55 193.36
bottle 0.537374 161.63 84.66 195.71 141.64
chair 0.537258 183.02 110.73 214.19 207.68
person 0.537026 103.92 105.06 120.89 155.95
dog 0.536917 22.88 111.05 47.44 205.69
dog 0.536747 133.24 115.00 177.15 187.25
person 0.536723 0.00 45.51 79.80 175.62
dog 0.536512 71.45 134.83 136.34 214.25
sheep 0.536421 18.92 101.42 46.02 195.04
chair 0.536363 178.09 208.88 213.18 224.00
person 0.536139 85.83 97.23 107.34 158.91
chair 0.535831 155.10 208.99 197.59 224.00
bottle 0.535789 179.13 91.02 211.47 138.22
person 0.535788 139.20 0.00 224.00 193.09
person 0.535778 80.31 88.43 101.99 154.49
bottle 0.535746 217.62 101.80 224.00 153.96
sheep 0.535500 33.90 101.90 55.76 198.30
bicycle 0.535303 40.22 101.63 164.50 224.00
aeroplane 0.535262 29.87 35.30 82.42 84.38
person 0.535044 101.34 101.95 114.79 138.40
chair 0.534840 0.00 151.18 10.99 213.67
dog 0.534742 5.52 103.73 31.60 193.37
dog 0.534710 126.74 118.65 160.20 183.75
person 0.534527 206.61 206.34 224.00 224.00
person 0.534427 101.34 107.92 123.70 186.75
person 0.534416 0.00 140.92 10.77 209.14
bottle 0.534177 174.59 82.61 211.22 126.49
person 0.533985 0.00 204.44 17.86 224.00
person 0.533864 118.67 78.20 140.05 144.86
sofa 0.533442 0.00 160.33 10.85 218.35
chair 0.533375 136.33 205.69 179.76 224.00
bird 0.533309 0.00 24.30 11.09 77.01
chair 0.533221 143.66 116.44 187.25 207.20
bird 0.533219 66.72 77.63 93.00 148.93
person 0.533125 90.74 105.16 118.86 188.61
person 0.533113 76.80 80.43 97.80 145.59
aeroplane 0.533101 35.09 50.62 77.65 102.76
sheep 0.533087 110.83 189.47 161.54 221.22
sheep 0.532994 28.73 85.34 53.33 180.02
person 0.532911 107.11 99.90 120.24 137.14
chair 0.532887 111.68 181.87 157.02 215.37
aeroplane 0.532869 33.79 28.06 86.70 72.32
chair 0.532795 219.27 107.59 224.00 168.33
bottle 0.532776 216.06 78.53 224.00 123.86
chair 0.532688 220.00 130.81 224.00 192.60
chair 0.532686 110.14 145.80 151.17 215.05
sheep 0.532681 43.25 87.47 81.40 187.55
dog 0.532555 13.09 125.84 42.01 214.38
chair 0.532304 112.60 198.88 165.80 224.00
chair 0.532246 148.07 93.50 189.31 163.24
bottle 0.532165 214.03 57.24 224.00 95.48
aeroplane 0.531952 29.09 43.87 71.89 91.31
chair 0.531927 104.24 119.76 144.40 205.27
horse 0.531922 4.69 137.17 106.01 224.00
bird 0.531845 54.96 72.85 86.40 139.93
chair 0.531720 195.15 209.11 224.00 224.00
horse 0.531483 0.00 78.55 85.22 219.51
dog 0.531443 0.00 208.68 26.31 224.00
person 0.531401 118.87 69.18 134.71 129.37
bottle 0.531254 215.28 67.19 224.00 109.38
chair 0.531185 118.37 118.36 154.46 189.54
bottle 0.531180 154.37 83.72 182.68 138.98
person 0.531107 147.16 78.90 170.75 132.84
person 0.531078 45.64 88.44 195.65 216.25
person 0.530913 83.88 84.23 100.80 141.70
person 0.530754 0.00 72.10 14.00 136.24
person 0.530595 144.86 43.01 214.22 180.70
bird 0.530560 78.03 70.15 95.47 123.26
dog 0.530494 24.57 137.97 50.31 217.08
dog 0.530401 163.02 131.55 196.88 208.53
sheep 0.530385 45.06 108.63 87.67 209.10
chair 0.530197 138.08 107.90 175.59 173.59
aeroplane 0.530074 28.69 56.82 57.06 108.16
aeroplane 0.529730 32.57 155.85 59.94 223.51
sheep 0.529678 105.11 27.20 125.86 60.45
chair 0.529630 132.68 108.10 159.95 168.75
bottle 0.529586 212.21 0.00 224.00 28.43
person 0.529569 0.00 117.52 11.27 191.53
aeroplane 0.529549 39.37 152.38 67.37 224.00
dog 0.529530 32.79 121.09 55.50 214.59
bird 0.529518 44.67 51.93 84.61 107.17
motorbike 0.529356 39.28 102.39 169.32 224.00
sheep 0.529347 60.74 20.78 90.09 59.01
pottedplant 0.529155 208.41 50.25 224.00 80.90
person 0.529140 69.46 19.10 92.34 57.47
bird 0.529106 0.00 76.16 24.13 141.80
bottle 0.529091 191.53 92.79 215.43 133.63
bottle 0.529029 0.42 93.98 28.33 183.38
bottle 0.528900 216.27 40.17 224.00 81.52
car 0.528898 172.12 0.00 224.00 72.31
horse 0.528785 0.00 146.85 60.32 224.00
person 0.528645 91.05 44.33 158.65 183.53
aeroplane 0.528610 25.44 161.51 53.73 218.50
sheep 0.528590 29.55 31.94 70.30 72.71
bird 0.528524 44.12 64.65 77.07 126.87
bottle 0.528522 161.35 71.25 194.37 122.54
aeroplane 0.528518 151.56 19.18 189.40 73.67
aeroplane 0.528486 21.42 29.37 125.64 124.30
bottle 0.528479 110.66 196.44 164.45 224.00
person 0.528331 0.00 102.26 16.82 182.03
pottedplant 0.528272 196.32 53.15 215.22 81.51
sheep 0.528211 0.00 19.78 14.72 68.94
person 0.528159 153.48 88.41 184.30 146.22
sheep 0.528103 0.00 111.57 20.77 193.65
person 0.527953 90.10 91.25 106.22 136.22
dog 0.527748 49.66 141.01 93.70 215.80
person 0.527745 22.43 94.23 138.41 220.06
person 0.527684 138.34 93.90 159.15 151.85
car 0.527627 0.00 0.00 15.95 27.70
person 0.527501 114.37 81.89 130.82 136.80
dog 0.527387 1.44 210.97 37.25 224.00
aeroplane 0.527341 24.43 49.94 55.52 97.72
boat 0.527340 105.83 34.31 124.91 64.49
dog 0.527290 39.86 143.96 70.31 220.20
bottle 0.527230 186.66 64.85 209.22 92.97
person 0.527223 123.42 108.43 152.88 174.85
dog 0.527214 43.41 119.16 83.17 214.07
person 0.527170 108.24 114.63 140.73 192.59
person 0.527153 0.00 0.00 105.48 181.51
dog 0.527133 0.00 0.00 11.46 40.47
person 0.527070 76.75 19.48 100.12 57.81
bird 0.526934 71.03 68.18 92.12 123.47
sheep 0.526825 33.37 27.71 79.17 66.63
dog 0.526814 0.00 126.83 16.94 205.04
sheep 0.526810 101.09 26.83 119.32 59.45
person 0.526709 83.70 72.46 97.82 122.65
aeroplane 0.526558 146.70 21.14 180.75 67.84
person 0.526517 110.61 90.26 128.27 141.96
bird 0.526433 0.00 58.69 10.15 122.61
person 0.526432 127.81 94.57 151.48 158.39
sheep 0.525978 177.74 65.84 201.60 93.45
sheep 0.525953 43.64 23.64 84.94 61.28
sheep 0.525953 70.82 18.32 91.61 57.95
bottle 0.525938 152.31 14.63 224.00 149.43
aeroplane 0.525935 2.58 44.98 128.45 165.39
person 0.525858 106.00 107.45 127.53 173.23
aeroplane 0.525778 45.30 152.42 78.29 221.94
bottle 0.525768 175.11 73.75 210.21 113.72
car 0.525735 0.00 0.00 48.06 61.34
person 0.525595 151.19 119.16 224.00 224.00
bird 0.525497 33.97 65.71 65.62 129.03
person 0.525484 0.00 30.42 62.78 150.22
sheep 0.525429 170.15 63.25 194.90 92.06
aeroplane 0.525339 22.43 57.97 48.34 113.01
dog 0.525335 19.09 25.85 54.93 64.30
aeroplane 0.525320 14.65 157.34 45.21 215.41
aeroplane 0.525301 26.54 37.24 63.02 79.93
person 0.525290 125.14 44.51 189.06 178.52
boat 0.525275 208.43 47.58 224.00 80.11
bird 0.525245 60.65 55.69 89.92 110.17
cow 0.525243 0.00 22.59 15.01 71.44
sheep 0.525231 92.28 24.33 111.13 59.26
bird 0.525095 0.00 43.84 8.73 107.83
bottle 0.525048 218.44 30.81 224.00 75.55
boat 0.524971 194.91 49.06 215.78 79.36
bottle 0.524961 220.00 21.16 224.00 63.31
bottle 0.524903 173.80 68.49 201.73 103.07
sheep 0.524880 19.73 30.06 56.07 70.23
chair 0.524863 205.61 118.46 224.00 196.73
person 0.524835 111.31 82.75 122.54 126.36
bottle 0.524806 166.40 67.62 194.20 108.30
bottle 0.524797 165.20 0.00 224.00 97.10
bottle 0.524772 195.82 61.54 215.01 90.75
sheep 0.524772 76.16 20.46 99.99 59.10
dog 0.524755 0.00 150.69 15.10 215.82
person 0.524748 115.17 63.02 133.90 107.65
person 0.524727 112.95 73.24 124.82 121.27
boat 0.524698 113.28 57.31 132.68 93.18
chair 0.524688 154.21 195.99 194.36 224.00
pottedplant 0.524667 187.63 60.00 209.41 86.65
boat 0.524656 158.29 35.43 189.13 80.81
pottedplant 0.524539 178.30 62.04 202.40 88.27
boat 0.524474 110.20 34.23 131.59 66.06
bird 0.524414 72.99 59.37 94.07 108.64
person 0.524376 0.00 14.38 47.40 113.10
boat 0.524373 185.99 56.02 208.98 83.49
bottle 0.524345 181.92 69.28 209.42 100.94
car 0.524312 11.03 27.86 122.51 127.03
bird 0.524310 82.00 67.20 98.16 116.08
person 0.524168 107.95 96.77 126.50 150.94
bicycle 0.524049 82.07 121.06 221.77 224.00
person 0.524042 108.79 202.32 154.55 224.00
dog 0.524034 2.12 131.34 29.43 213.87
person 0.523972 89.91 82.80 104.00 126.15
person 0.523812 103.02 86.42 114.33 123.31
bottle 0.523683 158.25 69.17 183.31 114.29
bottle 0.523574 217.68 0.00 224.00 37.46
dog 0.523522 31.95 24.25 64.39 61.76
bird 0.523479 8.02 76.48 30.00 141.98
person 0.523465 111.23 63.15 126.07 101.70
person 0.523327 113.13 97.85 138.80 162.97
boat 0.523316 164.03 59.30 188.33 91.30
bottle 0.523284 210.30 92.74 224.00 131.78
tvmonitor 0.523260 220.00 13.96 224.00 51.83
dog 0.523249 15.35 210.58 57.33 224.00
sheep 0.523165 163.34 63.90 186.51 96.68
bird 0.523116 0.00 60.26 18.69 126.28
boat 0.523098 107.38 45.44 124.53 72.97
dog 0.523076 69.24 211.26 114.86 224.00
boat 0.522985 151.63 35.96 180.34 76.59
aeroplane 0.522983 56.11 154.57 99.74 214.92
boat 0.522962 109.26 56.66 125.62 88.70
dog 0.522956 68.06 152.08 119.62 212.57
boat 0.522954 111.98 46.11 131.36 75.60
boat 0.522943 170.33 59.06 195.73 89.47
dog 0.522932 71.59 14.17 91.36 46.65
person 0.522871 117.94 63.01 141.45 113.16
chair 0.522841 144.64 96.27 173.77 154.74
sheep 0.522794 53.61 35.46 87.96 79.63
bottle 0.522709 220.00 3.36 224.00 44.19
dog 0.522691 52.49 211.33 99.36 224.00
boat 0.522676 117.59 56.92 139.25 96.20
bird 0.522606 55.98 48.03 88.04 97.02
bottle 0.522593 208.07 57.62 222.94 91.39
chair 0.522508 129.58 191.88 174.14 224.00
bottle 0.522505 202.37 0.00 224.00 24.70
boat 0.522478 101.89 32.54 118.47 61.98
aeroplane 0.522468 140.28 24.10 170.81 61.27
aeroplane 0.522400 146.59 9.88 187.99 61.50
chair 0.522357 220.00 156.68 224.00 209.32
sheep 0.522353 132.73 4.19 165.86 24.25
aeroplane 0.522321 142.10 0.00 186.25 29.03
bird 0.522289 25.05 67.93 52.33 131.37
boat 0.522211 177.39 58.07 202.71 85.82
sheep 0.522064 6.82 23.28 33.30 66.14
bird 0.522063 16.02 59.54 43.05 120.08
sofa 0.521997 0.00 193.85 13.71 224.00
person 0.521903 9.39 41.73 124.36 158.12
dog 0.521895 38.53 21.38 67.71 55.52
chair 0.521893 205.45 100.71 224.00 171.89
sheep 0.521884 128.13 5.79 151.80 25.90
person 0.521869 88.54 208.76 131.00 224.00
sheep 0.521824 153.67 206.70 200.01 224.00
dog 0.521809 31.47 209.77 73.84 224.00
chair 0.521767 219.39 187.68 224.00 224.00
dog 0.521762 32.57 10.25 57.18 40.33
boat 0.521753 156.54 58.99 180.62 90.77
sheep 0.521726 137.56 1.62 179.61 25.54
bottle 0.521705 191.95 68.58 214.99 99.64
person 0.521635 51.45 6.27 155.13 191.57
dog 0.521628 102.17 160.37 150.53 217.30
bird 0.521571 141.53 73.74 164.37 118.83
bird 0.521550 71.44 51.68 93.48 94.64
aeroplane 0.521529 128.93 14.64 209.48 121.94
person 0.521476 103.68 75.79 115.63 116.96
bird 0.521472 8.45 61.67 30.83 124.94
dog 0.521443 33.35 19.25 59.14 53.93
sheep 0.521398 119.41 198.15 168.91 224.00
boat 0.521341 166.82 0.00 202.55 15.42
sheep 0.521338 131.14 201.40 178.54 224.00
sheep 0.521317 109.65 25.33 139.70 59.76
boat 0.521252 123.93 64.01 149.08 113.45
chair 0.521202 168.32 155.05 200.44 217.72
dog 0.521132 0.00 5.07 14.91 51.46
aeroplane 0.521111 150.79 0.00 191.31 13.90
person 0.521105 89.98 68.53 105.51 112.80
bottle 0.521085 187.66 76.52 215.15 113.84
aeroplane 0.520941 143.43 36.70 168.99 71.54
car 0.520923 30.12 15.71 128.37 101.05
car 0.520900 32.21 0.00 108.89 69.88
aeroplane 0.520888 114.13 0.00 208.04 67.53
sheep 0.520842 144.03 0.00 185.84 13.97
boat 0.520823 174.78 0.00 210.17 18.13
boat 0.520722 123.62 0.00 158.28 14.88
sheep 0.520702 145.66 58.83 169.27 91.60
dog 0.520592 89.78 152.42 140.10 213.45
sheep 0.520581 107.08 19.90 133.06 54.72
boat 0.520538 186.83 0.00 217.56 20.55
boat 0.520476 165.47 37.38 196.76 82.22
horse 0.520460 5.94 23.60 105.20 123.54
bottle 0.520387 207.68 67.44 224.00 103.64
dog 0.520340 27.34 8.44 51.24 38.14
dog 0.520321 161.17 159.95 194.15 217.77
boat 0.520286 133.70 65.75 157.62 111.18
dog 0.520221 78.42 11.91 99.20 45.16
boat 0.520205 154.87 50.83 180.56 82.64
boat 0.520107 124.06 56.37 147.17 94.98
dog 0.520052 27.31 0.00 60.38 14.63
dog 0.520016 62.33 0.00 91.36 19.06
aeroplane 0.520006 49.32 171.83 86.90 224.00
aeroplane 0.519970 131.54 25.28 159.29 57.74
bottle 0.519966 208.53 78.78 224.00 118.91
sheep 0.519935 121.77 5.94 144.16 28.71
sheep 0.519905 154.19 65.29 178.05 102.10
bottle 0.519879 208.92 96.69 224.00 151.98
dog 0.519857 2.86 160.86 28.24 216.14
aeroplane 0.519852 142.59 8.02 183.43 40.10
car 0.519838 6.51 0.00 82.07 64.41
chair 0.519832 211.44 201.13 224.00 224.00
boat 0.519821 133.78 36.42 157.03 68.50
person 0.519800 41.56 0.00 117.87 73.12
chair 0.519711 171.23 196.49 204.97 224.00
chair 0.519688 150.47 185.32 189.43 223.33
boat 0.519682 145.08 50.17 169.86 79.35
boat 0.519661 134.07 57.15 157.35 93.12
aeroplane 0.519633 33.24 12.23 130.49 100.01
sheep 0.519570 150.16 70.99 173.80 111.11
dog 0.519566 13.84 0.00 46.67 16.64
dog 0.519533 5.30 0.00 35.95 19.55
boat 0.519443 116.01 46.51 137.99 77.76
boat 0.519412 90.39 61.92 107.31 101.86
person 0.519321 103.26 63.15 117.98 99.52
boat 0.519292 119.32 24.87 148.37 57.54
person 0.519268 97.85 35.03 168.61 152.65
dog 0.519249 38.79 12.18 65.21 42.75
bird 0.519214 9.05 46.67 32.81 107.41
sheep 0.519154 83.29 53.36 100.87 91.29
dog 0.519147 54.49 0.00 84.38 18.65
sheep 0.519144 143.85 66.50 167.08 107.33
chair 0.519062 162.82 183.25 197.08 221.90
chair 0.518991 147.54 165.00 184.70 219.35
dog 0.518963 62.14 12.60 84.49 44.33
dog 0.518949 69.48 0.00 99.25 17.31
aeroplane 0.518937 4.78 168.99 27.61 217.70
sheep 0.518927 123.90 0.00 156.55 17.29
boat 0.518877 134.51 48.65 157.27 78.02
boat 0.518875 125.65 0.00 214.05 69.40
sheep 0.518857 101.60 17.30 121.78 54.44
dog 0.518744 5.27 20.14 33.77 62.78
dog 0.518669 85.77 0.00 117.18 15.56
boat 0.518636 94.55 0.00 125.70 15.09
boat 0.518609 101.94 0.00 134.41 14.64
dog 0.518563 77.21 0.00 108.68 15.93
aeroplane 0.518473 138.43 10.81 177.30 34.71
boat 0.518423 109.53 0.00 142.93 15.04
sheep 0.518405 68.44 36.33 92.72 75.18
dog 0.518389 27.89 0.00 59.05 24.93
sofa 0.518357 0.00 179.19 15.74 224.00
boat 0.518309 103.27 55.26 118.73 86.31
aeroplane 0.518283 138.30 15.47 174.06 48.85
boat 0.518227 102.90 43.25 118.30 69.31
aeroplane 0.518207 15.89 177.33 44.51 224.00
bottle 0.518184 115.00 0.00 212.99 98.67
dog 0.518154 43.50 0.00 76.28 15.93
bird 0.518113 0.00 43.36 15.46 109.78
boat 0.518095 123.51 47.34 146.46 78.00
dog 0.518023 172.74 25.64 204.43 72.83
sheep 0.517961 128.80 0.00 168.79 16.08
sheep 0.517956 115.41 5.88 137.88 31.83
sheep 0.517890 93.01 53.62 109.34 87.76
boat 0.517884 122.01 35.26 146.70 67.13
car 0.517828 8.61 2.34 98.25 88.16
dog 0.517711 89.36 9.89 109.77 42.60
bird 0.517454 9.69 35.76 34.01 88.56
sheep 0.517421 133.12 11.97 164.05 32.63
dog 0.517166 50.71 12.90 77.94 42.64
sheep 0.517128 111.20 13.61 134.58 47.55
dog 0.517057 17.50 17.36 48.98 55.67
dog 0.517029 33.17 192.03 70.50 224.00
dog 0.517004 61.85 174.16 107.34 222.75
person 0.516855 56.15 35.67 146.50 157.17
dog 0.516688 16.29 7.24 46.47 40.42
bird 0.516625 0.00 31.68 14.01 89.30
chair 0.516544 125.92 141.37 170.63 212.29
sheep 0.516462 95.27 41.02 111.02 69.29
sheep 0.516458 82.25 38.45 101.73 71.85
boat 0.516445 177.02 40.71 205.18 80.39
bottle 0.516420 210.11 41.77 224.00 78.70
sheep 0.516409 125.82 12.04 149.92 35.50
sheep 0.516402 109.85 7.00 131.10 35.45
car 0.516335 54.51 0.00 140.00 68.95
chair 0.516320 123.86 170.61 162.04 217.59
dog 0.516223 65.58 0.00 88.76 29.98
dog 0.516160 167.84 15.38 201.87 59.05
aeroplane 0.516099 60.51 20.45 154.18 118.18
aeroplane 0.516069 95.39 18.77 183.16 115.22
sheep 0.515843 116.92 12.25 141.70 41.49
aeroplane 0.515671 131.05 16.67 162.01 44.98
dog 0.515628 101.75 8.44 122.21 39.20
aeroplane 0.515540 160.18 0.00 201.27 33.23
sofa 0.515506 0.00 197.80 21.16 224.00
dog 0.515428 191.58 30.00 213.19 69.62
dog 0.515395 191.66 20.85 213.07 55.72
boat 0.515305 188.23 41.89 212.23 77.76
bottle 0.515291 200.62 31.59 218.14 69.49
bottle 0.515286 201.47 22.59 218.99 56.42
aeroplane 0.515250 64.53 0.00 166.70 65.27
bottle 0.515176 195.79 2.57 218.97 38.54
dog 0.515114 3.77 6.53 32.67 45.06
sheep 0.515035 121.15 16.84 149.52 46.29
dog 0.514969 3.01 0.00 33.75 31.11
bottle 0.514870 188.40 0.00 218.23 29.11
dog 0.514840 163.61 10.01 201.41 43.70
chair 0.514837 183.91 150.09 211.65 216.79
dog 0.514552 16.89 196.79 55.81 224.00
dog 0.514516 44.81 195.48 87.90 224.00
bottle 0.514313 200.96 17.50 219.48 45.02
sheep 0.514210 111.75 0.00 141.76 18.78
sheep 0.513991 194.77 206.87 221.81 224.00
dog 0.513868 58.78 0.00 83.93 29.18
dog 0.513798 187.70 15.83 213.33 42.29
dog 0.513629 79.71 169.07 123.46 215.66
dog 0.513464 58.61 197.67 104.45 224.00
dog 0.513462 76.85 0.00 104.00 26.71
aeroplane 0.513247 79.80 0.00 195.97 88.62
bottle 0.513242 212.00 5.06 224.00 41.68
bottle 0.513163 212.00 31.77 224.00 72.45
sheep 0.513105 184.08 208.75 215.11 224.00
dog 0.513073 179.01 0.00 212.60 34.66
dog 0.513071 171.27 0.00 211.24 24.20
dog 0.513020 86.57 0.00 114.08 24.62
chair 0.512973 172.39 180.49 203.67 221.21
dog 0.512776 45.88 0.00 76.55 27.10
bottle 0.512637 212.00 22.23 224.00 59.94
sheep 0.512609 105.22 0.00 133.88 19.36
chair 0.512484 204.36 153.12 224.00 210.39
dog 0.512401 97.64 0.00 124.41 21.78
dog 0.512396 9.47 199.24 45.22 224.00
dog 0.512289 2.25 199.73 32.61 224.00
bottle 0.511857 212.00 16.18 224.00 48.44
dog 0.511700 77.69 192.96 119.35 224.00
dog 0.511368 104.62 189.27 149.85 224.00
dog 0.511193 197.97 194.24 221.17 224.00
dog 0.511165 89.62 190.72 129.80 224.00
chair 0.510599 182.88 199.46 209.94 224.00
dog 0.510023 200.25 174.78 222.24 216.87
