cat 0.581978 0.00 23.27 146.20 189.01
tvmonitor 0.574078 5.77 37.81 176.03 197.88
pottedplant 0.570842 60.77 34.47 133.24 128.72
bottle 0.568798 60.33 33.09 130.00 129.85
pottedplant 0.567428 21.93 48.02 150.10 199.75
pottedplant 0.563227 0.00 62.25 9.07 132.07
bottle 0.562865 12.47 40.06 139.11 185.09
sheep 0.562336 62.12 39.32 126.49 124.43
pottedplant 0.554725 5.36 62.88 15.37 135.81
bottle 0.554143 132.22 46.85 163.88 128.37
pottedplant 0.552448 0.00 18.41 13.49 65.65
chair 0.550673 0.00 17.73 12.65 66.02
bottle 0.548237 2.73 19.86 17.32 62.48
bottle 0.547599 49.45 40.89 136.49 154.30
bottle 0.546972 63.41 52.41 118.46 125.56
pottedplant 0.546105 1.00 52.36 32.32 163.08
bird 0.546050 72.62 196.15 120.07 214.37
bottle 0.544421 115.38 35.97 160.75 145.30
bottle 0.543052 80.38 36.66 147.49 147.86
pottedplant 0.542810 189.59 45.11 224.00 176.53
pottedplant 0.542567 11.06 63.23 23.28 133.78
bird 0.541564 70.33 199.82 122.69 220.26
tvmonitor 0.541408 64.06 27.76 131.73 102.06
cat 0.541146 64.12 33.38 147.89 153.33
chair 0.539750 2.82 17.15 18.67 63.07
pottedplant 0.539042 8.87 60.53 53.30 165.57
pottedplant 0.538279 0.00 79.10 9.54 148.83
chair 0.538039 35.68 65.81 156.55 191.60
pottedplant 0.537954 67.87 26.72 132.90 89.87
pottedplant 0.537448 7.90 48.81 43.61 147.14
tvmonitor 0.537261 116.20 7.10 165.89 80.81
bottle 0.535837 0.00 25.65 12.05 76.52
bottle 0.535149 63.11 115.40 92.73 166.62
bottle 0.534869 60.32 100.70 93.10 154.50
bottle 0.534727 70.67 120.18 96.98 164.24
bottle 0.534575 104.22 43.96 145.08 127.45
sheep 0.534451 52.63 50.33 100.88 117.97
pottedplant 0.534401 40.89 45.02 136.69 162.49
pottedplant 0.534380 12.21 68.00 71.23 177.40
bottle 0.534353 0.00 42.46 11.07 96.11
bottle 0.534336 0.00 200.92 20.82 224.00
bottle 0.533799 0.00 160.54 12.59 212.50
pottedplant 0.533253 0.00 28.35 24.59 129.86
bottle 0.533218 0.28 205.30 30.47 224.00
bottle 0.533149 129.10 36.88 177.61 152.35
bottle 0.533132 120.90 0.00 171.63 64.19
sheep 0.532754 61.90 71.80 110.85 128.16
cat 0.532690 199.53 60.33 224.00 190.98
pottedplant 0.532512 5.71 76.08 19.11 146.48
sheep 0.532416 51.24 98.36 85.86 155.78
chair 0.531748 0.00 5.66 16.16 61.39
chair 0.531743 0.00 0.00 39.53 56.67
sheep 0.531576 50.12 83.43 88.63 138.82
bottle 0.531503 1.55 160.26 25.43 207.55
person 0.531488 0.00 0.00 17.75 32.18
bottle 0.531348 28.66 60.38 53.95 121.93
bottle 0.531302 52.97 110.79 85.41 166.95
bird 0.531268 120.53 209.81 159.68 224.00
tvmonitor 0.531224 24.43 65.61 144.16 187.72
bottle 0.531224 158.01 39.26 224.00 167.37
bird 0.531213 108.70 208.92 150.40 224.00
bird 0.531203 30.73 207.45 65.50 224.00
tvmonitor 0.531196 208.50 205.03 224.00 224.00
bottle 0.531118 22.33 207.83 55.55 224.00
bottle 0.531020 7.88 207.34 38.34 224.00
tvmonitor 0.530951 3.20 67.60 54.65 178.35
pottedplant 0.530441 60.77 39.97 117.04 101.11
chair 0.530326 0.00 7.19 24.01 102.92
bottle 0.530286 62.74 200.47 113.03 223.76
tvmonitor 0.530251 183.24 177.04 224.00 224.00
bottle 0.530249 8.40 19.29 23.62 61.20
bottle 0.530233 18.79 87.73 44.98 152.65
cat 0.530214 26.61 67.60 149.50 193.90
chair 0.530212 124.30 15.66 224.00 215.10
bottle 0.530102 46.33 58.59 75.88 121.85
sheep 0.530079 50.43 62.27 92.55 128.17
tvmonitor 0.530042 82.63 19.58 138.49 89.15
bottle 0.529930 121.43 22.98 160.60 96.41
bottle 0.529879 43.54 71.84 79.62 136.96
bird 0.529857 79.96 205.20 134.09 224.00
bird 0.529814 93.70 207.32 141.95 224.00
bottle 0.529764 139.23 62.61 176.07 117.69
bird 0.529748 39.50 206.53 77.65 224.00
chair 0.529724 20.17 93.55 157.19 224.00
bottle 0.529629 39.30 60.06 62.96 120.75
bottle 0.529554 73.45 152.85 97.16 195.49
bottle 0.529484 20.09 61.27 44.25 125.18
bottle 0.529427 73.34 189.74 116.25 212.21
bird 0.529385 59.99 195.44 104.36 214.46
aeroplane 0.529363 179.29 0.00 224.00 49.05
sheep 0.529323 42.57 81.65 79.64 142.33
pottedplant 0.529317 21.99 62.08 110.03 174.28
cat 0.529172 139.22 0.00 224.00 159.41
sheep 0.529170 26.16 101.76 55.17 165.96
bottle 0.529127 24.35 88.85 53.66 154.49
sheep 0.529119 21.00 99.81 46.23 163.35
sheep 0.529095 59.34 92.13 95.06 142.41
tvmonitor 0.529083 14.54 69.38 90.26 175.56
pottedplant 0.529031 10.15 79.65 25.92 147.03
bird 0.528958 136.31 209.75 177.93 224.00
bottle 0.528946 66.47 152.57 92.50 197.42
bottle 0.528925 4.23 59.85 16.24 116.27
chair 0.528898 0.00 162.45 38.20 224.00
chair 0.528756 0.33 41.28 124.96 185.91
cat 0.528669 218.58 128.63 224.00 172.72
bottle 0.528633 77.03 67.56 118.87 130.01
pottedplant 0.528463 17.04 62.55 33.48 127.68
pottedplant 0.528417 33.95 19.45 59.32 67.69
bird 0.528278 77.65 190.03 122.83 212.70
bottle 0.528253 76.42 124.14 101.17 161.51
pottedplant 0.528218 39.74 20.61 64.46 71.42
aeroplane 0.528210 208.32 0.00 224.00 21.84
pottedplant 0.528156 47.22 23.15 71.31 74.03
bottle 0.527938 87.22 51.28 129.49 129.99
bird 0.527914 48.56 205.00 92.28 224.00
sofa 0.527838 131.62 0.00 224.00 187.74
bottle 0.527836 130.64 77.20 158.54 129.17
bottle 0.527744 117.71 0.00 176.10 38.97
chair 0.527626 0.00 0.00 93.38 144.65
bottle 0.527546 78.83 154.35 100.63 188.68
pottedplant 0.527538 54.24 45.99 100.51 106.66
chair 0.527535 0.00 121.81 37.62 224.00
diningtable 0.527534 99.84 99.08 224.00 224.00
aeroplane 0.527432 218.76 81.35 224.00 127.39
bird 0.527277 78.65 194.42 130.36 217.49
pottedplant 0.527160 28.89 58.04 54.32 116.62
pottedplant 0.527122 26.90 20.20 54.44 62.83
bottle 0.527103 87.55 0.00 156.83 46.36
pottedplant 0.527097 38.40 56.91 61.67 113.76
bottle 0.527020 25.02 71.23 52.54 140.80
tvmonitor 0.526865 219.42 138.85 224.00 186.78
bottle 0.526780 66.49 134.58 93.36 174.01
bottle 0.526772 0.00 145.76 11.77 200.85
bottle 0.526763 56.71 154.09 88.45 198.12
sheep 0.526687 30.16 157.89 53.33 202.82
pottedplant 0.526670 68.29 0.00 144.08 40.83
cat 0.526661 53.97 0.00 132.25 38.05
boat 0.526616 219.16 75.34 224.00 120.34
sheep 0.526550 8.96 159.85 32.42 204.66
bird 0.526538 133.95 184.97 163.71 208.25
bottle 0.526444 74.26 137.58 97.23 171.76
bottle 0.526419 35.79 71.48 66.70 138.98
bottle 0.526384 63.87 83.91 103.36 131.65
bottle 0.526118 55.75 130.59 86.68 175.20
chair 0.526107 42.25 0.00 120.08 39.96
tvmonitor 0.526092 218.23 176.33 224.00 215.33
bird 0.526072 153.48 209.92 196.49 224.00
pottedplant 0.525998 14.38 75.10 32.92 142.63
sheep 0.525890 37.97 157.38 63.04 201.23
bottle 0.525873 17.49 70.53 42.66 140.88
sheep 0.525867 41.27 96.98 74.66 156.88
bottle 0.525843 71.34 105.35 101.98 150.09
sheep 0.525838 21.48 158.81 45.97 203.73
cat 0.525707 203.38 109.29 224.00 218.82
tvmonitor 0.525690 99.39 17.83 157.03 86.52
bottle 0.525593 187.15 210.23 221.04 224.00
bottle 0.525497 31.40 162.59 52.52 204.03
aeroplane 0.525448 220.00 28.66 224.00 63.42
aeroplane 0.525445 190.60 9.10 224.00 137.30
bottle 0.525403 0.00 180.10 14.16 224.00
bottle 0.525402 41.50 107.30 73.14 165.97
sheep 0.525369 185.64 76.06 208.56 111.71
pottedplant 0.525362 54.53 28.43 83.75 75.95
pottedplant 0.525242 21.21 60.25 45.56 121.08
bottle 0.525232 31.50 104.20 62.39 166.43
aeroplane 0.525228 218.82 94.45 224.00 138.04
tvmonitor 0.525225 219.25 156.76 224.00 205.29
chair 0.525183 0.00 99.27 45.77 209.96
chair 0.525178 49.28 0.00 150.04 146.38
cat 0.525125 218.49 112.21 224.00 158.03
bottle 0.525031 18.87 175.18 38.36 209.74
bottle 0.525031 0.00 99.24 9.30 166.35
bottle 0.524984 25.84 175.54 45.70 209.22
bottle 0.524959 84.71 156.01 106.86 185.30
bottle 0.524936 123.94 41.26 158.62 111.47
bottle 0.524919 11.17 174.00 30.50 210.50
sheep 0.524913 15.82 165.97 37.78 204.76
bottle 0.524873 14.76 83.54 34.99 148.36
bottle 0.524777 33.16 89.48 63.97 152.69
boat 0.524704 195.84 85.58 214.15 125.73
tvmonitor 0.524633 198.31 207.82 224.00 224.00
bottle 0.524507 4.03 84.08 20.47 151.40
tvmonitor 0.524499 216.98 185.02 224.00 222.83
bottle 0.524493 155.55 69.17 185.26 112.59
bottle 0.524444 46.68 156.09 77.94 199.36
bottle 0.524425 49.25 169.61 128.64 224.00
chair 0.524313 8.08 17.58 22.82 60.28
bottle 0.524311 177.42 211.43 215.24 224.00
dog 0.524278 220.00 32.94 224.00 68.93
aeroplane 0.524261 219.82 68.40 224.00 110.88
bottle 0.524254 4.09 171.96 23.71 212.48
pottedplant 0.524251 61.22 32.50 107.22 80.05
bottle 0.524248 131.19 123.68 162.20 151.90
bottle 0.524127 34.76 176.07 54.88 208.76
bird 0.524104 58.11 201.67 105.77 224.00
cat 0.524002 161.11 42.88 224.00 168.61
chair 0.523909 105.39 88.51 224.00 224.00
bottle 0.523888 68.24 184.14 157.89 224.00
bottle 0.523591 58.41 186.37 102.12 210.60
pottedplant 0.523565 55.30 40.07 94.78 89.36
bottle 0.523508 188.20 84.16 208.22 124.36
bottle 0.523480 0.00 167.44 62.12 224.00
bottle 0.523474 17.27 20.40 43.05 59.64
bottle 0.523433 92.38 156.72 115.37 182.13
bottle 0.523418 132.96 136.80 160.26 159.53
tvmonitor 0.523403 124.06 2.52 177.76 66.64
bird 0.523293 53.61 194.55 90.84 215.02
sheep 0.523283 172.24 72.90 197.11 108.92
bottle 0.523239 20.17 186.70 38.86 217.31
bottle 0.523229 111.19 16.87 154.18 107.89
bottle 0.523214 79.88 139.64 101.16 170.94
bottle 0.523202 10.50 85.38 26.75 150.43
bottle 0.523175 3.95 46.47 15.88 93.69
bottle 0.523141 173.38 73.93 197.52 110.86
bottle 0.523116 0.00 94.10 19.57 161.60
sheep 0.523090 33.14 120.22 64.21 174.32
bird 0.523048 85.85 188.85 173.86 224.00
cat 0.522982 120.47 186.24 200.83 224.00
bottle 0.522929 43.27 125.10 74.51 174.20
bird 0.522810 142.44 182.81 177.62 209.21
bottle 0.522770 27.14 187.56 46.64 217.14
bottle 0.522636 16.95 95.66 38.69 160.01
bottle 0.522598 74.78 27.28 126.00 83.06
bottle 0.522577 35.76 165.99 106.93 224.00
bottle 0.522572 12.12 185.42 30.69 218.43
sheep 0.522461 36.01 188.85 56.56 217.09
bird 0.522395 133.08 189.30 164.49 215.69
sheep 0.522374 194.80 75.93 214.90 114.69
chair 0.522368 24.25 16.49 143.60 171.22
bottle 0.522326 130.12 105.58 161.78 142.29
sheep 0.522314 41.95 168.66 64.95 206.11
bottle 0.522264 43.35 180.03 68.19 208.72
chair 0.522259 0.00 0.00 24.95 29.91
aeroplane 0.522235 166.87 0.00 207.07 16.07
bottle 0.522131 98.18 24.66 149.58 97.93
bottle 0.522090 77.67 161.24 102.64 202.02
sheep 0.522004 51.28 24.67 79.53 75.63
bottle 0.521996 0.00 129.70 9.42 187.74
bottle 0.521989 4.95 183.46 23.47 220.08
bottle 0.521927 88.03 0.00 123.17 17.19
aeroplane 0.521906 154.67 182.75 186.46 209.46
bottle 0.521898 66.11 169.30 101.74 209.91
chair 0.521767 15.06 0.00 79.48 48.77
sheep 0.521711 44.95 191.98 71.23 215.95
aeroplane 0.521690 189.10 92.35 206.79 130.41
bird 0.521690 197.10 93.25 213.05 130.23
bottle 0.521670 134.28 145.76 157.88 166.08
tvmonitor 0.521649 212.42 197.05 224.00 224.00
aeroplane 0.521535 185.67 0.00 218.37 17.64
pottedplant 0.521478 26.15 41.76 92.18 135.32
sheep 0.521473 25.11 20.18 51.84 64.15
sheep 0.521366 29.85 137.44 56.61 190.93
cat 0.521334 159.92 179.45 224.00 224.00
bird 0.521281 138.12 179.91 168.35 205.15
chair 0.521280 72.31 0.00 109.01 16.33
sheep 0.521271 32.58 19.25 57.57 67.88
bottle 0.521261 82.20 24.31 140.76 115.91
bottle 0.521178 64.76 0.00 140.65 65.71
bottle 0.521177 139.90 0.00 213.00 36.17
bottle 0.521124 51.55 184.17 87.81 209.53
bottle 0.521114 101.02 157.28 123.40 180.10
sheep 0.521076 23.50 134.08 48.47 189.08
aeroplane 0.520991 220.00 13.60 224.00 48.19
bottle 0.520938 74.24 149.29 97.92 182.01
aeroplane 0.520824 153.60 0.00 200.80 17.16
bottle 0.520788 130.06 0.00 181.32 24.67
bottle 0.520781 46.98 49.41 75.61 99.87
chair 0.520777 8.35 18.63 42.55 102.86
bird 0.520774 92.82 192.81 137.46 216.34
aeroplane 0.520773 220.00 58.93 224.00 100.01
pottedplant 0.520698 49.05 40.89 74.48 82.56
bottle 0.520687 179.19 121.26 199.43 158.60
aeroplane 0.520683 185.41 183.90 207.09 208.76
bird 0.520646 128.89 200.80 165.84 224.00
bottle 0.520637 80.64 127.12 106.84 159.09
bottle 0.520608 114.99 69.83 149.44 128.34
bird 0.520601 127.51 180.20 155.62 203.88
chair 0.520563 0.00 116.95 75.07 214.48
aeroplane 0.520562 168.31 182.97 195.34 208.72
sofa 0.520510 3.47 92.05 87.69 199.36
cat 0.520500 33.02 98.55 131.26 205.22
cat 0.520478 76.88 52.50 163.00 167.46
aeroplane 0.520411 197.03 0.00 224.00 18.86
pottedplant 0.520264 52.16 0.00 132.01 67.22
bottle 0.520259 50.18 168.48 83.24 207.02
bird 0.520159 114.70 186.30 146.49 207.80
aeroplane 0.520113 220.00 1.17 224.00 36.44
bottle 0.520086 90.19 161.45 115.20 189.98
chair 0.520084 52.77 25.29 167.25 183.75
aeroplane 0.520080 178.32 183.40 201.70 208.63
sheep 0.519940 180.30 67.08 205.59 101.25
bottle 0.519933 177.99 80.59 199.69 123.56
bottle 0.519925 92.39 149.64 115.38 174.60
cat 0.519925 188.10 101.40 205.62 140.18
pottedplant 0.519883 42.02 42.77 62.29 82.50
bottle 0.519861 185.47 123.18 205.28 158.08
bottle 0.519855 75.13 174.72 109.13 211.98
bottle 0.519841 129.06 146.18 151.79 166.81
bottle 0.519839 13.29 60.90 24.80 113.86
cat 0.519801 185.98 111.93 205.41 151.08
aeroplane 0.519764 213.69 0.00 224.00 26.84
sheep 0.519755 46.49 155.03 78.95 198.96
bottle 0.519751 17.28 202.19 43.00 224.00
aeroplane 0.519718 186.52 139.30 204.06 169.88
sheep 0.519705 15.44 20.04 40.60 60.86
sheep 0.519690 12.46 110.24 30.06 166.70
aeroplane 0.519669 181.54 138.24 199.38 170.12
bottle 0.519594 102.27 80.78 127.47 131.05
aeroplane 0.519593 191.57 181.88 212.15 207.67
sheep 0.519588 36.97 141.27 65.82 190.63
bottle 0.519572 111.55 156.97 132.52 177.51
bottle 0.519571 168.87 120.06 191.15 158.00
bottle 0.519555 0.00 131.98 21.39 185.04
aeroplane 0.519525 193.44 188.37 213.10 216.20
bottle 0.519508 134.30 153.75 155.55 174.87
bottle 0.519494 28.48 20.85 55.99 64.32
chair 0.519482 87.13 0.00 195.69 162.58
bottle 0.519462 129.29 153.90 148.64 174.70
bottle 0.519224 151.76 70.94 176.61 123.94
bottle 0.519190 96.95 0.00 131.39 18.27
sheep 0.519180 65.37 30.09 120.06 77.70
sheep 0.519152 42.43 21.11 68.65 71.50
bottle 0.519107 84.50 141.11 106.66 169.76
bottle 0.519040 171.90 129.76 191.94 162.74
aeroplane 0.518983 153.77 187.00 188.33 218.85
aeroplane 0.518970 185.74 190.16 207.52 218.20
aeroplane 0.518951 181.23 145.67 199.48 178.80
bottle 0.518915 180.37 90.16 199.24 130.57
sheep 0.518850 58.53 28.28 100.45 76.00
diningtable 0.518829 71.96 53.62 224.00 209.54
chair 0.518800 57.46 0.00 94.86 15.55
bottle 0.518796 122.43 155.02 141.23 174.95
aeroplane 0.518755 182.51 175.76 206.84 204.66
chair 0.518738 2.62 0.00 33.42 24.98
boat 0.518711 140.27 0.00 190.01 20.50
aeroplane 0.518701 166.78 0.00 201.92 28.69
aeroplane 0.518696 197.11 102.25 212.32 139.38
bottle 0.518617 195.58 123.78 212.14 158.55
cat 0.518606 124.05 56.03 177.61 168.85
bottle 0.518603 100.61 149.83 123.83 172.96
bird 0.518544 113.01 190.26 147.06 214.14
aeroplane 0.518516 175.80 176.32 200.92 205.08
sheep 0.518461 16.19 152.82 41.44 200.42
aeroplane 0.518413 193.95 137.27 209.78 170.18
aeroplane 0.518341 167.52 188.34 196.33 218.97
dog 0.518304 220.00 47.01 224.00 86.99
sheep 0.518285 18.78 131.50 41.49 185.41
bottle 0.518231 180.32 99.38 198.66 141.46
boat 0.518231 209.66 81.48 224.00 124.42
bottle 0.518157 164.57 75.76 186.15 123.25
aeroplane 0.518116 173.45 137.31 192.20 168.56
cat 0.518049 196.25 113.24 212.27 150.55
bottle 0.517953 25.09 58.17 48.33 108.14
diningtable 0.517947 44.01 0.00 124.65 70.53
aeroplane 0.517899 199.44 29.76 212.53 55.14
chair 0.517877 67.79 64.80 224.00 204.17
bottle 0.517833 98.96 162.79 122.98 188.98
aeroplane 0.517807 178.03 189.59 202.47 218.53
aeroplane 0.517804 132.77 16.14 176.88 71.41
bottle 0.517760 111.46 149.45 133.98 170.26
chair 0.517745 18.26 0.00 51.34 18.73
bird 0.517684 116.48 180.47 144.56 204.35
aeroplane 0.517651 178.07 0.00 207.47 28.11
aeroplane 0.517639 128.46 0.00 183.87 36.19
bottle 0.517575 90.16 128.54 115.46 156.53
aeroplane 0.517575 150.42 23.52 187.13 65.77
aeroplane 0.517563 146.58 0.00 194.13 31.05
bottle 0.517506 148.56 18.51 215.09 142.20
sheep 0.517492 199.20 34.81 211.33 61.37
bottle 0.517474 91.44 141.10 114.66 167.54
bottle 0.517447 150.89 119.75 180.02 154.88
bottle 0.517420 122.48 147.39 144.57 167.59
bottle 0.517400 154.42 129.94 180.35 159.57
pottedplant 0.517391 35.31 45.22 55.54 86.51
bottle 0.517371 44.32 137.78 120.49 224.00
chair 0.517343 10.77 0.00 42.87 21.27
aeroplane 0.517315 173.83 144.76 192.02 177.10
bottle 0.517280 137.48 81.16 168.85 130.01
aeroplane 0.517267 188.40 173.10 211.86 203.86
bottle 0.517241 155.87 85.52 176.95 129.91
sheep 0.517230 192.70 64.39 212.68 98.63
dog 0.517217 77.50 0.00 114.16 31.65
chair 0.517207 41.83 0.00 75.75 16.64
aeroplane 0.517188 187.44 36.22 205.38 64.50
tvmonitor 0.517128 203.99 186.88 222.01 217.14
bottle 0.517127 10.30 28.53 22.56 70.78
bottle 0.517116 169.10 87.54 187.30 130.29
chair 0.517092 33.85 0.00 66.51 17.37
bottle 0.517028 109.54 162.90 131.67 187.07
bird 0.517006 141.37 199.35 183.13 224.00
aeroplane 0.517004 187.83 29.83 206.63 56.41
bottle 0.516999 168.02 107.58 189.72 152.47
bottle 0.516903 121.28 162.26 140.49 185.65
bottle 0.516844 85.74 169.19 116.19 202.70
bottle 0.516810 84.85 0.00 119.93 34.41
aeroplane 0.516785 190.70 0.00 211.15 28.31
sheep 0.516770 11.77 131.02 31.08 183.22
tvmonitor 0.516758 211.11 133.94 224.00 172.67
cat 0.516733 211.31 129.64 224.00 167.12
bottle 0.516704 137.87 143.81 164.12 163.94
aeroplane 0.516673 152.59 33.03 185.87 75.35
bottle 0.516623 128.85 162.44 148.45 187.00
aeroplane 0.516592 178.96 153.90 199.55 189.97
tvmonitor 0.516587 202.42 179.13 221.79 208.97
aeroplane 0.516486 74.95 0.00 108.80 49.22
chair 0.516392 1.29 0.00 27.68 50.33
sheep 0.516391 208.29 70.37 224.00 108.72
bottle 0.516359 157.44 136.98 180.32 164.90
cat 0.516283 34.80 122.63 155.33 217.33
bottle 0.516281 123.30 136.86 149.86 159.53
aeroplane 0.516280 198.86 22.26 213.60 49.23
bottle 0.516266 12.91 47.51 23.65 91.49
pottedplant 0.516260 27.69 24.42 86.73 107.63
bottle 0.516206 123.47 0.00 166.01 27.63
bird 0.516199 151.60 200.15 192.61 224.00
aeroplane 0.516173 170.93 28.51 197.04 60.05
aeroplane 0.516152 175.35 164.94 199.93 199.87
boat 0.516057 211.44 94.10 224.00 132.59
bottle 0.516032 101.03 140.23 123.97 165.16
bottle 0.516027 169.57 97.40 188.38 140.98
pottedplant 0.515930 177.81 11.80 224.00 142.19
aeroplane 0.515922 181.07 163.29 205.91 198.72
sheep 0.515903 73.91 21.43 116.05 68.34
bottle 0.515898 103.68 127.80 125.15 153.52
bird 0.515821 86.94 181.89 125.65 210.81
aeroplane 0.515812 171.29 36.38 195.61 69.31
bird 0.515731 99.96 181.40 134.31 207.72
bottle 0.515707 137.45 131.89 171.41 156.98
bottle 0.515654 113.50 138.37 136.84 161.64
bottle 0.515641 111.64 0.00 151.54 23.01
aeroplane 0.515637 166.62 166.43 191.59 200.13
bottle 0.515626 127.66 172.10 152.34 198.11
aeroplane 0.515539 171.01 154.55 191.37 189.59
bottle 0.515499 133.22 163.12 155.70 188.55
bird 0.515432 162.72 202.18 200.27 224.00
bottle 0.515403 74.60 87.81 109.42 138.89
bottle 0.515350 79.97 19.89 119.50 71.10
bird 0.515342 131.98 172.72 158.99 199.63
bottle 0.515336 119.33 171.30 142.73 197.23
boat 0.515333 212.00 29.29 224.00 57.88
bottle 0.515200 94.38 170.71 123.83 202.00
aeroplane 0.515190 159.34 144.85 179.88 174.52
aeroplane 0.515134 147.28 12.20 187.61 55.44
bottle 0.515090 28.60 48.24 50.50 89.45
bottle 0.515035 86.59 87.37 116.43 136.93
aeroplane 0.515006 185.29 19.81 207.52 48.96
bottle 0.514995 190.59 203.01 216.45 224.00
aeroplane 0.514991 195.72 12.99 211.57 39.54
dog 0.514965 179.88 56.75 204.00 89.32
dog 0.514936 197.66 41.31 211.05 70.26
sheep 0.514921 22.38 10.20 48.70 58.73
aeroplane 0.514900 189.16 149.20 209.14 188.17
sheep 0.514895 212.00 33.43 224.00 62.68
bottle 0.514891 88.31 105.86 115.90 145.22
bottle 0.514885 151.52 106.47 178.65 149.01
aeroplane 0.514881 155.58 168.51 181.26 200.83
bottle 0.514817 19.87 30.22 38.23 70.38
bottle 0.514805 29.20 32.09 54.13 72.01
bottle 0.514788 106.10 171.15 132.82 199.25
bottle 0.514734 124.75 125.20 155.25 149.64
aeroplane 0.514659 181.88 9.74 206.95 38.21
chair 0.514623 12.78 10.28 38.35 59.70
dog 0.514616 63.36 0.00 104.59 27.93
bottle 0.514567 138.44 151.67 162.62 173.06
dog 0.514522 183.76 44.72 203.99 75.95
dog 0.514480 153.87 59.35 185.13 102.86
aeroplane 0.514452 186.91 160.37 210.69 198.30
bottle 0.514392 140.15 139.42 170.62 162.45
aeroplane 0.514380 194.25 52.49 211.39 83.62
aeroplane 0.514378 168.17 6.92 199.69 39.07
sheep 0.514368 30.47 8.99 54.15 58.16
chair 0.514360 36.65 0.00 114.66 72.21
tvmonitor 0.514346 207.19 146.96 224.00 190.31
bottle 0.514345 180.60 204.73 210.78 224.00
chair 0.514317 21.09 0.00 84.56 72.96
bottle 0.514310 98.68 16.87 139.00 72.75
aeroplane 0.514243 172.52 0.00 224.00 104.01
sheep 0.514213 36.84 8.03 58.98 57.64
aeroplane 0.514198 57.04 0.00 90.94 49.40
bottle 0.514159 137.66 38.85 175.32 94.64
cat 0.514141 152.10 143.24 216.32 224.00
dog 0.514117 153.03 45.03 184.78 88.63
bottle 0.514100 88.84 0.00 120.94 54.94
boat 0.514077 211.78 113.96 224.00 152.94
aeroplane 0.514028 168.80 17.18 198.10 51.13
bottle 0.513989 21.90 48.69 39.34 90.44
dog 0.513984 167.93 59.35 194.34 95.98
bottle 0.513925 124.44 179.82 192.75 224.00
bottle 0.513822 116.72 126.20 141.00 150.20
bird 0.513801 143.51 170.71 173.46 201.24
sheep 0.513782 41.88 5.20 66.02 56.33
cat 0.513781 128.52 144.18 188.12 224.00
bottle 0.513744 142.39 0.00 209.13 101.82
bottle 0.513743 106.59 105.75 125.65 142.65
aeroplane 0.513695 158.48 156.07 179.59 189.11
dog 0.513622 168.94 46.66 194.19 81.97
cat 0.513600 161.42 83.91 222.50 194.31
tvmonitor 0.513480 203.24 158.42 223.30 200.54
bottle 0.513470 96.80 0.00 131.16 35.02
bottle 0.513443 141.29 176.43 216.13 224.00
cat 0.513364 58.22 139.16 165.78 224.00
chair 0.513357 17.65 0.00 48.49 43.22
bottle 0.513225 101.73 0.37 134.40 54.89
sheep 0.513204 48.30 1.91 76.36 52.91
bottle 0.513177 125.29 0.00 179.40 102.00
bottle 0.513166 133.06 0.00 210.15 58.68
bottle 0.513054 102.14 183.80 181.67 224.00
cat 0.513051 94.08 144.27 178.06 224.00
pottedplant 0.513032 169.47 167.10 224.00 224.00
cat 0.513026 182.35 134.93 224.00 224.00
sheep 0.512997 209.59 61.14 224.00 97.42
aeroplane 0.512866 160.35 0.00 224.00 62.29
aeroplane 0.512746 212.00 15.11 219.19 43.84
bottle 0.512731 142.02 147.44 169.78 172.17
aeroplane 0.512594 208.50 0.91 218.74 31.26
dog 0.512444 47.95 0.00 82.42 32.01
sheep 0.512355 40.55 0.00 71.21 34.97
sheep 0.512205 25.73 0.00 55.03 40.05
sheep 0.512155 33.42 0.00 62.01 37.48
bottle 0.512143 137.77 161.77 163.02 188.39
cat 0.511544 189.20 105.84 224.00 213.88
cat 0.511542 155.97 111.57 217.24 211.77
cat 0.511518 125.04 108.32 182.85 213.06
bottle 0.511481 143.29 158.81 170.48 188.18
bottle 0.511327 118.97 104.54 144.64 139.89
bottle 0.511154 120.11 88.69 146.35 132.05
sheep 0.510880 212.00 49.05 224.00 82.15
cat 0.510653 80.02 104.81 172.80 213.78
