diningtable 0.617450 2.59 20.90 224.00 197.50
person 0.601543 9.88 29.05 224.00 202.81
chair 0.595523 31.94 28.00 224.00 202.89
bottle 0.572769 5.59 24.63 205.30 205.98
chair 0.567996 88.89 17.26 211.28 188.99
chair 0.565931 7.02 102.93 54.68 152.11
chair 0.565006 128.77 0.00 204.07 53.05
bottle 0.556700 7.31 99.50 55.30 149.26
bottle 0.553577 11.50 11.34 73.77 78.59
chair 0.553508 123.17 19.38 213.91 152.81
chair 0.552085 144.66 30.80 217.89 99.27
chair 0.551950 16.63 10.34 75.87 76.49
chair 0.551672 132.79 4.76 185.46 60.45
chair 0.550630 210.56 35.84 224.00 83.36
chair 0.550417 157.96 33.47 223.91 194.35
bottle 0.548724 5.07 55.54 102.23 209.98
diningtable 0.548402 29.98 82.93 186.96 206.63
bottle 0.546700 39.92 93.54 92.91 163.70
chair 0.544571 9.08 43.81 101.32 202.79
chair 0.544302 96.83 148.72 159.91 201.38
bottle 0.543911 60.33 98.25 110.91 161.28
chair 0.543289 183.28 33.88 214.30 85.03
chair 0.542794 136.18 10.12 176.62 72.60
diningtable 0.542557 0.00 78.18 126.32 209.29
cat 0.542280 137.02 11.54 189.08 58.37
bottle 0.541792 0.00 206.24 27.52 224.00
bottle 0.541411 0.00 201.73 18.64 224.00
bottle 0.541393 67.04 0.00 125.56 21.04
chair 0.540988 0.00 30.96 31.91 157.23
bottle 0.540803 53.11 67.27 77.28 89.30
chair 0.540241 24.69 92.42 80.99 161.25
chair 0.540070 13.64 96.85 69.34 156.85
tvmonitor 0.539364 134.61 9.75 175.61 67.78
chair 0.539210 170.55 33.11 211.73 91.30
chair 0.539157 106.37 132.61 156.81 193.21
chair 0.539099 6.84 45.01 74.13 173.03
pottedplant 0.538784 47.76 65.13 75.72 90.28
bottle 0.538410 135.41 9.45 183.87 58.77
chair 0.538134 31.04 82.16 181.61 212.48
bottle 0.538086 3.97 207.69 38.13 224.00
diningtable 0.538071 55.09 33.46 207.12 179.85
bottle 0.537692 28.80 94.23 81.14 158.02
chair 0.537303 216.51 86.97 224.00 128.36
chair 0.537185 149.42 0.00 221.54 144.94
bottle 0.537068 20.22 208.51 64.97 224.00
bottle 0.537020 9.47 208.61 51.01 224.00
chair 0.536968 108.43 126.79 150.57 178.73
chair 0.536924 215.28 52.14 224.00 100.01
chair 0.536744 142.38 17.04 183.36 79.48
bottle 0.536388 8.91 0.00 155.74 131.32
chair 0.535874 183.22 61.79 224.00 200.06
diningtable 0.535797 39.58 135.30 167.15 224.00
chair 0.535669 163.32 97.33 197.00 125.73
bottle 0.535578 19.77 14.46 167.15 171.31
tvmonitor 0.535438 100.11 153.72 165.86 208.74
chair 0.535250 161.10 102.05 189.47 127.93
bottle 0.534978 7.59 0.00 147.40 81.18
aeroplane 0.534857 89.19 171.55 155.52 223.77
chair 0.534740 111.47 121.89 144.66 164.49
chair 0.534643 0.00 53.11 48.96 185.38
chair 0.534559 26.07 32.49 75.72 84.30
bottle 0.534465 58.94 68.57 82.83 88.52
chair 0.534382 0.00 14.39 27.74 125.22
bottle 0.534359 37.78 0.00 141.60 42.41
chair 0.534192 0.00 176.25 41.70 224.00
chair 0.534168 156.69 58.42 208.57 118.67
chair 0.534151 10.67 80.68 57.71 138.05
chair 0.534028 0.00 182.39 80.44 224.00
chair 0.533922 191.92 37.10 218.14 82.68
chair 0.533903 206.80 23.32 224.00 79.10
chair 0.533785 147.52 22.48 196.46 89.74
dog 0.533708 178.05 211.71 214.71 224.00
chair 0.533665 48.58 66.79 76.71 91.80
chair 0.533635 143.24 0.00 209.32 81.43
bottle 0.533548 93.65 159.32 161.54 210.52
car 0.533440 200.97 207.30 224.00 224.00
chair 0.533310 0.00 98.29 40.10 157.97
bottle 0.533245 74.85 89.17 111.62 143.12
chair 0.532919 48.58 139.07 168.62 224.00
sofa 0.532546 182.68 211.74 219.10 224.00
bottle 0.532221 67.06 143.55 102.77 206.62
bottle 0.532138 103.07 210.92 149.87 224.00
bottle 0.532059 72.89 106.97 107.59 161.75
chair 0.532025 0.00 189.90 11.80 224.00
diningtable 0.531880 0.00 126.33 86.83 224.00
chair 0.531521 154.75 0.00 208.17 37.40
person 0.531510 0.00 108.28 38.65 221.25
tvmonitor 0.531497 0.00 23.40 10.00 73.97
person 0.531350 0.00 68.83 55.42 198.36
chair 0.531266 193.98 182.86 224.00 224.00
chair 0.531253 179.37 158.24 201.37 184.44
chair 0.531197 175.64 0.00 215.69 31.41
chair 0.530995 217.03 66.45 224.00 114.45
tvmonitor 0.530983 213.69 144.70 224.00 189.05
bottle 0.530732 17.95 156.45 64.48 193.57
chair 0.530674 201.95 1.65 224.00 38.25
bottle 0.530624 68.78 68.94 90.42 88.83
chair 0.530569 12.43 30.67 120.19 166.79
diningtable 0.530451 9.00 167.17 133.73 224.00
bottle 0.530308 34.62 209.14 76.23 224.00
dog 0.530039 166.34 211.61 204.24 224.00
bottle 0.530004 69.44 161.49 107.33 211.89
bottle 0.529558 72.78 210.82 117.56 224.00
bottle 0.529505 130.53 17.38 167.85 66.42
bottle 0.529396 87.04 210.59 134.85 224.00
bottle 0.529311 12.89 122.47 60.05 182.62
chair 0.529129 114.58 116.66 140.85 153.70
chair 0.528994 210.87 156.93 224.00 201.44
person 0.528952 0.00 0.00 45.49 67.09
chair 0.528903 119.83 49.35 214.74 197.88
chair 0.528861 0.00 49.34 13.50 102.48
chair 0.528752 160.44 0.00 224.00 82.77
bottle 0.528694 85.57 0.00 134.15 19.54
pottedplant 0.528654 177.61 92.24 213.01 126.58
sheep 0.528575 129.03 97.40 148.89 123.22
sheep 0.528553 124.38 53.31 144.28 92.63
chair 0.528541 193.97 81.89 224.00 214.73
tvmonitor 0.528499 0.00 27.00 21.83 67.96
bottle 0.528455 17.69 0.00 128.87 57.30
chair 0.528392 137.29 104.61 156.02 128.70
bottle 0.528389 98.44 58.04 117.20 93.97
chair 0.528362 129.12 104.54 148.27 130.16
bottle 0.528188 109.45 55.89 130.86 93.95
bottle 0.528068 0.00 23.28 22.59 63.91
chair 0.528004 33.45 63.33 76.31 88.88
bottle 0.527980 75.99 167.37 117.21 213.92
bottle 0.527923 44.30 210.33 85.75 224.00
chair 0.527798 160.40 84.46 199.72 125.57
chair 0.527736 147.02 99.45 176.05 123.61
chair 0.527729 204.03 11.73 224.00 66.27
bottle 0.527685 89.34 173.21 153.87 224.00
boat 0.527261 20.46 0.00 54.75 21.70
chair 0.527217 136.20 98.93 156.29 123.51
bottle 0.527202 55.58 210.70 97.03 224.00
bottle 0.527136 42.51 55.95 75.97 87.06
bottle 0.527002 28.78 0.00 62.98 20.37
person 0.527001 0.00 0.00 18.20 23.81
chair 0.526956 18.45 62.00 41.58 89.68
chair 0.526941 30.86 73.05 80.12 129.76
bottle 0.526890 86.03 64.17 107.66 91.22
bottle 0.526756 52.62 0.00 95.11 17.66
pottedplant 0.526737 216.03 95.59 224.00 138.20
bottle 0.526706 71.59 135.07 107.17 193.14
bottle 0.526642 42.20 84.22 100.30 148.68
diningtable 0.526526 208.91 171.38 224.00 210.18
chair 0.526389 203.81 121.23 224.00 224.00
bottle 0.526383 23.53 8.12 70.64 60.53
chair 0.526345 30.07 50.38 76.22 85.48
chair 0.526320 0.00 0.00 39.72 90.93
tvmonitor 0.526309 216.94 132.18 224.00 168.20
bottle 0.526290 114.86 210.36 161.40 224.00
person 0.526286 134.42 0.00 205.75 53.93
chair 0.526247 23.65 62.11 59.09 89.60
bottle 0.526246 101.28 0.00 179.98 46.61
sheep 0.526168 123.53 97.00 144.00 124.38
chair 0.526112 168.68 13.97 210.47 82.33
chair 0.526035 16.43 70.52 47.71 113.38
sheep 0.526002 123.62 103.98 143.20 131.43
bottle 0.525991 0.00 13.56 9.54 60.75
chair 0.525976 2.00 56.09 25.98 97.38
bottle 0.525851 59.31 112.68 103.31 172.00
bottle 0.525616 117.71 54.66 139.32 93.37
chair 0.525568 159.14 210.73 197.66 224.00
diningtable 0.525465 135.58 0.00 209.20 68.08
bottle 0.525403 129.75 210.13 167.20 224.00
tvmonitor 0.525369 9.97 132.86 166.77 224.00
bottle 0.525336 77.00 68.39 97.87 89.94
chair 0.525302 172.21 99.12 207.36 128.63
chair 0.525235 182.06 10.36 213.82 62.46
chair 0.525125 167.22 106.22 192.45 131.53
boat 0.525096 0.00 0.00 26.85 21.28
sheep 0.525062 121.61 110.63 143.15 141.42
chair 0.525030 139.87 177.22 211.82 224.00
chair 0.524845 191.44 3.62 218.12 33.52
chair 0.524760 127.34 110.93 147.78 138.60
bottle 0.524718 43.30 0.00 156.74 68.21
bottle 0.524714 28.01 159.18 67.18 205.95
sheep 0.524686 128.02 88.03 149.08 116.26
chair 0.524683 183.84 7.21 213.35 42.47
chair 0.524626 13.15 18.05 109.61 123.66
pottedplant 0.524595 199.79 89.56 218.32 126.43
bottle 0.524584 43.66 0.00 83.48 18.68
chair 0.524449 0.00 61.33 14.10 117.61
bottle 0.524431 84.17 102.89 114.80 141.87
chair 0.524428 181.74 162.77 204.97 189.55
bottle 0.524401 63.63 169.11 100.08 210.76
chair 0.524393 112.96 155.11 167.61 191.68
sheep 0.524361 0.00 0.00 26.57 37.74
dog 0.524300 139.01 210.57 175.22 224.00
chair 0.524298 23.09 66.95 56.34 98.42
bottle 0.524205 13.21 93.89 62.54 160.46
bottle 0.524151 49.47 163.36 83.72 206.76
bottle 0.524140 12.00 157.06 50.32 190.27
bottle 0.524123 83.44 110.17 118.00 154.00
chair 0.524104 136.73 110.11 155.75 135.16
bottle 0.524101 86.80 165.80 144.95 213.26
bottle 0.524079 0.00 9.19 25.82 52.55
bottle 0.524054 99.00 0.00 143.65 20.90
chair 0.524042 153.88 42.05 205.81 104.61
chair 0.524024 13.02 65.42 32.53 100.76
bottle 0.524008 24.43 165.49 63.83 219.03
chair 0.523965 12.53 60.61 31.01 91.79
bottle 0.523960 75.29 80.56 108.31 124.18
bottle 0.523956 61.63 126.82 103.05 185.87
bottle 0.523956 107.19 125.41 149.69 169.63
dog 0.523937 148.50 211.03 184.44 224.00
chair 0.523844 0.00 83.25 28.07 148.91
bottle 0.523840 128.34 25.59 157.40 76.33
chair 0.523808 122.57 117.32 148.43 149.77
sheep 0.523788 128.36 61.97 147.25 94.95
chair 0.523772 0.00 70.59 19.21 131.21
bottle 0.523745 2.44 156.02 38.98 190.85
sheep 0.523731 106.24 106.60 130.75 135.87
bottle 0.523687 30.55 38.87 73.35 85.12
tvmonitor 0.523654 0.38 46.96 23.92 91.54
bottle 0.523621 49.50 110.12 90.22 171.75
sheep 0.523481 117.52 105.39 138.85 133.27
sheep 0.523471 116.30 98.68 139.60 125.85
chair 0.523465 22.39 48.34 63.20 83.14
chair 0.523461 43.50 66.21 77.93 100.63
bottle 0.523418 0.00 162.11 85.39 224.00
bottle 0.523321 94.47 196.60 148.74 224.00
bottle 0.523259 77.84 177.41 127.56 224.00
bottle 0.523189 0.00 0.00 13.38 37.32
chair 0.523176 163.04 2.07 209.06 62.53
chair 0.523106 92.44 162.07 187.99 224.00
sheep 0.523020 103.98 100.06 129.54 128.18
bottle 0.522903 127.23 39.14 150.63 84.77
bottle 0.522750 13.00 23.19 45.80 62.27
bottle 0.522725 0.00 182.19 22.86 224.00
chair 0.522666 200.07 161.00 224.00 224.00
bottle 0.522653 217.86 120.99 224.00 156.47
chair 0.522574 184.47 174.58 206.33 205.51
bottle 0.522534 19.19 187.39 62.12 224.00
chair 0.522485 4.38 64.72 37.07 115.02
tvmonitor 0.522471 13.97 26.25 43.92 62.07
bottle 0.522427 78.53 28.44 103.00 59.12
tvmonitor 0.522410 133.34 19.88 166.95 72.85
chair 0.522282 132.88 117.07 156.32 145.40
tvmonitor 0.522231 2.65 153.42 125.09 224.00
chair 0.522172 125.20 123.59 156.46 160.65
chair 0.522017 18.30 50.21 45.69 81.85
chair 0.522006 26.44 67.98 75.29 111.37
chair 0.521996 157.58 105.09 181.90 130.37
bottle 0.521967 71.72 28.96 95.38 60.87
bottle 0.521918 29.01 23.61 74.40 71.82
chair 0.521863 148.85 106.63 173.84 131.28
tvmonitor 0.521645 7.15 0.00 85.98 70.76
tvmonitor 0.521601 183.16 153.54 209.07 182.44
pottedplant 0.521590 217.21 105.71 224.00 146.09
chair 0.521568 107.81 111.36 133.97 144.13
bottle 0.521541 35.32 1.63 77.28 41.04
bottle 0.521516 3.94 192.70 33.49 224.00
chair 0.521475 141.89 123.25 166.66 156.55
tvmonitor 0.521265 0.00 35.65 21.04 82.56
tvmonitor 0.521120 13.04 50.86 30.96 84.35
chair 0.521041 163.40 111.70 184.50 138.57
chair 0.521035 163.14 48.84 213.98 94.57
bottle 0.520998 21.96 0.00 63.71 43.35
bottle 0.520953 113.09 0.00 152.36 23.03
chair 0.520917 135.56 134.04 166.57 173.00
bottle 0.520885 64.99 78.76 101.00 122.34
chair 0.520850 155.17 87.80 190.12 124.05
pottedplant 0.520786 188.67 100.23 212.58 132.63
bottle 0.520676 48.80 142.62 88.41 198.98
diningtable 0.520669 183.53 189.34 206.86 221.05
sheep 0.520521 127.76 73.85 147.01 105.50
chair 0.520517 169.01 82.63 212.45 122.47
bottle 0.520473 0.00 150.29 9.76 194.52
chair 0.520382 145.93 113.75 169.26 141.07
diningtable 0.520380 208.19 182.80 224.00 221.13
bottle 0.520272 11.77 144.02 54.84 186.40
chair 0.520219 192.95 50.23 217.70 94.84
bottle 0.520213 69.89 179.61 109.29 224.00
chair 0.520193 133.54 90.43 155.47 117.99
chair 0.520185 169.14 112.18 190.94 138.83
chair 0.520014 144.39 91.09 172.40 121.32
chair 0.519973 144.24 38.37 183.84 92.42
sheep 0.519940 194.17 129.06 209.84 154.22
bottle 0.519940 37.17 169.56 70.39 214.14
bottle 0.519932 84.23 27.84 108.91 56.57
chair 0.519931 179.39 150.01 200.20 177.26
chair 0.519913 183.82 166.73 209.90 197.89
diningtable 0.519901 188.42 174.04 211.16 205.60
bottle 0.519874 49.96 126.64 89.16 186.76
bottle 0.519828 76.31 10.14 106.40 45.43
bottle 0.519813 54.60 28.42 87.87 65.48
bottle 0.519803 75.32 0.00 110.66 31.33
chair 0.519735 21.29 20.34 69.56 63.71
bottle 0.519731 11.46 0.00 104.99 97.57
bottle 0.519704 75.26 126.75 108.70 176.54
dog 0.519650 11.91 11.82 41.58 54.17
dog 0.519649 131.01 48.76 154.67 90.20
chair 0.519552 156.43 111.22 178.14 138.63
chair 0.519509 155.55 123.53 176.88 152.55
sheep 0.519503 192.07 111.26 211.52 142.62
bottle 0.519388 90.28 41.74 107.97 69.49
bottle 0.519348 83.28 71.07 108.52 105.84
bottle 0.519311 108.54 136.22 159.17 190.17
bottle 0.519267 28.72 145.48 73.43 198.67
sofa 0.519229 177.48 207.75 211.59 224.00
bottle 0.519205 4.19 142.92 43.92 182.86
diningtable 0.519198 89.64 2.85 182.55 110.23
bottle 0.519121 123.73 0.00 164.05 25.76
tvmonitor 0.519110 181.89 149.95 202.86 177.15
chair 0.519087 0.00 169.69 7.95 216.09
chair 0.519083 0.00 159.39 8.58 203.17
tvmonitor 0.519074 197.44 149.01 216.00 184.77
sheep 0.519045 187.12 131.07 203.35 154.97
sheep 0.518974 183.00 113.29 204.81 141.75
bottle 0.518917 119.87 44.16 143.66 87.30
chair 0.518903 19.68 34.69 53.64 73.26
chair 0.518894 175.50 113.01 197.93 140.19
bottle 0.518894 71.89 42.92 92.14 72.42
bottle 0.518857 29.57 106.57 74.16 172.83
bottle 0.518828 67.59 73.57 93.89 99.01
bottle 0.518815 80.79 42.03 100.80 71.29
chair 0.518799 198.26 81.74 216.98 121.12
chair 0.518796 144.63 155.31 177.75 184.58
bottle 0.518770 100.42 48.01 116.49 84.21
chair 0.518755 154.01 135.69 177.95 166.98
sheep 0.518615 191.67 139.04 208.32 165.91
bottle 0.518587 0.00 138.93 12.70 184.85
bottle 0.518525 56.92 42.34 83.49 74.58
bottle 0.518521 90.85 85.83 114.88 122.73
chair 0.518517 193.96 154.60 216.30 191.36
bottle 0.518460 75.43 73.45 101.42 101.75
person 0.518398 202.77 199.81 224.00 224.00
tvmonitor 0.518380 14.52 38.04 33.37 74.97
sheep 0.518338 118.05 87.10 140.77 117.99
dog 0.518333 8.27 0.00 37.28 38.38
bottle 0.518326 89.53 51.35 107.75 83.63
bottle 0.518147 0.00 111.87 27.43 165.00
bottle 0.518116 53.33 0.00 91.22 29.45
diningtable 0.518086 190.58 165.52 217.48 200.77
tvmonitor 0.518080 186.51 147.39 208.10 176.46
sheep 0.518036 185.51 141.11 202.48 166.98
bottle 0.517998 126.13 12.17 159.74 48.82
bottle 0.517996 60.37 181.09 97.16 224.00
bottle 0.517993 96.98 0.00 145.85 32.85
chair 0.517916 165.45 126.42 184.90 151.89
bottle 0.517866 7.00 190.85 48.57 224.00
bottle 0.517863 101.13 40.12 115.71 67.29
chair 0.517790 167.71 155.28 191.91 177.66
bottle 0.517751 45.59 74.67 93.58 120.60
bottle 0.517698 71.11 200.60 117.90 224.00
sheep 0.517698 180.39 129.99 198.11 154.45
bottle 0.517598 91.23 122.57 128.02 163.85
chair 0.517575 126.70 146.52 167.31 188.82
dog 0.517498 131.73 33.88 159.11 82.23
chair 0.517426 172.78 128.35 191.99 153.00
bottle 0.517410 95.96 68.79 115.78 108.79
chair 0.517381 174.02 207.23 208.33 224.00
dog 0.517358 100.40 157.54 160.98 208.87
bottle 0.517356 1.80 170.67 27.53 208.70
chair 0.517308 117.69 96.99 201.72 210.86
bottle 0.517304 95.66 158.12 139.31 207.22
pottedplant 0.517237 202.72 97.36 217.57 133.25
chair 0.517234 174.65 140.65 194.75 165.98
bottle 0.517227 28.63 125.42 72.17 188.13
bottle 0.517186 0.00 124.19 18.82 174.73
bottle 0.517132 53.02 70.55 86.35 95.33
chair 0.517120 195.22 66.60 217.01 111.08
tvmonitor 0.517078 201.02 143.18 214.94 176.12
chair 0.516988 180.35 189.68 202.55 219.72
sheep 0.516909 105.98 87.25 129.54 118.57
bottle 0.516909 111.57 43.35 128.15 83.36
dog 0.516864 17.44 0.00 56.57 41.96
bottle 0.516860 94.46 28.22 115.41 54.64
chair 0.516824 166.66 139.21 187.55 165.07
chair 0.516628 135.66 0.00 183.32 32.70
bottle 0.516553 79.68 52.75 99.09 83.23
bottle 0.516446 18.84 162.54 55.07 199.81
chair 0.516439 144.46 52.51 177.21 100.05
bottle 0.516378 114.82 0.00 155.87 41.02
bottle 0.516340 70.23 54.16 89.87 82.99
bottle 0.516210 9.37 176.78 36.76 220.81
sheep 0.516084 119.67 71.01 140.43 106.68
bottle 0.516015 80.61 197.55 135.39 224.00
bottle 0.516011 110.26 68.95 130.23 106.80
chair 0.515937 143.40 71.39 170.98 113.35
chair 0.515807 150.78 147.19 178.38 180.13
bottle 0.515761 45.79 184.94 81.78 224.00
bottle 0.515752 5.50 122.27 47.20 170.93
chair 0.515683 168.33 108.39 224.00 218.31
bottle 0.515649 124.89 0.00 168.67 44.56
tvmonitor 0.515640 204.53 135.80 214.62 164.32
bottle 0.515468 33.15 186.85 70.75 224.00
bottle 0.515197 58.14 54.94 80.94 84.20
bottle 0.514854 14.42 170.97 52.31 219.09
bottle 0.514811 112.68 36.85 126.69 66.63
person 0.514787 81.30 136.95 184.41 224.00
bottle 0.514766 92.51 135.85 133.88 184.27
dog 0.514669 109.56 177.24 163.14 224.00
sheep 0.514633 206.32 125.61 215.32 153.00
bottle 0.514585 135.25 0.00 190.30 48.11
bottle 0.514557 53.92 202.33 96.29 224.00
dog 0.514400 174.52 192.99 199.03 219.24
bottle 0.514258 14.10 166.19 41.93 200.83
sheep 0.514082 205.47 108.98 216.68 142.40
bottle 0.514012 58.03 11.39 95.74 49.95
chair 0.513842 176.87 159.25 224.00 224.00
diningtable 0.513748 194.48 183.97 218.54 218.63
bottle 0.513708 108.84 28.92 126.80 55.27
bottle 0.513579 84.34 10.40 113.66 43.41
chair 0.513187 134.43 149.39 206.26 224.00
bottle 0.512884 93.50 4.10 126.41 36.26
bottle 0.512842 102.01 15.82 126.53 46.96
dog 0.512374 168.82 195.04 193.17 222.22
sofa 0.511996 189.90 204.45 222.38 224.00
dog 0.511402 121.94 202.24 166.58 224.00
chair 0.511347 176.77 176.44 200.03 203.12
dog 0.511119 154.45 192.05 181.20 222.98
dog 0.511113 127.80 184.12 169.40 223.95
dog 0.510695 116.00 164.90 163.94 206.92
bottle 0.510128 124.00 21.50 161.56 59.03
dog 0.509932 170.23 178.17 190.80 206.04
dog 0.509618 149.25 173.82 175.72 207.09
chair 0.508669 168.65 161.59 191.02 191.92
