car 0.662528 2.48 82.87 216.61 148.89
car 0.586980 23.48 60.19 224.00 159.34
car 0.570793 7.19 93.86 34.17 129.24
person 0.567006 61.79 93.80 114.67 126.00
car 0.560661 49.51 117.45 120.88 153.87
car 0.554822 53.06 98.83 120.85 137.65
car 0.553614 7.85 107.00 31.29 143.84
person 0.553148 71.37 85.95 113.00 114.91
car 0.552047 22.62 95.43 158.91 150.92
car 0.551011 36.43 90.96 124.34 133.79
car 0.550276 101.85 190.14 125.77 208.77
car 0.547991 11.21 97.98 33.42 138.57
person 0.547037 53.67 100.04 117.07 137.28
cow 0.546754 6.48 100.51 31.04 136.83
person 0.546388 51.67 110.40 117.95 146.03
car 0.545410 20.91 86.04 74.99 142.17
car 0.545055 0.00 92.07 197.32 173.52
car 0.544270 48.69 127.53 124.34 167.55
car 0.543836 21.62 89.58 57.37 137.95
car 0.542418 11.41 91.91 44.42 135.02
person 0.540554 202.08 1.62 224.00 110.28
car 0.540022 49.55 155.81 106.99 198.10
person 0.539760 217.58 30.67 224.00 94.12
car 0.539340 202.78 78.68 224.00 187.69
car 0.539173 49.95 139.21 115.60 181.23
car 0.539095 21.44 103.13 78.98 158.17
car 0.538831 43.49 171.58 101.27 206.18
person 0.538082 207.06 66.37 224.00 178.03
person 0.537854 75.99 77.37 113.15 104.14
car 0.537612 217.65 25.32 224.00 89.59
car 0.537231 15.64 94.40 108.70 143.89
car 0.536986 16.42 111.34 161.77 172.49
person 0.536737 208.67 30.61 224.00 136.49
car 0.536555 99.63 201.51 127.88 224.00
person 0.536526 218.51 43.91 224.00 106.81
car 0.535701 10.11 119.93 28.63 154.96
car 0.535331 98.27 207.01 138.56 224.00
car 0.535182 103.75 196.04 130.36 212.60
cow 0.535051 116.61 209.88 155.88 224.00
car 0.534627 30.03 86.49 60.19 129.79
car 0.534597 102.44 193.02 189.94 224.00
car 0.534394 175.12 0.00 224.00 77.62
car 0.534104 211.55 106.44 224.00 167.07
car 0.533971 215.14 93.94 224.00 161.11
person 0.533888 219.11 64.90 224.00 124.85
cow 0.533574 7.06 112.82 27.48 149.30
car 0.533448 9.61 108.73 179.23 196.98
car 0.533354 36.56 117.41 110.28 165.00
car 0.532992 209.35 0.00 224.00 25.14
cow 0.532774 0.00 105.86 24.37 145.60
person 0.532638 216.22 87.65 224.00 152.54
cow 0.532531 128.17 212.03 164.15 224.00
aeroplane 0.532315 208.86 113.29 224.00 172.01
person 0.531484 79.36 68.15 112.88 93.71
car 0.531389 132.10 131.50 147.70 151.80
car 0.531306 89.18 190.13 120.62 208.03
cow 0.531196 0.00 118.51 18.95 160.29
cow 0.531150 0.21 92.00 29.56 129.53
car 0.531096 21.39 115.63 67.68 162.75
car 0.530941 89.59 46.24 106.83 61.38
car 0.530935 106.28 0.00 219.18 52.94
car 0.530744 184.39 98.62 224.00 201.47
car 0.530623 0.00 112.09 21.41 153.03
car 0.530456 220.00 11.82 224.00 71.98
car 0.530291 0.27 88.08 27.97 126.56
car 0.530191 0.00 0.00 21.55 24.91
person 0.529733 210.35 206.17 224.00 224.00
car 0.529729 164.93 93.10 180.15 132.68
cow 0.529718 138.75 212.87 171.04 224.00
person 0.529677 83.13 60.73 110.56 82.97
car 0.529474 166.42 28.66 192.92 68.02
car 0.529452 57.88 0.00 224.00 162.53
car 0.529341 220.00 0.00 224.00 47.34
cow 0.529340 54.29 178.58 91.17 209.98
car 0.529321 1.38 89.17 69.64 149.97
car 0.529230 126.15 128.67 141.71 151.69
person 0.529189 86.74 53.59 107.91 71.66
car 0.529188 166.26 80.00 180.20 121.03
car 0.529142 161.90 29.90 184.22 64.63
car 0.529014 55.78 178.91 165.25 224.00
cow 0.528977 149.36 212.94 177.59 224.00
car 0.528873 85.77 44.26 101.73 60.94
car 0.528738 11.00 128.11 28.07 161.94
car 0.528654 23.20 125.13 77.51 171.95
person 0.528533 127.82 88.40 141.14 109.75
person 0.528389 126.80 83.29 139.71 103.68
car 0.528344 89.64 39.01 106.00 53.77
person 0.528332 166.23 73.59 180.98 114.43
cow 0.528281 54.21 201.58 92.50 224.00
car 0.528233 68.69 185.66 110.43 206.67
person 0.528157 133.44 82.38 147.22 102.31
cow 0.528138 8.37 127.07 25.22 162.53
person 0.528088 66.15 87.17 125.79 123.86
person 0.528059 133.82 88.76 147.86 108.77
cow 0.527972 0.00 148.76 15.39 185.13
cow 0.527903 0.00 136.39 16.03 176.80
cow 0.527886 0.00 158.47 15.12 192.85
car 0.527818 132.70 137.47 146.77 156.19
car 0.527801 140.40 132.48 155.53 152.58
person 0.527801 157.27 213.05 186.70 224.00
car 0.527797 93.99 194.73 122.17 210.11
car 0.527771 84.68 38.66 100.81 54.79
car 0.527582 61.23 178.59 111.26 204.28
person 0.527542 132.65 75.57 147.40 95.89
car 0.527495 9.24 81.03 30.91 112.22
aeroplane 0.527282 203.70 128.52 224.00 188.39
cow 0.527275 20.65 205.46 54.27 224.00
cow 0.527160 0.00 197.96 19.62 224.00
person 0.527049 124.66 39.62 138.09 53.52
car 0.527010 214.95 0.00 224.00 35.56
cow 0.526962 13.45 204.37 44.97 224.00
person 0.526950 128.09 92.92 142.46 116.79
car 0.526846 0.00 0.00 49.91 38.99
car 0.526830 132.13 122.38 148.04 145.54
car 0.526829 52.51 179.42 91.23 208.89
person 0.526804 156.61 32.40 178.19 60.13
person 0.526790 132.50 66.86 147.52 87.70
cow 0.526753 7.50 202.77 35.74 224.00
person 0.526712 168.43 69.42 187.15 116.20
cow 0.526704 45.24 40.87 60.80 57.46
cow 0.526703 49.30 35.17 66.92 53.05
person 0.526680 126.25 45.43 137.64 59.01
cow 0.526655 172.72 56.21 198.25 111.15
person 0.526616 125.89 76.54 139.18 97.29
person 0.526602 133.29 44.12 144.43 57.40
person 0.526541 140.58 88.13 156.55 109.50
cow 0.526477 44.06 34.22 61.67 52.69
car 0.526464 9.67 101.37 43.37 147.99
cow 0.526251 29.42 205.36 63.48 224.00
person 0.526200 172.14 175.22 224.00 224.00
car 0.526137 126.20 119.94 141.93 145.31
car 0.526126 33.67 162.78 63.60 194.90
car 0.526113 150.29 131.10 164.57 153.61
cow 0.526065 140.32 94.44 157.70 117.01
person 0.526019 165.52 59.38 184.98 101.20
car 0.525995 89.98 0.00 224.00 74.37
person 0.525908 131.91 39.42 144.07 52.25
car 0.525900 0.00 173.22 51.26 224.00
person 0.525899 125.59 67.29 139.08 88.08
person 0.525892 168.47 54.69 190.69 102.50
sheep 0.525862 0.92 199.62 29.16 224.00
cow 0.525764 149.92 91.45 166.53 119.74
person 0.525703 133.50 94.62 149.15 115.92
car 0.525695 76.43 16.56 224.00 106.08
car 0.525692 33.90 165.57 154.51 224.00
person 0.525678 163.49 34.27 184.26 70.87
car 0.525650 51.14 41.28 65.84 57.52
person 0.525643 140.02 81.31 155.36 102.22
car 0.525599 140.94 139.13 154.55 157.03
car 0.525527 168.22 76.16 186.18 123.11
person 0.525527 164.30 212.60 198.92 224.00
car 0.525476 148.81 98.40 166.55 127.43
car 0.525471 155.62 27.65 177.14 55.96
car 0.525427 151.53 138.31 164.82 158.14
person 0.525387 150.44 34.36 165.10 56.02
aeroplane 0.525381 181.54 144.72 214.14 188.37
car 0.525348 159.73 95.13 175.45 130.05
car 0.525336 26.98 139.98 75.51 184.53
person 0.525324 111.13 88.36 133.66 113.69
person 0.525312 127.74 99.47 142.52 126.30
cow 0.525298 37.69 0.00 79.34 15.13
car 0.525266 61.57 126.19 117.62 157.33
person 0.525241 139.04 74.37 154.63 94.99
person 0.525204 150.54 85.65 166.05 112.76
car 0.525176 60.81 76.08 224.00 224.00
car 0.525111 85.02 50.04 105.38 69.63
car 0.525004 167.27 90.20 186.68 135.73
car 0.524979 127.73 133.85 141.63 156.24
car 0.524974 107.50 126.17 135.96 150.86
car 0.524908 0.00 54.60 13.80 87.21
car 0.524886 139.84 101.75 158.18 126.14
car 0.524866 139.98 122.94 155.84 146.59
car 0.524846 159.01 136.75 172.33 157.47
car 0.524755 199.44 30.49 217.40 91.74
car 0.524749 10.84 70.49 28.69 97.82
cow 0.524714 8.60 137.06 24.12 171.39
car 0.524609 124.44 31.49 138.39 46.37
car 0.524556 16.97 117.37 49.09 158.65
cow 0.524506 8.47 160.64 23.55 186.76
car 0.524503 27.59 163.35 54.06 190.95
cow 0.524494 8.72 150.68 23.84 179.66
car 0.524468 158.89 104.89 174.69 138.37
car 0.524432 0.00 63.58 15.65 98.84
person 0.524399 141.32 37.31 151.95 52.83
person 0.524326 138.62 66.36 153.88 87.11
car 0.524310 141.16 0.00 172.16 15.72
car 0.524307 110.91 196.69 138.39 213.87
car 0.524306 117.27 38.75 131.39 54.44
car 0.524297 135.69 188.78 218.57 224.00
car 0.524295 43.13 86.53 94.13 131.69
car 0.524253 167.39 36.62 191.49 84.86
person 0.524236 161.42 83.15 175.04 117.61
car 0.524224 14.39 137.42 155.28 213.18
cow 0.524219 12.97 163.47 27.16 185.57
person 0.524207 164.68 40.71 185.24 81.71
person 0.524178 109.56 83.12 132.62 106.82
dog 0.524168 172.22 40.35 199.02 97.21
cow 0.524166 172.34 26.90 201.04 72.87
car 0.524118 164.06 114.16 179.19 146.06
car 0.524059 148.42 108.41 165.45 137.92
car 0.524031 81.02 205.62 121.22 224.00
person 0.524017 150.32 78.90 165.38 105.93
person 0.523984 127.23 109.12 142.08 136.87
car 0.523944 149.28 120.72 164.45 147.64
car 0.523940 158.67 128.54 172.30 152.33
car 0.523936 165.25 134.96 179.37 157.36
car 0.523927 84.85 30.31 99.38 47.52
aeroplane 0.523922 209.10 148.95 224.00 202.63
person 0.523917 133.06 101.92 149.58 125.65
car 0.523904 110.76 191.84 137.43 208.12
person 0.523851 103.65 117.46 135.53 144.95
car 0.523798 42.98 169.86 81.47 200.70
car 0.523780 139.60 111.71 156.74 137.38
cow 0.523777 41.46 4.76 71.19 25.30
person 0.523742 133.41 56.92 146.74 76.19
car 0.523734 32.61 155.12 75.59 194.95
cow 0.523726 0.00 181.28 14.62 214.16
boat 0.523704 9.98 0.00 82.00 28.18
cow 0.523695 28.28 169.28 51.56 195.76
dog 0.523685 170.48 212.25 208.57 224.00
person 0.523684 134.12 48.75 145.17 64.52
car 0.523649 59.85 44.42 224.00 129.21
car 0.523631 212.00 30.31 224.00 93.16
cow 0.523629 63.81 204.89 107.13 224.00
person 0.523605 126.14 57.40 138.89 75.61
car 0.523553 124.95 190.94 146.76 206.72
person 0.523553 157.90 36.98 180.12 66.52
person 0.523540 141.67 41.63 151.72 57.83
car 0.523503 164.84 125.89 178.87 151.64
car 0.523499 77.61 38.77 94.29 53.60
person 0.523484 149.66 71.79 164.95 98.77
car 0.523429 118.09 0.00 149.64 16.40
car 0.523421 132.81 111.78 148.51 136.89
person 0.523407 161.37 70.19 179.41 104.91
car 0.523397 12.29 60.19 27.69 82.87
car 0.523378 116.87 31.04 131.33 46.73
person 0.523371 118.13 44.99 130.63 61.01
car 0.523352 15.09 125.48 32.93 161.77
person 0.523344 160.82 62.64 182.06 97.84
car 0.523307 164.49 142.75 180.21 164.58
car 0.523305 153.84 22.26 174.46 50.07
person 0.523286 127.31 50.28 138.06 65.09
car 0.523273 158.88 143.85 171.71 163.99
car 0.523268 91.61 29.31 105.10 45.38
aeroplane 0.523265 185.62 129.10 217.06 186.46
person 0.523210 105.63 97.92 134.59 129.11
cow 0.523138 174.11 73.60 197.96 125.34
sheep 0.523132 185.57 212.43 220.08 224.00
car 0.523127 79.22 44.04 95.49 58.54
cow 0.523116 12.61 152.37 26.97 178.44
car 0.523100 158.54 117.12 173.42 146.88
car 0.523085 0.00 73.90 19.96 111.45
dog 0.522966 183.43 37.60 207.53 97.23
car 0.522949 177.65 0.00 209.87 16.05
car 0.522945 126.63 0.00 157.07 16.41
car 0.522909 199.21 103.47 218.59 159.46
car 0.522906 109.26 0.00 141.32 15.97
car 0.522882 82.05 123.41 125.21 150.60
aeroplane 0.522851 32.29 0.00 77.71 14.09
horse 0.522805 199.80 94.95 218.64 154.85
horse 0.522780 182.50 51.96 207.57 111.02
car 0.522757 191.01 121.78 216.36 178.64
car 0.522756 124.52 22.17 138.49 38.39
car 0.522738 187.69 0.00 217.98 16.72
car 0.522721 174.43 89.78 199.79 139.81
sheep 0.522711 196.86 210.49 224.00 224.00
cow 0.522710 183.24 44.95 207.11 103.20
cow 0.522662 47.61 25.95 67.94 46.27
car 0.522658 0.00 0.00 163.00 160.30
car 0.522622 80.51 182.24 118.53 205.99
car 0.522568 164.22 151.35 180.21 172.58
person 0.522547 102.34 106.25 134.69 137.73
cow 0.522523 40.72 202.98 78.66 224.00
cow 0.522510 45.64 16.52 69.24 36.90
car 0.522484 149.62 23.42 164.25 46.64
car 0.522483 158.63 20.00 183.43 53.70
car 0.522334 201.19 0.00 224.00 21.21
cow 0.522323 35.82 174.42 58.88 202.74
cow 0.522242 19.34 163.66 39.20 187.04
person 0.522239 150.76 38.85 163.63 61.38
car 0.522221 72.72 65.24 117.25 90.96
car 0.522219 160.00 0.00 196.02 15.32
person 0.522182 78.55 92.45 117.98 123.68
car 0.522170 203.57 112.62 224.00 169.80
car 0.522168 0.00 46.32 13.23 77.64
car 0.522162 0.00 71.89 191.11 216.93
boat 0.522123 32.37 0.00 104.61 24.60
person 0.522007 149.59 63.98 164.49 91.31
car 0.521983 7.41 59.32 22.96 84.61
person 0.521973 109.95 67.15 131.23 90.20
person 0.521953 141.98 31.09 152.52 47.56
car 0.521919 168.77 111.16 188.73 147.75
person 0.521903 113.31 57.96 131.02 78.67
car 0.521889 101.72 0.00 132.81 16.19
car 0.521836 55.98 36.75 73.98 52.30
car 0.521828 116.43 22.33 130.66 37.95
car 0.521805 147.68 0.00 221.65 87.81
car 0.521805 58.73 41.83 73.63 56.95
car 0.521801 150.45 10.88 173.05 36.69
cow 0.521800 19.31 187.81 37.02 210.50
car 0.521749 177.53 150.76 213.75 184.07
horse 0.521749 199.21 42.77 214.95 102.18
car 0.521735 170.68 139.86 196.31 167.73
car 0.521727 171.02 132.88 193.15 160.14
cow 0.521711 28.36 185.68 47.88 210.16
car 0.521684 124.40 196.09 148.21 213.96
person 0.521651 159.19 43.98 182.12 77.01
person 0.521644 108.40 76.03 131.96 99.35
person 0.521625 132.32 32.17 144.25 46.07
car 0.521612 66.15 38.23 85.02 52.03
car 0.521587 28.98 80.22 51.48 113.58
car 0.521564 39.00 41.28 54.62 57.00
cow 0.521472 6.08 183.70 22.59 209.61
car 0.521463 70.31 121.02 199.76 205.11
cow 0.521458 43.46 24.58 63.17 45.43
car 0.521452 69.88 42.94 87.90 57.01
car 0.521421 147.25 13.29 163.85 35.77
car 0.521399 45.86 45.24 60.48 62.06
car 0.521394 159.32 151.72 171.19 171.48
cow 0.521368 11.89 187.55 27.80 210.14
cow 0.521366 8.38 167.80 23.34 193.57
person 0.521355 212.00 35.19 224.00 98.69
car 0.521349 170.21 123.52 190.60 153.96
car 0.521310 134.18 142.91 146.13 161.91
car 0.521308 76.46 30.97 92.81 47.54
car 0.521306 91.29 0.00 184.70 37.02
person 0.521304 154.19 0.00 220.58 101.50
car 0.521273 119.45 204.86 152.28 224.00
person 0.521270 117.35 50.86 130.43 68.38
person 0.521270 77.81 112.98 123.60 144.56
car 0.521248 170.39 147.91 198.09 174.39
car 0.521219 152.76 144.47 164.16 163.07
person 0.521217 160.35 53.90 182.85 88.49
car 0.521211 111.91 131.64 136.42 155.93
car 0.521205 1.75 0.00 29.77 21.36
person 0.521194 139.80 56.57 152.88 76.69
aeroplane 0.521176 38.03 34.88 55.72 51.48
car 0.521158 165.20 159.98 178.99 179.89
aeroplane 0.521116 19.23 0.00 64.09 13.80
cow 0.521020 28.86 175.48 50.24 202.15
person 0.521009 141.04 47.19 151.77 65.30
car 0.520998 72.36 157.87 115.29 188.35
car 0.520973 137.48 188.53 153.44 203.53
car 0.520966 34.69 79.32 56.73 110.28
cow 0.520922 12.79 170.32 27.33 192.25
horse 0.520881 191.63 98.10 213.27 151.24
car 0.520850 85.37 70.53 214.50 160.66
car 0.520824 108.30 39.35 123.76 53.68
car 0.520783 171.22 156.64 196.49 180.61
motorbike 0.520762 156.08 181.34 224.00 224.00
car 0.520754 25.25 152.30 55.86 186.45
car 0.520741 91.61 174.52 190.70 224.00
cow 0.520734 36.57 183.49 56.78 209.71
sheep 0.520691 11.26 196.10 29.05 220.10
cow 0.520678 0.00 189.33 15.22 222.46
horse 0.520649 190.79 81.56 211.57 135.17
car 0.520624 178.14 110.47 205.27 152.45
car 0.520621 67.19 169.27 112.06 198.67
aeroplane 0.520608 196.86 118.70 224.00 177.91
dog 0.520602 182.59 24.50 209.74 79.08
horse 0.520512 201.00 80.55 218.42 137.54
aeroplane 0.520488 44.05 0.00 85.22 16.68
car 0.520488 124.04 10.01 139.96 28.74
car 0.520474 76.89 191.18 110.92 209.65
car 0.520397 142.53 144.75 153.24 162.11
cow 0.520317 19.39 170.48 38.30 193.08
aeroplane 0.520301 214.04 159.42 224.00 208.38
car 0.520255 95.85 39.61 112.01 53.82
car 0.520242 124.61 182.33 146.41 200.64
boat 0.520213 133.62 160.32 145.98 180.51
dog 0.520210 198.06 20.33 217.05 81.45
car 0.520193 93.69 47.80 111.33 62.80
cow 0.520129 45.14 174.13 80.18 202.74
car 0.520109 109.09 30.80 123.16 44.98
horse 0.520054 199.06 62.18 216.11 119.68
boat 0.520006 61.64 63.42 111.30 92.09
car 0.519988 179.56 121.05 208.24 158.23
car 0.519925 0.00 36.32 13.15 67.83
car 0.519891 19.52 81.67 42.56 114.79
car 0.519866 191.78 107.94 213.85 156.55
car 0.519848 134.98 150.94 145.81 169.96
cow 0.519832 7.16 175.52 23.50 201.28
car 0.519814 13.01 168.38 106.08 224.00
car 0.519797 159.94 160.17 170.51 179.31
car 0.519789 179.33 134.06 214.61 173.03
car 0.519758 67.57 0.00 101.90 16.66
car 0.519667 133.55 23.18 144.71 38.90
car 0.519652 114.85 10.55 130.88 27.38
aeroplane 0.519650 178.01 158.38 210.72 188.75
aeroplane 0.519637 42.94 14.29 65.67 34.76
car 0.519617 58.08 76.44 114.92 111.06
aeroplane 0.519565 29.45 35.28 47.62 50.83
cow 0.519514 17.65 197.14 38.25 221.99
person 0.519488 150.73 45.31 163.18 70.15
aeroplane 0.519477 0.00 11.89 15.47 39.58
car 0.519440 142.92 23.71 152.95 41.80
sheep 0.519431 5.18 191.95 23.62 219.49
car 0.519405 137.85 180.07 153.06 196.08
boat 0.519390 135.82 194.75 155.09 212.41
car 0.519383 16.05 70.60 33.69 97.01
car 0.519366 72.80 97.72 216.82 177.71
person 0.519358 80.35 82.53 117.15 109.09
aeroplane 0.519294 30.65 42.48 46.90 57.14
car 0.519290 52.67 0.00 93.27 17.38
person 0.519264 150.28 54.91 163.70 81.51
car 0.519244 128.70 139.79 141.37 162.57
car 0.519222 157.77 72.19 224.00 176.46
car 0.519197 7.84 50.41 22.48 73.43
car 0.519184 22.13 135.94 54.71 177.16
aeroplane 0.519156 75.33 21.42 91.32 39.53
cow 0.519154 18.45 150.95 37.90 180.25
car 0.519137 0.00 18.41 14.59 47.62
car 0.519119 86.69 20.78 98.29 37.69
boat 0.519115 48.89 0.00 126.29 25.43
person 0.519093 39.87 78.05 64.00 108.05
car 0.519072 17.99 130.94 132.25 188.60
car 0.519066 39.01 46.01 53.74 62.74
cow 0.519046 25.42 196.95 48.11 224.00
car 0.519036 16.54 135.13 34.44 171.20
car 0.519035 97.10 160.50 124.05 188.11
cow 0.519007 11.69 178.38 27.30 200.89
boat 0.518968 94.34 146.16 125.09 174.76
car 0.518958 0.00 26.47 13.81 57.14
car 0.518940 13.24 51.11 27.80 70.56
person 0.518930 106.37 46.58 122.40 62.50
car 0.518924 77.98 0.00 109.32 16.42
car 0.518922 64.35 143.36 116.45 175.89
aeroplane 0.518908 20.38 15.13 38.94 30.86
car 0.518885 19.08 59.35 34.12 80.67
aeroplane 0.518884 39.04 2.51 70.05 21.49
car 0.518883 84.82 171.43 116.99 200.27
car 0.518862 52.19 44.93 65.67 61.48
car 0.518840 99.09 29.17 112.04 44.63
aeroplane 0.518839 20.42 33.68 37.49 49.31
aeroplane 0.518826 19.92 24.21 37.45 40.48
horse 0.518779 211.98 86.44 224.00 149.56
motorbike 0.518777 154.05 6.57 182.00 38.07
cow 0.518759 61.00 29.82 83.22 45.48
cow 0.518687 19.21 177.58 37.74 201.37
boat 0.518625 127.84 149.27 140.51 171.19
car 0.518582 46.83 76.31 88.74 110.80
car 0.518577 153.73 151.56 163.09 169.61
cow 0.518563 163.30 18.66 191.93 57.36
aeroplane 0.518513 0.00 4.10 15.67 32.83
aeroplane 0.518436 21.36 42.12 37.20 58.07
car 0.518418 166.69 167.55 177.40 185.99
aeroplane 0.518410 186.38 156.53 215.13 198.26
boat 0.518361 124.18 159.97 139.54 183.41
aeroplane 0.518335 8.95 0.00 41.86 17.57
cow 0.518297 51.99 27.98 73.62 45.17
car 0.518296 109.34 21.26 121.44 35.23
boat 0.518295 115.83 149.41 134.75 172.58
car 0.518242 87.90 0.00 116.85 16.89
aeroplane 0.518210 28.22 25.52 47.97 43.00
car 0.518205 142.89 160.52 152.37 178.21
car 0.518198 143.46 151.85 152.25 169.18
person 0.518190 39.33 66.46 57.04 94.03
car 0.518187 129.37 171.00 146.13 192.83
car 0.518163 79.28 48.70 101.30 65.50
car 0.518146 140.81 169.95 152.87 188.27
car 0.518093 160.27 168.23 169.31 186.49
car 0.518005 173.09 163.64 194.40 185.95
aeroplane 0.517961 182.12 173.14 209.43 206.02
person 0.517955 212.00 52.65 224.00 112.39
car 0.517913 32.89 67.48 50.66 95.23
car 0.517901 153.25 159.81 162.22 177.90
car 0.517890 108.36 10.90 121.15 25.26
car 0.517878 75.96 55.51 110.62 77.03
car 0.517877 133.40 11.49 147.06 28.89
aeroplane 0.517841 27.45 15.22 49.27 32.39
car 0.517813 70.78 0.00 161.90 30.58
aeroplane 0.517784 218.83 169.40 224.00 214.68
car 0.517752 151.92 168.43 161.20 186.47
car 0.517714 149.65 177.71 160.09 193.86
aeroplane 0.517677 72.39 6.84 90.69 29.18
person 0.517641 94.47 60.74 119.22 83.81
boat 0.517610 43.87 52.98 58.91 74.31
cow 0.517579 131.21 206.16 160.71 224.00
boat 0.517575 0.00 32.69 39.38 119.33
car 0.517522 21.28 50.24 35.96 67.76
aeroplane 0.517496 181.23 191.27 210.25 223.95
car 0.517456 122.06 124.32 217.09 201.67
car 0.517447 142.33 12.87 154.93 31.75
aeroplane 0.517417 14.88 15.05 29.96 30.15
car 0.517414 95.02 19.12 104.97 34.26
boat 0.517381 148.34 186.44 159.82 201.06
car 0.517343 23.82 69.30 41.80 96.54
boat 0.517315 0.13 64.00 48.35 139.14
boat 0.517306 51.20 63.46 86.09 92.60
aeroplane 0.517295 220.00 182.77 224.00 224.00
aeroplane 0.517280 37.13 25.46 57.25 43.81
car 0.517277 0.00 113.20 72.45 178.25
person 0.517246 212.00 79.66 224.00 140.83
aeroplane 0.517244 20.28 3.12 44.00 20.95
person 0.517232 101.78 53.77 120.33 72.87
car 0.517182 115.07 138.78 135.99 163.34
sheep 0.517178 197.30 14.58 216.45 71.72
cow 0.517169 54.74 20.46 81.00 37.50
boat 0.517152 112.76 161.48 132.77 186.34
cow 0.517134 34.23 195.76 57.63 224.00
cow 0.517107 47.10 180.94 77.46 207.67
car 0.517005 7.94 39.35 22.54 62.07
aeroplane 0.516995 9.90 13.66 23.68 32.86
car 0.516965 59.93 44.84 75.66 61.52
car 0.516947 36.94 54.07 52.07 75.58
car 0.516946 30.29 48.35 45.75 64.60
sheep 0.516941 216.23 197.91 224.00 224.00
aeroplane 0.516915 13.16 41.23 28.54 59.56
aeroplane 0.516805 13.87 22.73 29.26 38.61
car 0.516789 146.10 0.00 176.71 21.49
car 0.516782 90.41 135.59 125.17 164.66
aeroplane 0.516739 25.80 2.35 54.77 20.49
person 0.516728 158.74 49.71 224.00 153.21
car 0.516680 70.47 46.19 95.00 62.84
boat 0.516657 87.04 8.98 99.11 27.39
boat 0.516649 66.91 52.68 105.43 75.67
car 0.516528 0.00 130.84 60.97 203.04
boat 0.516510 145.63 194.75 161.82 212.15
car 0.516431 99.28 174.55 123.31 202.61
aeroplane 0.516391 13.13 31.43 29.00 48.30
car 0.516296 109.08 185.07 137.03 204.78
aeroplane 0.516261 9.21 20.35 23.36 40.48
aeroplane 0.516246 154.67 117.40 224.00 203.59
car 0.516232 27.37 56.74 43.28 77.66
person 0.516227 44.34 65.48 63.99 92.36
car 0.516213 102.71 18.57 112.16 33.73
car 0.515955 159.96 176.01 167.73 192.52
aeroplane 0.515860 177.69 174.96 203.26 203.46
boat 0.515850 56.77 51.73 81.15 74.31
aeroplane 0.515819 178.62 165.15 207.72 194.13
aeroplane 0.515801 49.64 6.97 80.44 27.34
aeroplane 0.515764 8.32 28.63 22.95 50.11
aeroplane 0.515649 15.00 5.64 32.84 22.45
boat 0.515624 49.59 52.24 64.99 73.49
aeroplane 0.515538 10.15 5.94 23.89 26.46
aeroplane 0.515532 35.77 15.01 60.58 32.36
cow 0.515448 197.58 0.00 218.03 44.27
aeroplane 0.515408 190.42 144.32 224.00 196.64
cow 0.515342 54.39 190.55 87.45 221.49
car 0.515292 212.00 11.74 224.00 71.07
car 0.515216 103.66 9.44 113.75 23.63
car 0.515193 167.89 174.49 176.08 191.57
aeroplane 0.515181 159.94 1.16 191.33 41.80
boat 0.515049 96.30 9.68 106.34 23.92
boat 0.515013 0.00 0.00 37.98 82.45
sheep 0.514950 142.03 207.86 167.87 224.00
cow 0.514685 46.68 0.00 87.74 19.93
boat 0.514683 156.78 194.91 169.06 213.45
cow 0.514578 61.46 195.21 100.85 223.50
car 0.514558 127.89 167.79 212.57 224.00
aeroplane 0.514466 4.64 0.00 26.79 22.49
aeroplane 0.514396 174.35 170.33 191.66 191.94
boat 0.514253 159.00 184.38 167.18 199.28
cow 0.514217 172.65 17.13 199.21 59.15
car 0.514114 115.96 172.85 137.79 198.20
boat 0.514088 0.00 0.00 45.37 45.72
car 0.513934 138.08 0.00 159.50 20.13
boat 0.513855 10.06 44.76 75.84 128.03
boat 0.513795 17.31 72.00 85.98 145.99
aeroplane 0.513754 66.98 0.00 97.11 19.12
aeroplane 0.513690 188.01 187.04 214.74 220.63
cow 0.513433 190.39 0.00 217.59 26.98
cow 0.513432 45.83 192.47 77.12 221.98
sheep 0.513382 153.19 209.06 173.93 224.00
aeroplane 0.513352 173.04 193.74 189.86 220.05
dog 0.513199 183.96 14.64 208.47 60.04
dog 0.513159 183.52 0.00 209.02 46.38
boat 0.513038 167.96 182.68 175.18 199.05
aeroplane 0.513020 173.78 179.02 188.81 200.42
cow 0.513009 171.65 0.00 199.41 44.93
car 0.512961 99.30 0.00 120.29 17.09
motorbike 0.512722 149.43 0.00 185.57 20.29
boat 0.512578 166.46 195.01 177.35 216.23
car 0.512537 25.08 72.00 148.70 145.18
car 0.512493 104.75 175.28 129.49 202.21
car 0.512459 18.37 150.75 120.80 217.52
aeroplane 0.512370 152.18 158.29 224.00 224.00
dog 0.512033 177.77 0.00 208.69 25.96
motorbike 0.511923 156.99 0.00 194.75 22.40
car 0.511809 42.86 25.21 202.61 114.97
boat 0.511700 31.61 56.00 167.78 140.84
dog 0.511617 167.65 210.53 195.21 224.00
sheep 0.511558 161.68 210.00 182.68 224.00
cow 0.511389 167.82 0.00 201.52 24.49
boat 0.511312 23.46 50.67 106.61 127.38
aeroplane 0.511307 36.89 13.69 145.54 102.54
boat 0.511247 28.84 0.00 115.29 45.00
aeroplane 0.511244 13.47 0.00 89.72 33.77
boat 0.511186 38.19 20.39 172.47 111.01
boat 0.510957 4.36 0.00 71.16 83.72
aeroplane 0.509975 19.91 1.88 97.46 82.71
aeroplane 0.509286 197.48 166.75 224.00 206.97
aeroplane 0.509209 200.47 183.33 224.00 219.23
boat 0.509056 40.45 0.00 141.92 53.93
sheep 0.508946 199.38 202.73 223.90 224.00
boat 0.508353 58.21 0.00 182.96 62.83
