car 0.670785 2.10 35.99 224.00 206.14
aeroplane 0.560370 30.13 0.00 224.00 190.86
car 0.541336 77.67 18.14 111.65 38.25
car 0.541267 207.28 0.00 224.00 32.55
car 0.540369 4.95 107.98 208.42 221.01
bottle 0.539679 0.00 209.52 26.90 224.00
person 0.539331 0.00 205.30 16.58 224.00
cow 0.537286 212.10 87.93 224.00 155.87
car 0.537221 15.79 58.75 183.10 191.34
car 0.535518 182.89 57.46 224.00 192.08
car 0.535445 39.62 14.54 216.79 152.43
person 0.535126 0.00 145.49 7.20 201.26
person 0.534596 0.00 169.49 38.19 224.00
car 0.534529 24.61 136.40 171.85 224.00
person 0.534285 0.00 175.81 70.18 224.00
car 0.534177 0.00 57.11 22.82 168.39
person 0.533827 0.00 67.97 20.45 181.78
car 0.533239 86.94 183.88 114.54 217.82
train 0.532961 25.87 45.67 52.79 64.55
car 0.532383 133.65 184.75 166.52 208.93
person 0.532205 162.90 34.56 224.00 188.08
aeroplane 0.532100 170.78 4.41 224.00 139.76
car 0.532059 194.71 0.00 224.00 29.34
car 0.532001 38.85 211.21 81.76 224.00
person 0.531996 0.00 130.97 24.49 224.00
motorbike 0.531958 134.07 202.10 175.43 224.00
bottle 0.531875 3.85 211.01 37.83 224.00
aeroplane 0.531745 161.94 25.64 224.00 174.21
car 0.531624 185.21 0.00 217.71 24.85
cow 0.531607 192.99 90.35 216.37 155.85
aeroplane 0.531171 49.83 0.00 203.52 126.10
bottle 0.531104 32.00 212.07 73.41 224.00
cow 0.530980 139.29 205.37 178.14 224.00
cow 0.530942 47.98 208.54 90.64 224.00
motorbike 0.530937 220.00 17.50 224.00 73.81
cow 0.530820 153.20 209.91 184.98 224.00
aeroplane 0.530710 186.09 0.00 224.00 59.42
train 0.530557 25.00 39.23 52.57 59.13
person 0.530529 0.00 0.00 43.51 53.13
car 0.530423 137.34 189.71 170.42 215.13
car 0.530309 20.44 161.98 134.14 224.00
cow 0.530287 217.12 77.67 224.00 138.34
cow 0.530067 151.06 114.93 177.45 149.53
train 0.529892 23.47 16.88 62.24 39.86
person 0.529518 29.87 95.19 68.28 124.26
car 0.529507 0.00 34.16 30.18 139.31
person 0.529353 32.47 43.55 61.08 65.23
person 0.529341 32.15 102.30 65.30 128.54
cow 0.529321 165.17 212.62 195.66 224.00
person 0.529265 0.00 146.93 18.66 199.47
car 0.529083 83.20 42.66 216.13 198.82
dog 0.528779 210.56 204.16 224.00 224.00
cow 0.528689 219.75 71.52 224.00 127.30
car 0.528622 47.45 156.72 189.03 224.00
person 0.528442 189.95 184.90 224.00 224.00
car 0.528346 200.20 93.93 224.00 209.17
cow 0.528280 220.00 113.53 224.00 176.66
bottle 0.528042 20.43 210.31 59.34 224.00
cow 0.528033 217.82 101.73 224.00 169.92
person 0.527932 39.99 68.28 73.35 91.67
cow 0.527906 181.90 95.99 211.18 155.98
aeroplane 0.527879 220.00 7.75 224.00 67.97
motorbike 0.527773 183.93 0.00 216.28 31.29
person 0.527717 0.09 126.90 70.03 220.08
cow 0.527586 220.00 53.57 224.00 107.36
car 0.527448 216.27 0.00 224.00 46.33
person 0.527281 39.20 59.76 71.65 83.31
aeroplane 0.527164 92.50 4.36 214.64 158.34
horse 0.526792 150.54 106.88 183.66 150.71
train 0.526787 13.75 15.56 49.66 36.85
car 0.526691 5.99 65.48 100.99 181.15
bottle 0.526679 220.00 124.66 224.00 183.43
car 0.526673 205.58 119.56 224.00 224.00
cow 0.526618 80.51 196.55 119.49 224.00
person 0.526556 141.91 192.54 214.70 224.00
cow 0.526556 102.67 197.57 144.03 224.00
cow 0.526551 57.40 205.98 99.75 224.00
person 0.526411 34.93 49.87 62.71 71.89
train 0.526337 25.14 24.36 59.09 46.19
car 0.526332 47.01 168.93 80.99 206.94
bottle 0.526319 0.00 199.18 12.88 224.00
car 0.526160 133.90 48.53 224.00 194.57
person 0.526093 3.69 76.28 89.12 182.97
train 0.526020 26.28 49.86 53.77 70.31
person 0.525995 0.00 64.02 11.26 108.61
boat 0.525975 77.20 0.00 108.00 22.79
person 0.525946 29.43 36.18 60.61 59.47
sheep 0.525937 187.51 209.78 218.22 224.00
cow 0.525884 89.61 196.15 134.55 224.00
cow 0.525849 190.27 99.46 210.50 170.37
pottedplant 0.525582 75.84 198.52 114.82 224.00
dog 0.525574 119.48 66.34 145.94 105.74
dog 0.525519 177.82 212.55 211.49 224.00
aeroplane 0.525443 175.58 27.04 202.79 71.06
person 0.525422 0.00 20.79 31.74 120.72
person 0.525338 0.00 125.84 6.64 182.25
car 0.525276 39.52 172.71 62.26 203.28
train 0.525214 24.59 31.47 54.90 53.22
car 0.525193 0.00 10.31 21.75 38.43
cow 0.525128 136.53 194.82 171.52 224.00
train 0.525044 6.92 14.39 39.78 37.44
car 0.525044 56.15 174.34 91.66 212.27
bottle 0.524997 220.00 141.64 224.00 196.78
sheep 0.524916 34.37 133.22 61.75 162.33
person 0.524879 38.82 51.70 68.87 75.20
motorbike 0.524830 124.89 32.91 224.00 195.82
dog 0.524828 33.29 131.01 57.65 159.44
car 0.524605 96.18 188.96 194.66 224.00
horse 0.524506 164.03 98.96 198.45 153.68
motorbike 0.524485 115.76 197.59 157.98 224.00
aeroplane 0.524476 68.81 0.00 188.21 88.13
sheep 0.524471 36.43 140.68 60.99 169.96
person 0.524442 38.07 44.46 67.32 68.34
person 0.524432 0.00 101.16 8.52 147.94
car 0.524352 75.93 180.56 106.71 214.85
boat 0.524303 75.03 6.25 111.06 32.40
aeroplane 0.524297 122.79 54.17 152.75 102.81
person 0.524297 36.53 56.77 66.06 79.40
sheep 0.524270 69.39 73.91 92.03 95.30
cow 0.524256 204.29 90.68 221.46 163.39
dog 0.524216 34.81 138.19 56.97 168.81
car 0.524174 43.41 171.81 71.81 204.70
dog 0.523918 70.85 134.72 98.30 170.22
person 0.523751 0.00 0.00 20.21 31.14
cow 0.523701 179.86 103.35 204.15 167.33
person 0.523583 37.91 65.01 68.65 87.52
dog 0.523553 82.73 113.63 103.09 134.81
chair 0.523506 123.72 118.24 148.23 148.57
aeroplane 0.523454 123.86 3.70 153.02 35.51
car 0.523442 23.82 97.24 170.09 206.78
car 0.523319 99.27 178.85 133.13 215.53
dog 0.523304 74.31 106.53 93.17 126.80
aeroplane 0.523243 119.96 15.77 144.72 40.41
sheep 0.523168 90.11 115.24 108.74 135.67
person 0.523153 0.79 101.46 74.61 200.87
bottle 0.523091 0.00 136.79 17.80 188.23
cow 0.523089 150.51 124.56 177.14 158.48
sheep 0.523081 32.31 122.77 62.92 153.63
person 0.523036 27.35 100.79 59.15 123.70
car 0.522990 9.70 151.63 29.70 199.44
aeroplane 0.522956 125.92 13.10 150.96 42.08
sheep 0.522936 100.61 115.30 116.28 136.24
aeroplane 0.522910 127.90 27.57 153.55 71.46
cow 0.522903 68.68 201.95 111.15 224.00
cow 0.522859 192.82 117.66 209.51 176.20
sheep 0.522856 200.36 205.84 224.00 224.00
sheep 0.522827 80.55 73.63 100.20 95.23
car 0.522808 36.28 144.99 56.80 180.95
car 0.522666 130.99 178.88 164.10 204.51
person 0.522665 0.00 53.38 12.89 97.26
aeroplane 0.522644 180.12 0.00 213.17 28.52
dog 0.522633 78.60 134.33 105.06 166.74
aeroplane 0.522593 182.41 0.00 224.00 92.69
sheep 0.522562 41.83 101.95 77.29 127.29
car 0.522511 63.46 17.99 99.74 35.95
bottle 0.522446 0.00 184.57 9.73 224.00
dog 0.522393 82.03 107.90 102.49 128.38
dog 0.522386 74.69 111.40 94.61 133.16
sheep 0.522382 66.97 66.34 92.63 88.72
cow 0.522379 166.18 101.66 197.25 157.60
person 0.522326 149.54 122.00 176.89 150.74
dog 0.522249 113.02 70.38 136.43 100.89
sheep 0.522228 65.76 155.88 85.24 187.34
car 0.522219 112.64 178.80 138.71 215.68
dog 0.522125 82.54 117.35 104.41 141.34
dog 0.522114 71.25 120.73 100.48 154.10
car 0.522102 174.68 0.00 211.56 20.24
car 0.522091 0.00 49.96 14.09 90.57
sheep 0.522055 37.39 135.41 69.82 165.62
aeroplane 0.521992 188.73 0.00 213.67 41.36
dog 0.521929 121.98 78.24 147.00 115.06
bottle 0.521928 29.06 17.64 62.22 39.22
dog 0.521906 74.08 98.09 92.65 119.46
boat 0.521899 63.21 0.00 91.50 22.19
boat 0.521897 63.82 15.44 98.37 32.55
car 0.521766 37.28 164.17 58.99 199.68
boat 0.521702 38.61 16.24 67.26 36.96
sheep 0.521655 71.70 79.31 91.29 101.20
dog 0.521606 124.44 66.24 153.04 109.11
aeroplane 0.521597 178.03 18.95 210.18 68.08
sheep 0.521596 41.12 144.50 69.05 172.51
car 0.521544 63.96 160.83 86.52 199.13
aeroplane 0.521528 148.97 0.00 210.80 63.04
dog 0.521497 57.41 134.94 89.34 171.06
dog 0.521496 220.00 162.76 224.00 210.89
aeroplane 0.521487 123.41 0.00 159.47 15.02
aeroplane 0.521448 119.55 46.38 145.27 87.92
car 0.521434 31.65 161.15 53.49 200.10
car 0.521327 80.34 169.91 105.82 211.63
dog 0.521318 80.97 99.49 101.57 120.61
sheep 0.521310 59.12 103.18 84.93 125.54
chair 0.521308 128.75 118.32 154.74 146.90
dog 0.521299 30.23 136.41 50.15 168.62
dog 0.521282 91.53 118.34 109.53 140.87
car 0.521266 133.82 167.89 168.48 201.45
bottle 0.521257 124.03 128.82 147.44 161.28
sheep 0.521252 80.99 80.41 99.66 101.68
car 0.521207 36.83 173.45 55.66 205.68
cow 0.521174 135.07 191.01 171.04 213.31
car 0.521174 43.27 151.88 68.39 182.53
bottle 0.521141 0.00 186.80 19.44 220.54
sheep 0.521141 50.34 154.60 77.30 185.44
car 0.521134 74.33 166.66 98.64 208.82
cow 0.521126 196.40 81.92 224.00 135.30
car 0.521114 124.63 178.41 150.70 208.69
train 0.521113 21.75 9.65 60.96 34.97
motorbike 0.521111 149.11 103.46 181.97 148.61
aeroplane 0.521080 120.63 23.40 144.53 57.25
dog 0.521074 38.25 93.28 77.29 121.59
dog 0.521070 80.49 122.81 106.52 151.32
person 0.521057 31.09 83.66 69.26 115.14
car 0.521045 78.07 20.16 113.30 47.95
person 0.520982 0.00 81.52 10.12 127.58
car 0.520978 20.10 154.97 41.04 200.71
car 0.520953 85.63 20.78 118.30 43.35
car 0.520885 58.88 181.53 91.37 222.28
car 0.520860 128.49 0.00 164.94 14.98
person 0.520858 26.63 54.11 54.84 76.93
car 0.520841 39.93 63.41 76.46 84.88
sheep 0.520822 91.82 72.15 107.28 93.05
dog 0.520769 123.39 88.82 148.54 127.07
person 0.520766 198.15 156.90 224.00 224.00
person 0.520735 39.22 74.51 73.74 102.34
car 0.520717 73.72 161.81 94.15 199.37
boat 0.520690 23.87 0.00 54.99 30.95
car 0.520688 3.10 66.80 25.15 102.21
aeroplane 0.520687 117.48 7.07 147.50 34.73
dog 0.520677 73.70 156.49 91.95 187.13
dog 0.520660 101.28 118.16 116.08 140.01
cow 0.520633 193.80 73.96 222.66 122.38
car 0.520631 49.36 180.65 82.05 222.22
sheep 0.520623 49.40 72.59 82.36 92.97
car 0.520592 120.98 28.68 144.21 67.33
dog 0.520573 111.17 61.62 134.64 91.47
boat 0.520558 54.15 0.00 81.46 24.92
sheep 0.520510 73.63 86.44 91.35 109.67
sheep 0.520480 195.99 125.89 209.81 181.86
dog 0.520425 73.41 114.71 97.34 140.88
boat 0.520381 50.66 15.33 80.92 33.65
bottle 0.520363 1.55 129.92 19.77 177.85
dog 0.520321 220.00 183.58 224.00 219.43
sheep 0.520282 79.72 65.01 100.13 87.57
car 0.520269 16.80 114.62 120.56 209.10
car 0.520262 174.67 30.34 196.21 73.97
sheep 0.520183 89.25 108.80 108.65 129.40
sheep 0.520143 80.86 88.45 99.84 110.46
car 0.520095 49.13 161.14 77.79 198.43
dog 0.520085 64.00 148.75 86.54 178.55
car 0.520080 8.08 44.22 98.57 145.59
cow 0.520049 170.91 115.26 196.91 165.26
motorbike 0.520039 180.30 25.13 211.30 73.51
sheep 0.520020 110.76 115.74 133.87 138.08
car 0.520010 141.67 0.00 178.58 15.68
car 0.519995 63.52 0.00 190.69 80.98
car 0.519988 103.00 19.87 131.02 42.39
sheep 0.519943 5.22 105.51 25.00 138.93
dog 0.519928 118.55 113.93 148.17 142.86
dog 0.519856 101.63 62.70 113.99 84.27
bottle 0.519819 124.32 139.85 144.87 171.62
boat 0.519798 18.51 0.00 85.14 50.14
aeroplane 0.519786 120.90 36.53 144.66 76.73
dog 0.519783 101.79 71.66 113.99 92.47
car 0.519774 30.53 142.91 50.78 182.59
dog 0.519767 72.20 148.67 93.17 178.47
sheep 0.519758 4.78 96.91 26.52 131.64
sheep 0.519705 48.19 147.20 78.26 176.13
dog 0.519699 107.12 72.75 123.03 95.00
sheep 0.519690 30.83 109.10 59.39 138.67
bottle 0.519652 9.82 135.67 27.27 180.42
aeroplane 0.519623 199.00 0.00 221.48 43.38
car 0.519620 46.64 66.21 82.90 87.00
car 0.519541 148.82 131.96 177.46 167.38
cow 0.519487 206.52 109.93 219.98 175.97
aeroplane 0.519474 168.54 25.17 188.69 73.11
bottle 0.519471 0.00 157.10 17.84 203.63
cow 0.519436 184.21 127.99 203.02 180.45
dog 0.519430 116.29 80.12 139.54 111.61
dog 0.519366 92.49 62.91 107.71 84.55
car 0.519318 165.78 0.00 197.96 17.10
chair 0.519257 136.85 119.11 171.22 146.72
dog 0.519243 101.15 50.76 114.15 75.19
dog 0.519241 56.57 94.59 83.08 118.66
car 0.519221 138.83 155.43 170.67 191.39
sheep 0.519218 199.30 137.01 209.79 186.64
dog 0.519218 11.55 129.65 28.45 169.26
sheep 0.519205 215.75 195.83 224.00 224.00
motorbike 0.519162 152.37 88.72 181.34 133.64
car 0.519151 78.50 26.42 109.86 59.02
person 0.519126 0.00 167.66 8.91 215.17
dog 0.519116 65.83 56.45 92.66 81.64
car 0.519087 57.41 0.00 147.54 58.51
cow 0.519077 182.34 85.34 215.59 133.89
boat 0.519055 4.60 0.00 30.59 31.81
aeroplane 0.519051 110.17 0.00 196.24 75.16
cow 0.519044 187.14 63.06 219.44 111.92
car 0.518957 154.67 0.00 186.21 15.69
sheep 0.518938 188.24 139.79 203.03 185.70
car 0.518921 59.69 20.64 96.33 41.67
dog 0.518911 79.30 163.10 101.20 200.07
car 0.518898 48.49 197.46 87.23 224.00
dog 0.518878 54.98 119.31 92.17 156.52
car 0.518876 90.67 177.33 121.37 222.66
aeroplane 0.518861 174.20 37.37 197.51 84.92
bottle 0.518859 1.60 0.00 74.40 78.06
sheep 0.518856 100.70 108.82 117.04 131.03
dog 0.518851 118.96 90.14 143.06 123.53
bottle 0.518850 124.21 151.39 144.23 182.18
car 0.518833 87.06 26.84 115.16 56.95
boat 0.518805 35.52 181.26 55.39 213.51
bottle 0.518782 29.34 201.80 59.94 224.00
car 0.518764 169.25 30.22 189.66 77.60
aeroplane 0.518749 183.04 0.02 210.81 56.67
motorbike 0.518749 200.91 22.55 224.00 75.65
bottle 0.518731 10.17 156.65 28.24 202.23
car 0.518707 38.68 183.33 61.45 213.29
person 0.518706 27.12 60.76 54.88 85.37
chair 0.518684 130.82 129.33 154.91 157.73
sheep 0.518673 4.84 112.13 23.88 148.17
aeroplane 0.518621 105.54 0.00 141.67 19.07
car 0.518618 20.46 48.94 141.07 149.87
car 0.518611 44.26 182.87 71.50 217.04
aeroplane 0.518606 152.91 23.94 176.82 70.75
car 0.518600 42.92 160.62 68.94 197.26
cow 0.518596 170.17 197.43 187.56 214.91
sheep 0.518583 90.68 79.52 106.25 100.14
dog 0.518574 105.76 63.80 121.48 85.70
dog 0.518570 20.83 135.10 39.32 172.79
car 0.518564 95.79 37.08 114.61 65.73
car 0.518387 3.49 59.00 28.99 94.56
dog 0.518377 119.76 150.80 141.23 184.76
car 0.518376 36.09 24.66 171.33 127.10
cow 0.518343 174.15 132.27 196.51 177.99
boat 0.518312 9.66 10.63 79.70 102.36
dog 0.518242 119.68 160.10 142.43 197.22
car 0.518224 33.70 202.45 66.93 224.00
boat 0.518210 63.25 6.86 94.71 28.45
aeroplane 0.518192 130.81 55.40 161.75 104.26
boat 0.518171 43.41 0.00 70.78 28.50
cow 0.518153 152.22 202.70 179.23 224.00
motorbike 0.518145 157.45 82.04 224.00 203.62
bottle 0.518144 30.34 10.42 62.36 34.51
car 0.518132 40.24 54.70 74.89 77.96
dog 0.518128 178.30 197.32 195.55 215.28
boat 0.518101 36.62 0.00 106.78 50.69
sheep 0.518080 6.37 9.93 36.92 34.69
car 0.518074 144.94 140.07 176.51 178.01
car 0.518063 40.72 200.33 76.88 224.00
person 0.518022 4.34 76.08 24.86 109.79
sheep 0.518022 39.31 122.32 78.39 158.05
dog 0.518015 22.21 129.24 44.06 161.72
bottle 0.517945 3.65 121.04 21.97 163.72
dog 0.517940 78.04 147.70 100.65 176.56
cow 0.517929 58.17 195.85 95.47 224.00
cow 0.517906 178.11 76.24 212.77 120.83
cow 0.517903 209.07 77.78 224.00 137.75
motorbike 0.517882 172.21 110.93 224.00 219.14
dog 0.517866 18.06 9.77 60.14 34.07
dog 0.517812 92.86 51.59 109.08 75.96
dog 0.517800 85.84 171.28 111.98 214.61
dog 0.517770 79.15 54.27 101.04 79.68
boat 0.517763 11.66 0.00 40.19 32.34
dog 0.517756 126.00 97.14 151.98 139.10
dog 0.517737 119.60 139.28 142.47 174.35
dog 0.517704 87.75 99.52 106.84 120.87
sheep 0.517698 209.06 121.31 220.75 180.98
car 0.517623 22.21 82.97 48.64 110.17
bird 0.517585 12.75 10.64 47.18 33.89
dog 0.517575 185.62 196.18 203.92 215.31
dog 0.517535 90.32 122.83 110.65 149.38
cow 0.517531 147.50 90.71 180.87 130.89
dog 0.517519 120.07 98.48 145.54 133.52
car 0.517504 22.54 71.38 45.65 98.34
dog 0.517498 177.68 143.36 196.22 184.08
aeroplane 0.517471 131.86 0.00 212.36 112.08
car 0.517456 75.14 5.11 111.53 33.23
boat 0.517449 35.35 0.00 63.20 30.35
dog 0.517437 79.08 156.56 99.17 185.82
cow 0.517427 153.06 110.77 188.58 157.35
dog 0.517419 119.50 128.19 147.43 162.81
car 0.517371 89.66 37.18 111.35 67.03
sheep 0.517357 59.82 108.01 87.39 132.07
car 0.517352 19.99 140.12 38.44 187.22
car 0.517314 78.84 39.67 104.43 70.00
person 0.517312 27.40 70.52 56.05 97.88
boat 0.517307 51.67 7.29 80.60 29.45
dog 0.517303 110.34 160.19 135.35 199.63
car 0.517292 24.62 99.92 52.66 122.70
boat 0.517291 39.42 8.90 67.96 32.47
car 0.517273 124.67 169.24 147.05 202.92
car 0.517233 44.71 0.92 167.07 101.90
sheep 0.517226 28.77 120.45 55.22 148.82
aeroplane 0.517211 130.24 42.73 159.59 92.52
car 0.517189 22.89 92.60 51.82 117.91
dog 0.517189 109.13 80.55 125.08 103.65
car 0.517175 46.50 56.90 82.52 80.44
dog 0.517174 196.48 191.29 211.57 214.81
dog 0.517173 87.26 132.91 110.92 163.96
dog 0.517107 110.88 108.68 132.02 133.52
dog 0.517100 102.19 78.93 113.57 99.58
cow 0.517092 147.16 98.29 184.19 140.74
car 0.517078 129.75 171.97 158.19 200.54
car 0.517072 14.14 70.61 36.77 98.81
sheep 0.517069 28.89 104.55 57.91 127.69
aeroplane 0.517045 160.39 34.96 179.10 81.82
dog 0.517036 135.88 92.15 165.66 128.48
cow 0.517014 211.10 62.62 224.00 115.49
aeroplane 0.517002 133.54 70.00 163.77 112.09
car 0.516978 67.04 42.74 95.87 72.49
train 0.516935 33.63 23.57 65.93 48.01
car 0.516929 22.40 61.47 46.61 86.50
aeroplane 0.516884 170.79 49.86 197.85 98.20
aeroplane 0.516877 131.56 32.99 158.61 80.96
sheep 0.516857 169.03 206.93 191.42 224.00
dog 0.516840 189.92 154.01 202.90 191.08
dog 0.516835 179.17 188.06 194.63 206.83
car 0.516825 0.00 37.22 18.55 71.29
car 0.516812 9.36 45.78 43.32 73.54
car 0.516807 22.35 54.34 50.56 77.28
sheep 0.516773 88.48 88.27 105.33 109.85
person 0.516747 4.88 85.76 26.47 120.40
dog 0.516746 112.07 151.96 134.53 185.32
cow 0.516690 106.19 184.37 138.86 224.00
dog 0.516658 99.49 121.68 116.59 148.54
cow 0.516649 166.67 86.32 197.59 133.64
cow 0.516635 148.60 194.86 175.34 213.08
sheep 0.516618 33.29 107.14 69.09 133.40
cow 0.516596 151.87 125.81 186.82 167.81
chair 0.516548 125.69 104.15 152.82 141.64
chair 0.516528 135.52 99.02 167.71 139.10
aeroplane 0.516492 122.02 0.00 158.30 24.28
dog 0.516480 180.52 156.47 196.03 190.52
car 0.516379 69.33 28.44 103.44 60.36
car 0.516329 40.52 46.40 73.41 71.13
sheep 0.516305 52.55 76.03 81.25 99.22
dog 0.516276 110.44 49.81 132.23 81.00
dog 0.516243 120.69 121.82 150.22 153.28
cow 0.516235 182.12 49.87 216.12 100.63
dog 0.516229 14.18 120.76 30.71 154.75
car 0.516206 13.83 80.90 35.57 108.09
boat 0.516204 23.31 0.00 98.71 79.51
dog 0.516192 104.58 50.83 119.72 75.68
train 0.516192 33.44 28.83 66.62 55.04
bottle 0.516158 211.37 129.55 221.55 186.40
dog 0.516151 111.51 141.12 135.31 174.45
sheep 0.516130 16.50 99.13 37.38 123.89
car 0.516110 44.50 22.81 76.66 45.00
car 0.516106 101.86 12.61 133.85 38.20
dog 0.516003 111.07 89.96 128.21 115.27
dog 0.515992 186.38 185.64 202.48 206.47
dog 0.515957 97.33 143.32 119.19 175.10
dog 0.515936 86.87 162.86 109.63 201.07
sheep 0.515896 54.64 82.35 81.54 108.98
dog 0.515877 97.19 161.63 121.31 202.06
aeroplane 0.515854 167.02 78.14 197.49 121.20
train 0.515803 15.73 22.44 46.88 42.34
sheep 0.515790 32.83 113.14 69.32 144.42
car 0.515752 17.27 49.21 49.36 70.84
car 0.515740 5.56 53.29 34.95 87.09
dog 0.515732 99.14 153.55 120.76 185.67
chair 0.515720 131.75 140.25 154.15 168.03
dog 0.515712 111.38 129.52 138.71 161.88
boat 0.515680 84.62 0.00 119.49 25.45
aeroplane 0.515675 167.92 65.64 198.21 111.50
dog 0.515665 96.46 130.89 118.24 162.88
car 0.515581 27.77 17.81 114.48 105.16
dog 0.515577 180.44 171.84 195.32 198.96
sheep 0.515564 37.55 81.46 76.13 112.10
dog 0.515549 101.62 87.79 114.20 110.51
car 0.515522 114.64 104.62 209.18 216.76
aeroplane 0.515517 173.10 63.44 210.12 110.55
car 0.515490 14.41 61.45 40.32 88.28
sheep 0.515483 57.30 111.68 90.59 141.77
car 0.515463 49.56 45.90 83.05 72.93
dog 0.515455 188.03 169.15 202.81 198.73
aeroplane 0.515453 93.75 0.00 129.04 22.94
sheep 0.515418 39.68 74.56 75.89 100.23
sheep 0.515409 175.61 208.09 200.10 224.00
dog 0.515368 86.85 145.76 109.35 175.08
aeroplane 0.515286 147.69 55.98 173.10 101.49
cow 0.515262 120.44 185.81 154.50 224.00
dog 0.515249 111.86 100.20 130.15 127.40
aeroplane 0.515249 128.68 19.56 155.29 60.58
dog 0.515223 112.74 121.74 139.01 149.49
dog 0.515197 197.63 180.29 210.59 206.15
sheep 0.515149 167.57 188.97 186.10 207.38
dog 0.515149 135.95 83.24 165.01 117.91
dog 0.515144 130.27 162.49 153.72 192.41
aeroplane 0.515141 149.45 70.36 175.98 112.08
aeroplane 0.515103 154.48 80.99 179.80 122.85
chair 0.515096 142.46 128.97 174.72 155.00
dog 0.515064 106.32 167.87 135.24 211.99
bottle 0.515051 131.48 151.43 153.34 179.49
sheep 0.515043 17.12 105.90 35.56 130.50
boat 0.515013 22.02 166.32 41.67 206.26
sheep 0.515000 15.18 89.79 36.94 116.23
person 0.514914 32.21 70.88 67.70 96.90
aeroplane 0.514906 169.33 42.19 190.57 84.87
dog 0.514903 93.25 170.52 121.12 216.20
motorbike 0.514898 206.88 38.75 224.00 91.35
boat 0.514867 43.52 0.00 150.56 94.76
sheep 0.514863 16.14 112.01 33.42 139.49
aeroplane 0.514811 144.61 42.64 169.76 89.95
motorbike 0.514801 141.26 32.45 166.99 80.47
dog 0.514787 87.60 155.42 108.53 185.12
dog 0.514763 100.88 99.19 116.02 123.13
sheep 0.514723 198.52 164.76 210.16 199.29
car 0.514690 40.66 36.96 73.19 62.78
cow 0.514642 153.19 144.88 185.19 183.49
aeroplane 0.514586 161.70 55.20 179.16 99.42
motorbike 0.514566 137.09 26.25 164.22 72.77
car 0.514548 104.08 25.56 128.45 54.04
dog 0.514504 148.35 82.31 177.64 119.72
bottle 0.514478 8.73 185.04 29.76 219.12
sheep 0.514455 212.00 151.05 223.79 197.08
cow 0.514448 139.54 135.70 179.03 177.10
aeroplane 0.514324 179.11 35.11 212.96 86.10
person 0.514321 176.99 157.51 224.00 224.00
aeroplane 0.514199 162.51 68.96 188.69 113.82
car 0.514176 52.46 33.50 86.65 62.42
dog 0.514162 25.72 104.74 51.52 127.40
aeroplane 0.514079 167.42 54.50 187.57 97.86
aeroplane 0.514022 158.99 69.67 179.74 113.71
sheep 0.513886 181.46 207.62 207.81 224.00
boat 0.513881 30.56 180.55 50.42 213.85
car 0.513849 54.98 24.88 91.68 50.28
car 0.513836 0.00 25.23 21.38 57.30
sheep 0.513778 211.33 185.97 223.68 214.80
bottle 0.513774 14.55 204.06 47.03 224.00
sheep 0.513723 192.23 203.19 214.32 224.00
car 0.513612 41.42 28.61 74.70 53.26
car 0.513437 108.70 38.00 129.72 70.05
cow 0.513343 136.87 147.58 178.13 187.25
sheep 0.513207 24.82 110.74 50.75 136.22
dog 0.513125 212.00 163.52 223.76 204.22
cow 0.513031 142.89 188.09 174.29 207.66
car 0.513007 130.53 159.18 208.20 224.00
bottle 0.512892 20.81 182.65 43.19 216.74
dog 0.512858 157.99 157.73 185.38 191.28
aeroplane 0.512856 147.50 10.25 172.98 46.97
sheep 0.512527 206.68 198.30 224.00 224.00
dog 0.512444 162.65 173.53 185.45 200.09
aeroplane 0.511948 127.66 10.18 160.56 44.70
aeroplane 0.511917 140.78 0.00 170.77 29.21
car 0.511839 10.44 39.05 44.06 65.87
aeroplane 0.511683 169.82 12.59 183.94 48.80
aeroplane 0.511544 178.92 11.41 197.07 49.81
cow 0.511395 135.64 160.63 176.28 196.17
aeroplane 0.511331 100.56 0.00 138.26 30.41
train 0.511173 17.00 30.43 47.55 52.08
aeroplane 0.510973 135.73 0.00 174.77 17.26
aeroplane 0.510524 164.89 0.00 180.98 28.30
cow 0.510130 137.66 175.96 174.53 203.00
car 0.509890 86.13 0.00 122.36 33.72
aeroplane 0.509704 169.34 0.00 198.36 18.85
aeroplane 0.509687 155.82 0.00 182.92 15.63
boat 0.509029 10.55 27.04 42.82 52.95
aeroplane 0.508933 178.31 0.00 197.13 30.01
