car 0.692092 6.39 97.57 201.25 171.55
car 0.591525 1.18 118.67 198.33 197.82
car 0.566268 175.81 76.26 224.00 127.86
car 0.566168 18.77 93.49 158.63 161.78
car 0.562957 47.02 98.23 123.61 169.59
car 0.556480 2.83 137.86 189.21 214.56
person 0.554788 40.81 94.74 130.64 160.12
car 0.553030 162.62 57.62 224.00 169.46
car 0.552066 31.73 84.16 218.49 193.88
car 0.549209 164.11 81.32 224.00 141.20
car 0.548698 40.60 85.61 123.79 145.06
person 0.545208 59.80 98.26 146.86 150.14
car 0.544192 15.05 107.52 146.37 182.06
car 0.543919 102.57 102.92 161.99 162.89
person 0.542232 87.00 101.38 158.57 156.98
car 0.541646 182.01 78.55 224.00 176.44
car 0.541467 52.67 113.54 109.54 176.04
person 0.539604 0.00 206.21 17.19 224.00
person 0.539273 161.73 65.78 223.86 159.67
car 0.538561 200.33 34.55 224.00 76.18
person 0.538069 0.00 210.26 29.46 224.00
car 0.537453 83.11 100.31 151.35 152.94
car 0.537337 178.49 95.39 224.00 136.70
car 0.536974 57.03 67.88 108.51 98.67
car 0.536906 49.66 72.69 112.19 112.64
dog 0.535796 27.59 212.55 58.61 224.00
car 0.535583 46.33 79.61 116.94 129.90
car 0.535495 107.51 76.04 213.80 165.38
car 0.535390 14.17 163.90 146.88 224.00
person 0.535105 110.67 105.71 155.86 158.32
car 0.534925 16.45 89.53 69.40 124.90
car 0.534819 193.10 103.18 224.00 162.37
car 0.534096 201.40 112.50 224.00 170.91
car 0.534022 206.89 0.00 224.00 17.68
person 0.533285 4.84 212.74 38.35 224.00
person 0.533234 208.59 206.86 224.00 224.00
car 0.533039 175.75 37.54 213.95 69.60
car 0.532831 29.12 88.81 96.87 134.61
dog 0.532651 12.45 213.00 46.00 224.00
aeroplane 0.532279 55.48 121.81 103.78 181.49
car 0.532253 32.21 107.38 95.83 159.04
dog 0.532168 43.13 211.80 73.48 224.00
boat 0.532108 57.95 119.47 104.25 180.92
car 0.532048 178.57 111.55 217.72 159.67
person 0.531110 131.30 95.52 149.41 126.21
car 0.531107 12.38 95.48 55.45 121.16
car 0.530961 174.26 181.55 224.00 224.00
car 0.530700 63.62 63.49 107.55 92.04
car 0.530338 15.12 133.03 48.41 155.18
car 0.530230 182.88 0.00 224.00 58.05
car 0.530070 170.51 61.95 223.17 107.45
car 0.530004 191.20 44.33 224.00 92.97
person 0.529707 72.00 91.48 136.95 141.09
car 0.529629 13.70 125.63 51.41 149.26
sheep 0.529612 50.47 210.84 83.91 224.00
car 0.529496 10.07 100.47 46.64 123.41
car 0.529395 122.91 89.80 143.26 121.31
person 0.529317 120.74 101.55 152.63 147.11
car 0.529312 116.11 116.78 159.08 172.50
dog 0.529182 58.35 138.61 98.90 188.51
person 0.529065 0.00 183.50 61.13 224.00
car 0.528895 138.18 94.24 158.70 127.40
car 0.528887 131.17 90.87 150.14 122.09
car 0.528719 18.34 92.43 80.57 138.22
car 0.528713 0.00 182.41 96.80 224.00
person 0.528538 122.70 94.80 143.56 129.10
boat 0.528507 47.62 107.13 109.03 170.19
person 0.528218 187.92 211.45 219.77 224.00
car 0.528155 207.23 120.94 224.00 178.27
car 0.527908 163.28 36.81 224.00 123.52
car 0.527851 165.33 90.14 218.86 183.08
car 0.527818 175.43 0.00 204.00 15.26
car 0.527664 212.31 23.77 224.00 66.79
person 0.527645 0.00 0.00 42.04 40.91
car 0.527527 182.45 0.00 210.51 14.16
dog 0.527424 60.12 158.72 95.81 196.05
car 0.527089 14.88 116.60 58.10 155.37
car 0.527085 155.72 0.00 217.06 43.50
car 0.527076 147.25 110.72 185.72 166.57
car 0.527061 18.30 111.87 71.90 158.29
car 0.526993 166.45 0.00 196.45 15.44
car 0.526860 168.95 50.84 220.21 93.49
car 0.526859 189.68 0.00 217.86 13.56
car 0.526741 184.10 118.73 224.00 211.50
car 0.526736 197.48 0.00 224.00 14.83
car 0.526641 12.96 114.23 53.61 141.11
person 0.526603 95.44 93.30 141.04 136.03
car 0.526597 153.65 98.02 186.11 147.96
car 0.526509 168.91 79.07 208.80 128.67
car 0.526325 169.42 42.91 217.95 81.24
car 0.526279 136.27 31.24 195.33 73.67
car 0.526110 131.03 108.16 177.68 158.10
car 0.526090 13.24 103.84 55.13 130.78
car 0.526032 0.00 0.00 20.21 19.69
car 0.525802 0.00 88.64 79.30 153.46
cow 0.525748 81.18 210.76 117.96 224.00
car 0.525743 101.77 88.97 137.65 125.29
car 0.525739 137.37 160.34 174.88 194.62
car 0.525727 88.16 210.66 125.52 224.00
aeroplane 0.525706 64.35 155.94 100.61 195.05
car 0.525705 23.80 72.00 195.65 161.39
person 0.525679 179.04 211.48 211.67 224.00
boat 0.525590 55.78 99.75 123.70 158.92
car 0.525581 157.13 83.97 194.40 132.48
car 0.525565 129.90 101.34 158.86 145.13
car 0.525552 133.30 148.71 177.13 188.06
car 0.525421 33.99 81.49 94.68 122.70
car 0.525413 157.12 0.00 188.55 15.14
car 0.525360 217.34 143.10 224.00 193.65
car 0.525217 123.45 112.81 180.46 174.38
cow 0.525187 64.05 210.59 100.07 224.00
car 0.525094 14.27 104.97 63.19 147.71
dog 0.525087 60.39 175.47 93.86 202.69
car 0.525054 212.32 130.64 224.00 187.02
car 0.525045 0.00 93.44 17.04 125.97
car 0.524992 164.20 32.51 208.13 69.02
car 0.524789 139.17 100.82 175.62 147.21
car 0.524778 186.11 37.16 224.00 73.39
dog 0.524761 103.22 210.58 140.93 224.00
motorbike 0.524761 170.73 210.69 205.63 224.00
boat 0.524706 88.70 104.72 146.65 157.06
car 0.524648 70.76 57.82 103.29 84.55
aeroplane 0.524606 65.91 173.74 100.15 202.29
car 0.524551 166.28 94.40 200.79 141.79
car 0.524497 29.57 80.04 75.31 120.43
car 0.524412 0.00 61.64 11.97 98.49
car 0.524409 147.68 33.58 207.58 77.38
car 0.524401 139.59 122.86 185.87 180.27
car 0.524364 4.96 95.95 39.83 121.18
car 0.524354 146.77 89.84 177.17 130.92
motorbike 0.524294 151.60 210.17 191.18 224.00
car 0.524280 155.66 114.79 196.13 169.50
car 0.524218 138.60 0.00 203.65 40.49
car 0.523968 85.56 82.93 201.25 183.98
car 0.523858 134.23 36.09 175.81 68.30
car 0.523848 147.89 0.00 180.57 14.32
cow 0.523824 143.27 209.50 184.02 224.00
car 0.523810 129.19 133.63 178.58 183.15
car 0.523768 80.53 87.24 130.99 128.70
car 0.523672 122.71 131.38 160.05 177.10
car 0.523641 108.70 83.27 136.21 113.50
car 0.523626 140.11 86.05 211.54 182.57
dog 0.523610 136.01 210.28 175.79 224.00
dog 0.523608 16.27 138.59 45.54 161.00
car 0.523548 220.00 153.25 224.00 198.69
car 0.523414 120.65 180.48 215.18 224.00
car 0.523224 120.24 0.00 190.45 37.36
car 0.523207 81.08 58.51 108.10 82.13
car 0.523162 163.57 145.25 204.56 190.09
car 0.523116 172.31 20.65 224.00 105.39
car 0.523023 41.52 77.06 92.52 112.92
car 0.522928 152.82 44.39 200.65 93.88
car 0.522903 87.33 65.34 224.00 150.14
car 0.522845 70.58 0.00 224.00 173.23
dog 0.522827 0.00 0.00 59.92 33.65
sheep 0.522769 0.00 207.21 25.86 224.00
car 0.522743 88.62 66.44 116.27 87.57
car 0.522676 16.68 136.55 49.22 164.25
car 0.522667 217.71 13.39 224.00 56.08
person 0.522639 0.00 191.87 10.32 224.00
car 0.522618 86.80 42.89 108.78 65.04
car 0.522599 10.34 91.42 46.04 117.69
car 0.522464 18.44 0.00 193.85 185.87
car 0.522354 93.35 59.51 114.89 79.31
dog 0.522273 60.54 185.97 92.03 208.18
car 0.522157 10.85 0.00 75.32 29.86
car 0.522155 48.29 70.06 90.23 97.40
dog 0.522116 20.35 158.34 46.97 182.12
car 0.522096 139.70 0.00 172.84 13.56
car 0.522059 76.66 50.39 100.64 75.92
car 0.522012 80.77 41.87 100.64 65.14
car 0.522007 171.05 125.96 209.86 180.92
dog 0.521942 120.75 210.92 159.09 224.00
car 0.521923 60.37 163.99 193.92 224.00
boat 0.521914 122.00 74.56 143.98 102.11
car 0.521891 85.07 51.29 107.01 73.96
car 0.521880 87.73 34.30 109.52 56.22
car 0.521870 137.20 59.95 224.00 142.29
aeroplane 0.521845 66.48 184.85 99.04 208.27
sheep 0.521834 0.00 197.89 22.47 219.80
car 0.521797 165.63 160.12 202.32 194.06
car 0.521771 81.39 72.36 116.89 96.75
car 0.521766 0.00 69.68 65.82 144.12
car 0.521736 82.12 34.00 101.19 55.66
dog 0.521708 120.32 129.69 155.19 177.02
car 0.521635 103.01 67.52 123.90 87.09
car 0.521613 90.31 0.00 162.62 33.59
car 0.521611 212.54 0.00 224.00 22.54
aeroplane 0.521580 140.98 170.16 173.44 201.63
dog 0.521510 16.82 160.02 38.72 180.35
car 0.521455 95.35 51.86 114.96 71.30
car 0.521448 106.01 48.54 224.00 126.04
dog 0.521416 0.00 7.19 40.05 98.17
car 0.521406 111.67 75.83 134.72 99.88
car 0.521395 54.69 0.00 125.91 28.73
car 0.521389 94.69 43.42 116.96 63.78
dog 0.521379 130.51 72.83 150.58 104.91
car 0.521336 130.35 43.16 161.13 69.47
car 0.521280 67.50 35.75 84.85 57.01
car 0.521226 167.39 114.25 209.60 162.88
car 0.521196 99.71 75.15 124.92 97.85
car 0.521139 138.22 80.97 160.99 119.43
car 0.521082 158.56 60.07 201.39 112.68
car 0.521076 24.11 72.00 132.40 155.26
car 0.521063 75.61 34.72 93.60 55.49
car 0.521054 104.10 59.87 122.73 77.91
car 0.521053 36.90 71.87 71.82 103.91
car 0.521017 0.00 34.81 45.90 120.79
car 0.520993 92.12 82.05 127.25 113.90
car 0.520965 137.66 147.86 195.87 192.40
dog 0.520903 67.65 30.00 84.91 49.58
aeroplane 0.520873 91.68 185.96 120.88 208.23
car 0.520846 131.09 49.63 156.33 76.86
car 0.520816 27.41 74.02 57.94 107.50
car 0.520790 219.11 0.31 224.00 37.71
sheep 0.520761 22.00 154.74 53.30 182.24
car 0.520759 111.81 66.30 135.35 87.57
car 0.520749 94.18 35.00 117.19 55.88
aeroplane 0.520678 148.32 192.93 177.74 216.73
car 0.520659 103.78 51.63 123.46 69.66
car 0.520647 2.87 66.83 26.57 91.78
sheep 0.520612 24.18 126.19 62.22 167.81
car 0.520601 0.00 78.14 14.17 114.70
dog 0.520585 58.84 196.03 92.04 224.00
person 0.520551 214.11 201.22 224.00 224.00
dog 0.520502 17.99 144.81 48.47 172.66
sheep 0.520443 18.32 140.58 54.24 174.18
car 0.520429 69.55 51.57 96.46 78.47
car 0.520409 72.35 0.00 144.14 30.12
car 0.520386 73.46 78.33 118.63 113.06
aeroplane 0.520385 97.77 186.47 130.83 208.44
sheep 0.520377 38.93 121.29 84.64 168.93
car 0.520338 130.89 59.46 153.10 89.80
dog 0.520309 22.94 170.89 44.69 190.38
dog 0.520296 128.58 145.23 160.55 182.13
car 0.520208 102.13 43.28 124.75 63.21
cow 0.520171 0.00 0.00 29.58 14.85
car 0.520079 59.50 61.22 97.42 85.69
dog 0.520058 18.08 171.79 36.06 189.45
car 0.520024 66.94 43.64 86.40 67.02
car 0.519993 51.98 64.14 87.62 87.42
car 0.519966 137.43 46.41 169.91 80.59
car 0.519942 169.60 171.77 201.02 198.79
car 0.519861 147.34 51.82 185.42 98.54
car 0.519837 129.87 32.19 168.67 63.70
car 0.519820 74.32 41.88 93.73 65.25
car 0.519779 0.00 102.58 17.92 136.22
boat 0.519755 84.25 183.97 111.56 207.18
sheep 0.519745 18.68 200.09 36.84 217.39
car 0.519732 141.81 43.92 185.11 87.07
car 0.519731 159.43 115.71 218.01 199.03
car 0.519684 173.76 183.63 199.48 205.45
boat 0.519681 62.57 138.71 101.87 184.15
aeroplane 0.519679 142.81 182.75 171.94 207.36
aeroplane 0.519675 136.51 159.11 170.13 191.11
aeroplane 0.519663 60.95 29.32 76.77 49.00
car 0.519644 24.72 0.00 91.57 27.24
car 0.519628 140.04 30.40 218.18 96.05
car 0.519628 177.00 194.09 200.50 216.96
car 0.519604 177.87 138.45 212.54 186.87
dog 0.519596 0.00 181.95 9.19 214.59
car 0.519578 122.35 62.28 147.58 87.96
car 0.519573 138.84 55.88 167.59 93.35
dog 0.519549 139.20 68.96 163.85 107.69
dog 0.519539 106.30 114.58 154.07 166.97
car 0.519536 186.33 115.16 224.00 172.61
car 0.519496 12.16 67.43 31.79 88.97
sheep 0.519494 25.43 200.23 43.84 217.80
aeroplane 0.519471 107.63 185.40 138.80 208.83
dog 0.519397 76.61 29.88 94.76 48.14
car 0.519329 148.14 181.40 177.17 206.20
car 0.519314 143.87 169.01 179.50 200.11
aeroplane 0.519303 61.47 36.09 77.07 57.29
sheep 0.519240 0.00 188.46 20.85 209.62
car 0.519226 18.52 67.21 39.23 89.83
car 0.519180 112.52 57.09 138.92 76.30
car 0.519169 30.71 66.26 54.25 92.23
car 0.519060 41.10 64.76 67.95 90.28
car 0.519047 42.75 59.55 65.14 81.58
person 0.519044 0.00 44.25 9.02 84.39
car 0.519020 101.73 34.87 124.84 55.26
dog 0.518991 21.57 209.74 48.85 224.00
boat 0.518910 74.63 172.41 104.12 199.67
aeroplane 0.518895 65.20 195.68 99.68 224.00
sheep 0.518877 33.45 191.06 49.76 205.76
sheep 0.518876 25.68 191.20 41.98 205.75
dog 0.518823 27.81 168.89 52.11 190.23
boat 0.518779 70.39 156.65 102.47 191.38
cow 0.518769 0.00 11.91 8.28 48.64
car 0.518723 111.65 41.58 146.45 63.10
car 0.518716 125.56 0.00 156.89 14.02
car 0.518708 31.57 60.27 52.97 82.72
car 0.518702 0.00 117.84 13.96 152.91
car 0.518678 112.35 49.26 143.40 68.17
dog 0.518664 19.26 191.36 34.21 205.46
boat 0.518658 83.62 174.59 109.45 198.65
dog 0.518636 0.00 0.00 39.82 61.67
boat 0.518635 92.74 177.53 118.70 199.32
car 0.518579 0.00 109.33 16.05 144.46
aeroplane 0.518571 6.01 0.00 36.18 13.75
car 0.518494 23.08 67.26 46.61 91.88
car 0.518471 53.77 59.63 82.13 81.76
car 0.518461 220.00 187.03 224.00 224.00
car 0.518415 0.00 125.79 12.24 160.71
car 0.518406 4.45 104.09 39.81 129.36
car 0.518397 1.63 59.97 24.50 85.46
car 0.518373 61.30 44.54 79.70 67.02
sheep 0.518336 32.71 201.12 50.92 218.98
dog 0.518328 0.00 162.95 7.95 199.09
car 0.518294 60.24 54.35 87.52 78.78
aeroplane 0.518158 60.97 21.98 75.85 40.39
dog 0.518156 89.02 27.33 108.89 47.85
aeroplane 0.518144 53.46 27.99 68.27 47.67
aeroplane 0.518134 53.13 0.00 84.80 14.09
aeroplane 0.518126 90.08 197.64 124.43 224.00
aeroplane 0.518117 60.89 0.00 92.89 14.30
aeroplane 0.518112 20.39 32.06 36.78 54.72
car 0.518054 149.40 62.60 183.92 110.15
aeroplane 0.518051 68.01 23.02 84.32 41.89
aeroplane 0.518022 75.66 183.47 104.88 206.78
dog 0.517976 84.00 28.32 102.73 47.36
car 0.517976 167.47 0.00 224.00 79.47
aeroplane 0.517971 17.74 0.00 50.68 12.22
dog 0.517902 0.00 172.81 8.42 207.47
car 0.517869 220.00 173.06 224.00 211.92
aeroplane 0.517856 19.91 41.54 37.06 64.75
sheep 0.517851 6.78 209.71 34.67 224.00
car 0.517840 16.95 75.84 44.16 103.80
car 0.517816 148.03 74.23 181.32 120.25
car 0.517786 18.22 60.50 37.36 82.23
car 0.517780 194.56 28.85 224.00 68.35
sheep 0.517779 0.00 0.00 9.87 38.33
car 0.517762 12.30 75.75 35.34 100.53
car 0.517756 153.63 129.67 206.12 182.81
aeroplane 0.517749 99.29 177.18 129.46 200.16
dog 0.517747 25.02 181.92 42.77 198.01
sheep 0.517737 10.73 199.37 29.71 216.97
aeroplane 0.517679 52.84 20.01 66.98 38.94
car 0.517659 4.40 74.28 29.94 100.45
car 0.517658 23.09 60.60 44.89 83.11
aeroplane 0.517644 92.66 0.00 124.65 14.30
aeroplane 0.517627 36.62 0.00 68.90 13.49
car 0.517620 128.32 111.27 207.19 193.79
aeroplane 0.517590 54.40 35.55 69.28 56.33
dog 0.517570 0.00 152.65 7.89 189.27
aeroplane 0.517559 26.37 0.00 59.36 12.57
aeroplane 0.517541 20.70 24.61 36.81 46.29
car 0.517533 42.80 53.43 63.10 73.90
car 0.517527 54.09 53.53 75.30 74.67
dog 0.517522 19.22 181.85 34.42 197.19
aeroplane 0.517473 105.25 197.21 140.42 224.00
sheep 0.517446 53.71 198.06 83.47 222.01
car 0.517430 176.74 29.61 206.80 65.65
boat 0.517389 80.37 162.60 106.91 189.34
sheep 0.517370 32.51 181.18 50.65 198.11
sheep 0.517352 40.75 191.22 56.64 205.15
car 0.517250 0.00 133.60 10.66 168.86
dog 0.517180 93.92 27.58 114.75 47.23
person 0.517147 0.00 33.32 7.85 74.65
aeroplane 0.517101 24.48 32.21 43.07 55.72
sheep 0.517098 0.00 178.34 19.35 202.11
car 0.517066 112.46 34.01 147.19 56.70
sheep 0.517063 0.00 167.86 19.52 193.35
aeroplane 0.517058 69.36 0.00 101.63 14.35
car 0.517029 137.97 0.00 208.59 63.02
boat 0.517007 84.14 196.19 115.79 224.00
aeroplane 0.516861 23.90 41.89 43.58 65.06
car 0.516823 54.51 44.59 70.85 65.51
car 0.516794 118.10 0.00 149.12 13.70
dog 0.516792 0.00 24.69 7.50 65.29
sheep 0.516778 39.06 201.83 57.50 219.52
car 0.516744 11.50 84.94 41.59 113.32
aeroplane 0.516723 11.74 60.36 30.40 81.80
boat 0.516716 73.06 146.54 106.00 182.11
aeroplane 0.516672 18.88 52.20 37.17 74.82
car 0.516655 31.14 52.88 51.81 74.60
aeroplane 0.516645 20.32 17.28 37.15 38.31
aeroplane 0.516581 42.10 34.05 59.56 56.38
car 0.516559 134.79 18.07 167.63 51.80
aeroplane 0.516559 24.97 24.60 42.83 47.69
boat 0.516549 92.74 167.07 117.51 189.48
sheep 0.516461 48.49 191.00 65.30 204.66
dog 0.516460 0.00 142.39 9.00 178.64
aeroplane 0.516424 42.05 26.11 58.39 47.74
aeroplane 0.516417 23.34 52.45 44.21 75.02
dog 0.516386 12.05 170.23 27.39 188.86
aeroplane 0.516364 42.23 43.97 61.40 65.52
aeroplane 0.516338 117.70 195.42 146.99 224.00
dog 0.516333 109.71 172.83 138.80 200.32
car 0.516317 3.50 121.18 37.67 146.22
car 0.516301 174.91 204.93 202.42 224.00
aeroplane 0.516258 145.54 203.67 179.11 224.00
car 0.516255 3.49 111.63 39.02 137.72
aeroplane 0.516228 24.69 17.55 42.45 39.66
car 0.516183 108.88 0.00 140.13 13.53
sheep 0.516173 46.28 201.41 66.72 219.78
car 0.516165 195.65 138.61 224.00 187.99
aeroplane 0.516161 119.60 183.82 144.66 207.68
car 0.516144 4.47 129.11 36.01 153.39
sheep 0.516130 34.54 167.50 57.64 189.80
aeroplane 0.516119 0.33 16.81 24.66 41.63
sheep 0.516009 34.48 211.06 61.65 224.00
aeroplane 0.515998 74.88 195.18 107.67 224.00
dog 0.515959 11.79 190.53 27.38 205.86
aeroplane 0.515929 42.26 18.60 57.63 39.13
car 0.515876 169.29 192.28 194.53 213.76
aeroplane 0.515825 77.93 0.00 110.40 14.23
dog 0.515819 12.49 158.21 31.01 178.40
aeroplane 0.515790 156.26 192.58 184.43 211.98
car 0.515761 181.59 154.19 210.20 190.80
sheep 0.515757 39.41 181.11 57.04 197.46
aeroplane 0.515742 52.21 4.42 67.64 27.64
car 0.515713 167.22 183.18 193.95 203.64
sheep 0.515711 0.00 0.00 14.97 25.31
car 0.515670 5.37 82.87 34.97 111.58
aeroplane 0.515647 0.88 23.65 23.64 49.73
aeroplane 0.515598 29.70 42.64 50.15 65.66
dog 0.515557 131.60 156.78 159.85 188.38
sheep 0.515556 42.86 209.96 69.33 224.00
aeroplane 0.515529 59.47 4.97 75.16 27.92
dog 0.515504 77.74 23.67 94.74 40.65
dog 0.515502 101.55 27.09 122.45 45.87
car 0.515432 99.96 25.55 215.80 100.42
car 0.515414 135.88 19.53 176.95 59.51
boat 0.515402 8.66 14.82 75.15 109.38
car 0.515289 45.97 55.80 201.31 140.41
aeroplane 0.515269 15.06 24.67 30.77 45.92
dog 0.515253 12.36 180.43 26.84 197.44
aeroplane 0.515198 137.11 0.00 161.71 28.74
aeroplane 0.515170 25.00 16.19 86.68 110.57
sheep 0.515165 0.00 156.52 23.08 182.61
cow 0.515155 0.92 50.87 22.90 78.54
boat 0.515147 78.66 111.19 130.40 162.95
aeroplane 0.515135 29.24 32.87 48.77 56.76
dog 0.515037 56.04 207.66 91.10 224.00
car 0.515021 182.20 206.61 208.39 224.00
aeroplane 0.514982 133.98 16.29 158.22 45.53
dog 0.514979 91.99 19.72 108.33 39.48
aeroplane 0.514895 14.50 17.50 31.49 37.79
aeroplane 0.514877 31.24 18.12 48.78 40.07
car 0.514857 153.06 203.39 186.18 224.00
aeroplane 0.514794 30.20 25.19 48.70 48.58
dog 0.514786 96.18 19.69 112.93 38.43
sheep 0.514766 48.56 180.73 65.30 197.01
aeroplane 0.514751 137.67 193.54 167.94 216.80
dog 0.514738 129.04 194.77 155.61 219.96
car 0.514700 0.00 112.81 83.61 185.01
aeroplane 0.514683 41.07 3.50 59.14 28.69
aeroplane 0.514679 21.75 1.45 42.73 28.48
sheep 0.514599 46.30 165.82 67.64 189.16
dog 0.514583 101.64 164.95 130.39 190.07
boat 0.514579 88.41 151.44 118.91 181.71
aeroplane 0.514574 0.06 39.34 21.94 68.10
car 0.514493 201.48 151.60 224.00 192.32
aeroplane 0.514481 0.29 30.06 22.35 57.70
person 0.514481 0.00 135.81 77.30 212.65
boat 0.514452 82.46 128.76 123.80 172.91
aeroplane 0.514422 14.58 31.46 29.85 53.92
car 0.514413 153.10 182.01 185.90 202.14
dog 0.514366 113.32 157.67 140.80 189.98
car 0.514320 166.04 203.56 196.19 224.00
aeroplane 0.514299 66.65 4.81 83.09 29.45
car 0.514283 150.30 159.06 220.89 224.00
dog 0.514123 124.48 154.99 148.34 189.58
car 0.514115 4.45 136.33 33.17 160.82
aeroplane 0.514109 12.54 51.70 29.77 74.80
aeroplane 0.514061 133.66 0.00 152.27 26.37
aeroplane 0.513994 28.77 2.29 49.66 29.19
car 0.513986 118.62 154.66 206.27 224.00
dog 0.513932 86.58 22.18 103.39 39.27
aeroplane 0.513883 13.59 40.64 29.54 64.26
sheep 0.513870 0.97 0.00 65.55 62.85
sheep 0.513833 43.04 147.33 73.16 181.52
aeroplane 0.513814 99.34 129.08 139.96 172.61
dog 0.513800 13.46 145.48 37.03 166.93
aeroplane 0.513764 114.22 25.68 143.73 47.69
dog 0.513759 122.18 169.03 145.53 198.94
aeroplane 0.513645 34.57 13.09 109.88 118.72
dog 0.513594 115.81 143.83 146.44 181.29
car 0.513543 189.07 206.46 216.26 224.00
dog 0.513526 130.17 184.30 156.47 204.51
aeroplane 0.513519 0.00 1.61 25.46 30.97
car 0.513485 7.62 127.22 124.72 200.52
car 0.513408 126.33 25.10 161.76 53.90
dog 0.513401 132.16 205.27 165.25 224.00
aeroplane 0.513209 98.98 7.31 114.03 24.27
aeroplane 0.513194 140.67 0.00 170.70 33.22
aeroplane 0.513143 188.91 193.76 210.75 216.07
dog 0.513132 1.81 144.90 28.60 170.60
car 0.513117 181.02 21.99 208.70 59.61
car 0.513047 34.90 12.35 129.82 117.21
dog 0.513017 103.17 149.60 135.36 181.42
aeroplane 0.512962 134.48 0.00 163.21 13.26
car 0.512826 30.16 54.96 114.44 142.19
dog 0.512778 87.36 209.29 125.31 224.00
car 0.512759 200.93 205.22 223.80 224.00
car 0.512746 200.63 16.98 223.79 57.58
dog 0.512619 103.36 19.03 119.52 35.99
car 0.512555 105.14 0.00 197.08 57.19
car 0.512535 183.59 167.65 208.63 195.70
car 0.512488 16.07 48.07 92.50 134.70
dog 0.512439 131.42 168.92 158.47 196.46
car 0.512415 185.43 180.23 208.21 202.07
aeroplane 0.512210 13.10 1.44 31.91 26.80
car 0.512164 154.34 18.32 193.49 61.37
aeroplane 0.512154 94.37 6.02 109.34 25.61
aeroplane 0.512053 76.97 6.05 93.35 28.93
dog 0.511998 72.74 208.12 108.26 224.00
boat 0.511952 16.14 0.00 78.31 60.13
car 0.511819 191.86 3.79 213.94 33.60
car 0.511767 205.64 1.41 222.64 34.67
aeroplane 0.511694 117.19 17.03 136.74 35.10
sheep 0.511673 94.51 0.00 119.45 14.43
aeroplane 0.511655 104.89 7.24 119.19 23.00
aeroplane 0.511612 128.45 2.01 144.68 23.71
aeroplane 0.511598 148.77 0.00 179.20 36.78
car 0.511578 171.66 17.37 199.27 55.67
aeroplane 0.511565 128.30 0.00 154.66 13.41
aeroplane 0.511541 129.23 16.48 152.24 39.50
dog 0.511413 113.52 207.96 147.34 224.00
sheep 0.511356 0.00 0.00 27.86 18.16
aeroplane 0.511204 117.30 4.74 132.19 22.16
car 0.511200 204.45 163.60 223.34 197.88
car 0.511193 186.13 3.52 205.44 32.16
aeroplane 0.511085 161.85 0.00 187.93 35.66
aeroplane 0.510861 175.37 0.36 195.05 31.54
car 0.510790 184.01 1.93 200.17 29.92
car 0.510664 206.31 190.58 222.10 219.91
aeroplane 0.510598 87.14 7.27 103.28 26.81
aeroplane 0.510434 48.48 0.00 73.50 15.17
aeroplane 0.510287 46.01 0.00 127.18 59.49
car 0.510232 47.65 17.58 167.03 110.79
car 0.510038 205.63 176.19 222.53 205.15
aeroplane 0.509810 122.15 0.00 146.60 12.86
aeroplane 0.509546 111.86 0.00 135.91 12.82
aeroplane 0.509047 61.64 0.00 153.76 56.37
aeroplane 0.508951 27.73 0.00 93.41 58.99
sheep 0.508003 81.14 0.00 106.58 14.53
