aeroplane 0.667606 0.00 29.69 217.66 152.73
train 0.590110 0.00 22.15 188.40 163.72
car 0.567398 0.00 24.97 198.57 146.33
aeroplane 0.564516 1.18 7.93 159.53 108.49
person 0.557921 2.18 17.80 166.44 153.11
person 0.547173 61.14 28.27 88.62 58.61
car 0.544511 0.00 36.41 149.26 183.04
aeroplane 0.543240 55.22 40.31 209.30 143.00
aeroplane 0.541038 191.71 44.19 224.00 132.33
cow 0.538578 0.00 208.75 27.12 224.00
person 0.537922 62.32 42.14 87.86 69.51
person 0.537575 0.00 205.47 18.15 224.00
sheep 0.535068 61.44 113.84 78.16 137.42
car 0.534007 131.72 215.03 160.98 224.00
aeroplane 0.533956 157.63 81.02 199.33 125.75
sheep 0.533714 53.05 113.94 71.27 137.21
cow 0.533606 195.09 56.84 224.00 145.26
sheep 0.533294 35.08 114.86 53.97 136.91
car 0.532869 218.83 58.47 224.00 103.03
car 0.532516 138.38 214.98 169.76 224.00
sheep 0.532510 60.75 80.97 78.51 105.12
cow 0.532492 67.92 212.76 100.79 224.00
sheep 0.532305 43.89 114.74 63.37 136.89
sheep 0.531931 52.59 105.39 71.50 129.93
sheep 0.531898 34.37 49.60 54.32 73.45
sheep 0.531844 61.54 88.48 78.15 112.35
sheep 0.531814 61.38 105.18 78.49 129.94
sheep 0.531812 68.43 115.49 83.31 136.20
aeroplane 0.531644 193.33 0.00 224.00 55.27
aeroplane 0.531629 118.09 214.84 148.16 224.00
sheep 0.531325 27.01 114.90 44.00 136.19
sheep 0.531276 43.84 47.66 68.47 72.36
person 0.531228 207.95 208.26 224.00 224.00
car 0.531157 218.59 84.59 224.00 128.11
sheep 0.531127 67.32 90.92 83.38 111.14
car 0.531107 0.00 63.53 93.33 196.96
person 0.531089 77.16 212.65 107.58 224.00
sheep 0.530993 34.02 107.10 54.37 129.48
person 0.530709 64.41 18.82 91.82 53.07
sheep 0.530706 33.27 41.97 54.56 67.36
sheep 0.530699 42.39 40.34 68.89 66.47
aeroplane 0.530614 169.38 76.50 203.89 118.83
sheep 0.530522 66.58 83.33 83.99 103.93
sheep 0.530507 59.88 71.18 80.03 95.78
person 0.530401 63.63 49.45 87.32 75.67
sheep 0.530318 33.31 33.60 54.76 59.86
sheep 0.530288 26.03 51.23 43.76 73.40
sheep 0.530186 10.72 210.79 42.55 224.00
cow 0.530173 26.92 210.36 58.87 224.00
car 0.530164 0.00 161.52 49.45 224.00
sheep 0.530096 43.20 106.52 63.58 129.60
sheep 0.529982 19.15 112.79 36.58 137.65
horse 0.529936 0.00 17.98 141.62 153.91
sheep 0.529915 41.74 32.25 69.32 59.50
person 0.529873 0.00 33.34 9.82 75.27
sheep 0.529795 65.03 73.48 84.86 95.62
sheep 0.529761 62.96 120.35 77.65 141.97
person 0.529754 0.00 0.00 17.94 24.13
sheep 0.529685 0.00 1.43 10.83 40.03
sheep 0.529670 33.66 26.05 54.82 50.79
aeroplane 0.529663 178.80 84.69 205.12 125.75
person 0.529660 69.37 22.80 97.66 55.91
sheep 0.529590 19.94 50.16 37.29 74.76
sheep 0.529529 62.05 96.15 78.26 120.77
person 0.529529 85.73 213.17 115.90 224.00
aeroplane 0.529440 168.35 60.40 202.31 104.45
cow 0.529426 51.69 211.59 86.99 224.00
sheep 0.529396 68.80 122.36 82.68 141.41
sheep 0.529379 52.98 80.87 71.73 104.22
aeroplane 0.529369 148.47 43.97 218.11 131.05
sheep 0.529368 41.63 25.00 69.10 51.99
car 0.529327 22.69 188.21 122.09 224.00
person 0.529221 10.98 0.00 135.80 87.72
person 0.529162 0.00 103.38 7.92 150.76
sheep 0.529080 53.40 88.24 71.74 111.83
sheep 0.528981 25.91 107.52 44.26 128.71
motorbike 0.528936 58.67 199.23 144.42 224.00
car 0.528905 0.00 174.55 91.36 224.00
sheep 0.528888 26.13 43.35 44.96 67.15
car 0.528744 145.57 214.33 178.22 224.00
cow 0.528730 36.05 210.55 69.37 224.00
sheep 0.528675 26.84 35.07 45.09 59.31
sheep 0.528649 53.43 95.90 71.53 120.56
car 0.528649 218.85 71.07 224.00 117.81
bird 0.528504 68.41 107.37 83.12 128.96
sheep 0.528291 21.21 57.32 36.44 79.87
bird 0.528271 101.21 20.93 118.12 44.75
sheep 0.528258 64.00 59.72 85.35 85.04
person 0.528230 0.00 10.78 10.03 48.22
sheep 0.528177 34.20 97.99 54.05 120.74
bird 0.528172 68.21 99.12 82.72 120.08
aeroplane 0.528088 175.37 56.91 202.77 94.87
person 0.528049 0.00 49.92 9.56 90.09
sheep 0.528030 27.56 27.08 45.12 49.42
sheep 0.528028 34.53 19.68 54.28 42.45
sheep 0.527969 20.08 42.47 38.29 68.54
sheep 0.527922 8.87 110.33 30.51 141.26
person 0.527810 88.96 23.85 109.39 52.30
person 0.527799 184.19 189.33 224.00 224.00
sheep 0.527743 18.06 106.31 36.47 130.51
sheep 0.527691 35.49 56.32 53.31 78.43
sheep 0.527609 43.75 89.14 63.36 111.95
sheep 0.527597 43.73 97.08 63.38 120.70
sheep 0.527585 34.26 90.03 53.55 111.88
aeroplane 0.527536 148.78 92.47 194.00 132.25
sheep 0.527455 27.05 58.14 42.76 78.33
aeroplane 0.527440 18.72 0.00 155.90 82.17
person 0.527432 0.00 90.23 8.20 134.59
person 0.527378 94.49 213.11 127.26 224.00
car 0.527346 207.86 0.00 224.00 16.99
aeroplane 0.527319 158.23 69.01 199.53 114.11
car 0.527220 0.00 103.16 63.15 222.18
sheep 0.527218 37.07 120.46 52.92 142.29
car 0.527165 0.00 21.74 103.96 151.51
sheep 0.527154 52.85 71.01 72.40 94.79
motorbike 0.527141 97.49 202.40 179.38 224.00
sheep 0.527134 10.81 48.76 32.35 77.09
aeroplane 0.527043 184.16 99.46 206.05 135.64
sheep 0.527003 55.40 119.77 70.98 141.48
sheep 0.526955 61.28 48.48 83.92 76.11
sheep 0.526895 42.49 18.93 68.14 44.86
sheep 0.526833 54.68 43.09 81.96 69.44
sheep 0.526758 20.72 33.99 38.13 60.13
sheep 0.526712 28.17 20.57 44.27 40.62
sheep 0.526700 43.99 81.60 63.04 103.70
sheep 0.526641 53.93 24.51 87.12 54.78
sheep 0.526611 5.35 164.37 30.52 199.31
sheep 0.526558 34.48 82.21 52.68 103.31
sheep 0.526493 10.25 40.56 32.99 70.22
bird 0.526488 100.50 99.75 115.42 120.21
bird 0.526457 74.15 92.13 90.16 111.10
sheep 0.526414 26.07 98.61 43.88 119.84
sheep 0.526412 11.90 56.54 31.31 82.97
sheep 0.526388 55.03 35.91 86.58 63.16
motorbike 0.526314 153.57 213.58 185.85 224.00
sheep 0.526273 46.39 120.37 62.42 141.70
aeroplane 0.526270 108.56 27.15 123.54 48.16
sheep 0.526215 15.71 160.67 36.74 187.58
aeroplane 0.526201 195.50 212.13 224.00 224.00
aeroplane 0.526064 108.31 21.61 123.61 42.95
bird 0.526018 99.86 93.28 115.77 113.84
sheep 0.525929 69.52 128.56 82.52 147.23
car 0.525917 217.14 96.53 224.00 138.42
person 0.525863 0.00 0.00 64.06 61.68
sheep 0.525699 28.67 120.16 42.96 141.84
sheep 0.525518 22.17 63.98 35.74 85.35
sheep 0.525495 18.55 97.56 36.13 121.75
person 0.525493 0.00 115.29 8.23 163.92
sheep 0.525483 45.41 53.58 67.38 77.29
sheep 0.525427 17.05 168.50 36.73 194.85
sheep 0.525375 21.27 25.62 37.75 49.71
sheep 0.525355 26.30 90.05 43.43 110.41
aeroplane 0.525336 33.18 55.58 224.00 183.78
sheep 0.525284 64.21 126.01 77.33 147.34
aeroplane 0.525262 144.17 88.88 181.56 122.33
bird 0.525203 75.72 116.23 88.73 135.68
sheep 0.525098 34.12 10.66 54.74 36.00
sheep 0.525007 25.28 163.41 44.20 185.10
person 0.524982 0.00 65.79 8.70 105.02
aeroplane 0.524910 189.08 62.20 214.20 104.33
bird 0.524910 73.13 84.37 90.01 103.67
aeroplane 0.524874 179.38 64.22 206.92 105.57
sheep 0.524837 34.20 163.55 52.89 185.05
cow 0.524824 179.54 213.22 213.43 224.00
bird 0.524788 85.50 92.94 103.04 112.43
person 0.524780 102.62 214.45 136.56 224.00
sheep 0.524743 10.05 32.11 32.43 61.38
sheep 0.524737 99.80 65.98 115.99 89.54
bird 0.524727 96.20 98.05 110.42 120.76
motorbike 0.524654 163.90 213.18 195.14 224.00
sheep 0.524636 0.00 106.85 17.40 147.34
sheep 0.524548 10.02 120.52 30.21 155.20
person 0.524532 0.00 148.86 9.26 197.90
sheep 0.524499 21.76 123.10 36.01 150.29
bird 0.524471 95.54 92.24 111.88 115.04
sheep 0.524461 20.03 88.27 36.05 111.65
sheep 0.524455 13.02 63.45 30.69 88.80
aeroplane 0.524424 137.50 91.68 164.41 117.92
bird 0.524395 75.65 123.62 88.56 142.09
motorbike 0.524374 172.22 213.12 205.72 224.00
sheep 0.524349 26.37 81.87 42.40 101.37
aeroplane 0.524255 161.29 56.03 195.93 96.42
sheep 0.524228 22.11 71.10 35.32 92.65
sheep 0.524140 7.43 97.19 29.91 126.06
bird 0.524034 74.80 100.77 89.26 120.20
aeroplane 0.524018 122.42 98.52 143.02 121.34
sheep 0.524011 54.66 50.04 77.75 75.80
person 0.524003 0.00 132.29 8.34 180.16
sheep 0.523987 21.45 79.42 35.54 101.77
sheep 0.523964 27.55 11.86 44.29 33.34
sheep 0.523955 35.26 73.06 52.09 93.56
sheep 0.523951 44.63 72.10 63.62 93.84
sheep 0.523919 42.02 9.74 67.08 39.74
sheep 0.523915 21.72 18.99 36.63 40.44
bird 0.523896 99.75 85.36 115.34 106.96
aeroplane 0.523848 170.56 89.01 204.03 132.37
sheep 0.523815 27.51 64.97 41.74 83.82
aeroplane 0.523812 209.11 114.33 224.00 217.21
bird 0.523788 99.91 76.02 115.76 98.60
aeroplane 0.523760 205.89 92.34 224.00 179.53
bird 0.523736 86.06 100.12 102.30 119.87
motorbike 0.523674 121.66 203.27 201.97 224.00
bird 0.523668 100.61 55.95 115.83 80.55
bird 0.523647 70.87 74.87 90.27 95.99
sheep 0.523615 0.00 54.33 18.74 87.11
aeroplane 0.523509 184.63 110.90 205.26 141.03
dog 0.523506 59.35 10.89 87.81 51.43
sheep 0.523384 10.28 24.08 31.57 51.49
aeroplane 0.523358 130.21 97.98 151.33 121.42
aeroplane 0.523344 129.86 91.74 151.30 114.86
aeroplane 0.523338 143.94 98.90 179.01 129.83
sheep 0.523335 54.61 0.00 84.48 16.18
bird 0.523300 93.85 63.14 110.95 89.90
aeroplane 0.523263 122.51 92.26 142.58 113.36
bird 0.523256 75.37 108.83 88.94 128.57
sheep 0.523235 53.80 59.19 74.52 84.16
aeroplane 0.523161 205.03 142.19 224.00 224.00
sheep 0.523116 26.21 170.68 43.83 192.24
horse 0.523063 0.00 7.30 85.36 120.35
sheep 0.523052 27.00 73.15 41.76 91.87
aeroplane 0.523050 177.82 53.22 200.40 81.59
sheep 0.523040 43.91 164.63 61.72 184.32
sheep 0.523022 36.03 63.60 52.51 84.45
sheep 0.523008 35.14 170.56 52.43 192.19
aeroplane 0.522964 185.06 83.63 211.61 125.62
aeroplane 0.522939 114.80 27.52 129.97 47.36
sheep 0.522921 66.07 200.09 82.52 213.48
sheep 0.522912 56.97 125.02 70.09 146.85
sheep 0.522886 8.92 87.88 29.86 115.73
bird 0.522845 101.50 105.59 114.29 126.13
car 0.522833 218.29 106.78 224.00 145.89
bird 0.522797 94.45 74.82 111.40 99.28
aeroplane 0.522789 128.04 132.65 147.02 150.25
sheep 0.522753 0.00 37.07 17.58 73.22
bird 0.522740 95.19 84.77 111.79 108.05
aeroplane 0.522736 152.22 63.26 193.72 106.91
sheep 0.522699 0.00 0.00 25.02 21.09
bird 0.522677 84.18 85.03 101.86 105.44
bird 0.522674 93.47 52.76 110.10 80.84
sheep 0.522648 0.00 94.39 17.31 132.10
sheep 0.522612 38.63 125.88 51.80 148.34
bird 0.522608 86.15 122.98 99.72 143.25
car 0.522606 0.00 76.70 148.78 224.00
motorbike 0.522574 173.96 0.00 224.00 45.56
aeroplane 0.522530 122.11 105.33 143.11 129.85
aeroplane 0.522472 123.19 133.57 141.13 151.53
sheep 0.522471 10.72 17.74 30.31 42.25
car 0.522407 206.47 60.18 224.00 103.18
sheep 0.522407 12.76 70.13 30.07 95.78
sheep 0.522394 0.00 152.45 18.44 196.47
sheep 0.522391 76.10 130.59 88.56 148.30
dog 0.522375 52.41 10.14 82.06 46.45
sheep 0.522350 29.73 125.58 42.27 148.32
sheep 0.522343 62.53 207.08 87.71 224.00
person 0.522235 66.93 32.39 96.84 63.74
sheep 0.522172 9.73 129.21 29.37 162.86
sheep 0.522148 21.21 10.37 36.27 32.29
sheep 0.522132 61.83 166.17 75.25 182.96
aeroplane 0.522132 70.68 81.20 224.00 224.00
boat 0.522126 61.08 0.00 92.30 14.82
aeroplane 0.522098 65.08 0.00 173.75 54.37
bird 0.522088 92.19 42.04 109.08 70.92
sheep 0.522084 16.62 150.95 35.64 178.06
aeroplane 0.522082 114.18 20.73 129.80 40.99
sheep 0.522076 21.83 130.86 35.15 157.64
aeroplane 0.522042 105.38 101.17 122.38 118.89
aeroplane 0.522013 179.21 47.16 195.55 66.21
sheep 0.522006 53.74 165.71 69.54 183.55
bird 0.522003 90.37 26.99 109.14 55.25
bird 0.521980 65.88 48.77 90.43 75.18
aeroplane 0.521965 113.47 100.18 132.55 119.60
cow 0.521949 86.21 130.93 99.30 150.03
sheep 0.521931 48.16 125.55 61.16 147.28
aeroplane 0.521930 128.57 140.60 146.71 156.99
bird 0.521895 102.32 44.98 115.61 70.16
bird 0.521886 86.43 114.17 99.72 135.25
aeroplane 0.521880 10.52 63.48 201.07 218.78
sheep 0.521858 11.20 78.29 29.86 105.01
car 0.521857 220.00 48.49 224.00 87.62
car 0.521753 220.00 158.48 224.00 184.21
bird 0.521717 86.24 106.73 100.75 127.06
sheep 0.521715 26.22 153.46 43.29 175.70
aeroplane 0.521704 134.93 131.58 156.27 148.84
sheep 0.521682 5.41 148.69 29.65 182.04
sheep 0.521676 45.77 61.47 65.98 83.96
car 0.521670 220.00 149.73 224.00 177.34
sheep 0.521594 0.00 6.62 16.19 38.34
car 0.521536 220.00 140.27 224.00 170.18
sheep 0.521484 45.80 0.00 76.49 15.75
sheep 0.521405 65.29 132.45 76.20 154.40
bird 0.521386 81.52 74.58 100.22 97.72
aeroplane 0.521380 136.63 85.23 161.80 112.59
aeroplane 0.521359 179.29 39.60 194.01 54.29
sheep 0.521356 35.29 153.57 52.27 175.97
bird 0.521354 100.57 13.22 117.49 39.43
sheep 0.521332 5.94 173.58 29.42 205.92
aeroplane 0.521321 141.28 130.02 167.83 148.55
sheep 0.521303 69.03 167.99 81.55 181.10
aeroplane 0.521285 113.71 106.63 133.20 127.83
car 0.521284 220.00 166.00 224.00 191.69
car 0.521276 220.00 129.96 224.00 162.32
aeroplane 0.521248 121.94 114.25 142.60 138.20
bird 0.521241 103.91 29.18 117.18 52.63
aeroplane 0.521240 124.00 140.56 139.96 157.60
aeroplane 0.521224 129.46 84.51 151.06 108.03
aeroplane 0.521207 134.62 140.10 155.46 156.33
aeroplane 0.521203 94.75 0.00 185.50 47.25
cow 0.521200 95.36 131.53 108.22 150.46
sheep 0.521192 28.71 0.00 59.40 15.54
person 0.521168 0.00 188.91 10.95 224.00
car 0.521158 185.33 125.42 203.34 147.69
aeroplane 0.521138 122.49 124.54 141.99 145.42
aeroplane 0.521089 109.80 31.81 122.08 52.62
sheep 0.521066 36.78 0.00 67.61 15.54
sheep 0.521060 9.82 8.66 29.50 33.64
aeroplane 0.521059 141.24 140.60 166.20 157.31
aeroplane 0.521016 104.51 94.49 121.45 111.72
aeroplane 0.520989 219.60 190.80 224.00 220.01
cow 0.520972 95.60 122.09 108.12 143.20
sheep 0.520948 70.83 135.11 81.80 154.02
cow 0.520921 100.88 133.73 114.64 150.53
motorbike 0.520894 165.72 196.41 224.00 224.00
aeroplane 0.520872 122.43 84.90 142.09 105.28
car 0.520850 219.56 118.62 224.00 153.98
bird 0.520821 67.96 59.78 90.28 85.54
sheep 0.520818 44.85 172.00 61.71 191.10
aeroplane 0.520805 190.33 95.07 211.97 133.81
aeroplane 0.520784 35.36 68.68 208.61 153.00
sheep 0.520764 0.00 69.49 18.06 101.88
person 0.520745 0.00 165.21 9.75 212.38
sheep 0.520722 59.86 199.90 77.61 214.50
aeroplane 0.520666 186.06 69.43 212.09 112.64
sheep 0.520665 70.76 207.79 94.68 224.00
sheep 0.520618 0.00 118.29 16.61 161.64
car 0.520608 187.38 137.47 202.69 155.71
car 0.520605 171.28 0.00 204.58 13.91
sheep 0.520598 0.00 205.04 24.47 224.00
car 0.520591 188.69 0.00 219.30 14.98
sheep 0.520584 73.47 200.53 89.11 212.64
aeroplane 0.520583 108.27 11.62 124.46 35.83
bird 0.520576 97.54 103.68 109.14 125.79
sheep 0.520510 63.15 155.19 74.94 174.67
aeroplane 0.520452 112.72 93.82 131.67 111.57
sheep 0.520438 54.90 154.65 68.61 175.26
sheep 0.520429 18.39 177.29 35.64 200.93
sheep 0.520421 57.70 131.45 68.65 154.20
aeroplane 0.520402 104.91 68.14 122.11 87.77
aeroplane 0.520402 143.74 107.27 175.95 134.07
sheep 0.520360 45.09 153.90 60.75 175.54
aeroplane 0.520314 138.12 103.21 165.41 127.99
car 0.520275 220.00 173.34 224.00 200.04
aeroplane 0.520263 146.18 170.74 164.58 179.68
aeroplane 0.520263 129.86 105.28 151.08 128.97
sheep 0.520257 6.61 0.00 36.28 17.10
aeroplane 0.520208 220.00 181.38 224.00 208.28
aeroplane 0.520190 115.56 33.36 129.10 53.00
sheep 0.520187 20.11 140.20 34.81 166.84
car 0.520166 220.00 38.79 224.00 74.63
sheep 0.520164 34.42 198.44 53.41 217.42
aeroplane 0.520153 105.89 58.48 122.18 79.48
sheep 0.520151 0.00 193.23 19.89 224.00
aeroplane 0.520120 146.87 176.69 163.33 187.16
sheep 0.520077 8.11 138.97 28.96 171.56
car 0.520069 220.00 29.86 224.00 63.53
sheep 0.520059 0.00 21.37 16.08 56.05
aeroplane 0.520055 128.75 75.88 149.60 100.31
sheep 0.520014 0.00 175.85 9.58 219.07
cow 0.520013 100.65 123.89 114.30 143.04
sheep 0.520012 30.04 132.48 41.66 155.13
sheep 0.519999 0.00 77.57 17.54 111.22
car 0.519996 124.84 0.00 158.50 13.32
bird 0.519985 68.84 40.87 97.04 70.56
car 0.519981 220.00 16.12 224.00 46.95
sheep 0.519969 18.38 187.46 34.73 208.00
sheep 0.519950 76.46 169.20 88.24 180.13
aeroplane 0.519927 181.29 20.31 223.07 126.88
aeroplane 0.519815 128.14 67.14 148.05 91.04
motorbike 0.519813 190.19 0.00 224.00 103.38
aeroplane 0.519757 184.21 55.08 206.46 81.88
sheep 0.519756 38.95 132.49 50.85 155.10
sheep 0.519754 84.38 169.36 96.35 180.84
car 0.519753 133.27 0.00 167.08 13.37
aeroplane 0.519730 186.73 38.92 202.27 53.84
sheep 0.519718 14.46 0.00 43.80 16.60
aeroplane 0.519707 114.44 115.35 133.73 136.57
aeroplane 0.519705 108.06 47.77 121.90 69.77
sheep 0.519701 62.44 172.92 74.96 189.15
aeroplane 0.519684 179.21 32.37 193.52 45.86
bird 0.519681 104.08 35.12 115.97 59.75
car 0.519666 147.74 0.00 182.88 12.82
aeroplane 0.519664 105.19 107.60 122.14 125.71
sheep 0.519640 6.22 184.31 28.42 212.40
aeroplane 0.519625 128.06 123.70 148.21 143.53
aeroplane 0.519613 121.29 67.58 140.51 89.01
aeroplane 0.519612 122.15 76.31 141.27 97.22
sheep 0.519609 64.98 141.86 74.90 163.99
sheep 0.519578 70.01 157.39 81.35 172.99
sheep 0.519553 69.33 174.28 81.15 187.57
aeroplane 0.519531 135.68 76.88 159.70 105.40
sheep 0.519522 21.28 0.00 51.09 15.63
aeroplane 0.519519 152.74 0.00 212.40 41.03
aeroplane 0.519496 186.19 47.35 203.09 66.59
sheep 0.519496 48.56 131.99 59.56 154.43
aeroplane 0.519475 120.74 58.78 140.14 80.98
bird 0.519462 97.39 111.35 108.22 133.99
cow 0.519373 101.63 112.97 113.72 133.85
car 0.519367 195.39 136.24 209.71 156.20
bird 0.519342 77.63 60.30 98.95 88.62
horse 0.519332 0.00 0.00 73.69 88.29
aeroplane 0.519321 213.68 203.17 224.00 224.00
aeroplane 0.519282 195.69 196.55 211.87 216.48
sheep 0.519271 24.52 198.90 44.21 220.22
sheep 0.519222 55.57 206.85 81.60 224.00
sheep 0.519128 57.08 141.32 67.69 164.14
sheep 0.519112 29.10 141.68 42.00 164.29
sheep 0.519098 16.63 198.46 36.89 223.33
aeroplane 0.519052 117.40 134.99 134.54 150.08
sheep 0.519049 54.76 172.81 69.65 189.78
sheep 0.519038 26.67 179.44 42.51 198.95
sheep 0.519038 26.30 189.42 41.54 206.32
aeroplane 0.519001 147.63 139.15 175.82 157.23
aeroplane 0.518987 128.31 58.78 147.21 81.85
aeroplane 0.518969 200.00 82.96 224.00 124.93
aeroplane 0.518964 142.78 117.07 171.58 139.68
sheep 0.518957 84.72 175.35 96.41 188.12
aeroplane 0.518878 147.08 126.77 178.39 148.68
aeroplane 0.518848 135.92 67.63 158.44 95.03
sheep 0.518825 76.84 175.24 88.07 187.20
aeroplane 0.518817 121.77 49.24 138.28 70.79
aeroplane 0.518801 104.74 77.57 121.53 96.12
aeroplane 0.518746 113.13 58.98 131.13 79.58
aeroplane 0.518732 104.17 86.62 121.02 104.42
aeroplane 0.518728 144.03 75.16 179.79 111.67
aeroplane 0.518727 196.72 36.05 211.50 54.08
aeroplane 0.518706 116.07 126.07 134.45 144.20
aeroplane 0.518701 197.01 29.70 211.42 46.05
aeroplane 0.518697 187.16 32.02 201.83 45.71
sheep 0.518685 71.08 144.32 81.26 162.99
sheep 0.518677 35.52 190.35 50.91 206.02
sheep 0.518672 77.22 136.96 88.26 154.30
sheep 0.518655 82.21 200.32 97.43 213.21
aeroplane 0.518642 109.82 38.09 121.43 59.65
sheep 0.518611 0.00 136.18 16.73 177.94
sheep 0.518593 35.70 179.87 51.59 198.80
sheep 0.518567 67.79 192.79 81.27 204.85
sheep 0.518564 38.02 141.50 50.98 164.47
aeroplane 0.518529 206.69 66.23 224.00 109.94
aeroplane 0.518523 122.12 34.91 136.38 53.75
car 0.518519 197.10 146.01 209.33 163.73
aeroplane 0.518497 114.56 48.95 130.10 70.18
aeroplane 0.518481 122.55 41.19 136.73 61.09
aeroplane 0.518477 143.37 148.76 165.47 165.21
aeroplane 0.518476 151.38 170.70 170.45 179.24
person 0.518447 0.00 0.00 99.07 69.03
sheep 0.518436 44.62 199.62 63.94 214.20
aeroplane 0.518404 145.08 66.17 178.31 101.21
aeroplane 0.518400 113.15 68.36 131.23 87.43
aeroplane 0.518349 147.84 112.78 183.42 140.58
aeroplane 0.518337 120.67 28.53 136.37 47.54
sheep 0.518333 6.74 196.95 29.99 224.00
sheep 0.518312 0.00 169.28 17.88 211.29
aeroplane 0.518308 112.47 86.11 131.01 103.69
aeroplane 0.518289 173.71 45.89 191.07 65.66
cow 0.518262 108.40 135.85 124.27 149.57
aeroplane 0.518255 115.70 39.97 129.10 60.52
sheep 0.518200 92.88 176.25 106.45 188.70
car 0.518191 102.02 0.00 135.31 16.27
car 0.518161 199.84 172.32 208.79 186.17
sheep 0.518155 91.98 169.72 105.49 181.40
car 0.518124 199.32 165.26 208.91 178.50
aeroplane 0.518105 173.60 39.43 187.89 54.75
car 0.518092 198.47 155.56 209.21 171.41
car 0.518088 4.41 144.25 120.25 224.00
horse 0.518084 0.00 0.00 119.43 100.04
sheep 0.518083 47.68 141.29 59.27 164.24
bird 0.518072 72.62 49.39 97.59 78.44
sheep 0.518049 86.98 137.19 98.19 155.69
car 0.518035 193.25 122.26 210.03 147.45
sheep 0.517976 61.33 0.00 90.28 32.92
aeroplane 0.517974 196.60 22.81 211.48 38.48
car 0.517968 198.45 88.09 224.00 127.86
car 0.517959 189.69 147.09 202.64 163.54
aeroplane 0.517944 197.89 187.87 209.07 203.76
sheep 0.517932 31.04 0.00 57.36 24.65
aeroplane 0.517918 81.99 132.58 193.89 224.00
car 0.517873 191.71 107.05 211.15 139.62
aeroplane 0.517852 130.21 50.10 145.54 70.95
aeroplane 0.517851 115.68 176.90 129.70 189.93
car 0.517835 93.64 0.00 125.96 16.09
aeroplane 0.517829 135.60 120.82 158.73 140.51
motorbike 0.517763 189.35 175.31 224.00 224.00
aeroplane 0.517761 178.49 24.08 193.22 36.77
aeroplane 0.517753 164.32 52.09 191.79 81.45
aeroplane 0.517744 137.18 59.12 157.56 84.42
sheep 0.517738 76.89 159.00 88.08 172.26
aeroplane 0.517729 128.41 114.63 149.61 136.96
aeroplane 0.517668 123.31 202.44 139.53 218.72
aeroplane 0.517663 113.23 77.40 131.05 95.41
aeroplane 0.517650 145.57 160.11 165.29 172.91
aeroplane 0.517623 172.45 31.93 186.97 46.26
aeroplane 0.517616 184.67 134.11 197.79 154.75
aeroplane 0.517586 131.06 42.71 144.22 60.63
aeroplane 0.517566 183.15 123.13 199.48 147.50
sheep 0.517559 79.84 208.52 102.21 224.00
cow 0.517556 105.71 115.50 122.44 134.20
aeroplane 0.517537 90.32 63.15 210.50 145.48
dog 0.517532 57.42 0.00 85.14 31.86
sheep 0.517521 91.99 200.40 108.98 213.97
aeroplane 0.517467 193.42 54.14 214.53 83.96
car 0.517463 109.69 0.00 143.50 14.63
sheep 0.517456 100.97 176.41 115.83 189.54
sheep 0.517438 53.35 200.61 72.71 213.11
cow 0.517425 107.19 126.35 123.93 143.01
aeroplane 0.517343 121.78 192.49 137.36 206.18
bird 0.517301 84.25 14.07 107.60 42.52
sheep 0.517257 68.99 182.07 80.72 195.62
sheep 0.517247 29.57 206.93 56.05 224.00
aeroplane 0.517223 186.66 24.71 201.40 37.24
car 0.517200 199.23 179.37 208.66 194.89
sheep 0.517195 85.03 158.69 96.28 172.97
aeroplane 0.517189 196.19 44.51 212.24 67.40
aeroplane 0.517128 190.13 198.11 205.86 217.01
aeroplane 0.517117 136.79 111.55 162.28 134.26
sheep 0.517083 61.67 192.75 75.81 205.32
sheep 0.517037 99.92 169.47 114.63 181.96
aeroplane 0.516979 108.33 176.75 123.18 189.95
aeroplane 0.516978 116.18 184.55 129.91 198.67
sheep 0.516945 39.86 207.09 66.45 224.00
aeroplane 0.516922 116.08 193.24 131.11 206.76
boat 0.516903 74.57 0.00 107.54 13.65
aeroplane 0.516902 122.75 177.34 136.35 189.42
sheep 0.516877 39.21 0.00 67.56 26.30
sheep 0.516840 24.03 0.00 47.56 22.62
aeroplane 0.516831 130.18 36.67 143.93 53.36
sheep 0.516815 77.64 146.04 87.99 162.69
aeroplane 0.516807 152.03 177.40 168.98 185.41
cow 0.516793 96.31 137.56 106.96 155.78
car 0.516792 220.00 4.98 224.00 36.96
aeroplane 0.516788 141.81 43.58 155.06 61.10
aeroplane 0.516787 149.96 147.84 174.69 165.03
cow 0.516770 102.46 139.36 113.95 156.00
aeroplane 0.516762 146.65 59.08 175.45 90.14
sheep 0.516715 49.01 0.00 78.53 29.07
aeroplane 0.516715 140.19 50.80 156.63 72.44
aeroplane 0.516711 155.77 52.69 182.58 81.09
aeroplane 0.516672 63.73 0.00 195.23 102.76
aeroplane 0.516662 141.06 37.09 153.77 52.51
aeroplane 0.516636 136.03 148.63 154.79 163.43
sheep 0.516625 48.58 207.47 75.84 224.00
aeroplane 0.516529 124.55 148.00 138.79 164.41
sheep 0.516500 75.03 193.21 87.99 204.24
aeroplane 0.516463 119.53 20.49 135.99 40.57
sheep 0.516455 101.11 200.42 119.60 215.51
sheep 0.516426 62.49 181.38 74.50 196.37
aeroplane 0.516421 118.70 141.02 132.92 155.63
aeroplane 0.516323 116.95 202.49 134.57 218.20
boat 0.516298 83.70 0.00 116.38 14.77
aeroplane 0.516298 129.27 148.74 145.71 163.56
aeroplane 0.516285 148.46 38.54 162.99 53.91
aeroplane 0.516174 114.39 9.32 132.23 31.98
aeroplane 0.516152 151.77 159.33 172.62 172.81
sheep 0.516143 83.58 193.10 96.51 205.18
aeroplane 0.516136 195.43 8.64 213.32 29.03
car 0.516126 192.12 157.40 203.32 171.46
aeroplane 0.516122 171.52 22.47 187.11 36.23
sheep 0.516044 45.90 181.59 61.74 197.25
aeroplane 0.516008 126.00 212.00 149.69 224.00
aeroplane 0.516005 146.69 182.81 162.39 196.11
aeroplane 0.515984 154.23 109.46 191.84 140.34
sheep 0.515981 76.49 183.01 88.03 195.47
sheep 0.515977 84.57 183.13 96.58 196.61
aeroplane 0.515935 122.22 184.54 136.43 198.19
aeroplane 0.515908 154.52 30.89 170.63 45.79
cow 0.515890 158.35 69.00 218.41 146.52
aeroplane 0.515884 147.68 29.25 161.38 44.72
aeroplane 0.515874 128.62 29.20 143.49 46.29
aeroplane 0.515799 108.92 184.60 123.56 198.65
sheep 0.515798 101.62 184.21 116.63 197.99
aeroplane 0.515791 155.94 40.04 172.50 55.21
sheep 0.515790 93.41 184.03 107.26 197.16
aeroplane 0.515761 139.94 28.35 152.75 44.24
aeroplane 0.515755 163.65 32.41 180.31 45.48
aeroplane 0.515752 123.02 169.61 136.87 181.06
aeroplane 0.515747 156.06 135.32 183.24 155.79
sheep 0.515729 45.74 192.61 61.99 204.18
aeroplane 0.515720 0.00 58.48 183.27 168.00
aeroplane 0.515596 115.40 169.43 129.75 181.79
sheep 0.515596 86.75 145.59 96.87 163.39
person 0.515576 68.51 14.74 95.65 47.70
aeroplane 0.515560 148.67 52.33 171.01 76.52
sheep 0.515551 93.05 158.51 104.81 173.52
sheep 0.515550 19.53 208.37 47.23 224.00
dog 0.515532 101.68 193.24 117.42 205.84
sheep 0.515492 93.18 193.46 107.68 205.20
sheep 0.515492 89.07 209.95 112.35 224.00
aeroplane 0.515451 129.08 202.92 144.41 218.55
aeroplane 0.515427 165.55 40.82 182.10 54.32
aeroplane 0.515401 109.11 201.85 127.82 216.36
sheep 0.515399 100.67 158.38 113.45 174.04
car 0.515384 194.03 167.67 203.53 178.33
aeroplane 0.515364 107.73 169.72 122.79 181.75
aeroplane 0.515357 109.12 193.74 124.71 206.20
aeroplane 0.515340 149.61 45.48 166.16 63.93
aeroplane 0.515326 139.08 171.82 156.00 178.46
sheep 0.515287 4.40 207.64 33.04 224.00
aeroplane 0.515266 110.41 141.49 123.37 154.87
car 0.515168 195.15 174.20 203.59 185.49
aeroplane 0.515135 184.25 10.63 202.45 26.96
aeroplane 0.515111 139.60 177.24 155.14 186.32
aeroplane 0.515103 157.19 46.85 176.50 65.79
aeroplane 0.515029 193.31 189.46 203.40 203.52
aeroplane 0.515024 175.81 9.84 194.17 25.34
aeroplane 0.514968 144.63 193.27 161.29 205.55
aeroplane 0.514967 142.93 204.00 162.06 219.75
aeroplane 0.514963 166.48 47.07 186.49 64.87
car 0.514866 40.54 172.77 144.40 224.00
aeroplane 0.514863 123.81 158.43 137.78 172.99
aeroplane 0.514790 158.67 169.33 175.24 178.73
car 0.514758 209.93 161.60 218.54 178.58
aeroplane 0.514725 205.85 193.94 219.19 216.12
aeroplane 0.514705 155.30 122.93 187.57 147.26
aeroplane 0.514662 162.64 21.83 180.49 35.39
aeroplane 0.514658 154.27 20.24 170.93 35.32
aeroplane 0.514653 158.24 144.69 180.72 164.17
aeroplane 0.514638 51.81 89.99 201.87 178.80
aeroplane 0.514637 176.66 132.32 192.39 154.46
car 0.514588 186.25 143.66 196.87 161.89
car 0.514586 215.55 0.00 224.00 22.51
aeroplane 0.514578 128.21 19.57 142.98 38.12
car 0.514551 209.88 169.09 218.05 186.27
aeroplane 0.514542 135.93 204.00 152.79 220.31
aeroplane 0.514530 14.97 102.74 153.89 202.23
sheep 0.514527 55.51 182.04 69.56 195.87
sheep 0.514433 55.17 193.47 70.76 203.59
car 0.514426 209.99 152.25 219.89 171.59
car 0.514423 210.73 25.92 222.10 49.47
aeroplane 0.514408 140.24 17.93 152.30 34.29
car 0.514404 194.87 180.80 203.51 194.31
aeroplane 0.514362 132.22 212.00 156.81 224.00
aeroplane 0.514322 148.04 18.72 161.61 33.94
car 0.514308 209.77 142.66 221.61 164.32
aeroplane 0.514293 190.63 209.74 214.86 224.00
car 0.514194 208.32 52.02 224.00 86.67
sheep 0.514146 102.47 146.25 112.84 163.96
aeroplane 0.514117 137.87 160.74 155.33 171.47
car 0.514108 210.32 19.26 221.22 42.37
sheep 0.514097 95.57 145.58 105.29 163.54
car 0.514084 209.30 132.60 223.42 156.63
car 0.514053 203.01 106.27 223.60 140.11
sheep 0.514022 98.20 210.66 124.23 224.00
car 0.513930 210.97 32.33 222.18 57.80
aeroplane 0.513901 130.38 171.74 145.92 178.60
aeroplane 0.513821 99.85 193.27 189.43 224.00
aeroplane 0.513777 169.37 7.03 189.24 23.70
aeroplane 0.513732 207.91 184.85 218.15 203.46
aeroplane 0.513646 126.97 192.48 143.36 206.27
car 0.513642 208.94 176.45 217.82 194.96
aeroplane 0.513628 150.37 203.69 169.78 216.24
aeroplane 0.513609 130.32 178.36 145.18 187.29
aeroplane 0.513586 116.83 158.12 130.15 173.01
aeroplane 0.513576 113.72 212.00 140.41 224.00
aeroplane 0.513497 174.53 108.61 200.73 141.17
aeroplane 0.513494 129.83 160.24 145.53 171.57
aeroplane 0.513457 176.89 141.81 189.21 162.53
aeroplane 0.513449 160.33 201.41 177.31 213.53
aeroplane 0.513437 159.11 176.62 173.81 183.83
car 0.513321 210.89 41.59 222.53 70.42
aeroplane 0.513274 184.21 210.32 209.53 224.00
car 0.513268 206.77 120.28 223.82 148.38
aeroplane 0.513247 159.21 156.99 177.54 172.78
motorbike 0.513245 163.45 24.75 217.27 131.55
aeroplane 0.513241 118.85 147.53 131.24 163.10
aeroplane 0.513236 152.63 184.03 168.58 193.49
aeroplane 0.513230 138.65 212.00 165.87 224.00
sheep 0.513112 96.96 0.00 122.33 27.14
aeroplane 0.513112 108.72 158.78 122.11 172.90
aeroplane 0.513077 120.52 5.66 139.18 29.70
aeroplane 0.512908 200.29 207.81 220.56 224.00
aeroplane 0.512892 152.18 194.41 167.92 203.28
aeroplane 0.512889 129.46 2.36 146.71 25.82
motorbike 0.512884 171.37 0.00 219.73 103.24
aeroplane 0.512724 64.67 183.66 157.44 224.00
aeroplane 0.512720 176.13 120.75 196.58 146.57
aeroplane 0.512679 175.91 199.12 188.65 212.03
aeroplane 0.512664 134.98 193.00 152.12 206.80
aeroplane 0.512645 143.86 0.00 212.46 99.51
aeroplane 0.512601 105.86 212.00 133.27 224.00
aeroplane 0.512577 124.82 27.86 214.46 133.78
car 0.512478 187.55 155.25 196.53 169.40
aeroplane 0.512387 110.74 147.66 122.12 162.64
aeroplane 0.512368 185.87 198.44 199.37 213.00
aeroplane 0.512343 175.75 166.16 184.43 177.24
aeroplane 0.512324 124.11 140.56 210.61 224.00
aeroplane 0.512316 177.11 174.63 184.26 183.32
aeroplane 0.512186 160.77 5.18 183.01 22.62
aeroplane 0.512102 176.23 153.64 185.99 170.85
motorbike 0.512065 170.68 87.86 224.00 163.59
aeroplane 0.512018 137.27 183.24 153.29 197.02
motorbike 0.511912 184.95 139.55 224.00 224.00
aeroplane 0.511889 153.04 2.79 173.84 22.34
aeroplane 0.511875 140.00 1.01 155.62 21.88
car 0.511763 188.00 166.97 196.63 175.84
sheep 0.511757 82.42 0.00 111.72 28.88
aeroplane 0.511745 127.97 184.55 143.48 197.85
aeroplane 0.511666 105.49 0.00 131.88 23.82
car 0.511525 209.41 6.78 222.40 33.20
aeroplane 0.511304 146.33 212.00 173.86 224.00
aeroplane 0.511280 160.82 193.59 174.08 201.35
car 0.511231 188.00 174.55 197.04 182.23
motorbike 0.511125 182.71 108.37 224.00 207.18
aeroplane 0.511122 147.15 1.31 164.76 21.23
aeroplane 0.511110 191.74 0.00 215.77 16.22
aeroplane 0.511017 160.15 183.79 173.94 191.69
aeroplane 0.510977 178.97 209.90 202.25 224.00
aeroplane 0.510967 172.68 0.00 199.41 13.79
aeroplane 0.510775 155.98 212.00 181.05 224.00
aeroplane 0.510635 180.95 0.00 206.59 14.76
aeroplane 0.510506 169.91 210.47 191.13 224.00
sheep 0.510328 69.64 0.00 101.00 31.25
aeroplane 0.510270 177.61 182.32 184.76 190.73
aeroplane 0.510146 177.68 191.66 185.68 199.06
aeroplane 0.509968 165.64 0.00 194.21 12.75
aeroplane 0.509965 188.00 190.73 197.48 199.34
car 0.509943 203.91 0.00 221.36 19.72
car 0.509852 188.00 181.91 197.25 190.54
aeroplane 0.509723 126.95 0.00 155.06 13.13
motorbike 0.509530 106.87 102.51 206.73 193.92
aeroplane 0.509514 112.36 0.00 140.42 18.98
motorbike 0.509366 129.59 190.47 212.04 224.00
aeroplane 0.509068 118.91 0.00 147.28 15.43
aeroplane 0.509048 156.94 0.00 187.53 12.00
aeroplane 0.508854 136.20 0.00 163.38 12.00
aeroplane 0.508657 149.54 0.00 179.56 12.00
