person 0.574805 100.95 0.00 213.04 157.75
car 0.574154 7.78 51.17 212.81 208.82
sofa 0.566002 53.49 66.33 224.00 224.00
motorbike 0.565570 17.88 53.33 217.06 224.00
person 0.560238 46.41 6.04 219.61 191.14
pottedplant 0.559973 54.95 60.60 224.00 213.54
diningtable 0.558384 83.64 0.00 215.84 171.45
diningtable 0.557596 8.24 16.51 217.02 199.43
motorbike 0.555173 84.62 9.48 217.54 174.35
diningtable 0.551176 56.74 50.93 224.00 222.12
bottle 0.548849 106.21 7.15 204.84 140.61
person 0.548731 0.00 186.18 9.51 224.00
person 0.547894 1.94 114.68 6.01 179.32
person 0.547327 1.54 92.31 6.34 163.57
bottle 0.546583 173.46 66.75 224.00 135.77
person 0.542331 0.78 128.68 6.68 187.38
car 0.541391 0.00 81.33 8.50 147.23
boat 0.540111 0.00 56.69 21.20 154.93
bottle 0.539656 97.88 137.98 136.11 209.59
car 0.539624 0.00 81.44 182.28 193.23
car 0.539523 37.58 34.95 206.45 167.56
aeroplane 0.538850 145.12 13.29 192.67 94.49
bottle 0.538551 76.35 127.41 115.56 196.44
dog 0.538403 72.86 123.03 113.42 191.38
aeroplane 0.538386 157.39 15.94 206.11 90.72
bottle 0.537972 136.38 121.43 190.47 188.61
aeroplane 0.537880 139.59 21.57 181.05 101.54
sofa 0.537073 105.20 80.22 221.17 208.38
cat 0.537000 133.35 128.58 197.59 189.84
bottle 0.536037 158.82 13.76 211.84 64.93
aeroplane 0.535743 15.50 81.23 159.54 177.65
bottle 0.535188 136.95 32.73 176.53 102.36
diningtable 0.535136 139.65 13.08 224.00 156.03
boat 0.534919 9.81 49.90 36.58 144.74
boat 0.534805 96.10 138.80 137.57 208.03
person 0.534801 25.83 205.32 57.36 224.00
bottle 0.534670 147.66 13.38 191.72 62.58
person 0.534203 0.00 189.81 16.07 223.51
bottle 0.533962 88.49 132.17 126.90 207.87
bottle 0.533614 186.63 56.98 224.00 123.52
car 0.533415 72.74 129.85 108.82 189.66
sheep 0.533222 71.47 117.49 112.65 182.78
aeroplane 0.533000 172.07 26.65 219.52 97.48
person 0.532781 33.11 207.42 65.47 224.00
person 0.532698 32.36 196.08 52.55 215.13
bottle 0.532652 138.82 13.32 179.10 53.44
aeroplane 0.532584 51.56 30.39 220.47 191.59
car 0.532572 0.00 91.51 137.68 224.00
car 0.532557 2.09 128.32 163.57 203.73
sheep 0.532524 178.16 35.57 224.00 106.22
sofa 0.532418 134.06 57.03 224.00 194.24
aeroplane 0.532372 132.66 45.74 168.97 101.45
person 0.532361 0.00 148.63 6.69 207.20
person 0.532279 0.00 164.94 7.02 218.13
person 0.532225 49.09 208.63 94.81 224.00
car 0.532190 0.00 66.24 10.37 130.03
person 0.532111 0.00 0.00 37.63 54.75
car 0.532071 0.00 43.37 132.20 178.77
bottle 0.532058 119.61 0.00 209.21 80.14
person 0.531717 25.36 196.40 48.50 215.14
bottle 0.531706 151.65 110.61 224.00 164.57
tvmonitor 0.531473 211.12 204.93 224.00 224.00
person 0.531421 145.38 8.52 224.00 137.83
boat 0.531282 0.00 18.62 20.04 129.56
tvmonitor 0.531216 134.60 14.14 168.38 51.04
boat 0.531206 9.75 75.32 55.00 156.44
bottle 0.531093 193.81 40.75 224.00 108.24
boat 0.531079 70.86 140.85 110.07 201.80
motorbike 0.531007 21.06 126.45 182.36 215.25
tvmonitor 0.530856 78.33 5.28 97.52 45.14
motorbike 0.530771 16.27 159.90 157.48 224.00
dog 0.530586 169.12 80.48 223.14 143.22
car 0.530255 10.72 166.67 144.30 224.00
aeroplane 0.529588 12.78 134.41 152.01 203.25
person 0.529529 0.00 0.00 23.50 110.12
boat 0.529401 0.00 86.40 32.36 171.28
car 0.529400 71.96 81.55 92.53 104.24
tvmonitor 0.529349 97.10 84.97 220.64 208.26
cat 0.529286 149.15 115.59 220.83 169.58
aeroplane 0.529244 12.69 84.36 97.68 165.48
tvmonitor 0.529199 185.27 210.80 219.64 224.00
person 0.529182 30.36 199.83 53.10 222.57
aeroplane 0.529089 140.44 2.56 197.88 48.40
aeroplane 0.529076 157.53 12.49 212.61 60.21
person 0.529008 211.28 0.00 224.00 22.21
aeroplane 0.529003 158.70 2.53 215.49 45.93
car 0.528826 96.03 208.45 139.58 224.00
aeroplane 0.528783 0.00 25.46 128.44 166.60
sheep 0.528765 71.50 113.35 104.74 162.51
diningtable 0.528598 115.65 0.00 216.88 110.15
person 0.528574 171.18 0.00 224.00 61.19
bottle 0.528465 135.10 20.58 167.29 83.13
tvmonitor 0.528379 128.67 4.96 161.38 50.83
person 0.528361 161.29 167.33 224.00 224.00
person 0.528349 8.05 200.94 38.33 224.00
bottle 0.528320 119.49 125.16 164.73 185.87
boat 0.528285 70.99 87.92 93.40 109.96
bottle 0.528247 141.26 13.61 174.09 73.21
person 0.528228 14.65 203.88 50.30 224.00
bottle 0.528081 136.16 15.25 163.17 53.81
tvmonitor 0.528075 196.57 208.73 224.00 224.00
aeroplane 0.528066 66.93 151.27 109.08 207.02
cat 0.528045 138.95 148.90 193.81 195.88
bird 0.527895 98.11 141.27 142.59 201.45
aeroplane 0.527860 91.57 180.30 133.69 213.72
sofa 0.527796 75.91 0.00 96.75 41.64
aeroplane 0.527767 59.30 187.08 95.74 216.23
bottle 0.527727 139.42 211.49 172.43 224.00
dog 0.527617 139.57 49.59 171.26 108.59
aeroplane 0.527598 7.31 172.86 111.47 224.00
boat 0.527593 91.73 162.69 136.50 210.43
bottle 0.527547 175.39 210.68 215.29 224.00
boat 0.527512 19.69 37.79 58.72 138.50
person 0.527458 1.94 94.15 12.00 162.36
bottle 0.527426 135.36 120.45 210.80 171.22
sofa 0.527379 0.00 0.00 19.05 27.57
person 0.527329 18.93 195.79 43.93 215.94
sheep 0.527271 69.64 100.68 99.29 134.87
bottle 0.527247 201.67 71.78 224.00 129.44
sheep 0.527206 71.45 108.02 101.66 148.85
aeroplane 0.527186 13.64 160.03 142.24 224.00
person 0.527143 0.34 124.79 12.00 181.66
bottle 0.527039 146.99 210.68 182.05 224.00
boat 0.527038 0.00 38.93 15.04 96.62
bottle 0.527011 161.74 30.52 202.02 103.78
bottle 0.526914 220.00 22.25 224.00 73.59
car 0.526872 71.56 74.21 92.02 99.31
bottle 0.526855 203.63 33.63 224.00 99.59
boat 0.526833 14.51 70.13 78.47 154.80
boat 0.526833 24.97 102.12 48.63 154.23
sheep 0.526655 103.53 135.13 145.96 196.14
bottle 0.526598 135.39 109.92 185.05 173.91
person 0.526594 39.01 196.19 57.90 213.91
person 0.526365 9.77 193.35 32.69 219.13
boat 0.526363 24.18 137.02 40.30 178.49
boat 0.526363 11.84 26.02 39.10 128.94
aeroplane 0.526278 58.16 169.41 102.51 211.27
bottle 0.526246 146.08 43.33 174.69 108.88
car 0.526136 2.92 82.73 14.33 145.48
car 0.526098 19.90 66.66 41.96 118.89
bottle 0.525882 155.32 209.94 196.92 224.00
car 0.525796 17.85 69.42 34.93 128.77
car 0.525784 24.51 69.68 49.17 115.14
person 0.525730 63.03 207.07 108.02 224.00
boat 0.525628 20.42 69.88 157.09 168.01
car 0.525608 0.00 50.38 14.07 110.73
boat 0.525591 68.48 133.19 102.54 187.74
bottle 0.525583 154.58 1.70 224.00 113.79
sheep 0.525551 140.93 146.63 185.30 195.36
aeroplane 0.525551 82.14 24.85 100.05 65.46
bottle 0.525527 213.99 27.86 224.00 87.67
bottle 0.525461 159.01 0.00 209.24 30.64
car 0.525460 56.99 0.00 119.76 42.23
bottle 0.525332 118.96 155.72 220.01 224.00
boat 0.525315 82.46 146.88 123.60 207.83
tvmonitor 0.525310 81.43 14.77 98.82 57.51
boat 0.525274 27.56 141.06 48.52 178.93
person 0.525266 18.63 133.81 34.00 179.25
car 0.525119 0.00 166.07 63.34 224.00
bottle 0.525114 144.13 101.77 186.31 159.77
bottle 0.525045 210.94 83.13 224.00 135.80
boat 0.524945 11.88 3.70 47.97 116.69
sheep 0.524926 123.58 109.89 162.69 169.82
person 0.524820 16.09 95.64 32.69 157.52
sheep 0.524751 113.27 122.39 156.48 183.52
aeroplane 0.524730 131.15 35.35 162.13 85.19
boat 0.524682 71.05 65.81 91.95 94.91
car 0.524575 2.28 0.00 58.20 52.10
aeroplane 0.524418 56.23 197.89 95.26 224.00
car 0.524392 165.42 0.00 206.11 18.45
aeroplane 0.524319 23.16 1.22 61.93 116.09
bottle 0.524266 161.07 0.00 202.05 17.50
cow 0.524259 106.04 209.33 151.32 224.00
sheep 0.524254 69.49 93.42 96.89 119.60
aeroplane 0.524186 10.90 114.89 140.29 183.29
boat 0.524103 56.96 106.19 85.81 143.39
car 0.524089 25.01 88.84 48.31 145.63
bottle 0.524088 120.04 210.70 159.54 224.00
aeroplane 0.524082 16.99 45.77 41.77 103.27
person 0.523892 36.66 200.66 59.47 221.49
boat 0.523886 22.08 99.01 39.22 155.19
car 0.523846 16.12 85.58 33.02 148.70
bottle 0.523746 135.17 139.90 176.73 193.63
boat 0.523731 51.57 1.22 135.17 132.85
boat 0.523530 79.29 205.78 121.93 224.00
pottedplant 0.523511 115.76 0.00 204.03 75.07
tvmonitor 0.523380 141.53 106.89 224.00 218.29
boat 0.523264 54.87 95.27 86.62 134.37
aeroplane 0.523236 87.85 205.67 130.71 224.00
bottle 0.523148 139.57 0.00 172.49 14.37
car 0.523145 41.44 0.00 104.39 43.05
bottle 0.523122 146.43 0.00 183.93 15.02
aeroplane 0.523087 148.77 93.40 182.07 145.55
boat 0.523013 25.95 120.26 48.00 169.03
car 0.523001 21.60 86.98 39.56 146.63
bottle 0.522971 176.31 37.62 224.00 110.21
tvmonitor 0.522962 133.15 16.26 154.89 52.68
aeroplane 0.522906 78.29 21.77 96.32 67.99
boat 0.522807 58.89 139.81 98.61 185.40
boat 0.522768 0.97 102.56 45.69 178.58
car 0.522748 75.23 0.00 144.79 47.25
cat 0.522747 124.83 0.00 153.60 14.09
aeroplane 0.522736 44.60 0.00 185.92 156.96
bottle 0.522563 132.11 0.00 163.28 14.06
bottle 0.522561 159.03 98.04 212.51 153.67
cat 0.522524 220.00 156.16 224.00 194.99
car 0.522512 4.28 68.71 22.41 128.43
sheep 0.522463 133.13 24.38 159.18 78.75
aeroplane 0.522426 93.69 198.53 134.58 224.00
sofa 0.522375 0.00 0.00 13.15 48.21
boat 0.522222 17.91 52.36 41.07 110.16
dog 0.522215 68.41 98.25 99.35 132.07
bottle 0.522186 116.00 137.52 157.48 195.42
aeroplane 0.522174 151.36 85.17 179.26 135.16
car 0.522151 36.78 71.03 57.50 111.61
person 0.522101 15.86 112.61 32.43 170.77
aeroplane 0.521940 48.50 193.91 85.25 211.63
boat 0.521939 72.69 52.51 93.52 87.63
boat 0.521908 58.27 112.29 87.39 155.36
car 0.521850 57.41 72.85 80.19 100.84
boat 0.521697 66.52 7.14 170.60 135.48
dog 0.521556 122.66 92.36 148.03 133.99
aeroplane 0.521542 76.73 35.18 95.15 77.42
car 0.521531 12.08 71.78 27.69 132.05
aeroplane 0.521521 22.72 191.21 47.21 212.13
bottle 0.521497 55.15 142.62 187.17 224.00
dog 0.521408 104.65 93.22 129.40 138.43
dog 0.521391 69.84 106.27 100.57 144.37
aeroplane 0.521335 0.00 0.00 31.15 24.76
dog 0.521326 141.62 167.84 168.59 210.02
boat 0.521292 2.98 44.36 33.64 98.37
boat 0.521286 70.87 119.56 103.36 173.10
boat 0.521217 23.34 116.54 39.37 168.20
bottle 0.521210 118.00 0.00 145.79 13.65
aeroplane 0.521147 45.53 0.00 118.57 127.69
aeroplane 0.521132 129.31 60.86 157.77 104.82
sheep 0.521088 126.79 100.57 157.92 154.03
person 0.521074 9.39 93.59 24.14 159.08
aeroplane 0.521014 80.89 37.84 100.37 74.81
tvmonitor 0.520989 216.59 196.60 224.00 224.00
bottle 0.520959 220.00 128.71 224.00 173.37
person 0.520938 30.19 191.75 50.97 212.50
boat 0.520804 65.41 53.90 86.34 91.23
aeroplane 0.520789 141.83 88.33 171.18 135.13
dog 0.520785 155.20 90.64 192.30 143.79
car 0.520773 26.72 76.36 49.06 132.60
sheep 0.520736 134.50 147.09 170.54 196.94
boat 0.520733 32.09 64.02 55.91 105.44
aeroplane 0.520690 70.03 0.00 98.94 19.55
bottle 0.520633 217.24 95.41 224.00 143.91
bottle 0.520611 151.95 70.94 175.99 126.02
chair 0.520593 135.71 161.29 224.00 224.00
aeroplane 0.520563 12.75 31.16 43.20 94.29
person 0.520542 9.48 128.81 23.48 180.31
boat 0.520527 0.00 5.03 11.89 68.52
tvmonitor 0.520505 91.46 0.00 121.29 15.07
boat 0.520476 43.83 148.86 74.54 183.91
dog 0.520470 70.61 111.84 103.08 158.08
tvmonitor 0.520421 220.00 182.98 224.00 221.19
bottle 0.520419 220.00 11.89 224.00 56.36
boat 0.520401 59.08 148.71 105.64 196.81
boat 0.520318 0.00 17.03 13.84 82.42
boat 0.520310 30.45 105.11 56.08 152.35
dog 0.520281 140.01 94.41 174.39 145.88
tvmonitor 0.520190 99.83 0.00 128.95 13.22
person 0.520144 18.58 144.47 38.02 186.01
aeroplane 0.520112 158.77 81.31 191.31 134.63
boat 0.520109 95.07 199.50 140.70 224.00
sheep 0.520084 131.50 91.66 158.88 135.01
aeroplane 0.520076 142.43 188.33 166.76 221.94
sheep 0.520071 73.48 88.08 99.02 113.49
boat 0.520026 53.71 65.92 77.96 98.30
aeroplane 0.520025 0.00 135.84 61.09 206.24
person 0.519999 16.79 155.91 38.52 196.90
dog 0.519916 127.00 85.63 154.26 127.52
person 0.519885 16.03 189.81 41.93 213.56
boat 0.519878 34.43 35.90 141.61 147.04
cat 0.519874 220.00 166.45 224.00 207.45
dog 0.519760 128.59 95.70 154.64 141.39
boat 0.519745 22.69 148.18 43.59 186.79
sheep 0.519708 126.77 39.21 152.63 80.03
bottle 0.519633 8.76 0.00 58.30 92.05
dog 0.519619 141.67 62.20 168.31 116.49
person 0.519597 45.12 200.62 83.00 223.56
boat 0.519575 57.43 120.71 90.35 169.36
sheep 0.519505 87.79 166.76 143.21 213.23
car 0.519490 196.27 0.00 224.00 21.02
aeroplane 0.519478 1.85 34.78 33.38 94.12
bottle 0.519408 218.86 0.00 224.00 30.74
boat 0.519383 54.99 0.00 120.76 85.74
sheep 0.519360 74.71 82.27 97.58 106.28
aeroplane 0.519329 0.00 154.49 63.12 224.00
aeroplane 0.519277 0.19 118.80 57.01 188.53
dog 0.519194 128.33 73.03 154.44 117.11
tvmonitor 0.519135 126.55 0.00 156.92 33.37
person 0.519110 0.00 168.45 12.00 216.82
bottle 0.519080 108.65 0.00 136.98 13.17
tvmonitor 0.519074 74.05 0.00 104.62 19.18
car 0.519038 178.20 0.00 216.77 21.52
bottle 0.519017 160.22 67.42 187.07 126.51
bottle 0.519009 86.05 105.02 214.84 224.00
aeroplane 0.518943 35.93 192.09 56.17 211.79
bottle 0.518928 141.84 0.00 192.82 33.61
aeroplane 0.518907 9.90 0.00 46.22 21.72
car 0.518879 43.65 69.90 64.09 104.15
cat 0.518787 147.61 164.85 201.30 201.71
bottle 0.518736 134.74 16.85 155.70 64.14
boat 0.518708 69.53 89.13 96.67 117.92
boat 0.518704 40.31 106.61 66.70 147.80
aeroplane 0.518651 0.00 0.00 29.22 46.26
aeroplane 0.518649 143.15 170.91 179.11 210.07
aeroplane 0.518616 41.20 27.80 146.26 145.98
person 0.518610 8.04 109.36 23.24 172.73
aeroplane 0.518606 63.15 183.64 105.00 213.21
bottle 0.518591 131.44 0.00 168.35 35.03
bottle 0.518566 127.61 99.75 166.94 158.08
tvmonitor 0.518553 84.08 28.66 103.40 62.98
boat 0.518530 33.52 144.50 56.09 177.64
dog 0.518414 116.58 99.19 144.40 140.16
dog 0.518405 79.25 100.33 114.76 145.18
aeroplane 0.518368 67.03 36.27 86.24 83.60
car 0.518321 14.62 60.17 34.42 115.81
aeroplane 0.518236 69.70 22.36 89.04 73.24
aeroplane 0.518225 20.80 160.07 44.14 196.57
diningtable 0.518215 72.68 0.00 151.12 90.15
bottle 0.518164 168.61 193.30 208.04 224.00
aeroplane 0.518147 14.73 52.52 36.35 108.07
car 0.518114 4.64 59.89 28.97 118.11
aeroplane 0.518064 13.76 4.06 45.73 72.69
sheep 0.518018 63.10 97.68 106.56 143.97
cat 0.518018 161.29 127.49 223.19 175.52
tvmonitor 0.517989 80.49 0.00 112.28 17.93
aeroplane 0.517945 19.07 0.00 57.77 21.86
bottle 0.517907 219.96 106.75 224.00 153.94
car 0.517901 30.19 90.62 55.26 144.96
person 0.517889 0.00 150.42 12.00 204.56
bottle 0.517856 158.10 53.54 182.53 116.38
aeroplane 0.517822 38.44 0.00 74.55 20.11
sheep 0.517817 134.13 184.42 159.25 220.47
aeroplane 0.517783 9.28 0.00 51.08 33.13
boat 0.517721 26.29 152.47 50.41 188.70
aeroplane 0.517700 125.60 54.85 151.83 91.73
bottle 0.517696 117.51 17.44 144.97 43.94
aeroplane 0.517679 15.00 173.33 37.62 211.09
bottle 0.517672 220.00 0.00 224.00 43.52
boat 0.517481 44.56 154.45 80.55 191.37
sheep 0.517424 101.42 132.22 127.68 195.10
dog 0.517299 132.15 165.37 159.96 210.49
aeroplane 0.517253 51.73 0.00 86.54 21.09
sheep 0.517200 112.42 116.46 150.21 166.59
tvmonitor 0.517176 72.26 0.00 101.35 29.99
aeroplane 0.517141 72.46 13.86 91.96 63.40
sheep 0.516992 73.82 75.02 96.35 100.46
bottle 0.516959 169.66 49.77 207.90 112.29
boat 0.516954 40.74 64.77 62.81 101.35
dog 0.516946 117.88 84.87 142.88 129.58
person 0.516917 10.94 140.45 25.91 188.09
aeroplane 0.516793 0.00 5.47 31.00 70.15
boat 0.516787 61.67 77.27 84.19 107.90
boat 0.516765 58.36 82.98 86.95 120.13
boat 0.516763 38.55 92.56 65.73 140.84
bottle 0.516761 164.21 180.10 205.25 210.40
aeroplane 0.516583 73.51 0.00 94.61 42.10
aeroplane 0.516572 8.69 0.00 37.79 42.53
bottle 0.516534 178.42 112.48 224.00 163.31
bottle 0.516520 146.57 190.96 177.14 223.26
aeroplane 0.516518 125.77 64.15 149.37 102.59
boat 0.516500 13.98 100.74 107.80 169.55
sheep 0.516239 118.07 43.94 136.57 73.57
boat 0.516211 30.21 123.26 54.59 167.88
aeroplane 0.516191 29.50 41.02 55.56 97.14
dog 0.516135 84.21 39.21 104.40 70.70
sheep 0.516124 116.07 106.64 147.03 150.19
bottle 0.516065 148.50 174.64 195.59 209.67
aeroplane 0.515987 21.12 176.50 44.02 209.81
bottle 0.515960 167.08 205.63 210.18 224.00
sheep 0.515957 102.04 153.73 148.95 208.56
boat 0.515887 51.25 55.57 74.55 94.58
aeroplane 0.515842 162.91 20.12 217.40 71.97
boat 0.515834 24.65 165.31 50.43 199.66
aeroplane 0.515824 82.06 168.05 128.28 209.26
person 0.515806 10.25 152.85 26.55 199.96
cat 0.515778 149.33 157.77 202.73 192.45
boat 0.515718 44.72 166.94 86.25 201.36
person 0.515585 9.11 170.92 26.10 213.73
bottle 0.515405 101.16 21.11 120.45 45.45
sheep 0.515374 107.21 109.62 128.63 152.38
aeroplane 0.515331 58.52 16.35 80.47 68.16
sheep 0.515188 119.68 59.27 136.40 87.02
aeroplane 0.515122 45.34 181.34 88.83 209.77
bottle 0.515104 134.91 204.49 161.83 224.00
sheep 0.515067 111.42 61.88 121.36 83.16
boat 0.515043 31.08 155.33 56.29 188.02
tvmonitor 0.515032 85.86 18.98 108.19 46.52
sheep 0.515022 105.73 118.52 129.47 167.08
aeroplane 0.515015 55.07 27.29 75.48 79.72
bottle 0.515014 122.02 0.00 149.52 30.41
sheep 0.514968 108.48 53.55 120.62 75.29
aeroplane 0.514780 12.97 16.60 52.12 85.07
sheep 0.514748 78.53 108.61 113.33 157.07
bottle 0.514638 154.89 192.58 196.05 223.73
car 0.514592 34.25 77.02 55.68 130.42
sheep 0.514470 108.22 182.18 151.83 217.64
sheep 0.514404 70.42 87.45 105.90 120.29
boat 0.514299 39.11 135.11 66.69 173.17
cow 0.514293 167.39 0.00 214.40 28.59
bottle 0.514283 184.04 203.95 216.55 224.00
dog 0.514260 81.52 52.84 104.47 82.50
boat 0.514230 47.75 72.37 65.06 112.50
bottle 0.514208 188.51 20.86 224.00 72.76
sheep 0.514080 119.52 33.49 136.05 67.17
sheep 0.514069 92.71 52.41 112.05 77.56
person 0.514067 26.84 180.66 49.55 211.45
sheep 0.514062 131.29 18.65 152.32 61.27
sheep 0.514049 99.45 199.90 146.28 224.00
boat 0.513986 30.31 168.51 56.42 199.19
tvmonitor 0.513986 199.83 200.33 220.46 224.00
aeroplane 0.513977 61.60 0.00 88.71 39.43
aeroplane 0.513945 52.40 40.23 72.83 89.84
aeroplane 0.513885 42.10 29.34 63.17 84.77
sheep 0.513842 95.96 64.25 112.66 86.22
sheep 0.513831 104.54 44.92 120.55 69.00
aeroplane 0.513704 120.55 67.33 137.36 98.68
boat 0.513637 39.08 123.07 65.32 166.24
aeroplane 0.513626 26.46 16.89 56.66 79.55
dog 0.513605 83.52 85.97 117.95 127.57
sheep 0.513562 88.98 41.22 110.40 68.27
sheep 0.513452 85.78 33.12 108.80 62.13
sheep 0.513428 111.53 68.88 123.38 94.17
aeroplane 0.513377 26.32 0.00 56.53 38.90
dog 0.513346 120.34 75.35 140.08 115.44
aeroplane 0.513333 185.09 191.97 212.02 218.77
aeroplane 0.513309 41.28 0.00 68.90 38.07
cat 0.513269 150.33 137.03 210.77 181.80
boat 0.513251 32.36 183.08 55.02 210.61
aeroplane 0.513110 81.46 194.62 124.37 224.00
cat 0.513034 171.46 142.30 220.90 180.37
sheep 0.512972 80.19 67.07 103.58 92.85
aeroplane 0.512922 61.93 6.31 86.31 57.25
tvmonitor 0.512905 85.70 10.12 109.94 39.50
cat 0.512789 208.04 157.32 224.00 189.91
cat 0.512783 183.06 157.66 217.88 183.94
bottle 0.512739 192.32 133.55 224.00 178.96
sheep 0.512683 120.67 23.69 136.25 56.43
boat 0.512594 42.69 77.54 64.74 126.15
dog 0.512468 109.48 75.98 126.74 113.65
sheep 0.512423 102.29 36.03 119.78 62.83
bottle 0.512375 100.74 9.01 121.99 37.90
sheep 0.512334 115.30 201.87 155.04 224.00
boat 0.512314 33.03 0.00 91.72 81.61
aeroplane 0.512205 43.07 6.91 65.26 63.19
sheep 0.512052 95.22 72.39 113.15 95.58
cat 0.511982 200.26 146.86 224.00 185.92
cat 0.511958 189.28 165.74 213.66 189.74
aeroplane 0.511894 17.63 0.00 51.75 54.72
sheep 0.511827 79.12 76.05 102.84 100.19
cat 0.511575 168.29 172.28 204.88 200.17
cat 0.511452 158.04 153.40 208.02 184.64
cat 0.511390 165.36 163.33 206.32 190.50
bottle 0.511341 102.37 28.28 118.54 55.73
aeroplane 0.511304 184.86 183.48 209.28 208.00
sheep 0.511183 90.35 79.27 115.20 111.63
tvmonitor 0.511071 203.68 186.74 218.39 217.46
bottle 0.511058 112.28 0.00 138.52 25.04
aeroplane 0.510777 187.81 173.94 209.93 199.56
bottle 0.510611 99.95 0.00 123.91 23.11
bottle 0.510535 194.53 0.00 221.72 27.98
tvmonitor 0.509933 86.99 0.00 114.06 25.75
bottle 0.509805 190.88 12.57 221.42 53.74
cat 0.509772 209.75 168.33 222.72 200.79
bottle 0.509617 205.77 176.90 219.43 207.60
