diningtable 0.683493 5.08 51.99 224.00 217.58
chair 0.625030 6.44 48.48 224.00 220.18
person 0.597616 10.78 40.38 224.00 224.00
chair 0.585289 4.91 81.65 131.06 223.75
bottle 0.582910 19.72 34.33 224.00 223.26
chair 0.570432 0.00 97.44 57.91 191.44
chair 0.567486 6.57 57.51 96.08 215.64
bottle 0.561300 89.12 0.00 165.52 77.12
chair 0.559760 6.00 46.10 61.73 186.13
chair 0.554171 28.21 60.75 64.82 151.48
bottle 0.553557 8.48 103.18 209.01 224.00
chair 0.552435 0.00 68.94 15.29 150.24
chair 0.551507 0.00 96.18 80.19 211.59
bottle 0.549875 203.24 74.28 224.00 216.03
pottedplant 0.549727 13.52 43.23 216.28 194.79
person 0.549448 204.45 82.58 224.00 220.25
chair 0.546615 10.80 128.65 74.45 209.83
bottle 0.546068 96.31 0.83 146.07 65.81
bottle 0.545932 185.04 105.79 212.26 160.10
tvmonitor 0.545669 0.00 66.45 19.42 147.12
tvmonitor 0.545605 96.55 0.00 163.85 76.00
chair 0.545572 0.00 69.50 24.32 159.03
chair 0.545359 7.11 106.27 203.79 224.00
bottle 0.544499 202.87 0.00 224.00 98.99
diningtable 0.544419 15.72 117.11 204.15 224.00
chair 0.544213 10.57 72.54 58.94 162.35
chair 0.544116 31.82 122.27 87.26 213.38
person 0.543959 128.49 51.00 223.01 224.00
chair 0.543955 37.46 60.06 72.91 147.36
bottle 0.543930 117.10 39.84 223.58 216.91
chair 0.543438 14.52 92.79 61.09 177.55
dog 0.542174 183.75 105.17 213.35 160.04
chair 0.541525 0.00 78.54 34.98 168.92
sheep 0.541428 177.09 183.99 203.65 208.11
pottedplant 0.540235 70.25 56.31 110.17 116.45
chair 0.540074 27.59 88.42 66.93 174.34
chair 0.539901 0.00 19.62 51.85 171.34
bottle 0.539724 74.52 58.34 115.18 110.34
bottle 0.539713 201.59 35.15 224.00 158.05
chair 0.539660 13.77 0.00 59.48 160.38
chair 0.539305 62.93 55.80 99.73 129.00
bottle 0.539254 154.47 185.24 178.77 209.86
chair 0.538419 3.80 126.92 57.56 202.69
chair 0.538416 54.55 56.03 90.81 136.02
chair 0.537033 21.77 110.26 77.74 198.45
bottle 0.537021 188.01 0.00 224.00 74.30
tvmonitor 0.536621 92.95 12.21 133.78 66.20
chair 0.536588 70.34 59.78 106.51 120.52
pottedplant 0.536571 0.00 0.00 55.29 141.48
cat 0.536314 206.91 12.74 224.00 65.08
cat 0.536013 12.47 207.22 64.87 224.00
cat 0.535990 0.00 207.71 37.23 224.00
bottle 0.535444 191.01 66.28 224.00 224.00
chair 0.535390 2.91 65.71 32.97 147.83
bottle 0.535175 119.31 0.00 168.61 81.68
dog 0.535076 194.24 107.95 224.00 161.60
cat 0.534577 25.54 209.43 74.63 224.00
chair 0.534428 20.12 63.34 57.38 144.46
cat 0.534415 0.00 203.68 23.29 224.00
chair 0.534262 6.68 125.09 100.47 224.00
tvmonitor 0.534007 52.87 6.61 85.87 26.80
chair 0.533538 46.99 60.55 78.74 139.15
bottle 0.533537 161.83 184.66 187.08 208.48
cat 0.533504 17.45 16.12 52.79 66.89
person 0.533158 197.41 169.67 224.00 224.00
chair 0.533156 52.72 119.91 88.23 198.05
bottle 0.532853 181.72 29.06 224.00 169.70
chair 0.532571 38.69 105.85 81.86 187.97
sheep 0.532496 36.02 209.98 78.43 224.00
cat 0.532394 0.00 16.24 10.54 58.66
tvmonitor 0.532050 73.68 47.34 114.59 105.41
bottle 0.531984 205.07 201.09 224.00 224.00
chair 0.531755 45.15 209.54 84.01 224.00
tvmonitor 0.531718 0.00 58.37 11.92 130.77
dog 0.531451 178.29 179.22 207.70 206.68
pottedplant 0.531099 0.00 0.00 44.64 66.33
chair 0.530693 42.05 140.83 91.50 217.35
bottle 0.530661 104.80 0.00 159.51 53.94
bottle 0.530571 58.86 14.07 197.09 180.57
bottle 0.530460 150.44 0.00 205.96 100.43
bottle 0.530456 58.04 210.02 92.14 224.00
chair 0.530375 10.28 64.91 47.12 145.16
bottle 0.530236 0.00 12.56 10.43 54.76
bottle 0.530085 129.19 7.08 211.84 159.83
sheep 0.529809 181.52 188.49 206.22 210.69
bottle 0.529588 181.19 204.56 217.42 224.00
bottle 0.529554 146.99 200.42 184.33 224.00
chair 0.529486 39.05 87.07 78.05 168.21
cat 0.529459 0.00 0.00 19.03 25.07
tvmonitor 0.529318 48.09 0.00 88.77 23.62
sheep 0.529190 170.43 181.11 198.91 207.29
tvmonitor 0.529061 9.63 0.00 68.55 100.90
bottle 0.528654 128.92 74.57 156.90 134.27
cat 0.528651 209.97 0.00 224.00 27.34
dog 0.528575 182.21 117.14 210.78 170.82
bottle 0.528387 209.19 13.26 224.00 65.10
bottle 0.528311 88.80 65.67 118.72 109.10
tvmonitor 0.528016 11.25 0.00 72.30 60.53
chair 0.527895 4.85 153.23 52.37 205.94
bottle 0.527699 54.39 156.63 199.20 224.00
bottle 0.527697 137.37 74.85 163.77 135.67
sheep 0.527618 17.89 192.70 71.02 223.50
chair 0.527438 15.54 181.65 69.31 215.02
bottle 0.527313 75.46 46.10 121.01 100.76
chair 0.527250 53.26 104.41 84.27 173.13
chair 0.527250 0.00 0.00 179.00 208.23
tvmonitor 0.527233 31.55 31.11 194.07 170.20
tvmonitor 0.527160 63.99 14.07 90.76 66.65
bottle 0.527148 144.58 65.27 167.83 103.35
person 0.527125 146.28 175.88 215.21 224.00
bottle 0.527104 64.88 209.55 102.70 224.00
bottle 0.527066 122.48 76.14 147.79 131.67
cat 0.527063 9.30 172.97 57.09 211.48
bottle 0.526922 185.57 14.25 214.33 68.65
bottle 0.526832 129.64 105.54 153.16 152.10
bottle 0.526817 0.00 19.68 16.87 55.27
bottle 0.526811 139.19 103.94 161.70 152.31
dog 0.526758 54.04 130.79 96.96 208.61
person 0.526613 98.12 172.93 202.56 224.00
dog 0.526554 203.65 179.45 224.00 212.51
cat 0.526549 15.11 23.13 43.69 65.30
bottle 0.526510 150.10 188.91 172.78 212.54
cat 0.526436 193.41 10.95 220.69 66.42
person 0.526425 177.71 172.08 224.00 224.00
bottle 0.526271 125.10 69.06 148.60 110.92
bottle 0.526110 171.14 202.30 210.20 224.00
bottle 0.526060 197.77 12.69 221.29 65.40
cat 0.525912 9.98 188.60 60.64 219.50
chair 0.525726 14.72 164.79 68.58 210.80
chair 0.525531 49.44 77.08 83.34 157.06
tvmonitor 0.525316 2.67 66.69 31.87 145.05
tvmonitor 0.525260 0.00 38.72 9.54 99.05
bottle 0.525207 139.51 66.37 161.27 109.42
cat 0.525135 10.56 20.59 35.46 54.97
bottle 0.525128 83.70 0.00 173.11 111.27
bottle 0.525110 123.64 166.56 145.49 201.31
dog 0.524945 181.44 135.15 210.06 187.20
tvmonitor 0.524902 55.67 13.09 80.22 66.66
chair 0.524836 21.06 46.30 177.76 185.51
bottle 0.524714 108.37 66.37 139.38 104.91
tvmonitor 0.524629 87.25 20.21 119.79 67.05
bottle 0.524618 98.50 68.58 122.92 107.78
tvmonitor 0.524530 74.43 19.38 104.09 66.84
bottle 0.524448 180.35 83.38 208.30 132.35
bottle 0.524421 180.18 95.62 209.78 148.85
tvmonitor 0.524369 0.00 22.52 10.66 68.21
bottle 0.524300 122.52 100.74 144.46 145.36
tvmonitor 0.524283 53.84 5.92 82.99 54.57
chair 0.524241 20.31 7.39 82.79 161.96
bottle 0.524194 116.22 206.72 156.48 224.00
bottle 0.524173 133.11 67.53 155.57 110.16
bottle 0.524159 144.42 67.83 168.53 123.14
bottle 0.524098 93.15 150.04 117.24 197.50
cat 0.524022 32.07 0.00 66.62 19.72
dog 0.524002 179.87 156.66 210.08 206.16
dog 0.523980 201.89 114.47 224.00 172.76
bottle 0.523893 140.96 52.35 170.61 99.02
bottle 0.523891 0.00 0.00 14.08 33.19
bottle 0.523853 87.35 11.16 130.46 70.13
bottle 0.523491 114.74 164.58 134.31 202.05
tvmonitor 0.523475 55.49 5.27 89.40 38.57
cat 0.523468 22.98 0.00 54.45 19.35
tvmonitor 0.523434 16.55 15.30 53.82 70.75
cat 0.523369 18.81 14.65 44.31 55.39
bottle 0.523336 125.00 187.60 146.83 211.37
cat 0.523317 201.41 0.00 224.00 24.47
bottle 0.523287 0.00 190.25 41.15 223.15
bottle 0.523285 106.76 183.10 130.23 213.43
bottle 0.523188 134.47 203.20 175.93 224.00
tvmonitor 0.523149 81.82 32.04 116.89 85.66
bottle 0.523133 125.98 205.21 166.66 224.00
bottle 0.523118 87.26 208.54 134.57 224.00
tvmonitor 0.523107 70.80 4.62 110.77 38.72
cat 0.523095 44.65 5.08 77.33 27.47
cat 0.523056 204.20 62.98 224.00 106.64
tvmonitor 0.523019 94.55 0.00 146.51 45.05
dog 0.523014 202.62 129.13 224.00 189.28
bottle 0.522995 147.20 78.24 171.21 137.91
bottle 0.522938 124.54 156.47 146.45 191.51
tvmonitor 0.522899 26.50 0.00 98.68 66.15
tvmonitor 0.522844 22.73 61.02 53.70 134.06
tvmonitor 0.522819 23.41 0.00 76.96 140.67
bottle 0.522773 123.36 120.04 142.44 156.57
person 0.522757 152.09 90.39 212.74 224.00
bottle 0.522730 0.00 200.11 21.08 224.00
aeroplane 0.522708 4.95 171.37 54.27 211.07
bottle 0.522704 143.41 187.63 168.62 209.86
tvmonitor 0.522680 62.89 48.60 96.14 114.96
tvmonitor 0.522645 56.03 3.36 168.01 132.05
bottle 0.522636 133.36 189.17 156.93 209.75
bottle 0.522621 180.92 20.77 204.59 66.88
cat 0.522585 40.20 0.00 79.81 19.85
cat 0.522572 190.88 0.00 219.12 22.91
bottle 0.522559 134.59 27.44 170.66 91.52
dog 0.522515 202.59 148.43 224.00 207.71
sheep 0.522474 202.77 77.08 224.00 127.28
bottle 0.522469 117.07 153.76 134.70 191.52
bottle 0.522468 109.82 0.00 185.04 60.84
bottle 0.522466 115.98 185.65 138.71 212.68
bottle 0.522284 78.80 72.12 110.42 124.63
bottle 0.522134 102.17 153.23 121.16 195.39
bottle 0.522114 0.00 203.08 38.89 224.00
bottle 0.522022 150.61 105.96 170.56 152.16
bottle 0.521998 100.56 163.87 122.26 202.92
bottle 0.521982 152.28 191.38 177.85 223.12
cat 0.521948 14.94 0.00 44.58 18.76
bottle 0.521905 112.98 70.74 136.09 115.82
bottle 0.521902 100.00 181.17 124.60 214.08
tvmonitor 0.521848 64.92 0.00 156.95 88.40
bottle 0.521840 143.17 0.00 211.48 61.81
bottle 0.521829 150.39 91.58 172.55 143.45
bottle 0.521804 124.09 132.32 142.53 163.28
bottle 0.521804 119.35 147.16 134.98 181.89
tvmonitor 0.521802 40.07 13.39 69.55 66.30
aeroplane 0.521769 20.30 26.34 49.35 75.35
bottle 0.521725 98.98 187.11 125.71 223.37
bottle 0.521702 111.36 145.35 125.17 182.02
sheep 0.521662 177.95 157.60 205.77 203.17
bottle 0.521647 167.61 0.00 195.20 48.80
bottle 0.521631 151.82 0.00 186.01 51.04
bottle 0.521583 125.23 143.75 144.45 172.31
bottle 0.521525 117.37 115.47 132.68 149.82
aeroplane 0.521490 23.83 37.26 50.24 92.70
bottle 0.521411 0.00 29.11 10.22 81.72
bottle 0.521403 120.02 140.52 134.25 171.59
bottle 0.521294 104.32 143.89 120.56 185.84
bottle 0.521254 80.81 84.78 110.17 134.55
bottle 0.521252 0.00 52.04 16.27 118.91
bottle 0.521237 153.00 155.02 173.89 184.74
bottle 0.521237 130.74 133.28 152.71 165.01
bottle 0.521210 171.37 21.03 196.42 66.46
bottle 0.521137 118.71 123.90 132.88 155.09
bottle 0.521135 125.87 150.75 146.20 182.09
bottle 0.521102 181.72 74.72 207.56 114.41
bottle 0.521064 108.94 153.65 125.45 191.96
tvmonitor 0.521059 71.89 0.00 149.15 60.49
tvmonitor 0.520967 11.94 62.29 44.48 134.79
bottle 0.520921 111.39 118.62 124.71 148.67
bottle 0.520886 112.69 126.41 124.55 154.88
bottle 0.520834 0.00 0.00 26.52 22.02
tvmonitor 0.520796 43.55 63.95 69.46 131.74
dog 0.520735 61.31 150.20 105.46 206.67
bottle 0.520676 113.47 138.09 124.60 171.85
bottle 0.520670 12.37 17.00 32.31 51.17
tvmonitor 0.520646 37.51 63.50 62.27 132.95
sheep 0.520606 19.76 204.94 74.40 224.00
bottle 0.520537 123.71 0.00 166.63 34.39
bottle 0.520537 119.67 132.33 132.96 161.71
bottle 0.520521 152.86 164.75 176.34 201.26
tvmonitor 0.520487 46.46 0.00 122.75 63.43
bottle 0.520384 172.40 185.35 197.59 208.87
tvmonitor 0.520351 81.99 0.00 127.29 29.41
bottle 0.520329 148.57 146.01 168.22 172.66
aeroplane 0.520315 24.68 51.70 51.26 116.01
bottle 0.520307 193.36 9.74 219.57 51.05
bottle 0.520302 203.09 8.99 224.00 52.21
cat 0.520276 178.65 0.00 211.48 22.81
bottle 0.520220 106.58 164.45 126.09 201.40
chair 0.520208 63.69 77.71 100.36 139.94
bottle 0.520103 115.95 91.40 134.33 135.36
bottle 0.520079 192.86 0.00 219.66 37.28
bottle 0.520051 82.31 28.08 120.80 84.01
cat 0.520003 206.42 36.46 224.00 87.29
person 0.519987 188.01 131.27 224.00 224.00
bottle 0.519982 92.73 181.16 119.27 213.16
bottle 0.519976 0.00 172.51 44.65 212.23
bottle 0.519958 0.00 10.23 16.96 41.30
bottle 0.519956 97.94 78.04 118.41 122.71
cat 0.519946 27.73 7.01 50.25 37.06
bottle 0.519937 140.69 133.38 161.72 166.28
bottle 0.519930 132.39 147.23 154.60 172.43
bottle 0.519929 85.21 98.02 110.76 144.27
bottle 0.519914 157.86 116.13 174.77 155.66
bottle 0.519913 110.28 109.34 124.10 140.69
cat 0.519880 36.41 5.44 64.04 32.83
bottle 0.519818 102.80 92.68 119.65 132.27
tvmonitor 0.519798 28.55 36.37 53.57 93.15
bottle 0.519757 149.14 132.27 167.58 164.49
bottle 0.519710 159.13 102.55 177.84 146.16
bottle 0.519695 182.37 60.50 208.25 97.08
bottle 0.519695 133.09 169.80 158.60 201.08
tvmonitor 0.519686 66.66 10.43 102.53 57.78
tvmonitor 0.519645 0.00 138.73 39.40 199.23
tvmonitor 0.519593 67.96 0.00 109.69 24.87
bottle 0.519564 114.00 132.03 124.19 161.44
bottle 0.519554 149.49 65.56 174.15 108.72
bottle 0.519540 147.88 15.39 184.28 70.26
bottle 0.519536 161.29 0.00 194.04 20.49
tvmonitor 0.519518 69.65 37.95 95.39 94.24
bottle 0.519450 93.16 135.11 115.03 179.96
cat 0.519387 7.57 0.00 35.72 19.42
bottle 0.519378 168.74 0.00 202.22 21.37
tvmonitor 0.519305 42.78 0.00 131.27 91.97
bottle 0.519298 108.92 94.85 124.18 131.58
tvmonitor 0.519261 43.48 6.68 74.35 54.10
sheep 0.519213 180.01 83.29 211.47 130.04
sheep 0.519209 199.49 91.06 224.00 145.57
bottle 0.519153 180.81 69.45 205.17 101.71
bottle 0.519135 153.66 144.05 172.52 170.61
cat 0.519126 20.86 9.26 40.36 38.90
person 0.519100 75.40 127.64 200.66 224.00
bottle 0.519100 135.25 0.00 175.86 27.71
bottle 0.519018 166.77 113.86 188.72 155.04
bottle 0.518988 105.18 105.98 119.65 141.32
bottle 0.518971 106.11 80.05 123.11 122.18
bottle 0.518961 148.86 173.12 172.86 207.84
bottle 0.518922 106.67 115.13 120.00 150.40
bottle 0.518893 150.84 0.00 186.11 22.40
tvmonitor 0.518892 32.40 51.94 55.51 116.96
bottle 0.518863 88.09 109.79 111.59 153.69
bottle 0.518851 154.21 82.38 177.16 138.63
dog 0.518825 75.44 182.12 107.00 212.84
chair 0.518798 58.48 84.95 89.47 153.80
bottle 0.518746 155.49 130.62 173.28 162.76
bottle 0.518708 101.59 48.33 137.49 98.02
bottle 0.518665 175.66 1.55 204.19 47.99
bottle 0.518656 158.68 67.22 187.32 98.52
bottle 0.518646 203.62 0.00 224.00 39.58
pottedplant 0.518556 33.35 18.90 157.83 166.33
bottle 0.518555 141.85 147.40 163.64 173.35
bottle 0.518540 10.50 25.63 33.57 60.56
bottle 0.518538 184.26 7.77 213.54 49.41
cat 0.518495 28.25 9.47 63.68 58.30
tvmonitor 0.518480 75.54 9.08 113.47 51.41
dog 0.518438 69.63 167.64 106.61 209.27
tvmonitor 0.518424 59.99 42.62 80.21 95.78
bottle 0.518389 90.14 188.43 120.32 224.00
bottle 0.518367 107.15 135.57 119.87 175.64
bottle 0.518363 90.27 120.98 112.46 161.32
bottle 0.518344 134.09 160.56 158.61 191.44
bottle 0.518309 107.48 123.33 119.71 157.49
bottle 0.518298 172.73 61.46 197.58 93.16
tvmonitor 0.518250 72.42 28.20 93.15 76.51
bottle 0.518204 16.07 29.17 41.10 72.61
bottle 0.518175 174.70 69.20 198.56 100.01
tvmonitor 0.518157 54.93 54.62 79.58 116.16
bottle 0.518149 134.38 154.95 157.09 180.68
aeroplane 0.518119 13.01 53.43 42.09 115.84
tvmonitor 0.518050 62.15 30.24 79.49 78.68
chair 0.517992 64.73 131.17 101.31 188.13
bottle 0.517991 168.51 102.41 190.76 144.95
chair 0.517917 27.59 164.38 78.63 217.62
cat 0.517861 38.82 6.79 70.65 42.73
aeroplane 0.517763 15.02 39.71 41.23 92.20
bottle 0.517729 156.08 57.77 186.80 93.36
sheep 0.517675 161.13 164.20 186.41 199.43
sheep 0.517619 179.74 96.46 211.74 148.06
bottle 0.517552 12.38 10.67 28.54 38.33
bottle 0.517541 168.82 0.00 202.93 36.25
bottle 0.517530 184.07 195.52 212.86 224.00
bottle 0.517493 181.43 42.56 207.98 90.56
bottle 0.517401 159.66 190.73 186.33 221.38
dog 0.517339 38.94 163.61 85.13 217.93
sheep 0.517337 180.85 74.91 211.51 113.74
bottle 0.517196 179.57 0.00 212.78 36.43
bottle 0.517184 143.90 155.93 165.70 182.46
bottle 0.517181 0.00 175.11 24.56 217.23
bottle 0.517102 98.41 23.26 135.05 81.06
bottle 0.517090 170.57 46.50 197.09 87.83
chair 0.517046 60.46 121.77 88.82 181.49
bottle 0.517039 90.93 199.96 128.99 224.00
bottle 0.517025 0.00 40.05 15.74 97.36
sheep 0.516747 161.05 175.15 186.96 205.79
dog 0.516717 33.45 193.17 78.15 224.00
sheep 0.516696 187.77 187.36 217.55 210.52
dog 0.516633 27.81 182.41 75.93 217.14
sheep 0.516622 162.43 150.98 185.51 181.80
bottle 0.516579 144.35 162.72 167.33 195.36
bottle 0.516560 175.68 73.19 200.30 110.99
bottle 0.516483 169.13 30.81 197.07 81.82
tvmonitor 0.516453 35.01 40.00 58.14 93.94
bottle 0.516412 165.08 124.63 187.83 160.96
tvmonitor 0.516380 45.95 29.78 68.07 78.06
bottle 0.516356 160.14 75.78 191.05 124.87
bottle 0.516288 152.14 40.54 186.35 89.09
tvmonitor 0.516248 47.63 43.60 68.72 95.02
bottle 0.516239 164.38 88.10 192.73 139.14
bottle 0.516203 120.61 50.58 154.37 97.29
sheep 0.516201 189.41 194.08 219.08 222.78
bottle 0.516171 178.21 30.81 205.37 82.49
dog 0.516156 75.51 194.09 107.79 224.00
dog 0.516134 56.12 162.48 94.60 212.48
tvmonitor 0.516104 0.00 155.70 31.15 208.81
tvmonitor 0.516098 28.50 25.64 56.74 77.10
tvmonitor 0.515588 81.09 27.55 109.13 71.16
bottle 0.515543 121.84 200.49 150.60 224.00
bottle 0.515411 1.32 54.39 28.45 117.29
dog 0.515345 60.34 181.58 92.48 214.65
bottle 0.515331 114.56 23.61 151.78 81.70
bottle 0.515167 111.87 199.53 142.40 224.00
bottle 0.515020 162.94 137.09 185.72 167.34
dog 0.514939 48.54 195.82 83.91 224.00
cat 0.514737 185.78 54.87 218.50 98.09
bottle 0.514637 176.79 192.42 204.58 224.00
dog 0.514618 63.63 197.68 94.21 224.00
dog 0.514340 180.42 169.35 216.25 211.12
bottle 0.514191 168.54 190.80 197.97 222.30
bottle 0.514000 9.03 0.00 31.62 25.58
bottle 0.513913 0.00 30.77 16.52 76.69
chair 0.513806 65.96 105.30 97.47 159.21
bottle 0.513779 3.97 41.10 27.89 92.71
bottle 0.513553 131.59 198.75 161.33 224.00
cat 0.513237 187.94 20.14 217.24 75.26
cat 0.513139 187.00 36.81 217.26 87.82
bottle 0.512874 141.04 195.49 171.58 224.00
bottle 0.512694 8.95 31.18 30.07 70.56
sheep 0.512308 175.85 141.84 204.30 179.87
sheep 0.511999 54.08 207.96 89.81 224.00
