dog 0.598605 111.02 71.22 155.27 143.71
dog 0.574300 34.71 70.51 163.54 161.09
dog 0.568400 17.53 117.17 103.86 169.48
dog 0.563624 85.02 70.29 174.07 150.51
dog 0.563553 39.59 89.96 158.83 187.47
cow 0.563326 92.13 124.90 129.89 155.89
dog 0.561392 107.70 84.08 146.51 129.60
sheep 0.561360 88.25 122.67 128.56 157.01
sheep 0.555177 43.45 110.46 112.54 165.48
cow 0.551311 97.46 131.02 128.96 161.20
sheep 0.551140 61.88 110.20 118.14 158.57
sheep 0.550402 74.88 117.33 123.83 161.64
dog 0.548715 122.46 73.54 162.36 136.83
dog 0.548271 103.46 82.47 132.47 120.94
dog 0.547603 75.57 32.28 95.22 55.48
dog 0.546331 102.23 78.46 125.65 115.17
dog 0.546323 63.62 85.00 177.44 166.80
person 0.545951 79.27 31.50 99.63 56.59
dog 0.545081 93.95 75.13 113.28 109.45
cow 0.544546 126.47 153.30 147.94 180.71
dog 0.542884 127.04 57.24 165.37 127.05
dog 0.542836 82.91 72.94 103.34 105.96
horse 0.542016 95.72 135.75 123.41 167.94
dog 0.541950 132.07 50.41 175.37 119.97
train 0.541807 200.28 104.09 224.00 224.00
cow 0.541208 122.72 150.44 142.68 177.60
sheep 0.540961 134.35 46.71 182.85 108.75
dog 0.540434 57.24 85.49 88.73 134.11
person 0.540197 216.84 114.58 224.00 181.81
cow 0.540142 102.54 138.35 128.33 167.51
dog 0.539656 46.57 104.34 96.65 164.54
horse 0.539523 93.58 191.88 117.75 216.18
cow 0.539168 110.50 141.80 134.48 170.27
person 0.538985 218.94 122.49 224.00 188.26
dog 0.538949 117.05 70.82 149.14 126.09
dog 0.538178 52.31 92.76 90.09 148.07
sheep 0.538043 23.44 135.25 86.02 178.25
horse 0.537769 83.57 32.09 106.01 57.30
cow 0.537630 118.64 145.50 141.06 173.41
person 0.537617 75.81 30.15 95.40 53.80
dog 0.537115 73.85 72.90 95.67 104.90
dog 0.537009 0.00 45.11 30.43 158.18
dog 0.535690 21.76 133.59 90.46 178.60
dog 0.535589 52.41 86.43 76.07 123.27
person 0.535502 217.59 99.92 224.00 158.72
sheep 0.535346 98.48 109.04 137.79 149.36
person 0.535168 157.71 116.67 179.06 153.80
dog 0.535035 58.92 81.07 84.74 123.44
person 0.534974 0.00 61.44 13.85 109.08
train 0.534973 187.34 171.45 224.00 224.00
person 0.534818 217.01 61.78 224.00 107.17
sheep 0.534808 103.29 88.49 146.97 134.25
person 0.534489 0.00 206.02 17.07 224.00
horse 0.534422 162.40 122.23 179.76 152.97
person 0.534364 218.33 49.21 224.00 93.23
dog 0.534214 74.80 67.97 97.10 95.75
bicycle 0.533942 93.27 197.22 115.52 222.18
dog 0.533825 130.75 89.45 164.12 139.94
person 0.533489 195.12 72.67 224.00 196.86
sheep 0.533282 0.00 209.72 29.96 224.00
car 0.532998 220.00 26.72 224.00 71.05
cow 0.532900 133.61 46.29 186.39 97.69
cow 0.532829 40.01 210.44 81.27 224.00
person 0.532818 210.63 204.42 224.00 224.00
cow 0.532748 114.66 148.59 135.58 175.22
dog 0.532560 0.00 12.44 22.72 132.98
dog 0.532187 135.36 83.43 171.85 144.53
car 0.532146 219.00 41.83 224.00 85.87
person 0.532132 165.45 118.47 185.35 156.68
dog 0.532010 153.52 212.88 188.04 224.00
horse 0.531898 128.88 150.73 152.75 180.06
cow 0.531896 100.37 120.31 139.01 158.84
dog 0.531877 99.64 74.09 120.18 108.49
horse 0.531856 167.95 121.30 184.98 154.82
cow 0.531810 128.49 160.46 152.25 188.30
dog 0.531680 0.00 99.18 49.56 186.68
dog 0.531659 44.82 89.15 63.30 120.59
dog 0.531569 65.38 75.63 91.52 116.27
chair 0.531356 3.35 74.01 136.62 201.78
horse 0.531210 90.82 32.19 113.50 57.29
person 0.530978 218.33 75.32 224.00 121.74
cow 0.530786 122.49 141.24 145.90 170.80
sheep 0.530738 34.91 66.09 52.67 89.35
sheep 0.530622 0.00 64.35 24.79 106.69
person 0.530622 0.00 110.29 13.38 160.95
horse 0.530526 105.04 146.78 128.10 174.16
dog 0.530495 30.33 104.06 139.90 175.97
dog 0.530489 70.69 65.17 91.40 91.07
sheep 0.530354 43.29 66.97 57.91 87.33
horse 0.530263 94.36 183.83 120.21 211.76
car 0.530133 188.25 0.00 224.00 60.93
chair 0.529987 49.59 92.83 163.04 182.52
horse 0.529934 98.63 145.01 124.19 175.81
chair 0.529932 81.78 205.59 111.32 224.00
dog 0.529908 142.71 99.21 172.74 146.59
sheep 0.529738 33.80 60.64 52.37 83.34
dog 0.529735 148.77 112.00 172.31 149.52
dog 0.529717 49.69 92.74 79.59 134.58
chair 0.529440 62.56 210.54 95.88 224.00
person 0.529432 220.00 140.15 224.00 199.62
person 0.529370 196.79 109.53 213.58 168.41
person 0.529348 0.00 80.30 17.74 136.72
cow 0.529296 119.28 133.07 146.27 163.88
horse 0.529225 153.26 121.94 172.75 151.68
dog 0.529204 23.53 210.81 68.21 224.00
chair 0.529178 72.24 209.39 106.24 224.00
dog 0.528978 167.22 212.61 202.94 224.00
person 0.528889 198.20 45.93 224.00 149.48
sheep 0.528674 28.23 147.29 80.18 185.40
horse 0.528660 132.85 141.79 154.25 171.63
dog 0.528630 15.20 114.65 67.91 163.50
person 0.528462 0.00 96.05 16.48 149.83
dog 0.528448 8.08 64.47 30.99 101.18
cow 0.528424 152.20 46.71 193.25 89.29
dog 0.528422 73.21 35.59 91.07 57.85
dog 0.528420 78.80 76.50 103.75 117.44
dog 0.528259 11.28 160.66 120.59 224.00
bicycle 0.528060 93.14 201.75 123.48 224.00
cow 0.528057 136.43 133.11 157.02 162.05
sheep 0.528041 33.41 90.42 55.07 121.18
sheep 0.527980 43.01 61.34 57.34 80.14
dog 0.527919 138.41 212.24 171.97 224.00
dog 0.527876 14.40 107.64 77.74 181.39
dog 0.527753 118.24 95.53 224.00 224.00
dog 0.527679 22.62 65.94 44.26 92.32
cow 0.527678 117.47 208.46 151.25 224.00
horse 0.527615 102.67 204.57 134.07 224.00
person 0.527577 176.01 116.51 196.08 159.20
dog 0.527513 0.00 54.06 47.80 159.95
dog 0.527441 131.53 189.68 202.84 224.00
horse 0.527440 113.51 156.54 134.80 184.73
dog 0.527285 43.29 95.19 68.56 130.04
bird 0.527285 0.00 0.00 20.53 22.90
dog 0.527247 44.88 72.21 58.82 95.91
person 0.527188 189.81 114.31 207.20 162.55
dog 0.527183 3.05 210.36 41.77 224.00
dog 0.527109 16.52 89.28 46.15 124.23
dog 0.526983 36.51 70.65 53.38 95.64
dog 0.526979 74.92 41.14 94.59 65.86
dog 0.526966 54.14 66.36 69.49 88.45
aeroplane 0.526919 58.69 0.00 123.90 44.35
horse 0.526824 99.54 158.70 125.05 190.06
dog 0.526816 25.20 145.31 81.46 183.49
person 0.526695 0.00 164.22 58.03 224.00
dog 0.526693 0.00 0.00 38.39 49.10
dog 0.526636 130.76 211.36 164.54 224.00
person 0.526497 175.95 212.71 210.57 224.00
car 0.526489 209.54 0.00 224.00 24.07
dog 0.526467 0.12 68.56 24.24 113.74
dog 0.526387 74.27 56.98 95.82 82.17
car 0.526375 201.86 20.17 224.00 113.56
horse 0.526323 196.38 130.20 211.99 184.61
dog 0.526320 114.44 185.08 187.85 224.00
horse 0.526310 125.52 161.20 144.64 190.65
person 0.526270 0.00 0.00 105.77 145.04
dog 0.526260 90.28 177.80 167.91 224.00
dog 0.526251 64.40 72.60 87.26 102.92
car 0.526145 142.21 44.58 190.55 99.67
horse 0.526112 97.48 172.08 122.51 204.10
dog 0.525951 64.61 65.23 84.78 89.14
dog 0.525904 0.00 81.54 26.96 136.21
dog 0.525850 121.63 60.30 147.68 111.42
dog 0.525834 71.25 53.82 90.01 77.91
dog 0.525794 13.25 65.27 36.97 96.48
sheep 0.525705 68.58 95.16 107.22 145.89
person 0.525674 64.41 167.29 148.89 224.00
dog 0.525585 7.80 84.14 33.11 133.07
dog 0.525570 73.42 83.43 104.51 129.62
person 0.525554 83.96 33.60 107.14 58.72
car 0.525506 220.00 11.12 224.00 51.01
dog 0.525404 45.77 78.29 60.49 110.38
dog 0.525369 21.57 116.99 129.79 199.41
dog 0.525331 21.21 69.99 85.96 156.79
dog 0.525318 11.47 86.89 39.79 128.97
dog 0.525220 139.04 105.23 164.48 145.44
cow 0.525167 101.11 31.01 121.43 56.27
person 0.525147 185.98 212.00 217.85 224.00
dog 0.525086 2.13 111.39 34.03 156.38
dog 0.525064 10.76 113.13 50.33 156.25
aeroplane 0.525050 120.12 0.00 154.88 16.04
person 0.524997 220.00 183.91 224.00 224.00
aeroplane 0.524981 112.70 0.00 144.71 16.90
person 0.524942 40.48 157.11 134.80 224.00
sheep 0.524914 34.98 53.45 51.92 75.68
person 0.524896 207.79 111.98 222.75 180.18
aeroplane 0.524864 104.22 0.00 134.32 17.39
cow 0.524817 196.19 137.30 211.74 190.71
sheep 0.524797 21.37 60.95 43.51 86.49
dog 0.524767 25.48 88.18 97.26 168.20
dog 0.524739 55.23 73.26 73.54 100.43
person 0.524727 79.64 40.93 100.30 69.24
dog 0.524675 54.86 78.80 76.71 115.25
cow 0.524571 95.00 0.00 125.78 17.50
person 0.524531 197.89 208.37 224.00 224.00
sheep 0.524530 31.91 96.48 58.22 130.77
dog 0.524528 66.15 33.31 84.48 54.97
dog 0.524526 53.98 58.40 67.54 78.50
sheep 0.524422 169.31 47.60 200.66 84.79
dog 0.524335 0.00 124.52 57.11 218.24
person 0.524304 0.00 121.48 11.42 173.48
cow 0.524303 115.06 120.14 147.65 157.28
dog 0.524065 220.00 171.67 224.00 223.50
person 0.524035 71.38 0.00 136.41 47.18
horse 0.523876 143.61 131.26 164.12 159.80
sheep 0.523861 0.00 0.00 108.57 164.19
dog 0.523800 35.69 77.34 54.40 108.97
dog 0.523790 11.45 184.87 52.57 224.00
dog 0.523777 144.70 120.91 165.28 152.00
dog 0.523741 80.79 59.92 103.16 88.35
dog 0.523729 50.30 112.71 151.21 200.40
dog 0.523723 110.92 61.98 196.20 157.22
dog 0.523717 18.63 186.81 66.30 224.00
sheep 0.523681 1.74 89.00 29.16 141.49
dog 0.523521 4.15 74.69 56.48 170.38
dog 0.523476 20.38 76.80 45.20 112.12
person 0.523425 220.00 160.61 224.00 211.73
dog 0.523404 17.90 95.86 49.19 134.08
sheep 0.523397 36.70 35.85 51.67 54.94
dog 0.523388 110.51 98.20 149.18 145.58
person 0.523386 2.79 105.46 33.41 153.85
dog 0.523379 171.79 179.90 224.00 224.00
sheep 0.523368 36.44 44.37 51.64 65.36
dog 0.523342 127.78 99.30 156.93 143.98
person 0.523307 99.24 0.00 224.00 161.10
dog 0.523282 64.71 55.12 81.96 77.06
cow 0.523248 44.35 0.00 113.72 43.46
person 0.523195 0.00 46.07 10.51 92.59
person 0.523118 119.05 29.90 133.63 59.27
cow 0.523107 86.58 0.00 117.71 17.60
cow 0.523016 90.99 29.00 112.17 53.51
horse 0.522901 85.56 130.07 117.18 167.42
chair 0.522871 21.78 93.37 162.22 224.00
cow 0.522841 134.43 120.00 157.70 154.07
person 0.522795 216.54 198.11 224.00 224.00
horse 0.522780 86.35 194.31 109.44 217.23
person 0.522696 195.53 48.77 212.54 86.50
dog 0.522662 132.07 48.15 155.19 103.86
person 0.522639 180.55 42.86 204.74 83.14
car 0.522576 215.20 0.00 224.00 32.36
person 0.522533 89.33 62.70 109.40 94.04
dog 0.522527 34.74 90.57 185.11 224.00
dog 0.522464 12.21 75.42 37.12 117.57
dog 0.522464 16.92 140.61 64.89 181.78
dog 0.522371 2.85 183.21 40.76 224.00
cow 0.522369 190.44 140.78 205.67 189.16
sheep 0.522363 7.20 60.21 31.06 94.56
dog 0.522349 138.90 40.16 177.73 98.78
horse 0.522317 188.82 123.98 205.53 172.47
dog 0.522299 78.78 99.13 172.05 188.07
bicycle 0.522251 83.90 201.33 108.80 224.00
cow 0.522216 90.53 33.73 113.90 59.90
sheep 0.522157 98.87 92.16 135.13 135.74
dog 0.522105 3.03 97.18 31.54 148.37
dog 0.522086 101.36 49.38 222.32 201.17
sheep 0.522071 43.65 53.77 56.60 72.18
dog 0.522061 115.06 62.35 139.66 105.79
sheep 0.522049 141.84 39.05 184.85 96.98
sheep 0.522043 24.13 0.00 94.80 38.57
dog 0.522033 0.00 22.90 38.19 138.47
aeroplane 0.521954 132.25 0.00 161.25 23.14
sheep 0.521844 0.00 182.59 24.87 224.00
bird 0.521837 0.00 18.92 7.79 60.05
horse 0.521716 177.27 118.76 194.63 158.05
sheep 0.521662 0.00 26.27 7.83 68.45
dog 0.521654 4.53 0.00 73.27 35.93
horse 0.521632 109.02 166.70 132.68 196.05
sheep 0.521598 44.43 37.07 58.25 53.27
person 0.521570 85.70 41.47 106.82 72.84
sheep 0.521461 0.00 179.82 9.25 224.00
person 0.521442 0.00 35.14 8.19 78.82
aeroplane 0.521422 125.50 0.00 167.93 16.80
dog 0.521421 0.00 0.00 31.02 79.72
sheep 0.521377 139.64 32.21 175.01 82.27
horse 0.521356 180.85 84.54 224.00 222.07
sheep 0.521311 37.42 28.47 51.24 46.45
dog 0.521287 55.30 36.12 70.58 53.18
dog 0.521049 19.24 152.72 59.79 187.23
sheep 0.521048 191.27 30.24 210.09 70.90
sheep 0.521040 37.18 105.32 79.63 149.64
dog 0.520934 126.65 48.53 145.42 94.26
person 0.520916 11.90 142.17 127.69 224.00
sheep 0.520914 0.00 51.07 21.50 91.36
sheep 0.520911 44.35 30.50 58.66 46.04
bird 0.520903 0.00 0.74 9.71 39.53
dog 0.520881 54.62 30.95 72.37 47.88
person 0.520798 0.00 197.51 14.14 224.00
person 0.520738 118.16 37.01 134.81 70.73
aeroplane 0.520692 128.11 0.00 187.19 47.45
sheep 0.520690 28.82 35.28 44.67 55.28
sheep 0.520676 130.15 164.05 152.82 192.46
sheep 0.520651 0.00 0.00 29.17 19.28
cow 0.520642 78.84 0.00 110.21 17.15
person 0.520629 191.02 36.33 209.98 77.53
dog 0.520618 17.35 104.52 58.09 151.68
dog 0.520602 159.50 102.75 187.01 155.48
dog 0.520575 115.38 49.72 180.89 143.15
dog 0.520550 67.02 37.70 83.05 59.06
dog 0.520534 20.83 165.69 66.31 207.60
sheep 0.520468 198.72 62.93 215.82 96.05
person 0.520465 97.82 64.26 117.28 97.45
sheep 0.520442 183.80 54.42 207.67 87.47
dog 0.520440 128.63 39.78 142.77 79.71
sheep 0.520425 0.00 39.55 17.93 76.21
sheep 0.520407 27.89 43.85 44.64 66.54
sheep 0.520394 13.16 61.45 36.69 89.72
sheep 0.520328 128.21 31.76 140.70 66.58
sheep 0.520298 171.84 146.75 188.29 184.05
dog 0.520275 135.05 40.35 152.02 88.96
sheep 0.520250 44.69 44.83 57.01 62.85
horse 0.520243 77.76 198.89 99.99 215.98
sheep 0.520207 59.52 0.00 128.08 70.91
dog 0.520198 10.96 99.79 42.72 147.95
sheep 0.520144 24.22 53.63 44.00 78.83
sheep 0.520132 182.95 31.12 203.79 71.46
dog 0.520118 197.62 146.89 210.98 193.77
sheep 0.520112 157.47 38.04 194.25 85.05
dog 0.520068 0.00 129.77 9.91 183.39
dog 0.520007 180.02 144.48 196.33 185.97
sheep 0.519916 26.52 105.58 67.66 150.17
dog 0.519898 15.62 127.81 68.85 174.04
bicycle 0.519896 3.97 136.30 128.85 224.00
sheep 0.519868 170.24 57.63 200.08 91.28
horse 0.519864 163.84 130.83 180.14 161.44
cow 0.519858 103.18 26.51 121.57 50.06
person 0.519782 99.96 35.03 122.39 63.40
dog 0.519770 96.36 121.84 175.37 210.61
dog 0.519732 117.87 47.43 136.78 86.29
sheep 0.519724 0.00 30.30 16.55 64.70
boat 0.519709 169.63 0.00 203.04 14.74
horse 0.519666 137.94 140.69 160.84 170.63
cow 0.519618 68.13 198.92 89.80 217.61
dog 0.519616 65.76 44.30 81.58 66.13
dog 0.519571 161.18 60.54 224.00 168.40
sheep 0.519506 0.00 0.00 15.14 28.88
boat 0.519480 187.31 0.00 216.86 16.41
car 0.519476 130.56 0.00 174.85 15.63
dog 0.519446 55.12 49.81 67.34 69.28
boat 0.519433 159.90 0.00 196.14 14.24
dog 0.519295 0.00 149.66 7.59 204.37
person 0.519245 209.11 100.76 224.00 160.65
dog 0.519237 106.56 64.47 128.65 101.51
sheep 0.519230 7.36 34.54 27.94 58.39
dog 0.519187 33.05 172.28 75.47 207.86
car 0.519167 147.94 0.00 189.23 14.44
person 0.519072 208.20 129.46 221.05 190.28
car 0.519042 135.12 0.00 199.05 47.00
dog 0.519029 109.02 0.00 171.41 51.99
person 0.518999 209.72 50.28 224.00 89.71
sheep 0.518948 8.79 43.10 29.60 70.29
chair 0.518933 33.14 58.44 158.28 189.96
sheep 0.518914 147.85 31.01 190.07 78.87
horse 0.518905 67.65 125.61 104.37 167.35
person 0.518900 170.91 72.27 224.00 213.84
horse 0.518830 62.05 23.93 131.99 107.65
person 0.518786 93.68 42.49 114.90 76.02
sheep 0.518768 134.42 31.83 149.70 73.19
sheep 0.518738 130.21 70.62 175.50 130.83
dog 0.518667 150.92 196.20 173.15 224.00
sheep 0.518636 6.29 0.00 38.45 16.72
dog 0.518616 191.46 149.40 203.90 192.49
dog 0.518570 160.36 149.40 180.89 183.73
aeroplane 0.518567 135.78 11.35 161.14 36.55
dog 0.518548 0.00 165.91 7.33 224.00
sheep 0.518545 28.84 27.70 43.77 46.57
sheep 0.518492 30.94 157.79 76.34 192.93
cow 0.518490 119.74 23.33 132.62 48.68
dog 0.518483 46.04 0.00 182.73 154.95
dog 0.518460 0.00 0.00 140.08 147.53
sheep 0.518429 136.65 185.98 157.27 214.41
sheep 0.518361 56.31 41.83 68.76 60.54
sheep 0.518355 30.55 0.00 61.45 15.73
horse 0.518327 170.97 128.33 185.57 161.00
sheep 0.518327 19.77 35.92 38.24 54.98
train 0.518267 141.35 96.21 207.32 219.28
sheep 0.518247 38.96 18.17 50.91 36.13
sheep 0.518223 206.91 29.40 218.67 70.78
bicycle 0.518195 74.92 207.19 103.33 224.00
sheep 0.518084 174.54 30.62 199.20 72.17
dog 0.518076 126.45 28.99 181.83 109.94
cow 0.518072 53.93 195.92 82.99 222.88
dog 0.517985 8.18 165.10 45.94 210.17
cow 0.517962 82.61 26.40 103.27 51.92
sheep 0.517861 8.23 53.63 30.90 85.82
sheep 0.517853 45.54 21.24 58.92 37.16
dog 0.517846 35.99 192.71 78.27 224.00
sheep 0.517829 189.30 70.14 208.39 98.75
boat 0.517809 200.01 0.00 224.00 19.93
sheep 0.517786 162.47 31.22 194.35 74.79
person 0.517786 211.30 62.49 224.00 101.12
sheep 0.517778 71.06 0.00 102.67 16.62
horse 0.517731 148.25 136.59 170.46 166.00
dog 0.517714 117.74 123.02 188.67 222.32
person 0.517688 103.50 45.00 124.87 80.01
dog 0.517681 143.34 191.15 163.95 217.94
sheep 0.517665 138.61 21.31 171.47 62.62
sheep 0.517663 0.00 15.59 14.89 46.43
horse 0.517635 87.12 187.96 113.79 213.52
dog 0.517593 0.00 149.93 36.99 196.89
sheep 0.517567 45.76 135.34 89.20 176.12
sheep 0.517548 199.97 79.55 215.80 110.47
sheep 0.517525 208.00 43.54 224.00 83.91
sheep 0.517506 20.40 44.80 39.04 66.84
sheep 0.517497 6.37 27.40 26.02 50.71
sheep 0.517461 14.15 0.00 47.16 15.85
dog 0.517389 181.56 153.59 195.09 191.07
dog 0.517337 172.90 155.44 187.33 190.69
person 0.517237 64.73 208.55 93.36 224.00
dog 0.517171 13.71 127.83 101.12 206.54
train 0.517171 186.21 120.24 224.00 224.00
cow 0.517164 131.54 169.11 150.62 197.67
cow 0.517153 171.71 137.94 187.45 172.47
horse 0.517128 208.75 137.56 220.77 195.30
dog 0.517098 46.86 75.77 198.39 192.50
sheep 0.516993 155.47 89.70 186.93 145.52
dog 0.516978 73.17 28.00 92.02 52.41
sofa 0.516930 93.03 0.00 224.00 177.55
dog 0.516918 159.50 184.91 179.29 209.91
sheep 0.516864 186.00 19.54 203.05 51.92
sheep 0.516827 151.57 61.49 189.00 104.54
cow 0.516802 179.18 135.54 195.66 175.33
horse 0.516789 105.87 177.05 130.45 203.71
dog 0.516773 55.83 24.94 73.86 41.51
sheep 0.516758 18.42 28.49 36.35 47.08
cow 0.516732 161.66 140.83 181.33 172.98
person 0.516668 196.93 99.33 214.39 147.70
aeroplane 0.516665 128.01 23.27 139.26 50.49
horse 0.516658 106.15 185.83 128.59 211.72
dog 0.516641 134.00 204.16 161.07 224.00
sheep 0.516551 207.80 22.45 217.33 60.90
sheep 0.516538 149.50 23.66 187.71 66.34
sheep 0.516467 166.45 24.74 194.33 64.43
horse 0.516452 126.41 170.64 145.21 198.17
person 0.516441 187.34 103.57 206.72 149.46
sheep 0.516407 192.18 80.82 208.90 109.91
dog 0.516401 127.00 0.00 183.13 78.09
sheep 0.516371 133.01 171.92 153.36 199.73
sheep 0.516355 172.99 66.11 199.34 98.53
sheep 0.516280 47.77 179.62 80.68 207.61
boat 0.516277 192.83 5.33 208.79 37.79
aeroplane 0.516258 132.52 12.59 149.79 34.28
sheep 0.516255 152.99 74.61 187.46 123.20
dog 0.516232 158.25 199.19 182.40 224.00
dog 0.516228 11.30 129.08 51.99 172.69
dog 0.516199 5.00 5.81 68.33 111.20
cow 0.516144 69.66 155.64 98.22 188.64
cow 0.516127 63.97 187.39 89.02 209.52
cow 0.516121 133.53 182.45 152.64 212.05
sheep 0.516116 147.47 180.62 169.05 206.62
horse 0.516079 104.58 195.68 128.99 224.00
sheep 0.516017 187.55 0.00 212.51 25.54
cow 0.515986 115.41 0.00 143.07 17.81
sheep 0.515979 30.34 17.93 43.34 35.94
dog 0.515970 57.16 138.73 145.81 224.00
dog 0.515965 24.80 155.46 71.50 189.32
boat 0.515944 183.15 5.18 202.75 38.52
sheep 0.515937 63.05 0.00 95.17 15.91
sheep 0.515878 0.00 165.71 30.07 220.95
sheep 0.515873 175.33 78.65 199.44 114.59
sheep 0.515873 47.56 151.25 85.38 185.91
sheep 0.515872 16.85 54.93 37.82 81.24
dog 0.515870 12.24 159.05 48.83 196.30
sheep 0.515858 193.30 18.39 208.14 50.36
sheep 0.515856 140.20 155.89 167.90 185.32
sheep 0.515831 7.67 18.91 24.43 40.88
sheep 0.515809 26.26 208.35 75.97 224.00
sheep 0.515758 130.64 0.00 178.89 18.41
horse 0.515729 77.91 191.80 101.85 211.09
aeroplane 0.515675 127.24 14.10 141.12 34.91
sheep 0.515656 47.75 0.00 77.58 15.11
dog 0.515621 1.83 128.24 37.36 176.20
sheep 0.515603 179.44 18.59 198.37 51.84
aeroplane 0.515584 125.64 2.45 145.35 23.19
dog 0.515494 81.77 151.29 163.03 224.00
cow 0.515481 91.39 23.12 111.29 47.92
sheep 0.515477 0.00 157.91 34.37 207.47
dog 0.515465 147.45 210.21 178.42 224.00
dog 0.515443 175.61 93.62 198.79 138.22
dog 0.515439 12.09 41.73 71.74 133.85
dog 0.515409 56.80 22.85 127.53 101.70
cow 0.515382 82.40 19.48 98.66 43.31
person 0.515248 212.00 76.77 224.00 115.18
dog 0.515186 70.88 0.00 224.00 165.72
person 0.515155 199.58 90.09 215.63 128.12
sheep 0.515080 176.32 0.00 205.21 24.76
dog 0.514986 124.57 167.34 197.43 224.00
dog 0.514935 66.37 27.35 86.69 49.52
cow 0.514884 120.23 14.47 134.07 37.52
dog 0.514865 107.29 161.18 182.85 224.00
aeroplane 0.514862 134.10 0.00 172.90 29.14
person 0.514842 50.86 208.68 85.67 224.00
sheep 0.514801 133.35 22.29 148.39 53.09
horse 0.514750 126.15 182.36 145.87 209.84
cow 0.514696 142.87 147.82 169.46 177.23
dog 0.514642 190.58 92.84 207.98 130.65
dog 0.514636 12.82 208.43 59.41 224.00
cow 0.514614 106.94 0.00 131.75 18.42
sheep 0.514585 19.32 19.28 34.72 37.33
horse 0.514553 68.22 137.09 100.27 175.82
horse 0.514503 88.14 140.78 118.83 176.54
dog 0.514431 210.04 147.22 221.05 198.74
dog 0.514313 86.77 28.71 157.66 107.65
boat 0.514293 176.50 3.49 197.86 37.98
horse 0.514280 89.12 175.86 118.24 207.48
cow 0.514231 77.52 20.00 93.07 44.35
cow 0.514216 105.41 18.28 122.96 42.02
sheep 0.514192 44.79 8.78 56.87 25.51
sheep 0.514164 168.78 17.78 193.11 51.08
sheep 0.514142 127.98 0.00 192.54 78.79
sheep 0.514113 38.98 4.65 51.07 24.12
horse 0.514022 89.19 158.36 121.11 192.59
dog 0.514004 211.83 186.22 224.00 224.00
cow 0.514000 122.35 198.33 147.67 224.00
aeroplane 0.513995 138.53 12.55 174.64 45.62
dog 0.513914 199.90 160.95 211.28 198.18
cow 0.513872 87.83 17.00 105.66 40.54
sheep 0.513864 0.00 0.00 45.77 77.52
cow 0.513833 73.93 176.04 100.26 204.35
dog 0.513744 161.26 168.93 178.56 198.70
sheep 0.513728 8.43 3.35 25.41 28.92
dog 0.513650 144.96 169.80 213.23 224.00
cow 0.513617 81.08 0.00 104.59 26.02
person 0.513585 212.00 86.26 224.00 130.17
aeroplane 0.513535 149.95 15.64 184.95 49.65
sheep 0.513497 209.37 15.41 217.07 48.50
dog 0.513489 191.36 163.24 202.69 197.55
sheep 0.513449 138.35 175.57 159.19 202.04
aeroplane 0.513371 164.69 1.41 192.41 36.26
sheep 0.513351 0.00 0.00 70.52 67.77
sheep 0.513335 157.26 0.00 193.98 21.24
dog 0.513332 194.93 192.12 214.13 224.00
dog 0.513300 165.19 186.12 184.83 211.37
dog 0.513294 35.04 17.80 107.23 105.49
cow 0.513288 53.82 168.91 85.65 198.44
sheep 0.513288 209.75 4.45 219.30 37.04
aeroplane 0.513219 146.19 0.00 183.77 33.20
dog 0.513203 199.25 176.40 212.30 211.30
aeroplane 0.513015 119.50 3.83 137.22 24.85
dog 0.512991 164.24 42.01 224.00 131.81
sheep 0.512946 78.32 0.00 153.80 78.46
sheep 0.512844 24.68 0.00 100.01 65.69
sheep 0.512768 203.98 0.00 223.52 27.51
sheep 0.512696 55.03 14.22 71.21 31.43
dog 0.512474 59.33 50.08 132.16 135.39
dog 0.512367 88.90 50.10 161.78 133.31
sheep 0.512229 142.83 167.97 167.05 196.34
dog 0.512177 170.52 169.63 184.92 199.77
sheep 0.512177 72.39 20.00 89.96 44.57
cow 0.512137 109.05 7.61 126.95 28.27
cow 0.512068 97.09 12.68 115.22 34.32
sheep 0.511806 19.78 2.70 35.69 24.96
sheep 0.511766 30.94 2.63 45.10 23.42
dog 0.511756 187.29 180.45 202.53 210.92
dog 0.511716 179.94 167.51 192.71 198.94
dog 0.511589 129.28 46.36 197.67 126.64
dog 0.511397 182.00 196.98 204.99 224.00
dog 0.511383 212.00 160.82 222.35 204.60
dog 0.511352 174.20 184.50 192.28 211.26
dog 0.511319 41.04 50.50 114.70 132.31
sheep 0.511309 74.12 0.00 97.50 26.85
boat 0.511212 166.33 0.00 224.00 79.06
sheep 0.511090 65.26 19.34 83.91 40.95
sheep 0.511042 137.99 24.57 200.17 102.18
dog 0.510953 169.75 199.28 195.48 224.00
sheep 0.510714 174.87 14.19 224.00 97.49
boat 0.510603 135.06 0.00 207.22 78.03
sheep 0.510412 24.81 0.00 51.14 15.49
sheep 0.510016 66.47 0.00 91.74 26.92
sheep 0.509736 186.68 210.18 215.65 224.00
sheep 0.509629 58.84 0.00 84.67 24.44
