dog 0.653085 7.39 14.48 195.87 224.00
dog 0.597980 74.79 10.97 194.92 207.50
train 0.574904 0.00 17.79 168.31 210.04
dog 0.553284 26.55 72.67 96.90 148.07
dog 0.552543 44.86 59.74 115.38 126.95
dog 0.550742 6.98 27.34 148.45 188.50
dog 0.546008 172.75 37.02 224.00 183.28
dog 0.544515 155.47 71.21 192.08 154.10
dog 0.538919 67.06 73.38 112.05 124.33
bird 0.537642 0.00 204.68 17.04 224.00
dog 0.536953 181.44 98.28 224.00 224.00
dog 0.536916 1.67 124.10 69.18 155.28
dog 0.535913 153.16 211.26 189.63 224.00
bird 0.535853 0.00 208.71 30.73 224.00
dog 0.534389 93.25 185.31 200.44 224.00
dog 0.534319 112.79 22.37 224.00 200.24
dog 0.533862 167.84 211.39 202.15 224.00
dog 0.533787 0.00 53.78 114.93 197.59
dog 0.533762 154.95 44.11 191.26 121.91
person 0.533579 87.10 88.07 125.93 124.42
dog 0.533554 65.32 187.94 169.50 224.00
dog 0.533459 184.37 0.00 224.00 43.76
dog 0.533443 85.88 83.91 126.62 125.29
dog 0.533301 47.34 14.09 181.74 168.12
dog 0.533264 158.38 98.13 187.55 160.50
person 0.533172 64.51 78.69 112.77 123.68
dog 0.533056 182.05 16.30 224.00 145.75
dog 0.533042 121.42 34.51 157.66 90.05
dog 0.532689 12.62 94.47 90.85 151.92
dog 0.532508 46.12 182.60 141.40 224.00
dog 0.532377 54.02 17.38 89.84 40.04
bird 0.532348 0.00 182.41 73.65 224.00
dog 0.532325 141.14 36.73 184.83 113.01
dog 0.532153 7.47 182.86 88.68 224.00
dog 0.531898 11.07 55.03 53.83 96.32
dog 0.531688 14.02 94.16 151.00 224.00
dog 0.531250 209.62 205.39 224.00 224.00
dog 0.531066 177.17 211.83 211.54 224.00
dog 0.530775 124.03 32.13 175.28 95.19
dog 0.530699 81.25 96.37 191.88 224.00
dog 0.530655 171.16 163.41 224.00 224.00
dog 0.530631 61.81 15.84 95.67 34.62
sheep 0.530231 3.18 208.52 45.82 224.00
dog 0.529968 15.35 80.70 71.10 142.37
dog 0.529959 39.46 46.82 99.64 115.89
dog 0.529881 212.44 42.53 224.00 95.72
dog 0.529803 114.97 22.51 152.21 85.13
sheep 0.529610 187.01 211.08 220.53 224.00
dog 0.529601 117.07 174.46 222.21 224.00
dog 0.529458 150.15 62.03 185.92 133.22
dog 0.529065 87.54 142.85 110.94 169.66
dog 0.528941 32.96 19.00 82.56 85.28
bird 0.528919 20.63 209.11 66.08 224.00
dog 0.528742 89.65 211.51 141.47 224.00
dog 0.528553 209.35 0.00 224.00 21.84
sheep 0.528477 13.16 59.04 52.46 101.54
dog 0.528346 138.70 210.63 180.57 224.00
dog 0.528320 44.09 15.97 85.87 44.25
bird 0.528312 8.41 208.05 53.89 224.00
sheep 0.528070 215.41 168.02 224.00 205.19
sheep 0.528063 217.83 135.19 224.00 180.32
dog 0.527959 115.42 42.80 147.36 95.96
dog 0.527848 167.46 40.89 196.64 108.52
person 0.527804 59.16 1.16 222.29 214.29
dog 0.527691 0.00 0.00 49.38 41.81
dog 0.527571 24.39 18.94 133.03 156.94
dog 0.527463 159.76 117.11 185.53 164.75
sheep 0.527275 0.00 117.48 93.64 224.00
dog 0.527118 68.77 16.69 101.35 39.69
dog 0.527090 111.44 51.76 144.43 106.37
dog 0.527083 53.71 0.00 130.41 43.53
sheep 0.527048 19.92 13.66 63.11 35.05
dog 0.527030 41.56 29.10 94.55 97.97
dog 0.526886 107.03 211.15 155.10 224.00
dog 0.526825 144.49 76.01 181.08 141.47
dog 0.526470 117.69 15.62 142.99 41.27
sheep 0.526454 0.00 0.00 18.60 24.89
dog 0.526426 110.26 16.14 135.41 41.48
sheep 0.526390 197.25 208.70 224.00 224.00
sheep 0.526380 45.87 14.85 87.28 36.07
dog 0.526366 0.00 115.61 41.07 164.76
dog 0.526303 159.57 187.41 182.69 209.41
dog 0.526291 158.23 195.57 182.56 219.99
sheep 0.526173 214.90 148.30 224.00 196.03
dog 0.526161 103.19 15.91 126.99 42.64
dog 0.525830 125.91 15.29 150.03 42.80
dog 0.525630 34.81 209.63 80.06 224.00
dog 0.525561 96.81 59.21 200.21 213.19
bird 0.525523 0.00 160.86 54.24 224.00
dog 0.525260 0.00 124.69 64.15 224.00
sheep 0.525248 192.82 174.87 213.47 202.40
dog 0.525240 0.00 86.89 85.64 204.36
dog 0.525220 98.51 55.07 137.50 109.00
dog 0.525141 183.90 45.91 210.98 88.94
dog 0.525128 11.44 0.00 84.57 36.83
sheep 0.525060 15.51 71.00 59.15 125.60
dog 0.524886 174.91 44.62 202.98 102.93
dog 0.524867 20.16 16.96 61.85 43.74
sheep 0.524779 124.32 12.75 149.07 36.87
dog 0.524776 46.07 211.04 88.49 224.00
sheep 0.524735 165.60 186.80 189.05 209.41
dog 0.524676 160.60 60.47 193.52 129.96
dog 0.524666 92.94 15.45 119.39 41.55
dog 0.524572 78.75 0.00 161.85 50.38
dog 0.524559 69.90 210.72 121.23 224.00
dog 0.524380 73.79 87.28 108.99 131.28
dog 0.524338 152.62 34.40 192.39 97.09
dog 0.524256 86.02 58.54 129.65 112.97
dog 0.524131 114.87 77.64 147.14 121.93
dog 0.524065 159.98 157.50 186.05 195.06
dog 0.524018 66.38 60.42 120.50 116.10
dog 0.523962 114.07 14.19 148.62 67.79
sheep 0.523951 0.00 189.92 10.48 224.00
dog 0.523951 79.29 15.90 110.23 39.98
dog 0.523871 116.41 61.92 149.09 112.08
dog 0.523850 38.43 13.77 83.36 54.52
dog 0.523762 131.83 53.80 172.45 115.81
dog 0.523754 161.33 0.00 224.00 36.73
dog 0.523724 128.10 76.79 158.73 124.65
sheep 0.523648 192.87 143.96 215.12 185.83
dog 0.523640 103.58 33.52 141.29 91.13
dog 0.523630 105.30 64.66 141.99 113.86
dog 0.523567 0.00 7.78 13.41 39.33
dog 0.523553 185.95 0.00 224.00 81.68
sheep 0.523522 0.00 0.00 30.21 21.46
sheep 0.523385 2.59 58.72 45.63 91.43
sheep 0.523300 131.38 12.26 155.11 36.04
dog 0.523268 9.68 195.36 66.60 224.00
sheep 0.523250 194.21 182.39 212.50 206.87
dog 0.523236 28.91 46.23 85.35 108.01
dog 0.523234 11.51 39.28 59.02 89.55
sheep 0.523230 0.00 55.02 20.21 95.65
dog 0.523212 91.87 75.12 134.16 121.85
sheep 0.523181 191.45 164.41 214.01 197.35
dog 0.523063 136.77 67.94 174.06 126.01
dog 0.522988 83.29 131.12 110.24 165.64
sheep 0.522967 164.73 195.08 188.21 218.72
sheep 0.522896 183.18 176.75 206.06 203.01
sheep 0.522779 9.47 193.67 68.97 224.00
sheep 0.522702 185.22 184.91 204.89 207.42
dog 0.522692 132.12 16.11 157.12 44.27
sheep 0.522649 11.04 13.97 49.99 31.49
dog 0.522617 95.41 147.08 123.63 171.42
dog 0.522590 168.85 87.23 205.55 138.59
dog 0.522575 61.26 0.00 181.66 123.09
dog 0.522545 219.93 89.06 224.00 132.56
aeroplane 0.522518 188.62 0.00 217.92 18.56
sheep 0.522496 13.97 0.00 48.64 18.16
dog 0.522476 161.04 135.48 184.06 178.81
dog 0.522464 0.00 49.70 17.79 92.00
sheep 0.522433 220.00 123.88 224.00 167.98
dog 0.522425 79.54 112.12 107.19 155.36
dog 0.522420 9.03 161.48 97.57 224.00
dog 0.522317 0.00 31.01 83.41 147.07
sheep 0.522275 216.62 183.80 224.00 218.77
dog 0.522263 17.11 62.23 77.89 124.90
sheep 0.522255 173.05 186.39 196.12 207.96
aeroplane 0.522238 180.54 0.00 210.62 19.03
sheep 0.522218 0.00 41.99 13.65 86.37
dog 0.522118 159.83 178.00 183.81 203.59
aeroplane 0.522063 139.80 0.00 169.81 19.04
dog 0.522055 76.10 95.32 107.26 142.25
sheep 0.522048 1.63 12.53 36.90 34.22
dog 0.521971 156.32 144.98 178.96 188.79
dog 0.521891 166.82 128.29 191.07 168.74
dog 0.521821 86.19 148.31 115.92 172.14
dog 0.521804 39.71 159.92 148.12 224.00
sheep 0.521757 9.59 54.92 59.04 90.38
aeroplane 0.521729 173.16 0.00 202.85 18.53
sheep 0.521709 164.89 177.62 190.38 203.67
dog 0.521702 103.63 149.34 135.41 175.58
dog 0.521681 214.68 36.94 224.00 83.10
dog 0.521657 42.28 0.00 139.62 110.72
aeroplane 0.521637 131.17 0.00 161.53 19.06
dog 0.521585 84.68 161.31 198.00 224.00
dog 0.521580 57.95 51.14 112.12 109.41
dog 0.521554 0.00 109.23 28.96 157.02
dog 0.521547 80.13 18.28 119.90 88.86
dog 0.521539 196.55 43.66 220.67 91.51
sheep 0.521499 6.29 0.00 40.11 19.40
dog 0.521428 12.58 26.03 68.70 81.78
dog 0.521404 131.53 0.00 210.13 38.59
dog 0.521402 110.61 146.19 143.41 178.52
aeroplane 0.521395 148.52 0.00 178.13 18.63
dog 0.521394 160.30 206.19 191.53 224.00
aeroplane 0.521301 123.04 0.00 154.02 19.09
sheep 0.521269 26.31 0.00 62.87 17.27
dog 0.521245 10.87 101.76 59.88 147.15
dog 0.521180 123.77 59.09 158.33 111.61
dog 0.521170 120.37 18.68 162.85 72.37
sheep 0.521125 213.88 196.58 224.00 224.00
aeroplane 0.521087 165.90 0.00 194.48 18.13
sheep 0.521080 198.35 0.00 224.00 19.25
dog 0.521070 118.47 142.86 150.64 182.23
sheep 0.521009 19.13 0.00 61.29 25.67
sheep 0.520990 194.76 133.47 216.66 171.92
dog 0.520971 58.98 13.76 93.43 48.34
dog 0.520955 12.88 17.30 50.98 36.48
sheep 0.520932 0.00 31.29 10.60 78.18
aeroplane 0.520823 158.14 0.00 186.22 18.33
sheep 0.520769 114.80 0.00 145.90 19.20
dog 0.520730 38.11 78.45 101.52 130.29
dog 0.520678 109.26 0.00 195.48 42.69
sheep 0.520557 182.11 166.02 206.95 198.42
dog 0.520531 164.38 167.45 191.05 199.86
sheep 0.520529 171.20 177.73 197.68 202.91
dog 0.520447 177.80 44.90 215.14 107.99
dog 0.520342 12.01 48.49 65.98 101.65
sheep 0.520327 0.00 205.63 29.41 224.00
dog 0.520312 44.47 11.53 88.99 68.10
dog 0.520248 62.63 18.93 103.81 93.43
sheep 0.520220 0.00 179.25 7.35 224.00
sheep 0.520196 44.07 0.00 79.29 18.93
dog 0.520171 157.57 126.83 176.93 169.40
dog 0.520121 88.39 33.31 128.29 94.26
dog 0.520099 146.73 145.29 171.73 186.41
sheep 0.520039 202.88 172.07 221.38 202.03
dog 0.520036 155.37 166.65 178.66 199.21
dog 0.520020 129.04 72.94 224.00 219.16
sheep 0.520016 194.55 189.97 212.28 213.90
bird 0.519962 0.00 86.42 14.00 129.87
sheep 0.519961 106.57 0.00 137.89 19.01
dog 0.519909 216.48 0.00 224.00 30.36
sheep 0.519888 184.80 192.48 204.01 214.98
sheep 0.519811 173.13 194.24 194.73 216.61
dog 0.519802 0.00 121.87 30.50 172.35
dog 0.519798 0.00 99.54 19.82 143.57
person 0.519730 97.22 83.86 137.95 123.44
bird 0.519714 0.00 73.24 13.26 117.70
dog 0.519679 164.21 145.73 190.88 189.59
sheep 0.519639 205.54 136.39 223.80 178.66
sheep 0.519623 168.31 205.92 197.57 224.00
sheep 0.519619 1.02 47.30 44.61 86.09
aeroplane 0.519608 169.26 15.89 189.38 48.73
dog 0.519573 104.78 11.72 138.30 66.79
aeroplane 0.519570 139.33 10.89 163.59 36.48
dog 0.519562 0.00 9.63 62.07 111.39
dog 0.519556 18.64 16.83 69.95 58.74
dog 0.519547 183.74 91.66 214.33 133.40
sheep 0.519525 50.76 3.93 89.28 28.39
sheep 0.519519 183.51 146.95 208.06 186.98
dog 0.519493 127.25 15.74 159.52 53.92
dog 0.519472 171.85 122.17 200.77 163.17
dog 0.519466 123.37 136.94 148.63 169.35
dog 0.519420 8.40 137.02 50.13 178.91
dog 0.519339 138.24 16.40 165.67 46.00
sheep 0.519321 220.00 105.05 224.00 145.99
sheep 0.519307 0.00 64.38 16.37 107.33
dog 0.519205 123.02 127.02 149.05 161.59
sheep 0.519162 98.79 0.00 130.02 19.36
sheep 0.519104 116.65 81.95 147.42 131.36
dog 0.519069 86.54 10.35 118.16 68.58
sheep 0.518901 185.89 133.86 210.58 170.41
dog 0.518855 110.74 123.26 139.92 162.06
aeroplane 0.518726 175.02 21.83 199.14 58.19
sheep 0.518682 57.12 0.00 90.58 21.50
dog 0.518674 128.36 143.27 160.17 185.08
dog 0.518619 164.95 104.25 198.48 158.22
dog 0.518600 114.21 137.26 140.38 169.71
dog 0.518576 171.81 62.20 205.08 121.23
dog 0.518560 219.19 27.76 224.00 73.55
dog 0.518493 21.70 128.87 69.40 161.27
dog 0.518461 75.58 10.40 109.80 69.07
aeroplane 0.518452 174.08 17.67 195.88 47.78
dog 0.518415 145.51 132.15 168.50 167.68
dog 0.518407 217.32 60.35 224.00 115.34
dog 0.518390 189.79 42.50 215.26 81.39
dog 0.518386 0.00 13.67 11.03 54.24
dog 0.518381 120.43 106.07 148.13 151.99
dog 0.518356 178.82 38.85 206.41 82.77
dog 0.518340 167.84 33.24 198.50 85.83
sheep 0.518325 170.61 167.55 198.46 199.09
sheep 0.518308 179.06 205.44 206.97 224.00
dog 0.518308 90.27 91.22 123.78 133.75
dog 0.518251 220.00 16.72 224.00 61.02
sheep 0.518146 32.73 0.10 75.98 26.45
sheep 0.518130 10.56 103.65 58.04 144.09
dog 0.518086 79.46 141.93 104.63 166.32
sheep 0.518073 0.00 19.92 9.84 66.80
dog 0.518039 105.21 137.97 133.00 170.50
aeroplane 0.518018 169.82 8.32 189.50 37.45
dog 0.517894 66.05 10.66 100.60 69.02
dog 0.517822 0.00 0.00 52.65 67.42
sheep 0.517819 201.67 161.87 221.35 197.57
aeroplane 0.517772 162.12 15.38 183.48 49.04
aeroplane 0.517700 147.50 15.70 175.40 48.08
dog 0.517689 94.41 9.38 202.06 153.06
sheep 0.517684 11.71 88.05 56.01 130.99
dog 0.517660 98.68 101.68 131.60 149.90
sheep 0.517638 122.18 0.00 150.76 28.53
dog 0.517590 101.78 121.34 133.20 164.27
dog 0.517559 94.86 10.79 125.79 67.68
sheep 0.517513 129.99 0.00 157.28 26.83
dog 0.517511 5.50 125.87 56.44 168.16
dog 0.517497 180.09 24.91 206.26 58.63
dog 0.517490 146.95 196.78 174.33 222.88
dog 0.517483 148.51 163.96 172.41 200.66
dog 0.517376 183.09 126.05 209.67 164.10
sheep 0.517368 88.17 0.00 121.91 19.89
dog 0.517360 220.00 0.00 224.00 40.39
dog 0.517278 117.47 88.81 147.18 140.47
dog 0.517275 185.43 39.80 220.65 99.51
dog 0.517196 90.50 102.33 123.13 150.58
dog 0.517130 148.26 189.46 172.83 210.82
sheep 0.517126 171.35 147.32 198.62 188.19
dog 0.517112 172.60 138.68 199.12 178.44
sheep 0.517047 0.00 35.34 41.80 77.69
dog 0.517024 177.21 29.96 202.98 70.12
dog 0.517012 167.91 24.61 195.45 70.70
dog 0.516931 182.38 34.08 209.18 70.95
dog 0.516915 131.40 18.67 179.79 74.59
dog 0.516910 12.91 170.82 58.83 210.58
sheep 0.516759 190.22 203.63 216.07 224.00
sheep 0.516736 113.53 0.00 143.25 30.37
sheep 0.516721 105.21 0.00 135.64 32.45
dog 0.516664 87.38 199.42 131.91 224.00
sheep 0.516653 69.18 0.00 103.98 21.20
dog 0.516578 144.04 5.75 224.00 141.21
dog 0.516541 24.06 0.00 109.89 85.09
sheep 0.516527 78.28 0.00 113.14 20.42
sheep 0.516515 1.12 65.66 40.98 103.04
dog 0.516512 7.74 16.37 99.59 129.95
dog 0.516426 4.55 205.70 58.45 224.00
aeroplane 0.516408 157.30 16.01 185.25 58.29
aeroplane 0.516406 149.87 9.22 174.16 37.53
sheep 0.516395 2.04 74.58 40.87 115.06
sheep 0.516374 5.95 113.74 56.94 157.65
sheep 0.516350 97.35 0.00 128.44 34.42
dog 0.516336 91.14 121.28 123.18 165.25
dog 0.516332 132.11 136.48 157.05 167.97
dog 0.516198 11.86 152.51 49.46 191.04
sheep 0.516173 97.02 90.36 130.80 134.13
dog 0.516127 139.88 15.48 177.32 58.56
dog 0.516121 78.11 130.22 103.00 159.58
sheep 0.516115 205.01 187.20 220.88 214.87
sheep 0.515918 4.63 89.36 43.69 129.17
dog 0.515869 73.73 117.47 110.86 162.53
dog 0.515749 132.72 89.85 158.21 143.86
aeroplane 0.515718 163.55 8.31 183.44 38.03
dog 0.515665 20.88 115.47 73.80 151.43
dog 0.515633 151.16 20.20 187.86 72.86
dog 0.515484 176.19 111.12 206.60 157.30
sheep 0.515462 1.39 15.53 38.14 47.68
chair 0.515446 98.39 85.10 137.27 127.40
dog 0.515422 201.42 92.64 224.00 131.52
dog 0.515419 100.90 198.48 141.96 224.00
dog 0.515288 58.00 137.95 89.54 163.80
dog 0.515238 179.30 19.10 202.60 46.12
dog 0.515222 72.70 198.29 117.53 224.00
dog 0.515131 134.46 146.38 224.00 224.00
dog 0.515058 0.00 130.61 20.88 180.66
dog 0.515015 84.14 152.74 113.97 190.62
sheep 0.514863 201.73 201.04 223.77 224.00
dog 0.514788 85.33 0.00 121.05 33.69
dog 0.514731 146.15 104.96 174.07 157.30
dog 0.514701 148.72 179.09 172.92 205.47
aeroplane 0.514681 178.78 7.45 202.14 36.21
dog 0.514671 125.23 198.10 159.15 224.00
dog 0.514664 100.74 89.31 137.06 136.35
dog 0.514651 132.61 108.74 158.71 154.21
dog 0.514641 179.70 77.29 214.19 126.54
sheep 0.514592 189.83 115.42 214.07 155.60
dog 0.514536 73.86 0.00 112.18 31.21
sheep 0.514517 186.68 104.79 212.54 144.61
dog 0.514487 84.02 147.11 107.29 177.84
sheep 0.514484 0.00 168.02 6.07 212.84
sheep 0.514474 0.00 183.87 35.09 224.00
sheep 0.514388 5.03 0.00 82.20 70.73
dog 0.514363 89.29 190.27 128.13 218.17
dog 0.514363 137.28 197.99 168.73 224.00
dog 0.514191 37.01 196.90 86.23 224.00
sheep 0.514150 0.00 22.16 39.71 63.73
sheep 0.514145 207.49 126.76 224.00 166.66
dog 0.514121 190.06 35.28 214.04 70.93
dog 0.514059 53.88 197.90 94.95 224.00
dog 0.514039 130.63 157.05 162.44 201.54
dog 0.513959 99.96 150.53 143.21 197.57
dog 0.513870 88.63 148.39 125.38 177.38
dog 0.513844 138.60 190.92 166.34 213.32
dog 0.513816 24.23 203.83 79.69 224.00
dog 0.513656 119.93 208.88 162.76 224.00
boat 0.513582 0.00 142.13 12.44 190.75
dog 0.513456 112.61 151.07 151.47 200.22
dog 0.513429 10.54 25.40 57.56 62.91
dog 0.513259 189.52 25.50 212.89 57.68
dog 0.513231 130.94 208.52 172.14 224.00
dog 0.513168 54.45 128.38 89.07 155.47
dog 0.513087 125.27 190.64 156.15 215.72
dog 0.512987 83.98 171.34 116.34 207.35
dog 0.512912 76.00 188.56 112.57 221.87
dog 0.512786 41.81 93.42 94.17 139.64
dog 0.512706 48.22 112.68 91.10 148.08
boat 0.512609 0.00 154.54 8.08 200.01
aeroplane 0.512509 189.52 4.20 210.90 34.43
dog 0.512475 107.60 0.00 205.38 97.96
dog 0.512245 60.35 208.07 108.55 224.00
dog 0.512244 36.20 135.58 73.49 169.28
dog 0.512232 110.19 189.52 146.02 217.39
dog 0.512202 151.01 0.00 224.00 87.89
sheep 0.512201 0.00 128.43 50.67 174.20
dog 0.512127 135.97 177.82 165.14 208.64
sheep 0.512107 208.16 116.41 224.00 154.79
dog 0.511850 89.12 171.99 130.84 208.90
sheep 0.511841 207.22 107.51 224.00 143.13
dog 0.511792 203.47 0.00 224.00 26.77
dog 0.511772 66.68 187.35 103.27 224.00
dog 0.511762 189.72 18.49 210.47 43.99
dog 0.511725 195.47 77.04 224.00 124.35
dog 0.511274 202.53 32.42 220.94 72.30
dog 0.511212 62.51 144.12 87.68 177.25
dog 0.510836 119.35 174.67 154.52 210.38
dog 0.510628 104.53 172.59 144.52 210.42
dog 0.510465 188.55 56.08 222.46 113.98
dog 0.510429 19.35 133.92 60.84 176.41
dog 0.510359 44.14 139.31 74.48 177.11
dog 0.510271 205.49 21.05 223.11 58.03
dog 0.509534 76.09 152.54 101.38 188.43
dog 0.509413 14.81 173.67 67.85 224.00
dog 0.509125 207.67 12.80 223.94 44.52
sheep 0.509083 0.00 170.12 41.06 207.46
dog 0.509006 71.61 171.27 100.96 207.29
sheep 0.508881 0.00 153.98 45.68 191.82
dog 0.508846 63.93 153.73 86.74 190.59
dog 0.508464 60.16 173.46 88.75 212.01
dog 0.508179 45.02 174.67 81.24 217.62
dog 0.508136 48.65 152.26 76.61 192.92
dog 0.508133 19.54 150.27 60.95 196.27
dog 0.507889 33.47 150.79 68.51 195.44
