train 0.680179 0.00 16.24 220.03 210.79
train 0.569664 79.59 30.68 220.76 224.00
train 0.560508 0.00 15.36 137.67 200.03
train 0.554049 27.46 66.13 207.97 203.80
train 0.550880 0.00 43.89 83.11 190.26
train 0.549326 129.25 37.15 224.00 201.34
train 0.541314 14.02 71.80 67.33 145.33
train 0.540237 191.80 212.45 224.00 224.00
car 0.537768 32.22 213.17 66.92 224.00
train 0.536530 0.00 76.38 22.62 128.80
train 0.536401 200.48 208.40 224.00 224.00
train 0.536305 12.42 9.45 190.86 154.51
car 0.535871 39.93 213.37 78.41 224.00
car 0.535868 0.00 173.32 34.37 224.00
train 0.535744 183.24 188.61 224.00 224.00
train 0.535687 157.79 191.76 224.00 224.00
train 0.535445 217.10 116.83 224.00 171.05
car 0.534854 18.09 210.73 57.73 224.00
train 0.534814 0.00 74.32 12.61 125.10
boat 0.534714 0.00 183.80 56.95 224.00
train 0.532851 32.00 182.12 142.78 224.00
aeroplane 0.532716 173.46 0.00 224.00 41.15
train 0.532357 4.26 76.76 34.73 128.66
aeroplane 0.532222 32.55 11.68 54.58 31.35
aeroplane 0.532154 24.03 12.23 47.43 30.99
person 0.531803 64.81 213.65 110.40 224.00
car 0.531514 48.41 213.52 95.00 224.00
aeroplane 0.531499 16.23 11.41 39.34 31.98
aeroplane 0.531450 11.09 75.84 69.81 150.08
train 0.531286 215.47 151.27 224.00 197.89
train 0.531087 0.00 118.18 32.54 174.42
aeroplane 0.531043 120.76 144.48 158.82 198.89
aeroplane 0.530855 38.81 12.05 61.16 31.71
train 0.530839 97.10 180.09 208.00 224.00
train 0.530823 171.23 76.14 224.00 197.54
aeroplane 0.530395 13.11 92.05 61.03 158.39
train 0.530374 0.00 87.82 41.95 207.68
boat 0.530327 0.00 153.56 29.90 224.00
train 0.530196 70.59 77.74 98.64 138.73
boat 0.530014 11.84 189.67 92.26 224.00
aeroplane 0.529699 70.40 187.35 100.11 203.92
sheep 0.529398 78.05 213.11 119.07 224.00
train 0.529240 10.21 77.20 51.67 130.47
aeroplane 0.528981 195.03 117.98 224.00 174.76
sheep 0.528960 72.91 187.57 102.91 203.29
car 0.528750 0.00 120.79 34.42 176.68
train 0.528582 190.39 164.88 224.00 197.88
aeroplane 0.528395 43.93 13.69 69.93 32.48
train 0.528304 187.88 120.29 224.00 207.49
car 0.528174 0.00 203.01 39.91 224.00
aeroplane 0.528084 69.73 180.07 100.25 198.86
car 0.528040 0.00 199.33 25.08 224.00
train 0.527914 155.90 112.89 224.00 206.96
aeroplane 0.527841 115.34 157.02 153.45 200.43
aeroplane 0.527824 9.22 123.53 45.83 177.47
train 0.527734 20.95 73.36 63.97 127.47
car 0.527642 0.00 116.40 14.58 173.45
train 0.527597 123.71 104.40 217.60 208.73
train 0.527465 217.56 130.73 224.00 184.25
train 0.527411 186.90 166.27 224.00 224.00
train 0.527399 152.17 211.03 192.73 224.00
train 0.527351 199.39 154.87 224.00 195.70
aeroplane 0.527204 7.71 9.33 32.71 33.95
train 0.527183 54.13 6.49 205.85 131.46
train 0.527175 7.54 117.44 44.20 175.56
boat 0.527136 0.00 0.00 52.63 64.07
car 0.527042 20.97 196.49 49.20 216.08
sheep 0.527017 96.66 213.10 131.95 224.00
sheep 0.527014 72.16 180.33 103.41 198.92
train 0.526968 72.97 91.44 209.07 207.79
train 0.526915 0.00 7.41 93.92 145.82
aeroplane 0.526873 120.53 162.97 158.14 207.40
aeroplane 0.526872 206.58 114.38 224.00 174.22
aeroplane 0.526749 121.01 9.28 171.33 48.29
train 0.526679 76.36 161.91 201.34 224.00
train 0.526662 64.86 75.31 92.36 134.45
aeroplane 0.526496 35.24 19.49 64.82 63.03
aeroplane 0.526469 134.97 25.14 224.00 181.50
train 0.526422 8.50 94.86 54.32 157.36
car 0.526349 0.00 0.00 19.34 21.32
train 0.526308 159.71 168.70 224.00 224.00
train 0.526229 39.00 156.21 169.99 224.00
train 0.526070 32.45 71.89 74.73 128.42
aeroplane 0.525939 31.33 0.00 56.17 24.43
aeroplane 0.525926 50.25 13.05 79.51 33.31
aeroplane 0.525923 38.17 0.00 63.24 23.88
aeroplane 0.525886 210.07 0.00 224.00 22.09
train 0.525677 52.92 74.29 84.26 133.63
train 0.525593 74.41 153.23 101.25 178.11
car 0.525558 6.84 205.98 49.93 224.00
aeroplane 0.525342 14.03 0.00 40.97 23.86
train 0.525334 37.26 110.82 198.16 221.42
aeroplane 0.525277 22.32 0.00 48.62 24.03
aeroplane 0.525216 108.52 0.00 200.09 35.95
aeroplane 0.525146 120.14 19.49 163.95 58.33
train 0.525134 0.00 84.63 11.92 144.54
aeroplane 0.525015 9.17 0.00 161.95 117.16
train 0.525006 214.63 161.40 224.00 209.53
train 0.524915 0.00 100.48 25.40 157.73
aeroplane 0.524677 30.07 36.39 66.35 103.48
aeroplane 0.524456 24.96 47.94 66.65 118.98
sheep 0.524441 104.94 213.03 144.44 224.00
train 0.524261 132.87 162.50 215.14 224.00
train 0.524216 170.64 212.82 216.01 224.00
dog 0.524191 137.19 212.54 174.50 224.00
aeroplane 0.524183 156.11 99.36 196.67 157.16
aeroplane 0.523931 17.35 196.70 46.22 214.59
aeroplane 0.523823 149.08 102.56 187.06 155.06
boat 0.523794 0.00 0.00 15.53 43.21
aeroplane 0.523733 186.93 116.18 215.84 175.56
aeroplane 0.523718 59.47 11.67 91.04 35.03
car 0.523709 27.16 187.81 53.50 209.43
train 0.523696 206.58 118.88 224.00 179.08
aeroplane 0.523695 35.29 29.99 65.79 87.92
aeroplane 0.523581 44.58 0.00 73.80 16.47
dog 0.523555 119.48 213.00 160.02 224.00
train 0.523518 147.90 156.40 192.64 189.97
aeroplane 0.523492 72.72 11.01 103.73 39.43
aeroplane 0.523428 81.67 8.81 111.57 44.06
aeroplane 0.523413 0.00 4.14 25.01 39.54
aeroplane 0.523381 87.83 16.93 113.20 50.42
aeroplane 0.523370 71.06 169.65 99.86 191.80
aeroplane 0.523332 121.74 0.00 160.78 14.49
aeroplane 0.523311 70.01 192.99 101.06 211.27
aeroplane 0.523297 42.10 27.70 70.93 72.78
boat 0.523287 0.67 111.49 56.80 217.06
aeroplane 0.523281 86.57 0.00 193.12 50.88
train 0.523230 68.69 62.94 96.17 121.96
aeroplane 0.523212 5.22 0.00 34.91 17.41
boat 0.523069 0.46 160.38 51.20 224.00
train 0.523055 60.95 61.97 90.34 125.63
train 0.523045 74.20 64.80 102.27 115.57
aeroplane 0.522937 142.12 154.47 185.09 192.48
aeroplane 0.522908 151.99 88.39 191.25 142.04
aeroplane 0.522830 51.66 76.75 84.09 146.99
aeroplane 0.522819 117.09 179.31 152.86 209.78
aeroplane 0.522816 48.90 49.28 81.40 116.07
aeroplane 0.522689 69.91 52.08 96.78 111.12
aeroplane 0.522683 76.39 54.92 103.72 105.87
aeroplane 0.522631 0.00 0.00 26.58 18.29
aeroplane 0.522552 43.32 0.00 160.08 64.30
aeroplane 0.522515 126.15 131.69 154.81 187.89
train 0.522449 71.15 91.93 99.92 157.07
train 0.522430 72.49 160.92 101.70 184.82
train 0.522424 136.37 117.38 157.71 158.51
aeroplane 0.522399 218.90 108.16 224.00 154.79
aeroplane 0.522352 51.31 0.00 81.80 15.37
aeroplane 0.522218 68.20 0.00 98.06 16.67
car 0.522210 0.00 186.95 15.42 221.95
aeroplane 0.522174 77.24 0.00 106.74 16.59
aeroplane 0.522171 60.76 50.43 89.63 114.61
aeroplane 0.522135 27.53 162.00 53.48 186.00
aeroplane 0.522093 36.64 13.23 64.32 47.53
sheep 0.522071 72.26 194.01 105.30 212.46
aeroplane 0.521882 58.67 0.00 89.52 16.03
aeroplane 0.521842 73.46 43.57 96.86 96.47
aeroplane 0.521832 134.87 0.00 172.86 14.33
aeroplane 0.521821 18.92 90.53 166.10 207.89
aeroplane 0.521587 158.13 0.00 224.00 116.07
aeroplane 0.521551 33.50 25.88 58.63 77.85
aeroplane 0.521426 83.90 22.16 106.27 53.61
car 0.521366 3.06 191.58 35.65 216.04
boat 0.521350 0.00 59.85 10.06 113.62
aeroplane 0.521321 14.36 129.83 55.58 179.12
aeroplane 0.521280 80.99 45.96 104.89 94.38
aeroplane 0.521219 161.74 78.74 197.23 127.95
train 0.521210 182.04 160.63 224.00 191.25
aeroplane 0.521173 46.99 0.00 193.29 98.74
car 0.521152 0.00 171.44 11.63 215.29
aeroplane 0.521123 143.84 108.80 176.16 160.86
aeroplane 0.521067 122.32 27.63 157.33 64.70
aeroplane 0.521003 220.00 98.37 224.00 145.48
car 0.520975 0.00 157.96 10.05 207.15
car 0.520894 0.00 133.41 11.20 189.07
aeroplane 0.520808 131.41 150.04 178.16 197.09
train 0.520736 92.35 11.68 217.22 163.93
aeroplane 0.520604 74.74 18.42 101.84 45.20
aeroplane 0.520512 152.87 0.00 188.15 14.84
aeroplane 0.520505 70.53 108.19 99.99 168.29
aeroplane 0.520497 220.00 18.01 224.00 56.90
aeroplane 0.520429 14.52 0.00 134.92 75.59
car 0.520426 34.20 188.73 59.16 207.84
aeroplane 0.520418 27.21 179.30 52.66 202.49
car 0.520412 34.68 197.05 59.51 215.93
train 0.520386 132.29 119.73 159.63 180.91
aeroplane 0.520375 47.92 16.83 77.04 39.26
aeroplane 0.520367 220.00 80.85 224.00 127.30
aeroplane 0.520359 28.22 170.51 53.14 193.51
aeroplane 0.520334 111.47 153.50 146.09 192.49
aeroplane 0.520330 49.59 34.07 78.14 82.18
aeroplane 0.520325 85.46 0.00 114.53 15.42
sheep 0.520300 65.78 206.54 106.10 224.00
aeroplane 0.520258 169.59 0.00 204.13 16.37
aeroplane 0.520245 78.14 0.00 206.03 71.07
train 0.520245 187.77 138.03 223.00 189.07
aeroplane 0.520195 120.17 190.37 159.38 224.00
train 0.520169 75.47 109.33 104.56 168.52
aeroplane 0.520164 92.27 6.39 116.00 45.83
boat 0.520149 0.00 7.05 12.93 55.74
train 0.520083 212.55 186.76 224.00 224.00
boat 0.520076 0.00 46.91 8.23 98.80
train 0.520051 89.94 15.26 116.74 51.51
aeroplane 0.520009 165.03 0.00 224.00 70.88
train 0.519963 133.65 119.51 152.50 166.17
train 0.519909 68.65 124.16 99.21 176.91
aeroplane 0.519900 45.10 24.05 76.08 56.56
car 0.519854 0.00 161.96 28.58 201.41
sheep 0.519817 110.67 173.23 144.28 201.67
train 0.519737 168.82 159.73 210.83 189.72
aeroplane 0.519736 121.65 135.38 148.26 184.75
aeroplane 0.519638 89.80 29.01 110.43 64.00
aeroplane 0.519578 167.48 105.97 204.55 165.69
aeroplane 0.519510 185.24 0.00 217.70 16.67
aeroplane 0.519428 119.51 0.00 166.28 40.50
aeroplane 0.519388 75.99 38.42 95.17 80.08
aeroplane 0.519361 83.51 59.18 109.46 100.47
aeroplane 0.519347 84.82 29.94 104.29 63.84
aeroplane 0.519339 60.92 36.72 85.69 80.75
aeroplane 0.519338 136.04 114.28 177.25 181.69
aeroplane 0.519306 220.00 67.04 224.00 106.07
car 0.519271 0.00 146.22 28.74 191.33
boat 0.519168 0.00 23.31 9.46 77.65
aeroplane 0.519168 49.65 0.00 80.56 24.38
aeroplane 0.519148 27.96 86.04 74.00 155.44
aeroplane 0.519114 93.52 0.00 121.97 14.28
aeroplane 0.519101 48.11 30.06 76.12 67.92
aeroplane 0.519094 23.40 19.44 51.12 61.70
aeroplane 0.519089 16.15 188.69 44.92 208.59
aeroplane 0.519077 0.00 0.00 73.58 66.78
aeroplane 0.519073 75.02 23.69 97.59 51.87
train 0.519060 75.12 90.13 104.90 132.05
aeroplane 0.518945 55.36 186.66 89.63 203.52
aeroplane 0.518921 109.42 0.00 144.21 13.54
aeroplane 0.518914 44.21 18.76 76.50 47.30
aeroplane 0.518893 37.71 120.03 74.57 176.76
aeroplane 0.518880 42.16 188.81 69.02 205.89
car 0.518879 10.15 188.80 40.45 208.67
aeroplane 0.518871 56.09 18.38 87.26 45.81
aeroplane 0.518857 54.34 123.21 86.70 176.64
aeroplane 0.518823 87.79 49.72 110.33 90.73
aeroplane 0.518679 220.00 31.98 224.00 70.17
aeroplane 0.518668 8.09 139.15 38.81 180.34
aeroplane 0.518657 84.23 38.60 104.25 80.06
boat 0.518642 38.70 208.61 72.95 224.00
aeroplane 0.518541 65.64 89.80 96.23 156.15
sheep 0.518540 112.17 182.71 144.51 206.21
aeroplane 0.518524 63.55 124.15 96.45 176.28
aeroplane 0.518522 24.78 153.55 53.77 181.34
aeroplane 0.518510 101.37 0.00 130.72 13.61
aeroplane 0.518459 11.30 97.40 115.72 210.61
aeroplane 0.518447 80.84 68.34 107.99 109.20
train 0.518386 128.38 118.37 149.08 156.63
aeroplane 0.518368 197.51 0.00 224.00 18.73
train 0.518359 142.96 162.32 192.31 198.89
aeroplane 0.518298 0.00 63.98 19.40 116.37
aeroplane 0.518181 33.24 180.34 58.57 200.26
aeroplane 0.518173 193.76 114.79 223.05 154.93
aeroplane 0.518136 76.15 31.21 94.94 62.99
aeroplane 0.518110 110.78 11.57 145.30 45.72
aeroplane 0.518068 166.98 75.67 195.51 113.88
aeroplane 0.517949 55.15 179.10 90.29 197.34
train 0.517937 78.88 77.81 106.27 115.85
aeroplane 0.517931 0.00 8.36 22.25 51.87
aeroplane 0.517918 220.00 2.15 224.00 42.04
aeroplane 0.517884 22.26 44.53 53.39 103.22
aeroplane 0.517881 56.12 24.37 84.45 53.48
sheep 0.517864 100.34 186.24 120.98 203.71
aeroplane 0.517847 22.38 11.98 49.35 45.24
aeroplane 0.517828 220.00 51.50 224.00 88.11
sheep 0.517827 97.17 179.03 122.05 199.06
aeroplane 0.517626 41.77 180.53 68.72 198.58
aeroplane 0.517620 28.17 34.76 52.79 86.94
aeroplane 0.517619 70.07 0.00 100.41 31.20
aeroplane 0.517595 132.30 132.85 172.12 192.84
boat 0.517549 22.08 153.85 150.97 224.00
train 0.517494 107.36 14.00 142.37 49.98
train 0.517489 136.82 112.73 164.80 170.13
aeroplane 0.517465 55.26 105.40 84.41 166.67
aeroplane 0.517458 102.41 0.00 209.28 108.04
aeroplane 0.517445 58.93 31.53 83.39 64.92
aeroplane 0.517403 217.78 0.00 224.00 32.27
aeroplane 0.517281 15.82 145.43 46.90 181.20
aeroplane 0.517273 14.48 58.65 52.48 118.97
train 0.517270 125.09 127.72 145.60 175.06
aeroplane 0.517214 33.75 101.34 73.85 166.77
aeroplane 0.517212 58.00 0.00 89.70 26.79
aeroplane 0.517196 0.00 23.21 17.23 76.31
aeroplane 0.517183 125.54 41.00 152.88 72.87
aeroplane 0.517160 141.01 172.97 188.08 207.82
aeroplane 0.517111 188.88 94.59 215.41 128.93
boat 0.517110 41.82 196.45 68.63 215.50
aeroplane 0.517082 168.89 72.58 193.96 101.22
aeroplane 0.517050 90.59 39.29 109.94 78.23
train 0.517033 97.03 13.13 120.44 48.21
aeroplane 0.516990 79.33 0.00 108.80 34.82
aeroplane 0.516914 11.96 12.17 38.02 43.15
aeroplane 0.516900 191.18 105.38 218.51 140.76
aeroplane 0.516823 0.00 49.32 16.86 101.10
aeroplane 0.516793 159.34 77.40 186.48 111.61
aeroplane 0.516769 112.03 142.40 141.97 182.61
train 0.516626 139.32 114.07 165.85 152.49
aeroplane 0.516622 147.33 192.84 196.42 224.00
aeroplane 0.516435 182.09 113.20 214.43 155.89
aeroplane 0.516383 9.81 18.86 38.81 56.16
aeroplane 0.516293 0.00 0.00 86.64 97.73
aeroplane 0.516281 56.59 154.57 90.94 178.72
train 0.516279 67.41 146.55 98.16 177.91
aeroplane 0.516255 121.08 0.00 169.97 26.21
aeroplane 0.516235 99.23 4.64 122.88 43.90
boat 0.516192 12.42 158.80 101.45 224.00
aeroplane 0.516170 9.23 152.77 37.00 185.21
aeroplane 0.516114 41.10 163.71 67.86 184.33
aeroplane 0.516064 146.19 94.13 179.82 140.35
aeroplane 0.516005 190.55 86.02 213.60 117.29
aeroplane 0.516001 181.44 17.27 208.81 39.07
aeroplane 0.515996 69.39 159.15 103.37 183.25
aeroplane 0.515957 128.17 56.36 152.79 83.53
aeroplane 0.515885 41.47 171.22 67.89 190.77
aeroplane 0.515865 168.02 66.35 193.23 93.26
aeroplane 0.515852 123.65 67.23 143.75 90.20
train 0.515819 200.33 170.41 224.00 210.36
aeroplane 0.515769 56.32 168.87 90.81 189.52
aeroplane 0.515686 131.06 42.47 161.24 73.51
aeroplane 0.515685 159.63 74.25 183.67 100.01
aeroplane 0.515668 0.00 25.26 28.14 68.59
aeroplane 0.515664 181.59 21.94 208.65 46.83
aeroplane 0.515656 17.99 158.29 44.65 184.28
aeroplane 0.515588 92.94 54.17 114.09 86.54
aeroplane 0.515585 54.81 193.67 89.67 211.99
aeroplane 0.515566 90.25 63.71 113.81 95.32
sheep 0.515545 94.92 168.87 122.75 193.41
aeroplane 0.515538 163.54 14.60 197.32 37.62
aeroplane 0.515494 39.98 156.73 69.16 180.57
aeroplane 0.515478 176.78 72.96 199.07 100.77
train 0.515476 115.34 120.67 137.76 154.49
aeroplane 0.515379 138.49 0.00 220.63 62.80
aeroplane 0.515367 9.22 179.24 38.63 204.51
aeroplane 0.515346 150.45 85.20 179.03 124.31
aeroplane 0.515342 192.86 16.70 214.12 38.97
aeroplane 0.515315 192.72 80.01 212.33 106.21
train 0.515309 127.20 108.60 149.13 140.45
aeroplane 0.515288 127.37 20.96 176.77 54.76
aeroplane 0.515273 119.07 40.00 142.48 72.28
aeroplane 0.515250 120.86 55.12 141.75 81.89
aeroplane 0.515221 192.22 74.83 210.91 96.41
sheep 0.515211 81.09 186.45 111.42 201.73
aeroplane 0.515207 9.16 166.69 36.55 194.58
aeroplane 0.515121 130.54 68.77 153.14 91.67
boat 0.515093 49.61 207.32 93.06 224.00
aeroplane 0.515084 193.23 21.78 213.76 45.77
aeroplane 0.515070 128.12 29.66 168.71 62.97
aeroplane 0.515045 135.22 58.08 161.40 83.81
aeroplane 0.514990 0.00 68.15 30.87 117.18
train 0.514956 133.26 109.13 154.95 143.13
aeroplane 0.514929 168.83 120.87 202.60 183.91
aeroplane 0.514925 176.98 66.26 199.37 92.75
aeroplane 0.514922 148.24 115.51 192.84 182.06
aeroplane 0.514912 174.09 104.20 207.56 143.66
aeroplane 0.514846 183.91 74.97 203.20 98.35
aeroplane 0.514789 145.70 11.88 190.49 39.26
aeroplane 0.514782 167.55 57.53 194.46 86.17
aeroplane 0.514782 145.73 77.22 166.47 97.31
sheep 0.514777 112.06 195.05 143.97 220.77
aeroplane 0.514755 0.00 52.51 30.24 100.89
aeroplane 0.514747 177.32 57.55 200.59 85.54
aeroplane 0.514727 136.79 69.74 160.15 91.12
aeroplane 0.514711 160.60 18.77 197.05 46.39
aeroplane 0.514704 183.34 67.64 203.67 90.73
boat 0.514679 59.75 205.79 105.33 224.00
aeroplane 0.514662 177.53 2.49 207.99 32.00
aeroplane 0.514587 181.52 28.60 207.65 56.16
aeroplane 0.514581 207.91 100.67 224.00 143.53
aeroplane 0.514527 16.69 179.32 43.74 202.54
aeroplane 0.514505 183.62 39.09 206.67 66.02
aeroplane 0.514484 152.68 80.30 176.45 108.77
aeroplane 0.514481 152.40 76.33 175.11 98.39
aeroplane 0.514480 139.16 76.85 157.86 96.28
train 0.514455 97.64 154.47 124.98 184.08
aeroplane 0.514444 178.14 48.54 202.35 77.72
aeroplane 0.514436 88.35 71.85 112.35 103.12
aeroplane 0.514300 18.13 168.97 43.27 192.24
aeroplane 0.514274 14.59 27.19 40.82 68.90
train 0.514262 86.07 104.11 109.86 136.29
aeroplane 0.514262 179.20 142.67 214.70 192.21
aeroplane 0.514170 192.60 28.64 212.38 54.31
aeroplane 0.514160 6.47 65.51 43.73 118.02
aeroplane 0.514144 183.08 58.55 204.41 82.96
aeroplane 0.514127 12.18 50.25 45.08 101.83
train 0.514124 85.51 116.85 110.96 159.45
aeroplane 0.514104 156.77 67.82 181.70 92.84
aeroplane 0.514088 126.59 74.24 144.31 96.60
aeroplane 0.514086 190.63 67.07 209.49 88.63
aeroplane 0.513990 162.77 0.00 196.68 31.21
aeroplane 0.513964 172.79 27.62 203.79 57.21
aeroplane 0.513929 96.13 160.13 123.95 187.57
train 0.513923 112.33 134.38 137.40 174.14
aeroplane 0.513901 182.21 79.22 202.68 108.61
aeroplane 0.513881 0.00 36.88 29.03 82.43
sheep 0.513874 101.96 195.81 123.31 217.96
aeroplane 0.513873 17.16 37.45 44.10 83.15
sheep 0.513815 67.73 170.35 105.00 192.17
aeroplane 0.513804 126.94 98.39 145.69 128.55
train 0.513800 132.88 98.13 152.12 130.51
aeroplane 0.513769 141.40 23.19 186.70 55.10
aeroplane 0.513749 142.92 137.93 188.83 188.10
aeroplane 0.513701 176.25 37.78 203.47 68.00
aeroplane 0.513700 133.78 75.68 151.80 97.22
train 0.513678 71.41 136.64 104.77 175.12
aeroplane 0.513666 171.02 93.21 203.38 131.90
aeroplane 0.513656 143.57 69.96 167.40 91.68
aeroplane 0.513648 166.71 47.79 196.33 78.10
train 0.513625 86.39 98.39 109.29 127.40
aeroplane 0.513592 158.72 25.86 197.06 57.00
aeroplane 0.513514 192.18 38.79 210.51 63.19
aeroplane 0.513477 146.51 0.00 189.95 33.80
aeroplane 0.513389 188.32 3.22 214.25 32.28
train 0.513254 113.72 111.00 137.64 137.05
aeroplane 0.513219 141.29 59.65 168.18 84.88
aeroplane 0.513214 92.66 0.00 117.72 33.47
aeroplane 0.513204 134.45 87.37 150.11 114.96
aeroplane 0.513136 190.04 57.92 208.78 80.21
sheep 0.513121 75.17 207.41 115.84 224.00
aeroplane 0.513089 173.82 0.00 209.06 22.40
aeroplane 0.513078 190.78 48.52 209.01 71.71
aeroplane 0.513019 209.01 83.26 224.00 121.71
aeroplane 0.512947 176.29 84.45 202.58 119.84
aeroplane 0.512893 209.00 19.57 222.57 49.10
aeroplane 0.512890 103.95 25.78 132.15 63.85
aeroplane 0.512877 127.67 88.48 143.59 114.85
aeroplane 0.512870 149.28 69.46 173.96 92.16
aeroplane 0.512822 109.53 66.65 128.45 90.05
aeroplane 0.512784 153.30 58.42 182.18 86.32
aeroplane 0.512622 145.29 82.15 165.11 105.54
aeroplane 0.512581 135.42 80.16 149.98 103.39
train 0.512486 75.40 156.56 110.36 180.00
aeroplane 0.512485 133.44 0.00 180.21 22.24
aeroplane 0.512469 208.44 26.11 221.92 56.30
bird 0.512467 87.51 80.71 110.35 110.31
aeroplane 0.512441 208.46 76.81 223.32 110.07
aeroplane 0.512439 162.62 36.19 197.04 67.81
train 0.512432 100.86 121.41 121.42 155.83
aeroplane 0.512349 97.40 66.73 118.30 91.96
train 0.512331 82.13 127.21 110.32 168.97
aeroplane 0.512320 128.13 79.86 143.59 104.05
sheep 0.512298 84.67 193.77 114.30 214.25
bird 0.512287 86.89 90.93 109.19 118.20
aeroplane 0.512273 129.38 191.25 175.66 224.00
aeroplane 0.512260 128.21 171.55 177.05 208.43
aeroplane 0.512255 139.59 46.14 173.83 75.21
aeroplane 0.512188 139.85 81.70 155.35 103.00
dog 0.512182 112.74 209.64 152.27 224.00
dog 0.512180 148.43 210.84 195.28 224.00
aeroplane 0.512160 149.53 46.52 183.44 76.87
aeroplane 0.512095 112.54 72.98 129.37 95.89
aeroplane 0.511959 160.09 0.00 196.13 19.78
aeroplane 0.511933 92.15 26.14 119.31 64.05
aeroplane 0.511933 144.82 33.62 184.74 65.02
aeroplane 0.511859 138.23 108.81 166.84 147.92
aeroplane 0.511852 98.41 73.10 117.81 97.75
aeroplane 0.511687 206.70 71.09 221.19 99.91
aeroplane 0.511586 208.04 34.88 220.56 64.29
sheep 0.511405 73.77 162.59 109.87 185.17
bird 0.511391 112.70 102.06 134.03 126.32
aeroplane 0.511317 107.73 56.32 127.59 82.96
train 0.511306 100.46 110.40 120.66 134.84
aeroplane 0.511305 111.32 0.00 148.42 25.73
aeroplane 0.511248 167.44 142.64 204.31 191.37
aeroplane 0.511137 101.35 0.00 127.26 29.38
aeroplane 0.511128 97.54 57.29 118.20 84.93
train 0.511062 99.39 129.30 121.10 165.48
aeroplane 0.511022 206.39 44.54 219.35 73.03
aeroplane 0.510947 141.89 88.83 165.02 120.53
aeroplane 0.510928 137.23 88.94 154.97 116.02
train 0.510885 150.21 171.57 197.66 202.94
aeroplane 0.510869 138.73 99.14 166.16 137.42
train 0.510868 97.70 139.47 121.96 174.02
aeroplane 0.510809 105.94 40.82 128.10 73.75
aeroplane 0.510794 204.94 63.40 219.80 90.78
train 0.510734 165.12 165.16 215.11 195.39
aeroplane 0.510563 205.12 54.29 218.90 81.85
aeroplane 0.510529 207.23 3.60 223.84 35.79
bird 0.510465 113.08 91.03 130.88 113.74
aeroplane 0.510422 95.55 41.10 118.41 74.87
aeroplane 0.510131 113.66 79.45 129.69 103.33
bird 0.510073 99.24 103.48 118.27 125.00
dog 0.510019 124.51 209.03 165.36 224.00
aeroplane 0.509969 201.71 0.00 223.84 27.82
train 0.509274 185.99 176.02 224.00 204.96
bird 0.508932 98.62 81.04 116.88 105.14
bird 0.508731 98.89 93.44 116.58 114.43
train 0.507496 167.96 173.10 218.01 201.64
