cat 0.694368 4.26 18.29 166.87 204.37
cat 0.587960 47.86 12.41 177.46 182.81
sofa 0.577210 142.08 115.26 210.74 213.05
chair 0.571308 36.34 41.27 109.28 121.70
cat 0.570939 36.69 34.29 108.84 115.05
cat 0.564737 9.39 5.27 118.33 185.40
chair 0.564450 146.49 123.51 209.17 221.05
cat 0.564404 89.75 35.77 166.56 120.75
cat 0.554156 5.62 129.24 47.65 206.81
cat 0.553592 87.72 16.72 205.29 180.54
dog 0.551159 34.08 58.34 101.07 138.87
dog 0.550319 39.45 28.60 104.91 98.37
chair 0.548348 179.71 106.74 224.00 223.26
dog 0.546323 3.15 138.37 47.17 215.75
cat 0.545147 99.98 59.21 152.76 126.08
cat 0.545091 83.76 3.35 161.06 71.99
sofa 0.544916 154.02 110.54 208.62 191.61
cat 0.544844 71.43 49.54 180.63 194.62
chair 0.544580 126.46 144.56 215.36 224.00
bottle 0.543513 40.28 26.99 105.31 92.17
cat 0.543054 102.51 23.88 162.88 94.98
cat 0.542462 1.73 3.12 86.29 164.98
sofa 0.542063 129.00 70.88 203.40 209.51
chair 0.541442 132.96 90.64 197.41 215.03
dog 0.541433 37.92 73.63 93.71 154.60
sofa 0.541403 133.64 131.39 175.08 209.42
dog 0.541295 1.32 121.22 49.15 188.93
sofa 0.541049 168.41 90.05 211.97 168.05
sheep 0.540438 16.85 17.05 63.25 79.41
dog 0.540354 17.70 18.95 64.07 84.36
cat 0.540267 10.70 61.80 134.13 195.06
chair 0.539737 161.22 149.60 224.00 224.00
sofa 0.539518 150.92 43.71 224.00 190.62
cat 0.539502 3.72 52.75 51.36 127.72
cat 0.539012 104.40 74.64 145.17 130.06
cat 0.538900 26.61 22.67 149.73 159.72
dog 0.538597 35.20 119.28 77.65 201.21
sheep 0.538340 26.51 20.68 77.37 87.44
sofa 0.538251 129.96 158.67 184.92 224.00
cat 0.538041 169.51 87.56 211.95 154.85
person 0.537961 171.97 69.13 224.00 214.78
cat 0.537800 118.41 65.25 195.40 202.18
dog 0.537706 2.90 49.63 52.03 122.10
cat 0.537201 14.30 130.53 47.14 189.48
sofa 0.536703 140.65 127.69 189.22 201.01
cat 0.536693 151.50 37.84 202.15 105.46
tvmonitor 0.536413 0.00 54.21 44.71 127.94
sheep 0.536067 0.06 22.12 25.05 69.10
dog 0.535729 7.13 103.87 51.54 174.30
dog 0.535618 2.78 58.81 40.95 135.86
dog 0.535573 39.89 111.30 89.12 178.50
cat 0.534880 133.96 36.09 190.09 106.14
bird 0.534681 40.53 19.23 102.90 82.37
dog 0.534455 27.50 23.98 77.98 91.03
chair 0.534261 144.51 157.52 206.72 224.00
dog 0.534160 34.17 92.63 83.59 172.54
chair 0.534111 0.00 203.42 21.29 224.00
bottle 0.533844 0.00 50.29 44.93 122.24
sheep 0.533803 76.84 0.00 149.99 64.17
cat 0.533684 141.82 132.22 186.71 191.13
person 0.533660 133.99 68.54 209.42 215.55
dog 0.533467 36.18 50.75 97.10 110.72
dog 0.533354 0.00 19.99 14.32 70.70
dog 0.533322 20.75 58.92 72.79 118.13
cat 0.533299 135.14 136.49 172.40 184.76
sofa 0.533200 103.56 31.73 209.59 192.10
bottle 0.533116 152.42 24.39 204.86 93.32
cat 0.532834 0.00 140.10 57.09 217.42
dog 0.532508 0.23 22.51 26.34 75.14
bottle 0.532284 87.65 12.01 196.81 146.23
chair 0.532107 110.13 33.22 219.21 209.43
sheep 0.532071 0.00 208.59 39.64 224.00
dog 0.532034 21.40 122.18 66.70 201.03
chair 0.531612 214.70 126.54 224.00 198.38
chair 0.531611 207.22 206.32 224.00 224.00
cat 0.531312 164.63 17.98 209.13 81.38
dog 0.531198 0.00 150.04 78.96 224.00
sheep 0.530957 37.27 23.33 102.49 84.75
cat 0.530753 0.00 133.21 28.92 194.16
dog 0.530374 2.46 30.43 42.46 99.57
dog 0.530178 2.66 82.41 43.07 157.60
dog 0.530146 0.00 0.00 61.27 72.41
sheep 0.530143 44.64 10.71 107.58 72.31
chair 0.530125 218.06 139.90 224.00 213.71
cat 0.530017 161.34 54.08 205.33 120.94
chair 0.529785 150.37 199.82 201.08 224.00
chair 0.529771 121.70 194.54 177.37 224.00
cat 0.529710 218.94 45.98 224.00 86.71
cat 0.529592 164.75 68.60 209.57 133.60
chair 0.529523 116.89 112.28 215.67 214.74
sheep 0.529457 0.00 0.00 66.72 123.85
cat 0.529397 0.00 67.77 97.07 202.36
cat 0.529314 162.22 34.20 207.64 96.18
bottle 0.529231 177.56 8.79 204.65 37.48
dog 0.529211 58.75 125.78 103.93 170.59
dog 0.529204 4.92 162.66 45.10 223.21
dog 0.529180 219.72 150.07 224.00 218.37
aeroplane 0.529135 5.72 82.41 46.44 157.75
sheep 0.529093 6.43 22.06 34.47 68.51
aeroplane 0.529073 211.38 5.52 224.00 37.91
dog 0.529015 59.64 210.71 92.10 224.00
sheep 0.528914 8.72 212.20 49.58 224.00
cat 0.528873 0.00 145.99 29.79 217.05
cat 0.528869 95.47 75.62 132.74 130.89
dog 0.528837 6.31 22.39 34.86 75.04
cat 0.528803 99.49 49.70 144.29 112.83
dog 0.528548 9.38 22.08 50.69 87.08
cat 0.528483 88.35 18.07 153.69 87.01
chair 0.528412 209.85 86.09 224.00 149.16
sheep 0.528389 52.04 211.05 83.85 224.00
bottle 0.528334 0.00 123.28 53.69 186.98
bottle 0.528216 167.17 14.86 209.44 69.01
chair 0.528210 213.54 114.69 224.00 179.46
cat 0.528143 176.69 9.61 207.48 39.14
cat 0.527952 152.53 109.59 202.22 173.45
cat 0.527698 218.60 31.62 224.00 76.69
dog 0.527489 77.63 71.21 118.25 132.55
chair 0.527478 178.07 209.14 217.92 224.00
sheep 0.527358 43.90 211.27 75.82 224.00
bird 0.527162 0.00 0.00 18.68 24.67
sheep 0.527153 35.49 211.40 67.38 224.00
sofa 0.527054 209.55 90.94 224.00 156.08
sheep 0.526886 23.02 211.60 58.94 224.00
sheep 0.526723 190.27 210.11 224.00 224.00
chair 0.526692 122.30 159.48 188.70 224.00
sheep 0.526599 27.12 7.36 58.34 38.19
sheep 0.526567 9.86 7.17 92.44 139.91
dog 0.526534 72.99 210.51 109.48 224.00
cat 0.526441 217.80 58.25 224.00 101.15
cat 0.526224 31.43 73.08 163.06 207.61
cat 0.526196 113.36 87.71 145.48 128.98
aeroplane 0.526133 213.05 10.23 224.00 47.27
cat 0.526118 144.40 53.05 181.70 115.88
chair 0.526103 97.06 151.90 202.29 224.00
cat 0.526059 50.65 0.00 181.09 109.22
sheep 0.526027 0.00 12.14 12.58 60.33
dog 0.526011 15.15 69.95 61.80 146.76
dog 0.525977 14.63 129.99 50.59 191.70
dog 0.525945 23.38 154.59 114.76 224.00
sheep 0.525932 25.37 0.00 59.55 25.45
diningtable 0.525914 213.68 71.99 224.00 131.48
bottle 0.525836 0.00 106.22 48.72 170.75
dog 0.525751 12.15 44.19 63.57 110.09
bottle 0.525736 177.39 0.00 204.60 29.89
cat 0.525664 170.77 12.12 208.29 58.96
chair 0.525479 136.80 195.48 193.94 224.00
cat 0.525214 141.33 16.31 192.43 82.43
aeroplane 0.525209 204.89 0.00 224.00 26.81
sofa 0.525166 216.80 64.27 224.00 115.30
cat 0.525165 71.79 45.88 124.28 112.58
cat 0.525115 166.40 0.00 224.00 69.68
cat 0.525006 148.49 31.13 224.00 158.09
chair 0.524949 115.13 178.99 177.77 224.00
tvmonitor 0.524914 0.00 60.78 27.25 128.61
cat 0.524907 0.00 109.27 79.85 211.69
cat 0.524906 216.10 22.61 224.00 69.52
diningtable 0.524828 219.03 173.24 224.00 224.00
dog 0.524812 43.32 155.40 144.16 224.00
dog 0.524774 76.46 129.56 111.28 165.94
dog 0.524729 26.60 79.48 79.03 158.03
sheep 0.524689 54.22 6.33 124.16 66.46
cat 0.524638 69.68 3.25 139.97 64.34
cat 0.524628 159.43 73.09 198.57 122.59
sheep 0.524599 90.71 0.00 137.39 25.40
dog 0.524552 15.42 0.00 91.24 70.91
bird 0.524404 176.64 2.87 208.50 34.47
cat 0.524383 155.45 88.09 183.82 125.53
dog 0.524354 0.00 152.93 27.05 220.83
sheep 0.524259 0.00 3.45 11.50 46.85
bottle 0.524185 56.81 0.00 190.41 113.81
cat 0.524149 66.73 33.47 131.60 97.70
cat 0.524032 31.38 0.00 125.16 52.47
dog 0.524011 23.21 43.27 76.28 106.11
dog 0.523963 118.17 204.92 172.12 224.00
bottle 0.523931 155.25 0.00 190.29 27.64
cat 0.523843 160.85 88.60 199.50 129.41
cat 0.523761 151.39 73.12 181.74 120.40
bottle 0.523678 0.00 120.01 17.77 178.60
cat 0.523615 49.12 22.28 109.62 81.98
bird 0.523556 52.32 0.00 173.66 103.54
chair 0.523508 152.57 182.73 205.56 224.00
cat 0.523437 96.04 0.00 145.78 26.05
cat 0.523361 159.61 99.13 201.49 155.90
dog 0.523345 88.45 212.25 122.49 224.00
dog 0.523140 38.28 150.50 71.25 212.78
sheep 0.523120 0.00 0.00 27.00 21.38
cat 0.523112 107.39 5.35 165.58 63.14
cat 0.523076 132.56 129.56 167.62 171.05
sheep 0.523051 0.19 7.35 22.77 45.06
bottle 0.522968 75.72 0.00 181.54 74.48
bottle 0.522931 0.00 43.88 26.60 109.96
dog 0.522891 45.54 99.05 101.82 158.43
cat 0.522803 178.29 0.00 208.81 28.97
dog 0.522774 18.17 144.75 61.99 214.65
sheep 0.522773 76.89 0.00 118.33 21.02
dog 0.522735 41.89 168.56 69.34 215.78
dog 0.522711 87.42 131.28 115.64 165.31
dog 0.522610 0.00 33.33 22.96 97.57
bird 0.522566 51.02 12.10 113.97 71.51
cat 0.522532 84.25 0.00 152.77 49.93
bottle 0.522531 109.45 0.00 197.26 78.78
sheep 0.522443 15.15 0.00 49.78 19.35
sheep 0.522408 23.99 11.33 61.21 55.64
sheep 0.522293 68.02 0.00 128.78 44.91
bird 0.522277 0.00 0.00 14.05 33.38
bottle 0.522163 140.71 0.00 180.44 25.26
bottle 0.522142 0.00 85.46 42.55 154.14
bottle 0.522011 0.00 105.43 12.08 163.00
dog 0.521962 81.05 155.49 184.94 224.00
cat 0.521914 25.76 0.00 138.46 104.91
dog 0.521912 2.42 115.45 87.81 224.00
cat 0.521892 110.38 51.14 166.37 117.86
dog 0.521731 95.23 133.49 120.00 164.29
sheep 0.521703 6.93 0.00 37.00 19.38
dog 0.521657 50.94 128.97 103.26 194.67
dog 0.521566 43.56 140.25 90.66 204.05
cat 0.521488 147.41 8.91 191.88 61.40
dog 0.521470 83.25 92.66 115.16 145.99
dog 0.521380 103.33 211.29 147.77 224.00
dog 0.521374 163.48 76.63 211.94 150.01
dog 0.521245 85.05 112.14 115.44 155.47
cat 0.521241 124.48 111.95 158.41 157.06
dog 0.520995 69.60 136.48 110.76 192.94
sheep 0.520902 64.52 0.00 100.89 17.49
sheep 0.520901 47.90 0.00 84.29 17.58
dog 0.520846 56.06 83.37 106.52 147.59
dog 0.520786 111.24 208.98 161.22 224.00
dog 0.520670 65.81 106.96 108.77 156.56
sheep 0.520626 38.25 0.00 73.75 19.42
chair 0.520599 0.00 188.34 19.36 224.00
bottle 0.520376 166.67 10.17 197.62 49.34
bottle 0.520173 161.60 0.00 224.00 90.14
chair 0.520087 0.00 166.46 21.29 224.00
cat 0.519970 71.68 20.41 134.32 76.91
cat 0.519877 130.44 0.00 171.58 22.78
cat 0.519658 101.80 134.08 126.16 164.24
sheep 0.519580 20.72 0.00 109.55 112.57
cat 0.519517 115.17 17.93 169.40 82.69
cat 0.519477 118.34 0.00 162.41 22.19
dog 0.519477 21.88 99.55 74.35 177.01
sheep 0.519455 58.29 0.00 106.81 40.03
bottle 0.519393 0.00 77.06 15.27 141.22
bottle 0.519350 162.78 5.14 193.19 39.53
dog 0.519345 94.70 95.44 122.39 144.24
dog 0.519261 55.87 149.09 100.41 202.94
dog 0.519113 44.71 154.53 78.45 209.20
dog 0.519096 72.70 157.06 109.77 203.14
sheep 0.519060 37.78 14.82 92.69 57.37
dog 0.518983 1.38 191.75 42.80 224.00
sheep 0.518975 38.50 7.21 84.51 40.83
bottle 0.518919 0.00 89.68 11.17 150.14
cat 0.518823 119.20 97.86 152.44 136.82
sheep 0.518691 10.13 8.18 36.09 41.06
sofa 0.518678 176.50 82.37 219.70 154.84
dog 0.518648 49.43 173.63 77.57 212.61
dog 0.518629 29.48 180.97 64.03 224.00
chair 0.518583 212.69 194.41 224.00 224.00
dog 0.518519 83.75 143.05 117.28 192.52
chair 0.518280 129.47 177.24 197.49 224.00
cat 0.518256 147.77 115.71 185.53 168.65
bird 0.518178 180.90 0.00 215.84 27.90
sheep 0.518111 46.96 5.62 99.98 48.37
cat 0.518034 124.77 88.05 162.44 123.31
cat 0.517971 113.75 135.79 147.08 167.03
cat 0.517930 109.71 127.20 144.09 163.92
cat 0.517684 123.68 127.97 159.20 168.42
cat 0.517536 107.56 108.31 140.05 154.81
cat 0.517402 117.60 72.49 163.44 121.20
dog 0.517399 45.51 190.60 73.00 224.00
dog 0.517364 19.64 111.74 118.26 224.00
aeroplane 0.517129 192.09 6.27 223.82 35.57
dog 0.517085 101.40 136.22 124.78 168.53
dog 0.516971 84.95 161.35 116.27 202.78
cat 0.516906 110.25 92.10 138.72 139.55
bottle 0.516899 147.06 8.06 188.28 54.07
cat 0.516886 174.27 46.25 212.15 90.55
sheep 0.516635 44.55 0.00 90.25 30.19
dog 0.516514 51.62 161.94 87.65 207.45
sofa 0.516376 118.84 190.75 179.50 224.00
dog 0.516367 57.42 180.23 87.44 211.79
dog 0.516249 95.59 186.49 117.35 209.40
sofa 0.516140 177.15 122.35 217.21 204.04
bottle 0.516136 113.04 7.85 207.28 117.88
cat 0.515916 96.54 110.88 126.27 155.24
cat 0.515863 155.46 101.91 183.95 148.23
dog 0.515690 52.71 123.13 163.92 224.00
bottle 0.515676 124.08 0.00 171.33 35.54
dog 0.515618 88.01 186.33 112.88 211.30
cat 0.515567 201.20 49.19 224.00 87.10
chair 0.515542 174.47 125.67 216.95 211.96
cat 0.515505 101.72 93.86 130.10 141.89
sofa 0.515494 183.04 102.13 219.14 172.00
sofa 0.515479 181.74 69.36 222.91 135.56
cat 0.515334 198.83 55.74 224.00 98.42
cat 0.515279 200.44 35.39 224.00 79.28
cat 0.515238 111.20 0.00 165.90 40.18
cat 0.515165 136.48 116.95 169.83 164.24
bottle 0.515105 142.89 0.37 183.36 43.34
cat 0.514824 117.90 93.87 154.22 123.64
dog 0.514813 68.12 185.81 97.79 210.91
sofa 0.514430 191.35 61.68 223.98 115.78
dog 0.514221 64.23 170.96 98.59 206.33
dog 0.514218 79.31 187.45 108.12 210.83
cat 0.513756 193.11 21.05 223.22 69.98
dog 0.513548 171.76 150.29 215.53 224.00
dog 0.513539 104.04 185.99 129.40 209.54
dog 0.513335 101.34 162.00 127.98 201.58
sheep 0.513224 7.99 193.58 50.46 224.00
dog 0.513209 94.87 177.66 118.29 204.08
cat 0.513186 189.33 13.03 222.59 58.58
dog 0.513053 52.57 196.49 81.48 224.00
diningtable 0.512929 176.10 165.99 216.76 224.00
dog 0.512917 77.91 176.23 108.98 205.86
sheep 0.512876 33.97 203.36 66.75 224.00
dog 0.512755 87.55 176.92 113.96 205.72
dog 0.512364 92.52 198.33 119.32 224.00
cat 0.512302 134.28 101.48 164.15 141.25
chair 0.512178 168.82 190.07 215.01 224.00
dog 0.512107 100.58 144.94 127.26 190.51
dog 0.512091 115.04 138.04 147.64 179.28
dog 0.511953 102.80 178.19 128.05 205.31
chair 0.511789 130.46 148.64 174.04 211.42
dog 0.511548 101.14 196.57 129.69 224.00
sheep 0.511456 183.42 193.47 219.59 224.00
dog 0.511215 115.38 157.03 152.97 205.66
dog 0.511100 123.57 178.65 179.82 224.00
dog 0.510978 115.57 144.08 149.96 194.90
dog 0.510965 59.55 200.53 90.51 224.00
dog 0.510491 51.70 209.12 85.32 224.00
dog 0.510379 117.48 179.41 165.31 214.84
dog 0.510177 75.48 200.70 109.03 224.00
dog 0.509830 66.97 202.15 99.63 224.00
dog 0.509338 114.45 188.03 163.83 224.00
dog 0.507668 104.50 204.86 153.09 224.00
