cow 0.579877 131.80 103.15 159.35 133.87
sofa 0.562946 9.99 88.11 60.87 159.49
horse 0.558884 13.41 98.95 90.64 156.30
horse 0.556926 0.00 95.23 71.21 167.82
dog 0.555925 8.69 92.48 71.84 171.14
cow 0.552086 100.42 124.27 125.80 159.54
horse 0.552055 26.58 103.10 87.67 145.51
sheep 0.552024 177.24 91.83 199.30 126.30
sheep 0.551592 53.63 119.49 112.65 175.10
sheep 0.551416 134.17 104.21 163.11 132.34
sheep 0.549587 57.74 127.32 124.53 192.84
pottedplant 0.549177 0.00 59.46 42.69 159.60
cow 0.547461 122.97 106.07 151.12 136.06
chair 0.547410 9.13 88.70 70.27 166.00
cow 0.546842 105.80 133.19 128.93 163.35
sheep 0.545752 169.46 93.63 193.93 126.22
cow 0.543993 91.78 116.38 128.73 146.98
cow 0.543974 99.85 111.56 136.52 139.15
cow 0.543009 91.78 96.80 128.13 117.39
cow 0.542085 82.40 104.04 127.90 123.00
cow 0.541602 34.16 103.50 92.70 136.17
sheep 0.540881 5.30 98.50 80.80 163.17
cow 0.538520 103.18 118.39 131.82 152.27
cow 0.538434 100.13 97.34 134.33 120.05
sheep 0.538327 9.77 112.08 60.89 178.28
cow 0.538219 79.04 111.19 131.77 134.56
cow 0.538026 84.87 119.08 123.29 155.92
sheep 0.537756 64.42 119.91 119.10 163.22
sofa 0.537668 0.00 86.87 36.40 155.60
sheep 0.537546 0.63 72.00 45.99 154.04
pottedplant 0.537373 0.00 20.44 33.57 142.45
chair 0.536777 0.00 86.19 32.97 152.88
sheep 0.536636 11.97 143.63 55.83 184.46
sheep 0.536386 149.42 97.08 181.29 128.28
cow 0.536101 61.08 103.22 113.93 124.98
cow 0.535864 96.57 105.95 135.80 127.12
sheep 0.535691 82.56 130.20 120.19 165.31
cow 0.535354 55.72 108.16 118.85 131.95
cow 0.535284 137.83 99.73 169.18 131.54
sheep 0.535218 57.67 143.01 117.53 204.10
sheep 0.534882 25.79 110.50 91.67 170.04
sheep 0.534779 217.56 141.75 224.00 174.56
dog 0.534692 174.95 212.83 203.45 224.00
person 0.534661 211.54 205.28 224.00 224.00
sheep 0.534128 189.79 212.81 217.35 224.00
person 0.534127 46.12 104.76 123.59 165.52
dog 0.533972 181.85 213.73 210.98 224.00
cow 0.533543 107.21 104.48 141.21 129.98
person 0.533430 0.00 0.00 72.26 170.28
dog 0.533202 168.06 211.52 195.48 224.00
cow 0.532896 63.60 114.09 127.14 146.10
cow 0.532815 22.72 97.28 103.13 141.55
cow 0.532761 76.42 96.88 117.43 118.49
cow 0.532698 110.69 97.00 141.19 124.48
boat 0.532685 0.00 37.69 12.58 94.09
sheep 0.532660 94.47 136.64 127.08 170.07
dog 0.532634 217.17 147.11 224.00 179.55
chair 0.532489 0.00 119.22 87.48 224.00
sheep 0.532359 214.60 78.32 224.00 121.90
boat 0.532338 0.18 40.58 23.90 95.53
aeroplane 0.532194 0.00 3.45 34.09 117.56
person 0.532127 0.00 201.65 18.21 224.00
cow 0.531928 168.15 0.00 224.00 133.88
sheep 0.531698 49.03 106.64 125.85 172.22
sheep 0.531626 196.98 60.57 224.00 183.93
chair 0.531428 61.86 147.26 165.39 224.00
chair 0.531416 7.78 91.91 45.17 153.09
sheep 0.531360 199.91 209.12 224.00 224.00
sheep 0.531273 32.75 105.39 112.27 141.06
person 0.531185 0.00 176.19 45.84 224.00
dog 0.531069 20.00 209.33 60.62 224.00
sheep 0.530940 24.11 101.78 105.84 155.33
dog 0.530691 159.84 209.84 188.36 224.00
sheep 0.530595 100.45 202.87 128.40 224.00
car 0.530527 190.97 0.00 224.00 52.54
cow 0.530515 197.70 51.51 224.00 171.29
dog 0.530461 150.29 208.63 179.41 224.00
dog 0.530442 36.43 159.87 130.87 224.00
sheep 0.530321 75.47 136.59 120.87 172.49
sheep 0.530306 114.55 206.36 148.64 224.00
sheep 0.530292 106.96 204.87 137.71 224.00
sheep 0.529917 123.44 206.58 156.34 224.00
cow 0.529819 41.23 97.51 125.52 163.25
person 0.529794 0.00 81.90 42.29 165.76
chair 0.529589 163.90 124.09 224.00 224.00
sheep 0.529539 183.43 89.24 209.12 124.48
sheep 0.529510 0.00 191.73 13.96 222.39
pottedplant 0.529333 0.00 42.39 11.46 100.09
bird 0.529217 0.00 204.90 28.96 224.00
cow 0.529141 133.50 110.93 158.50 141.01
person 0.528978 15.94 83.04 82.52 152.13
sheep 0.528975 64.20 172.42 102.01 214.83
cow 0.528975 134.65 135.30 149.95 162.39
dog 0.528699 141.78 207.02 171.55 224.00
sheep 0.528622 0.00 180.49 74.41 224.00
dog 0.528462 132.98 206.17 163.61 224.00
sheep 0.528309 89.31 200.58 119.74 224.00
sheep 0.528144 40.33 142.55 128.14 220.42
sheep 0.528121 67.30 198.70 102.51 224.00
sheep 0.528074 67.27 139.98 121.55 182.70
boat 0.528070 0.00 0.00 42.87 48.70
chair 0.528021 96.13 139.83 194.38 224.00
dog 0.527994 208.02 0.00 224.00 20.64
cow 0.527969 123.78 97.71 149.92 129.23
dog 0.527957 143.40 199.26 219.03 224.00
sheep 0.527928 61.27 159.84 109.77 208.71
dog 0.527715 9.06 94.21 51.43 154.46
aeroplane 0.527571 6.06 37.86 31.97 93.81
sheep 0.527550 216.24 60.64 224.00 102.13
pottedplant 0.527522 0.00 141.95 25.24 188.23
cow 0.527388 180.28 16.82 224.00 183.25
cow 0.527186 15.68 84.27 81.36 155.70
dog 0.527115 28.14 208.17 73.94 224.00
boat 0.527027 0.00 0.00 19.41 19.45
sheep 0.526976 197.76 147.32 210.49 172.33
dog 0.526763 220.00 167.74 224.00 206.44
cow 0.526758 64.79 97.24 107.18 121.19
chair 0.526723 11.08 117.41 65.79 176.85
dog 0.526681 39.10 206.83 85.47 224.00
sheep 0.526626 77.75 198.52 111.72 224.00
dog 0.526490 52.11 204.38 95.62 224.00
dog 0.526452 219.63 159.31 224.00 196.14
dog 0.526428 178.30 190.67 224.00 224.00
chair 0.526415 0.00 113.58 31.59 170.39
cow 0.526377 113.58 125.82 138.74 155.79
dog 0.526268 8.48 207.81 42.14 224.00
horse 0.526155 30.19 161.41 134.22 224.00
sheep 0.526115 2.07 194.48 23.32 217.47
aeroplane 0.526105 0.00 26.51 44.31 149.70
sheep 0.525946 218.08 52.95 224.00 90.53
sheep 0.525674 215.23 88.55 224.00 131.86
dog 0.525544 122.77 196.95 200.79 224.00
sheep 0.525523 81.52 146.63 127.11 191.46
aeroplane 0.525518 10.54 36.00 43.55 91.93
sheep 0.525514 133.59 141.89 147.08 169.46
aeroplane 0.525454 61.43 0.00 140.82 26.34
bird 0.525452 0.00 198.12 15.04 224.00
cow 0.525406 91.49 89.53 125.99 112.41
cow 0.525338 118.52 113.84 144.52 147.32
sheep 0.525276 217.91 129.82 224.00 167.13
sheep 0.525133 207.48 144.69 217.35 171.95
sheep 0.525030 75.51 174.42 108.93 213.43
horse 0.525029 81.91 183.50 165.60 224.00
horse 0.525008 33.32 126.65 127.42 201.88
sheep 0.524960 85.44 140.45 127.92 179.16
sheep 0.524959 0.00 182.04 14.20 216.23
aeroplane 0.524922 15.83 36.29 60.09 89.64
sheep 0.524884 103.24 180.13 125.13 213.44
sheep 0.524807 86.45 156.41 124.58 201.23
car 0.524587 49.17 0.00 126.69 26.49
boat 0.524578 2.93 50.38 22.50 111.72
horse 0.524576 13.47 95.54 57.32 151.68
person 0.524572 0.00 123.55 37.61 206.19
sheep 0.524543 220.00 14.43 224.00 44.70
dog 0.524421 106.29 190.66 183.56 224.00
boat 0.524420 8.87 46.38 29.72 112.24
sheep 0.524353 199.03 152.58 209.36 174.70
sheep 0.524331 14.63 83.29 77.78 152.51
aeroplane 0.524245 25.36 0.00 100.04 27.66
cow 0.524174 36.51 0.00 113.01 26.09
cow 0.524140 182.95 67.55 224.00 208.00
dog 0.524076 15.28 178.24 100.61 224.00
bicycle 0.524045 0.00 7.13 95.25 173.14
sheep 0.523964 138.00 138.04 153.34 162.94
sheep 0.523903 95.91 168.15 123.95 207.82
sheep 0.523759 37.22 141.31 92.43 194.57
sheep 0.523629 89.79 177.04 116.35 213.28
cow 0.523570 99.74 90.01 132.00 114.20
cow 0.523528 196.46 18.48 224.00 141.00
sheep 0.523515 135.18 167.30 149.41 198.21
aeroplane 0.523492 46.06 51.07 84.59 88.08
sheep 0.523480 3.18 100.05 47.73 176.43
sheep 0.523443 218.98 7.55 224.00 37.73
sheep 0.523431 215.76 197.93 224.00 224.00
aeroplane 0.523419 197.13 87.22 224.00 210.33
sheep 0.523410 197.38 0.00 224.00 121.54
sheep 0.523378 191.86 149.30 203.99 173.20
sheep 0.523307 137.59 145.91 151.09 171.52
sheep 0.523266 185.96 67.63 204.14 102.00
sheep 0.523104 220.00 27.00 224.00 62.89
cow 0.523103 44.97 98.57 92.54 125.85
sheep 0.523076 14.25 145.62 70.58 191.60
aeroplane 0.523042 24.32 40.01 79.78 84.87
sheep 0.523029 219.58 44.45 224.00 81.45
sheep 0.522932 24.23 187.78 51.19 212.77
sheep 0.522916 140.14 168.22 152.13 198.49
boat 0.522900 0.00 0.00 15.78 44.15
sheep 0.522829 133.84 174.89 150.19 205.22
sheep 0.522769 15.54 157.18 52.05 194.69
sheep 0.522685 135.09 157.28 147.93 188.40
sheep 0.522656 80.45 163.43 115.85 208.56
aeroplane 0.522650 12.22 0.00 65.27 44.80
sheep 0.522631 217.76 115.79 224.00 155.10
pottedplant 0.522578 0.00 65.64 16.09 125.15
pottedplant 0.522561 0.00 79.88 22.42 139.03
aeroplane 0.522545 12.18 45.16 38.18 112.41
sheep 0.522374 220.00 185.84 224.00 221.47
sheep 0.522373 99.96 160.57 131.51 199.63
boat 0.522290 0.00 0.00 30.43 15.17
sheep 0.522279 186.20 60.49 205.25 87.66
sheep 0.522114 107.72 172.05 131.87 206.35
sheep 0.522097 0.00 150.11 20.90 195.36
boat 0.522062 96.79 0.00 132.36 15.30
sheep 0.522058 216.67 100.08 224.00 141.82
sheep 0.522052 141.41 95.59 171.11 129.06
boat 0.522022 81.55 0.00 116.56 14.49
sheep 0.522019 118.83 174.27 140.37 205.02
cow 0.522010 135.15 122.36 154.17 151.40
sheep 0.521946 214.68 0.00 224.00 29.08
sheep 0.521928 133.99 148.39 147.14 177.22
sheep 0.521914 112.31 182.15 133.23 212.29
boat 0.521837 0.00 9.27 17.67 53.06
boat 0.521783 65.89 0.00 101.37 14.14
boat 0.521772 24.10 0.00 62.38 14.20
sheep 0.521764 138.40 160.00 150.65 190.35
person 0.521751 170.71 100.21 224.00 224.00
pottedplant 0.521737 0.00 0.00 38.50 80.94
sheep 0.521635 9.00 69.12 34.33 130.31
sheep 0.521516 193.73 155.67 203.29 177.24
sheep 0.521514 23.93 171.91 56.50 203.08
aeroplane 0.521458 14.50 5.41 71.26 59.68
sheep 0.521435 174.68 64.30 224.00 172.83
sheep 0.521435 170.80 0.00 224.00 40.75
sheep 0.521392 1.90 201.67 24.99 224.00
sheep 0.521333 199.52 0.00 224.00 19.62
sheep 0.521299 114.67 164.72 139.03 197.69
sheep 0.521291 72.16 185.71 101.98 223.33
boat 0.521275 0.00 25.91 17.66 77.36
sheep 0.521271 137.34 152.96 150.30 180.29
sheep 0.521200 131.11 182.38 150.87 211.91
sheep 0.521175 3.78 126.66 57.74 202.02
sheep 0.521138 141.17 175.05 153.87 204.70
sheep 0.521128 184.01 77.11 202.74 116.94
sheep 0.521119 104.42 191.97 124.31 224.00
cow 0.521076 119.04 66.89 196.68 167.90
pottedplant 0.521062 4.43 70.58 28.47 128.93
boat 0.521036 189.17 0.00 217.94 18.90
cow 0.521016 78.38 69.19 164.42 172.11
sheep 0.521007 42.68 55.79 86.46 86.82
aeroplane 0.520840 83.80 0.00 168.92 25.67
boat 0.520839 40.64 0.00 75.76 14.59
aeroplane 0.520834 36.81 45.53 89.53 82.29
sheep 0.520806 120.29 182.17 142.29 211.51
sheep 0.520799 178.00 108.97 197.68 141.77
cow 0.520786 82.98 0.00 198.22 124.89
sheep 0.520647 188.04 14.50 203.93 33.46
boat 0.520626 173.10 0.00 202.56 18.19
aeroplane 0.520596 11.12 19.85 65.47 69.32
sheep 0.520576 53.58 57.59 94.00 84.63
cow 0.520574 63.45 98.69 155.75 156.10
cow 0.520564 5.04 55.05 71.25 154.29
sheep 0.520561 1.88 183.33 25.34 211.29
cow 0.520550 109.83 89.72 138.68 117.76
aeroplane 0.520545 4.43 30.03 70.16 140.82
aeroplane 0.520509 35.71 0.00 78.53 43.70
boat 0.520481 180.70 0.00 210.23 18.65
sheep 0.520336 0.00 164.19 15.59 207.49
sheep 0.520264 69.86 59.77 103.56 81.93
aeroplane 0.520254 9.27 8.61 54.39 54.31
sheep 0.520241 196.49 84.66 216.88 123.18
aeroplane 0.520226 5.96 0.00 47.39 41.51
boat 0.520214 2.84 30.17 33.17 77.98
sheep 0.520214 140.21 182.69 155.52 211.26
person 0.520204 27.77 85.26 102.31 162.56
sheep 0.520203 190.90 143.47 206.03 167.85
sheep 0.520201 195.68 13.02 210.61 32.88
dog 0.520196 26.86 201.77 59.63 224.00
boat 0.520191 2.69 21.13 37.30 63.44
pottedplant 0.520178 4.66 86.63 36.37 143.48
aeroplane 0.520111 45.32 58.65 84.20 103.34
sheep 0.520095 84.18 61.90 112.89 80.76
sheep 0.520029 100.58 63.74 130.15 81.29
aeroplane 0.520020 8.12 29.57 52.36 79.88
aeroplane 0.519998 16.03 47.03 50.09 111.40
sheep 0.519994 198.14 24.53 209.92 44.62
cow 0.519943 172.72 58.88 218.98 160.93
cow 0.519894 97.91 140.09 131.03 175.34
sheep 0.519882 8.63 87.71 40.40 144.11
aeroplane 0.519873 6.58 21.18 44.27 64.38
cow 0.519872 77.55 89.76 112.95 115.34
boat 0.519813 48.74 0.00 84.61 14.03
horse 0.519777 76.86 144.66 160.82 204.68
sheep 0.519762 190.93 66.64 209.09 99.90
sheep 0.519730 197.53 19.76 209.89 38.17
sheep 0.519699 92.11 189.56 115.64 223.71
boat 0.519677 143.99 0.00 212.21 32.95
boat 0.519677 9.77 0.00 48.24 12.66
sheep 0.519673 172.79 107.28 190.74 138.78
aeroplane 0.519644 121.68 0.00 197.80 29.52
cow 0.519639 19.11 33.90 135.20 166.66
chair 0.519596 24.56 58.74 134.27 171.40
sheep 0.519571 190.29 21.10 203.82 38.85
sheep 0.519464 95.45 149.18 131.63 189.24
sheep 0.519446 186.88 150.17 196.67 172.01
boat 0.519341 165.36 0.00 194.58 16.83
sheep 0.519321 107.65 62.23 137.09 81.62
sheep 0.519282 190.87 25.69 203.65 45.51
sheep 0.519175 192.17 59.18 210.17 85.99
sheep 0.519160 111.08 192.98 133.05 224.00
sheep 0.519086 196.52 133.20 211.07 161.79
cow 0.519056 34.94 0.00 160.72 124.71
boat 0.518934 113.74 0.00 147.53 14.22
cow 0.518811 159.95 30.03 224.00 164.43
sheep 0.518803 135.71 112.34 160.56 140.00
sheep 0.518755 184.04 110.99 203.86 144.44
chair 0.518752 80.88 91.61 164.19 188.47
sheep 0.518739 30.87 185.27 63.64 211.91
aeroplane 0.518726 34.98 7.62 78.97 59.70
sheep 0.518703 43.98 182.68 82.29 212.75
sheep 0.518654 126.88 193.58 152.22 224.00
sheep 0.518589 187.41 52.82 204.60 77.95
boat 0.518538 157.39 0.00 186.56 15.50
aeroplane 0.518497 31.09 35.98 86.25 75.33
person 0.518465 4.40 0.00 130.63 126.35
pottedplant 0.518443 8.73 133.08 54.64 177.01
sheep 0.518408 12.56 192.04 35.94 213.09
sheep 0.518398 177.87 205.37 198.88 224.00
sheep 0.518398 188.00 157.59 196.22 178.45
sheep 0.518299 181.56 130.88 197.43 155.49
sheep 0.518257 118.39 192.98 143.82 224.00
boat 0.518217 138.54 0.00 170.93 13.58
sheep 0.518177 41.11 74.38 81.72 122.26
sheep 0.518128 188.79 133.11 205.64 160.06
sheep 0.518105 184.76 142.13 197.71 164.73
boat 0.518081 146.98 0.00 178.60 14.25
sheep 0.518042 133.61 62.23 155.03 81.50
sheep 0.517963 172.94 67.46 196.80 103.72
sheep 0.517946 131.06 91.66 152.52 125.05
sheep 0.517872 122.16 90.20 145.64 121.70
sheep 0.517849 162.32 61.91 186.75 86.97
sheep 0.517822 20.72 129.62 95.86 200.11
sheep 0.517782 135.98 91.73 159.98 126.22
sheep 0.517736 52.33 51.69 94.79 76.49
sheep 0.517688 183.28 207.56 207.28 224.00
sheep 0.517653 190.79 31.98 203.31 54.01
sheep 0.517652 41.53 171.09 85.63 205.08
sheep 0.517630 194.83 167.70 200.91 183.96
sheep 0.517595 149.22 176.23 159.86 203.38
sheep 0.517593 159.16 175.54 169.65 196.14
sheep 0.517588 136.55 194.40 158.41 224.00
aeroplane 0.517575 19.90 28.04 90.68 138.11
sheep 0.517575 197.47 31.15 209.57 53.21
aeroplane 0.517565 9.46 0.04 72.78 104.97
sheep 0.517513 149.58 182.95 161.24 209.46
sheep 0.517485 187.55 75.64 207.52 114.47
aeroplane 0.517443 18.39 0.00 68.03 27.39
sheep 0.517389 194.16 174.92 200.01 190.44
sheep 0.517385 146.92 169.99 158.31 198.08
sheep 0.517309 172.44 61.14 196.05 88.62
aeroplane 0.517289 189.93 139.58 224.00 224.00
sheep 0.517281 182.80 190.17 192.58 208.79
boat 0.517275 123.01 0.00 155.08 13.71
aeroplane 0.517256 88.33 0.00 133.45 31.92
sheep 0.517239 188.00 175.55 192.76 190.75
sheep 0.517157 146.45 195.13 165.71 224.00
sheep 0.517154 72.76 69.00 105.83 96.76
sheep 0.517121 199.93 158.64 207.60 176.79
sheep 0.517119 159.55 181.18 169.31 201.55
sheep 0.517105 189.59 41.87 203.71 67.07
sheep 0.517093 85.40 71.38 114.86 96.94
sheep 0.517085 111.06 152.65 137.07 186.74
sheep 0.517078 175.15 127.63 187.35 150.33
sheep 0.517049 182.85 14.14 198.61 33.06
sheep 0.517043 0.00 0.00 35.49 26.32
sheep 0.517042 172.44 202.76 190.25 224.00
sheep 0.517000 192.28 0.00 213.42 24.70
sheep 0.516949 199.53 165.69 206.15 182.88
sheep 0.516946 187.68 191.73 200.94 210.42
cow 0.516886 21.84 61.13 94.70 154.97
person 0.516885 0.00 54.85 104.82 191.70
sheep 0.516875 192.23 113.34 209.92 147.14
aeroplane 0.516856 25.74 50.32 71.58 107.31
sheep 0.516831 116.46 61.51 142.82 81.31
sheep 0.516775 177.55 138.93 186.09 159.78
sheep 0.516751 161.07 69.40 187.63 104.89
sheep 0.516737 209.00 132.53 217.51 163.51
sheep 0.516704 11.84 202.80 37.58 224.00
sheep 0.516656 124.95 61.95 147.62 81.58
sheep 0.516645 30.23 199.59 67.83 224.00
sheep 0.516622 67.39 52.92 103.28 74.04
sheep 0.516591 179.83 148.22 186.12 168.85
horse 0.516590 53.26 116.43 139.43 180.53
aeroplane 0.516571 38.68 26.44 130.60 138.92
sheep 0.516541 195.26 161.86 202.24 179.62
aeroplane 0.516540 53.36 0.00 101.32 36.61
aeroplane 0.516500 27.92 25.29 81.35 69.70
sheep 0.516490 203.03 64.62 215.70 99.41
sheep 0.516480 159.09 186.29 169.15 208.24
sheep 0.516476 146.88 73.04 198.06 155.99
sheep 0.516457 155.39 197.53 173.94 224.00
sheep 0.516447 191.43 205.78 213.90 224.00
chair 0.516424 42.22 82.01 139.60 188.38
sheep 0.516413 172.00 177.89 178.30 193.47
sheep 0.516404 177.52 189.25 184.23 207.09
sheep 0.516338 184.23 0.00 206.23 24.90
cow 0.516326 100.19 96.04 171.06 152.45
sheep 0.516285 150.35 62.61 173.81 83.82
sheep 0.516268 157.64 1.94 203.51 112.93
sheep 0.516257 82.66 54.43 112.01 73.16
sheep 0.516231 109.75 142.17 134.59 173.51
dog 0.516230 180.00 177.31 185.12 191.68
sheep 0.516208 171.13 77.03 195.87 116.66
aeroplane 0.516152 36.14 0.00 76.60 25.44
sheep 0.516149 193.67 51.47 209.95 76.79
sheep 0.516119 204.52 57.17 217.19 86.45
sheep 0.516114 6.23 148.20 40.37 188.39
cow 0.516106 65.51 89.60 102.25 118.27
sheep 0.516104 55.17 66.10 94.63 98.49
sheep 0.516070 171.48 183.17 177.47 199.03
sheep 0.516069 15.93 70.61 49.14 130.28
sheep 0.516026 93.26 73.16 124.60 97.85
horse 0.516018 94.03 133.73 170.98 196.16
sheep 0.516003 170.05 188.51 177.16 206.79
sheep 0.515998 142.13 140.33 158.46 163.94
sheep 0.515996 185.28 21.36 198.35 38.01
sheep 0.515967 55.60 192.71 94.19 224.00
horse 0.515891 75.90 113.70 154.92 178.70
sheep 0.515870 41.77 63.07 85.62 100.42
sheep 0.515866 165.46 200.02 183.07 224.00
sheep 0.515866 19.46 162.27 65.10 197.73
sheep 0.515808 19.98 161.34 104.65 224.00
cow 0.515794 153.26 80.12 224.00 188.20
sheep 0.515762 188.00 169.53 194.00 185.47
sheep 0.515694 195.98 41.01 209.73 65.93
sheep 0.515682 182.28 52.52 200.24 79.00
sheep 0.515682 100.32 55.13 129.91 73.57
sheep 0.515659 19.40 202.04 52.23 224.00
sheep 0.515651 185.92 25.40 197.75 44.86
person 0.515647 42.41 88.00 141.22 163.55
sheep 0.515617 200.33 72.78 213.91 111.91
sheep 0.515616 180.00 182.50 184.67 197.47
sheep 0.515612 141.27 62.68 163.29 81.59
sheep 0.515538 209.11 17.40 217.30 39.11
sheep 0.515521 186.76 181.35 192.05 197.49
sheep 0.515504 180.00 156.74 186.80 176.73
sheep 0.515470 199.24 173.22 205.46 190.42
sheep 0.515445 131.50 53.80 155.30 73.66
sheep 0.515419 209.27 22.42 218.09 46.18
sheep 0.515393 123.45 88.82 181.05 154.52
sheep 0.515377 106.29 73.35 137.25 99.57
sheep 0.515363 143.28 148.62 156.94 173.56
sheep 0.515358 4.01 161.96 31.71 201.62
sheep 0.515342 134.48 73.60 157.02 99.88
sheep 0.515289 93.32 55.11 122.38 73.13
sheep 0.515281 41.89 196.61 83.06 224.00
sheep 0.515230 145.36 162.36 156.77 191.40
sheep 0.515222 195.76 190.50 208.60 210.77
sheep 0.515203 208.10 10.80 218.29 33.90
sheep 0.515189 151.32 106.26 178.25 135.21
sheep 0.515178 107.07 53.47 137.61 74.01
cow 0.515168 146.56 114.04 222.74 215.55
sheep 0.515166 169.52 145.06 175.73 164.68
dog 0.515153 209.09 155.66 216.45 179.47
sheep 0.515137 161.02 31.33 200.35 141.61
horse 0.515108 35.57 90.67 80.34 135.25
sheep 0.515067 204.22 201.16 222.08 224.00
sheep 0.515009 180.07 25.87 215.60 141.84
sheep 0.514977 11.77 178.58 40.03 206.36
sheep 0.514919 158.20 167.65 168.64 190.01
sheep 0.514916 154.36 142.30 166.33 163.61
sheep 0.514911 162.30 53.94 184.77 76.11
sheep 0.514910 86.02 81.16 116.98 108.88
sheep 0.514856 126.01 73.18 148.82 99.11
sheep 0.514850 188.00 164.79 195.73 182.19
sheep 0.514674 170.95 153.08 176.89 173.44
sheep 0.514648 177.59 0.00 199.52 24.18
aeroplane 0.514619 3.52 0.00 44.53 25.07
sheep 0.514541 204.91 0.00 220.63 26.55
sheep 0.514510 164.62 135.22 174.60 155.14
sheep 0.514500 155.88 150.29 166.78 172.93
sheep 0.514497 175.72 11.47 191.42 31.93
sheep 0.514452 191.51 181.38 199.35 197.98
sheep 0.514439 173.18 53.41 194.44 78.17
sheep 0.514389 148.65 71.46 174.78 103.11
sheep 0.514383 76.40 80.19 108.99 109.50
sheep 0.514362 116.24 72.50 142.89 98.85
aeroplane 0.514347 90.46 0.00 133.84 18.08
sheep 0.514342 209.23 29.38 218.74 55.75
dog 0.514330 100.18 173.08 177.08 224.00
aeroplane 0.514288 70.56 0.00 116.93 30.96
aeroplane 0.514258 25.83 0.00 91.72 94.72
sheep 0.514217 177.92 21.12 190.54 36.98
dog 0.514169 35.81 73.16 82.88 123.41
sheep 0.514111 180.00 171.64 186.12 186.95
aeroplane 0.514056 57.76 29.29 155.83 136.56
sheep 0.513972 178.09 25.49 189.43 43.39
sheep 0.513931 144.08 156.06 156.18 183.07
dog 0.513887 210.09 162.66 217.81 188.25
sheep 0.513870 185.92 31.32 197.82 53.84
sheep 0.513837 184.47 41.43 198.67 67.81
sheep 0.513749 172.00 170.94 178.27 187.89
dog 0.513744 139.70 180.79 213.98 224.00
sheep 0.513739 148.00 54.41 172.20 73.23
sheep 0.513732 208.26 116.19 217.88 150.74
cow 0.513699 57.46 112.79 142.82 162.23
aeroplane 0.513696 0.00 0.00 59.14 72.30
sheep 0.513573 205.93 49.06 217.86 77.31
sheep 0.513569 114.97 53.09 143.77 74.48
sheep 0.513566 139.48 125.26 159.04 150.88
diningtable 0.513510 24.79 72.25 68.57 127.09
sheep 0.513499 139.24 54.20 162.69 72.58
sheep 0.513435 211.39 170.04 219.12 197.66
sheep 0.513428 149.23 130.04 165.14 152.51
sheep 0.513427 140.60 73.24 164.87 100.73
sheep 0.513409 140.44 117.20 164.70 141.47
sheep 0.513407 99.54 83.12 130.84 111.10
aeroplane 0.513405 139.94 143.99 215.84 210.43
sheep 0.513405 167.41 19.73 180.48 36.87
sheep 0.513317 180.00 165.60 186.80 182.96
sheep 0.513280 80.21 45.63 112.41 68.20
sheep 0.513250 64.13 45.22 104.18 69.73
sheep 0.513214 166.37 5.85 182.24 30.43
sheep 0.513182 207.99 38.80 218.39 67.45
sheep 0.513175 157.42 159.29 167.13 182.96
cow 0.513172 41.87 90.77 83.51 129.59
sheep 0.513166 130.07 44.61 156.15 67.41
sheep 0.513157 157.64 122.85 175.35 145.37
aeroplane 0.513147 181.20 90.84 224.00 203.59
dog 0.513145 60.23 0.00 104.21 18.47
sheep 0.513118 172.00 162.66 177.58 182.15
sheep 0.513113 60.95 78.19 98.23 111.98
sheep 0.513084 197.84 179.99 205.93 198.80
aeroplane 0.513079 48.70 11.24 96.98 52.39
sheep 0.513033 166.45 25.27 179.16 43.89
sheep 0.512942 108.15 82.76 137.70 112.84
sheep 0.512935 175.22 0.00 224.00 82.74
aeroplane 0.512897 90.70 5.52 131.63 46.07
sheep 0.512881 83.06 0.00 127.69 17.35
aeroplane 0.512862 39.40 67.78 139.44 161.20
aeroplane 0.512861 130.45 36.48 156.99 59.71
dog 0.512827 50.07 0.00 96.58 21.19
aeroplane 0.512817 56.48 0.00 139.53 76.96
aeroplane 0.512720 132.47 0.00 158.87 33.07
sheep 0.512678 157.40 80.59 185.95 118.78
sheep 0.512638 201.96 97.44 217.14 136.32
sheep 0.512635 162.92 42.51 182.05 65.00
sheep 0.512608 175.49 41.97 192.13 66.66
sheep 0.512574 209.55 187.30 219.62 215.15
aeroplane 0.512569 75.98 0.00 118.27 16.26
sheep 0.512528 177.58 31.80 189.82 52.66
dog 0.512491 110.61 148.09 187.84 204.06
sheep 0.512456 136.00 84.00 159.20 116.88
sheep 0.512407 169.99 0.00 191.76 21.83
sheep 0.512403 91.65 45.86 122.59 68.41
sheep 0.512313 129.38 84.00 150.62 116.10
sheep 0.512311 119.15 82.87 143.69 113.90
aeroplane 0.512228 106.24 0.00 146.41 31.03
aeroplane 0.512092 131.62 27.96 158.04 52.02
aeroplane 0.512085 133.85 0.00 192.01 104.59
aeroplane 0.512075 121.41 0.00 152.78 31.66
sheep 0.512025 164.98 32.30 179.33 52.80
aeroplane 0.512000 146.22 100.94 208.97 193.97
sheep 0.511916 99.38 46.55 130.85 68.99
aeroplane 0.511821 142.77 35.48 190.62 140.53
sheep 0.511784 211.23 177.43 219.15 205.68
sheep 0.511725 148.80 0.00 171.23 30.85
sheep 0.511656 145.29 44.22 169.75 64.31
aeroplane 0.511645 110.50 129.50 183.29 197.03
sheep 0.511624 93.27 101.91 165.61 159.31
sheep 0.511601 137.37 44.87 162.69 65.84
dog 0.511543 23.32 90.71 68.98 140.03
aeroplane 0.511357 89.64 38.16 123.09 62.88
dog 0.511274 162.80 179.67 224.00 224.00
sheep 0.511227 136.09 58.88 188.28 150.52
sheep 0.511203 142.45 0.00 205.27 66.31
sheep 0.511186 121.80 44.56 149.41 68.84
aeroplane 0.511176 42.88 27.82 90.02 65.42
aeroplane 0.511156 137.34 36.50 162.82 58.69
sheep 0.511109 150.32 18.19 169.14 39.98
aeroplane 0.511097 50.43 38.43 97.69 70.05
aeroplane 0.511056 133.00 16.83 158.06 43.89
sheep 0.511042 146.20 83.43 174.48 118.55
sheep 0.510965 106.19 45.72 138.93 69.53
aeroplane 0.510962 77.86 38.14 113.19 63.26
aeroplane 0.510925 122.67 36.84 151.20 60.87
sheep 0.510907 110.12 109.93 178.70 184.26
sheep 0.510882 148.64 26.44 168.76 47.91
sheep 0.510700 161.32 0.00 183.32 18.82
aeroplane 0.510664 97.53 39.14 131.24 63.01
sheep 0.510562 146.42 34.84 168.43 55.71
aeroplane 0.510372 123.60 14.45 153.26 43.72
aeroplane 0.510322 62.54 38.62 105.26 65.92
aeroplane 0.510176 95.98 29.18 131.49 54.75
aeroplane 0.510127 86.18 28.13 122.76 54.38
aeroplane 0.510053 108.27 0.00 147.30 15.44
aeroplane 0.510046 66.71 7.66 112.95 46.67
dog 0.509854 131.55 0.00 161.55 16.12
aeroplane 0.509724 105.31 39.17 140.26 63.60
aeroplane 0.509690 110.31 10.57 147.81 44.71
sheep 0.509561 146.34 0.00 174.27 16.91
aeroplane 0.509506 113.84 38.10 146.37 62.60
aeroplane 0.509447 121.05 0.00 154.33 15.36
aeroplane 0.509391 104.86 29.22 141.03 55.09
sheep 0.509383 115.44 0.00 192.78 50.43
aeroplane 0.509354 99.64 0.00 179.88 94.52
aeroplane 0.509268 114.76 28.72 148.22 54.22
sheep 0.509055 136.43 0.00 167.52 16.07
aeroplane 0.509047 110.02 35.09 180.69 136.41
aeroplane 0.508989 72.44 28.59 112.92 55.21
aeroplane 0.508962 59.80 28.60 105.44 58.32
aeroplane 0.508045 110.48 66.64 177.56 148.34
aeroplane 0.508009 68.39 69.25 163.08 150.90
sheep 0.507583 90.19 0.00 182.98 36.68
