boat 0.593141 30.92 76.85 224.00 192.54
aeroplane 0.587051 13.00 75.22 217.48 195.09
boat 0.562406 9.18 105.82 191.51 203.05
aeroplane 0.556702 89.33 100.91 155.10 175.02
car 0.547248 219.45 89.48 223.87 133.06
aeroplane 0.546245 95.57 115.05 146.81 182.99
boat 0.545128 219.04 129.86 224.00 169.96
train 0.543620 218.55 124.60 224.00 166.69
boat 0.541340 97.85 96.89 154.71 171.02
boat 0.540375 215.32 183.41 224.00 208.53
boat 0.539609 73.30 180.55 189.28 224.00
boat 0.539206 212.09 192.13 224.00 212.77
aeroplane 0.537789 106.00 99.96 165.08 159.46
aeroplane 0.537598 11.95 150.93 161.79 224.00
car 0.537245 217.79 80.52 224.00 123.74
boat 0.535537 207.96 205.70 224.00 224.00
boat 0.535487 37.53 158.21 185.85 224.00
aeroplane 0.535246 102.57 125.62 141.22 190.45
boat 0.535212 217.92 174.96 224.00 205.61
aeroplane 0.534685 123.50 96.60 172.00 149.68
boat 0.534662 122.65 194.67 211.87 224.00
boat 0.534502 163.91 56.64 224.00 201.11
car 0.534492 217.98 103.63 224.00 149.25
boat 0.534454 187.24 188.21 224.00 224.00
car 0.534369 0.00 208.16 28.46 224.00
boat 0.534245 99.32 96.10 138.97 161.08
boat 0.534164 26.12 127.22 205.47 223.13
car 0.533589 172.38 52.36 205.26 69.13
boat 0.533474 219.71 166.19 224.00 201.87
boat 0.532706 220.00 143.45 223.71 184.99
boat 0.532659 220.00 155.30 223.93 195.46
boat 0.532579 101.40 46.50 214.38 202.41
person 0.532076 0.00 211.22 35.65 224.00
aeroplane 0.532073 128.61 87.80 175.14 138.21
aeroplane 0.531910 189.98 0.00 224.00 41.74
boat 0.531844 192.86 208.43 221.70 224.00
aeroplane 0.531610 151.63 39.43 224.00 179.25
car 0.531060 160.65 50.61 195.86 71.75
person 0.530923 0.00 204.03 21.81 224.00
aeroplane 0.530907 75.74 28.48 88.96 47.82
aeroplane 0.530838 71.74 28.47 84.22 48.82
aeroplane 0.530577 142.48 96.16 177.70 142.41
aeroplane 0.530257 145.21 87.42 180.26 130.98
car 0.530050 163.20 55.39 190.29 74.62
car 0.529956 169.49 56.00 197.11 72.74
aeroplane 0.529693 109.25 143.13 139.89 201.27
boat 0.529570 108.00 84.25 147.24 149.83
boat 0.529550 122.24 105.22 169.69 162.65
boat 0.529422 0.00 108.80 150.81 186.82
boat 0.529370 102.29 89.49 129.77 152.25
bird 0.529052 0.00 0.00 18.15 26.76
person 0.528998 10.17 212.33 42.73 224.00
boat 0.528895 207.49 191.86 217.84 208.84
car 0.528606 0.00 151.12 21.84 178.42
boat 0.528523 68.76 110.90 81.55 134.38
aeroplane 0.528404 72.20 35.18 82.89 54.60
boat 0.528335 204.76 201.02 219.70 219.87
car 0.528070 215.55 73.33 224.00 110.99
aeroplane 0.528060 104.02 170.02 139.72 217.23
boat 0.527981 110.87 145.77 143.50 200.10
boat 0.527946 190.96 94.01 224.00 213.43
aeroplane 0.527875 42.63 82.19 61.29 103.96
aeroplane 0.527802 0.00 167.02 88.42 224.00
person 0.527677 103.72 84.07 122.81 140.44
boat 0.527633 209.33 183.43 218.51 204.75
aeroplane 0.527563 71.53 22.64 84.67 44.45
boat 0.527475 145.12 212.18 185.14 224.00
car 0.527432 176.44 57.12 202.68 70.99
aeroplane 0.527393 206.52 0.00 224.00 23.15
boat 0.527272 130.85 212.47 168.02 224.00
aeroplane 0.527270 175.85 31.34 212.45 51.02
aeroplane 0.527255 75.39 22.32 89.18 43.30
boat 0.527205 93.14 102.12 123.96 150.03
aeroplane 0.527138 0.00 86.84 164.54 224.00
aeroplane 0.527052 75.74 35.89 88.01 53.54
bird 0.526968 0.00 11.78 9.12 46.77
aeroplane 0.526837 49.64 81.58 67.55 103.69
boat 0.526811 19.10 212.65 50.19 224.00
bird 0.526769 0.00 45.10 9.79 81.91
aeroplane 0.526765 92.67 119.61 127.17 175.83
aeroplane 0.526726 0.00 44.35 200.06 174.92
boat 0.526655 0.00 144.44 22.45 174.91
sheep 0.526643 0.00 52.89 10.22 88.52
boat 0.526612 74.96 111.80 88.78 135.15
aeroplane 0.526523 201.99 23.17 224.00 49.20
bird 0.526492 0.00 82.33 13.59 117.60
aeroplane 0.526423 0.00 111.18 148.10 190.11
aeroplane 0.526338 154.77 87.27 183.55 125.29
aeroplane 0.526313 43.55 88.66 61.17 109.40
boat 0.526202 51.83 109.73 68.09 132.01
car 0.526198 0.00 166.94 70.14 224.00
boat 0.526170 146.92 161.68 167.33 187.77
boat 0.526073 118.50 211.71 159.28 224.00
sheep 0.526037 134.19 29.56 144.50 44.61
aeroplane 0.526007 99.80 136.92 128.39 201.66
boat 0.526006 0.00 192.46 22.01 218.15
boat 0.525988 0.00 0.00 51.06 44.99
boat 0.525910 193.02 129.86 204.38 156.89
boat 0.525843 56.70 109.90 73.96 133.26
aeroplane 0.525829 3.81 154.71 27.79 175.64
aeroplane 0.525679 33.71 83.30 53.68 103.61
boat 0.525646 51.13 104.60 67.85 126.08
boat 0.525644 44.83 104.14 61.70 124.07
boat 0.525635 196.66 203.94 216.41 220.65
boat 0.525623 93.09 109.07 132.33 162.86
aeroplane 0.525558 26.59 82.48 45.71 103.45
boat 0.525465 198.68 129.96 208.30 157.00
aeroplane 0.525443 72.04 42.48 81.97 61.05
car 0.525368 169.01 44.53 208.97 65.24
aeroplane 0.525366 27.60 87.81 45.35 107.58
boat 0.525326 102.41 209.94 146.34 224.00
aeroplane 0.525315 95.93 210.36 140.19 224.00
boat 0.525294 157.93 162.22 174.70 185.53
boat 0.525225 82.14 108.53 99.03 139.08
boat 0.525142 71.34 212.79 111.81 224.00
aeroplane 0.525101 155.33 95.21 181.91 134.47
sheep 0.525011 133.63 24.72 144.34 40.77
aeroplane 0.524981 0.00 0.00 155.12 155.87
boat 0.524920 45.28 110.43 61.74 130.07
aeroplane 0.524907 208.48 56.98 224.00 84.02
aeroplane 0.524843 50.19 88.58 67.27 110.46
aeroplane 0.524808 44.15 96.25 61.53 116.99
aeroplane 0.524787 29.22 19.71 42.38 39.36
boat 0.524775 55.43 105.79 73.21 127.31
aeroplane 0.524755 204.80 48.35 224.00 76.65
aeroplane 0.524724 29.60 25.81 42.48 46.04
aeroplane 0.524714 178.86 51.32 214.01 67.86
aeroplane 0.524655 203.97 17.23 224.00 43.49
aeroplane 0.524647 41.69 75.03 60.69 98.60
aeroplane 0.524629 174.02 0.00 203.85 20.18
sheep 0.524605 21.19 86.89 38.80 106.84
person 0.524525 109.67 76.91 132.96 134.27
boat 0.524481 167.50 211.35 202.70 224.00
boat 0.524463 134.98 104.89 175.30 154.04
boat 0.524397 138.09 0.00 203.30 34.92
boat 0.524390 198.98 122.27 224.00 224.00
aeroplane 0.524372 34.97 88.91 53.65 107.82
aeroplane 0.524342 71.34 50.66 81.86 67.99
boat 0.524275 198.87 196.12 213.09 209.12
aeroplane 0.524275 172.54 36.40 211.84 57.71
boat 0.524251 0.00 204.17 23.66 224.00
person 0.524251 73.60 107.22 88.25 129.66
aeroplane 0.524154 171.52 44.12 210.57 64.25
aeroplane 0.524150 70.59 58.77 81.94 76.16
boat 0.524127 112.33 111.68 159.21 170.79
boat 0.524080 26.61 212.75 58.63 224.00
boat 0.524077 154.93 0.00 216.52 33.49
aeroplane 0.524056 75.82 43.65 87.55 60.59
boat 0.524020 137.27 117.38 174.50 167.47
car 0.524004 0.00 148.18 14.87 181.76
car 0.523982 5.23 160.26 27.32 179.76
car 0.523962 167.05 76.49 190.48 103.71
car 0.523911 212.07 65.05 224.00 95.19
boat 0.523878 198.49 187.98 212.04 204.40
boat 0.523872 170.13 36.56 211.91 58.36
aeroplane 0.523860 48.76 74.92 66.95 97.50
aeroplane 0.523851 70.17 67.13 81.79 85.36
boat 0.523844 92.95 97.27 116.28 142.30
boat 0.523833 119.92 0.00 187.77 34.36
bird 0.523828 0.00 35.06 9.17 73.92
boat 0.523823 166.42 162.00 179.85 183.07
aeroplane 0.523798 94.95 181.94 128.56 219.30
aeroplane 0.523751 42.26 59.11 58.94 80.21
bird 0.523745 0.00 70.30 12.01 105.15
sheep 0.523722 15.13 86.73 33.68 106.92
aeroplane 0.523710 51.48 58.55 65.89 78.63
aeroplane 0.523699 2.38 147.60 28.24 171.22
boat 0.523644 50.32 96.97 67.72 118.95
aeroplane 0.523603 65.63 29.00 77.47 47.32
aeroplane 0.523591 137.37 79.58 177.56 123.75
aeroplane 0.523565 21.35 81.92 39.32 102.61
car 0.523547 10.86 108.25 31.13 130.71
aeroplane 0.523536 111.24 77.64 142.50 137.18
sheep 0.523500 127.46 30.38 137.23 43.82
sheep 0.523480 7.19 85.27 28.74 110.25
sofa 0.523479 75.91 68.22 87.48 85.02
aeroplane 0.523452 183.13 18.61 224.00 138.43
boat 0.523394 4.08 196.86 28.91 216.20
sofa 0.523381 75.67 59.87 87.73 76.34
car 0.523356 158.86 75.53 184.37 105.30
aeroplane 0.523353 148.52 79.88 180.98 118.53
car 0.523305 185.95 57.58 214.65 72.31
car 0.523204 135.84 58.13 145.60 78.89
boat 0.523151 56.67 213.23 96.50 224.00
aeroplane 0.523147 49.99 66.73 66.03 89.18
sheep 0.523142 140.77 28.67 152.12 45.44
aeroplane 0.523135 75.74 51.60 87.65 67.93
boat 0.523093 173.04 0.00 224.00 35.99
car 0.523049 0.00 188.41 13.33 219.82
dog 0.523036 129.02 58.27 138.43 78.11
aeroplane 0.523017 33.42 60.08 51.51 81.89
aeroplane 0.522998 35.82 26.45 49.85 47.39
sheep 0.522983 126.79 24.78 137.50 40.31
aeroplane 0.522941 189.10 0.00 217.79 19.29
aeroplane 0.522931 87.76 186.19 118.51 219.19
aeroplane 0.522923 60.54 58.62 72.76 76.85
car 0.522914 145.40 58.09 158.21 77.77
car 0.522851 156.02 80.41 184.70 114.85
aeroplane 0.522846 41.90 66.67 59.19 90.58
aeroplane 0.522843 89.67 139.29 117.86 200.28
car 0.522813 162.21 68.13 184.41 94.10
boat 0.522792 127.11 157.17 153.68 191.42
aeroplane 0.522787 83.25 124.56 108.11 172.54
bird 0.522737 0.00 25.06 8.66 64.01
aeroplane 0.522699 28.22 60.17 45.58 82.79
boat 0.522654 42.10 213.08 78.59 224.00
car 0.522611 0.00 94.10 93.32 181.03
aeroplane 0.522592 27.79 7.91 41.97 33.72
aeroplane 0.522584 70.43 12.87 84.74 39.45
aeroplane 0.522581 32.49 75.53 52.86 98.86
aeroplane 0.522524 34.59 20.20 49.52 40.93
boat 0.522518 99.30 0.00 171.52 30.99
car 0.522471 0.00 159.84 21.26 186.81
boat 0.522465 55.68 83.46 204.16 173.28
car 0.522450 169.51 69.20 190.64 93.18
aeroplane 0.522391 8.03 0.00 224.00 191.05
car 0.522377 197.07 82.07 217.27 109.90
aeroplane 0.522376 193.57 0.00 224.00 108.88
car 0.522372 163.52 60.30 186.04 82.18
boat 0.522327 155.07 102.13 181.25 141.87
aeroplane 0.522309 82.20 28.77 94.94 46.61
boat 0.522295 210.84 174.63 219.25 201.27
boat 0.522268 0.00 132.93 23.79 166.06
person 0.522241 67.29 98.92 80.70 121.74
boat 0.522235 143.68 153.16 167.38 183.43
boat 0.522233 155.98 154.75 175.06 181.22
aeroplane 0.522204 19.71 110.02 37.66 129.91
sheep 0.522141 139.96 24.46 151.10 41.09
aeroplane 0.522132 70.18 73.69 81.37 92.68
boat 0.522131 51.00 113.93 68.76 138.15
car 0.522111 198.49 94.36 213.97 120.53
sheep 0.522110 5.40 59.06 20.72 83.15
sheep 0.522103 3.07 51.44 19.21 76.77
aeroplane 0.522078 62.07 50.70 72.92 69.05
boat 0.522040 3.57 104.16 27.24 131.80
aeroplane 0.522027 187.24 26.32 224.00 47.73
aeroplane 0.522002 7.06 0.00 86.38 33.31
aeroplane 0.521996 45.43 27.48 60.69 46.35
aeroplane 0.521990 58.64 67.02 72.33 87.04
person 0.521972 91.83 91.83 110.54 132.70
person 0.521941 81.15 104.43 97.91 132.30
aeroplane 0.521914 66.17 34.78 75.70 53.69
aeroplane 0.521912 36.82 103.20 55.60 122.08
aeroplane 0.521908 114.14 79.89 157.55 137.08
dog 0.521900 128.36 52.71 137.65 70.73
aeroplane 0.521898 74.03 134.92 93.64 182.17
aeroplane 0.521831 37.86 110.25 56.78 128.44
aeroplane 0.521821 79.69 191.36 108.01 220.14
aeroplane 0.521787 73.73 13.33 89.08 38.78
aeroplane 0.521778 27.49 93.67 45.26 114.41
car 0.521771 153.77 56.66 180.46 75.77
car 0.521757 0.00 198.88 15.78 224.00
boat 0.521748 195.06 164.08 224.00 224.00
aeroplane 0.521714 199.96 29.05 224.00 57.88
aeroplane 0.521704 10.40 115.67 31.11 137.36
aeroplane 0.521696 158.40 0.00 188.28 19.54
boat 0.521681 134.74 52.40 145.43 72.66
car 0.521637 181.71 79.81 200.98 104.08
aeroplane 0.521600 64.62 41.96 73.86 61.71
sofa 0.521576 76.71 74.27 87.32 91.89
aeroplane 0.521573 65.39 23.59 78.26 42.39
boat 0.521557 3.27 111.74 26.80 139.26
car 0.521545 164.81 82.12 190.26 112.57
aeroplane 0.521535 26.88 110.19 45.07 128.90
boat 0.521533 143.67 52.88 157.42 73.39
aeroplane 0.521508 201.52 37.89 224.00 68.86
aeroplane 0.521506 43.47 21.44 59.90 40.94
aeroplane 0.521462 33.06 67.14 51.53 91.20
aeroplane 0.521453 35.76 95.29 54.49 114.52
boat 0.521430 54.45 98.23 72.70 120.19
boat 0.521424 136.12 133.67 166.39 179.83
car 0.521412 190.64 82.89 209.99 106.42
car 0.521344 0.00 101.11 17.53 137.33
boat 0.521325 181.86 209.37 216.23 224.00
boat 0.521292 150.50 113.23 181.26 159.61
aeroplane 0.521287 26.20 74.98 45.54 98.96
aeroplane 0.521281 27.79 52.89 44.39 75.34
aeroplane 0.521256 20.34 92.53 38.57 113.85
boat 0.521218 75.42 126.64 92.85 172.17
aeroplane 0.521201 55.83 81.03 72.11 102.03
boat 0.521185 151.31 53.03 182.93 73.55
boat 0.521180 0.00 180.02 20.60 206.76
boat 0.521117 198.51 178.46 211.48 198.68
aeroplane 0.521088 27.03 102.10 45.21 122.31
boat 0.521081 47.13 132.42 67.65 170.22
car 0.521062 0.00 156.61 14.41 190.51
aeroplane 0.521051 179.13 24.20 211.55 44.05
aeroplane 0.521043 80.43 185.53 110.01 213.53
aeroplane 0.521035 11.26 99.14 31.83 122.57
aeroplane 0.521024 79.95 143.39 104.94 195.97
aeroplane 0.520993 52.25 51.22 65.83 71.01
aeroplane 0.520990 19.50 101.10 38.21 122.44
aeroplane 0.520939 56.29 28.96 70.32 45.58
sheep 0.520903 119.27 25.28 130.67 38.92
car 0.520902 212.00 90.16 223.16 127.84
aeroplane 0.520888 24.62 19.77 36.03 37.80
car 0.520888 165.12 89.48 189.47 121.45
car 0.520849 5.55 166.14 26.79 185.53
sheep 0.520787 13.28 91.35 32.42 113.60
aeroplane 0.520786 66.56 134.52 82.62 182.69
car 0.520778 136.53 62.61 145.78 84.39
aeroplane 0.520771 27.73 67.04 45.17 91.51
aeroplane 0.520767 32.59 52.73 50.23 74.39
car 0.520718 170.48 60.92 192.17 80.84
boat 0.520708 212.00 130.32 221.35 165.39
aeroplane 0.520706 41.85 138.49 61.44 165.90
aeroplane 0.520701 181.68 0.00 208.79 27.05
boat 0.520694 148.27 135.70 174.17 177.29
aeroplane 0.520694 60.40 0.00 154.46 115.15
car 0.520694 209.99 81.62 224.00 119.80
aeroplane 0.520644 41.90 52.13 58.50 72.70
aeroplane 0.520635 56.50 74.98 72.08 95.43
aeroplane 0.520630 80.97 22.52 95.00 42.19
sheep 0.520578 120.27 31.31 129.74 42.92
boat 0.520577 106.90 165.55 207.38 224.00
boat 0.520500 44.64 115.61 61.79 135.72
boat 0.520481 165.60 154.61 180.16 177.84
sheep 0.520460 0.00 17.13 16.41 40.68
boat 0.520455 97.17 122.83 148.89 182.42
boat 0.520428 66.33 0.00 140.78 28.63
sheep 0.520394 4.19 95.46 28.01 123.84
boat 0.520348 66.32 126.43 82.25 172.96
boat 0.520341 130.16 62.44 139.25 85.04
sheep 0.520307 110.66 24.72 121.92 38.04
car 0.520297 197.58 88.75 216.13 116.62
aeroplane 0.520284 24.98 25.35 36.31 44.81
boat 0.520253 160.12 166.67 174.57 191.07
car 0.520244 169.42 97.02 188.65 128.60
boat 0.520193 155.63 123.73 180.17 165.84
boat 0.520174 54.79 88.75 71.85 110.67
boat 0.520160 84.40 115.92 107.04 164.52
boat 0.520128 188.00 127.85 201.83 156.98
person 0.520103 92.76 84.35 109.39 122.30
car 0.520101 196.04 73.44 217.85 98.13
boat 0.520088 48.14 124.46 68.20 159.74
person 0.520086 69.90 79.07 81.07 99.60
boat 0.520082 1.15 120.30 25.49 151.28
aeroplane 0.520079 54.78 23.47 70.41 40.48
aeroplane 0.520073 103.13 23.18 114.32 37.48
aeroplane 0.520071 27.71 0.00 108.20 104.54
aeroplane 0.520047 45.59 138.27 67.27 177.92
car 0.520036 146.27 62.82 159.05 83.49
boat 0.520003 0.00 130.06 14.87 169.46
aeroplane 0.519987 29.40 33.32 41.87 55.97
boat 0.519961 146.72 74.65 176.99 108.63
boat 0.519958 105.15 138.36 147.87 188.96
boat 0.519957 47.99 0.00 122.98 31.05
boat 0.519954 63.54 0.00 93.45 19.91
aeroplane 0.519936 0.00 127.56 101.03 204.18
aeroplane 0.519928 93.27 29.87 105.18 44.89
boat 0.519928 200.84 140.45 208.46 164.89
car 0.519924 180.95 71.80 200.15 92.97
aeroplane 0.519911 23.41 8.81 35.94 32.06
car 0.519879 159.84 44.17 202.50 68.46
sheep 0.519839 0.00 9.14 16.72 34.68
aeroplane 0.519820 29.59 0.00 106.41 31.52
aeroplane 0.519804 87.55 156.61 116.60 209.26
aeroplane 0.519803 3.35 136.40 29.23 162.33
sheep 0.519774 148.64 25.04 164.50 40.65
sheep 0.519770 7.48 66.45 21.72 91.85
boat 0.519759 199.38 168.06 211.21 191.32
aeroplane 0.519729 0.00 88.95 121.63 180.46
aeroplane 0.519708 22.08 0.00 50.86 21.98
aeroplane 0.519702 82.74 36.45 94.38 52.62
boat 0.519630 150.65 0.00 179.19 18.65
car 0.519626 195.97 56.98 223.35 78.11
person 0.519619 68.45 88.13 80.36 110.97
sheep 0.519567 132.55 17.75 144.84 36.87
boat 0.519564 193.68 121.78 204.04 151.20
aeroplane 0.519543 177.52 13.50 204.51 36.56
boat 0.519541 176.78 161.61 187.58 179.64
sheep 0.519535 7.95 75.17 24.51 100.46
person 0.519531 72.64 99.57 87.48 123.01
aeroplane 0.519530 188.47 49.59 223.20 71.42
aeroplane 0.519519 74.39 187.84 103.23 211.39
sheep 0.519514 0.00 0.00 25.76 24.50
boat 0.519504 149.89 29.42 169.38 48.39
aeroplane 0.519479 91.55 23.01 105.33 39.45
car 0.519431 199.56 101.27 212.15 126.30
dog 0.519411 122.28 52.74 129.43 67.96
boat 0.519395 49.40 118.60 69.09 146.69
boat 0.519364 178.14 121.94 192.30 157.88
aeroplane 0.519354 40.01 144.30 61.09 174.01
boat 0.519340 83.60 113.50 103.40 153.08
boat 0.519333 51.05 127.18 73.08 173.00
boat 0.519332 168.12 167.56 180.12 189.05
sheep 0.519267 15.93 0.00 43.31 22.08
dog 0.519257 123.28 58.59 131.01 76.77
car 0.519252 0.00 176.42 13.35 209.06
aeroplane 0.519239 185.94 13.20 215.64 38.06
boat 0.519238 212.00 165.08 220.08 196.50
car 0.519193 189.23 73.83 209.30 93.96
boat 0.519165 198.41 121.43 208.97 151.85
boat 0.519139 200.73 158.65 210.69 182.46
aeroplane 0.519138 191.59 20.47 224.00 42.84
aeroplane 0.519081 36.72 0.00 67.74 20.58
bird 0.519062 0.00 7.97 45.57 120.97
aeroplane 0.519052 51.40 134.26 73.09 181.40
sheep 0.519030 134.57 35.09 143.79 51.58
aeroplane 0.519026 67.61 186.76 88.97 208.53
aeroplane 0.519022 19.14 117.21 37.25 135.91
boat 0.519011 201.42 148.92 209.48 173.02
boat 0.519004 42.80 129.94 61.52 156.00
bird 0.518996 70.55 0.00 100.70 18.70
boat 0.518994 89.18 107.19 203.69 213.84
sheep 0.518981 0.00 22.14 16.00 48.44
aeroplane 0.518981 67.04 156.65 85.30 197.93
boat 0.518972 3.72 186.06 26.63 205.65
car 0.518946 193.90 96.93 208.76 120.56
boat 0.518943 67.59 115.71 81.68 147.00
sheep 0.518913 111.92 31.45 120.84 42.63
boat 0.518911 148.59 180.88 165.60 206.99
boat 0.518894 173.87 104.99 189.22 137.63
boat 0.518890 0.00 167.69 20.17 195.84
aeroplane 0.518889 28.34 43.04 42.73 67.29
aeroplane 0.518887 72.38 195.02 101.42 220.78
car 0.518886 152.00 68.75 176.40 93.62
aeroplane 0.518886 56.47 34.60 68.47 53.69
aeroplane 0.518868 24.12 60.85 40.70 82.43
boat 0.518855 66.68 118.24 81.44 161.48
aeroplane 0.518853 72.63 159.87 96.08 201.53
aeroplane 0.518852 104.06 30.34 113.64 42.72
aeroplane 0.518846 0.00 75.65 90.15 168.94
person 0.518845 107.02 73.44 120.08 120.81
car 0.518822 179.94 62.64 200.51 79.74
aeroplane 0.518802 32.14 7.28 48.65 35.83
aeroplane 0.518745 168.60 0.00 197.08 27.31
person 0.518739 113.94 72.40 129.46 124.08
sheep 0.518727 141.64 33.81 152.79 54.24
aeroplane 0.518727 46.20 0.00 76.88 19.38
sheep 0.518721 1.24 40.65 17.10 69.02
boat 0.518709 107.26 170.26 147.08 214.01
boat 0.518707 76.45 118.19 90.57 161.80
person 0.518662 76.55 79.47 87.20 99.42
boat 0.518657 124.48 147.38 153.98 185.90
dog 0.518639 128.25 44.30 136.93 60.36
aeroplane 0.518602 78.53 160.05 105.12 204.95
aeroplane 0.518580 34.78 34.14 48.55 57.05
car 0.518570 0.00 164.99 13.25 199.23
aeroplane 0.518555 7.37 124.27 30.42 148.22
aeroplane 0.518554 22.27 74.98 39.79 98.24
boat 0.518551 212.00 136.72 219.05 170.78
aeroplane 0.518528 55.79 0.00 85.60 19.76
boat 0.518523 76.10 116.20 89.09 147.72
aeroplane 0.518508 45.07 34.73 59.41 55.65
car 0.518496 192.60 90.38 210.53 114.98
car 0.518462 144.23 68.65 160.52 93.56
aeroplane 0.518449 79.08 47.28 179.04 155.93
boat 0.518442 194.20 159.60 206.53 180.66
boat 0.518432 133.49 190.03 156.86 220.93
aeroplane 0.518402 33.98 141.80 56.59 163.63
sheep 0.518399 126.94 0.00 154.56 18.41
bird 0.518381 0.00 34.06 57.72 138.56
boat 0.518338 171.54 31.50 216.02 53.83
sheep 0.518314 134.58 43.47 144.81 63.25
sheep 0.518260 15.83 20.08 28.69 36.48
boat 0.518247 195.23 140.94 205.34 164.85
boat 0.518245 0.00 118.06 15.97 156.53
boat 0.518235 136.03 74.55 164.13 112.55
sheep 0.518233 134.55 0.00 161.53 18.36
aeroplane 0.518228 54.22 42.52 66.45 63.25
aeroplane 0.518226 87.52 172.42 119.73 215.34
aeroplane 0.518219 37.79 115.79 57.76 134.33
sheep 0.518212 142.63 0.00 170.03 18.30
boat 0.518186 129.05 176.05 153.87 210.12
boat 0.518175 147.30 193.40 167.36 218.16
boat 0.518156 194.82 150.05 205.89 172.29
boat 0.518144 142.19 166.19 218.55 224.00
aeroplane 0.518133 23.92 53.59 39.62 75.49
sheep 0.518075 125.93 18.09 138.10 36.70
car 0.518055 183.79 87.24 202.33 113.36
boat 0.518032 176.92 113.70 191.30 149.84
boat 0.518025 43.88 121.54 62.07 144.05
boat 0.518005 121.27 71.94 143.55 121.72
boat 0.518005 162.72 139.27 179.54 174.09
aeroplane 0.517952 25.87 116.54 45.07 134.54
boat 0.517944 118.81 129.68 154.86 180.77
sheep 0.517919 109.58 15.71 122.49 32.29
sheep 0.517918 16.12 61.54 33.21 81.18
boat 0.517875 148.69 170.38 165.40 199.97
person 0.517863 79.85 98.28 96.20 125.06
bird 0.517859 0.00 59.31 75.21 154.61
boat 0.517850 142.71 43.90 155.67 66.34
person 0.517838 118.43 71.67 137.17 123.78
car 0.517821 195.33 103.71 206.77 126.35
car 0.517798 193.10 64.17 216.82 83.09
car 0.517795 207.44 73.63 224.00 107.10
boat 0.517762 193.28 169.01 206.70 188.72
car 0.517761 154.29 61.72 177.80 82.60
boat 0.517756 130.86 111.08 216.08 217.81
boat 0.517741 212.00 155.29 219.61 189.72
car 0.517733 0.00 130.05 81.61 209.77
aeroplane 0.517730 32.41 148.45 55.25 171.53
sheep 0.517709 15.50 54.03 32.15 74.26
aeroplane 0.517690 73.59 177.88 101.03 208.84
boat 0.517684 178.82 130.67 190.97 162.23
sheep 0.517669 7.84 0.00 35.22 22.43
aeroplane 0.517649 65.80 195.99 89.21 221.03
car 0.517615 186.94 64.28 208.52 79.96
aeroplane 0.517613 33.00 43.49 48.64 67.33
aeroplane 0.517612 55.98 153.51 74.89 194.03
boat 0.517612 4.80 174.11 25.92 194.74
bird 0.517595 0.00 0.00 49.08 63.07
car 0.517585 134.63 67.69 146.30 95.66
aeroplane 0.517582 82.69 44.21 93.90 60.17
sheep 0.517574 128.79 36.48 136.87 49.76
boat 0.517528 54.06 115.39 75.15 147.10
aeroplane 0.517519 30.87 154.65 53.40 179.38
sofa 0.517518 82.61 60.33 93.66 76.34
sofa 0.517483 82.45 52.16 93.89 68.05
boat 0.517462 192.63 179.98 207.36 196.53
sheep 0.517459 138.95 17.73 151.56 36.71
boat 0.517434 176.91 168.73 187.67 186.87
aeroplane 0.517431 42.95 43.54 58.15 65.46
sheep 0.517399 102.23 13.27 114.70 30.72
person 0.517381 94.62 76.92 108.93 110.12
boat 0.517370 159.75 182.38 173.08 205.23
aeroplane 0.517362 24.04 67.24 40.28 90.72
boat 0.517335 212.00 145.28 218.21 179.95
sofa 0.517329 82.86 68.07 93.41 84.47
aeroplane 0.517324 60.01 196.14 80.19 222.49
boat 0.517297 129.10 66.72 140.01 98.19
dog 0.517274 114.53 52.35 119.41 65.00
sheep 0.517263 14.23 10.48 28.34 30.91
sheep 0.517217 16.07 25.43 29.38 43.85
boat 0.517195 169.17 174.75 180.31 196.25
aeroplane 0.517192 61.62 185.39 78.23 207.51
boat 0.517189 18.24 23.08 224.00 206.73
sheep 0.517184 119.85 0.00 147.55 18.48
boat 0.517173 112.98 183.31 148.92 223.06
aeroplane 0.517160 67.57 174.62 88.42 204.63
boat 0.517149 155.57 44.84 195.78 70.78
boat 0.517130 161.01 173.08 173.75 198.07
boat 0.517126 125.55 73.44 150.40 118.30
sheep 0.517117 0.08 29.79 15.70 58.55
aeroplane 0.517092 94.26 36.90 104.16 50.62
sheep 0.517069 79.36 0.00 109.12 17.41
dog 0.517038 121.75 44.96 128.16 57.74
person 0.517023 74.32 88.90 86.71 111.93
car 0.516984 185.95 94.95 202.12 120.46
dog 0.516922 115.30 58.60 120.99 74.78
aeroplane 0.516912 48.67 154.09 67.59 190.71
sheep 0.516896 118.36 17.79 131.41 34.72
aeroplane 0.516892 10.32 147.44 33.85 168.05
boat 0.516888 188.00 119.29 201.14 150.12
boat 0.516857 176.94 153.69 188.05 173.44
aeroplane 0.516850 27.89 19.25 114.98 142.37
boat 0.516834 192.75 190.36 208.53 203.30
boat 0.516833 0.00 150.56 78.45 224.00
boat 0.516830 168.68 183.74 180.81 203.62
aeroplane 0.516829 195.62 11.76 224.00 39.04
sheep 0.516802 96.23 0.00 125.02 16.50
aeroplane 0.516789 10.39 155.24 33.57 173.58
aeroplane 0.516749 35.57 132.64 57.58 154.36
sheep 0.516742 16.27 76.24 33.84 97.99
sheep 0.516733 23.20 0.00 46.36 28.30
boat 0.516733 156.58 193.08 173.84 216.38
aeroplane 0.516724 64.02 12.48 78.36 37.68
aeroplane 0.516722 101.07 11.31 181.83 113.61
aeroplane 0.516718 25.59 32.78 37.00 54.89
aeroplane 0.516671 40.25 7.91 58.74 36.77
boat 0.516663 141.36 37.99 224.00 163.74
sheep 0.516659 88.46 0.00 117.83 16.70
boat 0.516623 187.87 160.97 199.21 178.11
sofa 0.516575 83.55 73.81 93.65 91.49
aeroplane 0.516566 0.00 0.00 75.89 97.12
aeroplane 0.516526 19.39 145.12 44.83 164.49
aeroplane 0.516515 182.16 31.03 223.70 54.06
aeroplane 0.516508 24.50 43.12 37.92 66.84
boat 0.516506 124.00 63.20 132.81 85.67
aeroplane 0.516493 41.72 158.25 59.68 187.77
sofa 0.516303 106.26 58.32 112.51 74.30
sofa 0.516300 106.02 51.92 111.61 64.75
sheep 0.516273 111.65 0.00 139.80 17.48
aeroplane 0.516270 100.77 196.29 142.00 224.00
aeroplane 0.516263 44.96 31.75 134.28 146.23
aeroplane 0.516233 0.00 41.66 93.79 148.35
sheep 0.516204 146.62 17.17 163.32 35.19
car 0.516201 202.86 64.42 224.00 90.03
person 0.516192 83.20 79.32 94.76 101.26
boat 0.516190 126.33 164.86 152.21 203.73
car 0.516170 187.97 101.37 201.17 125.81
aeroplane 0.516152 65.93 0.00 88.94 30.11
dog 0.516141 121.72 37.69 128.69 48.66
sheep 0.516140 161.36 0.00 188.80 26.96
aeroplane 0.516133 105.50 37.42 112.47 48.38
sheep 0.516130 16.80 68.29 33.12 89.81
dog 0.516098 94.83 71.64 106.16 95.95
boat 0.516095 177.19 177.37 188.67 194.63
aeroplane 0.516037 36.90 122.73 58.09 143.07
boat 0.516000 193.39 199.07 209.89 209.01
boat 0.515962 187.09 169.40 198.93 186.15
boat 0.515920 166.79 193.02 182.29 213.25
aeroplane 0.515866 17.44 152.65 44.39 171.08
boat 0.515821 150.91 35.59 176.41 59.09
tvmonitor 0.515792 113.67 38.27 119.34 48.25
sofa 0.515781 94.17 59.83 103.16 75.42
sofa 0.515769 94.41 52.36 103.41 66.73
aeroplane 0.515740 4.86 0.00 92.03 56.38
sofa 0.515727 114.26 45.16 118.59 55.92
person 0.515714 81.19 88.45 95.38 114.25
sheep 0.515696 15.79 43.42 30.47 66.02
sofa 0.515659 94.33 66.31 103.85 84.38
boat 0.515642 195.40 111.28 205.30 137.76
boat 0.515641 199.27 110.23 210.52 138.66
aeroplane 0.515617 182.06 39.10 222.74 63.54
boat 0.515611 150.62 46.00 182.63 69.92
aeroplane 0.515605 197.98 0.00 224.00 31.23
sofa 0.515598 106.13 44.63 111.54 56.05
sheep 0.515594 129.12 0.00 148.73 27.92
dog 0.515588 106.91 64.10 114.61 85.01
aeroplane 0.515588 90.19 13.09 106.02 33.18
boat 0.515577 10.21 199.18 34.34 214.86
aeroplane 0.515562 59.66 170.94 77.63 201.43
person 0.515562 107.81 69.01 117.72 102.52
sofa 0.515545 94.84 44.53 103.65 58.23
aeroplane 0.515476 9.95 162.15 32.95 178.30
aeroplane 0.515452 164.91 15.60 191.75 35.96
boat 0.515445 212.00 117.39 223.12 159.54
boat 0.515415 131.51 206.22 162.21 224.00
aeroplane 0.515413 54.53 196.68 72.87 222.77
aeroplane 0.515352 11.31 136.82 34.76 158.84
aeroplane 0.515349 52.24 10.48 69.85 36.10
boat 0.515321 160.03 30.20 193.90 53.22
aeroplane 0.515308 15.42 159.70 42.76 177.78
boat 0.515299 186.81 179.35 199.95 194.44
boat 0.515287 141.46 207.43 172.74 224.00
boat 0.515285 177.16 186.95 190.28 201.84
aeroplane 0.515264 20.52 135.07 44.81 155.56
person 0.515250 116.00 68.26 126.21 104.14
sheep 0.515234 159.31 25.09 186.23 42.14
dog 0.515227 116.00 64.33 123.31 85.63
sheep 0.515219 156.55 16.48 179.85 35.10
person 0.515201 124.00 66.79 134.17 101.58
boat 0.515187 188.00 108.76 200.91 136.27
aeroplane 0.515112 78.98 13.74 95.24 37.32
aeroplane 0.515086 15.50 125.55 36.13 145.99
aeroplane 0.515035 88.67 198.62 127.37 224.00
boat 0.515025 188.00 152.09 199.54 171.06
boat 0.514985 179.09 142.01 188.94 168.67
aeroplane 0.514965 81.88 202.28 116.06 224.00
aeroplane 0.514922 73.61 207.09 106.41 224.00
aeroplane 0.514915 32.10 162.43 51.65 185.24
sheep 0.514875 16.45 32.85 29.78 54.31
aeroplane 0.514861 23.11 124.15 44.79 144.04
aeroplane 0.514764 27.94 0.00 53.14 29.97
sheep 0.514727 70.91 0.00 94.30 29.07
aeroplane 0.514697 55.89 185.18 70.57 206.79
boat 0.514668 11.44 208.28 38.53 224.00
boat 0.514639 173.50 25.48 210.38 44.54
aeroplane 0.514411 53.06 169.79 69.54 198.93
sheep 0.514354 136.40 0.00 155.31 27.58
sheep 0.514353 153.80 0.00 178.56 26.64
boat 0.514343 186.98 189.58 201.75 201.72
boat 0.514340 158.57 36.17 198.11 62.89
boat 0.514280 188.00 141.87 200.40 165.19
boat 0.514253 177.25 195.43 191.65 209.07
aeroplane 0.514237 45.96 197.04 63.66 221.03
aeroplane 0.514068 33.80 197.75 53.11 218.91
sheep 0.513907 144.76 0.00 166.03 26.76
boat 0.513898 115.01 201.84 153.69 224.00
boat 0.513847 142.52 19.20 205.31 109.21
boat 0.513810 159.31 206.56 188.17 224.00
aeroplane 0.513739 124.87 18.34 193.55 109.52
sheep 0.513637 122.17 0.00 142.40 28.10
boat 0.513625 9.46 169.38 32.12 184.69
boat 0.513603 172.88 206.22 197.59 224.00
boat 0.513597 212.00 106.04 222.75 147.01
aeroplane 0.513517 45.07 170.96 59.93 195.00
boat 0.513378 16.48 199.53 42.15 215.92
sheep 0.513355 104.81 0.00 126.51 22.94
boat 0.513240 37.28 0.00 126.51 55.52
boat 0.513238 14.92 167.70 40.77 184.44
aeroplane 0.513205 46.98 185.35 60.65 204.00
boat 0.513145 187.56 198.24 203.87 208.13
aeroplane 0.513109 24.03 62.47 129.46 155.97
sheep 0.512943 98.33 0.00 119.81 21.97
sheep 0.512916 113.82 0.00 135.43 26.14
aeroplane 0.512878 58.95 0.00 82.61 29.55
boat 0.512761 79.34 0.00 163.79 54.29
aeroplane 0.512675 34.12 173.17 49.92 192.84
boat 0.512621 142.15 0.00 203.36 64.49
boat 0.512489 127.03 45.14 207.01 147.99
aeroplane 0.512488 157.22 14.26 223.23 111.95
boat 0.512484 123.88 0.00 189.62 61.54
aeroplane 0.512455 34.73 186.47 49.45 202.87
aeroplane 0.512270 65.33 210.75 100.04 224.00
boat 0.511837 8.98 190.01 31.21 205.20
aeroplane 0.511393 106.60 47.93 199.82 151.04
boat 0.511382 8.85 178.19 30.78 194.26
sheep 0.511340 88.95 0.00 112.29 23.98
aeroplane 0.511111 58.80 211.59 91.18 224.00
sheep 0.511105 78.51 0.00 102.26 27.53
boat 0.510796 157.78 0.00 218.53 66.37
boat 0.510769 14.60 177.28 38.74 193.20
boat 0.510644 14.14 189.92 38.41 203.69
aeroplane 0.510210 178.56 0.00 224.00 70.35
boat 0.509556 39.47 211.10 66.21 224.00
