dog 0.634726 12.11 48.72 193.14 224.00
dog 0.603626 28.69 93.68 169.02 223.84
sheep 0.595707 64.29 31.52 205.87 218.42
dog 0.587650 47.31 14.18 215.03 214.78
sheep 0.575029 89.12 98.89 134.41 205.61
cat 0.572628 80.39 33.75 206.22 218.44
dog 0.572557 90.77 104.58 132.07 209.32
sheep 0.568002 134.61 30.15 204.33 111.79
sheep 0.566688 21.22 119.19 86.52 208.25
sheep 0.565655 135.48 67.19 200.66 169.24
sheep 0.557445 18.66 91.01 77.28 155.86
sheep 0.555713 22.74 97.65 70.66 183.00
cat 0.555502 139.59 43.05 224.00 206.21
dog 0.555298 43.91 115.34 98.40 216.31
sheep 0.555028 59.43 107.65 111.70 210.39
sheep 0.554875 139.19 46.19 200.78 129.68
sheep 0.554738 112.09 42.53 216.99 207.08
sheep 0.554428 132.12 108.40 187.91 203.22
dog 0.553961 24.79 117.70 88.83 213.70
dog 0.553504 84.06 31.90 206.09 169.81
sheep 0.549217 130.88 82.47 182.75 184.97
sheep 0.548494 74.88 101.40 124.37 207.70
dog 0.548303 77.58 55.97 176.86 210.43
sheep 0.547906 66.62 85.28 99.41 143.59
dog 0.547271 89.14 125.27 121.21 217.86
sheep 0.547140 123.99 104.16 169.74 201.04
dog 0.546759 74.46 106.94 117.10 211.79
sheep 0.546730 128.02 31.40 177.98 104.91
sheep 0.546136 125.73 36.66 156.43 106.64
sheep 0.545903 109.40 105.80 158.58 201.71
sheep 0.545368 10.45 84.13 129.82 209.29
sheep 0.545041 68.23 98.32 115.56 180.80
sheep 0.544440 148.33 76.83 212.79 174.07
dog 0.543221 62.01 125.84 97.50 218.54
cat 0.542986 206.11 102.39 224.00 182.43
dog 0.542975 29.81 43.58 149.42 203.55
sheep 0.542765 24.01 141.56 80.90 217.71
sheep 0.542525 0.00 118.10 9.06 184.70
sheep 0.542372 98.53 88.37 143.21 195.40
bottle 0.542317 0.00 113.24 8.81 178.00
sheep 0.542026 124.71 80.56 168.47 174.83
dog 0.541650 123.66 35.36 166.48 101.21
sheep 0.541465 74.62 90.47 107.91 157.29
sheep 0.540415 0.87 81.68 80.11 204.74
cat 0.540097 168.67 67.04 224.00 208.24
dog 0.540052 55.44 30.14 158.72 173.57
sheep 0.539905 50.56 81.19 95.54 143.83
sheep 0.539682 111.58 78.87 143.86 170.74
sheep 0.539597 146.14 91.37 202.47 193.52
dog 0.539003 94.35 151.48 126.48 221.04
sheep 0.538520 119.59 46.98 145.96 115.56
dog 0.538453 110.18 40.75 220.52 212.67
sheep 0.538378 168.15 87.45 219.64 182.00
bottle 0.538252 0.00 100.14 8.51 159.69
sheep 0.538229 85.79 88.38 123.09 178.22
dog 0.538074 56.17 118.84 192.10 224.00
sheep 0.536559 107.04 52.12 139.59 118.81
dog 0.536456 48.27 138.03 88.98 219.94
sheep 0.536308 125.63 131.76 174.25 215.02
sheep 0.535936 161.69 103.91 211.26 192.24
sheep 0.535793 91.84 73.87 204.06 213.65
dog 0.535585 77.19 138.44 108.39 219.66
sheep 0.535340 214.84 90.63 224.00 168.53
dog 0.535057 26.02 151.64 78.78 217.81
sheep 0.535018 28.41 167.40 79.20 224.00
sheep 0.534994 37.04 86.73 89.27 139.24
sheep 0.534980 111.68 66.46 135.87 134.61
sheep 0.534563 118.68 65.77 142.42 134.03
dog 0.534552 113.13 159.36 152.41 221.49
sheep 0.534394 182.06 78.32 220.40 168.67
sheep 0.534056 182.16 104.78 220.14 184.12
sheep 0.533552 60.58 101.32 105.30 173.38
sheep 0.533222 93.75 58.88 126.87 118.95
bottle 0.532982 0.00 93.03 9.53 143.50
dog 0.532852 12.00 128.39 128.91 224.00
dog 0.532804 0.04 91.15 78.67 204.02
bird 0.532771 0.00 204.71 18.37 224.00
sheep 0.532518 22.25 84.01 79.79 138.06
sheep 0.532200 78.46 70.09 103.55 106.83
sheep 0.532175 125.37 54.64 149.90 119.38
dog 0.532167 100.37 152.89 137.62 220.59
cat 0.532142 101.82 35.62 213.74 175.01
cat 0.532071 214.16 117.68 224.00 189.24
sheep 0.532024 119.43 73.25 150.72 154.98
sheep 0.531895 98.37 79.83 129.20 168.86
sheep 0.531751 132.24 52.23 171.10 117.96
bottle 0.531749 44.10 67.16 73.24 94.01
sheep 0.531711 218.52 77.56 224.00 145.91
car 0.531582 0.00 0.00 47.89 39.89
sheep 0.531467 0.00 208.76 28.12 224.00
sheep 0.531345 182.47 95.54 224.00 220.43
sheep 0.531297 100.32 68.81 126.27 133.81
sheep 0.531133 13.01 130.52 56.61 199.74
sheep 0.531051 75.87 131.90 196.67 224.00
sheep 0.531019 43.30 69.98 73.93 100.59
sheep 0.530971 192.39 93.79 224.00 187.22
sheep 0.530971 67.38 70.91 98.52 103.15
sheep 0.530917 129.19 63.80 173.07 135.66
sheep 0.530699 74.59 75.89 101.62 120.48
cat 0.530653 14.43 91.26 78.87 142.43
sheep 0.530635 191.96 169.71 224.00 224.00
dog 0.530540 13.01 80.10 131.87 201.61
sheep 0.530391 77.52 64.55 106.74 98.20
sheep 0.530200 88.19 64.28 117.20 115.65
dog 0.530012 67.62 147.70 92.87 220.03
dog 0.530008 91.96 0.00 212.91 94.67
sheep 0.529711 17.22 165.36 72.03 214.42
dog 0.529513 90.15 165.62 119.39 224.00
dog 0.529462 210.61 204.88 224.00 224.00
bottle 0.529156 0.00 14.67 42.68 136.86
sheep 0.529151 201.37 86.15 224.00 173.15
dog 0.529135 56.62 0.00 159.28 31.68
sheep 0.529027 111.61 159.42 157.07 221.37
sheep 0.528983 62.78 75.39 96.86 119.95
sheep 0.528973 14.27 124.70 46.75 189.39
dog 0.528894 89.60 54.25 128.93 112.51
sheep 0.528758 84.32 68.51 109.45 111.64
dog 0.528723 104.33 42.04 149.41 102.85
sheep 0.528615 102.85 119.32 142.00 211.79
sheep 0.528348 0.00 122.67 15.77 190.93
dog 0.528341 70.19 14.50 189.68 135.40
dog 0.528159 206.16 0.00 224.00 18.04
dog 0.528152 0.00 11.26 112.07 184.50
dog 0.528111 24.39 0.00 135.81 165.05
sheep 0.527882 220.00 66.15 224.00 123.37
sheep 0.527831 67.51 66.39 101.83 93.82
bird 0.527816 0.00 0.00 21.99 20.41
dog 0.527716 102.59 0.00 211.14 52.71
dog 0.527693 0.00 145.13 67.65 224.00
sheep 0.527503 40.95 30.34 169.19 173.87
cat 0.527413 133.64 18.79 224.00 138.20
bottle 0.527385 0.00 35.71 52.22 160.52
sheep 0.527318 186.36 66.55 217.18 136.87
sheep 0.527298 28.54 99.52 70.76 153.12
sheep 0.527158 48.33 67.89 77.28 92.24
cat 0.527106 40.04 67.96 70.79 95.46
sheep 0.527018 0.00 140.07 10.44 207.39
cat 0.526973 150.76 0.00 224.00 72.06
sheep 0.526678 52.19 4.19 174.27 132.30
bottle 0.526645 18.24 0.00 86.80 113.85
bottle 0.526434 0.00 105.26 13.18 158.33
sheep 0.526333 44.36 0.00 145.71 29.62
bottle 0.526267 20.09 23.54 91.41 145.04
sheep 0.526262 132.48 81.16 215.04 213.31
sheep 0.526251 16.76 176.41 66.95 223.38
dog 0.526194 109.58 207.37 155.16 224.00
cat 0.526190 81.85 0.00 133.58 15.03
sheep 0.526072 162.33 63.18 211.86 140.19
dog 0.526033 14.38 210.27 60.17 224.00
sheep 0.526015 15.38 100.47 53.92 158.14
sheep 0.525895 53.13 71.64 84.76 99.81
sheep 0.525714 14.12 153.95 58.07 209.24
sheep 0.525648 87.34 73.66 115.10 132.40
dog 0.525590 29.37 209.56 77.77 224.00
sheep 0.525570 106.83 146.48 204.53 224.00
car 0.525453 0.00 0.00 72.55 34.48
bottle 0.525440 0.00 63.46 10.98 101.51
cat 0.525383 91.70 21.96 207.84 127.44
bottle 0.525344 0.72 97.51 17.52 140.93
aeroplane 0.525211 210.91 18.44 224.00 75.35
pottedplant 0.525206 12.09 0.00 89.67 32.84
bottle 0.525163 1.70 68.72 23.69 97.14
pottedplant 0.525057 0.00 58.35 67.51 179.82
sheep 0.525024 41.26 104.93 82.56 170.88
sheep 0.524832 84.85 32.18 115.51 60.43
sheep 0.524817 38.15 73.11 76.20 113.08
bottle 0.524805 1.01 91.03 19.84 129.55
sheep 0.524655 204.93 74.44 224.00 151.35
cat 0.524627 220.00 127.84 224.00 199.31
sheep 0.524551 197.55 208.60 224.00 224.00
dog 0.524391 80.56 162.99 109.66 224.00
sheep 0.524321 8.19 124.19 28.29 183.34
cat 0.524268 97.32 0.00 147.47 14.55
pottedplant 0.524263 32.58 0.00 127.05 28.92
dog 0.524138 210.32 24.57 224.00 80.47
sheep 0.524123 19.33 49.68 109.43 169.00
dog 0.524035 153.67 0.00 188.97 15.06
dog 0.524030 53.54 160.74 86.94 222.24
dog 0.523959 132.21 209.21 175.75 224.00
sheep 0.523942 123.14 29.65 165.51 83.25
dog 0.523914 92.59 207.47 140.12 224.00
sheep 0.523816 220.00 49.69 224.00 101.92
cat 0.523805 125.28 0.00 168.97 14.51
sheep 0.523794 120.75 166.85 171.41 224.00
dog 0.523716 52.04 209.48 94.50 224.00
cat 0.523660 20.52 81.08 78.34 130.60
cat 0.523641 64.06 0.00 111.44 14.70
sheep 0.523608 150.71 162.16 224.00 224.00
dog 0.523589 214.52 11.88 224.00 68.49
sheep 0.523537 8.49 128.62 37.70 197.67
bottle 0.523483 0.00 80.42 10.83 121.52
sheep 0.523467 189.51 134.44 224.00 224.00
sheep 0.523404 45.60 99.93 80.89 147.19
dog 0.523386 63.25 209.76 103.95 224.00
sheep 0.523377 0.00 182.40 10.98 224.00
sheep 0.523313 48.21 73.72 87.38 116.66
sheep 0.523237 31.81 23.52 116.22 152.06
dog 0.523201 151.97 211.06 187.68 224.00
sheep 0.523193 186.76 211.26 218.31 224.00
sheep 0.523108 65.07 0.00 187.93 66.37
bottle 0.523101 160.98 211.14 194.74 224.00
sheep 0.523094 14.65 108.40 43.70 169.60
dog 0.523089 219.66 5.34 224.00 55.63
dog 0.523015 170.44 0.00 202.68 14.71
dog 0.523004 131.74 0.00 174.50 15.09
dog 0.522861 110.11 188.19 152.07 224.00
dog 0.522708 27.24 190.00 75.40 224.00
sheep 0.522668 177.67 211.73 210.97 224.00
dog 0.522604 77.81 208.95 124.58 224.00
sheep 0.522530 213.04 31.22 224.00 86.08
dog 0.522498 139.00 0.00 224.00 93.46
sheep 0.522326 217.33 40.30 224.00 92.79
sheep 0.522322 81.12 55.40 114.11 94.05
dog 0.522196 133.20 14.40 205.34 75.44
dog 0.522079 179.15 0.00 209.67 14.80
dog 0.522068 91.15 39.19 120.63 65.28
sheep 0.522049 146.25 25.42 209.45 88.01
dog 0.521985 219.45 0.00 224.00 39.13
cat 0.521953 33.84 73.57 76.10 114.22
sheep 0.521896 30.68 0.00 110.14 114.17
bottle 0.521894 48.33 40.69 71.43 63.83
bottle 0.521888 11.44 68.87 38.46 94.75
sheep 0.521844 220.00 142.94 224.00 208.70
pottedplant 0.521835 0.00 0.00 47.55 67.39
bottle 0.521751 7.75 105.43 28.89 152.01
dog 0.521746 188.42 0.00 217.02 14.29
bottle 0.521606 8.91 97.40 40.17 137.71
bottle 0.521480 10.65 45.62 94.97 169.32
sheep 0.521400 81.51 20.60 118.86 54.66
sheep 0.521341 157.50 45.43 206.64 109.88
bottle 0.521315 2.64 77.22 21.93 107.19
sheep 0.521303 84.29 46.34 113.72 79.16
dog 0.521212 88.09 190.30 125.98 224.00
sheep 0.521190 81.14 38.87 110.39 64.50
dog 0.521187 84.83 52.68 119.47 96.81
sheep 0.521101 10.22 180.81 50.96 223.78
sheep 0.521043 220.00 185.55 224.00 224.00
bottle 0.520949 26.02 68.58 57.21 98.58
sheep 0.520946 124.05 16.81 164.68 65.88
sheep 0.520905 74.46 0.00 136.51 16.51
bottle 0.520654 2.30 85.01 21.06 117.90
bird 0.520625 0.00 0.00 36.33 16.89
bottle 0.520620 49.08 33.88 72.11 56.90
cat 0.520581 51.75 0.00 93.12 15.24
dog 0.520559 196.90 0.00 223.94 14.75
bottle 0.520558 55.09 33.70 77.59 57.00
dog 0.520527 220.00 173.45 224.00 222.04
cat 0.520388 15.15 0.00 56.08 15.74
sheep 0.520284 0.00 136.59 18.48 206.48
sheep 0.520249 216.21 197.67 224.00 224.00
dog 0.520184 133.47 168.64 177.12 224.00
bottle 0.520175 54.57 40.64 77.32 63.71
sheep 0.520147 136.66 147.08 179.84 215.54
sheep 0.520133 180.76 49.92 213.93 109.09
bottle 0.520122 1.62 62.63 25.12 90.36
bottle 0.520076 71.86 32.64 100.50 57.01
sheep 0.520070 124.43 13.92 196.82 75.30
bottle 0.519962 9.65 90.26 40.87 126.80
sheep 0.519900 124.87 0.00 169.84 27.42
sheep 0.519802 0.00 184.93 21.06 224.00
bottle 0.519741 47.22 52.51 72.17 79.28
cat 0.519647 26.58 73.88 62.42 105.91
dog 0.519637 211.85 0.00 224.00 25.17
dog 0.519597 89.08 44.65 119.68 79.41
cat 0.519536 14.40 88.04 65.83 128.33
bottle 0.519248 60.88 33.46 83.65 56.52
sheep 0.519176 161.92 17.51 216.30 77.84
dog 0.519150 106.79 37.62 146.87 75.86
dog 0.519134 96.05 38.58 129.20 68.12
sheep 0.518982 206.04 63.82 224.00 123.30
dog 0.518855 13.30 194.60 60.60 224.00
sheep 0.518774 113.48 0.00 167.14 16.60
bottle 0.518749 12.04 76.04 38.13 103.10
sheep 0.518711 184.92 132.61 216.49 202.32
sheep 0.518610 3.01 183.85 39.46 224.00
sheep 0.518579 92.47 31.83 127.95 62.17
bottle 0.518482 72.82 39.23 101.27 63.41
cat 0.518350 31.94 0.00 74.21 15.84
bottle 0.518298 24.02 41.96 47.81 63.47
sheep 0.518278 5.45 169.47 44.62 214.13
bottle 0.518231 23.25 36.14 48.07 56.27
sheep 0.518134 76.23 0.00 130.57 27.93
sheep 0.518109 37.08 0.00 157.52 56.73
dog 0.518083 157.06 0.00 196.40 34.53
sheep 0.518081 156.58 122.89 197.92 202.02
sheep 0.518074 66.88 59.54 103.11 87.79
cat 0.518061 23.07 79.24 68.32 118.38
bottle 0.517978 20.61 74.93 56.04 103.62
sheep 0.517939 7.57 109.33 24.91 157.70
bottle 0.517913 69.21 23.58 101.98 50.44
sheep 0.517759 144.87 137.18 186.29 210.40
bottle 0.517756 0.00 31.59 8.96 65.90
bottle 0.517700 0.00 48.89 9.12 86.25
pottedplant 0.517595 13.45 0.00 92.08 65.64
sheep 0.517582 172.38 40.27 212.20 99.00
bottle 0.517561 0.00 39.94 8.68 75.70
bottle 0.517418 60.51 40.34 83.20 63.10
sheep 0.517390 126.27 4.70 171.91 45.21
dog 0.517389 148.47 174.48 182.14 223.23
bottle 0.517382 0.00 37.06 26.84 60.10
sheep 0.517363 189.23 156.01 216.43 210.62
dog 0.517339 93.12 42.82 130.58 82.39
bottle 0.517271 38.93 41.33 63.59 61.48
sheep 0.517221 77.77 4.90 123.74 44.36
bottle 0.517202 11.09 83.47 38.69 114.41
bottle 0.517200 11.27 0.00 54.68 17.91
bottle 0.517154 30.96 42.20 55.13 61.24
sheep 0.517147 168.58 136.78 206.03 206.59
dog 0.517095 149.45 7.83 201.23 54.95
sheep 0.517025 201.32 119.61 224.00 196.18
bottle 0.516984 30.20 36.39 55.14 54.50
bottle 0.516871 46.59 63.75 76.58 87.86
bottle 0.516836 54.43 25.86 78.40 50.81
sheep 0.516818 194.61 192.37 217.82 224.00
bottle 0.516752 38.78 35.52 64.96 54.74
bottle 0.516725 59.96 25.21 85.27 50.42
bottle 0.516721 0.04 44.58 24.88 69.55
sheep 0.516661 140.41 119.95 216.16 224.00
sheep 0.516617 5.96 198.45 46.10 224.00
dog 0.516611 124.70 189.38 172.38 224.00
dog 0.516606 65.33 187.55 97.38 224.00
sheep 0.516549 192.29 177.53 216.08 215.29
bottle 0.516463 24.43 51.85 49.81 78.99
sheep 0.516371 114.96 18.24 155.29 61.54
dog 0.516368 160.42 181.88 187.91 221.47
bottle 0.516362 24.78 62.50 53.96 92.20
dog 0.516343 133.35 0.00 185.64 29.39
dog 0.516332 155.00 13.87 212.22 71.50
sheep 0.516326 103.87 31.89 141.37 67.05
bottle 0.516205 1.09 54.26 23.95 82.87
bird 0.515963 0.00 21.50 8.57 57.20
bottle 0.515924 19.03 63.23 47.01 90.86
sheep 0.515861 155.48 167.85 184.66 213.91
bottle 0.515830 39.75 52.30 65.78 77.52
sheep 0.515810 171.61 157.90 204.43 212.32
dog 0.515745 74.37 188.57 111.47 224.00
sheep 0.515659 0.00 201.65 36.02 224.00
bottle 0.515614 32.30 63.73 63.01 90.88
bottle 0.515367 21.53 26.43 49.93 50.28
bird 0.515358 0.00 0.00 13.10 33.37
bottle 0.515357 31.61 52.58 57.46 77.21
dog 0.515220 51.32 186.45 88.65 224.00
sheep 0.515063 52.25 62.66 82.55 86.19
bird 0.514973 0.00 9.58 9.46 45.44
dog 0.514925 179.30 191.68 207.01 224.00
aeroplane 0.514724 189.99 0.00 212.69 33.99
dog 0.514698 175.43 0.00 206.10 34.14
dog 0.514595 175.54 176.27 204.05 214.50
sheep 0.514555 70.42 48.95 102.35 77.14
sheep 0.514329 207.40 136.40 224.00 205.92
bottle 0.514249 60.44 14.29 90.69 40.27
dog 0.514170 129.46 4.37 190.80 48.58
bottle 0.514128 0.00 25.48 28.96 51.80
cat 0.513979 66.75 11.61 106.48 39.59
sheep 0.513945 160.55 158.47 193.28 213.26
bottle 0.513908 55.59 15.41 83.26 41.73
sheep 0.513831 104.86 0.00 157.19 24.63
sheep 0.513750 209.77 187.79 224.00 224.00
dog 0.513727 168.33 187.55 195.08 221.64
sheep 0.513643 96.76 18.65 136.90 58.91
sheep 0.513617 195.85 45.08 222.71 99.47
bottle 0.513557 56.00 51.53 81.97 76.92
dog 0.513469 166.95 8.51 209.16 55.88
bottle 0.513406 51.68 0.00 95.99 17.42
sheep 0.513404 183.10 11.32 221.17 71.33
dog 0.513380 182.34 8.97 213.90 55.73
bottle 0.513368 35.89 27.63 66.80 49.78
cat 0.513333 64.58 0.00 112.92 24.07
sheep 0.513300 180.52 26.23 220.85 85.54
bottle 0.513266 18.10 12.61 49.44 39.36
sheep 0.512905 203.76 201.30 224.00 224.00
sheep 0.512819 210.83 157.03 224.00 213.49
sheep 0.512557 201.13 0.00 220.26 34.92
sheep 0.512366 109.65 3.10 155.63 43.51
bottle 0.512280 12.51 36.86 40.01 54.76
bottle 0.512234 56.11 0.00 90.57 26.87
sheep 0.511932 198.83 0.00 220.34 19.44
dog 0.511897 149.86 197.06 184.85 224.00
dog 0.511890 193.88 6.20 219.92 55.92
bottle 0.511772 13.74 43.24 37.54 63.36
bottle 0.511683 13.11 53.36 36.96 79.55
dog 0.511418 160.88 200.68 191.24 224.00
sheep 0.511388 89.78 2.42 137.54 45.57
bottle 0.511024 0.00 10.90 33.07 37.85
bird 0.511019 7.10 0.00 49.91 15.96
dog 0.510950 178.56 206.87 209.35 224.00
bottle 0.510771 27.53 0.00 75.68 17.70
dog 0.510618 169.41 203.51 198.81 224.00
bottle 0.510360 32.56 16.01 68.93 40.78
bottle 0.510024 12.37 25.90 43.08 48.04
