bus 0.687224 1.97 34.34 192.85 194.12
bus 0.632675 17.35 33.65 163.55 157.20
bus 0.594637 61.70 58.33 184.06 186.39
person 0.581311 19.60 48.09 126.78 110.68
bus 0.575373 17.66 46.27 123.50 112.64
person 0.567197 53.31 41.36 137.99 125.19
train 0.564484 31.63 45.95 115.73 104.29
person 0.563557 74.25 92.87 125.12 176.59
dog 0.558987 113.75 106.14 171.11 175.63
person 0.558969 66.22 56.58 126.34 137.92
dog 0.558106 49.19 90.06 99.19 169.26
train 0.557045 11.50 45.56 154.22 184.09
dog 0.556733 42.28 70.92 106.40 155.22
person 0.556032 81.78 29.15 134.84 108.43
bus 0.554768 21.96 32.56 106.77 103.20
person 0.551479 76.40 71.27 122.58 148.36
dog 0.550715 29.99 56.38 116.46 133.03
bus 0.548325 33.48 31.26 97.74 82.77
train 0.547377 35.88 35.20 106.14 93.01
dog 0.546522 124.55 65.97 164.63 140.26
person 0.546181 97.15 28.66 129.71 78.91
dog 0.544129 96.31 29.02 128.19 79.34
car 0.542076 0.00 187.94 57.50 224.00
train 0.540385 41.98 28.91 97.03 77.57
train 0.540118 10.50 157.77 45.55 192.59
dog 0.539683 39.08 52.28 110.62 112.09
person 0.539049 124.95 212.62 157.66 224.00
car 0.538102 7.53 204.25 41.27 224.00
bus 0.537928 27.87 1.05 219.83 177.08
dog 0.537668 124.36 88.37 164.62 163.62
car 0.537392 213.75 81.24 223.73 105.95
car 0.537024 74.61 156.09 131.12 198.66
car 0.536945 194.91 16.15 224.00 146.10
dog 0.536623 98.62 55.91 161.03 135.53
boat 0.536480 76.01 112.87 130.43 188.37
car 0.535975 17.37 191.15 117.31 224.00
dog 0.535665 69.18 39.15 143.77 124.66
person 0.535359 139.09 213.17 171.90 224.00
bus 0.535235 17.13 10.96 168.45 117.07
dog 0.535129 94.13 102.65 159.19 171.57
boat 0.534844 70.44 159.74 129.07 203.27
train 0.534804 0.00 59.11 61.42 181.88
boat 0.534685 61.71 186.52 121.42 213.51
car 0.534661 198.46 84.83 210.38 103.62
car 0.534566 214.67 86.60 224.00 111.55
dog 0.534417 45.43 103.68 86.74 174.42
dog 0.534363 83.28 56.61 143.51 135.63
person 0.534181 147.89 213.78 179.16 224.00
car 0.534178 201.22 52.10 224.00 169.68
car 0.533963 0.00 0.00 48.95 58.71
dog 0.533836 57.99 89.14 120.18 161.66
bus 0.533828 55.00 29.31 122.26 98.86
dog 0.533767 77.03 25.50 134.17 93.41
dog 0.533620 36.00 93.51 76.68 168.19
bus 0.533110 0.00 154.87 18.66 199.81
train 0.533106 93.83 27.09 125.88 77.29
chair 0.532970 156.68 214.14 186.41 224.00
dog 0.532923 27.84 81.68 63.14 159.21
car 0.532799 8.82 189.34 34.31 218.59
car 0.532774 215.31 41.24 224.00 67.81
dog 0.532620 35.05 78.28 85.99 158.98
chair 0.532614 164.20 214.86 193.33 224.00
person 0.532608 59.99 200.17 120.01 224.00
car 0.532544 145.57 23.13 163.75 52.70
car 0.532474 205.62 85.20 224.00 193.39
dog 0.532414 210.29 207.87 224.00 224.00
car 0.532354 198.84 44.71 210.28 60.56
car 0.532255 0.00 35.58 6.77 87.92
car 0.532134 139.78 16.46 157.26 47.96
dog 0.532048 25.66 97.29 54.48 170.07
dog 0.531887 110.30 41.78 160.54 116.64
bus 0.531820 94.66 27.33 128.88 85.88
car 0.531798 219.25 125.33 224.00 151.54
car 0.531561 213.88 76.33 222.60 100.55
bus 0.531520 61.83 24.86 112.66 76.27
person 0.531364 89.97 64.28 141.59 138.15
person 0.531264 106.73 211.70 146.86 224.00
car 0.531254 34.35 179.17 144.82 224.00
bus 0.531098 37.93 97.65 181.82 188.85
train 0.531045 64.44 23.64 112.09 73.05
car 0.531014 59.89 190.99 115.84 213.85
boat 0.530973 57.54 194.61 119.98 224.00
dog 0.530959 171.03 215.46 200.94 224.00
car 0.530906 151.64 32.84 170.83 58.67
car 0.530840 198.60 40.75 209.89 56.79
car 0.530682 198.46 90.17 210.06 107.45
car 0.530382 54.30 201.42 117.43 224.00
car 0.530371 182.44 0.00 224.00 123.53
car 0.530157 178.29 0.00 224.00 71.62
car 0.530149 77.88 181.80 191.46 224.00
car 0.530142 219.03 111.58 224.00 138.23
car 0.530068 18.13 206.75 61.13 224.00
bus 0.530056 0.00 42.58 56.38 148.49
dog 0.529802 19.74 105.63 46.60 176.12
car 0.529705 0.00 198.06 26.94 224.00
car 0.529607 215.30 49.37 224.00 74.75
car 0.529598 143.24 123.00 174.01 158.98
dog 0.529514 38.08 64.45 93.58 136.65
dog 0.529462 140.56 24.32 158.77 62.32
dog 0.529409 178.76 215.55 209.26 224.00
person 0.529348 197.07 182.66 224.00 224.00
car 0.529315 206.64 116.34 224.00 218.80
bus 0.529217 85.05 17.42 182.35 160.47
dog 0.529201 0.00 119.81 10.61 175.62
car 0.529190 144.63 11.55 161.90 38.24
person 0.529164 164.75 128.72 180.04 153.82
car 0.529040 113.09 111.69 165.01 173.99
car 0.529010 215.82 58.47 224.00 83.72
bus 0.528934 36.41 174.36 154.11 224.00
car 0.528926 215.23 68.50 222.80 93.55
car 0.528787 207.56 0.00 224.00 15.67
sheep 0.528492 187.95 214.81 216.86 224.00
car 0.528271 138.01 10.00 155.94 41.32
dog 0.528251 31.11 69.46 69.75 138.93
car 0.528223 216.49 93.54 224.00 119.46
car 0.528154 151.19 26.63 170.73 52.13
dog 0.528099 144.89 32.43 163.70 69.05
dog 0.528091 125.35 37.47 159.33 98.32
car 0.528043 160.16 35.21 177.95 57.72
train 0.527995 34.44 44.91 83.75 93.68
car 0.527951 193.25 84.76 206.66 105.15
dog 0.527883 144.62 84.64 172.38 118.76
bus 0.527811 6.79 157.68 47.87 195.49
dog 0.527792 132.17 32.07 159.15 84.77
dog 0.527765 59.83 114.42 100.14 178.35
car 0.527625 218.34 102.93 224.00 128.92
car 0.527499 64.61 184.86 126.50 211.00
car 0.527419 0.00 188.14 19.95 222.41
sheep 0.527369 198.28 212.15 224.00 224.00
boat 0.527346 78.53 142.86 136.81 198.43
person 0.527337 85.51 208.62 133.88 224.00
dog 0.527282 94.31 24.04 138.55 70.08
dog 0.527034 110.91 29.94 154.00 88.17
car 0.526920 173.51 38.72 190.08 55.77
boat 0.526794 0.00 0.00 16.40 27.32
train 0.526780 39.57 54.64 99.80 112.28
dog 0.526709 161.75 89.46 180.03 113.26
dog 0.526639 17.47 120.68 42.03 183.19
train 0.526561 0.00 149.96 17.56 198.60
dog 0.526555 160.24 83.56 179.35 107.62
car 0.526497 193.30 90.23 205.94 109.02
bus 0.526480 100.50 54.59 194.59 178.86
car 0.526370 162.54 40.60 178.68 62.92
car 0.526345 151.00 21.07 169.21 44.71
car 0.526127 206.65 82.87 215.16 103.32
bus 0.525998 0.00 169.49 62.11 224.00
bus 0.525944 0.00 0.00 46.58 75.36
car 0.525909 192.64 41.23 204.20 55.67
car 0.525713 0.00 167.83 39.75 224.00
car 0.525637 131.20 153.57 151.34 184.56
chair 0.525305 220.00 135.46 224.00 166.39
car 0.525287 126.09 134.32 156.14 180.26
dog 0.525182 124.85 17.04 150.43 53.08
dog 0.525174 27.95 73.55 57.25 139.57
car 0.524945 193.73 45.29 204.57 59.06
bus 0.524839 32.46 0.00 141.29 87.77
car 0.524829 39.93 205.94 83.55 224.00
person 0.524827 163.47 122.49 179.57 148.56
dog 0.524822 116.55 23.13 151.01 64.91
car 0.524813 106.94 186.37 214.18 224.00
car 0.524618 138.38 12.44 223.61 155.06
car 0.524447 163.23 95.11 180.00 119.70
car 0.524416 7.50 159.49 46.59 195.68
dog 0.524404 220.00 161.84 224.00 199.28
person 0.524270 146.66 117.04 174.36 153.90
car 0.524071 204.85 44.10 215.58 63.13
car 0.523969 133.28 165.24 150.06 191.53
train 0.523847 0.00 37.93 15.16 82.31
car 0.523790 174.00 85.43 191.64 105.06
aeroplane 0.523788 53.01 0.00 89.21 18.64
person 0.523768 141.19 127.23 172.72 163.08
bus 0.523655 2.36 0.00 85.23 64.20
person 0.523647 174.08 130.84 185.66 150.61
car 0.523569 7.76 172.22 40.06 211.12
dog 0.523549 0.00 45.17 6.48 101.21
train 0.523515 34.18 59.75 77.95 116.64
dog 0.523491 146.05 96.34 172.77 135.92
dog 0.523391 42.38 121.37 79.91 181.78
dog 0.523385 0.00 65.83 6.11 118.81
car 0.523308 175.99 42.85 190.38 59.75
car 0.523299 199.12 51.28 210.13 67.64
person 0.523290 166.61 133.36 179.27 157.74
dog 0.523275 0.00 139.50 15.28 193.99
car 0.523236 217.58 28.75 224.00 56.03
dog 0.523138 141.22 36.65 163.90 78.36
dog 0.523079 127.47 62.13 164.51 114.46
dog 0.522945 154.75 186.00 224.00 224.00
dog 0.522944 220.00 143.07 224.00 178.91
car 0.522933 175.22 90.99 191.21 109.96
train 0.522908 53.36 22.52 100.47 69.41
car 0.522907 129.00 51.75 219.33 175.74
car 0.522901 204.67 39.88 214.87 58.71
bus 0.522893 0.00 176.17 21.27 216.90
dog 0.522890 29.86 107.71 69.76 178.22
sheep 0.522845 94.50 86.66 148.11 161.25
boat 0.522843 133.19 185.65 148.02 206.03
car 0.522762 103.66 0.38 199.38 145.92
car 0.522711 163.73 103.08 179.30 129.70
car 0.522678 206.70 88.15 214.81 107.21
aeroplane 0.522608 68.13 0.00 103.95 16.80
dog 0.522468 97.46 23.50 124.49 67.86
train 0.522408 2.71 165.31 77.87 224.00
car 0.522404 191.54 0.00 217.01 15.56
car 0.522322 85.53 0.00 118.28 17.76
car 0.522311 184.49 42.05 199.03 53.79
bus 0.522293 127.50 66.07 221.43 183.80
car 0.522292 158.29 28.93 177.24 51.29
car 0.522286 150.31 12.82 167.64 35.86
car 0.522282 199.50 113.48 208.34 130.55
bus 0.522268 58.14 50.84 224.00 224.00
car 0.522254 198.56 96.94 209.01 113.40
dog 0.522078 151.72 42.96 169.82 72.09
train 0.521977 31.74 44.53 70.16 86.54
car 0.521949 76.11 0.00 110.82 16.63
car 0.521940 93.88 0.00 125.06 19.40
boat 0.521873 0.00 10.35 6.38 54.88
person 0.521806 136.56 167.64 154.59 191.96
dog 0.521799 130.20 51.89 163.20 103.05
car 0.521749 186.25 90.39 200.44 109.25
car 0.521744 120.82 155.19 146.85 185.34
car 0.521717 200.53 121.71 208.39 137.93
dog 0.521713 147.17 106.81 173.18 147.98
car 0.521598 0.00 24.58 5.78 75.74
boat 0.521594 0.00 0.55 7.52 47.95
car 0.521561 163.51 113.62 178.69 142.09
sheep 0.521534 136.79 187.16 153.25 206.15
car 0.521529 185.90 85.56 202.03 104.92
train 0.521499 13.07 139.29 43.61 194.76
car 0.521473 100.02 0.00 191.98 66.66
dog 0.521401 135.11 42.76 163.60 89.83
car 0.521344 171.76 32.56 188.96 49.84
train 0.521257 52.83 14.27 90.77 52.15
boat 0.521217 133.84 175.67 149.02 198.81
dog 0.521184 0.00 103.04 7.57 156.21
boat 0.521131 53.06 139.68 85.38 183.81
boat 0.521129 0.00 0.00 26.28 24.58
dog 0.521129 4.70 123.68 26.29 175.69
person 0.521060 173.89 122.96 186.32 144.14
dog 0.521027 112.06 19.07 141.30 59.56
car 0.521026 79.59 0.00 183.48 124.52
bus 0.521023 25.64 135.53 165.18 223.25
boat 0.521014 84.61 155.87 136.82 190.50
car 0.520902 40.85 157.49 73.57 193.26
aeroplane 0.520844 37.95 0.00 72.75 18.69
dog 0.520843 160.64 75.67 179.49 100.84
car 0.520820 52.82 192.95 96.70 217.10
car 0.520796 199.16 59.64 210.19 79.55
car 0.520737 219.81 18.45 224.00 43.88
bus 0.520709 60.14 0.00 180.28 75.87
person 0.520685 137.41 177.75 154.07 198.86
car 0.520656 56.48 156.71 87.11 191.78
dog 0.520653 23.87 85.56 46.35 151.86
person 0.520640 131.94 197.75 149.94 220.16
car 0.520633 144.82 0.00 220.87 69.11
car 0.520625 218.31 6.31 224.00 28.61
dog 0.520620 147.94 71.75 169.84 104.10
car 0.520545 13.37 158.29 61.61 194.06
car 0.520513 194.96 96.60 205.13 114.73
person 0.520505 204.91 164.55 224.00 224.00
boat 0.520408 121.54 162.61 145.08 191.86
dog 0.520355 0.00 80.74 5.95 133.84
boat 0.520263 0.00 0.00 11.41 38.19
boat 0.520263 8.58 0.00 35.81 21.88
dog 0.520245 150.85 49.76 169.66 82.08
dog 0.520207 12.26 136.42 45.50 194.11
person 0.520187 195.54 112.57 204.15 131.52
dog 0.520187 163.50 44.91 178.49 69.01
car 0.520183 133.42 0.00 162.53 22.33
car 0.520113 202.06 128.64 208.48 143.51
car 0.520108 207.16 78.50 214.76 99.13
sheep 0.520092 215.80 202.34 224.00 224.00
train 0.520022 0.00 130.13 42.27 222.91
car 0.519993 198.97 105.08 208.42 121.38
boat 0.519980 28.32 0.00 60.61 17.29
car 0.519973 102.48 0.00 132.60 21.28
bus 0.519947 50.57 152.60 183.15 224.00
bus 0.519902 22.03 0.00 114.28 74.52
boat 0.519878 68.88 175.23 134.77 213.67
car 0.519768 142.40 0.00 171.67 19.56
dog 0.519762 149.79 60.91 168.98 93.98
person 0.519713 175.42 136.22 184.23 155.22
car 0.519693 176.58 96.15 190.22 115.78
dog 0.519672 220.00 178.58 224.00 210.58
car 0.519620 198.62 72.02 210.00 93.14
car 0.519584 43.11 192.36 78.89 217.05
car 0.519565 139.64 157.29 162.08 183.36
car 0.519493 183.91 0.00 211.55 16.54
car 0.519448 118.39 0.00 147.59 23.19
boat 0.519439 155.18 161.66 169.07 180.27
car 0.519401 186.50 45.81 199.26 56.93
dog 0.519376 161.66 64.26 178.81 91.50
bottle 0.519262 158.08 171.80 168.63 187.66
car 0.519207 175.39 113.62 187.32 136.13
person 0.519149 144.87 169.07 161.23 190.70
sheep 0.519138 220.00 190.37 224.00 220.55
car 0.519124 157.54 22.83 175.23 43.86
train 0.519093 17.73 41.50 32.75 77.27
boat 0.519010 21.55 0.00 51.08 17.39
car 0.518997 195.62 104.17 204.83 122.60
car 0.518988 166.95 0.00 194.85 15.84
person 0.518936 196.00 121.29 204.36 138.53
car 0.518893 206.30 51.15 215.44 69.76
car 0.518877 175.40 0.00 204.31 15.92
dog 0.518851 162.92 52.14 178.60 78.49
car 0.518804 176.46 103.84 188.89 124.88
boat 0.518763 15.56 0.00 43.42 19.33
dog 0.518723 39.77 142.82 73.80 187.61
boat 0.518679 64.38 138.29 99.90 183.45
car 0.518600 141.83 0.00 165.38 28.26
car 0.518531 197.74 35.62 209.43 53.66
car 0.518530 170.83 24.00 185.25 41.79
car 0.518521 16.76 191.85 52.28 218.48
dog 0.518509 105.97 21.66 134.48 64.76
dog 0.518506 6.72 133.28 31.56 185.49
car 0.518461 159.76 0.00 187.65 15.87
car 0.518432 66.44 156.98 101.77 192.62
boat 0.518428 117.48 138.42 151.51 180.99
train 0.518415 8.93 111.25 84.23 210.19
car 0.518404 130.16 138.30 163.86 176.94
car 0.518359 0.00 34.87 16.55 77.83
car 0.518343 151.78 0.00 179.92 17.05
dog 0.518306 174.54 78.68 193.32 99.31
bus 0.518274 7.29 175.61 41.22 211.40
car 0.518246 58.26 169.36 92.21 202.45
car 0.518156 132.93 0.00 158.06 33.81
car 0.518087 44.21 167.20 78.41 201.02
person 0.518065 187.04 121.83 196.62 139.92
person 0.517990 187.20 130.00 195.40 146.21
boat 0.517675 1.74 15.81 20.68 48.25
bus 0.517640 14.05 153.63 135.67 224.00
dog 0.517617 187.64 112.26 197.54 132.36
car 0.517579 135.05 0.00 218.42 100.77
car 0.517551 208.20 59.37 215.44 80.00
car 0.517524 149.56 146.76 169.48 173.60
car 0.517501 188.00 95.72 199.45 114.69
boat 0.517438 0.00 5.88 20.88 43.14
train 0.517362 0.00 98.36 52.10 202.63
car 0.517311 177.67 46.12 190.02 65.29
bottle 0.517253 166.88 175.03 175.03 186.50
dog 0.517158 196.00 128.72 204.41 143.82
dog 0.517112 203.77 134.02 208.25 148.24
dog 0.517093 16.37 110.91 38.42 167.95
car 0.517064 171.64 12.07 184.67 29.59
dog 0.517058 0.00 69.38 17.65 116.66
car 0.517034 183.48 35.88 198.02 49.54
car 0.517019 191.70 36.00 203.81 52.42
train 0.517016 53.12 0.00 91.54 31.50
train 0.516980 60.72 10.36 99.70 58.15
dog 0.516902 100.43 11.88 122.33 53.46
dog 0.516893 117.91 11.85 143.47 50.81
car 0.516857 195.26 51.14 205.50 65.55
car 0.516843 208.10 70.44 214.67 91.81
car 0.516798 36.68 183.80 75.94 212.66
boat 0.516798 128.06 197.00 145.23 218.51
boat 0.516792 166.72 163.97 175.68 178.54
car 0.516791 207.95 95.32 213.98 114.24
sheep 0.516754 145.95 178.82 160.40 197.13
sheep 0.516743 145.69 187.33 159.75 203.50
car 0.516721 209.43 120.42 214.54 139.34
person 0.516683 168.61 139.24 177.79 162.74
car 0.516659 158.48 12.93 174.98 33.56
dog 0.516598 3.40 82.82 21.18 132.79
dog 0.516576 188.00 103.17 199.00 122.82
car 0.516534 210.07 127.04 214.79 144.89
dog 0.516526 18.34 81.05 34.44 135.23
train 0.516521 28.00 42.87 60.99 79.66
car 0.516471 57.46 181.25 100.64 213.48
boat 0.516449 74.64 137.90 126.21 186.96
dog 0.516436 90.53 9.22 116.07 53.28
car 0.516401 65.44 170.55 104.68 204.62
sheep 0.516398 159.37 180.71 167.90 193.92
boat 0.516350 126.20 183.18 143.26 205.83
train 0.516325 72.46 8.30 107.42 55.43
boat 0.516306 34.11 11.30 61.40 39.64
boat 0.516303 27.79 9.21 47.57 39.22
car 0.516284 209.28 112.67 214.24 132.12
car 0.516188 134.33 81.41 224.00 195.17
bus 0.516144 17.42 78.55 159.91 200.12
car 0.516131 199.79 21.72 209.37 41.95
train 0.516128 12.54 94.64 109.20 205.42
horse 0.516094 123.33 0.00 151.42 38.30
dog 0.516070 22.07 127.57 64.42 187.84
dog 0.516068 176.46 54.02 190.72 76.64
car 0.516043 199.85 8.97 211.10 24.22
boat 0.516035 122.98 171.88 143.67 198.68
dog 0.515983 15.19 147.89 60.74 192.03
boat 0.515961 17.18 7.87 32.33 37.52
car 0.515892 184.30 25.36 195.65 40.44
sheep 0.515837 143.08 197.39 160.98 215.84
boat 0.515795 19.06 18.29 34.01 44.03
sheep 0.515697 157.23 196.61 168.81 212.25
dog 0.515565 2.65 106.24 22.41 156.00
car 0.515563 195.31 59.88 206.49 79.24
dog 0.515539 175.51 67.50 192.91 91.53
train 0.515523 30.13 28.22 57.99 65.37
sheep 0.515447 168.10 184.00 173.99 192.68
train 0.515439 0.00 45.60 14.01 96.70
sheep 0.515349 159.48 187.94 167.03 199.86
sheep 0.515292 166.96 198.42 175.76 211.06
car 0.515287 195.03 72.78 207.02 94.47
boat 0.515254 167.70 150.44 176.49 170.26
dog 0.515252 186.91 80.70 203.17 100.34
person 0.515252 187.87 135.75 193.60 151.63
dog 0.515224 106.37 13.64 130.21 54.51
boat 0.515204 89.67 119.08 149.46 182.41
train 0.515204 34.41 29.15 73.21 71.00
car 0.515153 184.84 12.92 196.80 25.81
train 0.515135 30.00 21.19 52.19 51.95
boat 0.515108 24.03 8.91 38.92 38.02
car 0.515089 211.16 132.18 214.98 150.01
dog 0.515010 117.63 0.00 146.21 39.53
car 0.514988 208.86 104.56 213.74 123.17
sheep 0.514981 173.76 201.06 182.33 210.18
dog 0.514927 27.66 71.92 51.32 123.52
boat 0.514862 19.38 24.61 34.63 53.20
sheep 0.514796 168.39 190.48 173.14 198.68
bottle 0.514748 174.60 177.46 181.37 184.84
dog 0.514698 196.00 134.21 203.67 148.80
car 0.514570 193.35 23.83 203.52 41.72
dog 0.514570 19.11 70.49 35.70 116.35
bus 0.514496 71.48 108.41 189.63 198.80
car 0.514427 204.15 0.00 217.04 13.93
car 0.514415 176.86 142.08 182.77 160.41
boat 0.514354 18.64 0.00 40.09 27.65
aeroplane 0.514354 40.67 0.00 78.16 28.19
car 0.514321 148.80 121.06 224.00 216.22
sheep 0.514303 159.16 212.00 182.73 224.00
aeroplane 0.514253 87.15 0.00 116.76 28.65
car 0.514218 49.23 178.53 87.16 212.00
sheep 0.514214 181.27 201.69 190.37 209.60
boat 0.514210 26.57 20.95 43.54 47.22
aeroplane 0.514193 65.68 0.00 103.72 32.09
train 0.514135 44.91 14.31 83.00 42.09
tvmonitor 0.514096 175.08 166.02 181.80 176.79
car 0.514074 188.00 49.77 199.21 62.84
car 0.514074 205.39 34.19 214.06 54.27
sheep 0.514020 175.27 193.31 180.00 197.90
sheep 0.514018 166.38 212.00 189.05 224.00
sheep 0.513968 175.22 186.61 180.37 191.15
car 0.513955 151.17 0.00 172.93 24.11
car 0.513893 193.76 11.39 205.99 25.17
dog 0.513821 204.00 139.64 208.17 156.00
car 0.513768 26.44 171.56 70.55 208.42
train 0.513740 19.70 72.79 121.25 184.43
dog 0.513704 96.65 0.00 123.39 30.09
boat 0.513622 78.96 190.88 124.64 218.14
boat 0.513620 88.36 165.56 134.26 201.76
train 0.513595 28.00 66.91 58.86 114.50
train 0.513560 35.45 21.66 66.19 55.40
dog 0.513503 202.34 170.21 206.58 184.53
sheep 0.513467 189.49 200.69 199.63 210.55
car 0.513398 207.35 8.18 215.15 24.02
dog 0.513373 203.03 159.56 206.94 175.16
train 0.513347 18.03 48.67 33.08 93.63
boat 0.513190 107.53 195.01 137.43 217.74
boat 0.513173 98.52 177.61 134.57 207.76
car 0.513046 4.20 165.03 50.88 204.47
sheep 0.513006 150.00 164.02 224.00 224.00
sheep 0.512942 184.35 176.51 189.19 183.37
dog 0.512904 173.29 212.00 196.56 224.00
dog 0.512856 193.81 173.42 198.37 183.67
train 0.512839 18.51 59.93 35.39 106.52
tvmonitor 0.512815 176.41 152.51 182.00 168.13
train 0.512795 27.64 27.74 49.04 58.48
dog 0.512788 104.91 0.00 131.39 33.17
dog 0.512767 194.96 162.58 199.04 175.00
dog 0.512715 212.00 137.38 215.63 158.04
sheep 0.512702 199.40 197.87 208.64 211.72
train 0.512626 19.30 33.04 34.54 65.97
dog 0.512561 204.00 148.34 207.74 164.10
boat 0.512492 92.49 111.32 196.33 202.92
sheep 0.512479 183.47 193.26 188.00 197.18
dog 0.512425 188.00 58.70 200.61 77.17
dog 0.512410 185.40 165.27 189.60 175.31
dog 0.512308 196.00 140.58 202.28 156.00
dog 0.512196 187.85 142.05 191.32 158.11
dog 0.512193 92.51 163.27 204.01 224.00
sheep 0.512176 184.26 185.76 188.18 189.85
sheep 0.512144 204.65 206.95 221.02 224.00
dog 0.512120 181.24 212.00 205.52 224.00
dog 0.512053 212.00 164.71 218.28 190.45
car 0.511954 208.17 20.71 214.52 41.20
car 0.511950 160.29 0.00 180.72 21.11
dog 0.511847 212.00 155.06 217.67 181.78
dog 0.511829 202.45 179.32 205.88 191.23
dog 0.511822 196.00 150.52 200.46 165.06
sheep 0.511789 191.50 211.38 213.57 224.00
dog 0.511770 188.00 72.04 202.82 93.27
sheep 0.511654 201.53 187.93 205.41 198.54
sheep 0.511635 192.08 191.17 196.66 197.70
train 0.511632 28.00 58.59 66.21 106.48
dog 0.511559 186.92 152.29 189.92 166.63
sheep 0.511469 193.46 182.78 197.33 190.13
train 0.511403 28.00 35.37 54.21 70.43
train 0.511349 44.93 23.69 89.48 58.94
dog 0.511181 212.00 145.08 216.53 169.70
dog 0.510766 212.00 173.48 218.00 197.07
sheep 0.510628 212.00 193.06 218.53 214.84
dog 0.510014 212.00 182.29 217.59 203.10
