dog 0.680256 10.97 3.88 194.14 189.62
dog 0.561291 6.45 43.50 157.23 196.65
dog 0.550999 44.20 56.81 194.07 197.29
sheep 0.549873 3.63 58.68 109.53 203.86
sheep 0.548863 0.00 77.10 39.81 205.72
sheep 0.548617 8.61 41.63 148.32 193.63
dog 0.546152 40.34 0.00 187.45 136.75
sheep 0.542605 2.87 162.87 36.24 214.54
dog 0.542356 28.51 32.53 224.00 224.00
sheep 0.541951 15.03 97.42 78.89 163.45
dog 0.540440 59.22 68.21 105.24 152.87
dog 0.540175 0.00 62.22 45.96 188.53
sheep 0.539075 64.13 46.41 107.19 122.96
sheep 0.538785 48.35 69.54 95.52 154.98
dog 0.537970 75.53 86.53 202.17 200.82
sheep 0.537775 14.20 92.69 62.30 151.71
dog 0.537341 149.63 210.15 194.43 224.00
dog 0.536840 163.27 209.80 207.02 224.00
bird 0.536538 6.19 42.55 37.18 63.26
sheep 0.535949 2.07 208.94 44.43 224.00
sheep 0.535832 15.95 151.33 70.84 212.46
sheep 0.535706 5.38 143.97 37.62 196.92
sheep 0.535453 0.00 75.26 64.52 209.01
dog 0.535321 133.77 210.04 172.96 224.00
dog 0.535142 65.75 21.74 210.67 182.12
dog 0.534983 121.07 209.35 157.89 224.00
dog 0.534907 120.83 161.57 224.00 224.00
sheep 0.534733 9.91 43.66 41.52 63.44
bird 0.534708 0.00 203.33 28.66 224.00
sheep 0.534624 30.53 106.22 85.10 170.23
sheep 0.534619 62.74 36.72 104.51 102.15
dog 0.534096 54.03 0.00 172.87 90.25
sheep 0.533822 74.51 50.60 116.44 108.36
sheep 0.533770 36.80 81.23 86.84 157.23
sheep 0.533632 0.00 156.25 25.19 213.87
sheep 0.533572 54.63 47.88 97.38 118.83
bird 0.533466 5.29 37.69 35.06 58.08
dog 0.533286 137.63 37.51 224.00 183.55
sheep 0.533120 61.77 95.19 103.75 163.36
sheep 0.533105 25.79 138.75 77.90 205.48
dog 0.532827 64.77 62.25 118.13 140.16
dog 0.532753 64.58 100.58 166.69 217.67
dog 0.532569 175.79 209.91 218.74 224.00
sheep 0.532459 0.00 140.75 17.35 195.00
dog 0.532260 165.56 168.68 224.00 224.00
sheep 0.532193 7.18 123.25 38.26 176.17
dog 0.532081 73.79 137.23 165.00 224.00
dog 0.532053 206.18 207.66 224.00 224.00
dog 0.532051 72.53 55.45 117.17 116.39
dog 0.531447 96.40 142.57 207.83 224.00
sheep 0.531269 73.68 120.50 110.23 171.36
dog 0.531145 113.35 125.70 147.59 181.88
sheep 0.531008 3.22 181.01 37.17 224.00
sheep 0.530782 43.25 115.14 96.22 173.49
sheep 0.530747 10.28 38.28 39.97 56.82
sheep 0.530674 10.10 89.03 50.49 141.24
sheep 0.530645 12.25 108.70 45.11 151.41
sheep 0.530634 6.49 133.75 47.46 185.79
sheep 0.530609 2.48 146.72 53.60 210.40
dog 0.530586 66.01 81.91 115.47 154.01
sheep 0.530396 33.95 126.03 83.85 179.02
dog 0.530321 130.62 8.15 162.58 34.93
sheep 0.530147 9.68 60.77 44.04 90.01
sheep 0.530122 0.00 155.24 45.36 224.00
dog 0.530013 104.79 210.30 143.14 224.00
sheep 0.529781 6.97 138.85 70.52 195.45
sheep 0.529770 12.43 98.59 43.11 139.16
dog 0.529693 163.09 0.00 224.00 55.59
sheep 0.529549 52.75 39.45 96.31 96.71
bird 0.529486 0.00 32.03 18.23 62.21
dog 0.529317 0.00 38.18 62.28 156.51
dog 0.529180 180.05 14.83 205.16 30.04
dog 0.528906 147.23 0.00 224.00 143.98
dog 0.528845 127.02 129.44 151.16 190.54
sheep 0.528842 8.67 115.39 36.45 162.34
dog 0.528785 96.64 209.79 132.41 224.00
sheep 0.528736 14.60 208.50 65.82 224.00
sheep 0.528666 74.30 37.14 114.84 87.99
sheep 0.528410 56.07 120.60 105.28 180.92
sheep 0.528231 34.99 165.75 73.87 212.93
sheep 0.528184 47.14 211.12 84.36 224.00
sheep 0.528163 27.49 174.95 65.92 219.57
dog 0.528162 83.75 28.63 124.20 81.43
dog 0.527590 128.28 143.26 153.09 204.21
sheep 0.527485 29.94 210.16 70.86 224.00
sheep 0.527391 30.86 13.46 148.57 147.93
sheep 0.527378 5.12 119.35 57.04 179.27
sheep 0.527288 29.61 84.20 76.62 146.11
sheep 0.527250 0.00 121.05 13.58 174.85
dog 0.527221 79.54 211.01 118.27 224.00
sheep 0.527082 55.70 211.31 96.36 224.00
dog 0.527041 207.59 0.00 224.00 18.14
sheep 0.526877 11.42 67.95 41.95 95.12
sheep 0.526852 55.05 129.90 99.55 202.84
dog 0.526650 164.35 107.89 224.00 214.28
sheep 0.526643 0.00 160.00 83.97 224.00
dog 0.526575 43.77 145.21 134.71 224.00
sheep 0.526527 8.98 93.18 35.75 131.02
sheep 0.526518 39.21 178.45 71.38 216.10
sheep 0.526499 5.83 170.22 57.86 222.61
sheep 0.526406 9.68 105.57 36.66 142.67
dog 0.526318 18.73 155.08 104.99 224.00
dog 0.526274 0.00 0.00 19.81 20.93
dog 0.526174 107.82 116.82 224.00 208.01
dog 0.525928 102.22 127.54 139.30 179.05
dog 0.525799 96.22 27.67 142.95 82.48
sheep 0.525796 0.00 107.03 11.36 157.05
sheep 0.525629 9.73 80.42 41.81 123.85
dog 0.525586 119.80 132.43 144.13 197.44
sheep 0.525577 70.04 30.16 105.60 76.29
dog 0.525536 84.11 125.13 121.41 168.36
dog 0.525494 77.99 121.69 110.61 179.08
dog 0.525380 0.00 0.00 57.55 44.03
sheep 0.525346 7.75 47.48 42.37 72.08
dog 0.525221 131.94 15.10 160.29 38.67
sheep 0.525127 4.66 31.89 120.30 158.14
sheep 0.524854 2.94 7.40 107.61 128.50
sheep 0.524786 65.97 143.43 104.92 207.52
sheep 0.524618 80.91 47.05 123.60 97.59
sheep 0.524567 1.38 109.56 34.54 153.44
sheep 0.524543 13.79 81.53 57.23 130.41
sheep 0.524499 39.78 71.16 85.53 136.98
sheep 0.524484 7.37 52.23 44.14 81.05
dog 0.524282 71.52 100.77 114.94 161.29
sheep 0.524277 35.25 0.00 131.00 56.92
dog 0.524249 216.43 88.27 224.00 126.72
dog 0.524076 218.25 82.38 224.00 120.47
dog 0.523981 174.47 18.48 204.58 35.44
dog 0.523936 181.24 96.08 209.35 121.13
sheep 0.523791 53.09 34.49 91.94 70.42
sheep 0.523683 38.65 43.85 58.07 63.44
sheep 0.523432 39.03 38.44 59.19 55.84
sheep 0.523407 42.44 148.69 90.74 209.55
sheep 0.523284 0.00 0.00 73.83 40.48
dog 0.523216 0.00 85.64 11.22 130.45
dog 0.523126 220.00 51.96 224.00 88.17
dog 0.523099 88.69 140.00 118.73 205.35
sheep 0.522911 28.53 38.93 51.82 55.84
dog 0.522911 187.28 15.15 209.60 28.53
sheep 0.522898 0.95 98.29 35.64 136.82
dog 0.522883 127.55 165.17 152.94 217.31
bird 0.522769 0.00 28.58 26.82 55.24
dog 0.522706 219.57 75.29 224.00 113.26
dog 0.522678 97.15 0.00 199.96 67.51
dog 0.522589 91.63 126.70 126.15 177.98
dog 0.522548 86.57 19.64 123.73 65.15
dog 0.522496 156.48 36.65 196.29 72.45
dog 0.522458 0.00 100.17 11.54 148.38
sheep 0.522445 0.00 0.00 27.01 17.64
sheep 0.522433 16.27 68.57 55.98 96.80
dog 0.522404 73.76 128.44 108.96 198.99
dog 0.522342 215.32 6.38 224.00 33.24
dog 0.522316 93.75 17.82 137.79 66.04
chair 0.522254 92.24 0.00 122.07 13.91
sheep 0.522237 20.25 0.00 102.18 46.02
bird 0.522215 0.00 14.29 14.12 48.13
sheep 0.522207 0.00 197.47 29.91 224.00
dog 0.522201 156.43 23.46 200.14 58.51
sheep 0.522120 10.72 72.63 40.43 106.94
dog 0.522086 215.55 162.78 224.00 196.93
cat 0.522012 0.00 51.87 15.74 92.92
dog 0.521982 177.75 150.53 206.13 180.26
dog 0.521876 151.44 0.00 224.00 89.38
sheep 0.521756 39.31 189.83 70.82 224.00
dog 0.521703 134.86 133.61 155.74 196.09
dog 0.521691 0.00 1.44 69.99 112.90
sheep 0.521660 25.52 43.75 51.28 63.03
dog 0.521650 159.69 64.86 189.57 89.30
sheep 0.521641 63.57 167.71 96.37 214.85
dog 0.521598 98.87 0.00 216.39 149.13
dog 0.521597 220.00 66.94 224.00 104.56
aeroplane 0.521505 181.17 0.00 210.41 16.79
dog 0.521438 170.65 14.51 200.58 27.69
dog 0.521421 218.91 131.39 224.00 166.65
sheep 0.521402 2.90 30.18 32.89 52.80
dog 0.521377 180.21 0.00 206.64 20.72
sheep 0.521282 5.09 0.00 35.54 15.33
bird 0.521277 0.00 40.03 18.87 74.04
dog 0.521247 219.50 123.86 224.00 159.19
sheep 0.521221 15.70 75.45 55.36 110.35
dog 0.521205 160.56 70.93 188.31 95.30
dog 0.521148 119.16 0.00 209.57 53.30
dog 0.521142 161.99 121.79 187.36 164.19
dog 0.521140 95.16 0.00 120.65 31.60
dog 0.521136 98.80 141.50 125.69 205.58
dog 0.521102 93.87 162.08 120.06 215.84
dog 0.521037 220.00 36.28 224.00 75.08
dog 0.520985 164.17 147.70 189.99 183.52
sheep 0.520955 171.22 96.16 196.91 118.05
dog 0.520951 217.39 12.93 224.00 42.47
dog 0.520910 86.07 39.48 132.76 91.17
dog 0.520851 103.33 42.48 148.24 91.72
dog 0.520829 94.48 13.16 121.66 38.02
sheep 0.520819 40.89 58.28 84.22 106.38
dog 0.520814 216.67 148.81 224.00 182.50
sheep 0.520791 4.49 9.70 28.29 30.87
bird 0.520724 0.00 3.55 14.34 36.25
bottle 0.520697 0.00 54.53 38.20 88.19
dog 0.520682 106.02 132.94 133.16 198.30
dog 0.520675 84.51 125.75 114.79 187.58
dog 0.520608 158.38 18.03 202.84 43.03
dog 0.520561 120.42 166.98 147.51 219.26
dog 0.520541 217.87 139.82 224.00 174.45
dog 0.520465 180.16 90.07 208.60 115.37
dog 0.520462 177.89 142.56 205.66 172.07
dog 0.520443 170.15 149.11 196.09 182.52
dog 0.520436 82.67 78.35 141.75 139.65
dog 0.520429 176.56 163.45 205.84 195.08
dog 0.520394 175.38 170.01 200.79 202.08
sheep 0.520387 49.36 168.99 87.35 213.64
dog 0.520371 174.80 124.73 200.32 159.04
sheep 0.520335 11.97 0.00 43.98 14.88
dog 0.520301 220.00 18.46 224.00 54.99
dog 0.520282 175.68 154.40 202.59 186.89
sheep 0.520263 178.86 101.64 203.05 124.00
sheep 0.520257 43.78 43.44 66.50 62.70
dog 0.520255 178.32 134.82 205.03 165.00
aeroplane 0.520255 188.80 0.00 217.28 16.14
sheep 0.520196 71.02 193.93 98.84 224.00
sheep 0.520172 70.49 183.68 96.72 216.85
cat 0.520171 0.00 44.40 18.02 84.03
chair 0.520154 117.05 0.00 147.99 14.65
dog 0.520141 156.49 49.57 192.58 80.47
dog 0.520124 167.06 65.03 195.87 86.93
dog 0.520103 147.92 16.26 189.37 35.52
dog 0.520092 167.69 71.71 195.83 94.13
dog 0.520045 157.92 58.08 190.84 84.49
dog 0.519993 167.94 123.47 194.03 161.90
cat 0.519955 129.90 0.00 161.99 13.95
sheep 0.519923 0.00 78.74 32.95 120.36
sheep 0.519891 54.91 182.95 87.03 214.84
dog 0.519885 43.65 0.00 73.90 14.00
sheep 0.519863 164.16 95.13 186.69 118.46
dog 0.519854 143.87 140.96 171.36 184.75
sheep 0.519766 19.31 0.00 52.34 15.23
dog 0.519763 37.26 103.72 142.20 222.88
dog 0.519740 127.13 0.00 162.00 24.62
dog 0.519735 136.36 14.91 171.70 36.13
dog 0.519723 128.49 184.81 155.06 224.00
dog 0.519722 169.85 88.22 197.21 111.56
chair 0.519701 84.94 0.00 113.39 13.16
dog 0.519679 161.99 154.65 188.74 197.62
sheep 0.519671 46.84 40.73 79.14 64.00
dog 0.519666 216.16 177.04 224.00 211.93
dog 0.519574 158.12 145.93 182.74 183.06
dog 0.519574 77.46 23.31 112.53 63.41
dog 0.519553 58.75 0.00 89.66 14.09
dog 0.519468 153.75 121.27 179.63 166.59
dog 0.519459 174.19 181.84 199.90 210.01
dog 0.519445 116.46 71.27 224.00 200.78
bird 0.519431 0.00 0.00 16.03 25.59
dog 0.519427 218.48 114.41 224.00 150.46
sofa 0.519407 197.26 0.00 223.93 16.51
sheep 0.519381 71.98 165.26 102.97 214.89
dog 0.519378 118.16 36.11 153.44 83.48
sheep 0.519370 87.36 195.87 115.12 224.00
sheep 0.519367 37.62 0.00 67.15 14.55
chair 0.519348 108.70 0.00 139.29 14.36
dog 0.519322 177.60 59.01 204.23 80.82
sheep 0.519311 97.08 183.38 122.63 220.76
sheep 0.519309 56.16 192.66 88.53 224.00
dog 0.519305 147.43 12.06 184.13 30.08
dog 0.519274 154.93 63.83 181.98 92.04
sheep 0.519243 65.22 25.74 98.47 64.37
dog 0.519242 108.50 84.34 148.28 135.03
sheep 0.519221 0.00 0.00 91.67 86.06
bird 0.519217 0.00 18.16 22.79 47.72
dog 0.519211 67.71 0.00 97.56 13.89
dog 0.519199 103.91 16.38 146.46 63.03
dog 0.519197 215.83 103.41 224.00 141.38
sheep 0.519174 172.13 101.19 196.03 122.80
sheep 0.519116 95.78 195.21 123.98 224.00
dog 0.519086 162.96 112.36 187.02 151.74
dog 0.519051 79.60 55.85 130.64 103.82
dog 0.519050 76.67 0.00 105.15 13.18
aeroplane 0.519023 137.80 0.00 169.36 14.28
dog 0.519019 165.43 58.93 196.86 81.67
dog 0.519004 103.51 12.48 133.21 37.64
sheep 0.518973 79.00 194.62 106.50 224.00
sheep 0.518935 0.00 6.75 21.64 33.74
dog 0.518929 169.79 157.63 195.90 195.71
sheep 0.518856 29.52 0.00 60.30 15.25
sheep 0.518854 165.06 100.17 185.43 124.19
dog 0.518773 156.24 69.32 179.73 97.54
sheep 0.518766 45.29 47.74 82.47 86.43
dog 0.518752 178.95 65.21 204.62 87.65
dog 0.518710 154.55 150.92 178.90 198.40
sheep 0.518677 158.85 92.94 175.20 119.84
dog 0.518665 102.36 163.17 127.24 216.36
dog 0.518637 121.68 123.08 154.27 177.82
dog 0.518634 167.81 79.29 196.67 103.35
dog 0.518629 162.81 86.24 187.76 111.43
sheep 0.518586 43.28 38.50 67.15 56.12
dog 0.518544 100.05 13.87 136.80 47.32
dog 0.518533 91.57 15.44 123.25 47.85
sheep 0.518517 25.76 62.31 60.72 90.22
sheep 0.518511 179.01 117.32 205.03 146.34
dog 0.518496 73.73 85.63 130.73 150.17
aeroplane 0.518482 166.56 0.00 195.72 15.70
dog 0.518442 127.74 14.87 154.25 45.05
sheep 0.518429 81.15 163.42 110.80 215.58
dog 0.518427 174.02 51.25 203.56 74.31
sofa 0.518415 147.71 0.00 177.73 14.51
sofa 0.518398 175.32 0.00 202.43 20.11
sheep 0.518292 78.98 183.81 104.51 217.83
dog 0.518267 161.25 77.27 187.99 103.38
dog 0.518257 103.30 0.00 130.29 31.76
sheep 0.518245 87.78 184.50 113.41 219.68
dog 0.518237 168.83 114.77 194.30 148.83
sheep 0.518214 180.26 107.01 205.99 133.68
dog 0.518176 178.93 81.80 207.39 108.18
sheep 0.518084 3.28 20.58 29.73 44.97
dog 0.518022 137.61 130.33 169.02 174.64
sheep 0.517998 21.38 0.00 122.18 99.61
sheep 0.517927 0.00 125.48 70.88 224.00
dog 0.517922 119.71 195.75 149.50 224.00
dog 0.517884 0.00 66.39 12.13 110.82
dog 0.517870 148.48 48.07 173.03 81.76
sheep 0.517729 1.42 61.11 36.23 93.57
dog 0.517706 179.12 72.68 205.73 96.97
sofa 0.517625 157.70 0.00 187.83 14.84
dog 0.517592 123.97 2.13 157.98 32.87
dog 0.517565 123.96 49.54 151.57 94.28
dog 0.517563 109.69 165.90 136.89 218.04
dog 0.517535 215.69 188.78 224.00 224.00
dog 0.517532 124.09 11.49 155.68 37.29
dog 0.517510 184.79 19.95 209.03 34.54
dog 0.517448 187.40 0.00 212.29 19.63
dog 0.517434 169.99 21.33 204.81 45.38
dog 0.517301 86.91 13.67 110.62 38.16
dog 0.517278 18.06 114.74 111.31 224.00
dog 0.517267 135.57 50.12 162.08 88.89
cat 0.517237 0.00 46.38 39.47 79.24
dog 0.517216 149.88 55.77 174.42 88.22
dog 0.517211 88.93 0.00 109.44 29.29
dog 0.517188 168.26 195.10 200.97 224.00
dog 0.517158 130.99 43.05 159.80 82.17
sheep 0.517031 33.93 48.04 56.91 72.68
dog 0.516981 185.66 59.24 210.63 79.63
sheep 0.516945 33.25 68.63 69.47 98.14
sheep 0.516940 37.70 204.83 73.70 224.00
dog 0.516809 101.33 195.49 130.25 224.00
sheep 0.516795 0.00 201.25 54.98 224.00
dog 0.516794 168.05 39.38 202.70 67.12
dog 0.516781 160.14 97.35 174.76 125.67
dog 0.516679 158.19 84.60 176.89 112.82
dog 0.516620 155.33 110.43 178.91 155.76
dog 0.516431 182.64 152.09 213.52 177.99
sheep 0.516419 31.06 74.67 70.55 110.93
dog 0.516346 181.41 159.59 213.94 185.09
dog 0.516312 107.13 57.60 144.95 104.38
sheep 0.516310 36.31 62.17 68.32 90.74
sheep 0.516252 120.75 87.65 150.69 131.15
dog 0.516241 157.67 75.37 178.42 104.98
sheep 0.516223 10.43 9.91 35.41 31.09
sheep 0.516211 103.79 184.32 129.65 222.30
dog 0.516211 80.69 63.49 139.50 122.54
dog 0.516173 109.42 196.84 139.63 224.00
sheep 0.516170 38.42 31.55 60.15 49.82
sheep 0.515994 28.43 53.95 58.47 82.61
dog 0.515939 93.58 0.00 121.88 19.56
sheep 0.515914 65.70 206.08 102.74 224.00
sheep 0.515863 19.02 47.19 51.46 72.76
dog 0.515811 106.96 66.85 146.43 118.70
sheep 0.515803 1.48 67.73 34.13 105.86
sheep 0.515784 150.97 91.20 167.67 121.10
dog 0.515779 183.45 52.66 209.92 73.23
dog 0.515682 161.48 168.16 188.79 205.36
dog 0.515640 111.40 0.00 218.12 90.23
dog 0.515620 164.98 104.43 185.54 133.62
sheep 0.515570 28.18 31.30 51.82 50.21
dog 0.515564 183.73 136.21 211.17 163.07
dog 0.515558 114.26 112.58 150.33 167.42
dog 0.515442 184.02 128.88 210.85 155.56
dog 0.515356 90.17 122.27 131.17 164.39
dog 0.515345 152.26 166.83 177.56 209.24
dog 0.515312 152.61 66.81 172.29 97.54
dog 0.515312 111.92 11.26 150.69 44.69
sheep 0.515277 171.38 106.26 194.96 131.20
dog 0.515244 122.62 19.00 151.43 56.20
sheep 0.515014 15.22 30.91 43.30 50.58
dog 0.514973 125.58 59.77 150.28 102.05
dog 0.514933 82.17 17.82 111.65 48.70
dog 0.514874 67.39 19.76 96.26 54.49
sheep 0.514827 40.97 47.59 65.16 71.44
dog 0.514819 185.37 64.78 210.74 87.12
sheep 0.514589 38.52 54.13 66.48 82.06
dog 0.514571 151.02 95.08 166.15 127.96
dog 0.514568 140.80 63.47 159.77 98.48
dog 0.514514 135.75 198.40 167.98 224.00
dog 0.514497 178.69 174.02 210.50 200.04
dog 0.514471 196.65 11.50 217.46 28.75
dog 0.514369 142.11 165.47 167.13 212.41
sheep 0.514247 132.98 89.73 156.74 125.70
sheep 0.514237 42.56 3.62 59.65 27.23
dog 0.514222 89.40 206.79 125.85 224.00
sheep 0.514116 8.92 21.22 35.45 43.46
dog 0.514076 82.98 106.12 130.21 160.00
dog 0.514028 80.18 12.84 100.48 40.32
dog 0.513982 100.11 0.00 128.91 20.48
sheep 0.513977 56.83 25.36 89.37 54.61
dog 0.513952 196.54 56.23 218.86 82.04
dog 0.513887 82.35 0.00 99.50 27.57
sheep 0.513590 42.19 31.80 67.16 50.51
dog 0.513542 74.17 18.49 102.05 51.40
sheep 0.513471 41.16 21.90 59.59 42.48
dog 0.513441 186.66 90.97 218.86 122.14
dog 0.513437 180.02 106.10 210.43 133.83
dog 0.513399 159.24 101.81 176.70 137.55
dog 0.513356 86.94 0.00 111.77 17.64
dog 0.513322 150.56 83.84 169.35 114.90
dog 0.513267 72.78 13.31 93.41 43.78
dog 0.513216 144.42 198.89 179.04 224.00
sheep 0.513177 47.93 1.50 66.84 27.49
dog 0.513173 148.55 185.03 177.29 221.67
dog 0.513121 196.86 0.00 219.33 21.18
dog 0.513109 159.51 183.92 189.35 215.72
sheep 0.513028 32.03 4.89 51.73 28.77
dog 0.512918 140.01 110.57 167.37 162.39
sheep 0.512838 16.10 7.13 42.58 30.76
dog 0.512792 74.16 0.00 92.48 28.16
dog 0.512766 144.51 34.07 171.07 68.98
dog 0.512749 178.50 182.95 209.04 207.37
dog 0.512667 194.31 163.92 224.00 192.33
dog 0.512663 153.77 198.55 190.58 224.00
sheep 0.512637 46.39 30.50 77.98 52.26
dog 0.512636 118.74 92.77 148.27 139.26
dog 0.512612 179.86 22.63 209.07 43.53
sofa 0.512584 160.71 0.00 192.34 20.26
dog 0.512574 179.18 42.17 209.19 66.17
sheep 0.512516 45.87 22.65 66.51 43.03
dog 0.512499 123.62 70.35 150.30 115.53
dog 0.512479 125.83 30.52 155.08 69.51
dog 0.512377 192.76 78.26 219.00 109.33
dog 0.512344 152.48 74.17 171.31 106.44
dog 0.512273 107.13 105.21 144.49 156.75
dog 0.512272 195.91 61.58 218.48 89.56
sheep 0.512169 29.95 21.11 50.60 42.77
dog 0.512167 195.35 134.22 224.00 163.12
dog 0.512089 193.80 16.79 215.99 35.44
dog 0.512015 195.09 126.68 221.82 155.50
dog 0.511849 193.29 171.11 224.00 199.22
dog 0.511738 187.40 205.97 224.00 224.00
dog 0.511649 194.51 150.80 224.00 178.18
dog 0.511588 195.14 69.26 218.62 99.21
dog 0.511583 130.18 92.86 154.02 133.64
dog 0.511344 194.68 142.26 224.00 170.64
dog 0.511231 112.29 0.00 145.10 21.87
dog 0.511185 61.43 16.57 85.81 44.42
dog 0.511170 138.79 19.97 170.41 52.84
dog 0.511080 176.75 30.40 208.89 55.80
dog 0.511003 63.22 0.00 84.23 27.95
dog 0.510856 137.93 73.10 158.71 110.20
dog 0.510824 194.31 40.30 218.86 69.30
dog 0.510815 53.51 0.00 74.86 27.39
dog 0.510773 146.37 100.35 166.12 144.03
dog 0.510620 50.75 20.96 75.39 43.58
dog 0.510595 175.93 195.05 210.12 224.00
dog 0.510188 192.90 178.76 224.00 207.08
dog 0.510143 192.47 116.19 220.10 145.98
dog 0.509882 191.32 20.40 216.71 46.38
dog 0.509697 188.12 104.74 218.63 135.95
dog 0.509601 192.07 28.95 218.04 59.50
dog 0.509456 123.87 98.45 152.72 150.57
dog 0.508841 191.86 190.85 224.00 223.78
