cat 0.680535 7.10 5.23 224.00 224.00
cat 0.540324 94.18 14.50 224.00 192.33
bottle 0.538201 0.00 210.67 27.38 224.00
cat 0.538076 55.98 64.12 224.00 224.00
cat 0.536487 39.14 0.00 176.60 156.88
bottle 0.536396 0.00 194.67 52.26 224.00
bottle 0.535982 0.00 206.62 18.21 224.00
bottle 0.533342 200.47 32.45 224.00 168.75
cat 0.533328 195.34 17.50 224.00 146.53
person 0.532992 209.67 207.13 224.00 224.00
sheep 0.532699 88.23 0.00 224.00 153.99
bottle 0.532474 208.20 67.20 224.00 192.05
person 0.531044 201.05 178.62 224.00 224.00
bottle 0.530860 6.93 194.51 76.45 224.00
bird 0.530839 179.68 212.71 210.28 224.00
dog 0.530784 178.10 0.00 224.00 39.78
bottle 0.530634 0.00 40.77 22.63 168.53
bottle 0.529968 33.16 54.63 184.51 224.00
sheep 0.529642 187.55 213.09 218.90 224.00
bottle 0.529617 123.90 210.50 155.42 224.00
dog 0.529486 193.02 6.86 224.00 121.87
sheep 0.528785 196.58 211.81 224.00 224.00
bottle 0.528640 115.52 211.58 147.81 224.00
bottle 0.528547 211.92 95.20 224.00 209.42
bottle 0.528476 37.94 140.38 180.23 224.00
dog 0.527964 209.64 0.00 224.00 22.94
dog 0.527796 0.00 0.00 41.14 45.27
sheep 0.527719 131.66 210.68 166.33 224.00
bird 0.527502 0.00 10.69 24.54 140.06
dog 0.526914 73.78 12.51 116.47 69.92
sheep 0.526729 125.34 70.73 148.42 85.38
cat 0.526597 92.71 0.00 175.31 32.76
cat 0.526595 63.63 0.00 143.18 30.74
bottle 0.526559 100.13 62.33 224.00 220.66
bottle 0.526543 106.46 212.57 140.17 224.00
bird 0.526484 0.00 0.00 29.83 102.98
bottle 0.526080 0.00 26.11 113.70 192.66
aeroplane 0.526077 217.44 117.93 224.00 151.03
bird 0.525994 162.42 213.24 200.73 224.00
cat 0.525915 26.93 0.00 125.47 134.44
bottle 0.525905 75.42 152.83 224.00 224.00
bottle 0.525866 9.91 210.63 45.28 224.00
bottle 0.525785 64.09 208.65 101.88 224.00
cat 0.525505 180.12 156.45 204.41 173.26
bottle 0.525215 23.90 176.93 132.04 224.00
sheep 0.525022 139.00 212.01 177.51 224.00
bottle 0.524996 41.16 209.21 78.80 224.00
bottle 0.524796 61.19 112.07 224.00 224.00
aeroplane 0.524600 4.11 0.00 72.34 33.82
cat 0.524598 33.26 0.00 110.48 31.14
cat 0.524520 120.23 0.00 201.90 32.70
bottle 0.524467 0.00 138.61 27.81 224.00
sheep 0.524318 125.83 49.11 150.62 73.37
sheep 0.524300 0.00 0.00 20.03 22.07
sheep 0.524070 126.74 77.04 147.66 90.83
dog 0.524060 136.94 0.00 215.16 33.50
sheep 0.524043 74.15 183.72 94.25 210.05
sheep 0.524016 126.41 40.96 151.35 67.16
bottle 0.523946 25.81 209.63 61.05 224.00
sheep 0.523905 125.01 60.37 149.59 79.52
sheep 0.523783 179.87 180.41 203.05 196.09
bottle 0.523617 80.42 211.24 117.92 224.00
aeroplane 0.523578 18.31 0.00 92.80 31.84
cat 0.523465 151.83 155.81 182.80 176.34
sheep 0.523450 17.65 0.00 90.72 122.26
bottle 0.523415 0.00 91.88 22.80 211.69
sheep 0.523404 82.82 184.36 101.89 209.13
sheep 0.523379 153.88 213.35 196.34 224.00
aeroplane 0.523378 216.77 105.02 224.00 135.86
cat 0.523337 217.60 129.72 224.00 164.77
bottle 0.523190 89.47 212.31 126.71 224.00
dog 0.523174 146.16 213.04 187.79 224.00
dog 0.523086 61.90 12.73 101.87 67.62
cat 0.523069 145.69 155.42 173.78 175.34
sheep 0.523015 124.55 33.06 152.39 60.39
cat 0.522998 108.60 186.05 125.76 207.53
bottle 0.522857 102.31 173.92 224.00 224.00
sheep 0.522799 67.35 183.68 87.45 212.38
aeroplane 0.522732 217.14 90.37 224.00 120.69
bottle 0.522725 175.31 178.47 198.98 196.41
aeroplane 0.522703 216.84 97.64 224.00 127.89
aeroplane 0.522651 6.50 12.44 47.32 60.32
cat 0.522608 115.56 184.63 133.47 207.21
cat 0.522604 143.84 150.82 172.61 169.18
bottle 0.522535 92.17 185.50 109.74 208.78
sheep 0.522487 24.95 0.68 122.15 161.14
bottle 0.522470 100.86 186.25 117.72 208.31
aeroplane 0.522341 33.44 0.00 66.71 17.58
dog 0.522332 217.47 169.81 224.00 202.44
cat 0.522252 149.92 150.46 182.78 170.62
sheep 0.522221 122.23 0.00 156.21 17.52
sheep 0.522207 214.71 199.10 224.00 224.00
dog 0.522046 218.93 0.00 224.00 39.58
sheep 0.521990 188.31 0.00 219.46 17.81
cat 0.521786 178.84 149.18 205.54 169.03
bottle 0.521782 208.65 154.25 224.00 224.00
sheep 0.521780 0.00 0.00 54.69 114.34
aeroplane 0.521734 78.33 7.84 109.25 29.46
aeroplane 0.521687 43.10 0.00 74.77 17.64
cat 0.521667 179.45 162.60 203.20 178.67
bottle 0.521586 0.00 70.11 72.70 216.41
bottle 0.521581 0.00 173.52 33.56 224.00
aeroplane 0.521506 17.65 0.00 51.92 16.75
cat 0.521427 122.53 183.82 141.17 206.38
cat 0.521410 139.36 155.02 163.29 174.69
bottle 0.521407 179.71 170.72 203.24 187.85
aeroplane 0.521370 85.11 0.00 116.04 17.04
bottle 0.521352 144.47 180.60 224.00 224.00
bottle 0.521312 0.00 6.02 87.58 163.00
cat 0.521307 108.66 0.00 141.80 17.61
bottle 0.521285 60.35 184.84 80.40 213.46
dog 0.521235 196.91 0.00 224.00 19.42
aeroplane 0.521226 216.95 137.09 224.00 170.88
cat 0.521201 159.12 179.61 191.07 196.07
sheep 0.521188 118.13 7.54 150.26 27.50
cat 0.521113 138.19 150.63 161.82 167.81
sheep 0.520867 157.92 0.00 187.14 18.01
sheep 0.520806 180.84 0.00 211.42 17.71
cat 0.520738 127.57 178.40 149.39 201.60
cat 0.520623 92.33 0.00 124.17 16.74
aeroplane 0.520608 0.00 0.00 29.45 18.24
dog 0.520605 215.32 0.00 224.00 31.17
aeroplane 0.520592 52.70 0.00 83.24 17.38
sheep 0.520506 147.92 0.00 179.44 17.68
sheep 0.520473 166.14 0.00 194.46 17.56
sheep 0.520472 179.53 187.23 201.92 202.26
dog 0.520341 217.06 187.29 224.00 218.00
cat 0.520331 132.92 154.57 149.45 175.82
sheep 0.520328 137.92 0.00 171.20 17.52
aeroplane 0.520228 18.13 5.83 51.41 27.62
sheep 0.520207 174.04 0.00 203.74 17.20
bottle 0.520199 0.00 125.53 50.10 224.00
sheep 0.520198 107.00 180.73 126.62 203.19
sheep 0.520191 130.21 0.00 224.00 113.00
cat 0.520115 113.59 179.71 134.67 203.19
aeroplane 0.520108 218.61 82.34 224.00 114.67
cat 0.520035 132.04 150.68 148.97 168.72
cat 0.519908 167.10 155.87 197.86 174.06
sheep 0.519847 91.28 0.00 200.98 82.76
cat 0.519598 176.70 168.38 199.92 188.13
sheep 0.519582 76.64 153.98 93.06 176.58
aeroplane 0.519567 216.96 153.87 224.00 186.92
cat 0.519524 80.66 0.00 188.99 77.48
cat 0.519512 141.97 143.37 170.32 162.62
cat 0.519494 147.32 142.03 181.61 164.89
aeroplane 0.519474 69.79 0.00 101.11 17.19
cat 0.519415 53.30 0.00 155.20 72.13
aeroplane 0.519311 28.47 10.98 74.26 63.67
aeroplane 0.519281 61.31 0.00 92.65 17.00
sheep 0.519247 108.76 156.40 122.61 172.83
cat 0.519196 136.96 178.64 165.92 198.45
dog 0.519162 85.10 154.53 100.63 174.82
dog 0.519010 0.00 0.00 11.88 39.55
cat 0.519002 146.38 179.48 177.90 197.08
dog 0.518994 93.36 155.07 107.01 173.92
bottle 0.518963 13.82 95.89 112.69 224.00
dog 0.518956 174.14 184.89 198.22 202.08
dog 0.518937 220.00 12.50 224.00 52.46
sheep 0.518934 99.18 181.17 118.36 203.20
dog 0.518927 101.15 155.97 113.83 172.56
dog 0.518852 50.57 12.79 91.99 65.87
dog 0.518839 86.88 20.79 133.33 66.33
sheep 0.518824 90.97 180.59 110.60 203.40
aeroplane 0.518821 0.00 16.87 38.52 69.96
sheep 0.518728 69.31 152.08 85.24 179.49
sheep 0.518694 168.98 37.30 187.16 54.51
aeroplane 0.518681 29.02 4.74 63.29 28.36
sheep 0.518658 170.25 42.84 186.76 60.66
sheep 0.518639 100.27 152.87 113.23 166.42
sheep 0.518635 192.90 2.33 219.39 30.58
sheep 0.518547 181.24 204.45 205.28 224.00
bottle 0.518483 52.60 186.51 70.39 210.96
sheep 0.518477 119.93 23.93 153.22 52.04
sheep 0.518468 109.66 6.49 141.00 26.00
dog 0.518462 85.05 26.36 121.08 72.44
bottle 0.518454 108.25 191.83 127.14 218.22
cat 0.518372 118.05 156.42 135.31 174.33
dog 0.518367 159.20 185.01 190.58 200.79
aeroplane 0.518358 0.00 8.76 9.96 60.61
cat 0.518350 137.08 143.66 159.70 160.71
cat 0.518343 126.25 154.92 143.38 176.00
sheep 0.518328 114.74 0.00 147.15 19.10
cat 0.518326 152.07 169.34 184.77 190.61
aeroplane 0.518296 39.09 5.06 71.78 29.26
aeroplane 0.518246 6.58 10.20 42.43 39.40
sheep 0.518218 107.75 153.64 121.05 165.43
sheep 0.518209 161.78 37.36 181.60 55.75
aeroplane 0.518159 7.27 4.74 41.42 29.25
cat 0.518058 193.23 116.98 214.00 132.22
sheep 0.518035 179.95 192.77 202.55 211.21
dog 0.517981 92.04 151.75 106.48 167.97
cat 0.517973 127.05 82.68 147.43 99.27
sheep 0.517969 220.00 73.30 224.00 108.67
aeroplane 0.517917 0.00 8.49 30.28 45.49
cat 0.517911 166.71 150.21 200.25 169.81
dog 0.517893 0.00 0.00 15.75 28.90
aeroplane 0.517857 50.67 5.61 82.15 29.90
sheep 0.517833 59.82 179.73 79.32 205.68
boat 0.517706 0.00 74.31 19.59 102.70
bottle 0.517691 114.65 191.56 134.47 219.23
cat 0.517651 180.73 140.05 206.82 163.12
cat 0.517642 133.77 103.65 154.34 117.58
cat 0.517616 29.52 0.00 122.57 72.01
dog 0.517610 107.85 26.98 144.05 64.54
cat 0.517606 154.43 141.25 192.05 166.32
sheep 0.517603 163.92 41.57 180.55 60.89
cat 0.517546 147.30 134.17 178.25 156.64
dog 0.517513 87.78 6.98 122.28 27.82
dog 0.517474 75.59 9.39 111.68 41.94
aeroplane 0.517465 0.00 1.67 29.72 34.98
cat 0.517437 184.46 148.25 211.08 165.74
aeroplane 0.517436 10.80 9.53 52.67 48.36
cat 0.517355 129.40 109.42 147.66 125.91
cat 0.517340 142.03 135.68 167.23 154.32
cat 0.517296 125.38 151.93 142.67 168.93
cat 0.517284 117.13 153.82 133.89 166.37
aeroplane 0.517284 77.34 0.00 108.75 20.27
cat 0.517265 128.20 103.73 148.16 118.61
cat 0.517248 135.04 109.89 154.43 124.91
cat 0.517227 131.41 143.90 148.89 161.52
sheep 0.517177 186.18 179.81 208.85 194.40
bottle 0.517169 100.39 191.96 119.93 220.29
sheep 0.517154 101.44 111.37 112.40 123.35
sheep 0.517144 115.95 14.35 147.85 37.13
bird 0.517137 173.28 203.80 200.31 224.00
aeroplane 0.517102 0.00 0.00 55.34 76.17
aeroplane 0.517095 63.58 6.35 95.94 28.90
sheep 0.517068 106.26 170.46 127.56 197.99
sheep 0.517021 67.63 145.79 85.66 172.26
cat 0.516996 193.02 122.74 213.63 139.46
boat 0.516929 0.00 68.37 8.26 105.73
cat 0.516925 193.51 109.89 214.79 125.19
bottle 0.516924 69.68 194.92 98.29 224.00
cat 0.516834 152.82 160.53 183.39 181.95
sheep 0.516824 0.00 101.36 17.31 125.06
sheep 0.516819 76.94 159.94 94.31 186.33
cat 0.516796 127.58 79.21 151.61 87.95
sheep 0.516792 188.97 205.08 212.68 224.00
sheep 0.516785 220.00 54.30 224.00 90.59
sheep 0.516775 61.64 152.03 76.97 179.65
sheep 0.516767 121.21 191.48 142.19 219.78
dog 0.516760 83.73 150.53 100.47 168.47
sheep 0.516733 173.34 190.28 198.40 211.41
cat 0.516720 127.53 93.68 148.91 110.43
bird 0.516702 0.00 142.56 5.92 177.12
cat 0.516673 125.39 72.27 151.51 82.41
sheep 0.516669 107.68 112.79 119.53 122.29
aeroplane 0.516662 37.73 7.94 83.46 54.75
dog 0.516605 62.25 104.11 89.57 129.79
dog 0.516555 74.97 148.83 93.21 169.84
sheep 0.516514 193.93 13.74 216.43 37.15
bottle 0.516509 0.00 149.65 15.65 172.54
cat 0.516442 183.94 155.05 209.61 170.14
cat 0.516442 194.24 103.02 215.48 118.12
dog 0.516416 98.26 6.33 134.24 26.15
cat 0.516411 138.90 182.36 163.59 202.47
sheep 0.516390 0.00 82.85 18.51 110.37
bird 0.516363 0.00 203.19 17.19 224.00
cat 0.516351 132.35 94.64 154.14 108.88
cat 0.516309 126.50 168.28 149.51 195.67
bird 0.516302 0.00 180.43 7.05 217.98
sheep 0.516292 74.69 168.81 95.03 196.81
cat 0.516160 112.88 169.71 136.63 198.78
bird 0.516148 0.00 191.10 10.28 224.00
boat 0.516134 0.00 65.11 20.72 95.63
sheep 0.516120 82.17 169.15 102.65 196.54
bird 0.516111 0.00 165.66 6.90 201.54
sheep 0.516105 129.12 190.54 150.19 219.55
cat 0.516091 136.69 136.09 157.36 152.37
cat 0.516083 154.37 132.78 188.91 157.96
cat 0.516039 135.45 168.60 165.94 192.36
sheep 0.515979 60.02 145.48 77.19 172.38
aeroplane 0.515961 16.76 10.20 52.50 36.67
dog 0.515943 158.07 190.83 188.82 212.81
aeroplane 0.515920 51.65 8.04 94.70 55.85
sheep 0.515881 0.00 91.90 17.59 117.90
sheep 0.515870 194.39 97.48 215.71 111.52
cat 0.515864 142.37 127.25 164.35 142.76
bottle 0.515852 44.78 187.31 60.54 208.78
cat 0.515832 148.71 126.62 174.11 142.85
dog 0.515749 84.64 160.11 101.43 185.60
sheep 0.515720 70.18 159.51 87.32 189.50
sheep 0.515713 51.38 181.90 68.65 202.55
sheep 0.515700 108.81 160.97 125.20 187.29
aeroplane 0.515680 21.15 8.82 66.13 51.17
cat 0.515668 122.78 110.49 139.82 124.84
sheep 0.515664 98.39 170.77 118.79 197.22
cat 0.515651 165.34 167.94 195.51 187.42
sheep 0.515636 117.66 0.00 218.41 74.26
cat 0.515625 185.60 139.28 212.16 159.86
sheep 0.515596 98.77 106.07 113.21 118.70
bottle 0.515575 10.27 153.59 82.84 224.00
sheep 0.515574 220.00 43.47 224.00 79.09
bottle 0.515567 79.30 193.52 104.94 224.00
aeroplane 0.515565 18.22 0.00 102.66 70.12
sheep 0.515503 186.89 186.79 208.27 201.18
cat 0.515493 184.95 130.84 207.94 153.11
bird 0.515478 0.00 95.04 7.01 129.36
sheep 0.515476 68.12 169.06 88.38 199.27
boat 0.515470 0.00 21.19 8.16 77.84
bottle 0.515468 90.25 192.50 112.65 224.00
sheep 0.515445 162.92 205.10 195.67 224.00
dog 0.515441 220.00 31.92 224.00 67.94
cat 0.515438 119.10 168.69 143.20 198.16
cat 0.515430 135.44 117.26 154.38 132.92
sheep 0.515418 184.12 170.63 208.75 186.16
dog 0.515415 70.96 106.68 95.36 125.92
cat 0.515408 189.90 129.86 213.39 150.52
cat 0.515397 188.88 123.54 207.79 140.15
aeroplane 0.515393 8.93 29.45 47.23 82.12
dog 0.515365 64.25 114.45 86.99 146.35
cat 0.515363 129.27 85.05 152.37 96.92
aeroplane 0.515331 8.72 49.96 46.38 88.24
sheep 0.515331 168.77 27.38 187.73 47.20
sheep 0.515328 0.00 109.56 16.72 133.51
cat 0.515298 136.26 127.23 155.26 142.50
dog 0.515269 64.58 126.23 88.16 159.14
dog 0.515230 104.96 16.27 143.78 52.81
boat 0.515225 0.00 85.87 7.58 121.38
aeroplane 0.515217 3.54 75.34 29.11 97.49
dog 0.515207 95.69 34.43 132.50 70.38
cat 0.515201 189.45 117.97 207.31 131.81
sheep 0.515193 89.94 170.22 110.80 197.10
aeroplane 0.515113 206.27 112.39 224.00 139.31
sheep 0.515112 186.90 4.70 212.21 28.48
cat 0.515103 130.80 136.22 148.49 153.21
sheep 0.515062 99.73 146.06 113.04 158.90
bottle 0.515062 0.00 144.04 14.85 164.58
aeroplane 0.515031 0.00 19.20 23.53 75.19
dog 0.515021 65.89 137.74 87.69 167.31
cat 0.515006 130.16 116.40 147.14 133.83
sheep 0.514985 178.95 42.07 192.81 57.92
sheep 0.514980 160.53 27.50 181.62 48.61
bird 0.514939 0.00 128.42 5.92 159.92
sheep 0.514932 93.47 109.15 106.60 123.87
aeroplane 0.514920 42.17 18.65 81.75 70.68
cat 0.514905 138.14 159.62 164.56 183.06
bottle 0.514870 56.66 197.46 86.65 224.00
sheep 0.514870 146.53 38.37 172.73 56.62
aeroplane 0.514855 69.62 8.83 107.33 40.64
bottle 0.514841 37.97 186.70 52.90 208.15
sheep 0.514830 194.93 21.06 213.97 44.28
sheep 0.514807 100.73 160.98 115.91 185.37
cat 0.514793 114.76 111.93 129.58 122.84
bird 0.514784 0.00 103.15 6.37 137.38
aeroplane 0.514781 18.18 65.20 48.49 96.61
aeroplane 0.514772 205.49 93.14 224.00 118.34
sheep 0.514746 200.80 202.98 222.93 224.00
boat 0.514744 0.00 45.63 7.92 91.76
sheep 0.514737 106.18 106.63 120.50 117.04
bird 0.514735 0.00 156.29 6.25 192.88
sheep 0.514717 113.58 39.59 143.46 69.24
cat 0.514704 131.04 159.13 149.53 186.21
aeroplane 0.514659 9.86 66.16 42.13 91.45
sheep 0.514655 188.75 193.22 208.93 210.30
cat 0.514648 142.27 117.87 162.52 132.73
dog 0.514645 61.60 99.00 91.09 123.15
dog 0.514641 55.35 100.60 84.24 133.04
dog 0.514578 107.09 12.12 142.83 36.08
aeroplane 0.514577 13.31 14.57 57.79 71.59
dog 0.514571 92.47 160.48 108.49 185.73
sheep 0.514570 99.32 0.00 134.23 18.30
aeroplane 0.514568 2.36 67.62 33.48 91.72
sheep 0.514561 178.39 35.80 194.32 51.48
cat 0.514559 166.95 141.05 201.59 165.36
cat 0.514554 142.09 110.35 161.78 124.31
dog 0.514534 70.18 127.38 93.29 155.88
dog 0.514521 72.21 139.87 94.14 164.55
cat 0.514503 166.28 159.93 196.15 178.26
sheep 0.514473 124.69 204.74 153.63 224.00
dog 0.514466 62.91 72.98 87.17 97.30
cat 0.514441 148.65 183.32 177.13 200.60
cat 0.514400 157.05 126.00 184.26 142.40
sheep 0.514347 163.13 1.79 181.43 27.38
sheep 0.514336 171.19 2.49 188.69 26.88
sheep 0.514324 107.19 146.84 120.59 157.87
cat 0.514320 189.30 103.92 208.00 117.40
cat 0.514291 117.00 160.58 136.66 189.37
bottle 0.514290 0.00 154.95 16.07 180.35
sheep 0.514227 60.29 170.53 80.50 199.16
cat 0.514214 189.22 110.98 207.56 124.67
dog 0.514208 85.29 36.76 111.57 75.03
cat 0.514205 121.25 104.89 140.70 118.32
dog 0.514200 76.30 36.57 104.57 75.23
sheep 0.514191 9.25 153.94 23.10 165.15
cat 0.514170 141.01 104.08 161.27 116.79
aeroplane 0.514169 205.70 105.66 224.00 131.92
aeroplane 0.514158 25.51 61.30 57.11 98.50
aeroplane 0.514139 11.56 71.51 38.38 95.19
cat 0.514117 189.19 97.82 208.25 110.54
sheep 0.514114 90.54 104.45 107.33 119.56
sheep 0.514067 170.60 47.71 186.00 67.47
cat 0.514056 130.68 126.40 147.39 142.94
cat 0.514009 149.86 118.19 171.40 132.94
cat 0.513991 125.05 145.27 143.04 161.95
dog 0.513985 61.96 66.92 86.60 89.44
aeroplane 0.513983 54.85 68.90 81.12 99.44
bottle 0.513964 128.33 103.77 224.00 220.70
dog 0.513940 200.63 0.00 224.00 32.70
sheep 0.513932 196.23 30.95 211.65 50.56
aeroplane 0.513926 34.78 8.61 73.54 41.66
cat 0.513903 207.30 117.88 224.00 145.70
bird 0.513899 0.00 119.92 5.89 152.38
sheep 0.513877 138.09 189.48 162.27 217.60
aeroplane 0.513856 4.01 0.00 40.31 20.57
sheep 0.513854 188.24 33.58 203.67 50.61
dog 0.513836 90.78 144.52 106.37 160.96
sheep 0.513831 187.91 16.25 209.44 35.78
bottle 0.513806 50.38 199.29 77.77 224.00
sheep 0.513744 148.16 43.10 170.96 61.62
aeroplane 0.513743 34.03 61.93 65.89 99.75
sheep 0.513725 43.74 182.90 59.36 200.71
dog 0.513692 81.26 142.29 100.49 162.65
sheep 0.513690 162.42 16.87 181.04 37.82
dog 0.513654 69.41 101.38 95.42 119.79
dog 0.513607 69.41 56.62 93.88 80.85
sheep 0.513590 194.61 90.35 215.23 105.06
sheep 0.513589 62.39 160.02 79.47 189.56
cat 0.513556 124.47 159.19 144.08 188.84
sheep 0.513551 37.00 182.23 52.10 200.26
sheep 0.513512 79.36 108.12 101.39 123.69
sheep 0.513488 200.58 174.21 222.89 196.97
sheep 0.513484 170.51 17.15 188.13 36.95
aeroplane 0.513455 44.70 65.44 74.53 99.62
sheep 0.513342 188.45 41.02 201.38 57.46
dog 0.513311 71.07 110.02 93.73 132.18
aeroplane 0.513308 58.26 8.78 96.78 41.93
dog 0.513305 67.59 36.87 96.19 74.49
dog 0.513293 58.96 112.62 78.73 147.39
sheep 0.513250 130.78 37.24 161.33 59.57
cat 0.513242 116.61 147.05 133.73 159.06
dog 0.513231 70.77 115.66 92.17 142.61
bottle 0.513153 101.60 206.32 130.21 224.00
cat 0.513100 123.79 116.69 139.15 132.25
bottle 0.513092 0.00 136.42 14.54 157.07
sheep 0.513091 165.10 45.91 179.83 67.08
dog 0.513070 68.60 68.17 93.07 88.13
sheep 0.513041 0.00 118.45 15.97 142.82
sheep 0.513011 113.56 106.20 131.03 116.82
bottle 0.512984 109.04 206.04 138.75 224.00
dog 0.512933 59.62 137.00 79.59 166.24
dog 0.512915 52.36 64.28 79.80 92.07
sheep 0.512905 180.36 3.60 204.38 25.76
sheep 0.512877 51.15 154.93 66.59 176.85
sheep 0.512872 187.73 24.07 206.37 43.83
dog 0.512838 61.19 90.35 92.25 117.16
cat 0.512831 150.21 110.34 170.39 124.56
sheep 0.512804 206.34 86.06 224.00 112.68
sheep 0.512781 29.07 182.53 42.89 198.09
dog 0.512775 201.52 8.38 223.66 39.04
sheep 0.512772 185.58 73.56 202.58 86.21
aeroplane 0.512751 49.24 100.42 76.26 136.05
aeroplane 0.512742 0.00 49.05 21.25 90.00
sheep 0.512728 187.52 82.09 205.13 95.48
sheep 0.512727 188.69 90.72 207.26 103.66
bottle 0.512725 30.11 186.97 44.08 205.58
dog 0.512720 91.88 10.89 135.22 38.02
dog 0.512711 62.10 56.55 86.99 82.80
cat 0.512687 205.06 131.25 224.00 160.34
cat 0.512640 149.59 103.86 169.59 116.68
cat 0.512629 168.53 132.51 200.70 156.28
bottle 0.512623 9.96 158.58 23.23 172.84
bottle 0.512616 0.00 186.69 15.13 215.16
dog 0.512614 61.98 80.66 89.79 108.25
sheep 0.512607 145.09 2.13 171.48 26.51
dog 0.512606 100.91 135.74 112.21 149.27
dog 0.512557 201.57 181.74 221.63 203.43
dog 0.512499 77.55 103.17 101.35 118.99
sheep 0.512495 131.39 44.38 159.95 65.86
sheep 0.512481 107.29 137.85 119.73 148.80
cat 0.512445 124.22 137.11 142.06 153.80
cat 0.512442 123.89 126.60 139.67 142.35
bottle 0.512412 0.00 172.03 15.94 199.10
cat 0.512358 139.66 96.13 159.98 107.46
sheep 0.512332 50.59 173.50 69.89 196.26
dog 0.512321 67.75 75.46 92.43 97.00
sheep 0.512318 199.21 165.78 223.51 189.47
sheep 0.512296 0.00 127.55 15.03 150.27
dog 0.512273 78.43 55.56 101.87 79.48
cat 0.512237 202.53 139.63 224.00 165.95
dog 0.512223 147.26 189.93 175.14 215.37
sheep 0.512204 197.00 39.86 210.09 57.83
cat 0.512194 159.31 118.97 181.58 132.14
bottle 0.512170 43.58 200.08 69.21 224.00
dog 0.512169 59.37 125.40 79.59 158.35
sheep 0.512146 108.39 118.78 118.03 127.96
dog 0.512132 88.02 67.61 108.08 86.00
bottle 0.512122 0.00 162.50 16.09 189.90
sheep 0.512109 170.42 59.04 187.10 77.47
sheep 0.512071 194.53 81.42 214.39 97.71
cat 0.512069 115.36 118.08 128.11 129.88
sheep 0.512064 49.96 148.43 66.05 168.56
sheep 0.512029 177.98 25.88 197.25 44.16
sheep 0.512010 103.64 116.14 110.89 127.97
aeroplane 0.512002 16.39 46.41 61.20 93.82
dog 0.511976 76.60 68.09 100.40 87.82
sheep 0.511933 178.28 48.51 192.17 65.89
sheep 0.511863 202.62 189.92 220.96 212.53
aeroplane 0.511854 4.31 82.68 25.67 103.38
sheep 0.511854 121.88 93.17 142.23 110.15
sheep 0.511846 128.37 4.49 161.37 27.48
dog 0.511825 79.57 129.97 98.59 154.05
sheep 0.511811 8.23 148.00 22.08 156.96
sheep 0.511805 179.62 16.48 201.56 34.75
sheep 0.511762 124.28 80.20 143.09 99.26
sheep 0.511754 115.74 138.24 131.96 150.73
sheep 0.511733 119.06 74.15 142.04 82.22
bottle 0.511719 136.98 149.38 224.00 224.00
dog 0.511705 54.65 84.62 88.18 121.09
sheep 0.511698 19.71 153.37 31.23 162.37
sheep 0.511675 108.09 127.05 117.96 137.64
sheep 0.511663 185.47 61.52 201.04 76.30
sheep 0.511661 51.56 163.12 68.95 187.09
sheep 0.511618 178.13 60.51 193.73 76.76
bottle 0.511604 92.34 206.16 123.00 224.00
dog 0.511592 91.88 40.26 119.37 72.75
sheep 0.511588 143.88 28.22 172.39 50.05
sheep 0.511571 194.03 72.57 212.91 88.66
sheep 0.511558 35.59 157.28 51.86 176.40
dog 0.511526 204.76 16.01 223.12 45.94
sheep 0.511519 116.22 51.00 141.70 71.52
dog 0.511518 146.84 206.89 183.37 224.00
bottle 0.511510 5.36 189.91 24.17 207.65
cat 0.511490 149.11 96.72 168.33 107.87
sheep 0.511450 163.27 56.91 179.13 76.86
dog 0.511433 88.85 55.30 109.16 78.24
cat 0.511395 115.36 127.48 128.88 139.69
sheep 0.511387 5.53 104.34 23.01 117.89
dog 0.511373 59.43 36.82 88.13 75.48
sheep 0.511350 103.05 123.67 110.42 137.15
dog 0.511342 100.21 70.39 117.94 82.79
aeroplane 0.511323 35.50 120.14 51.16 143.96
bottle 0.511311 20.54 188.74 33.64 203.36
sheep 0.511290 96.02 95.84 114.40 112.82
dog 0.511258 91.04 132.79 104.75 151.58
aeroplane 0.511247 54.75 74.94 84.37 109.59
bottle 0.511223 20.51 183.48 32.52 195.53
sheep 0.511217 41.79 157.05 58.05 175.84
sheep 0.511208 187.27 49.22 200.45 65.88
cat 0.511201 160.88 104.13 180.90 116.33
sheep 0.511199 35.82 175.36 54.22 195.31
sheep 0.511180 20.10 159.42 31.90 171.25
bottle 0.511179 5.99 183.78 23.32 199.44
sheep 0.511125 6.53 112.60 22.78 126.26
sheep 0.511104 36.17 149.88 50.70 165.81
sheep 0.511076 179.69 74.33 196.29 87.08
cat 0.511063 161.93 97.38 180.46 108.08
aeroplane 0.511042 50.84 114.18 67.90 145.18
sheep 0.511034 27.89 157.98 42.99 174.43
sheep 0.510986 208.27 76.90 224.00 106.24
sheep 0.510974 42.30 175.40 61.06 195.34
sheep 0.510956 117.69 64.19 142.01 76.38
sheep 0.510945 28.27 150.81 41.42 164.12
cat 0.510937 160.30 111.24 181.04 124.32
sheep 0.510893 35.85 165.97 53.93 187.37
sheep 0.510872 171.81 73.63 189.83 86.59
aeroplane 0.510865 35.70 49.05 72.08 91.42
dog 0.510840 86.43 74.40 107.22 95.72
sheep 0.510806 41.56 150.20 57.06 166.21
aeroplane 0.510792 41.33 101.44 65.51 138.77
sheep 0.510791 42.19 165.74 60.28 186.71
aeroplane 0.510791 41.85 117.01 58.55 144.07
cat 0.510784 171.33 126.16 197.52 141.61
cat 0.510763 200.22 147.30 224.00 171.53
sheep 0.510755 28.42 175.24 44.43 191.97
sheep 0.510719 162.45 71.04 178.97 85.21
cat 0.510712 136.03 87.29 157.89 96.31
aeroplane 0.510707 49.71 53.57 79.75 86.38
bottle 0.510653 36.14 199.68 61.86 224.00
sheep 0.510652 163.23 81.09 178.95 92.14
dog 0.510619 80.00 110.77 99.20 129.10
aeroplane 0.510550 4.47 92.88 23.38 110.52
sheep 0.510529 36.94 132.06 49.45 148.13
aeroplane 0.510513 34.38 112.36 52.15 141.36
sheep 0.510495 106.55 95.62 123.05 109.80
sheep 0.510494 198.42 156.15 224.00 180.05
sheep 0.510493 208.89 26.72 222.46 52.90
sheep 0.510470 194.86 61.62 211.52 78.26
sheep 0.510443 163.04 89.65 179.61 99.81
aeroplane 0.510430 20.15 26.92 63.64 86.80
dog 0.510421 80.22 117.17 97.09 140.23
dog 0.510358 74.20 75.62 99.05 97.89
sheep 0.510353 27.54 126.00 41.49 142.16
sheep 0.510353 95.27 112.71 104.91 128.36
dog 0.510346 84.88 95.42 107.48 114.59
dog 0.510325 100.60 75.02 116.53 90.67
dog 0.510320 97.21 81.79 115.10 102.90
cat 0.510188 148.14 88.67 166.69 98.16
sheep 0.510128 143.41 16.93 171.19 38.13
cat 0.510118 133.14 81.12 156.67 87.24
dog 0.510108 98.13 58.21 118.21 76.00
sheep 0.510080 37.28 142.44 49.59 155.94
aeroplane 0.510068 49.11 79.34 80.54 122.92
sheep 0.510037 209.51 67.73 224.00 97.37
sheep 0.510033 20.52 146.67 30.45 152.73
sheep 0.509982 127.12 27.36 161.54 52.48
sheep 0.509972 28.52 166.08 44.64 184.56
sheep 0.509954 196.37 49.58 210.22 67.24
dog 0.509946 93.74 119.91 103.06 138.34
sheep 0.509943 182.94 83.87 199.84 96.22
cat 0.509929 184.92 99.37 202.99 111.26
bottle 0.509901 8.79 165.05 22.92 181.90
bottle 0.509890 6.54 174.56 23.29 190.96
bottle 0.509887 20.68 175.34 32.84 188.08
aeroplane 0.509873 50.14 139.46 66.71 159.97
dog 0.509816 102.27 47.30 131.51 70.70
aeroplane 0.509787 31.20 29.26 70.66 83.06
sheep 0.509775 112.03 73.47 133.93 80.01
sheep 0.509739 7.04 140.00 21.38 149.48
sheep 0.509724 114.96 94.43 133.78 108.66
dog 0.509686 82.82 82.72 106.29 107.87
sheep 0.509651 29.52 135.90 40.21 146.49
sheep 0.509640 41.90 142.28 56.20 156.57
bottle 0.509628 21.05 166.41 32.71 180.11
sheep 0.509620 5.85 121.29 22.32 135.28
aeroplane 0.509592 42.11 129.82 56.47 148.36
aeroplane 0.509588 50.53 126.90 66.56 152.01
cat 0.509581 146.84 81.62 165.94 89.78
sheep 0.509574 29.82 143.64 40.29 153.87
dog 0.509571 72.44 94.21 100.41 114.44
aeroplane 0.509567 14.60 77.89 34.68 99.12
sheep 0.509562 174.55 84.00 193.06 94.03
cat 0.509513 184.44 124.26 204.10 141.10
sheep 0.509509 26.06 117.54 43.13 137.99
sheep 0.509507 174.57 100.00 195.43 108.86
bottle 0.509467 27.20 200.18 52.77 224.00
cat 0.509416 185.02 105.31 202.61 117.85
sheep 0.509309 184.59 92.00 202.28 104.42
cat 0.509292 172.69 120.40 195.58 131.42
aeroplane 0.509276 45.88 33.79 80.07 78.46
sheep 0.509276 146.95 48.42 168.71 67.63
sheep 0.509253 130.32 74.55 156.31 82.01
sheep 0.509210 120.92 76.88 140.23 86.84
sheep 0.509190 20.51 139.48 30.38 145.15
sheep 0.509170 19.04 130.79 31.03 139.45
sheep 0.509142 5.78 130.89 21.53 142.79
cat 0.509087 173.84 106.41 195.32 116.20
sheep 0.509026 175.29 92.00 194.88 101.72
dog 0.508993 108.64 62.59 132.43 74.20
sheep 0.508916 17.88 121.78 32.24 133.14
sheep 0.508909 210.91 36.61 222.10 61.92
dog 0.508895 70.64 83.59 98.38 108.98
sheep 0.508858 129.20 52.09 158.24 72.46
sheep 0.508827 125.96 17.04 160.31 39.74
sheep 0.508762 144.77 73.03 165.98 83.28
cat 0.508719 185.29 119.08 202.94 131.92
sheep 0.508689 16.95 113.51 33.33 125.81
sheep 0.508663 210.97 57.99 224.00 86.16
aeroplane 0.508659 24.99 109.99 45.81 132.98
cat 0.508522 173.25 113.33 195.31 123.99
bottle 0.508498 4.15 203.04 30.47 224.00
aeroplane 0.508452 15.68 104.81 32.96 117.82
cat 0.508433 185.10 112.21 202.61 124.85
bottle 0.508431 16.91 202.20 41.35 224.00
sheep 0.508283 113.53 76.19 131.98 85.80
sheep 0.508237 144.55 59.88 166.48 76.60
sheep 0.508175 128.41 63.49 156.45 78.50
sheep 0.507989 111.18 80.93 128.16 97.34
aeroplane 0.507947 34.08 93.96 57.05 134.05
aeroplane 0.507899 15.42 89.87 32.14 107.48
sheep 0.507823 211.42 47.09 223.28 73.40
aeroplane 0.507701 42.36 74.87 70.03 123.23
aeroplane 0.507410 24.49 99.84 46.32 126.02
sheep 0.507128 119.75 80.20 138.09 96.01
aeroplane 0.506971 23.96 81.65 44.17 111.90
aeroplane 0.506709 33.61 74.60 56.03 118.47
