aeroplane 0.572230 91.82 48.68 215.90 222.57
train 0.562320 75.68 56.32 224.00 224.00
pottedplant 0.561987 60.70 162.84 73.80 191.79
boat 0.556145 120.91 56.43 221.60 222.47
boat 0.552998 198.30 37.50 224.00 68.36
pottedplant 0.551170 56.78 161.27 71.03 192.60
boat 0.550860 0.00 59.13 155.93 224.00
train 0.550701 161.13 37.78 224.00 214.88
aeroplane 0.547011 4.28 63.70 155.39 224.00
pottedplant 0.546868 64.69 163.25 79.52 190.84
pottedplant 0.545087 0.00 138.98 18.03 206.60
aeroplane 0.543643 130.45 56.04 224.00 214.07
pottedplant 0.543572 3.99 138.23 25.52 202.85
pottedplant 0.542921 18.85 142.47 35.84 197.66
train 0.542713 200.08 38.02 224.00 66.02
car 0.542568 28.74 71.25 180.04 224.00
boat 0.540750 202.87 42.47 224.00 77.13
pottedplant 0.540322 11.20 138.86 30.49 200.55
train 0.539701 135.04 40.49 209.14 201.97
boat 0.539300 0.00 58.75 92.68 213.75
car 0.539035 0.00 31.80 114.80 224.00
boat 0.536892 66.97 33.49 110.32 54.83
aeroplane 0.536393 17.90 39.69 78.18 57.72
person 0.536307 85.91 198.26 121.44 224.00
aeroplane 0.536123 136.49 130.60 185.45 194.69
bottle 0.535919 0.00 148.39 35.50 224.00
pottedplant 0.535890 24.19 147.31 40.50 195.06
train 0.535889 54.56 140.74 182.09 224.00
aeroplane 0.535581 153.06 130.49 190.15 196.50
aeroplane 0.535478 38.95 69.30 191.92 212.82
pottedplant 0.535130 69.82 163.63 85.95 190.80
aeroplane 0.535118 35.64 81.98 65.76 114.45
bottle 0.535101 77.74 194.40 105.29 224.00
car 0.535032 42.09 36.29 143.96 208.93
car 0.535030 57.96 140.79 174.78 224.00
train 0.535016 83.91 43.24 181.49 202.06
pottedplant 0.534619 81.48 187.39 100.65 218.86
boat 0.534539 214.79 59.44 224.00 101.12
person 0.533737 92.96 203.34 130.03 224.00
boat 0.533672 0.00 83.26 57.98 215.85
train 0.533633 129.73 66.66 223.65 224.00
train 0.533363 51.11 39.25 156.12 207.69
bird 0.533330 152.98 37.24 223.42 214.67
bottle 0.533058 0.00 101.57 45.94 222.72
boat 0.533000 46.82 80.20 172.40 224.00
pottedplant 0.532979 59.65 171.51 74.68 204.11
train 0.532947 178.33 169.70 224.00 224.00
boat 0.532932 135.87 124.15 181.46 188.83
boat 0.532886 208.56 49.27 224.00 88.75
aeroplane 0.532678 184.50 0.00 224.00 46.33
boat 0.532644 0.00 101.06 10.49 156.30
aeroplane 0.532609 51.99 0.00 112.80 31.39
train 0.532516 36.48 93.58 196.35 224.00
bottle 0.532408 71.01 193.93 97.29 224.00
person 0.532316 87.84 187.73 107.81 220.75
boat 0.532226 220.00 88.11 224.00 130.43
boat 0.531114 218.42 69.74 224.00 111.42
aeroplane 0.530904 2.97 0.00 80.64 24.44
bottle 0.530726 0.00 170.44 24.63 224.00
bottle 0.530706 0.00 203.69 28.39 224.00
pottedplant 0.530675 49.38 159.37 68.44 193.26
car 0.530403 220.00 127.89 224.00 187.58
pottedplant 0.530285 73.94 183.73 92.63 216.37
person 0.530285 102.83 207.60 142.53 224.00
pottedplant 0.530226 0.00 172.97 14.58 224.00
aeroplane 0.530041 128.11 181.93 175.60 224.00
dog 0.529976 0.00 0.00 48.63 42.29
aeroplane 0.529831 22.07 77.88 61.99 118.67
boat 0.529758 40.47 84.19 68.70 114.68
bird 0.529644 123.00 181.30 167.62 224.00
aeroplane 0.529626 158.62 92.53 224.00 219.89
aeroplane 0.529618 219.69 132.39 224.00 194.47
tvmonitor 0.529504 0.00 106.85 10.79 164.58
aeroplane 0.529471 193.28 131.16 217.51 197.92
person 0.529176 94.19 186.10 115.93 223.00
boat 0.529055 24.89 0.00 97.57 35.26
person 0.529006 210.12 203.93 224.00 224.00
pottedplant 0.528678 33.91 153.57 53.72 194.36
bird 0.528631 131.83 42.16 206.13 203.43
boat 0.528548 62.86 22.64 111.43 51.75
bottle 0.528511 62.07 191.97 86.70 224.00
sheep 0.528502 11.40 0.00 82.44 37.75
aeroplane 0.528453 174.84 22.47 224.00 143.68
pottedplant 0.528366 0.00 154.20 22.83 216.99
boat 0.527836 169.38 0.00 224.00 37.86
boat 0.527721 116.14 170.98 153.09 218.47
boat 0.527684 36.71 0.00 120.75 32.28
boat 0.527673 0.00 106.64 21.25 155.29
boat 0.527649 129.97 134.81 171.86 190.25
car 0.527587 220.00 97.00 224.00 147.80
aeroplane 0.527546 163.70 133.09 204.75 193.80
person 0.527452 110.81 209.62 153.68 224.00
boat 0.527413 57.75 0.00 157.70 31.56
bottle 0.527270 74.23 186.84 93.28 222.43
aeroplane 0.527261 160.00 34.04 224.00 168.15
train 0.527254 96.64 163.45 196.30 224.00
boat 0.527176 201.94 27.45 224.00 61.43
aeroplane 0.527168 183.96 132.04 212.27 194.14
bird 0.526841 144.31 0.00 224.00 157.71
boat 0.526762 124.04 171.91 165.95 219.34
pottedplant 0.526663 0.00 114.52 13.59 180.07
train 0.526616 125.90 168.60 214.79 224.00
pottedplant 0.526470 73.01 178.91 90.23 208.64
boat 0.526459 0.00 62.08 62.11 178.64
car 0.526424 110.77 157.91 123.85 199.44
person 0.526365 7.37 24.97 126.08 224.00
sheep 0.526335 107.50 180.38 138.59 224.00
aeroplane 0.526298 44.34 35.98 162.73 160.82
boat 0.526242 47.49 84.03 72.38 108.57
boat 0.526241 0.00 80.11 10.68 140.57
boat 0.526204 110.47 163.15 135.33 217.24
aeroplane 0.526106 58.12 6.66 110.63 46.92
train 0.525984 208.96 9.80 224.00 33.65
train 0.525957 188.93 40.41 224.00 62.26
pottedplant 0.525849 57.61 174.86 73.74 213.02
boat 0.525616 114.30 90.54 131.21 110.56
aeroplane 0.525616 142.68 145.96 183.18 205.85
pottedplant 0.525608 72.58 169.95 86.93 199.68
aeroplane 0.525598 220.00 152.16 224.00 213.39
bird 0.525592 117.80 210.27 163.58 224.00
aeroplane 0.525538 205.79 0.00 224.00 23.84
car 0.525501 0.00 60.82 12.81 120.26
pottedplant 0.525427 63.64 177.58 80.96 212.58
car 0.525425 113.44 157.89 133.06 207.98
person 0.525415 99.67 182.69 123.92 224.00
car 0.525372 107.60 86.57 121.51 105.19
cow 0.525330 0.00 0.00 87.83 152.36
boat 0.525304 107.79 89.91 122.31 108.79
boat 0.525273 19.28 93.26 51.82 140.56
car 0.525192 100.81 85.44 114.19 104.21
boat 0.525101 29.95 38.69 82.37 58.62
person 0.525010 102.19 160.26 115.29 196.96
bottle 0.524982 16.65 208.06 52.92 224.00
bottle 0.524865 9.85 150.31 81.56 224.00
aeroplane 0.524745 21.06 91.30 56.62 137.60
bottle 0.524729 0.00 188.19 17.04 224.00
aeroplane 0.524715 8.81 63.07 46.20 109.19
tvmonitor 0.524714 0.87 117.93 22.53 182.42
person 0.524691 78.11 167.92 93.52 193.58
bottle 0.524585 7.97 206.58 41.70 224.00
car 0.524433 0.00 59.09 36.14 110.15
bird 0.524419 0.00 26.20 35.22 121.76
aeroplane 0.524402 132.90 160.56 177.07 217.39
boat 0.524357 12.01 108.42 29.91 151.67
boat 0.524347 22.29 105.27 45.11 148.93
car 0.524336 152.57 0.00 218.48 37.73
bottle 0.524326 44.27 149.80 138.75 224.00
car 0.524310 114.18 86.65 130.21 106.25
train 0.524216 206.60 18.44 224.00 47.66
car 0.524071 94.34 85.03 108.48 102.65
person 0.523988 109.07 160.12 123.28 207.52
car 0.523921 71.98 0.00 167.89 35.16
train 0.523921 206.96 0.00 224.00 26.40
boat 0.523905 159.12 113.03 187.81 178.42
bottle 0.523891 60.69 181.38 75.44 219.27
boat 0.523869 132.76 152.99 169.36 209.94
bird 0.523851 135.27 210.63 177.98 224.00
person 0.523848 93.38 42.53 188.22 200.32
aeroplane 0.523844 25.39 0.00 99.30 27.33
person 0.523806 40.65 22.64 145.10 214.12
boat 0.523796 18.69 106.74 38.49 149.67
boat 0.523775 75.36 83.98 91.86 103.95
aeroplane 0.523758 220.00 175.57 224.00 224.00
boat 0.523540 0.00 46.77 44.47 151.42
boat 0.523495 91.22 0.00 195.91 147.85
person 0.523490 87.63 163.39 105.12 192.43
bottle 0.523278 29.50 151.25 110.52 224.00
aeroplane 0.523196 204.94 128.18 223.14 195.53
boat 0.523179 101.24 88.44 114.62 107.34
boat 0.523142 121.11 89.80 139.50 112.88
boat 0.523093 86.64 84.49 101.48 101.82
boat 0.523051 118.43 156.60 141.21 207.64
aeroplane 0.522936 0.00 0.00 29.09 21.82
boat 0.522909 167.61 88.84 201.07 130.57
sheep 0.522909 194.20 208.14 224.00 224.00
tvmonitor 0.522888 12.74 112.29 27.98 161.79
bottle 0.522856 54.01 194.59 77.46 224.00
tvmonitor 0.522836 11.59 119.24 29.29 182.17
person 0.522833 103.87 166.31 122.03 217.76
boat 0.522728 166.79 102.69 191.28 146.56
car 0.522705 101.44 158.40 115.60 191.91
boat 0.522705 58.28 84.06 79.88 106.80
boat 0.522673 60.46 0.00 169.06 147.07
pottedplant 0.522480 59.12 154.94 73.10 187.64
boat 0.522433 25.44 103.84 52.23 145.30
boat 0.522382 124.48 0.00 218.86 152.59
aeroplane 0.522320 168.83 133.15 224.00 224.00
bird 0.522294 0.00 0.00 37.87 83.66
bird 0.522288 125.72 199.64 172.30 224.00
bottle 0.522285 8.51 153.35 28.52 213.42
bottle 0.522168 64.29 182.44 81.49 219.45
bottle 0.522164 26.97 206.45 63.08 224.00
aeroplane 0.522156 131.97 7.16 148.90 30.21
pottedplant 0.522153 54.47 154.52 69.78 189.12
boat 0.522119 37.20 35.67 99.38 56.42
aeroplane 0.522054 179.98 151.23 211.01 204.69
car 0.522044 0.00 50.81 23.00 102.53
aeroplane 0.521961 11.72 38.68 59.59 60.01
aeroplane 0.521955 180.19 0.00 224.00 87.78
aeroplane 0.521948 39.17 78.41 69.28 106.90
boat 0.521919 126.06 155.18 152.93 208.92
car 0.521840 114.05 155.39 129.84 193.57
boat 0.521797 41.72 34.50 147.92 158.94
boat 0.521735 34.00 0.00 135.56 141.67
pottedplant 0.521618 79.86 173.54 94.60 203.58
boat 0.521566 124.93 146.47 148.97 193.76
boat 0.521537 175.86 88.24 211.35 127.01
aeroplane 0.521530 0.00 70.54 30.92 128.32
boat 0.521477 130.39 119.34 166.32 173.20
boat 0.521429 28.67 86.29 133.94 218.32
boat 0.521419 27.92 92.32 62.47 133.74
boat 0.521387 0.00 83.13 26.89 139.55
car 0.521347 129.01 0.00 205.17 36.93
aeroplane 0.521296 56.09 18.78 157.79 112.11
boat 0.521278 114.27 95.42 131.53 116.61
car 0.521227 183.91 126.80 213.89 187.14
boat 0.521201 120.80 131.24 152.46 184.19
aeroplane 0.521185 138.48 6.83 154.60 29.04
boat 0.521174 168.89 106.82 201.20 159.92
boat 0.521172 163.77 106.72 185.45 159.32
bird 0.521141 111.79 197.69 153.44 224.00
aeroplane 0.521123 166.85 80.95 203.67 122.95
person 0.521115 96.62 171.52 111.92 216.58
boat 0.521071 166.02 116.44 203.14 178.66
aeroplane 0.521063 0.00 53.44 40.32 100.47
sheep 0.521056 183.68 211.45 222.07 224.00
person 0.521053 87.61 174.62 103.64 210.46
dog 0.521003 142.56 211.80 184.23 224.00
train 0.521003 181.94 40.25 216.69 59.57
aeroplane 0.520967 11.27 72.85 46.10 124.69
aeroplane 0.520964 171.82 67.18 213.14 99.31
boat 0.520949 95.00 87.46 108.07 105.69
boat 0.520900 183.59 118.66 214.38 177.69
boat 0.520864 81.38 33.69 124.48 53.84
bottle 0.520801 41.93 200.50 70.49 224.00
boat 0.520790 182.76 107.25 212.61 159.96
pottedplant 0.520754 49.77 169.46 68.35 206.01
boat 0.520739 19.47 111.83 35.51 161.26
boat 0.520683 121.06 95.14 139.81 119.07
sheep 0.520623 151.50 212.46 191.78 224.00
person 0.520592 104.23 195.51 139.44 224.00
sheep 0.520513 215.58 192.76 224.00 224.00
boat 0.520499 10.84 99.61 34.96 143.72
boat 0.520446 59.27 0.71 154.23 62.64
boat 0.520440 196.04 117.30 218.85 176.05
boat 0.520410 179.32 63.93 218.86 96.50
boat 0.520373 33.74 105.12 59.38 141.07
boat 0.520358 144.53 111.50 173.81 157.56
aeroplane 0.520330 125.00 0.00 156.41 18.33
aeroplane 0.520253 4.92 0.00 55.43 21.47
sheep 0.520233 8.36 0.00 115.53 185.60
aeroplane 0.520165 60.49 0.00 157.45 70.20
boat 0.520008 133.20 17.02 148.15 36.50
boat 0.519982 126.89 88.86 146.30 115.41
aeroplane 0.519975 169.47 74.21 207.62 112.65
boat 0.519922 185.95 0.00 220.55 19.43
boat 0.519872 46.28 109.44 65.22 139.80
boat 0.519855 59.22 123.07 71.20 152.29
dog 0.519846 186.04 0.00 219.55 22.23
tvmonitor 0.519792 14.61 135.66 35.75 196.66
boat 0.519773 55.77 113.47 71.92 140.21
boat 0.519769 55.29 16.31 142.71 108.61
aeroplane 0.519709 9.38 53.60 52.47 98.63
tvmonitor 0.519660 17.33 119.88 36.19 182.17
boat 0.519631 117.22 152.17 137.04 193.57
aeroplane 0.519578 195.52 0.00 224.00 20.84
boat 0.519547 139.82 17.21 153.71 35.43
aeroplane 0.519521 167.81 9.79 224.00 106.09
aeroplane 0.519519 105.63 0.00 143.55 19.09
boat 0.519472 66.14 124.89 77.98 152.92
boat 0.519458 108.25 94.09 123.09 114.45
boat 0.519425 197.72 106.19 217.89 157.16
aeroplane 0.519380 10.64 83.49 41.33 135.22
car 0.519360 126.19 84.35 145.47 111.09
boat 0.519312 193.62 61.54 221.16 92.99
boat 0.519299 181.29 100.01 210.16 143.34
boat 0.519289 40.11 96.34 66.74 132.22
boat 0.519269 127.60 94.92 147.16 121.11
train 0.519192 198.23 27.48 224.00 60.63
boat 0.519186 72.35 79.41 92.42 99.87
aeroplane 0.519181 165.21 151.45 203.83 202.41
boat 0.519166 24.04 112.11 42.20 161.68
pottedplant 0.519102 52.06 143.18 67.57 180.24
dog 0.519080 167.40 0.00 206.52 18.57
boat 0.519064 122.06 102.95 140.14 126.01
boat 0.519064 64.25 116.84 79.35 141.03
boat 0.519043 115.57 102.59 131.72 124.04
boat 0.519030 109.83 152.28 124.31 188.77
boat 0.519023 93.47 80.87 109.20 99.99
aeroplane 0.518912 86.76 0.00 133.15 21.81
boat 0.518907 125.51 120.39 152.50 171.61
boat 0.518893 84.98 80.45 103.00 99.16
aeroplane 0.518893 6.36 21.70 66.79 56.38
boat 0.518883 74.97 87.44 91.01 110.39
boat 0.518848 50.94 119.90 64.60 152.54
boat 0.518779 128.53 103.16 147.95 128.17
boat 0.518779 135.44 114.44 162.43 155.66
bottle 0.518774 36.72 163.31 54.69 205.89
aeroplane 0.518694 192.19 160.24 219.25 209.70
sheep 0.518668 51.27 129.40 65.66 168.97
sheep 0.518664 167.69 212.44 209.38 224.00
boat 0.518658 177.28 72.09 215.10 108.93
boat 0.518654 193.65 52.60 223.60 81.21
boat 0.518639 133.80 24.20 147.14 42.80
bird 0.518614 89.22 8.12 192.69 182.28
aeroplane 0.518504 5.63 0.10 69.20 43.19
boat 0.518467 108.10 141.73 125.31 184.27
bottle 0.518435 50.63 174.30 67.78 214.47
boat 0.518400 130.14 111.26 148.77 136.63
boat 0.518392 123.64 111.63 140.16 133.29
boat 0.518375 47.00 120.11 151.08 224.00
train 0.518351 192.35 9.74 219.57 28.30
boat 0.518348 198.86 95.30 214.88 128.31
aeroplane 0.518321 71.54 0.00 121.89 26.17
bottle 0.518208 0.26 188.42 29.86 224.00
bottle 0.518187 27.13 158.70 43.64 206.69
boat 0.518160 208.31 121.65 222.52 184.21
boat 0.518112 196.97 89.06 217.13 122.19
pottedplant 0.518110 57.83 143.74 72.44 178.65
boat 0.518066 117.49 111.24 131.37 131.02
train 0.518050 175.75 41.54 200.55 57.10
boat 0.518006 58.02 131.09 71.79 167.35
boat 0.518004 14.09 65.29 120.38 193.98
aeroplane 0.517995 155.44 150.69 193.61 202.50
bird 0.517979 4.43 27.21 62.57 122.12
boat 0.517972 73.44 37.53 107.95 62.60
aeroplane 0.517834 17.19 28.02 77.13 59.05
car 0.517813 160.95 0.00 197.18 19.06
dog 0.517782 131.16 198.92 178.08 224.00
boat 0.517781 137.53 110.64 160.90 140.88
train 0.517740 174.54 34.85 200.30 53.16
boat 0.517705 105.57 82.53 120.23 101.91
boat 0.517696 109.44 102.05 123.13 122.60
boat 0.517688 104.86 32.67 132.13 52.39
boat 0.517667 73.30 125.47 84.55 152.93
boat 0.517665 140.47 25.06 153.28 42.48
boat 0.517611 111.39 140.11 132.84 186.14
boat 0.517539 129.95 114.72 150.27 151.93
cow 0.517530 35.79 0.00 142.78 180.82
boat 0.517460 114.93 136.20 141.82 185.43
boat 0.517444 101.48 92.67 115.60 113.39
boat 0.517408 29.35 112.91 50.43 158.70
aeroplane 0.517398 144.33 163.21 185.38 213.01
tvmonitor 0.517379 21.52 122.13 41.99 182.04
aeroplane 0.517354 126.09 6.58 144.91 29.90
train 0.517343 111.09 128.87 210.70 224.00
pottedplant 0.517335 44.28 153.85 64.71 192.67
car 0.517294 141.93 0.00 173.44 17.95
boat 0.517286 112.66 151.03 130.16 189.65
boat 0.517263 147.85 107.96 173.37 143.87
train 0.517254 194.98 0.00 223.73 23.31
sheep 0.517227 57.15 0.00 170.76 184.80
boat 0.517182 212.00 92.56 224.00 130.64
boat 0.517168 64.28 132.27 77.66 167.96
boat 0.517157 39.34 115.97 57.99 154.63
aeroplane 0.517157 4.63 36.05 49.44 65.61
train 0.517140 168.75 0.00 206.97 21.08
boat 0.517099 49.46 100.61 72.27 132.42
boat 0.517097 100.19 153.26 115.41 186.66
boat 0.517089 120.35 122.78 143.69 171.26
boat 0.517087 97.39 142.40 115.27 181.59
dog 0.517038 168.75 34.20 184.50 51.79
boat 0.517035 77.56 24.57 124.57 50.00
boat 0.516967 124.42 115.34 141.69 148.58
sheep 0.516963 40.28 127.43 58.49 173.82
aeroplane 0.516920 1.06 45.84 44.81 86.42
boat 0.516919 174.14 57.79 218.31 83.31
boat 0.516917 166.27 91.07 187.42 133.24
boat 0.516859 111.65 110.90 122.12 129.93
bottle 0.516852 13.57 171.06 35.27 221.73
bottle 0.516848 37.42 171.26 56.74 217.61
boat 0.516812 156.62 0.00 223.01 72.14
boat 0.516790 46.12 90.51 71.94 121.62
aeroplane 0.516785 32.96 4.80 104.78 51.63
boat 0.516771 135.30 31.20 145.59 48.60
boat 0.516771 112.24 82.32 128.92 101.84
boat 0.516741 115.61 125.32 134.48 171.58
train 0.516738 187.04 47.31 224.00 70.24
car 0.516647 0.00 38.04 30.20 81.05
boat 0.516641 119.49 80.78 137.68 102.04
boat 0.516607 71.03 132.48 84.29 168.56
boat 0.516585 72.96 118.75 86.29 140.83
boat 0.516578 94.49 92.59 108.37 113.49
car 0.516573 153.34 0.00 187.04 18.54
bottle 0.516559 17.81 156.05 35.23 210.26
boat 0.516557 84.41 38.18 123.52 58.25
aeroplane 0.516547 3.73 29.07 49.35 58.27
boat 0.516465 118.51 115.89 132.64 146.70
aeroplane 0.516433 119.72 0.00 148.74 24.02
aeroplane 0.516419 0.00 25.02 30.48 62.08
aeroplane 0.516413 200.75 146.62 221.69 207.92
boat 0.516395 109.71 126.59 124.84 170.80
boat 0.516385 49.62 0.93 118.83 62.49
sheep 0.516345 4.99 2.50 67.09 82.21
aeroplane 0.516342 78.32 1.98 127.46 35.66
boat 0.516311 53.19 78.90 78.86 102.16
boat 0.516290 101.64 101.94 115.06 122.76
pottedplant 0.516260 41.52 142.80 60.87 185.53
dog 0.516240 185.37 8.45 214.76 26.81
boat 0.516209 135.26 94.85 156.98 124.11
boat 0.516169 136.94 103.35 159.05 131.76
boat 0.516148 15.49 48.57 86.53 156.30
boat 0.516141 43.24 78.97 72.10 103.61
tvmonitor 0.516107 28.77 124.58 50.47 179.36
boat 0.516086 211.07 114.59 223.59 175.19
boat 0.516051 133.94 88.57 155.21 118.74
aeroplane 0.516038 14.58 5.27 80.11 51.06
boat 0.516025 81.00 124.77 92.18 151.46
dog 0.516015 125.82 79.00 145.39 102.80
boat 0.516004 59.80 104.91 79.82 133.58
bottle 0.515931 25.17 171.02 46.20 219.64
aeroplane 0.515905 123.88 23.62 140.89 43.70
train 0.515897 174.42 3.01 202.39 25.01
boat 0.515891 57.64 93.82 79.64 122.78
boat 0.515888 123.32 30.84 138.92 49.17
aeroplane 0.515873 125.87 15.83 142.96 36.73
boat 0.515846 78.15 132.22 92.58 169.23
boat 0.515833 195.44 70.60 219.25 103.55
boat 0.515826 92.72 103.62 106.34 124.99
boat 0.515818 91.73 114.99 103.38 134.35
dog 0.515803 180.35 5.69 209.75 25.43
pottedplant 0.515782 75.46 161.35 92.00 189.35
boat 0.515773 112.19 116.11 122.94 145.69
boat 0.515649 82.02 118.25 94.14 138.16
aeroplane 0.515584 166.67 83.41 190.10 125.17
boat 0.515579 102.36 111.87 112.95 131.23
boat 0.515570 212.00 103.35 224.00 158.66
dog 0.515550 133.19 83.67 154.27 112.86
dog 0.515547 168.41 23.07 185.75 44.14
boat 0.515513 212.00 69.65 224.00 106.27
boat 0.515485 77.81 49.72 104.15 79.81
aeroplane 0.515431 105.66 24.42 133.71 47.45
train 0.515422 186.87 26.33 224.00 53.03
boat 0.515409 147.28 94.90 171.00 126.95
train 0.515316 193.85 17.82 223.26 43.78
aeroplane 0.515310 7.69 44.65 53.69 79.79
train 0.515297 174.01 24.19 200.66 45.90
boat 0.515261 90.58 71.73 108.55 95.12
boat 0.515231 86.39 130.76 102.37 169.47
boat 0.515192 146.02 88.01 169.63 120.28
aeroplane 0.515180 26.90 59.03 68.29 98.13
boat 0.515178 160.15 103.71 180.26 147.41
aeroplane 0.515128 190.38 178.56 222.46 224.00
boat 0.515122 149.75 6.46 166.85 25.79
boat 0.515079 196.23 79.77 219.08 113.98
aeroplane 0.515070 0.00 14.52 30.23 52.59
boat 0.515069 142.16 32.28 152.35 48.52
boat 0.515054 84.63 93.69 99.29 116.70
boat 0.515044 97.67 128.50 113.07 170.10
aeroplane 0.515042 176.65 181.29 215.27 224.00
pottedplant 0.515023 27.49 141.54 50.58 191.04
boat 0.515022 85.75 143.40 104.33 179.42
boat 0.514991 22.74 24.35 80.93 116.46
dog 0.514933 170.94 41.24 185.83 56.06
boat 0.514920 89.85 122.14 101.32 149.29
train 0.514871 176.32 45.76 204.25 61.62
train 0.514864 180.86 24.99 216.87 49.38
aeroplane 0.514817 165.73 180.92 206.12 224.00
boat 0.514811 72.34 94.86 89.32 121.60
boat 0.514788 82.88 70.16 103.31 94.96
boat 0.514771 151.54 17.45 165.83 32.59
aeroplane 0.514723 108.68 3.60 139.00 31.86
pottedplant 0.514695 63.35 144.60 77.68 179.51
aeroplane 0.514648 143.31 177.92 187.99 224.00
aeroplane 0.514572 26.69 43.40 71.94 73.80
aeroplane 0.514568 74.37 40.18 185.81 155.35
aeroplane 0.514560 23.40 3.84 84.82 77.12
boat 0.514559 38.02 2.04 99.23 69.75
boat 0.514547 95.21 73.89 112.33 96.20
boat 0.514450 104.12 38.08 130.60 58.13
aeroplane 0.514379 77.79 13.79 125.53 43.53
boat 0.514315 100.85 118.34 111.63 147.19
boat 0.514299 87.36 153.85 104.11 184.96
aeroplane 0.514253 145.55 82.26 168.24 112.17
boat 0.514251 82.24 106.66 96.62 129.27
boat 0.514217 69.67 144.41 84.58 179.31
train 0.514213 168.89 1.44 192.47 25.56
aeroplane 0.514205 2.14 17.79 47.98 49.41
boat 0.514165 71.30 107.48 87.61 132.97
bottle 0.514082 46.40 186.24 68.16 224.00
dog 0.514070 125.74 71.44 146.08 92.61
boat 0.514068 76.34 144.15 93.07 179.32
boat 0.514025 152.24 25.53 165.99 40.31
aeroplane 0.514021 134.04 45.31 206.55 154.57
boat 0.514005 67.16 67.30 92.44 94.41
aeroplane 0.513970 139.01 9.00 204.88 91.44
train 0.513870 174.77 14.00 200.51 35.04
boat 0.513836 36.80 19.71 101.20 113.07
aeroplane 0.513826 0.00 5.26 30.95 42.15
aeroplane 0.513819 108.24 14.97 136.29 39.85
dog 0.513750 132.64 78.01 153.94 103.04
aeroplane 0.513680 2.60 6.03 47.89 37.78
bottle 0.513661 9.17 189.51 36.82 224.00
boat 0.513660 160.86 91.95 180.44 131.34
aeroplane 0.513621 170.96 59.84 210.25 84.32
boat 0.513553 212.00 79.88 224.00 117.05
train 0.513542 169.41 12.86 188.10 34.02
dog 0.513513 187.86 16.81 219.27 41.03
aeroplane 0.513421 167.54 76.29 193.24 114.43
boat 0.513315 117.91 73.64 138.42 93.98
dog 0.513297 163.05 33.60 176.16 49.19
aeroplane 0.513291 136.48 36.44 144.25 55.05
aeroplane 0.513225 12.43 38.86 64.67 74.00
boat 0.513186 61.68 34.95 104.95 60.58
dog 0.513126 162.61 23.55 177.33 41.82
aeroplane 0.513089 138.89 28.22 202.88 116.57
train 0.513037 181.60 15.19 212.64 37.80
aeroplane 0.513034 202.10 175.58 224.00 224.00
boat 0.512841 101.74 75.81 119.15 97.13
boat 0.512785 122.24 36.04 137.45 55.65
boat 0.512702 173.95 51.23 208.59 70.39
dog 0.512650 153.70 33.75 165.82 46.91
boat 0.512635 85.32 55.17 113.21 82.24
boat 0.512565 143.46 0.00 171.52 20.40
train 0.512551 162.02 2.82 182.54 24.94
train 0.512516 128.61 0.00 207.86 60.85
dog 0.512515 145.06 76.53 167.03 100.77
bottle 0.512485 19.29 190.57 49.17 224.00
bottle 0.512451 31.05 188.62 60.75 224.00
dog 0.512449 133.05 69.77 153.13 90.95
aeroplane 0.512308 160.64 78.44 181.09 112.92
dog 0.512291 163.13 14.22 179.00 32.90
boat 0.512239 63.30 45.82 96.27 77.95
boat 0.512227 88.14 45.42 121.92 68.09
aeroplane 0.512221 82.95 3.01 177.81 81.16
boat 0.512163 108.89 75.44 128.66 95.75
aeroplane 0.512130 129.45 59.31 146.09 80.22
car 0.511982 80.53 0.00 183.95 50.16
boat 0.511971 118.14 61.06 138.39 81.91
boat 0.511950 95.56 60.49 120.78 84.62
sheep 0.511831 197.46 197.00 224.00 224.00
boat 0.511804 75.80 155.55 92.00 186.68
aeroplane 0.511788 144.01 37.28 151.10 54.34
boat 0.511707 103.71 47.08 129.84 68.54
boat 0.511535 106.11 62.44 129.50 83.99
aeroplane 0.511273 168.00 69.27 196.65 100.27
train 0.511260 157.01 0.00 188.26 20.21
boat 0.511158 119.97 45.50 137.33 66.46
aeroplane 0.511139 35.80 64.27 71.93 95.12
aeroplane 0.511023 134.76 45.17 144.69 65.31
boat 0.510865 45.19 65.39 78.12 94.80
dog 0.510815 138.54 58.00 152.64 78.17
aeroplane 0.510775 145.96 67.44 165.27 87.32
dog 0.510634 164.00 39.92 176.23 54.07
dog 0.510511 172.00 45.40 191.44 61.36
aeroplane 0.510351 160.11 72.27 181.68 99.71
aeroplane 0.510240 143.84 45.02 151.16 63.85
aeroplane 0.510069 183.96 202.89 221.47 224.00
dog 0.510055 155.82 39.14 164.86 52.52
boat 0.509733 39.26 44.97 82.34 77.38
dog 0.509410 144.59 201.22 190.49 224.00
dog 0.509333 151.54 55.95 164.29 73.79
dog 0.509184 156.90 203.60 199.08 224.00
aeroplane 0.508773 172.07 206.08 215.97 224.00
aeroplane 0.508660 161.59 63.24 182.73 84.95
dog 0.508472 156.00 45.30 164.11 60.56
dog 0.507977 164.00 44.87 178.41 60.28
dog 0.507513 164.00 52.76 181.55 71.33
