chair 0.604955 51.90 146.04 74.47 198.14
person 0.594393 0.00 80.75 18.41 171.97
person 0.589548 8.06 74.05 70.16 170.76
car 0.580372 25.47 105.09 224.00 195.01
person 0.577383 32.57 80.86 60.79 168.73
person 0.576711 3.48 77.33 21.97 162.26
bicycle 0.575991 28.59 121.81 219.96 205.20
person 0.575227 53.97 143.39 77.77 198.83
person 0.574569 66.79 82.20 224.00 212.04
person 0.572512 0.00 75.68 14.84 147.39
chair 0.572063 130.97 136.02 224.00 224.00
chair 0.568557 0.00 100.55 18.06 173.53
chair 0.561321 80.05 109.30 224.00 224.00
chair 0.561069 36.45 149.74 59.45 205.66
chair 0.560781 46.15 148.63 71.54 204.72
diningtable 0.560773 37.21 129.00 206.21 205.35
person 0.559692 112.56 113.90 224.00 212.66
person 0.559413 9.60 82.35 29.73 163.77
person 0.559388 73.03 107.55 93.99 141.46
chair 0.558307 161.08 142.06 216.17 216.92
person 0.557331 66.54 107.91 87.88 145.16
person 0.555517 41.12 84.65 64.37 168.77
person 0.555030 30.25 142.55 213.46 218.40
chair 0.554238 29.17 153.33 50.00 205.11
car 0.554035 28.27 134.90 201.40 211.57
sofa 0.553773 2.73 74.83 61.84 167.66
diningtable 0.553129 21.34 140.01 222.81 224.00
person 0.552052 78.64 106.30 100.22 138.60
person 0.552045 58.93 103.60 83.40 150.23
person 0.551767 23.57 83.57 45.58 164.66
bicycle 0.550373 39.11 149.47 206.82 223.05
pottedplant 0.550193 0.00 155.29 11.56 202.45
bottle 0.550014 54.84 173.27 75.38 214.65
person 0.549917 47.44 94.67 75.91 158.70
bottle 0.549728 24.71 181.11 46.31 222.38
bottle 0.548372 56.62 184.23 75.93 221.91
bottle 0.547801 50.47 153.67 73.85 205.49
diningtable 0.547678 40.69 159.84 195.59 224.00
bottle 0.547398 50.80 180.93 71.62 222.38
bottle 0.547312 139.46 144.55 220.89 218.88
sofa 0.546784 53.16 75.52 224.00 224.00
person 0.546139 64.29 141.24 88.82 197.36
person 0.545870 92.08 147.35 153.06 172.56
chair 0.544580 0.00 127.96 13.91 185.75
person 0.544453 102.78 168.66 157.50 191.81
tvmonitor 0.544022 20.85 183.71 41.39 221.68
person 0.543720 0.00 63.90 12.96 131.21
person 0.543446 9.04 91.15 100.65 180.47
person 0.543078 45.71 143.73 71.48 199.48
chair 0.542930 7.97 100.50 29.70 172.05
person 0.542869 59.37 133.48 82.07 190.53
chair 0.542546 164.80 45.51 224.00 186.18
person 0.542545 59.47 117.69 79.76 176.46
tvmonitor 0.542468 27.88 162.35 47.74 211.84
bottle 0.541634 30.84 171.22 53.56 217.72
person 0.541040 74.41 139.54 99.15 185.82
bus 0.540890 18.76 99.31 195.47 199.72
chair 0.540883 218.18 65.51 224.00 123.86
chair 0.540676 0.00 64.66 43.14 165.22
chair 0.540444 146.40 98.04 224.00 211.84
chair 0.540086 183.84 138.30 224.00 206.37
person 0.540030 36.25 138.56 60.72 197.70
person 0.539413 0.00 46.73 10.05 109.34
tvmonitor 0.539331 0.00 167.35 13.49 210.46
person 0.539285 77.98 151.03 97.38 196.71
chair 0.539252 146.81 161.58 217.97 224.00
chair 0.538876 211.78 97.18 224.00 156.60
pottedplant 0.538858 61.50 186.82 81.14 222.39
person 0.538759 82.41 143.12 111.36 176.48
person 0.538637 43.72 100.98 66.13 180.43
bottle 0.538582 41.44 168.63 65.89 215.68
person 0.538378 137.68 142.50 224.00 224.00
person 0.538234 25.75 98.40 42.86 174.30
bottle 0.538210 57.42 153.08 80.29 201.21
person 0.537945 79.67 112.01 108.46 140.82
pottedplant 0.537905 102.88 170.17 148.17 193.30
bottle 0.537890 60.11 178.18 80.38 216.13
bus 0.537804 8.39 87.55 101.68 176.61
person 0.537434 76.45 113.53 100.06 147.10
person 0.537399 95.94 153.65 150.86 178.38
person 0.537307 36.57 115.80 59.18 189.58
person 0.537251 34.41 84.06 67.17 148.29
bottle 0.537160 37.68 178.97 63.43 221.90
chair 0.537148 129.07 60.85 224.00 204.42
car 0.536714 0.77 96.95 144.60 200.00
diningtable 0.536657 35.22 104.01 182.21 186.40
sheep 0.536584 0.00 56.55 14.78 123.86
chair 0.536558 218.97 53.80 224.00 109.99
person 0.536326 65.65 132.78 90.47 184.05
person 0.536175 28.00 113.77 78.22 194.99
person 0.536153 121.01 155.57 197.86 211.64
bottle 0.536098 68.22 156.00 88.44 201.79
pottedplant 0.535913 56.77 191.76 77.52 224.00
sheep 0.535853 0.00 30.32 32.68 148.87
bottle 0.535467 32.68 157.07 54.81 211.05
diningtable 0.535268 56.46 75.50 215.71 217.20
chair 0.534626 216.00 81.63 224.00 140.47
person 0.534620 84.29 141.67 136.99 166.29
bottle 0.534603 43.87 153.08 68.16 207.37
person 0.534580 100.19 161.58 150.09 186.12
person 0.534439 148.00 169.05 224.00 224.00
person 0.534315 103.25 164.48 169.66 202.13
diningtable 0.534286 181.54 33.48 224.00 152.70
chair 0.534085 23.56 155.56 43.23 200.64
pottedplant 0.533615 81.84 203.59 123.36 224.00
chair 0.533496 159.81 98.22 197.63 148.71
bottle 0.533475 80.13 158.81 97.15 199.23
pottedplant 0.533126 69.23 188.63 88.65 223.47
person 0.532886 26.38 132.62 46.61 191.17
pottedplant 0.532801 0.00 147.24 15.40 193.19
person 0.532767 78.84 137.67 111.84 168.72
chair 0.532765 182.01 162.54 224.00 220.64
person 0.532132 68.01 121.40 91.89 167.94
chair 0.531993 3.57 114.12 24.46 177.03
person 0.531991 88.73 157.21 112.37 191.52
chair 0.531987 0.00 40.61 9.56 99.89
bottle 0.531965 69.59 180.37 88.84 216.85
pottedplant 0.531926 98.42 168.51 133.82 193.16
bottle 0.531922 114.20 207.91 152.22 224.00
pottedplant 0.531579 74.16 198.38 104.34 224.00
person 0.531503 32.23 141.68 81.30 211.13
chair 0.531015 218.97 32.80 224.00 79.52
person 0.530888 54.30 110.55 74.37 178.70
bottle 0.530843 26.26 187.24 53.74 224.00
sheep 0.530509 0.00 37.85 51.41 155.56
tvmonitor 0.530375 3.88 164.55 17.64 203.46
diningtable 0.530353 33.14 157.01 118.64 224.00
person 0.530186 119.75 208.75 162.28 224.00
pottedplant 0.530085 105.74 173.99 152.55 198.77
tvmonitor 0.529963 14.35 187.14 34.40 219.44
person 0.529927 74.21 122.80 100.70 161.29
chair 0.529880 20.16 142.43 39.98 192.89
chair 0.529837 186.27 91.49 217.41 159.37
pottedplant 0.529786 109.48 205.56 146.82 224.00
person 0.529739 29.60 160.32 90.15 224.00
person 0.529689 29.71 78.78 59.75 136.02
chair 0.529674 192.13 0.00 224.00 59.75
chair 0.529663 85.42 114.67 122.81 142.05
bottle 0.529403 145.60 177.20 212.84 224.00
diningtable 0.529381 219.21 26.31 224.00 71.24
diningtable 0.529240 97.84 122.93 148.87 153.54
chair 0.529237 15.03 124.36 34.38 182.76
pottedplant 0.529224 89.51 163.33 114.05 195.06
person 0.529207 0.00 0.00 36.52 55.92
tvmonitor 0.529073 0.00 185.36 17.69 223.84
tvmonitor 0.528989 11.47 195.18 38.69 224.00
diningtable 0.528830 134.58 101.41 186.46 144.17
person 0.528514 0.00 89.16 47.12 180.03
person 0.528502 97.79 137.02 218.05 224.00
person 0.528481 190.90 186.03 224.00 224.00
diningtable 0.528479 100.95 114.95 147.04 144.11
person 0.528465 0.00 0.00 80.26 130.48
chair 0.528425 88.87 125.23 145.89 152.82
car 0.528396 204.84 0.00 224.00 17.25
boat 0.528395 105.87 170.97 156.44 199.40
chair 0.528391 198.92 111.51 224.00 177.36
person 0.528313 87.76 134.55 149.90 161.24
bottle 0.528297 0.00 193.25 22.84 224.00
tvmonitor 0.528224 5.95 178.25 22.26 210.67
chair 0.528132 137.29 144.18 211.12 202.52
chair 0.528130 191.08 125.45 224.00 191.45
chair 0.528072 204.22 93.23 224.00 157.64
person 0.527935 128.30 205.41 176.90 224.00
person 0.527450 145.87 187.63 203.80 224.00
boat 0.527231 32.32 66.75 57.63 111.23
person 0.527224 0.00 0.00 16.13 28.96
chair 0.527212 83.14 123.11 127.54 150.15
person 0.527210 139.79 197.98 190.83 224.00
person 0.526940 96.78 157.69 134.07 184.15
tvmonitor 0.526779 4.84 187.42 26.64 219.59
aeroplane 0.526770 159.63 25.36 190.79 85.23
chair 0.526715 0.00 166.96 52.07 224.00
car 0.526703 0.00 50.12 108.24 184.30
chair 0.526658 168.42 91.93 211.46 157.63
person 0.526650 131.06 0.00 224.00 153.36
boat 0.526576 37.64 79.45 68.22 127.88
tvmonitor 0.526533 1.52 194.97 32.32 224.00
boat 0.526512 41.82 67.63 67.99 101.89
diningtable 0.526361 134.47 133.13 207.19 192.65
chair 0.526312 121.24 157.60 193.22 207.24
chair 0.526177 137.10 159.89 202.54 215.73
person 0.526162 28.36 116.08 110.56 195.32
person 0.526137 77.35 127.78 110.45 158.94
sheep 0.526127 0.00 0.00 30.77 94.80
train 0.526084 0.00 0.00 86.09 158.86
chair 0.525966 10.83 152.35 28.63 194.46
boat 0.525959 5.35 59.20 80.00 167.56
chair 0.525798 145.69 99.47 205.34 158.11
diningtable 0.525716 120.92 104.05 162.44 138.82
boat 0.525524 92.13 137.12 153.21 170.50
chair 0.525518 7.15 132.73 26.11 185.55
chair 0.525404 178.67 130.05 217.02 198.10
diningtable 0.525391 120.88 106.51 182.67 157.12
person 0.525384 81.55 102.68 106.63 134.16
sheep 0.525383 0.00 0.00 11.87 41.67
diningtable 0.525314 191.59 12.71 224.00 121.27
boat 0.525185 51.66 61.94 80.85 87.79
boat 0.525082 34.94 56.46 55.76 92.76
sheep 0.524980 0.00 3.51 8.67 65.07
diningtable 0.524879 164.78 60.85 194.34 111.67
chair 0.524842 13.66 162.41 30.80 201.69
chair 0.524753 0.00 118.04 42.19 199.68
chair 0.524520 87.13 107.90 117.43 136.41
chair 0.524478 107.76 165.35 168.93 201.17
bottle 0.524478 77.38 190.84 100.38 224.00
person 0.524365 34.15 140.15 114.06 212.42
diningtable 0.524295 159.31 41.05 190.44 97.39
chair 0.524248 185.96 111.63 218.01 182.18
diningtable 0.524144 133.17 116.69 201.15 175.60
diningtable 0.524120 128.04 99.17 171.45 135.93
diningtable 0.524031 159.94 60.55 187.82 103.60
diningtable 0.523978 161.12 71.07 189.72 124.94
boat 0.523941 52.75 72.17 80.37 103.09
chair 0.523747 195.27 56.79 215.65 118.01
tvmonitor 0.523696 14.91 171.47 34.96 207.83
chair 0.523672 173.66 179.53 220.39 224.00
boat 0.523667 53.34 55.35 80.68 77.89
sheep 0.523628 0.00 47.24 13.62 102.55
bottle 0.523606 108.23 179.73 146.72 207.47
diningtable 0.523491 195.53 50.79 216.27 109.35
boat 0.523467 90.61 69.10 106.72 87.71
person 0.523441 66.45 97.96 87.01 133.16
person 0.523400 74.21 98.23 92.50 132.10
diningtable 0.523292 114.07 132.88 189.77 185.97
bus 0.523291 14.29 55.99 144.45 178.30
person 0.523221 56.13 95.28 82.90 136.07
bottle 0.523211 80.74 180.25 99.42 212.88
car 0.523143 218.36 0.00 224.00 38.77
bicycle 0.523106 9.79 114.11 56.95 191.34
boat 0.522952 98.84 69.94 114.10 86.82
diningtable 0.522729 114.00 100.75 153.16 132.86
aeroplane 0.522666 58.19 64.96 87.53 89.10
boat 0.522584 54.48 47.77 80.44 70.60
aeroplane 0.522559 7.42 40.95 84.76 157.39
chair 0.522385 140.04 117.85 209.26 179.45
person 0.522282 0.97 68.89 21.00 135.71
diningtable 0.522254 93.21 109.84 137.34 137.90
diningtable 0.522254 220.00 10.10 224.00 52.08
boat 0.522193 44.47 58.41 69.05 86.30
diningtable 0.522179 94.01 63.97 204.80 189.50
diningtable 0.522176 119.53 55.65 220.36 178.43
chair 0.522095 212.00 63.86 224.00 123.69
sheep 0.522071 36.90 50.55 55.56 82.23
boat 0.522002 58.00 57.50 87.43 79.32
boat 0.521691 95.13 127.44 152.75 163.96
aeroplane 0.521623 80.66 67.84 101.39 88.52
sheep 0.521600 2.70 58.92 21.79 123.28
boat 0.521576 45.21 81.65 75.12 122.50
boat 0.521525 105.96 70.66 122.01 86.53
chair 0.521516 189.34 76.00 212.63 134.70
person 0.521485 16.98 80.54 44.85 141.90
car 0.521300 0.00 0.00 113.07 132.30
person 0.521281 79.62 97.86 99.31 130.68
pottedplant 0.521268 90.85 170.27 117.60 199.25
sheep 0.521222 29.32 0.00 60.82 15.64
boat 0.521201 90.26 62.65 107.11 80.55
cow 0.521184 0.00 0.00 54.33 46.97
diningtable 0.521124 158.54 85.85 192.85 138.39
person 0.521049 101.05 154.92 161.32 193.28
bicycle 0.521005 12.00 149.05 61.93 215.39
diningtable 0.520990 128.30 74.31 151.11 100.76
chair 0.520963 177.23 49.81 207.40 108.97
diningtable 0.520919 106.78 111.97 162.73 155.14
car 0.520899 210.32 0.00 224.00 25.10
aeroplane 0.520781 67.00 66.73 94.80 89.22
chair 0.520770 209.16 80.39 224.00 141.79
boat 0.520732 84.41 0.00 115.73 14.76
bus 0.520728 3.97 1.72 124.85 153.49
diningtable 0.520674 104.01 102.85 145.17 133.70
car 0.520659 196.76 0.00 224.00 13.71
boat 0.520519 75.74 0.00 107.69 14.62
sheep 0.520489 21.60 0.00 52.84 15.38
aeroplane 0.520414 169.51 17.53 194.24 71.22
boat 0.520405 66.36 0.00 100.02 14.10
diningtable 0.520395 168.86 52.07 198.98 106.97
aeroplane 0.520370 113.79 70.62 132.67 87.85
car 0.520344 188.39 0.00 217.58 13.03
person 0.520295 98.38 145.27 161.20 184.45
boat 0.520291 55.49 39.48 80.54 63.99
pottedplant 0.520253 94.30 195.08 131.88 224.00
car 0.520226 122.90 0.00 154.70 14.58
bottle 0.520203 112.88 195.77 148.86 224.00
aeroplane 0.520169 153.86 27.22 181.48 82.34
car 0.520074 107.42 0.00 140.13 13.44
boat 0.520071 77.08 60.43 100.93 79.38
aeroplane 0.520003 122.32 75.07 143.48 97.89
car 0.519989 92.73 0.00 124.27 14.13
aeroplane 0.519903 153.81 0.00 187.06 13.99
aeroplane 0.519896 13.19 0.00 77.90 38.04
pottedplant 0.519880 104.92 181.17 140.31 206.73
aeroplane 0.519864 28.20 0.00 99.35 31.86
boat 0.519836 46.22 52.27 69.93 76.37
aeroplane 0.519811 61.42 75.74 86.21 105.08
sheep 0.519755 0.00 5.04 14.55 62.82
aeroplane 0.519695 63.28 58.77 94.44 79.38
chair 0.519629 167.23 114.40 213.44 182.71
boat 0.519561 98.33 62.95 115.05 81.18
aeroplane 0.519495 121.84 69.62 142.67 90.12
car 0.519492 130.99 0.00 162.16 14.41
car 0.519485 52.34 0.00 83.67 14.15
boat 0.519462 44.78 0.00 75.90 14.71
boat 0.519419 90.65 75.40 106.81 98.19
aeroplane 0.519383 82.66 76.69 100.22 102.84
aeroplane 0.519214 52.79 0.00 126.78 30.49
car 0.519212 180.07 0.00 209.82 13.45
aeroplane 0.519148 114.28 76.33 133.43 94.54
pottedplant 0.519114 90.66 179.80 120.33 208.35
sheep 0.519087 13.82 0.00 44.99 15.70
boat 0.519061 98.91 75.16 114.35 94.01
boat 0.519026 58.22 32.09 86.50 59.48
aeroplane 0.519010 171.64 0.00 202.45 13.42
sheep 0.518958 11.12 8.61 27.64 58.49
diningtable 0.518869 190.39 26.27 206.85 67.06
boat 0.518844 106.25 76.00 122.54 92.80
aeroplane 0.518824 164.28 15.23 187.29 58.90
boat 0.518789 55.41 85.11 80.36 119.55
diningtable 0.518737 132.98 73.75 159.17 102.77
aeroplane 0.518575 181.28 21.29 200.15 69.10
aeroplane 0.518565 71.01 77.37 92.99 105.27
diningtable 0.518542 148.65 36.91 215.41 138.62
aeroplane 0.518515 127.97 68.39 150.28 90.58
diningtable 0.518514 97.88 121.97 162.51 167.85
diningtable 0.518476 140.04 72.06 169.58 105.56
person 0.518468 35.02 58.49 176.00 177.34
diningtable 0.518438 132.11 88.63 176.48 132.93
diningtable 0.518426 198.59 34.40 214.74 74.89
sheep 0.518411 21.15 57.92 41.97 104.48
car 0.518375 146.83 0.00 178.65 13.54
sheep 0.518359 19.70 13.92 38.64 55.63
sheep 0.518307 17.68 69.55 42.38 123.59
bottle 0.518183 111.21 174.12 162.56 208.41
chair 0.518162 174.63 67.54 205.91 129.98
aeroplane 0.518154 56.86 24.80 80.64 54.78
chair 0.518139 173.89 84.70 204.76 139.98
aeroplane 0.518136 76.76 0.00 155.47 34.47
diningtable 0.518112 121.39 91.74 157.30 127.22
diningtable 0.518096 125.84 82.62 153.14 117.14
tvmonitor 0.518056 85.87 103.71 114.72 132.37
boat 0.518005 60.97 48.89 93.76 71.83
car 0.518000 139.14 0.00 170.15 13.31
boat 0.517955 88.92 53.47 106.74 73.74
dog 0.517907 47.21 46.75 70.44 69.34
diningtable 0.517861 178.90 27.45 199.72 80.98
sheep 0.517860 24.23 50.74 42.70 91.52
aeroplane 0.517785 37.19 0.00 151.62 130.46
aeroplane 0.517777 153.14 42.54 181.44 93.81
sheep 0.517561 0.00 0.00 23.27 25.50
sheep 0.517539 20.09 24.47 39.06 65.91
sheep 0.517528 10.16 20.73 27.13 70.12
boat 0.517489 96.62 40.19 115.78 67.79
aeroplane 0.517449 172.86 14.43 192.58 58.07
diningtable 0.517382 129.75 81.21 161.50 119.44
sheep 0.517275 106.63 0.00 124.56 25.70
boat 0.517244 73.10 50.76 99.52 71.57
aeroplane 0.517223 58.27 14.95 80.05 49.36
car 0.517220 65.40 87.80 84.96 120.26
aeroplane 0.517078 68.93 33.41 168.24 142.36
aeroplane 0.517046 55.98 55.27 178.48 168.91
aeroplane 0.516959 125.54 36.95 150.56 68.52
sheep 0.516952 5.96 48.46 24.10 99.19
chair 0.516889 212.00 46.46 224.00 100.25
sheep 0.516878 53.79 32.84 76.98 57.46
aeroplane 0.516862 190.72 19.46 207.12 57.29
boat 0.516852 59.84 39.08 93.01 64.88
sheep 0.516833 4.51 0.00 34.83 19.47
boat 0.516829 97.31 53.61 115.45 76.20
aeroplane 0.516731 100.16 0.00 116.54 26.28
diningtable 0.516729 210.88 33.61 224.00 76.11
dog 0.516717 108.29 12.98 122.66 34.35
aeroplane 0.516704 155.86 16.54 178.59 55.37
sofa 0.516699 172.80 0.00 224.00 56.46
diningtable 0.516661 140.50 67.70 168.50 95.14
aeroplane 0.516621 98.59 27.85 115.98 55.74
diningtable 0.516607 166.15 68.33 198.16 130.12
diningtable 0.516603 181.24 44.84 205.80 100.05
car 0.516506 81.81 88.42 97.78 119.03
aeroplane 0.516496 117.11 38.45 143.08 69.55
aeroplane 0.516470 108.93 0.00 185.62 44.52
car 0.516444 74.70 89.03 91.09 121.05
aeroplane 0.516434 57.86 0.00 79.44 38.08
dog 0.516404 101.97 12.82 115.07 34.80
diningtable 0.516378 135.56 77.88 172.23 121.09
aeroplane 0.516378 73.49 2.92 160.17 109.56
boat 0.516372 87.56 41.11 106.65 65.38
boat 0.516278 105.37 63.37 123.34 81.79
aeroplane 0.516250 119.83 27.87 142.52 55.39
person 0.516226 95.14 0.00 206.35 141.08
sheep 0.516211 8.00 0.00 26.21 41.79
aeroplane 0.516178 166.17 6.68 185.28 45.96
aeroplane 0.516088 128.48 27.12 149.74 54.78
aeroplane 0.516073 115.73 12.61 131.38 33.63
aeroplane 0.516038 196.13 0.00 215.19 29.85
diningtable 0.516012 153.96 57.30 182.74 98.16
aeroplane 0.515994 17.31 13.19 100.37 129.22
aeroplane 0.515974 123.64 20.49 141.04 43.08
sheep 0.515974 19.61 5.33 37.11 46.04
dog 0.515953 125.60 12.02 139.21 33.76
dog 0.515952 54.77 25.32 77.19 53.62
aeroplane 0.515946 100.86 19.29 115.40 44.16
diningtable 0.515935 139.97 17.61 200.65 113.08
sheep 0.515935 27.36 20.49 47.04 53.43
aeroplane 0.515907 198.24 21.43 215.69 57.01
sheep 0.515890 114.16 0.00 132.92 24.96
diningtable 0.515858 92.27 35.42 191.75 140.36
dog 0.515852 134.74 11.91 145.57 33.89
aeroplane 0.515846 187.80 0.00 205.93 31.66
diningtable 0.515824 132.80 68.56 157.62 91.68
aeroplane 0.515801 171.47 0.00 190.82 34.92
aeroplane 0.515705 91.03 0.00 108.30 28.56
sheep 0.515666 18.72 36.79 37.21 80.07
sheep 0.515620 12.78 51.88 31.04 102.75
diningtable 0.515594 61.71 52.70 188.92 170.55
sheep 0.515578 16.54 0.00 37.26 36.96
aeroplane 0.515571 175.04 6.99 191.30 46.13
sheep 0.515566 8.03 36.45 25.55 85.74
sofa 0.515497 143.78 0.00 210.72 49.99
diningtable 0.515490 120.72 83.75 146.23 113.41
aeroplane 0.515476 106.74 19.32 122.83 43.66
aeroplane 0.515428 101.84 39.42 122.96 68.60
sheep 0.515426 15.54 47.03 33.66 92.95
aeroplane 0.515397 181.60 0.00 198.62 33.55
aeroplane 0.515349 162.72 0.00 184.30 33.96
sheep 0.515307 28.64 30.43 47.71 61.96
aeroplane 0.515301 91.78 13.45 106.37 37.42
aeroplane 0.515285 113.49 20.24 131.81 43.00
aeroplane 0.515163 105.34 15.80 190.60 112.15
dog 0.515048 132.15 20.28 147.53 42.95
sheep 0.515015 39.15 41.46 56.70 66.92
aeroplane 0.515010 88.54 29.78 106.57 55.87
sheep 0.515006 48.14 40.85 70.49 62.76
aeroplane 0.514986 103.39 27.16 123.06 55.73
aeroplane 0.514970 90.28 21.14 106.07 46.46
diningtable 0.514930 106.52 95.39 140.89 124.79
aeroplane 0.514929 112.82 63.98 134.16 84.05
boat 0.514827 70.44 40.01 98.02 63.89
bus 0.514820 40.69 8.82 161.23 152.52
aeroplane 0.514788 63.95 24.39 91.28 52.91
boat 0.514731 86.96 86.98 104.01 115.23
diningtable 0.514715 100.66 11.45 224.00 180.12
boat 0.514667 112.51 84.97 135.86 110.39
aeroplane 0.514655 190.65 11.27 205.83 44.94
sheep 0.514635 133.48 0.00 146.74 24.58
bottle 0.514619 125.70 188.79 179.76 224.00
aeroplane 0.514578 66.35 15.81 90.90 45.81
diningtable 0.514565 186.45 38.05 204.86 88.20
sheep 0.514558 28.66 39.64 46.83 73.08
aeroplane 0.514499 183.69 9.11 198.79 45.38
aeroplane 0.514497 120.52 63.25 144.25 86.22
dog 0.514497 56.15 15.50 75.09 47.22
aeroplane 0.514483 107.51 39.17 131.78 69.44
sheep 0.514466 25.19 0.00 46.84 33.95
sheep 0.514442 27.54 10.93 46.06 44.22
sheep 0.514440 9.06 59.61 29.19 117.55
sheep 0.514429 37.70 24.25 57.03 51.84
sheep 0.514426 38.60 33.76 57.14 58.97
aeroplane 0.514363 109.53 27.68 131.92 55.84
sheep 0.514317 123.04 0.00 140.18 24.45
dog 0.514316 48.46 33.70 70.33 57.20
aeroplane 0.514297 66.00 0.00 92.54 35.64
aeroplane 0.514201 156.73 8.34 176.08 41.25
person 0.514179 5.29 71.16 28.00 132.80
aeroplane 0.514136 140.96 23.12 165.47 61.52
aeroplane 0.514033 125.14 51.20 150.61 81.33
sheep 0.514020 54.74 0.00 73.25 35.43
aeroplane 0.514013 78.51 0.00 100.08 32.04
aeroplane 0.513995 6.69 66.37 102.52 173.13
aeroplane 0.513980 126.45 61.66 150.76 85.74
boat 0.513945 103.72 53.57 123.43 77.79
sheep 0.513938 36.38 0.00 57.18 32.56
dog 0.513903 48.70 25.38 69.01 51.88
sheep 0.513883 139.93 0.00 152.80 24.98
aeroplane 0.513828 154.47 0.00 174.27 29.72
aeroplane 0.513807 198.58 12.55 214.54 44.25
boat 0.513779 103.54 85.30 123.75 109.01
aeroplane 0.513761 118.34 53.07 143.88 81.70
diningtable 0.513756 173.95 37.14 198.97 93.35
aeroplane 0.513650 11.06 0.00 78.23 84.36
aeroplane 0.513636 144.28 18.67 164.06 48.37
sheep 0.513506 140.45 12.11 151.37 33.81
sheep 0.513506 38.38 12.98 56.40 43.27
boat 0.513486 71.40 30.91 96.84 57.30
sofa 0.513429 126.36 0.00 197.00 88.25
aeroplane 0.513425 138.96 31.57 167.10 75.83
sheep 0.513396 47.21 0.00 65.57 32.96
boat 0.513396 94.53 85.53 112.39 111.02
aeroplane 0.513377 78.10 15.09 97.64 41.75
aeroplane 0.513264 190.48 0.00 215.63 16.30
dog 0.513087 49.46 14.69 66.81 44.33
sheep 0.513011 3.71 0.00 31.24 31.37
aeroplane 0.512958 74.71 23.44 96.87 50.03
diningtable 0.512933 141.12 0.00 210.14 91.51
aeroplane 0.512906 109.99 53.71 133.06 80.13
dog 0.512868 137.22 20.20 152.14 44.13
sheep 0.512792 146.21 0.00 161.48 25.51
dog 0.512700 146.95 10.74 162.03 35.47
diningtable 0.512584 209.51 0.00 224.00 32.20
diningtable 0.512509 211.34 20.67 224.00 59.83
aeroplane 0.512423 67.02 0.00 155.90 69.43
aeroplane 0.512185 29.88 42.78 134.71 149.95
sheep 0.512114 86.84 0.00 113.14 16.74
boat 0.512063 95.64 96.88 127.81 124.29
aeroplane 0.512061 181.99 0.00 207.64 16.90
sheep 0.512048 39.86 0.00 67.55 19.48
diningtable 0.512042 172.51 0.00 224.00 98.20
aeroplane 0.511939 162.70 0.00 192.89 18.94
aeroplane 0.511925 36.22 0.00 112.41 70.15
sheep 0.511910 95.34 0.00 121.90 15.28
tvmonitor 0.511904 86.69 97.76 112.47 125.83
sheep 0.511875 102.16 0.00 130.32 14.44
sheep 0.511872 54.09 0.00 82.82 20.08
aeroplane 0.511632 138.37 46.73 168.28 88.18
sheep 0.511477 133.34 0.00 158.53 15.80
sheep 0.511428 125.55 0.00 151.47 14.90
dog 0.511211 148.35 0.00 177.67 17.23
sheep 0.511172 48.15 0.00 75.11 19.54
sheep 0.511058 76.14 0.00 104.89 17.91
sheep 0.510911 64.49 0.00 97.30 18.96
diningtable 0.510845 212.00 11.61 224.00 46.95
sheep 0.510708 115.86 0.00 144.13 14.31
dog 0.510289 140.97 0.00 167.12 15.49
