car 0.587686 127.02 99.56 218.30 224.00
car 0.579931 124.21 146.05 207.11 221.90
car 0.576689 147.83 146.32 224.00 213.53
car 0.570463 107.46 93.72 177.92 119.49
car 0.566848 27.74 117.33 69.20 133.43
car 0.563542 0.00 78.19 12.22 113.34
car 0.563044 33.65 167.38 145.98 198.05
person 0.562417 8.43 37.22 28.59 62.00
car 0.562064 0.00 102.95 10.83 141.37
car 0.560083 194.36 54.47 216.73 85.02
person 0.559566 4.39 36.21 23.55 63.13
car 0.557329 28.57 122.66 78.73 134.24
person 0.555309 168.71 15.22 194.95 75.52
car 0.554715 54.17 172.32 134.21 205.18
car 0.554401 39.63 174.58 149.00 212.96
car 0.553784 202.81 54.77 224.00 89.61
car 0.552644 11.65 158.60 131.48 186.29
car 0.551888 0.75 107.02 18.67 139.84
person 0.551590 1.14 35.55 18.94 66.82
car 0.551261 88.00 179.99 154.16 202.45
car 0.547333 83.41 80.29 198.87 138.08
car 0.547064 8.74 111.32 33.40 137.86
car 0.546683 55.17 156.38 166.44 194.60
car 0.546385 128.68 160.75 196.83 209.94
car 0.546368 8.15 81.79 28.12 109.08
car 0.546043 62.61 177.66 146.89 200.41
car 0.545915 0.78 37.82 17.14 71.80
car 0.545778 200.46 79.63 224.00 142.52
car 0.545496 0.99 84.72 18.92 115.51
car 0.545263 90.85 139.60 212.46 203.10
car 0.545063 13.82 37.44 34.50 61.86
car 0.544143 32.33 86.61 64.77 104.07
car 0.543770 110.74 78.22 209.47 180.14
car 0.543734 17.30 114.48 56.05 134.20
car 0.543567 182.57 57.51 217.03 88.27
bus 0.543048 78.29 85.64 179.62 118.53
car 0.542339 31.02 89.91 62.22 109.00
car 0.542291 77.81 92.87 172.47 123.35
car 0.542166 0.16 89.14 11.38 127.04
car 0.541958 80.48 78.47 217.22 224.00
car 0.541326 141.67 55.30 222.39 213.81
car 0.540754 0.00 131.43 137.15 224.00
bus 0.540566 0.00 119.43 101.32 171.82
car 0.540261 71.02 198.44 146.79 224.00
car 0.540121 41.28 119.63 84.31 133.55
person 0.540087 0.00 135.93 10.07 183.00
car 0.540053 40.76 126.00 85.85 136.56
car 0.539976 208.83 48.15 224.00 87.54
car 0.539675 0.00 113.81 88.01 184.63
person 0.539514 152.15 49.42 223.51 192.49
car 0.539361 124.75 13.53 153.25 36.34
car 0.539288 40.39 33.82 65.15 54.21
car 0.539043 111.91 169.36 182.98 205.16
car 0.538745 98.37 174.00 167.82 204.88
car 0.538436 174.00 52.10 222.74 85.73
car 0.538423 200.54 49.21 215.84 84.24
car 0.538089 27.36 110.21 66.41 128.38
car 0.537988 176.72 149.48 224.00 203.07
car 0.537632 0.75 73.57 19.05 106.39
car 0.537581 213.52 32.90 224.00 71.40
car 0.537519 51.81 133.66 90.26 144.34
car 0.537485 211.52 40.88 224.00 80.17
car 0.537345 0.00 44.94 15.42 81.70
chair 0.537015 0.00 172.22 11.98 220.25
car 0.536994 207.29 204.64 224.00 224.00
car 0.536733 175.18 72.17 214.68 125.37
car 0.536697 60.70 135.18 98.49 146.44
car 0.536315 165.28 121.45 224.00 189.74
car 0.536160 43.98 130.93 86.36 141.90
car 0.535811 197.45 97.75 224.00 157.19
car 0.535773 16.32 84.60 39.49 105.35
car 0.535744 29.37 125.45 80.60 140.00
person 0.535575 168.94 39.84 224.00 142.04
car 0.535506 167.64 25.57 211.79 78.19
car 0.535410 41.02 38.57 63.44 58.51
car 0.534938 184.80 207.08 220.93 224.00
car 0.534841 0.00 137.20 109.80 183.78
car 0.534819 0.00 56.44 13.21 96.10
car 0.534522 135.07 128.48 207.96 208.21
car 0.534326 197.01 59.97 224.00 102.71
car 0.534303 21.30 36.20 47.07 57.30
car 0.534224 44.93 40.09 69.60 59.82
car 0.534020 130.57 56.33 166.06 80.26
car 0.534018 130.46 48.43 161.83 72.47
car 0.533968 214.57 25.42 224.00 61.54
car 0.533947 132.34 171.62 199.09 222.23
car 0.533883 196.40 66.63 224.00 121.32
car 0.533877 204.07 41.70 216.05 76.27
chair 0.533832 0.00 144.73 9.57 195.65
chair 0.533811 0.00 160.62 8.34 215.98
car 0.533777 148.55 25.14 206.15 91.44
car 0.533754 65.55 139.81 101.31 152.12
car 0.533714 205.62 34.24 216.54 67.61
car 0.533589 37.35 135.40 198.16 224.00
car 0.533467 73.25 118.16 206.07 211.78
car 0.533216 100.76 130.28 167.39 161.61
car 0.533207 141.42 196.74 202.98 224.00
person 0.533205 0.00 126.43 11.93 172.36
car 0.533161 33.89 35.22 59.78 53.68
car 0.533117 34.14 81.09 62.98 98.79
car 0.532973 73.53 141.52 116.20 155.46
car 0.532931 84.43 193.14 153.37 221.67
car 0.532752 182.09 25.92 205.32 69.32
car 0.532669 150.48 52.76 218.33 156.49
boat 0.532661 26.66 0.00 80.32 28.54
car 0.532616 70.71 80.81 161.51 118.33
car 0.532595 170.52 114.17 222.65 171.72
car 0.532430 168.44 13.36 191.93 59.23
car 0.532393 7.56 103.58 32.64 131.93
car 0.532363 194.42 31.73 211.06 67.10
chair 0.532311 0.00 190.73 17.08 224.00
car 0.532289 72.05 135.37 116.09 148.73
car 0.532235 132.29 187.84 191.54 224.00
person 0.532234 0.00 112.95 12.22 155.45
car 0.532141 169.37 206.84 214.24 224.00
car 0.531870 155.75 202.67 209.61 224.00
person 0.531785 1.92 139.83 16.39 181.74
car 0.531696 172.87 18.87 197.77 64.75
car 0.531691 30.72 0.00 80.06 23.54
car 0.531408 58.90 137.52 93.10 149.27
car 0.531386 91.95 135.01 147.70 156.83
person 0.531377 155.02 15.15 189.06 68.24
person 0.531339 2.21 44.33 20.41 77.07
car 0.531260 57.85 165.73 124.28 195.64
car 0.531130 190.47 47.12 213.00 84.76
car 0.531085 21.32 207.08 66.64 224.00
car 0.531085 134.93 44.81 171.62 71.96
car 0.531054 31.96 112.82 78.52 129.48
car 0.530948 208.71 0.00 224.00 20.31
person 0.530718 172.42 20.24 205.67 75.82
car 0.530521 46.15 33.20 76.13 55.10
person 0.530508 15.20 39.07 33.74 66.15
car 0.530479 97.87 119.20 167.83 152.73
car 0.530431 7.11 74.28 27.88 103.41
car 0.530337 28.96 98.88 63.02 118.77
car 0.530312 123.53 15.61 157.54 43.08
car 0.530293 215.99 17.43 224.00 49.59
car 0.530287 118.18 134.15 190.40 204.47
bus 0.530253 0.00 106.76 130.22 214.01
bus 0.530220 0.00 0.00 109.90 117.62
car 0.530178 18.53 182.50 54.92 217.87
car 0.530124 59.67 126.52 98.47 139.90
car 0.530045 142.12 120.03 202.23 188.21
car 0.529938 2.46 147.71 124.64 177.60
car 0.529761 34.95 92.83 73.39 111.64
person 0.529693 126.43 49.48 215.99 211.93
car 0.529547 177.75 62.84 222.06 100.18
car 0.529518 65.50 188.23 136.23 224.00
car 0.529472 51.46 135.19 86.94 148.00
car 0.529454 174.16 105.31 220.88 156.70
person 0.529324 165.42 13.65 189.76 62.28
car 0.529261 91.79 128.32 151.32 150.27
car 0.529187 2.14 91.21 18.79 124.96
car 0.529010 188.02 74.84 224.00 140.15
car 0.528970 42.06 25.06 70.84 51.58
person 0.528961 143.91 0.00 224.00 142.99
boat 0.528868 39.32 26.16 66.63 50.99
bottle 0.528760 0.00 193.43 24.86 224.00
car 0.528591 41.59 44.72 62.07 65.85
car 0.528537 189.39 59.06 219.25 96.64
car 0.528534 137.16 65.88 208.99 144.03
car 0.528482 216.67 8.31 224.00 37.00
car 0.528399 206.29 27.31 216.78 57.84
car 0.528300 99.10 198.14 161.61 224.00
car 0.528276 111.08 127.91 177.56 178.86
car 0.528251 158.50 41.45 209.63 77.26
car 0.528233 180.05 42.07 212.71 85.26
bottle 0.528071 13.28 199.68 54.73 224.00
car 0.527979 33.96 132.16 79.15 148.00
car 0.527973 164.69 59.30 219.47 95.40
car 0.527904 182.26 64.69 216.56 114.05
car 0.527758 80.88 140.36 133.29 157.83
car 0.527688 144.31 110.61 199.11 168.70
car 0.527672 37.64 69.93 62.53 89.44
bottle 0.527638 6.55 196.70 40.40 224.00
car 0.527561 0.00 0.00 59.23 46.62
person 0.527479 0.00 21.78 13.96 58.08
person 0.527431 10.70 32.72 34.45 59.51
car 0.527414 14.03 106.92 50.67 128.52
car 0.527374 179.68 89.72 215.30 144.07
car 0.527284 162.06 72.90 215.75 112.76
car 0.527265 184.40 127.46 224.00 192.76
person 0.527200 7.29 45.27 27.78 75.02
bus 0.527090 3.47 112.44 107.48 154.60
car 0.527085 48.68 108.33 90.95 127.39
car 0.526978 81.61 134.25 134.49 150.50
car 0.526942 109.52 113.02 174.14 160.02
bus 0.526934 82.52 92.68 180.02 133.60
car 0.526926 149.28 8.83 207.49 75.50
car 0.526921 78.59 72.71 155.49 109.60
aeroplane 0.526916 30.69 0.00 81.65 21.91
car 0.526896 64.45 159.13 130.55 188.79
car 0.526893 60.79 116.46 101.17 133.51
car 0.526846 52.35 31.33 85.04 55.33
car 0.526818 46.77 46.61 68.72 66.71
car 0.526799 29.08 141.68 69.72 161.48
car 0.526758 152.32 40.81 211.33 110.18
person 0.526701 182.96 0.00 224.00 71.50
car 0.526663 182.51 21.39 203.97 56.77
car 0.526582 46.47 0.00 90.43 24.60
car 0.526498 109.03 99.93 173.88 141.20
car 0.526421 38.52 210.57 84.76 224.00
car 0.526393 149.35 34.75 194.47 71.11
car 0.526323 126.67 15.31 166.47 50.73
car 0.526250 40.82 54.99 61.71 75.71
car 0.526237 8.37 165.70 125.91 224.00
car 0.526210 12.15 143.28 33.58 177.48
person 0.526208 179.02 18.79 224.00 107.18
car 0.526195 59.14 171.73 111.13 197.95
bus 0.526160 67.53 75.73 165.05 105.82
car 0.526093 0.00 151.76 77.32 224.00
car 0.526072 120.22 81.93 183.94 116.31
car 0.526027 18.75 176.59 61.65 209.56
car 0.525986 124.76 4.11 157.44 33.90
sofa 0.525968 0.00 173.12 17.07 216.60
car 0.525898 26.59 149.91 67.66 171.12
car 0.525885 30.18 0.00 131.08 36.85
tvmonitor 0.525649 104.17 11.90 142.20 34.77
car 0.525623 138.92 80.25 203.05 113.12
car 0.525607 24.59 156.52 64.69 181.04
car 0.525598 25.51 121.86 71.65 141.86
car 0.525433 55.88 163.20 111.70 188.92
car 0.525429 143.84 46.16 192.76 75.85
car 0.525399 124.01 63.85 171.59 96.56
boat 0.525392 39.18 13.25 71.92 44.23
car 0.525322 23.01 162.78 62.74 192.71
bus 0.525311 0.00 67.63 124.52 194.63
car 0.525209 81.41 173.56 152.63 208.23
car 0.525198 67.92 176.51 129.80 212.96
person 0.525143 167.76 0.00 194.55 25.09
person 0.525119 0.00 0.00 18.71 26.55
car 0.525062 36.91 140.57 78.44 156.83
car 0.525047 213.31 0.00 224.00 25.77
person 0.525032 14.82 76.59 37.25 99.61
car 0.524983 64.12 0.00 101.92 23.00
car 0.524858 8.94 93.12 28.86 122.60
car 0.524854 61.11 105.76 106.10 124.99
car 0.524654 61.19 205.17 115.00 224.00
person 0.524646 6.61 59.16 26.68 92.55
car 0.524641 50.72 166.55 95.67 188.29
bus 0.524516 37.66 15.21 130.31 45.66
car 0.524439 20.47 144.13 56.41 171.94
car 0.524318 68.02 29.10 102.13 55.54
aeroplane 0.524317 36.07 3.45 75.40 33.58
car 0.524239 29.26 164.51 75.55 188.09
car 0.524218 30.90 28.71 59.21 50.70
person 0.524217 175.60 0.00 203.40 23.64
car 0.524197 31.71 158.04 77.23 178.68
car 0.524167 143.01 101.55 197.27 151.46
car 0.524165 126.61 110.06 184.98 166.70
car 0.524160 53.70 208.17 102.79 224.00
bus 0.524148 56.29 87.51 143.69 118.02
car 0.524130 23.49 150.20 143.18 181.66
car 0.524097 120.56 93.08 176.75 131.44
car 0.524056 25.30 120.70 165.01 201.52
car 0.524003 54.01 38.74 84.84 60.74
car 0.523954 162.48 84.21 208.59 127.54
car 0.523892 190.92 162.50 224.00 208.55
car 0.523877 47.46 55.81 68.62 75.91
car 0.523849 0.00 0.00 89.01 39.85
car 0.523753 127.29 35.42 158.97 64.64
car 0.523722 32.56 102.25 75.71 122.65
car 0.523697 81.82 98.94 146.90 123.91
car 0.523696 52.11 46.78 75.47 67.06
car 0.523677 48.17 139.87 86.47 156.00
car 0.523633 72.40 123.95 119.43 141.00
person 0.523631 160.95 0.00 187.03 25.26
person 0.523563 18.09 31.33 45.89 54.93
bus 0.523506 19.97 0.00 152.76 110.76
tvmonitor 0.523487 98.08 7.89 133.06 36.13
car 0.523486 195.59 21.08 210.22 48.89
car 0.523460 50.33 159.96 95.34 181.84
car 0.523451 83.18 67.42 146.20 97.16
person 0.523416 3.86 25.81 20.44 56.95
aeroplane 0.523392 37.95 14.46 69.60 43.72
car 0.523365 145.97 179.14 210.83 224.00
car 0.523317 164.49 93.80 209.21 140.38
car 0.523306 126.56 0.00 154.42 27.10
car 0.523208 25.77 41.21 45.85 64.68
car 0.523192 92.30 154.89 195.28 224.00
person 0.523174 1.73 129.32 17.77 170.83
car 0.523140 35.87 42.40 56.09 64.58
car 0.523102 71.56 148.71 122.66 168.28
car 0.523093 34.02 149.57 77.97 167.72
boat 0.523088 0.00 9.12 12.20 46.47
car 0.523049 88.94 137.44 159.17 168.90
car 0.522918 161.60 160.98 221.55 217.16
car 0.522888 131.94 55.51 200.05 123.34
car 0.522849 67.05 145.79 113.26 162.91
aeroplane 0.522829 9.18 177.07 36.98 215.92
car 0.522802 18.17 192.38 57.17 224.00
car 0.522798 46.64 83.27 81.32 101.33
car 0.522741 43.90 68.66 68.78 88.06
bus 0.522689 15.93 109.99 112.36 143.46
car 0.522675 123.97 23.59 153.31 53.71
car 0.522650 208.24 19.74 216.09 46.20
car 0.522636 25.68 79.82 54.51 97.71
car 0.522506 183.54 0.00 211.19 21.45
car 0.522430 43.88 91.49 84.13 110.50
bus 0.522416 0.00 94.46 61.54 161.82
tvmonitor 0.522401 75.99 0.00 111.43 22.78
car 0.522389 71.85 164.51 141.25 202.95
person 0.522321 151.70 14.68 183.33 55.11
car 0.522315 192.46 0.00 218.23 19.98
car 0.522299 83.24 97.83 159.02 133.27
car 0.522278 163.91 23.82 224.00 102.95
car 0.522227 84.77 59.10 140.80 87.75
car 0.522218 55.26 55.52 74.79 74.74
car 0.522129 24.93 132.24 68.47 154.11
car 0.522127 151.51 52.00 209.68 87.52
person 0.522124 15.19 46.95 34.29 74.86
car 0.521969 40.57 100.33 84.38 121.56
car 0.521926 62.60 54.18 83.52 74.20
car 0.521904 57.51 45.49 82.91 67.07
boat 0.521833 78.81 26.68 115.94 55.62
car 0.521813 168.67 2.33 192.22 42.70
car 0.521806 182.84 14.84 203.81 42.72
car 0.521804 15.87 96.17 43.77 119.22
car 0.521780 59.20 79.76 94.06 99.48
bus 0.521765 0.00 20.60 118.35 164.50
car 0.521729 196.30 12.45 210.36 36.11
car 0.521715 113.88 15.52 150.73 39.22
car 0.521712 94.66 76.54 170.26 112.36
car 0.521710 132.84 32.23 169.08 66.33
car 0.521628 138.11 87.35 195.24 122.99
car 0.521544 144.62 64.01 208.42 101.36
car 0.521538 178.97 0.31 224.00 89.84
bus 0.521528 2.14 100.96 97.60 146.97
car 0.521519 49.25 149.83 91.12 169.45
car 0.521514 50.54 98.26 94.27 119.36
car 0.521474 49.72 21.86 82.96 50.47
car 0.521470 65.36 64.04 87.60 81.47
car 0.521436 63.63 96.51 111.60 116.07
car 0.521420 90.04 103.85 200.09 183.45
car 0.521395 34.97 52.23 55.69 75.21
person 0.521376 1.60 113.74 17.83 151.94
car 0.521290 104.18 141.78 175.02 192.72
boat 0.521204 69.50 20.81 100.52 51.47
car 0.521198 63.23 71.10 91.76 89.67
car 0.521195 54.87 89.10 95.46 109.01
car 0.521189 75.16 101.89 131.88 123.04
car 0.521143 104.16 65.73 163.41 98.90
car 0.521135 202.67 175.18 224.00 223.55
car 0.521031 54.22 65.85 75.99 83.94
car 0.521024 130.52 22.11 167.31 61.19
car 0.520984 49.91 74.76 78.00 92.83
car 0.520946 79.60 144.97 138.25 170.96
bus 0.520943 27.13 92.11 119.25 127.29
car 0.520890 81.92 120.92 137.86 142.46
person 0.520873 10.41 26.09 27.44 55.97
bus 0.520828 0.00 64.78 39.55 138.64
car 0.520809 124.42 40.63 199.13 100.71
aeroplane 0.520798 12.33 15.29 30.47 42.75
car 0.520763 74.02 111.66 125.22 132.22
car 0.520759 88.59 107.44 163.81 143.51
car 0.520682 66.35 36.84 102.17 61.15
car 0.520656 60.57 154.20 117.96 179.60
bus 0.520626 45.92 27.36 136.06 61.57
car 0.520606 62.47 142.29 103.94 157.35
tvmonitor 0.520567 84.29 0.00 120.85 22.30
car 0.520540 140.87 93.37 195.33 134.90
boat 0.520538 0.00 0.00 14.60 35.63
car 0.520530 132.35 0.00 196.50 60.93
car 0.520481 82.17 107.43 142.21 132.66
car 0.520475 56.00 151.53 103.86 174.11
bus 0.520454 9.71 94.51 108.53 137.73
bus 0.520423 5.11 129.19 113.42 163.28
person 0.520415 15.07 61.81 35.03 89.94
tvmonitor 0.520384 88.51 24.15 124.67 56.53
car 0.520377 67.40 88.62 114.96 108.05
car 0.520328 70.66 79.31 116.34 99.64
car 0.520277 175.00 187.41 221.27 224.00
car 0.520268 114.05 57.30 157.64 84.16
car 0.520264 77.71 151.17 142.29 187.45
car 0.520225 48.66 169.93 92.36 194.34
person 0.520106 147.25 0.00 177.38 24.27
car 0.520090 63.18 0.00 147.73 45.36
car 0.520018 109.46 0.00 145.69 24.60
car 0.520013 124.24 69.79 188.33 108.07
bus 0.519964 0.00 34.01 34.19 112.15
tvmonitor 0.519934 102.62 16.89 140.06 46.70
car 0.519924 72.03 55.35 108.35 75.93
car 0.519917 209.06 10.84 217.14 34.47
car 0.519901 99.64 0.00 137.97 22.78
car 0.519893 18.64 120.83 58.78 144.98
boat 0.519870 2.99 13.48 20.03 44.71
bottle 0.519790 8.02 182.35 37.19 224.00
car 0.519779 74.40 65.57 114.15 82.83
car 0.519710 109.30 184.36 176.83 221.10
person 0.519638 25.83 65.49 49.54 89.08
car 0.519629 80.02 57.78 131.18 81.30
person 0.519590 25.74 49.60 46.03 74.18
bus 0.519581 55.15 53.37 154.45 92.27
person 0.519498 164.34 2.12 188.53 45.93
boat 0.519479 99.30 20.99 140.00 55.94
car 0.519457 52.63 23.49 144.57 66.94
car 0.519441 91.73 0.00 173.42 53.55
car 0.519381 24.01 169.30 71.78 198.25
motorbike 0.519362 10.45 174.04 38.94 210.95
car 0.519335 73.29 71.28 116.66 90.09
car 0.519315 134.04 56.22 191.11 90.21
tvmonitor 0.519305 99.72 0.00 142.43 30.52
bus 0.519287 76.22 35.26 118.28 62.96
car 0.519241 76.60 95.00 138.32 115.76
car 0.519192 10.31 133.17 33.48 166.59
car 0.519094 175.24 1.88 198.99 35.89
tvmonitor 0.519059 93.30 2.77 121.77 36.99
aeroplane 0.519031 30.59 17.80 62.55 44.59
tvmonitor 0.518987 81.32 19.56 113.44 51.03
car 0.518866 103.98 153.57 175.11 208.07
bus 0.518834 3.73 69.03 76.57 130.29
car 0.518810 9.33 117.98 33.59 149.12
tvmonitor 0.518774 92.66 12.33 121.22 43.37
aeroplane 0.518663 13.85 24.98 35.08 53.48
bus 0.518654 57.50 45.78 146.37 82.88
car 0.518636 18.69 133.59 56.52 160.23
aeroplane 0.518589 18.68 14.48 42.90 39.99
car 0.518521 79.31 27.75 167.78 75.68
bus 0.518353 68.56 0.00 192.48 121.03
car 0.518336 84.31 46.29 134.02 77.39
bus 0.518318 85.85 33.46 127.90 65.98
car 0.518299 67.72 44.87 104.15 68.36
bus 0.518250 46.02 100.90 138.43 133.26
car 0.518225 118.57 34.37 150.83 63.87
aeroplane 0.518212 21.40 0.00 66.53 18.47
boat 0.518088 90.50 31.93 136.66 68.52
bus 0.517926 0.00 13.71 39.64 90.35
car 0.517915 0.00 0.00 50.51 71.12
car 0.517823 117.91 47.82 152.52 72.87
car 0.517769 78.94 79.43 141.03 104.06
aeroplane 0.517732 20.30 21.79 47.67 48.99
car 0.517573 206.46 0.00 220.02 23.68
car 0.517501 77.93 88.32 141.33 110.51
bus 0.517490 41.71 68.32 130.58 107.30
bus 0.517412 60.40 61.01 163.06 107.79
aeroplane 0.517341 24.55 11.13 57.16 36.90
person 0.517333 135.29 0.00 166.50 25.36
bus 0.517305 27.85 88.02 165.47 191.20
car 0.517167 76.41 45.89 124.31 72.53
aeroplane 0.517094 14.97 0.00 52.23 18.16
car 0.517028 75.85 112.64 175.04 171.25
tvmonitor 0.516935 84.93 11.81 111.91 44.28
boat 0.516765 70.28 10.61 98.49 44.11
aeroplane 0.516743 95.16 31.89 141.58 68.69
car 0.516732 108.60 21.63 149.21 53.94
boat 0.516671 62.62 0.00 99.89 29.54
boat 0.516629 46.73 10.79 80.04 42.94
boat 0.516584 0.00 0.00 26.66 23.43
bus 0.516409 12.59 69.91 95.94 120.94
aeroplane 0.516352 7.15 0.00 38.95 19.59
person 0.516266 147.65 1.99 179.25 40.81
car 0.516201 73.29 65.16 177.19 119.28
person 0.516166 12.84 148.53 35.69 187.59
car 0.516000 78.41 41.35 169.24 96.63
car 0.515704 45.37 175.01 87.52 201.66
tvmonitor 0.515657 85.47 0.00 111.64 36.91
boat 0.515259 44.53 0.00 79.71 32.81
car 0.515005 42.10 92.05 184.17 191.29
car 0.514967 43.38 184.52 83.65 213.26
bus 0.514898 3.45 33.44 74.85 96.46
bus 0.514832 27.82 46.63 161.36 168.79
car 0.514686 105.07 32.38 148.30 65.93
car 0.514417 64.27 195.00 118.45 224.00
person 0.514309 119.52 13.30 213.98 162.01
car 0.514138 101.74 47.45 150.24 77.01
person 0.513930 12.29 155.32 37.35 198.70
car 0.513740 32.80 123.01 138.66 160.22
car 0.513579 62.50 181.39 106.02 212.35
car 0.513243 40.57 202.02 83.17 224.00
bus 0.512793 32.97 34.66 121.75 80.01
bus 0.512518 4.90 11.24 84.29 71.33
bus 0.512420 21.42 13.83 108.46 57.38
car 0.511959 65.96 63.38 194.16 181.80
