car 0.664681 1.65 18.93 219.08 217.37
sofa 0.564410 150.62 4.38 224.00 84.46
aeroplane 0.554790 160.07 13.38 221.96 80.69
aeroplane 0.554331 169.10 29.96 216.83 78.54
car 0.552274 52.16 31.50 205.51 192.00
boat 0.550532 50.06 30.04 208.34 206.68
horse 0.546182 145.84 9.73 222.53 70.56
car 0.545554 5.98 42.43 163.96 186.71
horse 0.544069 138.80 7.39 194.42 52.79
car 0.543966 122.79 0.00 224.00 73.58
car 0.543513 18.45 78.18 174.40 219.74
aeroplane 0.540790 140.84 0.00 224.00 70.47
car 0.537813 113.94 0.00 201.93 41.38
sofa 0.537669 162.80 19.78 219.35 78.48
car 0.536394 135.57 2.20 192.60 54.95
train 0.535954 139.45 0.00 220.36 67.38
horse 0.535676 136.72 0.00 210.86 62.79
aeroplane 0.535446 215.53 68.94 224.00 114.05
person 0.535172 0.00 56.74 23.50 163.85
car 0.535049 95.53 0.00 173.73 35.50
aeroplane 0.534451 183.74 20.69 224.00 84.75
car 0.534436 180.96 64.08 224.00 209.38
car 0.534041 8.35 177.87 32.71 198.45
tvmonitor 0.533461 220.00 162.29 223.49 199.22
aeroplane 0.533053 219.06 75.48 224.00 119.99
car 0.533032 0.00 0.00 19.50 24.76
motorbike 0.532950 110.96 106.47 162.35 140.86
car 0.532832 13.70 160.13 146.32 224.00
car 0.532744 7.60 171.00 33.11 192.74
boat 0.531618 162.09 52.75 224.00 199.31
pottedplant 0.531609 212.80 202.18 224.00 224.00
car 0.531596 0.00 8.65 26.25 109.71
car 0.531540 7.29 163.56 33.08 186.50
motorbike 0.531344 137.31 71.37 194.83 104.31
sheep 0.531311 83.84 98.51 118.97 147.08
pottedplant 0.531281 0.00 15.77 8.41 50.38
person 0.531003 0.00 17.46 23.41 125.00
person 0.530987 0.00 203.47 20.70 224.00
car 0.530972 23.37 208.54 71.84 224.00
person 0.530759 11.61 208.56 52.56 224.00
aeroplane 0.530531 207.68 56.60 224.00 107.09
car 0.530445 6.78 153.62 33.51 178.03
bottle 0.530442 80.93 98.27 113.53 145.85
person 0.530428 0.00 60.56 10.69 99.90
aeroplane 0.530418 74.88 206.52 110.89 224.00
car 0.530406 7.62 181.04 110.65 224.00
car 0.530398 13.34 185.07 37.20 203.41
car 0.530357 0.00 110.81 14.13 152.46
aeroplane 0.530052 79.03 193.01 103.61 219.71
cow 0.530000 83.10 93.48 120.36 142.88
cow 0.529495 88.92 99.97 132.38 147.22
car 0.529490 197.62 81.88 224.00 214.25
car 0.529367 13.25 130.24 165.32 224.00
car 0.529236 75.58 0.00 150.48 32.09
pottedplant 0.529069 192.91 186.01 224.00 224.00
aeroplane 0.529069 137.68 65.01 198.74 101.91
aeroplane 0.529041 72.87 192.84 95.95 220.47
boat 0.528854 104.00 42.95 222.62 210.02
motorbike 0.528810 131.60 78.86 169.64 106.00
car 0.528788 10.42 117.07 32.95 147.26
car 0.528704 1.82 60.08 107.69 182.64
person 0.528683 0.00 175.16 50.87 224.00
sheep 0.528660 189.08 210.38 216.35 224.00
bottle 0.528423 0.00 51.33 10.83 91.95
aeroplane 0.528346 162.45 63.76 201.45 100.64
bird 0.528206 178.34 213.02 210.06 224.00
car 0.528159 0.00 0.00 37.26 56.87
person 0.528020 0.00 95.73 25.49 199.70
dog 0.528010 81.33 87.12 115.44 132.74
bird 0.527747 163.06 211.71 199.38 224.00
car 0.527747 1.34 205.56 36.27 224.00
pottedplant 0.527685 0.00 25.07 7.82 65.39
aeroplane 0.527677 169.06 40.47 205.69 81.94
boat 0.527634 1.93 71.42 23.95 102.73
aeroplane 0.527569 165.42 50.98 203.41 92.28
aeroplane 0.527286 66.40 192.86 89.12 222.24
car 0.527264 130.66 21.15 180.88 61.89
motorbike 0.527143 129.63 79.77 156.20 106.22
aeroplane 0.527058 107.39 126.43 146.81 181.36
car 0.527034 14.63 192.00 38.87 210.45
aeroplane 0.527013 111.37 108.54 159.66 153.82
aeroplane 0.526954 176.20 9.89 224.00 70.69
sofa 0.526942 140.12 3.21 208.79 69.09
pottedplant 0.526938 0.00 7.65 10.23 41.74
aeroplane 0.526930 199.45 0.00 224.00 23.61
aeroplane 0.526915 87.99 129.51 113.92 183.14
sheep 0.526895 87.17 117.69 115.00 169.98
car 0.526835 7.30 139.39 34.04 167.75
bottle 0.526797 0.00 65.16 21.63 95.88
bottle 0.526779 41.60 113.84 58.61 154.38
aeroplane 0.526763 106.47 138.86 141.45 195.87
car 0.526721 220.00 124.26 224.00 165.49
bottle 0.526689 0.00 39.63 10.12 81.91
car 0.526629 146.97 33.46 199.79 74.36
aeroplane 0.526486 87.42 208.78 125.65 224.00
aeroplane 0.526467 198.12 40.39 223.38 98.41
boat 0.526425 0.00 70.84 9.59 111.70
tvmonitor 0.526421 220.00 147.64 223.64 190.88
car 0.526359 0.00 0.00 12.99 33.20
boat 0.526349 54.88 206.27 87.15 224.00
car 0.526207 37.46 115.24 54.08 153.11
aeroplane 0.526093 108.34 114.59 154.58 165.55
car 0.526078 125.59 8.13 176.62 46.73
aeroplane 0.526078 220.00 170.21 224.00 210.52
aeroplane 0.526010 220.00 82.56 224.00 128.69
aeroplane 0.526005 91.06 104.75 130.31 148.85
car 0.525906 0.00 93.95 10.92 145.32
pottedplant 0.525886 151.90 198.44 211.21 224.00
bird 0.525874 100.22 209.80 137.59 224.00
car 0.525810 0.59 16.97 76.18 112.78
cow 0.525785 100.30 101.76 160.44 145.69
bottle 0.525771 130.48 200.79 198.76 224.00
car 0.525764 0.00 111.13 29.45 213.81
aeroplane 0.525694 62.80 205.12 98.23 224.00
motorbike 0.525673 88.46 89.51 129.30 134.44
car 0.525596 5.96 108.69 38.63 146.64
car 0.525543 0.36 0.00 61.43 51.95
aeroplane 0.525487 59.71 191.73 81.07 224.00
car 0.525487 29.14 35.08 57.49 67.81
bird 0.525482 130.47 210.76 168.42 224.00
pottedplant 0.525458 201.47 205.65 224.00 224.00
car 0.525414 13.66 0.00 80.50 46.77
car 0.525298 0.00 98.04 81.34 205.61
aeroplane 0.525228 141.18 118.34 191.06 153.29
motorbike 0.525148 115.67 99.59 163.09 130.95
car 0.525065 79.75 24.44 206.07 141.95
boat 0.525015 4.72 75.94 27.27 108.17
tvmonitor 0.525014 206.43 102.58 224.00 221.72
aeroplane 0.525008 149.44 1.61 207.62 53.37
motorbike 0.524877 136.65 56.81 204.60 96.22
car 0.524867 29.55 0.00 104.31 39.30
pottedplant 0.524805 173.30 192.48 224.00 224.00
car 0.524756 36.59 192.54 73.31 223.63
aeroplane 0.524712 94.57 138.85 118.76 195.05
bottle 0.524631 37.77 107.73 53.87 151.17
car 0.524607 0.00 166.05 17.88 194.75
aeroplane 0.524597 103.06 145.03 128.56 202.06
person 0.524548 0.00 74.28 9.13 120.37
bottle 0.524477 81.01 129.56 108.23 181.50
aeroplane 0.524418 161.14 24.14 224.00 134.46
sheep 0.524394 139.05 210.51 177.58 224.00
car 0.524310 44.78 0.00 121.15 34.98
person 0.524252 36.61 75.31 52.72 116.23
car 0.524130 10.33 98.51 34.48 143.84
aeroplane 0.523969 92.10 116.45 123.59 167.62
bird 0.523849 146.83 211.28 188.17 224.00
car 0.523841 0.00 157.94 18.16 188.21
aeroplane 0.523764 85.28 194.53 109.92 218.60
aeroplane 0.523754 90.64 145.59 111.72 201.12
bird 0.523634 113.43 210.87 153.83 224.00
boat 0.523580 105.64 25.26 211.76 150.20
boat 0.523574 0.00 21.80 14.13 47.35
aeroplane 0.523475 220.00 116.53 224.00 160.01
cow 0.523441 108.61 197.01 188.95 224.00
car 0.523333 17.20 113.81 37.92 147.31
car 0.523324 9.41 126.74 33.88 156.42
motorbike 0.523259 127.71 22.74 171.54 59.61
car 0.523198 13.90 202.11 45.33 224.00
motorbike 0.523152 86.31 81.92 115.96 117.38
bottle 0.523137 80.98 117.31 110.47 170.50
bottle 0.523120 41.29 96.33 56.29 151.71
car 0.523096 40.71 121.84 58.41 156.90
car 0.522948 30.46 0.00 62.82 13.70
aeroplane 0.522878 44.52 172.29 171.27 224.00
horse 0.522742 125.50 8.96 178.20 50.82
aeroplane 0.522697 83.08 140.43 106.89 189.57
car 0.522656 21.52 193.38 65.18 220.79
aeroplane 0.522594 109.99 152.69 135.85 204.50
horse 0.522586 133.88 0.00 180.72 36.33
bottle 0.522554 0.00 54.60 19.87 86.50
car 0.522497 0.00 148.24 17.79 181.32
person 0.522481 36.25 81.48 52.55 133.56
cow 0.522478 74.21 187.82 177.08 224.00
car 0.522446 79.98 8.81 194.38 107.84
car 0.522397 14.17 193.32 53.06 215.95
person 0.522377 85.42 70.25 104.67 92.31
person 0.522335 101.11 47.19 113.49 67.43
car 0.522278 139.44 31.92 187.76 70.04
person 0.522268 92.22 70.14 109.63 91.70
pottedplant 0.522230 217.40 190.69 224.00 224.00
car 0.522205 0.00 129.70 82.96 224.00
bottle 0.522155 35.38 89.04 52.10 146.95
car 0.522118 118.85 0.00 171.86 27.03
motorbike 0.522063 130.66 62.97 155.85 96.10
car 0.521890 5.82 181.00 28.59 201.43
car 0.521852 20.93 111.83 45.39 149.19
bottle 0.521793 72.68 97.27 98.58 144.71
car 0.521714 11.17 190.45 32.74 208.82
aeroplane 0.521684 113.61 148.42 144.69 200.46
bottle 0.521633 28.38 78.16 46.86 119.97
person 0.521628 90.43 77.03 111.23 100.11
car 0.521613 0.00 122.43 17.35 163.22
aeroplane 0.521504 156.36 0.00 203.16 36.42
motorbike 0.521466 124.23 63.80 148.31 93.33
person 0.521461 41.64 81.87 56.16 133.57
car 0.521435 38.82 16.95 176.23 138.37
car 0.521410 119.05 3.36 167.03 40.46
person 0.521388 83.98 81.26 114.10 114.81
car 0.521387 0.00 135.39 17.69 172.90
car 0.521381 0.00 177.93 16.73 206.06
motorbike 0.521315 125.27 73.99 150.18 102.18
boat 0.521215 11.80 86.50 32.80 130.33
pottedplant 0.521202 0.00 25.27 14.24 53.89
car 0.521127 108.94 0.00 147.28 18.60
boat 0.521095 6.47 79.03 32.25 116.87
bottle 0.520988 43.55 95.29 62.91 151.79
aeroplane 0.520953 130.48 157.06 162.91 197.35
aeroplane 0.520930 143.40 167.49 182.28 205.31
person 0.520887 43.30 87.95 62.17 144.61
motorbike 0.520846 125.15 86.13 160.46 112.99
bottle 0.520812 70.80 129.23 95.76 177.50
car 0.520744 2.16 0.70 67.92 89.43
car 0.520622 102.33 0.00 133.27 16.67
person 0.520573 94.32 35.27 110.81 61.43
boat 0.520555 132.29 0.00 215.08 92.65
bottle 0.520526 36.11 68.45 52.46 110.93
person 0.520511 95.50 45.39 108.83 67.66
car 0.520418 138.63 0.00 186.44 38.36
sheep 0.520408 9.69 73.40 28.88 101.71
boat 0.520320 35.68 202.23 75.50 224.00
car 0.520234 107.65 0.97 204.72 89.36
aeroplane 0.520200 94.07 153.38 114.91 207.46
motorbike 0.520160 102.91 92.15 155.67 132.20
aeroplane 0.520129 136.50 159.29 176.33 194.58
boat 0.520092 0.00 14.16 15.15 39.09
motorbike 0.520066 99.53 35.93 115.01 61.12
motorbike 0.519986 129.82 30.83 175.68 66.17
dog 0.519967 25.66 82.07 46.55 133.69
motorbike 0.519957 92.53 83.46 122.76 118.80
car 0.519928 17.84 186.58 51.58 208.28
aeroplane 0.519907 144.27 179.38 181.54 214.44
person 0.519893 87.28 61.74 104.49 83.85
dog 0.519881 21.74 102.95 46.11 152.06
bottle 0.519860 73.59 140.34 94.95 183.66
motorbike 0.519855 112.62 112.09 168.64 148.84
person 0.519839 108.05 47.06 120.54 67.01
aeroplane 0.519815 92.27 193.86 116.54 218.08
car 0.519812 30.57 162.51 49.83 184.20
bottle 0.519709 63.28 140.77 83.48 178.92
aeroplane 0.519706 106.58 191.44 127.73 219.33
car 0.519697 95.49 0.00 123.47 15.60
aeroplane 0.519694 83.36 158.69 106.55 207.54
car 0.519671 115.67 11.71 150.82 38.89
motorbike 0.519656 130.05 44.84 158.81 79.51
person 0.519650 74.12 88.38 99.99 131.18
sheep 0.519629 11.59 80.04 30.11 115.50
pottedplant 0.519604 200.44 166.85 224.00 224.00
person 0.519601 47.52 89.76 68.92 142.72
motorbike 0.519588 131.47 112.63 186.89 145.83
aeroplane 0.519588 64.99 82.33 195.91 224.00
person 0.519499 79.24 62.88 97.66 84.48
aeroplane 0.519484 112.57 176.37 134.87 213.41
bottle 0.519480 47.99 96.10 70.32 149.47
person 0.519442 78.54 71.45 99.10 92.64
aeroplane 0.519431 148.32 163.37 190.95 194.88
bottle 0.519421 45.05 112.57 65.02 155.26
car 0.519307 25.97 187.11 63.78 212.73
car 0.519272 32.66 147.45 52.74 175.05
motorbike 0.519269 123.17 47.77 151.80 78.82
car 0.519262 105.33 15.34 211.52 116.67
bottle 0.519162 58.52 128.68 82.95 172.37
car 0.519144 108.58 13.47 126.32 37.02
person 0.519104 94.83 60.80 109.93 82.55
car 0.519086 64.19 0.00 91.44 13.10
dog 0.519060 16.81 94.49 39.82 144.92
horse 0.518990 150.75 0.00 202.44 38.95
car 0.518933 103.17 13.74 117.37 37.24
aeroplane 0.518918 139.19 176.55 170.77 212.57
aeroplane 0.518905 190.64 0.00 224.00 44.62
car 0.518900 16.13 20.02 112.02 117.41
person 0.518876 99.98 70.27 114.44 90.78
car 0.518797 30.05 20.42 57.37 57.63
car 0.518784 0.00 168.50 88.07 224.00
person 0.518770 44.47 81.09 62.04 124.66
aeroplane 0.518754 114.61 190.75 136.95 221.49
car 0.518745 34.63 6.21 54.90 25.71
dog 0.518709 19.43 78.50 37.93 115.80
motorbike 0.518649 121.73 91.67 166.08 122.88
person 0.518467 102.16 54.00 112.74 72.78
motorbike 0.518356 163.11 42.31 203.97 82.73
motorbike 0.518354 121.80 11.15 168.82 48.85
motorbike 0.518344 135.08 61.36 176.06 98.71
aeroplane 0.518339 67.17 152.32 83.59 184.55
tvmonitor 0.518328 199.05 167.96 209.92 190.29
car 0.518289 40.51 0.00 74.17 12.86
car 0.518277 40.07 131.21 58.55 164.00
person 0.518250 87.92 36.11 104.60 60.04
aeroplane 0.518217 75.63 149.12 94.81 190.03
aeroplane 0.518210 186.13 65.23 221.22 106.82
aeroplane 0.518203 22.75 118.49 180.59 224.00
person 0.518203 96.61 52.64 109.00 73.41
aeroplane 0.518198 102.63 163.70 124.49 211.11
dog 0.518173 18.22 83.57 39.12 130.33
person 0.518167 0.00 185.39 16.19 213.16
car 0.518160 34.99 38.39 65.15 69.35
car 0.518113 33.77 43.22 53.79 76.70
dog 0.518065 30.00 70.68 46.87 108.22
person 0.518053 89.27 44.90 103.61 66.19
car 0.518044 25.62 29.38 62.68 59.43
motorbike 0.518043 105.35 86.37 145.58 119.51
aeroplane 0.518038 140.78 193.53 171.35 224.00
sheep 0.518001 9.19 64.99 27.53 93.10
aeroplane 0.517967 196.67 130.15 215.12 156.01
car 0.517949 28.55 170.25 48.32 191.50
aeroplane 0.517909 68.03 178.02 88.89 215.30
person 0.517888 97.69 77.67 116.80 101.78
car 0.517884 39.98 161.05 57.25 183.70
car 0.517879 39.71 146.56 58.78 175.21
bottle 0.517855 72.09 108.00 97.26 156.87
aeroplane 0.517827 136.17 192.13 161.23 222.24
aeroplane 0.517804 13.78 26.51 34.79 51.75
boat 0.517779 0.00 28.71 14.57 60.43
sheep 0.517761 0.00 41.99 18.36 75.78
aeroplane 0.517748 146.81 195.21 183.25 224.00
motorbike 0.517648 95.18 24.66 112.32 51.34
bottle 0.517630 59.27 96.60 78.71 146.45
aeroplane 0.517618 182.63 0.00 223.03 24.84
car 0.517587 54.44 0.00 83.83 12.99
car 0.517560 15.75 123.93 44.54 155.29
motorbike 0.517544 142.00 41.77 193.15 79.72
car 0.517478 17.94 34.00 131.26 142.26
car 0.517459 23.72 177.93 48.58 200.66
person 0.517412 108.39 54.26 119.61 72.79
aeroplane 0.517357 118.51 174.56 141.42 211.83
motorbike 0.517349 116.69 63.60 140.89 87.56
aeroplane 0.517326 117.02 159.93 141.41 206.87
aeroplane 0.517315 13.32 22.49 33.42 43.95
aeroplane 0.517287 72.64 177.07 97.19 217.35
car 0.517283 108.55 7.92 129.12 33.33
boat 0.517272 36.49 56.99 52.48 97.25
aeroplane 0.517260 120.81 190.91 144.17 221.31
person 0.517218 80.99 53.35 96.00 73.88
aeroplane 0.517177 76.25 161.52 96.74 203.25
aeroplane 0.517173 181.55 130.35 207.49 154.54
motorbike 0.517170 115.84 51.80 140.55 74.88
aeroplane 0.517156 161.28 125.74 197.60 152.98
motorbike 0.517129 115.87 42.47 144.79 66.09
motorbike 0.517093 123.50 35.52 160.28 65.87
person 0.517062 89.70 52.74 104.22 73.74
aeroplane 0.517058 170.93 0.00 215.57 28.57
aeroplane 0.517050 133.57 174.46 158.93 210.98
tvmonitor 0.517033 197.61 162.84 212.12 186.65
car 0.517013 56.78 154.69 75.31 181.68
aeroplane 0.516979 139.40 149.64 185.33 190.24
person 0.516944 101.21 61.18 113.45 80.99
aeroplane 0.516935 151.82 71.47 195.59 102.30
person 0.516916 66.17 61.80 81.07 88.95
motorbike 0.516894 101.60 17.43 116.84 41.95
tvmonitor 0.516881 212.00 163.36 217.86 192.90
boat 0.516839 0.00 0.00 19.56 29.23
car 0.516835 7.54 0.00 37.93 18.13
person 0.516835 76.56 82.76 101.64 114.29
aeroplane 0.516831 116.57 115.48 167.36 159.85
person 0.516785 79.40 37.58 93.71 58.52
person 0.516767 80.66 45.63 94.15 65.38
car 0.516759 56.55 38.38 73.69 64.87
motorbike 0.516755 141.93 47.09 204.80 88.32
aeroplane 0.516710 76.95 174.52 104.08 218.49
car 0.516651 80.47 17.02 91.41 33.92
car 0.516650 73.72 21.15 81.57 40.23
person 0.516603 108.58 72.21 126.19 93.83
car 0.516563 15.14 0.00 92.97 86.06
car 0.516561 74.12 15.55 81.40 33.50
person 0.516556 78.42 77.31 100.64 99.50
person 0.516544 70.76 36.93 81.94 59.54
motorbike 0.516519 105.76 35.44 121.08 60.72
car 0.516481 71.27 0.00 164.92 57.47
bottle 0.516471 49.23 141.35 74.28 176.32
aeroplane 0.516465 128.72 191.08 151.56 220.26
motorbike 0.516418 127.15 87.59 177.67 112.24
car 0.516418 4.54 198.90 30.85 223.47
sheep 0.516411 0.00 33.42 16.00 67.44
car 0.516397 33.60 177.41 59.42 203.85
person 0.516390 64.19 71.32 80.78 98.63
car 0.516367 98.05 14.59 113.53 36.75
car 0.516342 33.48 13.58 54.95 41.83
car 0.516324 79.92 22.79 91.68 40.21
motorbike 0.516319 120.10 81.73 154.93 109.25
bottle 0.516234 43.66 119.65 72.87 161.12
person 0.516211 87.80 27.07 106.98 50.39
motorbike 0.516185 134.34 42.57 175.84 80.09
dog 0.516178 20.52 72.03 38.16 102.83
motorbike 0.516162 96.98 18.05 112.99 41.77
aeroplane 0.516161 121.89 155.36 148.06 199.87
car 0.516152 36.90 29.87 65.07 63.28
car 0.516140 78.76 0.00 108.72 12.92
aeroplane 0.516136 200.44 173.14 209.27 195.70
motorbike 0.516134 108.34 80.05 134.27 106.11
aeroplane 0.516130 133.32 205.50 165.16 224.00
boat 0.516107 211.35 125.27 223.77 161.14
aeroplane 0.516070 186.96 167.39 204.94 190.71
aeroplane 0.516017 68.61 164.13 85.52 197.80
person 0.516000 70.68 45.39 80.92 67.00
aeroplane 0.515997 121.15 127.94 165.61 178.95
person 0.515980 69.85 52.38 80.76 76.31
car 0.515942 103.52 7.75 119.25 31.66
person 0.515938 49.10 83.81 68.24 122.63
aeroplane 0.515892 103.34 203.74 132.25 224.00
car 0.515889 6.51 187.74 27.87 208.12
person 0.515856 108.15 62.45 121.03 82.46
person 0.515839 38.53 55.85 55.36 98.83
car 0.515835 38.96 168.71 56.18 191.26
aeroplane 0.515831 116.62 205.58 148.50 224.00
motorbike 0.515808 107.00 17.00 124.02 41.78
aeroplane 0.515802 80.26 186.50 108.36 216.25
aeroplane 0.515795 166.70 73.57 206.61 103.41
person 0.515786 78.93 29.09 92.79 48.94
bottle 0.515782 59.13 109.10 81.04 156.72
car 0.515757 43.79 178.02 71.40 207.74
car 0.515756 10.53 150.91 41.16 175.84
person 0.515697 56.17 46.68 71.48 70.75
person 0.515690 72.45 27.64 82.36 49.17
car 0.515682 16.71 0.00 52.77 16.04
aeroplane 0.515657 129.17 118.42 181.79 157.66
motorbike 0.515651 115.38 14.19 151.59 43.98
person 0.515644 41.89 68.56 60.15 111.06
aeroplane 0.515595 89.03 184.10 114.00 214.33
person 0.515438 59.47 89.14 76.74 131.77
car 0.515436 63.16 20.83 74.71 43.81
aeroplane 0.515418 60.99 165.23 77.82 193.43
aeroplane 0.515368 177.74 51.71 218.46 99.34
person 0.515361 88.98 21.00 109.40 40.63
aeroplane 0.515279 60.78 177.73 82.61 211.84
car 0.515268 47.54 158.34 64.66 182.24
car 0.515265 59.95 28.17 74.97 54.74
aeroplane 0.515255 140.00 132.93 184.05 174.50
aeroplane 0.515243 125.44 173.73 148.26 210.33
car 0.515243 65.74 15.30 74.16 33.45
car 0.515103 90.06 16.75 110.66 34.67
motorbike 0.514948 114.38 30.69 148.50 59.78
car 0.514920 48.15 167.46 65.95 191.15
car 0.514814 13.52 134.57 44.46 164.63
sheep 0.514733 146.01 207.64 185.83 224.00
car 0.514731 41.98 21.77 64.66 53.02
person 0.514722 49.75 70.39 69.14 105.53
aeroplane 0.514541 200.13 179.65 209.13 203.33
car 0.514533 109.36 0.00 150.90 30.30
dog 0.514416 29.99 59.33 46.97 95.85
motorbike 0.514314 146.52 105.33 188.33 140.08
person 0.514232 63.50 79.51 79.12 106.17
aeroplane 0.514187 146.72 83.35 186.71 108.19
car 0.514181 44.26 144.18 64.63 175.51
aeroplane 0.514108 193.91 71.68 222.19 111.69
person 0.514028 54.66 52.23 69.78 79.94
sheep 0.514020 160.59 194.79 194.50 224.00
motorbike 0.514006 105.30 24.20 121.75 51.60
person 0.513988 61.43 85.17 77.22 118.45
aeroplane 0.513949 198.81 188.92 210.82 214.68
aeroplane 0.513882 212.00 131.18 222.40 166.84
person 0.513876 51.26 60.50 69.14 94.66
sheep 0.513816 11.88 51.97 28.70 81.09
aeroplane 0.513748 211.57 182.87 218.53 215.02
aeroplane 0.513730 165.64 164.31 198.07 191.12
aeroplane 0.513702 186.32 172.92 202.64 196.77
aeroplane 0.513688 193.75 122.84 216.19 152.57
aeroplane 0.513533 154.69 180.00 191.63 211.26
sheep 0.513527 207.26 195.69 220.35 224.00
bottle 0.513481 42.23 130.17 64.04 164.60
sheep 0.513449 16.65 32.86 35.16 63.16
sheep 0.513424 30.65 43.67 49.57 76.74
person 0.513388 39.85 49.14 60.84 80.98
aeroplane 0.513374 26.68 18.91 55.56 43.33
aeroplane 0.513347 156.85 98.00 188.27 119.40
motorbike 0.513336 134.83 96.63 179.55 123.44
aeroplane 0.513331 152.79 107.24 189.50 138.46
aeroplane 0.513283 178.42 123.48 209.45 150.91
dog 0.513276 21.68 61.60 39.06 92.97
aeroplane 0.513269 12.64 15.48 32.47 34.87
aeroplane 0.513242 212.00 173.83 218.31 204.80
sheep 0.513217 193.07 202.66 213.02 224.00
aeroplane 0.513091 197.77 153.25 214.24 181.40
car 0.513069 73.24 3.29 83.10 25.14
car 0.513063 28.70 0.00 123.53 81.32
car 0.513016 104.58 0.00 131.83 26.19
car 0.513004 98.60 7.18 116.05 30.67
motorbike 0.512967 149.61 95.87 185.08 120.82
tvmonitor 0.512941 179.88 126.19 224.00 223.38
pottedplant 0.512925 181.94 173.08 224.00 224.00
boat 0.512904 132.58 108.58 206.86 222.16
sheep 0.512757 161.97 208.47 198.64 224.00
car 0.512724 79.24 4.39 91.20 25.80
car 0.512723 45.72 15.41 62.85 36.91
aeroplane 0.512500 168.81 0.00 219.88 48.21
aeroplane 0.512319 163.64 85.56 197.99 108.35
car 0.512314 64.81 3.44 75.36 22.88
aeroplane 0.512216 185.36 182.04 201.78 206.05
aeroplane 0.512116 198.90 142.01 214.22 170.54
car 0.512063 99.01 0.00 121.58 23.09
tvmonitor 0.512022 212.00 150.06 220.58 186.66
aeroplane 0.511922 184.59 193.29 203.38 217.52
aeroplane 0.511870 184.64 152.62 208.59 181.97
sheep 0.511869 179.98 208.63 207.03 224.00
aeroplane 0.511807 163.89 99.26 195.22 120.18
aeroplane 0.511806 173.20 111.36 207.08 141.07
car 0.511786 27.47 0.00 56.56 17.81
aeroplane 0.511544 188.89 110.20 215.58 143.68
car 0.511509 89.31 6.61 110.42 27.92
car 0.511453 44.54 4.58 62.59 22.97
bottle 0.511074 150.09 171.95 206.42 224.00
tvmonitor 0.511047 212.00 139.77 221.54 178.18
sheep 0.511042 15.41 38.70 33.03 69.94
aeroplane 0.510860 184.42 140.27 207.18 169.07
aeroplane 0.510747 168.50 97.52 205.37 121.99
aeroplane 0.510697 169.94 195.22 195.46 221.68
sheep 0.510559 27.53 34.57 56.57 66.22
aeroplane 0.510488 26.21 11.74 54.43 30.94
aeroplane 0.510350 212.00 106.50 224.00 149.76
aeroplane 0.510340 202.40 79.26 224.00 120.68
aeroplane 0.510233 146.48 147.27 195.50 185.10
aeroplane 0.510221 93.03 154.38 188.72 224.00
aeroplane 0.510196 164.72 170.26 195.08 198.82
car 0.510175 72.57 0.00 93.11 15.16
aeroplane 0.510137 180.87 94.17 213.30 125.20
aeroplane 0.509741 211.11 92.39 224.00 135.18
aeroplane 0.509706 121.05 165.97 194.72 224.00
boat 0.509495 10.11 0.00 35.22 24.39
aeroplane 0.509451 166.18 181.99 193.61 209.51
aeroplane 0.509102 174.31 79.28 211.09 109.86
aeroplane 0.508805 163.15 149.57 200.27 182.86
aeroplane 0.508779 148.25 133.84 191.37 168.45
aeroplane 0.507651 164.53 136.13 196.95 167.25
