person 0.672071 33.81 26.21 194.19 222.28
person 0.582671 2.46 88.91 85.73 224.00
person 0.576334 70.45 32.00 184.97 192.02
bottle 0.575616 143.12 71.94 158.09 130.31
bottle 0.567492 102.25 56.15 133.03 144.96
person 0.567453 11.82 72.01 133.25 224.00
bottle 0.566527 146.75 77.20 176.36 126.86
bottle 0.561784 14.73 57.48 193.45 212.97
bottle 0.559702 93.32 62.83 224.00 195.09
bottle 0.559635 101.77 128.50 126.39 158.10
person 0.557056 72.04 54.06 224.00 208.91
bottle 0.556281 134.44 65.92 152.89 131.84
bottle 0.553560 112.17 63.10 146.13 134.83
person 0.553361 0.00 80.28 11.14 145.82
bottle 0.552606 98.86 45.10 124.77 134.51
bottle 0.552467 147.14 86.54 187.08 131.27
bottle 0.551842 96.98 131.74 121.98 160.81
sofa 0.549349 0.00 42.85 10.59 95.69
bottle 0.549294 11.62 127.17 44.88 222.69
person 0.548853 1.46 74.90 58.81 217.43
bottle 0.547305 11.42 138.20 62.84 224.00
bottle 0.546701 88.48 128.06 112.48 156.42
tvmonitor 0.545046 99.26 41.10 122.98 126.00
bottle 0.544914 9.00 125.55 30.90 221.51
tvmonitor 0.544456 0.00 130.27 16.19 217.51
bottle 0.544413 149.47 101.69 187.23 140.22
bottle 0.544194 0.00 138.38 16.42 222.00
bottle 0.544046 108.34 132.13 132.85 159.59
bottle 0.543678 82.20 127.17 101.72 155.76
bottle 0.542280 149.79 120.01 186.03 148.57
bottle 0.541929 107.35 163.91 156.90 191.12
bottle 0.541916 116.70 128.06 142.23 156.40
bottle 0.541749 102.07 138.43 129.32 171.37
bottle 0.541567 77.03 126.13 93.54 154.62
bottle 0.541390 130.44 123.84 152.61 154.18
dog 0.541065 12.44 142.06 69.36 221.60
bottle 0.539899 100.29 115.13 126.65 153.31
bottle 0.539819 39.28 99.64 186.60 206.79
sofa 0.539696 0.00 45.47 16.48 92.34
bottle 0.539393 140.30 121.57 164.55 150.89
cat 0.539187 218.77 33.94 224.00 81.96
bottle 0.539039 143.22 95.75 198.50 126.91
bottle 0.538825 100.03 152.69 138.74 183.92
bird 0.538553 209.51 176.34 224.00 216.04
bottle 0.538303 0.00 163.53 21.67 224.00
chair 0.537967 0.00 78.74 14.49 148.45
bottle 0.537919 0.00 90.09 10.91 157.17
bottle 0.537907 161.63 209.24 213.60 224.00
bottle 0.537412 22.91 156.74 55.68 224.00
bottle 0.537389 96.37 203.54 152.35 224.00
bottle 0.537322 141.18 102.26 162.78 144.86
dog 0.537293 22.29 108.63 49.54 149.87
bottle 0.537247 13.11 117.40 43.35 192.40
person 0.536538 82.13 20.49 170.41 148.12
bottle 0.536489 63.30 40.58 207.75 201.15
bottle 0.535630 131.14 79.95 152.21 141.89
tvmonitor 0.535558 61.79 46.24 87.18 72.20
sheep 0.535536 219.29 25.12 224.00 79.29
bottle 0.535531 101.32 89.28 128.74 149.51
bird 0.535446 123.07 207.11 164.93 224.00
person 0.535353 129.09 67.74 224.00 188.32
bird 0.535287 96.99 204.10 153.47 224.00
bottle 0.534992 130.36 104.73 152.94 148.55
dog 0.534931 214.35 101.28 224.00 134.05
bottle 0.534615 107.99 154.54 152.35 184.23
cat 0.534426 140.60 23.11 199.23 79.72
bottle 0.534355 138.60 208.16 175.64 224.00
dog 0.533762 27.54 113.06 53.20 146.38
bottle 0.533742 66.92 73.47 85.34 110.85
bottle 0.533635 67.70 85.55 87.36 132.94
person 0.533607 0.00 102.17 43.87 220.10
bottle 0.533579 100.09 186.74 155.42 214.73
person 0.533575 0.00 182.89 21.86 224.00
bottle 0.533545 6.92 164.63 31.65 224.00
tvmonitor 0.533196 0.00 114.96 23.53 203.72
sofa 0.533160 11.73 50.49 28.48 88.16
aeroplane 0.533090 19.96 14.70 56.16 31.86
bottle 0.532892 148.85 208.80 192.00 224.00
bottle 0.532880 14.42 157.51 41.68 224.00
dog 0.532871 98.62 43.78 122.13 102.14
cat 0.532803 139.90 28.96 169.75 94.62
chair 0.532801 0.00 61.29 10.17 126.68
chair 0.532616 8.50 81.31 31.76 150.88
sofa 0.532481 57.00 45.69 83.05 70.46
tvmonitor 0.532474 0.00 109.06 13.39 189.75
bottle 0.532413 59.14 207.23 96.46 224.00
bottle 0.532400 113.63 109.82 142.31 151.90
sofa 0.532382 18.56 52.62 36.62 85.38
bottle 0.532289 61.51 138.16 87.24 201.08
bottle 0.532193 114.13 139.71 145.59 173.20
bottle 0.532159 72.85 124.08 88.76 152.85
bottle 0.532122 61.17 190.73 92.91 224.00
bottle 0.532032 52.62 187.72 84.83 224.00
sheep 0.531942 213.74 95.43 224.00 128.55
person 0.531858 0.00 52.32 34.71 161.46
sofa 0.531738 0.00 18.65 11.44 61.57
dog 0.531581 131.11 31.05 155.76 98.26
bird 0.531309 173.60 205.86 224.00 224.00
dog 0.531216 16.77 87.85 43.69 151.17
cat 0.531074 143.51 28.39 180.23 88.14
bottle 0.530914 160.57 160.63 217.31 199.40
sheep 0.530869 19.78 120.51 49.49 166.27
sheep 0.530851 211.76 0.00 224.00 29.04
person 0.530841 0.00 31.25 26.46 135.21
bottle 0.530687 157.09 100.43 206.58 127.54
bottle 0.530348 67.90 101.76 88.81 142.84
bottle 0.530329 68.99 139.36 92.98 196.97
bottle 0.530184 9.89 115.64 160.70 224.00
sofa 0.530178 0.00 16.21 27.21 118.13
cat 0.529966 213.42 165.91 224.00 210.27
bottle 0.529934 72.48 70.90 90.68 113.26
tvmonitor 0.529881 89.90 46.04 117.11 108.41
bottle 0.529599 111.36 81.11 142.47 145.80
bottle 0.529563 150.97 125.87 181.41 154.43
chair 0.529534 15.73 77.82 39.56 143.44
bottle 0.529506 99.54 159.93 134.79 188.79
bird 0.529231 196.99 186.89 224.00 224.00
bottle 0.529205 89.90 133.52 112.39 166.54
dog 0.529040 60.65 75.72 77.85 106.95
bottle 0.529033 20.81 168.15 47.28 224.00
bottle 0.528963 181.19 98.55 210.58 125.22
bottle 0.528881 75.47 207.14 116.52 224.00
dog 0.528491 21.76 83.21 46.48 137.67
dog 0.528486 9.64 89.18 35.20 153.10
bottle 0.528481 139.08 74.83 224.00 193.31
cat 0.528473 215.37 156.10 224.00 200.39
bottle 0.528432 12.10 187.19 46.49 224.00
person 0.528432 48.74 19.85 159.76 163.05
bottle 0.528350 0.43 184.17 36.42 224.00
dog 0.528340 116.71 35.84 144.06 99.97
dog 0.528238 58.26 101.66 82.59 140.51
bottle 0.528211 194.93 97.26 215.53 124.73
diningtable 0.528142 1.72 19.52 21.31 47.94
bottle 0.528011 164.84 131.37 224.00 213.41
bottle 0.528001 20.97 191.95 61.23 224.00
bottle 0.527964 145.51 67.92 168.14 124.98
bottle 0.527857 163.20 171.33 224.00 224.00
bottle 0.527819 151.32 106.57 198.98 136.68
bottle 0.527811 35.59 173.69 71.51 223.23
bottle 0.527781 38.76 199.01 79.46 224.00
bottle 0.527765 155.69 118.34 199.94 146.80
dog 0.527610 58.14 87.29 79.92 131.62
cat 0.527599 166.20 171.77 224.00 205.53
bottle 0.527539 102.38 175.50 156.16 202.24
bottle 0.527536 66.85 131.97 87.93 185.51
aeroplane 0.527529 23.17 19.86 51.79 35.97
bottle 0.527494 0.00 107.18 25.75 190.29
sofa 0.527437 50.92 42.94 78.52 66.04
dog 0.527369 27.38 153.58 70.40 218.92
bottle 0.527339 84.00 63.35 106.94 118.47
cat 0.527322 181.52 0.00 224.00 56.93
tvmonitor 0.527308 69.86 46.38 102.93 84.19
dog 0.527267 137.57 26.65 172.30 91.25
cat 0.527085 142.61 48.89 162.43 119.73
bottle 0.527048 61.86 113.50 85.26 146.41
person 0.526981 2.87 5.98 162.14 210.49
bottle 0.526901 69.90 114.34 90.59 151.01
dog 0.526885 215.16 111.72 224.00 147.29
sofa 0.526883 20.38 57.13 35.68 94.49
bottle 0.526744 72.53 133.17 93.91 182.16
sofa 0.526694 23.55 54.27 40.11 82.84
sofa 0.526685 0.00 10.99 13.42 44.66
bottle 0.526566 123.99 137.99 152.54 172.49
tvmonitor 0.526498 0.00 0.00 54.40 43.83
bottle 0.526447 0.00 88.47 19.53 156.02
cat 0.526243 216.82 146.09 224.00 188.93
tvmonitor 0.526234 0.00 0.00 18.35 27.06
diningtable 0.526202 10.96 19.87 36.13 41.15
diningtable 0.526181 18.74 19.35 49.86 36.39
dog 0.526157 104.34 41.74 133.24 112.17
person 0.526106 0.60 54.88 63.51 166.43
bottle 0.525837 45.65 168.51 79.91 219.35
sofa 0.525783 53.73 37.32 86.54 61.18
bottle 0.525635 12.25 105.55 41.80 166.29
aeroplane 0.525616 18.30 0.00 59.15 25.02
chair 0.525539 46.15 77.57 58.46 100.00
sheep 0.525536 220.00 9.98 224.00 58.49
bottle 0.525458 47.95 139.81 78.66 206.49
bird 0.525454 184.60 196.27 224.00 224.00
tvmonitor 0.525425 59.36 49.69 80.78 76.91
sofa 0.525362 1.01 22.81 19.07 57.42
bottle 0.525358 160.30 31.62 224.00 155.67
bottle 0.525343 90.80 143.17 116.82 178.47
dog 0.525236 75.41 0.00 108.67 18.16
dog 0.525207 52.84 77.71 67.44 102.23
bottle 0.525183 46.21 144.29 187.48 223.00
sofa 0.525158 52.93 29.87 87.96 54.81
dog 0.525153 31.90 119.91 56.79 145.96
sheep 0.525144 205.87 101.63 224.00 129.38
cat 0.525134 134.45 49.03 153.81 124.40
dog 0.525109 217.63 44.57 224.00 87.58
boat 0.525088 67.60 0.00 102.31 18.24
bottle 0.525060 175.98 17.59 224.00 137.93
cat 0.525055 165.74 0.00 194.61 23.46
bottle 0.524976 86.27 204.64 134.49 224.00
dog 0.524922 44.07 112.65 68.68 143.49
bottle 0.524874 154.80 163.04 208.28 192.65
sofa 0.524789 45.70 48.09 65.08 71.47
aeroplane 0.524779 27.05 13.88 63.24 35.43
cat 0.524775 156.92 0.00 187.30 21.58
sofa 0.524683 46.34 29.74 75.40 53.17
dog 0.524584 216.16 118.96 224.00 155.70
tvmonitor 0.524543 61.03 68.43 78.78 99.93
bottle 0.524537 79.60 110.23 100.63 149.69
bottle 0.524445 80.01 136.24 100.82 179.19
cat 0.524400 148.42 0.00 178.96 20.37
tvmonitor 0.524399 66.65 50.45 91.36 82.02
bottle 0.524357 71.56 129.56 88.03 166.50
bottle 0.524280 82.99 0.00 116.45 18.44
chair 0.524279 26.80 62.02 40.69 91.45
dog 0.524235 31.02 87.59 53.32 132.86
sheep 0.524222 173.31 0.00 201.32 25.46
chair 0.524193 37.86 74.32 50.98 99.71
diningtable 0.524148 8.73 15.24 39.38 35.76
bottle 0.524141 158.76 148.08 208.97 184.59
sheep 0.524140 202.60 0.00 224.00 26.51
cat 0.524109 140.94 0.00 170.31 19.04
dog 0.524060 25.62 75.60 45.06 120.19
sofa 0.524058 10.32 41.43 28.61 77.91
sheep 0.524053 217.29 0.00 224.00 36.57
chair 0.524021 10.25 72.39 27.47 134.98
bottle 0.523941 79.85 145.09 102.03 191.24
cat 0.523904 133.82 0.00 162.49 18.37
bottle 0.523715 197.18 106.55 216.53 130.80
bottle 0.523676 19.63 126.45 56.28 179.20
dog 0.523657 116.20 48.05 143.80 124.83
bottle 0.523648 160.90 92.58 201.92 123.64
bird 0.523637 185.64 186.07 224.00 216.77
aeroplane 0.523570 65.77 11.08 106.08 39.34
tvmonitor 0.523569 53.24 50.32 73.83 76.73
sheep 0.523552 187.99 38.02 212.99 81.04
bottle 0.523523 92.14 81.39 122.42 138.44
diningtable 0.523520 37.39 29.46 62.78 49.80
sofa 0.523519 0.00 34.93 48.89 139.85
bottle 0.523486 150.05 168.19 191.95 193.31
sheep 0.523428 216.99 126.93 224.00 165.17
bottle 0.523404 118.26 125.25 221.25 199.90
chair 0.523392 46.95 70.20 58.27 92.47
aeroplane 0.523373 26.06 0.00 60.22 18.75
tvmonitor 0.523356 35.44 0.00 130.64 47.82
bottle 0.523309 94.34 154.10 122.03 187.42
chair 0.523263 27.57 69.03 42.64 102.96
bottle 0.523262 168.46 119.59 209.50 145.64
bottle 0.523241 145.54 49.48 171.13 113.97
person 0.523224 24.58 47.24 132.41 178.66
diningtable 0.523219 31.35 28.56 54.41 46.61
boat 0.523217 50.96 0.00 86.25 16.57
cat 0.523177 217.30 136.29 224.00 176.67
diningtable 0.523140 10.27 24.40 32.16 49.94
cat 0.523121 117.30 0.00 147.55 17.71
bottle 0.523087 145.49 158.32 224.00 217.85
bottle 0.523077 182.98 121.47 214.05 145.77
cat 0.523045 126.67 0.00 155.31 17.93
tvmonitor 0.523041 76.07 49.85 103.79 93.82
cat 0.523041 108.37 0.00 139.53 17.74
sheep 0.522871 26.81 123.45 52.88 159.14
diningtable 0.522851 25.73 25.87 48.98 43.83
bottle 0.522806 99.76 0.00 131.31 18.23
sofa 0.522795 18.66 42.96 38.20 72.39
sofa 0.522793 0.00 0.00 14.56 36.17
bottle 0.522710 67.49 201.62 100.33 224.00
bottle 0.522651 67.00 122.56 83.85 150.60
tvmonitor 0.522552 53.62 70.39 68.18 95.34
sofa 0.522523 0.00 4.81 36.42 92.12
bottle 0.522476 108.61 0.00 172.21 64.54
bottle 0.522440 158.29 125.38 198.67 154.56
bottle 0.522434 88.43 101.26 116.36 149.39
dog 0.522424 36.35 79.01 52.78 113.35
cat 0.522414 183.09 177.86 224.00 210.12
chair 0.522379 37.23 66.94 49.17 91.58
sheep 0.522359 186.92 4.10 224.00 109.48
sofa 0.522350 0.00 28.23 16.95 70.32
bottle 0.522342 48.48 0.00 138.73 56.30
bottle 0.522333 56.79 167.80 88.13 216.71
bottle 0.522268 196.01 112.70 217.99 136.38
chair 0.522255 20.55 64.11 36.34 109.71
sofa 0.522242 33.25 50.08 48.67 74.77
sheep 0.522202 211.92 34.97 224.00 79.97
sofa 0.522126 46.87 52.68 62.34 77.72
aeroplane 0.522089 13.18 0.00 50.91 18.77
bottle 0.522064 130.92 163.58 166.23 189.92
aeroplane 0.522021 41.72 0.00 76.76 17.21
sofa 0.521997 42.78 38.24 64.10 58.28
diningtable 0.521990 19.27 24.55 44.23 44.47
tvmonitor 0.521928 59.62 20.30 100.01 46.19
aeroplane 0.521911 30.39 20.92 61.56 41.06
bottle 0.521901 172.35 200.62 224.00 224.00
tvmonitor 0.521898 7.20 0.00 100.09 37.03
bottle 0.521881 183.02 107.24 211.98 130.75
dog 0.521821 50.57 82.06 66.98 113.92
tvmonitor 0.521789 66.63 56.18 85.56 91.33
dog 0.521761 43.25 81.75 58.67 112.03
bottle 0.521758 193.36 120.76 218.74 144.83
sheep 0.521712 188.27 0.00 216.39 24.85
bottle 0.521709 81.47 76.88 100.93 131.92
bottle 0.521682 150.83 131.22 176.94 163.64
bottle 0.521611 52.52 19.15 157.46 136.85
dog 0.521589 31.99 104.06 58.25 141.64
aeroplane 0.521561 51.79 22.01 90.07 45.35
sheep 0.521542 176.85 20.74 215.09 77.56
bottle 0.521512 203.45 175.59 224.00 211.47
bottle 0.521478 103.49 25.42 190.49 140.17
tvmonitor 0.521470 62.18 26.84 96.90 56.24
bottle 0.521378 94.53 163.28 210.78 224.00
bottle 0.521325 121.52 151.78 158.41 183.07
bottle 0.521276 165.01 110.24 209.48 136.25
bottle 0.521261 183.52 113.41 213.40 136.59
aeroplane 0.521224 5.73 0.00 39.25 20.08
bottle 0.521207 78.97 94.03 99.37 139.15
bottle 0.521173 76.90 0.00 154.49 62.89
bottle 0.521148 133.73 135.47 158.42 170.01
dog 0.521145 79.52 41.76 113.89 85.33
tvmonitor 0.521123 60.49 57.51 79.17 88.89
aeroplane 0.521065 41.49 21.38 72.72 44.04
bottle 0.521037 125.46 16.31 143.20 49.07
cat 0.521003 161.25 38.37 204.59 79.41
dog 0.520977 102.32 39.98 127.51 92.24
bottle 0.520955 78.13 9.04 112.72 31.48
bottle 0.520880 124.73 19.69 145.60 66.33
bottle 0.520843 10.00 86.89 118.53 214.33
bottle 0.520784 56.65 133.50 79.70 191.06
sofa 0.520759 0.00 1.22 23.92 31.69
bottle 0.520745 102.89 165.27 140.76 193.23
sofa 0.520722 41.14 20.05 147.22 147.38
boat 0.520707 42.28 13.66 147.72 120.97
sofa 0.520663 25.66 43.25 43.04 69.24
dog 0.520638 132.92 19.34 154.59 69.92
dog 0.520636 121.63 26.02 145.64 83.80
bottle 0.520625 173.33 165.44 224.00 205.59
dog 0.520597 37.35 90.49 58.59 131.22
bottle 0.520563 102.91 6.52 123.60 29.44
sofa 0.520489 23.90 35.73 118.79 152.67
tvmonitor 0.520468 59.55 34.29 93.47 64.66
bottle 0.520416 91.42 7.10 117.93 28.87
bottle 0.520410 147.99 148.69 181.32 179.82
aeroplane 0.520338 37.76 13.43 74.40 37.33
sofa 0.520300 35.70 60.55 48.51 85.21
tvmonitor 0.520141 47.18 60.41 59.59 85.28
bottle 0.520118 79.43 190.82 115.87 220.28
bottle 0.520108 64.34 183.49 96.33 218.60
sheep 0.520095 149.15 19.07 208.98 75.63
bottle 0.520089 30.46 137.00 71.56 201.00
bottle 0.520088 181.76 126.27 213.02 153.52
chair 0.520083 12.74 62.86 27.60 116.99
tvmonitor 0.520068 53.56 59.31 69.85 86.60
tvmonitor 0.520054 81.46 53.58 105.96 108.53
bottle 0.520027 133.97 16.83 152.58 54.07
bottle 0.519839 144.02 132.74 168.41 165.62
sofa 0.519828 0.00 0.00 46.47 62.01
diningtable 0.519806 34.45 37.05 52.41 56.77
bird 0.519761 113.09 199.07 164.83 224.00
tvmonitor 0.519760 69.85 18.80 105.30 42.69
dog 0.519721 46.42 89.83 67.32 130.56
bottle 0.519675 170.90 125.58 207.23 153.78
cat 0.519674 147.69 37.66 194.86 80.07
sofa 0.519641 34.13 44.31 50.13 67.25
bottle 0.519601 89.50 151.20 206.88 205.36
bottle 0.519523 94.55 15.12 117.23 35.71
bottle 0.519510 135.66 149.79 165.71 179.89
bottle 0.519427 130.38 200.88 173.63 224.00
dog 0.519417 218.23 58.50 224.00 98.19
bottle 0.519373 105.98 16.41 123.56 38.45
bottle 0.519354 101.01 6.10 177.33 114.01
dog 0.519327 98.60 30.30 119.96 71.22
dog 0.519297 66.41 0.00 106.59 28.59
sheep 0.519288 165.43 0.00 193.79 33.21
aeroplane 0.519264 50.10 12.15 92.78 39.30
sofa 0.519223 9.93 31.89 29.31 64.08
sheep 0.519209 217.22 75.94 224.00 112.57
bottle 0.519208 114.12 16.60 133.17 43.43
bottle 0.519163 159.85 131.00 201.21 163.87
tvmonitor 0.519125 70.08 56.01 90.70 96.63
bottle 0.519116 36.99 0.00 142.98 87.27
bottle 0.519075 78.36 0.00 164.74 110.32
bottle 0.519025 76.32 16.27 110.59 37.23
diningtable 0.518929 19.54 33.70 40.00 58.55
bottle 0.518927 114.28 20.87 135.49 60.48
diningtable 0.518762 27.17 34.54 45.84 56.39
bottle 0.518643 194.62 50.28 211.19 84.68
dog 0.518641 105.17 30.65 126.72 75.09
sheep 0.518596 125.19 0.00 198.51 62.74
sheep 0.518568 207.17 90.38 224.00 120.78
bottle 0.518553 46.15 122.18 68.22 148.36
bottle 0.518506 106.95 21.00 125.55 54.18
bottle 0.518476 97.29 20.05 118.20 50.29
bottle 0.518462 161.55 169.69 208.91 197.43
cat 0.518355 146.25 50.71 179.36 106.48
bottle 0.518308 64.65 129.77 80.35 167.26
cat 0.518292 153.19 14.51 209.25 71.15
bottle 0.518240 175.31 185.86 224.00 220.56
dog 0.518236 139.45 20.41 170.19 71.53
cat 0.518215 205.88 171.80 224.00 211.15
dog 0.518197 157.06 42.36 198.87 79.74
bottle 0.518163 151.14 84.14 190.51 119.13
bottle 0.518143 171.15 146.56 217.79 187.85
aeroplane 0.518139 36.55 0.00 76.10 27.13
bottle 0.518065 110.43 33.54 224.00 164.48
tvmonitor 0.518030 28.82 0.00 139.21 71.37
dog 0.518008 111.45 29.47 136.12 80.01
sheep 0.517864 168.35 45.67 202.82 80.81
bottle 0.517834 112.15 4.69 132.55 30.62
bottle 0.517337 146.85 70.58 181.99 110.97
aeroplane 0.517288 59.95 0.00 104.00 29.98
sheep 0.517274 212.00 17.51 224.00 72.22
bottle 0.517176 65.41 166.32 93.23 212.87
dog 0.517155 141.90 17.93 165.72 57.84
sheep 0.517006 205.74 112.04 224.00 140.30
bottle 0.517003 182.12 81.98 203.67 111.48
sheep 0.516942 151.55 0.00 224.00 54.58
aeroplane 0.516900 48.92 0.00 91.45 28.43
sofa 0.516759 0.00 12.08 56.79 96.46
bottle 0.516678 196.73 79.23 211.00 109.53
bottle 0.516557 123.98 3.61 141.88 32.56
bottle 0.516396 165.82 83.01 197.43 114.49
bottle 0.516316 175.55 55.12 201.85 85.19
bottle 0.516183 196.66 63.01 209.26 93.49
dog 0.516045 75.56 30.35 111.00 68.68
bottle 0.516000 42.40 130.68 69.56 170.70
cat 0.515912 167.01 7.60 196.39 49.92
tvmonitor 0.515906 75.20 20.95 109.83 50.25
bottle 0.515893 178.83 132.54 214.08 164.59
sheep 0.515786 181.72 12.07 212.71 58.31
bottle 0.515686 180.21 68.51 200.44 95.08
dog 0.515633 164.75 55.17 195.98 86.76
dog 0.515554 151.85 53.07 190.67 90.11
bottle 0.515253 160.24 184.25 206.75 220.69
bottle 0.515008 153.97 70.83 189.15 103.65
sheep 0.514957 203.78 119.66 224.00 148.25
cat 0.514890 159.04 12.14 199.81 62.17
dog 0.514877 29.31 123.57 58.09 153.69
bottle 0.514769 120.46 172.13 164.89 197.89
sheep 0.514765 171.51 8.79 202.37 48.18
bottle 0.514754 133.72 3.48 151.36 35.60
bottle 0.514678 168.49 70.40 194.84 98.09
bottle 0.514653 108.74 0.00 135.94 20.35
sheep 0.514585 185.29 6.11 210.13 44.71
cat 0.514428 148.81 17.88 181.91 60.65
bottle 0.514320 79.03 183.39 114.09 211.60
cat 0.514301 156.13 5.51 185.12 46.39
bottle 0.514220 124.18 185.67 168.56 219.36
sheep 0.514134 164.16 13.38 205.97 60.98
boat 0.514017 6.80 0.00 106.36 58.30
bottle 0.513929 150.67 186.10 192.29 220.26
aeroplane 0.513883 12.97 14.56 105.50 95.06
bottle 0.513865 207.47 164.83 224.00 206.83
sheep 0.513573 211.51 60.32 220.72 94.49
sheep 0.513200 210.49 78.01 222.39 109.99
bottle 0.513141 119.76 0.00 143.66 20.65
sheep 0.513126 209.71 2.10 224.00 43.46
bottle 0.513098 81.32 167.57 109.28 205.01
aeroplane 0.512981 142.09 4.00 162.11 39.66
dog 0.512794 144.07 0.00 169.65 28.29
dog 0.512738 149.79 4.25 174.88 43.01
bottle 0.512302 207.97 144.84 224.00 184.87
bottle 0.512217 151.73 174.03 192.65 202.80
sheep 0.512209 203.03 125.96 224.00 157.30
dog 0.512138 137.45 0.00 159.88 26.06
sheep 0.511992 145.98 13.56 224.00 114.92
bottle 0.511892 96.06 180.85 142.92 207.23
dog 0.511846 130.38 0.00 151.79 22.86
bottle 0.510881 98.73 170.11 137.54 200.30
sheep 0.510792 120.82 0.00 205.23 90.90
sheep 0.510763 205.51 134.40 224.00 169.43
