bird 0.589418 0.00 3.76 181.26 193.70
person 0.555985 0.00 0.00 222.05 217.84
bird 0.553768 0.00 27.25 69.07 198.65
bird 0.548019 23.76 29.59 150.95 190.75
sheep 0.545138 0.00 0.00 224.00 209.87
sheep 0.544636 0.00 50.80 51.95 205.58
dog 0.539943 0.00 78.45 40.63 210.32
cat 0.539790 197.42 0.00 224.00 119.29
bird 0.539117 106.97 91.10 125.68 110.80
chair 0.539012 199.46 0.00 224.00 133.64
bird 0.537635 58.02 211.19 90.39 224.00
bird 0.537332 42.36 211.07 77.75 224.00
bird 0.537131 111.88 90.88 131.76 110.89
cat 0.536917 185.06 0.00 224.00 68.31
aeroplane 0.536454 92.26 0.00 200.97 38.48
bottle 0.535757 25.62 211.63 67.12 224.00
bird 0.535476 67.50 211.44 99.54 224.00
bird 0.535072 138.54 212.67 171.73 224.00
cow 0.534781 146.62 212.82 178.35 224.00
bird 0.534642 80.50 92.58 104.68 111.51
tvmonitor 0.534506 100.49 0.00 202.55 46.46
pottedplant 0.534250 203.56 34.86 224.00 169.84
aeroplane 0.534222 96.38 92.58 118.27 110.30
sofa 0.534073 191.08 0.00 224.00 96.25
aeroplane 0.533949 204.03 49.00 224.00 181.17
cat 0.533608 0.00 151.33 18.52 203.59
bird 0.533549 79.37 98.27 104.75 117.11
bird 0.533543 86.44 93.11 110.76 110.55
dog 0.533534 0.00 0.00 224.00 224.00
bird 0.533490 76.35 212.18 109.78 224.00
bird 0.533237 146.97 99.17 165.75 119.28
bottle 0.532913 111.40 0.00 204.73 115.74
cow 0.532563 156.02 212.95 187.38 224.00
cat 0.532525 10.44 164.17 45.26 201.66
sofa 0.532342 148.01 0.00 215.09 120.18
cat 0.532256 211.24 0.00 224.00 28.18
sofa 0.532210 83.32 0.00 204.48 69.72
bottle 0.531730 0.00 205.29 22.82 224.00
bird 0.531676 146.73 92.48 166.16 113.71
bird 0.531646 84.41 212.61 117.72 224.00
bird 0.531612 112.85 97.02 131.04 115.12
bird 0.531591 6.70 49.12 96.99 197.31
bottle 0.531145 0.00 207.87 41.25 224.00
sheep 0.531112 207.77 207.66 224.00 224.00
aeroplane 0.531112 72.40 0.00 171.62 29.32
bottle 0.531082 0.00 19.96 9.83 62.92
tvmonitor 0.530977 95.22 0.00 199.98 115.17
bottle 0.530764 13.19 209.41 57.56 224.00
sheep 0.530704 156.51 0.00 213.31 137.10
cow 0.530650 164.22 212.87 197.69 224.00
bird 0.530630 61.73 22.45 191.36 182.53
bird 0.530617 123.35 212.98 162.03 224.00
aeroplane 0.530499 106.66 86.84 125.46 107.04
aeroplane 0.530199 45.37 0.00 127.45 29.28
bird 0.530142 108.18 95.61 124.88 114.21
person 0.530087 184.27 188.99 224.00 224.00
bird 0.529940 99.42 213.26 133.84 224.00
sheep 0.529924 0.00 27.71 85.85 175.58
bird 0.529718 78.09 104.85 103.72 124.42
cat 0.529465 0.00 157.12 40.72 202.99
bottle 0.529453 0.00 30.03 9.96 76.45
sheep 0.529357 125.57 0.00 202.02 149.74
bird 0.529306 21.30 0.00 150.38 138.13
bird 0.528955 147.22 105.94 164.69 125.55
bird 0.528852 108.41 213.43 146.91 224.00
cat 0.528576 220.00 17.86 224.00 64.13
sheep 0.528397 194.71 211.45 224.00 224.00
cat 0.528175 220.00 54.98 224.00 95.64
bottle 0.528041 0.00 0.00 19.05 25.29
bird 0.527996 77.37 113.17 101.96 132.71
aeroplane 0.527953 87.24 87.09 110.32 105.24
bird 0.527814 0.00 85.15 11.68 135.99
aeroplane 0.527699 84.93 0.00 199.69 114.41
cat 0.527657 220.00 32.53 223.63 75.86
bird 0.527589 80.56 85.95 103.39 105.68
bottle 0.527578 0.00 43.99 9.76 90.96
bird 0.527512 146.95 84.95 165.68 106.85
aeroplane 0.527489 97.34 87.65 118.62 105.93
bird 0.527310 0.00 113.74 12.14 168.40
bird 0.527249 55.25 194.12 76.67 217.26
bird 0.527237 146.91 77.50 164.60 98.03
sheep 0.527026 146.16 200.13 216.80 224.00
dog 0.527017 96.98 198.92 175.14 224.00
cow 0.526986 177.76 213.04 215.03 224.00
bottle 0.526924 0.00 153.61 50.10 224.00
cat 0.526799 220.00 69.21 224.00 113.58
sheep 0.526595 131.85 34.86 201.85 180.97
tvmonitor 0.526582 143.03 0.00 220.46 62.19
boat 0.526524 32.53 10.93 53.80 32.98
bottle 0.526097 15.57 175.51 49.26 206.87
car 0.526079 0.00 0.00 52.33 52.74
sheep 0.526063 163.31 25.52 217.84 171.14
bottle 0.525997 19.82 188.03 51.00 215.42
bird 0.525971 0.00 67.79 10.73 119.30
sheep 0.525924 220.00 85.09 224.00 128.68
bottle 0.525891 98.54 14.01 195.12 164.59
bird 0.525835 0.00 99.16 11.94 154.48
bottle 0.525706 0.00 129.63 13.85 189.72
bird 0.525658 145.25 124.99 163.19 141.27
bird 0.525645 54.89 187.52 75.70 209.11
bird 0.525634 146.55 114.61 164.02 133.30
dog 0.525571 0.00 131.09 34.67 224.00
aeroplane 0.525557 146.51 70.01 164.02 88.69
bird 0.525542 51.25 205.69 80.28 224.00
bird 0.525462 0.00 89.00 22.12 134.44
dog 0.525282 113.49 200.70 197.87 224.00
bird 0.525174 77.88 122.17 100.34 140.84
bird 0.525153 45.61 193.05 69.86 217.53
bird 0.524885 31.21 112.74 51.96 139.87
bird 0.524860 95.66 96.55 117.02 113.53
sheep 0.524803 166.82 195.46 224.00 224.00
bird 0.524777 55.65 192.73 122.04 224.00
boat 0.524743 26.96 0.00 60.97 20.40
sheep 0.524735 220.00 102.28 224.00 144.70
bird 0.524674 35.29 19.63 52.35 38.77
bird 0.524659 63.29 195.11 82.95 216.22
bottle 0.524659 0.00 25.38 16.89 59.19
bottle 0.524640 0.00 149.51 36.16 201.14
sheep 0.524577 72.66 196.12 145.54 224.00
aeroplane 0.524576 145.38 134.28 161.82 147.72
aeroplane 0.524494 204.81 105.07 224.00 224.00
sheep 0.524463 220.00 2.95 224.00 45.78
bird 0.524329 43.70 185.65 68.35 209.46
sheep 0.524225 187.91 99.06 204.05 118.69
aeroplane 0.524109 34.96 0.00 68.29 21.03
bottle 0.524063 0.00 4.20 10.55 42.98
bird 0.524007 139.63 92.74 159.38 113.65
bird 0.523993 66.28 37.94 224.00 224.00
bird 0.523987 36.26 74.48 52.38 95.34
bird 0.523979 31.66 104.45 52.31 131.95
aeroplane 0.523926 38.27 11.65 59.73 33.20
sheep 0.523861 188.53 106.73 203.90 125.94
bottle 0.523829 32.53 183.45 100.82 224.00
sheep 0.523763 217.17 0.00 224.00 37.66
bottle 0.523736 0.00 34.19 16.73 72.60
bird 0.523678 34.84 88.74 52.64 112.57
sheep 0.523642 187.44 90.76 204.06 111.42
bird 0.523594 36.17 81.89 52.37 103.60
bird 0.523589 33.34 206.62 69.61 224.00
sheep 0.523528 220.00 119.89 224.00 159.04
aeroplane 0.523517 79.04 130.89 99.67 148.43
aeroplane 0.523407 14.04 0.00 94.19 31.00
sheep 0.523370 201.86 0.00 224.00 25.35
aeroplane 0.523294 113.38 0.49 133.94 33.31
aeroplane 0.523264 44.23 0.00 186.23 166.34
bird 0.523144 36.00 25.79 51.83 45.51
bird 0.523129 33.19 96.17 52.53 122.53
bird 0.523101 35.92 66.01 52.24 87.46
bottle 0.523096 14.38 169.77 80.75 224.00
aeroplane 0.523075 43.69 0.00 75.59 20.33
bottle 0.523062 26.39 11.09 47.40 32.25
aeroplane 0.523061 138.22 50.44 201.01 185.74
bottle 0.523006 0.00 109.17 56.35 211.26
bottle 0.523001 30.21 183.64 60.92 208.76
sheep 0.522936 187.21 82.63 204.37 104.32
bird 0.522931 141.11 99.43 159.51 119.38
bottle 0.522908 7.31 27.39 26.80 52.96
aeroplane 0.522898 106.50 0.76 126.24 32.24
bottle 0.522829 12.35 159.83 52.16 199.94
bird 0.522802 31.46 120.14 51.40 146.33
sheep 0.522768 189.74 0.00 218.47 21.24
bird 0.522743 33.90 192.38 62.82 216.54
sheep 0.522736 5.51 71.81 83.31 205.74
bird 0.522703 115.82 98.82 137.09 115.26
bird 0.522679 40.93 20.40 58.67 38.93
bird 0.522537 41.21 27.53 58.60 46.77
bird 0.522529 0.00 117.18 23.47 165.23
bird 0.522528 63.50 188.85 82.19 207.97
aeroplane 0.522515 115.49 31.63 134.55 61.01
sheep 0.522456 187.52 74.75 204.83 96.86
aeroplane 0.522453 83.45 0.00 117.25 16.22
bird 0.522436 74.01 76.72 96.53 99.51
aeroplane 0.522405 80.29 139.12 99.19 156.29
bird 0.522386 6.03 92.29 28.72 129.86
aeroplane 0.522325 143.80 32.42 165.37 61.47
aeroplane 0.522293 107.00 0.00 140.48 16.01
aeroplane 0.522272 145.99 60.71 164.02 80.71
dog 0.522258 180.22 0.00 211.28 20.59
bird 0.522225 36.09 57.08 52.16 79.17
sheep 0.522225 135.24 187.72 155.81 208.12
aeroplane 0.522213 75.61 0.00 108.39 16.30
aeroplane 0.522188 54.34 0.00 83.31 19.01
bird 0.522182 0.00 71.40 19.19 116.43
bottle 0.522166 0.00 47.92 17.05 86.82
bird 0.522159 137.78 85.39 157.91 106.68
bottle 0.522118 28.63 20.29 45.89 38.52
aeroplane 0.522071 145.10 40.28 165.48 67.96
dog 0.521921 164.42 0.00 196.36 18.21
aeroplane 0.521905 79.44 77.30 101.46 99.29
aeroplane 0.521875 114.67 40.72 133.88 67.94
bird 0.521872 24.71 110.27 44.64 141.01
sheep 0.521854 220.00 133.21 224.00 174.18
dog 0.521849 172.04 0.00 204.03 19.18
bird 0.521846 36.21 49.17 52.18 71.20
sheep 0.521824 189.15 113.76 203.46 133.28
bottle 0.521808 0.00 133.55 29.13 190.51
bottle 0.521791 27.68 84.21 110.72 213.48
aeroplane 0.521740 120.03 0.60 141.16 34.44
bird 0.521711 0.00 61.20 17.98 105.86
bird 0.521675 81.54 146.72 99.18 164.51
sheep 0.521618 181.60 82.78 198.15 104.92
aeroplane 0.521592 80.95 8.27 101.32 29.59
aeroplane 0.521554 145.34 49.53 164.96 74.22
bird 0.521552 72.44 195.15 90.67 215.26
aeroplane 0.521508 136.64 78.24 156.27 98.14
sheep 0.521474 0.00 8.90 63.11 134.09
bottle 0.521413 26.52 175.77 59.80 205.08
aeroplane 0.521412 134.28 32.97 157.27 63.18
aeroplane 0.521375 123.12 0.00 156.02 15.41
aeroplane 0.521340 87.16 79.13 109.16 99.50
bird 0.521331 0.00 103.04 22.64 153.78
bird 0.521249 76.37 129.42 95.87 147.01
aeroplane 0.521246 98.10 2.37 117.85 30.67
bottle 0.521241 8.33 22.32 27.58 44.77
aeroplane 0.521218 88.95 5.12 110.37 30.15
sheep 0.521159 182.22 90.55 197.96 111.90
sheep 0.521135 181.62 75.54 198.71 97.32
aeroplane 0.521125 107.25 81.28 124.45 101.51
bird 0.521119 25.92 102.25 45.53 132.38
bird 0.521084 36.54 40.72 52.36 62.87
boat 0.521064 13.42 0.00 46.22 19.62
aeroplane 0.521038 198.58 139.90 224.00 224.00
bird 0.521029 76.70 145.72 93.48 164.10
bird 0.521024 76.60 137.72 94.30 155.25
bird 0.520998 4.62 85.35 27.61 120.71
bird 0.520969 114.92 103.62 130.40 121.20
aeroplane 0.520948 68.66 0.00 99.19 16.70
bird 0.520870 36.71 32.26 51.97 53.56
aeroplane 0.520780 72.11 68.62 94.26 92.61
sheep 0.520766 136.88 170.84 155.68 191.64
bottle 0.520758 19.41 20.83 37.40 40.83
sheep 0.520747 188.78 66.83 205.26 88.63
bottle 0.520722 0.00 122.58 25.57 174.69
bottle 0.520720 6.40 32.58 25.98 60.84
sheep 0.520715 182.82 98.39 197.69 118.84
aeroplane 0.520672 116.26 15.15 133.46 42.35
bird 0.520655 70.88 94.62 96.06 112.08
sofa 0.520650 69.32 0.00 202.84 45.30
bird 0.520628 40.65 35.27 58.27 55.59
aeroplane 0.520623 148.16 0.00 181.11 17.04
aeroplane 0.520588 116.20 22.66 134.60 53.85
bird 0.520575 8.36 120.01 29.95 160.11
bird 0.520572 39.18 76.89 57.24 95.64
bird 0.520567 73.36 189.00 89.78 205.92
aeroplane 0.520562 62.11 0.00 91.05 17.76
bird 0.520546 38.50 84.78 57.02 104.19
bottle 0.520527 28.50 25.30 44.98 45.15
bird 0.520518 66.68 69.26 89.25 91.96
bird 0.520509 82.56 194.25 99.70 214.82
sheep 0.520505 136.29 179.84 155.41 199.71
sheep 0.520489 130.25 187.28 150.35 207.51
sheep 0.520487 91.06 163.95 106.46 182.87
sheep 0.520484 174.11 53.97 224.00 187.23
bottle 0.520473 5.52 0.00 36.47 19.77
dog 0.520424 152.05 31.92 172.69 60.04
aeroplane 0.520405 98.79 80.88 118.39 100.13
aeroplane 0.520386 110.48 81.49 129.45 102.90
bird 0.520385 189.79 121.74 203.34 141.40
aeroplane 0.520368 135.48 41.04 156.83 68.90
aeroplane 0.520366 139.15 0.00 171.49 15.70
sheep 0.520365 99.07 195.74 115.60 216.35
bird 0.520363 91.77 194.36 108.06 215.40
dog 0.520349 0.00 0.00 69.30 45.21
aeroplane 0.520342 119.36 33.20 140.07 62.04
sheep 0.520263 99.90 188.56 113.01 204.03
bottle 0.520254 5.56 38.87 25.59 68.51
aeroplane 0.520229 44.92 12.78 65.58 32.79
bottle 0.520222 18.13 25.97 36.02 48.89
sheep 0.520183 137.41 162.40 155.72 183.36
aeroplane 0.520157 137.00 71.12 155.56 89.09
aeroplane 0.520148 116.28 132.39 131.08 149.03
aeroplane 0.520139 127.10 0.08 148.45 35.55
bird 0.520131 68.26 77.93 91.42 98.82
bird 0.520113 40.84 178.25 67.09 204.48
aeroplane 0.520096 26.15 42.12 164.60 186.25
bird 0.520060 24.09 117.95 44.03 147.63
bird 0.520057 52.50 180.03 74.58 203.31
sheep 0.519976 92.59 181.48 105.94 197.16
sheep 0.519973 220.00 148.39 224.00 192.73
sheep 0.519969 99.51 181.84 113.22 196.94
aeroplane 0.519945 114.43 51.04 133.19 74.73
sheep 0.519942 92.78 187.69 105.67 203.91
sheep 0.519937 91.92 173.08 106.31 190.41
aeroplane 0.519924 144.35 141.61 160.13 155.52
bird 0.519886 31.50 127.07 50.79 153.67
bottle 0.519883 7.22 125.43 32.05 171.37
aeroplane 0.519838 107.04 40.53 126.53 67.89
aeroplane 0.519820 113.09 72.37 129.72 93.06
aeroplane 0.519814 56.69 11.87 73.33 30.73
bird 0.519813 69.61 87.13 94.04 106.15
bird 0.519802 65.34 60.17 87.06 83.71
sheep 0.519777 183.79 105.22 197.39 125.51
aeroplane 0.519772 64.47 51.32 84.96 74.06
bird 0.519732 82.71 154.49 99.00 173.09
sheep 0.519717 147.86 108.23 168.11 123.82
aeroplane 0.519707 74.12 10.74 90.89 28.76
bird 0.519702 83.82 188.21 98.27 204.37
sheep 0.519640 131.73 169.86 148.71 189.99
bird 0.519632 7.18 105.22 29.25 148.61
bird 0.519629 39.65 43.92 58.02 65.13
bird 0.519617 27.02 94.65 46.20 122.15
sheep 0.519616 98.60 173.54 113.61 190.35
aeroplane 0.519604 109.56 14.29 125.26 40.23
sheep 0.519592 28.51 122.72 98.71 221.72
dog 0.519574 152.05 40.91 172.44 67.53
bottle 0.519556 19.27 9.96 39.30 33.01
bird 0.519520 29.14 64.56 45.21 86.99
dog 0.519515 160.73 30.89 180.34 58.87
aeroplane 0.519487 82.78 18.31 99.85 36.26
bird 0.519482 59.29 70.20 80.91 89.44
aeroplane 0.519479 108.37 30.61 127.01 60.04
aeroplane 0.519466 64.04 43.77 83.39 64.75
bird 0.519430 29.30 55.95 44.96 78.29
boat 0.519428 21.41 0.00 51.86 25.64
aeroplane 0.519398 142.60 133.06 156.08 146.19
bird 0.519357 38.72 68.52 57.26 88.02
aeroplane 0.519355 114.15 62.50 131.42 82.70
sheep 0.519353 220.00 178.04 224.00 214.00
sheep 0.519350 131.41 178.84 149.12 197.98
sheep 0.519345 219.03 189.28 224.00 224.00
bottle 0.519334 0.00 163.32 21.22 212.27
bottle 0.519321 28.22 161.17 58.43 197.18
bird 0.519305 28.68 48.57 45.03 70.40
bird 0.519279 142.19 124.48 156.80 139.74
sheep 0.519275 83.70 162.82 98.66 182.53
sheep 0.519203 195.59 64.88 209.27 87.36
sheep 0.519201 89.28 155.59 106.33 174.10
bottle 0.519190 6.20 52.86 25.34 82.23
aeroplane 0.519167 120.75 23.98 140.73 56.49
bird 0.519141 60.99 79.00 82.92 96.32
sheep 0.519138 97.84 164.80 113.64 183.41
sheep 0.519136 190.48 130.64 202.90 148.80
bird 0.519075 57.67 60.94 78.54 81.41
bird 0.519043 56.01 52.29 76.00 72.56
sheep 0.519040 169.29 40.26 189.29 67.04
bird 0.519039 72.77 100.21 98.27 116.88
bottle 0.518987 0.00 9.68 16.69 41.01
aeroplane 0.518966 67.08 11.53 81.73 28.79
aeroplane 0.518955 116.34 123.07 130.54 140.29
bird 0.518943 76.82 153.38 92.56 172.73
aeroplane 0.518939 150.55 71.39 168.30 88.20
bird 0.518921 38.50 51.96 57.37 73.31
aeroplane 0.518920 116.72 139.53 132.23 157.48
bird 0.518903 28.84 73.16 45.70 95.21
sheep 0.518887 193.62 72.86 208.67 95.83
aeroplane 0.518879 124.15 133.10 138.78 147.28
sheep 0.518872 106.55 196.70 124.04 217.07
aeroplane 0.518852 104.03 54.36 186.14 186.38
sheep 0.518852 107.46 188.51 121.01 203.79
bird 0.518835 83.34 181.69 98.34 197.88
sheep 0.518802 168.91 30.45 188.03 58.02
sheep 0.518786 150.37 79.08 168.12 98.07
dog 0.518782 172.86 0.18 187.70 29.89
bottle 0.518780 0.00 195.51 18.90 224.00
sheep 0.518750 191.64 138.17 202.44 155.24
bird 0.518747 15.13 107.55 37.03 143.40
aeroplane 0.518747 136.51 50.39 156.62 74.45
aeroplane 0.518729 122.03 15.94 140.27 44.46
bird 0.518716 4.25 76.07 26.20 110.90
bird 0.518706 15.55 122.12 36.08 156.74
sheep 0.518703 159.59 40.86 179.89 67.24
sheep 0.518698 28.83 133.34 49.63 166.38
sheep 0.518695 194.00 104.17 207.81 125.01
bird 0.518691 62.45 181.15 81.46 201.91
aeroplane 0.518682 90.71 16.89 108.50 36.50
sheep 0.518679 187.80 4.43 204.78 32.00
sheep 0.518678 197.88 56.43 209.82 78.72
sheep 0.518667 182.24 68.86 199.89 89.22
sheep 0.518646 170.37 93.73 191.24 111.75
bird 0.518622 27.97 40.30 45.28 62.48
sheep 0.518600 107.42 181.25 121.25 196.56
bird 0.518544 27.45 87.79 46.48 112.13
sheep 0.518537 168.99 86.22 190.78 105.80
aeroplane 0.518525 87.11 147.69 105.96 165.10
aeroplane 0.518499 70.92 59.77 93.09 83.98
sheep 0.518458 131.84 161.95 148.81 181.95
aeroplane 0.518454 122.97 124.64 137.96 139.80
aeroplane 0.518453 84.79 140.53 105.44 156.63
bird 0.518445 15.63 94.26 37.10 124.52
sheep 0.518417 137.54 154.63 155.21 174.45
bird 0.518386 54.53 44.65 74.12 64.51
bird 0.518381 4.34 66.79 25.78 100.62
bird 0.518337 38.23 59.87 57.09 80.63
sheep 0.518329 190.00 58.71 205.83 80.65
sheep 0.518326 212.60 202.54 224.00 224.00
sheep 0.518320 83.51 172.54 98.29 191.03
bird 0.518304 72.86 181.90 89.53 199.76
bird 0.518289 47.55 21.12 64.68 38.77
sheep 0.518284 190.77 15.64 205.31 41.08
sheep 0.518272 8.80 140.13 40.67 189.93
sheep 0.518249 191.14 21.56 207.12 51.60
aeroplane 0.518246 109.56 21.43 126.55 51.16
sheep 0.518228 106.29 172.82 121.62 190.01
aeroplane 0.518227 70.96 43.52 92.25 66.26
sheep 0.518213 124.11 170.90 140.46 189.00
bird 0.518210 142.53 105.81 159.16 124.75
aeroplane 0.518200 118.89 41.72 139.29 68.08
aeroplane 0.518197 137.40 61.71 155.65 80.81
sheep 0.518185 191.78 29.06 208.11 60.66
bird 0.518177 62.12 87.28 85.19 103.45
sheep 0.518169 172.28 100.85 191.39 117.28
aeroplane 0.518145 76.24 18.77 89.89 35.53
sheep 0.518138 193.25 96.79 207.45 118.11
sheep 0.518135 179.25 2.15 194.34 30.28
aeroplane 0.518131 108.33 132.20 124.00 148.75
aeroplane 0.518124 134.65 0.00 155.86 34.65
sheep 0.518124 194.63 111.96 207.84 132.58
aeroplane 0.518100 111.68 87.69 135.57 107.43
bottle 0.518098 16.35 47.83 34.63 73.12
aeroplane 0.518087 100.36 14.92 116.09 37.52
bird 0.518083 109.33 100.55 124.03 119.30
sheep 0.518039 115.41 188.67 131.34 204.49
bird 0.518033 28.37 31.66 45.13 53.23
sheep 0.518021 169.20 79.01 190.51 97.80
bird 0.518018 13.08 127.84 36.87 169.42
dog 0.518003 0.00 0.00 53.92 73.38
sheep 0.517989 76.11 161.66 90.82 182.48
sheep 0.517952 115.05 171.69 130.48 189.57
bird 0.517940 22.95 124.61 43.04 154.96
aeroplane 0.517930 124.28 33.95 146.93 63.97
bottle 0.517897 8.29 10.76 28.39 35.84
aeroplane 0.517891 108.39 139.19 124.53 157.19
bird 0.517884 47.48 28.09 64.64 47.36
bottle 0.517884 15.58 39.74 34.55 66.26
bird 0.517875 5.15 59.29 25.30 90.79
aeroplane 0.517861 85.28 71.39 106.89 93.30
sheep 0.517856 198.62 7.02 213.58 34.60
sheep 0.517812 123.76 188.64 142.88 205.87
sheep 0.517811 192.95 80.59 208.02 103.36
sheep 0.517765 195.34 120.72 207.91 140.74
sheep 0.517756 114.68 163.76 131.17 183.01
sheep 0.517755 179.01 29.70 197.78 58.89
bottle 0.517741 16.56 31.78 34.89 57.53
sheep 0.517736 181.20 0.00 208.10 25.89
bird 0.517730 28.30 80.98 46.09 103.38
sheep 0.517718 184.82 111.88 197.27 133.06
aeroplane 0.517715 108.28 72.98 124.19 92.50
bird 0.517704 17.14 55.13 35.20 79.65
sheep 0.517689 115.58 180.49 130.28 196.32
bird 0.517682 118.98 106.44 137.16 121.91
sheep 0.517655 124.23 179.97 140.89 196.25
sheep 0.517653 105.57 164.52 122.00 183.61
bird 0.517649 125.65 100.68 147.36 116.89
aeroplane 0.517641 142.33 139.63 155.68 153.37
bird 0.517640 47.43 78.70 66.94 96.65
sheep 0.517638 123.82 163.06 140.63 181.99
dog 0.517635 151.72 50.81 171.07 73.92
sheep 0.517564 192.97 88.66 207.42 110.90
sheep 0.517550 196.54 129.18 207.72 147.74
bottle 0.517534 0.00 176.81 17.67 222.73
aeroplane 0.517528 151.00 62.16 169.28 80.35
aeroplane 0.517495 70.70 50.99 92.71 74.99
bird 0.517452 116.19 112.03 130.33 129.98
aeroplane 0.517439 124.73 140.01 139.78 155.30
sheep 0.517432 97.07 156.17 113.66 175.21
aeroplane 0.517429 41.12 82.82 129.47 212.20
aeroplane 0.517428 139.73 146.80 155.40 164.33
sheep 0.517426 200.94 16.17 212.71 42.85
sheep 0.517417 192.47 144.16 201.96 161.81
aeroplane 0.517395 126.21 24.71 147.81 59.38
sheep 0.517388 14.25 154.79 51.82 196.99
aeroplane 0.517333 116.34 147.49 133.31 167.57
bird 0.517330 122.80 93.69 145.89 111.69
sheep 0.517318 180.42 39.91 199.77 67.81
bird 0.517307 142.74 114.29 158.28 131.87
sheep 0.517299 170.00 71.74 190.64 88.55
sheep 0.517287 196.00 186.39 211.70 205.20
aeroplane 0.517270 98.28 73.13 117.06 92.53
bird 0.517236 44.73 45.20 64.50 65.60
aeroplane 0.517226 94.39 140.35 113.95 157.17
sheep 0.517195 134.16 198.67 158.32 224.00
sheep 0.517185 114.94 198.19 136.02 219.08
sheep 0.517179 198.05 136.34 207.43 153.85
sheep 0.517175 199.34 47.55 210.60 71.90
bird 0.517173 14.78 87.47 36.37 115.41
bird 0.517148 46.25 69.98 66.24 89.30
sheep 0.517144 131.64 154.96 148.84 173.51
bird 0.517138 45.91 36.64 64.42 56.71
bird 0.517130 47.61 86.99 67.78 103.95
aeroplane 0.517080 106.98 51.96 125.75 75.55
sheep 0.516997 201.03 22.47 213.23 52.33
aeroplane 0.516995 128.20 16.46 147.40 47.30
aeroplane 0.516967 81.20 25.07 100.19 46.08
aeroplane 0.516951 64.25 35.19 81.84 55.30
bird 0.516923 44.46 52.68 64.87 73.15
aeroplane 0.516909 124.48 148.10 141.22 166.50
aeroplane 0.516907 57.21 20.17 72.11 37.54
aeroplane 0.516904 118.81 51.14 138.71 73.70
sheep 0.516897 191.40 38.19 207.81 68.08
aeroplane 0.516884 72.21 35.02 91.34 56.38
dog 0.516850 163.53 21.40 179.81 49.80
bird 0.516842 34.85 0.00 135.89 48.89
sheep 0.516839 139.96 189.86 160.25 207.86
bird 0.516834 16.87 63.00 35.79 88.04
dog 0.516815 154.13 22.86 172.78 52.87
aeroplane 0.516740 95.88 147.71 113.73 166.30
aeroplane 0.516739 107.37 146.99 124.14 166.85
bird 0.516724 74.21 171.96 89.64 192.20
aeroplane 0.516717 68.03 18.81 80.52 35.54
bird 0.516682 63.29 94.24 87.92 110.04
aeroplane 0.516675 80.53 123.91 104.55 140.83
bird 0.516672 51.90 170.75 73.71 197.32
sheep 0.516655 185.03 120.06 197.12 141.27
aeroplane 0.516652 101.03 0.00 131.35 21.01
sheep 0.516622 174.38 106.57 191.16 123.09
bird 0.516610 93.51 209.35 121.49 224.00
bird 0.516591 45.10 60.90 65.43 81.38
sheep 0.516590 19.14 130.60 42.17 168.03
aeroplane 0.516568 167.54 0.00 182.79 30.74
sheep 0.516561 27.94 154.90 57.48 191.33
sheep 0.516560 123.77 156.00 141.39 174.94
bottle 0.516557 40.35 169.79 65.58 200.03
sheep 0.516533 140.57 164.10 160.56 185.07
sheep 0.516533 142.16 148.65 159.46 166.37
sheep 0.516510 21.82 144.65 50.60 185.29
aeroplane 0.516503 92.17 133.29 113.72 148.63
aeroplane 0.516454 54.37 36.04 72.86 55.91
sheep 0.516448 190.72 49.05 206.93 74.30
sheep 0.516445 115.19 155.99 132.56 175.87
aeroplane 0.516425 108.71 122.28 123.34 139.60
aeroplane 0.516423 74.83 25.24 90.49 45.13
dog 0.516406 178.43 21.21 195.67 49.59
sheep 0.516393 200.89 29.79 212.55 60.10
sheep 0.516380 169.95 52.01 190.23 74.29
aeroplane 0.516355 135.87 16.83 155.66 47.81
bird 0.516351 73.82 112.06 97.02 130.47
bird 0.516343 121.39 114.63 137.26 130.53
bird 0.516292 63.66 170.92 81.48 194.39
aeroplane 0.516230 95.38 150.45 173.13 224.00
sheep 0.516183 106.16 156.04 122.89 175.78
sheep 0.516178 182.52 61.46 200.95 81.67
sheep 0.516174 146.77 116.49 167.76 132.18
aeroplane 0.516174 124.21 42.55 145.91 69.37
aeroplane 0.516166 52.88 0.00 176.65 43.03
sheep 0.516143 146.07 126.31 167.43 139.92
aeroplane 0.516133 94.33 41.91 116.82 67.83
aeroplane 0.516120 77.52 35.10 100.15 58.22
bird 0.516114 16.26 71.29 36.15 97.12
sheep 0.516103 65.92 161.25 83.02 184.70
sheep 0.516101 170.44 63.05 190.60 80.73
aeroplane 0.516089 107.80 63.41 125.12 82.73
sheep 0.516074 200.40 38.21 211.49 66.35
aeroplane 0.516064 116.06 0.00 146.61 21.26
dog 0.516041 169.87 21.95 186.47 48.96
aeroplane 0.516039 93.15 0.00 123.47 20.61
aeroplane 0.516034 144.45 0.00 164.58 33.08
sheep 0.516012 140.24 172.65 160.42 192.82
aeroplane 0.516003 117.88 62.48 136.56 81.70
sheep 0.515963 34.50 134.45 55.34 164.30
bird 0.515949 35.82 128.34 55.94 153.27
sheep 0.515860 185.36 129.51 196.60 148.39
aeroplane 0.515847 56.00 26.90 72.03 46.57
sheep 0.515841 188.30 188.42 204.10 206.22
bird 0.515778 47.23 94.27 67.97 111.83
aeroplane 0.515755 96.13 31.84 117.14 58.61
aeroplane 0.515720 133.15 147.32 148.74 163.69
sheep 0.515702 198.90 142.40 207.34 160.47
aeroplane 0.515688 99.12 22.31 116.82 47.94
bird 0.515660 15.32 79.63 35.91 106.44
sheep 0.515652 123.01 199.14 147.73 222.04
aeroplane 0.515637 88.78 24.29 108.50 46.85
sheep 0.515630 50.37 130.29 122.35 224.00
sheep 0.515599 186.11 137.34 195.97 154.49
aeroplane 0.515559 66.04 25.50 80.65 45.13
bird 0.515518 68.13 152.85 85.76 174.86
sheep 0.515488 192.20 150.45 201.94 169.86
dog 0.515485 180.14 14.54 194.05 38.91
sheep 0.515483 158.41 51.88 178.43 73.84
dog 0.515453 160.44 0.00 187.92 24.08
sheep 0.515451 181.62 51.34 200.94 75.05
sheep 0.515445 207.86 0.00 223.66 35.03
bird 0.515441 93.81 101.92 115.29 119.44
aeroplane 0.515431 132.36 126.39 147.88 138.21
sheep 0.515419 140.61 156.09 159.71 176.24
aeroplane 0.515408 120.66 87.40 144.17 106.64
dog 0.515328 173.51 14.47 186.29 38.44
aeroplane 0.515294 157.76 0.00 176.42 31.89
sheep 0.515267 207.14 59.62 215.30 88.87
aeroplane 0.515248 133.74 134.06 148.06 144.63
bottle 0.515238 14.98 0.00 44.20 25.34
bird 0.515226 71.71 144.86 88.33 164.95
aeroplane 0.515225 64.00 67.94 169.80 190.04
sheep 0.515224 139.99 181.73 159.82 200.19
sheep 0.515219 52.29 163.03 74.21 189.08
sheep 0.515168 30.81 144.98 55.79 179.96
aeroplane 0.515159 182.05 71.66 224.00 197.45
bird 0.515154 128.80 107.93 147.48 122.84
bird 0.515114 109.50 109.80 123.75 128.73
aeroplane 0.515034 145.50 16.63 164.07 45.30
sheep 0.515013 40.15 162.65 64.86 193.52
aeroplane 0.515011 124.40 52.07 145.63 74.04
dog 0.514988 168.20 13.53 180.64 38.84
sheep 0.514938 205.75 67.48 215.27 98.39
aeroplane 0.514926 96.84 63.82 116.61 83.10
sheep 0.514860 186.86 143.15 195.31 161.05
sheep 0.514841 191.10 158.96 202.35 179.82
sheep 0.514806 145.80 136.04 166.32 145.67
sheep 0.514786 209.59 51.99 215.58 80.42
aeroplane 0.514764 130.88 0.00 160.51 20.97
aeroplane 0.514660 75.03 44.06 99.52 68.49
sheep 0.514622 177.02 138.84 189.35 153.29
sheep 0.514589 154.82 72.82 174.90 88.73
sheep 0.514587 156.54 63.48 176.23 80.50
aeroplane 0.514571 95.20 52.85 116.56 75.89
aeroplane 0.514551 84.62 34.24 107.95 58.74
aeroplane 0.514460 91.21 123.73 112.98 139.75
sheep 0.514445 196.91 178.46 211.16 197.33
sheep 0.514426 175.78 112.84 191.02 130.88
aeroplane 0.514415 134.41 140.04 148.50 152.05
bird 0.514405 64.17 99.88 90.67 116.64
aeroplane 0.514402 157.85 15.02 173.78 41.55
aeroplane 0.514387 120.18 81.06 142.67 99.29
sheep 0.514384 176.35 131.09 190.35 146.82
bottle 0.514317 9.35 201.34 52.63 224.00
sheep 0.514302 140.14 200.51 162.70 224.00
bird 0.514299 74.61 119.79 95.21 138.16
bottle 0.514276 4.02 164.27 47.11 206.36
sheep 0.514271 212.00 5.89 221.38 41.21
sheep 0.514266 175.99 121.28 190.75 139.48
sheep 0.514261 6.56 0.00 92.04 112.52
bird 0.514240 130.96 116.80 147.59 130.54
aeroplane 0.514237 83.16 62.55 105.58 84.74
aeroplane 0.514152 121.90 73.26 142.70 89.54
sheep 0.514097 160.15 191.56 176.68 205.27
sheep 0.514065 212.00 13.62 219.83 49.17
aeroplane 0.514020 123.98 63.57 144.04 80.71
sheep 0.513996 198.80 148.76 207.93 168.83
sheep 0.513985 207.59 106.50 218.51 137.32
sheep 0.513956 186.27 149.30 194.96 169.38
sheep 0.513951 150.96 102.00 172.66 117.30
sheep 0.513926 147.04 191.97 166.54 206.67
sheep 0.513920 191.98 196.64 214.82 223.94
sheep 0.513909 177.15 144.76 188.16 161.16
sheep 0.513904 184.42 158.19 194.67 179.65
sheep 0.513904 206.99 98.04 217.90 129.23
bottle 0.513896 7.67 148.25 73.85 224.00
sheep 0.513880 208.34 115.70 218.92 145.01
sheep 0.513834 211.44 44.10 216.10 74.08
sheep 0.513829 190.00 169.84 203.08 189.94
sheep 0.513768 206.10 75.02 215.56 106.99
sheep 0.513741 173.24 190.53 188.55 203.96
sheep 0.513721 189.32 180.93 203.69 198.20
bird 0.513642 46.09 100.91 66.98 120.87
sheep 0.513589 181.99 189.49 197.89 205.08
sheep 0.513527 209.67 124.20 219.32 151.60
sheep 0.513522 143.93 211.90 175.96 224.00
sheep 0.513477 150.36 95.64 172.90 112.87
sheep 0.513462 198.50 157.14 209.54 179.24
sheep 0.513411 6.05 0.00 85.83 62.61
aeroplane 0.513404 81.98 43.50 106.94 68.95
aeroplane 0.513386 84.59 103.66 170.19 219.33
sheep 0.513373 53.34 156.12 76.02 180.14
sheep 0.513356 153.35 80.86 174.06 99.27
sheep 0.513328 212.00 27.08 217.74 64.44
bottle 0.513324 4.28 177.99 44.35 216.70
aeroplane 0.513317 147.77 98.93 203.14 223.84
sheep 0.513306 206.37 90.41 216.93 121.89
bird 0.513190 64.12 105.45 92.01 123.65
sheep 0.513165 197.46 167.59 210.57 189.32
aeroplane 0.513152 74.68 52.10 98.63 76.90
aeroplane 0.513140 68.23 139.97 151.69 224.00
sheep 0.513127 212.00 35.46 216.67 69.53
sheep 0.513069 54.31 176.54 119.68 224.00
sheep 0.513060 211.27 131.18 219.57 157.73
sheep 0.513038 206.33 82.69 216.12 114.74
sheep 0.513033 176.05 150.93 187.32 169.98
sheep 0.513029 174.87 159.54 187.04 179.49
sheep 0.513027 145.59 143.66 165.32 153.77
sheep 0.513022 38.82 156.29 63.88 186.38
bird 0.513020 91.27 111.57 113.54 129.32
sheep 0.512890 156.76 141.73 174.32 153.87
sheep 0.512865 151.27 88.46 173.45 107.66
sheep 0.512848 159.82 162.66 176.23 181.62
sheep 0.512843 146.33 165.06 166.55 184.14
aeroplane 0.512828 149.93 143.46 207.63 224.00
sheep 0.512827 208.82 181.73 222.39 207.26
sheep 0.512799 183.95 199.04 207.60 224.00
sheep 0.512623 159.90 172.23 176.55 189.78
bird 0.512611 65.02 111.80 91.02 131.06
sheep 0.512553 146.22 173.76 166.44 191.55
sheep 0.512526 183.21 169.93 196.00 189.80
sheep 0.512520 174.01 170.56 187.76 188.59
aeroplane 0.512442 82.06 52.58 105.97 77.31
sheep 0.512433 160.25 183.05 176.32 197.19
bird 0.512408 44.37 107.38 65.36 129.99
sheep 0.512369 212.00 137.29 219.86 165.30
sheep 0.512369 204.94 192.05 222.84 222.63
sheep 0.512345 154.93 134.45 174.05 146.49
sheep 0.512270 158.63 147.96 174.43 163.30
sheep 0.512215 146.19 183.57 165.97 198.81
sheep 0.512199 159.32 154.62 175.17 172.96
sheep 0.511991 147.25 202.56 169.22 224.00
sheep 0.511874 153.67 212.00 185.74 224.00
sheep 0.511866 174.13 182.47 188.33 195.86
bird 0.511835 43.88 113.56 64.20 137.97
sheep 0.511818 145.64 150.39 164.85 164.91
sheep 0.511771 58.24 147.40 79.40 168.54
sheep 0.511771 182.95 181.87 197.48 197.32
sheep 0.511765 145.96 157.24 165.56 175.46
sheep 0.511760 153.87 125.08 173.74 139.47
sheep 0.511745 177.65 200.17 200.21 224.00
aeroplane 0.511578 182.37 137.52 224.00 224.00
sheep 0.511541 212.00 144.14 220.79 174.38
sheep 0.511450 153.66 116.04 173.27 131.45
sheep 0.511446 158.51 202.59 179.59 224.00
sheep 0.511372 169.57 201.58 190.79 224.00
bird 0.511351 66.75 119.51 89.55 138.40
bird 0.511240 45.03 120.46 64.16 144.84
sheep 0.511171 41.25 146.95 63.58 175.19
sheep 0.511166 162.54 212.00 196.40 224.00
sheep 0.511092 106.13 193.64 194.11 224.00
sheep 0.510940 184.27 210.61 218.78 224.00
sheep 0.510851 211.96 152.51 222.09 184.38
sheep 0.510789 210.07 173.31 223.14 200.11
bird 0.510614 64.04 137.21 83.68 155.01
sheep 0.510322 210.98 162.40 223.10 193.12
bird 0.510288 46.28 128.51 64.56 151.36
sheep 0.510271 45.06 136.05 64.30 161.04
bird 0.510059 66.84 128.66 87.12 145.77
