tvmonitor 0.694170 45.80 12.18 210.24 205.16
cat 0.584930 28.91 3.99 216.10 198.27
tvmonitor 0.580654 24.19 47.91 175.81 206.41
tvmonitor 0.570617 14.62 9.46 93.53 86.73
tvmonitor 0.568183 6.50 0.00 97.97 66.29
bottle 0.554491 93.65 132.05 157.46 202.81
tvmonitor 0.551809 27.27 14.78 154.56 169.87
tvmonitor 0.550438 0.00 46.28 10.74 112.37
tvmonitor 0.549296 0.40 20.34 68.49 149.82
tvmonitor 0.548635 21.33 35.02 71.31 94.73
tvmonitor 0.544486 14.75 25.02 103.48 165.82
bottle 0.544401 59.38 118.33 88.41 163.36
boat 0.543561 87.65 88.21 140.22 131.62
cat 0.543365 35.27 142.63 67.85 208.41
bottle 0.543155 76.64 148.58 125.26 210.31
bottle 0.542928 89.75 125.78 131.74 181.19
tvmonitor 0.542707 40.12 93.07 196.51 216.80
tvmonitor 0.542477 0.00 0.00 182.97 190.83
bottle 0.542334 40.68 111.18 62.09 181.29
tvmonitor 0.542205 0.51 7.20 76.53 101.04
tvmonitor 0.541745 52.21 0.00 191.45 134.40
tvmonitor 0.541618 31.28 55.82 68.66 100.80
bottle 0.541222 94.09 91.45 147.70 138.25
bottle 0.540959 46.89 115.39 78.25 167.60
bottle 0.540920 0.00 97.92 9.83 142.39
bottle 0.540094 105.06 128.34 151.23 181.63
bottle 0.540085 102.61 132.56 175.33 191.93
bottle 0.539943 89.54 84.41 135.45 123.86
bottle 0.539876 85.12 137.09 136.23 205.69
bottle 0.539836 61.53 100.72 87.62 133.33
tvmonitor 0.539688 32.52 67.26 141.62 198.99
bottle 0.539189 118.30 40.78 161.41 84.38
bottle 0.538932 68.25 121.52 93.82 160.87
bottle 0.538876 96.03 120.74 140.18 171.54
bottle 0.538859 103.16 99.89 146.01 147.42
bottle 0.538597 80.91 120.29 119.11 167.78
bottle 0.538579 123.23 49.74 158.58 89.63
tvmonitor 0.538534 0.00 50.89 56.72 182.03
tvmonitor 0.538146 21.98 4.80 136.06 128.74
boat 0.537705 86.51 100.76 136.35 149.53
bottle 0.537483 111.44 130.63 166.29 175.00
bottle 0.536853 0.00 85.72 8.88 131.85
bottle 0.536821 63.52 88.43 86.25 118.77
bottle 0.536746 106.69 89.29 146.76 127.88
bottle 0.536687 38.32 127.81 67.64 206.76
cat 0.536516 158.30 141.30 209.39 196.85
tvmonitor 0.536480 29.93 145.08 70.14 207.82
bottle 0.536445 69.01 101.45 92.36 132.22
tvmonitor 0.536418 0.00 75.75 9.41 125.47
bottle 0.536285 115.68 124.15 162.80 162.67
tvmonitor 0.536063 14.82 0.00 85.95 44.35
bottle 0.535995 34.68 65.12 67.05 105.19
bottle 0.535834 86.54 112.44 131.14 163.54
bottle 0.535612 68.65 108.51 92.62 141.19
bottle 0.535546 103.64 113.52 144.61 158.72
bottle 0.535417 40.87 100.93 64.59 150.35
bottle 0.535404 48.46 104.88 79.78 146.16
tvmonitor 0.534498 0.00 83.07 38.19 193.67
bottle 0.534306 73.07 159.99 117.80 220.17
bottle 0.534261 38.69 75.10 65.46 114.83
bottle 0.534173 99.62 176.77 143.47 224.00
bottle 0.533958 125.06 58.92 155.66 97.04
bottle 0.533869 112.08 94.94 151.54 134.71
tvmonitor 0.533849 10.55 0.00 121.74 96.02
bottle 0.533846 0.00 206.38 17.09 224.00
bottle 0.533756 204.55 140.73 224.00 205.05
bottle 0.533711 163.40 139.34 212.67 199.91
bottle 0.533632 75.71 126.79 105.23 168.96
bottle 0.533484 49.80 92.95 78.08 125.97
bottle 0.533347 111.65 24.75 166.14 77.63
bottle 0.533342 0.00 110.48 9.88 154.59
tvmonitor 0.533144 18.01 67.92 97.05 192.01
cat 0.533126 139.54 93.84 224.00 208.40
bottle 0.532999 42.27 98.46 69.76 137.11
bottle 0.532949 80.75 132.01 123.61 187.22
bottle 0.532899 62.77 154.51 111.10 207.40
tvmonitor 0.532634 59.36 0.00 178.46 91.24
bottle 0.532620 123.85 87.02 155.52 117.87
bottle 0.532447 0.00 210.20 27.43 224.00
bottle 0.532378 104.07 208.83 148.58 224.00
bottle 0.532021 80.32 92.07 128.25 129.41
bottle 0.531538 114.18 114.43 159.88 154.45
tvmonitor 0.531132 45.24 152.24 91.28 205.41
bottle 0.531010 34.77 142.86 77.72 204.77
bottle 0.530646 120.30 57.45 146.58 97.52
bottle 0.530602 42.64 90.28 69.59 125.38
cat 0.530480 161.10 0.00 224.00 68.65
bottle 0.530420 47.40 82.37 76.66 116.53
bottle 0.530401 127.39 135.17 177.52 184.65
boat 0.530312 79.74 97.50 125.75 136.52
bottle 0.530278 80.57 205.48 120.41 224.00
cat 0.530245 110.64 42.53 221.68 201.45
bottle 0.530159 45.07 146.07 89.85 203.05
bottle 0.530062 55.44 125.57 87.29 180.43
chair 0.530060 210.06 0.00 224.00 28.62
boat 0.529501 74.78 41.11 116.44 79.19
boat 0.529485 62.06 40.74 93.03 78.75
bottle 0.529458 67.36 128.85 94.84 177.61
tvmonitor 0.529407 206.91 206.67 224.00 224.00
tvmonitor 0.529395 0.00 169.00 35.99 224.00
bottle 0.529381 43.84 123.12 77.62 184.45
bottle 0.529188 124.19 69.37 154.73 104.94
tvmonitor 0.529141 0.00 0.00 23.15 20.79
tvmonitor 0.529126 0.00 31.85 9.89 90.98
bottle 0.529014 88.69 45.69 127.15 87.97
bottle 0.528994 129.38 52.77 167.99 86.10
cat 0.528794 148.74 140.73 192.03 191.96
bottle 0.528748 0.58 101.28 13.90 138.05
bottle 0.528743 96.20 157.53 140.91 219.14
boat 0.528560 79.31 105.45 120.94 146.88
bottle 0.528558 117.64 78.75 147.31 111.78
bottle 0.528264 155.19 212.89 189.94 224.00
bottle 0.528250 37.61 104.49 60.28 162.23
tvmonitor 0.528188 56.98 128.58 189.46 224.00
boat 0.528177 66.81 50.00 93.12 84.85
tvmonitor 0.528126 38.11 0.00 146.15 75.32
bottle 0.528116 98.89 77.67 135.97 113.93
bottle 0.528101 78.35 49.24 116.59 87.25
boat 0.528058 68.72 32.00 115.34 73.07
bottle 0.527971 179.97 90.01 209.76 111.20
bottle 0.527963 90.26 55.97 127.88 98.72
bottle 0.527731 143.60 139.85 182.10 191.94
bottle 0.527565 185.12 135.20 219.81 205.30
bottle 0.527559 31.20 120.88 61.83 176.81
bottle 0.527544 177.48 81.02 211.67 105.41
bottle 0.527523 115.29 208.56 160.69 224.00
tvmonitor 0.527405 41.46 37.45 83.91 81.78
tvmonitor 0.527302 17.08 0.00 77.22 31.19
tvmonitor 0.527143 174.78 153.05 224.00 224.00
bottle 0.527057 91.01 68.29 129.12 108.19
boat 0.527045 82.64 30.65 124.95 72.40
bottle 0.526929 107.26 46.42 138.41 88.87
bottle 0.526864 73.51 116.14 100.77 152.48
bottle 0.526807 153.38 90.01 174.94 112.22
tvmonitor 0.526766 23.44 211.99 70.19 224.00
cat 0.526663 66.27 62.23 209.98 204.87
tvmonitor 0.526644 15.58 21.91 76.35 81.75
tvmonitor 0.526426 0.00 12.68 11.61 64.97
tvmonitor 0.526404 115.31 29.54 223.02 168.80
boat 0.526342 69.00 43.90 103.94 78.08
tvmonitor 0.526274 0.00 157.36 9.45 206.15
bottle 0.526260 134.62 89.58 167.45 114.35
bottle 0.526134 140.67 211.40 176.31 224.00
boat 0.526131 48.25 46.36 84.93 86.68
tvmonitor 0.525979 0.00 66.61 12.83 118.23
bottle 0.525930 54.50 58.70 86.03 95.09
bottle 0.525815 73.19 137.57 112.15 193.70
bottle 0.525786 176.36 72.70 214.36 98.35
bottle 0.525779 135.84 123.69 173.95 160.23
bottle 0.525738 128.99 210.47 168.92 224.00
bottle 0.525683 214.72 128.32 224.00 197.19
boat 0.525675 63.34 21.51 114.22 65.65
bottle 0.525654 153.61 81.84 174.98 104.71
bottle 0.525548 68.54 84.14 88.95 113.17
boat 0.525540 53.90 29.56 92.74 74.90
bottle 0.525414 60.38 71.51 86.84 104.59
bottle 0.525372 99.94 30.49 142.99 76.02
bottle 0.525333 101.91 197.32 145.26 224.00
tvmonitor 0.525192 30.70 0.00 101.37 49.70
bottle 0.525166 219.48 120.33 224.00 183.68
bottle 0.525163 132.02 62.54 166.55 93.72
bottle 0.525135 36.26 209.46 78.39 224.00
bottle 0.525117 109.71 56.62 137.85 97.58
bottle 0.525098 175.14 66.57 216.43 92.73
bottle 0.525085 219.19 80.72 224.00 119.96
bottle 0.525057 94.18 37.85 129.93 79.78
tvmonitor 0.525052 218.89 57.42 224.00 97.89
bottle 0.525030 153.40 97.07 174.68 118.80
bottle 0.525001 168.91 213.41 207.50 224.00
boat 0.524978 56.96 8.62 115.22 47.77
bottle 0.524953 211.30 154.82 224.00 221.48
tvmonitor 0.524948 8.53 168.07 72.19 224.00
bottle 0.524945 134.53 95.35 168.29 121.19
bottle 0.524925 142.04 133.92 178.05 174.17
bottle 0.524869 154.54 67.37 175.58 88.73
bottle 0.524637 49.75 209.84 89.25 224.00
bottle 0.524613 154.30 74.12 174.96 96.57
bottle 0.524572 63.67 135.94 99.65 192.41
bottle 0.524535 220.00 100.27 224.00 146.87
bottle 0.524474 3.28 114.14 17.09 149.11
bottle 0.524374 107.51 17.51 158.50 62.76
bottle 0.524348 152.48 103.53 174.46 127.29
bottle 0.524340 43.81 73.92 75.81 108.49
bottle 0.524306 72.80 95.51 98.45 124.48
tvmonitor 0.524261 217.90 72.61 224.00 113.88
bottle 0.524223 0.00 124.36 9.46 172.90
tvmonitor 0.524175 0.00 0.00 15.94 37.52
bottle 0.524118 68.88 63.31 91.74 95.30
tvmonitor 0.524080 0.00 54.26 27.15 109.10
bottle 0.523997 79.54 81.62 120.00 115.84
bottle 0.523965 1.99 211.61 40.66 224.00
bottle 0.523929 69.41 206.12 109.74 224.00
bottle 0.523910 149.93 110.54 174.06 138.18
boat 0.523816 43.05 0.00 108.60 46.87
bottle 0.523785 184.36 213.21 219.49 224.00
bottle 0.523758 194.40 211.12 224.00 224.00
boat 0.523667 78.40 0.00 114.56 18.11
bottle 0.523620 133.01 81.61 166.28 107.83
bottle 0.523595 79.46 60.04 116.23 98.54
bottle 0.523575 182.09 97.61 209.44 116.71
bottle 0.523485 109.77 68.35 138.64 105.60
tvmonitor 0.523453 26.64 8.73 84.35 72.72
bottle 0.523452 153.45 141.27 203.44 192.48
bottle 0.523157 60.48 208.48 100.10 224.00
tvmonitor 0.523156 0.00 115.12 36.24 216.93
bottle 0.523150 160.53 70.30 181.80 86.41
boat 0.523026 45.73 14.50 93.22 69.87
bottle 0.523015 219.63 50.16 224.00 89.56
boat 0.522993 89.49 0.00 122.19 16.86
boat 0.522975 79.77 17.03 122.32 54.53
tvmonitor 0.522882 38.13 0.00 89.88 29.37
tvmonitor 0.522764 11.29 0.00 62.34 22.64
bottle 0.522727 21.96 119.91 47.27 155.36
bottle 0.522700 130.73 100.18 167.91 130.59
bottle 0.522666 9.99 106.32 26.24 138.63
bottle 0.522659 132.16 72.23 165.80 101.33
boat 0.522600 72.62 52.77 102.71 85.00
tvmonitor 0.522581 108.02 145.14 210.00 224.00
bottle 0.522577 215.03 172.68 224.00 224.00
bottle 0.522565 125.68 106.69 167.12 143.02
tvmonitor 0.522561 148.52 0.00 224.00 97.03
tvmonitor 0.522450 0.88 163.54 22.92 201.15
bottle 0.522426 182.96 104.36 210.11 125.06
boat 0.522400 90.10 23.61 127.89 65.36
bottle 0.522399 146.39 117.80 174.62 148.35
boat 0.522284 50.40 11.75 106.00 59.10
bottle 0.522279 12.09 119.00 27.07 149.72
cat 0.522168 150.84 0.00 191.08 16.08
bottle 0.522160 217.65 0.00 224.00 39.35
tvmonitor 0.522096 0.00 0.00 25.70 34.35
bottle 0.522080 167.63 135.55 208.24 182.67
bottle 0.522061 3.65 121.28 19.22 157.67
tvmonitor 0.522048 35.91 145.91 117.55 224.00
tvmonitor 0.522025 0.05 0.00 43.42 17.10
bottle 0.522020 152.62 60.06 175.57 81.41
bottle 0.522001 159.63 76.61 180.07 94.44
tvmonitor 0.521992 0.00 5.13 13.49 49.69
tvmonitor 0.521987 0.00 24.53 17.64 80.28
boat 0.521978 98.26 0.00 128.80 16.51
boat 0.521961 66.42 0.00 106.68 20.24
bottle 0.521921 158.78 84.56 179.17 102.78
bottle 0.521878 9.39 211.99 56.35 224.00
bottle 0.521851 76.14 191.51 112.15 224.00
tvmonitor 0.521782 140.28 149.49 219.94 224.00
boat 0.521692 53.18 0.00 98.34 23.63
bottle 0.521523 158.82 92.90 178.91 109.81
sheep 0.521490 177.83 90.19 201.83 109.76
cat 0.521445 139.12 0.00 173.97 16.31
tvmonitor 0.521414 26.43 160.73 95.52 224.00
bottle 0.521371 23.19 108.46 50.23 141.92
aeroplane 0.521359 158.96 0.00 198.01 16.84
bottle 0.521325 144.08 64.75 173.28 90.06
tvmonitor 0.521284 29.86 163.41 67.16 216.20
bottle 0.521180 68.86 75.74 89.73 106.45
bottle 0.521155 138.71 56.46 172.87 83.03
bottle 0.521138 182.92 111.70 211.19 135.53
boat 0.521105 106.53 0.00 136.71 16.02
chair 0.520984 193.31 0.00 224.00 22.73
bottle 0.520902 154.16 190.34 174.98 220.43
tvmonitor 0.520863 0.00 133.38 9.50 185.72
bottle 0.520695 78.79 72.20 116.60 108.36
bottle 0.520665 158.34 137.12 198.49 177.41
tvmonitor 0.520654 19.26 63.16 59.55 104.99
bottle 0.520632 12.85 125.55 28.40 157.66
bottle 0.520615 172.55 125.98 216.73 186.80
bottle 0.520579 114.44 0.00 145.58 15.62
bottle 0.520535 170.48 70.27 207.18 87.57
bottle 0.520520 21.70 126.11 49.73 164.90
bottle 0.520518 220.00 16.94 224.00 71.20
tvmonitor 0.520491 0.00 14.10 21.35 64.58
bottle 0.520407 220.00 0.00 224.00 47.96
bottle 0.520288 0.00 196.09 12.68 224.00
aeroplane 0.520182 184.47 0.00 218.33 18.67
cat 0.519993 124.14 0.00 154.79 15.67
bottle 0.519976 97.71 17.86 141.17 58.18
tvmonitor 0.519917 37.95 107.80 133.70 221.11
bottle 0.519789 159.95 63.64 182.68 79.42
aeroplane 0.519727 220.00 39.77 224.00 81.82
sheep 0.519676 159.23 100.02 178.37 116.15
bottle 0.519626 153.94 168.52 174.04 208.64
boat 0.519563 77.39 0.00 122.00 39.86
tvmonitor 0.519475 118.69 0.00 222.55 71.60
bottle 0.519360 148.47 129.52 179.76 159.59
boat 0.519250 91.08 11.93 127.15 46.72
sheep 0.519142 158.02 106.68 177.54 124.87
bottle 0.519113 142.94 188.40 169.48 222.39
sheep 0.519066 179.11 111.74 202.62 133.28
bottle 0.519063 0.00 178.30 9.63 221.17
bottle 0.519052 178.11 126.12 212.18 167.78
tvmonitor 0.518968 0.00 24.34 51.00 75.48
tvmonitor 0.518927 0.00 0.00 51.17 31.00
tvmonitor 0.518863 3.51 73.31 24.77 114.95
aeroplane 0.518818 106.91 12.02 154.69 50.99
bottle 0.518772 123.96 19.15 172.43 58.66
bottle 0.518762 154.90 113.90 177.26 136.12
sheep 0.518718 179.74 97.32 200.77 115.25
bottle 0.518671 0.00 199.76 22.09 224.00
sheep 0.518626 180.12 104.00 201.33 123.06
bottle 0.518611 127.54 45.88 173.06 78.00
bottle 0.518549 140.34 9.98 181.80 41.75
bottle 0.518528 170.95 75.87 204.31 94.05
bottle 0.518520 120.53 12.92 164.76 50.10
bottle 0.518510 181.14 118.95 211.45 149.43
bottle 0.518509 0.65 151.37 24.11 196.03
bottle 0.518399 3.54 127.59 20.86 167.25
tvmonitor 0.518346 7.75 83.55 24.46 119.01
tvmonitor 0.518240 0.00 45.82 37.91 94.13
tvmonitor 0.518023 23.27 191.07 65.87 224.00
bottle 0.517862 199.78 149.92 220.85 217.55
tvmonitor 0.517825 0.00 35.07 45.29 85.90
bottle 0.517739 55.04 156.93 99.86 212.00
bottle 0.517720 114.51 182.77 160.13 224.00
bottle 0.517625 211.89 195.45 224.00 224.00
bottle 0.517561 176.85 119.86 204.33 146.38
bottle 0.517488 151.44 151.69 177.40 199.01
tvmonitor 0.517379 0.00 14.58 53.71 61.25
bottle 0.517264 8.47 94.19 24.51 127.19
bottle 0.517255 186.94 151.54 214.72 212.18
bottle 0.517145 2.04 136.62 22.43 181.85
bottle 0.517112 2.15 173.11 19.65 208.42
bottle 0.517094 162.13 130.06 194.25 159.83
bottle 0.517069 60.48 168.35 101.34 221.48
boat 0.517055 66.19 0.00 115.06 28.52
bottle 0.517024 137.08 19.13 176.89 54.28
tvmonitor 0.517012 0.00 7.30 23.74 47.61
bottle 0.516943 186.18 118.70 221.58 187.80
bottle 0.516851 170.82 83.36 200.18 100.73
tvmonitor 0.516836 20.65 103.89 92.97 203.78
aeroplane 0.516832 143.14 0.00 188.06 29.77
bottle 0.516800 173.04 145.14 206.77 197.94
bottle 0.516673 151.22 207.10 178.38 224.00
sheep 0.516511 171.61 91.77 196.74 107.19
sheep 0.516393 169.09 112.71 191.54 132.53
bottle 0.516306 147.43 50.01 175.36 75.31
bottle 0.516288 181.69 71.98 222.71 108.75
bottle 0.516263 172.72 27.91 208.27 69.76
bottle 0.516259 27.83 188.92 68.44 224.00
bottle 0.516003 174.18 58.90 223.06 96.51
tvmonitor 0.515929 14.85 168.59 34.93 201.38
bottle 0.515818 138.31 166.32 167.64 210.57
bottle 0.515801 189.70 81.11 222.43 113.20
bottle 0.515787 191.72 112.12 223.47 171.47
bottle 0.515748 23.35 95.07 53.74 126.52
bottle 0.515746 23.51 83.06 55.33 115.10
aeroplane 0.515742 178.27 0.00 217.22 31.99
bottle 0.515713 134.68 26.90 174.22 64.01
bottle 0.515690 13.34 131.41 30.63 168.42
bottle 0.515561 165.43 121.05 191.91 144.76
bottle 0.515550 169.40 64.88 208.10 82.30
boat 0.515510 82.83 0.00 121.88 24.20
bottle 0.515365 158.19 53.89 183.34 74.62
bottle 0.515354 134.60 148.98 170.10 200.30
sheep 0.515230 172.11 105.02 193.00 121.07
bottle 0.515192 30.20 161.47 69.66 215.51
tvmonitor 0.515129 0.00 6.73 52.77 43.78
bottle 0.515106 172.86 40.66 209.50 78.56
aeroplane 0.515004 162.43 29.33 199.82 65.45
bottle 0.515002 147.06 28.38 183.59 62.51
bottle 0.514986 153.12 40.59 182.76 69.93
tvmonitor 0.514984 16.14 133.90 81.10 224.00
bottle 0.514937 123.32 202.03 165.00 224.00
aeroplane 0.514907 137.59 6.44 191.62 42.02
bottle 0.514871 22.92 133.13 57.20 178.35
bottle 0.514858 139.32 37.54 174.39 70.38
tvmonitor 0.514567 87.91 0.00 218.52 107.89
bottle 0.514490 196.39 105.87 224.00 154.29
sheep 0.514466 173.11 98.57 194.62 112.70
bottle 0.514449 203.24 171.45 223.27 224.00
bottle 0.514446 106.19 162.11 156.83 214.82
aeroplane 0.514430 141.75 17.91 187.52 53.31
bottle 0.514359 163.03 190.54 189.86 221.53
bottle 0.514327 199.47 100.14 224.00 140.83
bottle 0.514308 172.73 13.61 211.12 63.71
bottle 0.514217 41.77 163.11 80.37 218.40
bottle 0.514170 190.58 175.30 218.10 224.00
aeroplane 0.514161 172.18 17.46 209.02 61.59
bottle 0.513893 187.70 0.00 222.75 36.30
bottle 0.513841 172.82 54.09 212.66 83.78
bottle 0.513573 143.43 0.00 189.31 18.73
bottle 0.513474 165.53 42.10 201.00 74.07
bottle 0.513437 14.32 153.71 36.86 194.89
bottle 0.513366 61.73 189.64 100.24 224.00
bottle 0.513233 195.14 88.17 222.99 119.17
bottle 0.513215 13.19 140.01 34.03 183.36
aeroplane 0.513213 95.71 0.00 133.48 38.36
aeroplane 0.513204 157.38 18.14 202.07 56.64
cat 0.512839 25.25 141.46 66.46 194.09
aeroplane 0.512765 173.48 3.52 212.29 52.85
aeroplane 0.512710 123.96 0.00 161.70 36.51
bottle 0.512706 14.88 171.08 33.27 203.85
bottle 0.512623 179.23 156.43 206.94 208.50
aeroplane 0.512599 150.18 6.57 204.86 45.37
aeroplane 0.512586 106.73 0.00 147.89 38.58
bottle 0.512526 162.27 209.68 194.06 224.00
bottle 0.512371 7.27 199.36 33.51 224.00
bottle 0.512337 46.33 188.20 84.97 224.00
bottle 0.512310 132.28 0.00 172.79 32.42
aeroplane 0.512213 147.36 0.00 205.93 33.87
aeroplane 0.512191 150.73 0.00 203.31 20.99
bottle 0.511795 167.67 55.50 205.63 78.79
bottle 0.511776 171.55 187.77 199.11 222.44
bottle 0.511478 100.93 0.00 133.71 21.08
aeroplane 0.511428 165.26 0.00 212.21 37.85
bottle 0.511317 181.21 181.87 209.39 224.00
bottle 0.511265 133.55 0.00 169.23 18.88
bottle 0.511262 160.82 164.11 189.92 207.05
cat 0.511228 27.88 158.52 71.03 203.12
bottle 0.511078 170.64 161.43 198.70 206.17
bottle 0.511058 14.57 196.13 55.68 224.00
bottle 0.511057 13.54 179.52 31.24 211.57
bottle 0.510758 180.39 14.37 219.80 69.94
bottle 0.510522 124.19 0.00 156.91 19.38
bottle 0.509959 22.41 172.74 60.35 212.59
bottle 0.509664 185.61 204.31 217.96 224.00
bottle 0.509636 197.90 199.77 223.49 224.00
bottle 0.509551 179.65 0.00 220.45 55.57
bottle 0.509096 177.93 44.09 221.16 83.15
bottle 0.509020 176.84 208.23 211.89 224.00
