person 0.643336 91.81 23.57 217.89 224.00
motorbike 0.614381 0.00 40.02 189.93 206.91
person 0.612439 0.00 73.78 137.35 221.03
diningtable 0.576651 0.00 59.96 161.74 207.90
person 0.574098 38.54 12.97 224.00 203.16
motorbike 0.565056 0.00 83.54 152.23 207.46
person 0.561883 134.47 46.20 224.00 222.65
person 0.560243 20.26 127.23 86.08 221.63
motorbike 0.560025 39.21 30.31 208.46 178.23
pottedplant 0.556459 113.78 56.23 224.00 219.41
chair 0.555149 10.30 123.84 91.05 221.35
motorbike 0.553552 99.34 66.46 204.12 211.80
pottedplant 0.551783 167.05 136.42 183.79 184.86
pottedplant 0.551398 174.16 140.05 190.48 182.52
person 0.550670 79.59 54.45 194.52 208.07
bottle 0.550611 11.38 134.56 70.64 224.00
person 0.550148 139.97 51.35 176.30 118.92
bottle 0.548329 7.63 127.54 44.07 220.67
person 0.547604 0.00 178.17 15.49 224.00
chair 0.547478 140.50 50.96 181.99 121.31
person 0.547023 0.00 133.97 15.23 213.43
person 0.546926 0.00 131.53 28.05 218.34
aeroplane 0.544540 57.09 2.08 102.79 85.46
bottle 0.544106 10.63 164.73 64.92 224.00
person 0.543962 4.53 154.58 74.09 224.00
chair 0.543613 13.89 121.12 61.18 215.94
person 0.543405 0.00 117.23 97.22 224.00
chair 0.542411 213.06 144.84 224.00 209.59
chair 0.542207 7.59 125.68 43.48 215.13
person 0.541954 38.00 133.46 93.08 211.50
person 0.541578 7.14 44.53 158.26 179.11
diningtable 0.541530 57.77 4.20 101.93 83.84
pottedplant 0.541506 188.67 143.51 207.51 190.10
person 0.541285 83.61 23.09 199.41 168.11
pottedplant 0.541205 192.25 139.40 213.27 194.28
aeroplane 0.541091 59.59 52.28 107.68 113.79
person 0.540597 81.50 100.43 107.21 145.16
aeroplane 0.539884 52.88 36.95 109.74 104.12
dog 0.539594 36.18 78.87 74.54 149.74
pottedplant 0.539592 183.61 145.02 200.35 184.65
bottle 0.539332 0.00 70.94 6.86 118.77
bottle 0.539317 1.79 179.87 40.55 224.00
person 0.539271 141.59 111.70 157.14 166.39
person 0.538809 135.39 106.12 148.61 167.75
chair 0.538191 146.52 60.92 178.04 130.15
dog 0.537793 48.47 85.40 86.53 147.30
person 0.537368 54.04 132.80 100.29 203.85
pottedplant 0.537270 159.42 135.62 179.68 188.97
car 0.537041 211.04 112.50 224.00 173.15
car 0.536934 207.72 0.00 224.00 25.27
dog 0.536423 29.57 72.47 54.97 150.70
chair 0.536297 22.82 112.48 57.37 195.43
bottle 0.536050 31.21 153.66 83.46 223.38
chair 0.535984 148.99 135.53 173.48 192.53
person 0.535904 47.42 93.68 85.54 149.06
chair 0.535834 142.04 143.89 171.20 205.49
chair 0.535733 189.57 117.71 214.00 171.75
person 0.535599 0.00 67.91 91.62 190.35
motorbike 0.535523 0.00 114.24 134.83 224.00
person 0.535428 125.76 107.10 141.25 169.66
bottle 0.535360 27.30 84.26 53.55 158.25
chair 0.535211 208.82 140.54 224.00 196.10
pottedplant 0.535199 209.96 199.86 224.00 224.00
motorbike 0.535192 93.18 115.80 198.47 224.00
chair 0.535108 191.58 138.54 212.78 206.87
chair 0.535020 138.42 136.21 165.16 200.97
person 0.534790 213.23 107.47 224.00 167.78
car 0.534550 0.00 0.00 40.34 47.96
person 0.534518 110.65 103.57 136.28 160.98
dog 0.534505 29.28 85.79 63.20 157.37
chair 0.534484 216.56 74.52 224.00 125.63
chair 0.534158 151.28 138.76 179.40 204.09
diningtable 0.534143 0.00 107.89 132.07 221.72
person 0.534041 167.87 25.95 224.00 173.73
diningtable 0.533933 128.70 145.45 154.35 206.35
person 0.533911 122.58 123.93 144.63 198.72
dog 0.533807 60.05 53.17 108.66 113.37
chair 0.533682 216.26 164.63 224.00 224.00
chair 0.533680 130.45 125.89 153.17 198.47
person 0.533610 120.62 53.82 144.00 108.14
person 0.533595 115.55 124.98 135.07 187.56
chair 0.533334 149.16 76.48 174.15 133.39
dog 0.533061 58.13 68.10 100.73 126.10
person 0.532980 0.00 184.74 25.79 224.00
person 0.532954 9.07 177.02 59.92 224.00
person 0.532761 128.09 53.44 158.04 108.81
tvmonitor 0.532757 208.65 120.93 224.00 179.77
chair 0.532715 154.99 62.77 184.01 126.74
chair 0.532550 145.41 80.39 166.94 136.02
pottedplant 0.532533 199.44 139.37 222.92 202.51
person 0.532397 80.73 127.15 103.44 166.88
bottle 0.532390 24.82 107.34 51.73 179.17
person 0.532306 0.00 50.21 63.56 165.13
person 0.532237 46.44 160.83 92.81 217.27
car 0.532120 190.03 112.57 214.20 166.34
chair 0.532120 137.81 158.64 161.11 207.35
chair 0.532112 142.44 116.42 158.97 171.14
chair 0.532044 9.85 110.95 44.48 192.26
person 0.531959 82.94 120.53 104.33 154.24
chair 0.531947 148.41 121.16 167.65 167.49
bottle 0.531942 0.00 59.13 8.98 109.90
person 0.531919 74.98 130.69 104.31 183.74
person 0.531775 187.04 0.00 224.00 51.79
tvmonitor 0.531699 0.00 15.65 10.60 65.48
person 0.531550 0.00 31.01 43.73 143.65
person 0.531530 132.00 119.08 150.29 186.24
motorbike 0.531494 74.29 18.55 197.63 148.50
chair 0.531465 216.41 66.72 224.00 110.10
dog 0.531317 48.17 53.88 94.43 108.82
person 0.531296 119.33 19.33 210.26 181.84
chair 0.531296 0.00 123.76 26.68 203.43
bottle 0.531228 0.00 100.73 6.31 151.11
dog 0.531210 33.74 66.65 62.32 135.75
bottle 0.531139 20.38 103.16 46.91 166.86
person 0.530984 217.31 79.30 224.00 134.57
person 0.530927 0.00 124.39 10.23 197.90
chair 0.530801 121.84 131.53 146.04 203.34
aeroplane 0.530793 51.60 0.00 90.02 68.46
car 0.530774 122.86 160.68 145.27 205.80
chair 0.530608 167.88 64.52 193.89 123.41
person 0.530498 98.20 208.15 130.98 224.00
pottedplant 0.530486 150.08 100.40 224.00 224.00
dog 0.530426 49.18 64.04 88.17 121.72
bottle 0.530422 0.00 160.06 35.30 224.00
person 0.530326 0.00 14.09 32.53 124.60
diningtable 0.530293 121.31 146.77 145.96 205.07
bottle 0.530282 0.00 17.86 9.88 69.01
person 0.530257 90.75 207.22 123.02 224.00
person 0.530201 146.88 113.99 165.13 161.96
pottedplant 0.530181 186.46 133.82 206.04 176.18
person 0.530152 106.27 100.54 133.17 150.00
dog 0.529947 27.49 67.76 50.58 132.24
person 0.529881 142.25 95.62 156.41 146.35
chair 0.529758 142.69 125.17 162.79 182.20
person 0.529752 79.60 207.89 114.77 224.00
dog 0.529725 38.99 108.50 74.13 161.92
bottle 0.529716 11.53 108.19 41.02 175.40
person 0.529688 107.29 52.71 132.52 105.82
person 0.529586 115.42 57.37 136.55 108.82
person 0.529451 64.11 91.70 101.16 145.36
person 0.529304 24.43 0.00 179.30 172.54
person 0.529265 0.00 0.00 19.51 27.86
person 0.529164 64.79 129.91 100.35 187.98
person 0.529131 32.79 197.11 80.53 224.00
sheep 0.529117 160.13 75.80 181.63 128.46
chair 0.528965 186.38 125.92 206.62 169.94
person 0.528829 106.38 132.58 124.53 184.01
sofa 0.528814 24.06 3.30 51.45 50.09
person 0.528743 124.03 100.10 142.03 150.49
chair 0.528581 36.66 126.23 76.03 196.35
person 0.528483 93.12 101.71 122.86 149.05
chair 0.528475 161.28 134.13 180.19 175.33
person 0.528406 58.00 206.12 102.70 224.00
motorbike 0.528374 119.31 50.55 145.21 105.98
dog 0.528153 41.82 63.49 74.25 118.67
person 0.528078 146.91 92.31 164.64 142.06
car 0.528068 127.32 0.00 171.77 13.19
dog 0.527855 62.43 84.13 100.59 140.12
chair 0.527676 32.42 105.85 65.68 167.40
pottedplant 0.527606 172.08 140.67 191.98 200.61
motorbike 0.527588 60.27 107.38 188.72 213.12
person 0.527550 16.94 190.60 73.40 224.00
person 0.527476 105.40 209.05 141.05 224.00
pottedplant 0.527472 180.46 139.25 198.73 174.01
bottle 0.527460 0.48 108.45 22.41 160.96
chair 0.527453 151.92 90.17 172.88 137.93
person 0.527416 188.82 101.14 214.04 158.52
dog 0.527324 32.60 65.43 57.42 118.69
aeroplane 0.527262 22.86 2.57 57.59 64.36
person 0.527072 218.00 60.39 224.00 99.68
motorbike 0.527065 124.68 51.18 156.65 108.46
motorbike 0.527057 39.87 9.37 162.17 143.33
person 0.526986 1.30 181.28 44.01 224.00
person 0.526973 42.66 200.37 89.31 224.00
car 0.526949 49.56 0.00 113.11 55.43
bottle 0.526858 0.00 74.92 13.39 116.11
car 0.526845 17.63 0.00 82.79 50.61
chair 0.526816 185.46 79.09 206.91 127.38
car 0.526662 217.21 0.00 224.00 41.59
bottle 0.526661 0.00 44.25 9.47 95.93
person 0.526643 0.00 108.43 6.67 166.91
tvmonitor 0.526463 192.32 119.85 219.10 180.54
pottedplant 0.526453 110.21 109.74 205.94 224.00
pottedplant 0.526289 172.53 134.72 189.60 170.75
motorbike 0.526246 39.08 164.68 86.39 224.00
diningtable 0.526244 129.01 45.13 163.63 107.86
chair 0.526178 181.60 73.28 200.35 122.60
bottle 0.526144 0.00 79.74 6.09 130.27
cow 0.526136 70.98 73.34 108.52 129.63
diningtable 0.526123 132.23 169.09 153.32 207.40
chair 0.526097 188.78 153.00 206.79 212.04
bottle 0.526072 1.16 113.48 26.62 186.47
pottedplant 0.526066 194.89 131.39 220.29 188.90
chair 0.526041 113.04 209.25 151.82 224.00
person 0.526023 140.35 66.32 164.61 132.07
bottle 0.526007 0.00 8.03 14.37 50.44
motorbike 0.526006 49.37 25.91 106.20 98.42
car 0.525958 195.79 0.00 224.00 19.89
dog 0.525928 19.47 73.55 53.25 120.61
person 0.525909 136.99 98.19 149.35 150.04
aeroplane 0.525735 74.98 4.02 119.83 72.36
chair 0.525698 191.50 73.86 211.75 116.62
pottedplant 0.525556 190.78 204.50 218.47 224.00
bottle 0.525531 146.38 208.48 179.66 224.00
person 0.525514 185.18 0.00 224.00 123.83
car 0.525407 219.13 1.56 224.00 53.89
car 0.525401 176.94 0.00 211.13 13.18
person 0.525302 51.23 110.53 85.32 154.55
chair 0.525252 159.39 145.50 182.34 206.79
bottle 0.525198 0.00 30.28 10.19 81.60
dog 0.525149 34.54 62.98 63.71 107.80
person 0.525096 89.36 134.23 113.28 179.74
pottedplant 0.525088 204.55 146.85 224.00 216.69
diningtable 0.525071 111.58 36.96 138.74 96.48
car 0.525037 219.72 23.89 224.00 71.65
diningtable 0.525032 116.93 41.38 145.51 101.01
diningtable 0.525015 121.35 44.87 154.56 105.65
car 0.524943 116.06 0.00 157.85 14.05
motorbike 0.524829 48.33 0.00 183.18 106.95
bottle 0.524793 60.39 41.60 110.62 105.07
chair 0.524760 175.05 78.27 194.13 125.97
aeroplane 0.524734 39.47 0.00 76.37 62.55
chair 0.524688 152.78 104.44 172.67 150.92
motorbike 0.524644 76.72 0.00 173.65 59.27
person 0.524595 73.59 90.47 107.45 141.92
tvmonitor 0.524518 33.97 0.00 76.39 26.76
person 0.524506 102.34 184.81 116.58 217.00
sheep 0.524505 186.30 87.20 212.86 143.02
bottle 0.524498 128.80 208.40 165.71 224.00
pottedplant 0.524496 184.98 146.40 201.45 202.54
chair 0.524463 115.24 135.75 134.55 200.05
chair 0.524411 39.33 117.69 73.14 177.87
chair 0.524356 80.71 47.74 118.79 105.20
bicycle 0.524348 8.29 38.60 115.20 158.32
motorbike 0.524334 105.19 46.25 132.86 101.28
person 0.524293 218.84 52.39 224.00 90.77
car 0.524263 143.31 0.00 179.95 13.95
dog 0.524240 20.86 74.83 46.35 141.71
dog 0.524180 186.10 89.97 208.00 138.97
aeroplane 0.524175 29.86 26.75 61.42 82.94
bottle 0.524142 20.97 87.62 45.15 154.01
chair 0.524140 188.08 72.61 205.74 118.01
person 0.524004 99.60 118.20 124.30 166.17
aeroplane 0.523923 42.24 0.00 82.61 22.91
aeroplane 0.523874 92.42 3.07 126.96 70.34
car 0.523862 61.71 167.87 99.12 212.58
car 0.523826 114.11 165.02 132.31 204.95
bottle 0.523810 2.44 16.09 23.40 53.77
person 0.523788 47.70 129.67 84.50 191.07
person 0.523664 58.58 154.21 100.48 210.16
chair 0.523631 187.23 106.06 208.61 153.97
chair 0.523417 155.23 120.93 175.92 162.72
tvmonitor 0.523103 0.48 16.82 19.33 58.19
car 0.523070 102.52 180.36 113.80 208.20
boat 0.523066 164.59 0.00 196.43 12.95
person 0.523033 28.29 174.65 77.41 224.00
bottle 0.523025 0.00 63.82 14.53 107.01
chair 0.522962 107.89 185.34 123.44 217.99
chair 0.522901 1.22 0.00 29.49 27.48
person 0.522889 93.92 0.00 183.68 54.88
chair 0.522855 194.83 161.89 213.80 222.17
dog 0.522855 193.04 71.82 212.16 109.30
bottle 0.522802 0.00 19.28 17.15 63.57
diningtable 0.522794 131.70 179.83 156.38 223.39
dog 0.522749 31.67 46.36 62.20 96.10
sheep 0.522744 163.37 90.74 180.73 132.97
chair 0.522744 67.03 55.61 110.07 112.49
chair 0.522717 199.39 71.99 218.80 116.65
bottle 0.522565 7.27 75.67 29.29 117.55
dog 0.522533 219.23 43.21 224.00 84.17
car 0.522526 154.41 0.00 188.16 13.15
diningtable 0.522439 105.85 22.57 137.48 87.61
aeroplane 0.522276 173.03 29.71 204.38 67.34
dog 0.522236 150.93 47.57 182.12 105.42
car 0.522108 108.26 179.32 120.48 208.08
person 0.522107 24.15 28.98 125.30 151.35
car 0.522064 98.32 0.00 133.72 14.17
aeroplane 0.521796 104.84 4.86 134.80 67.65
dog 0.521776 40.30 51.74 81.30 99.13
person 0.521655 66.41 174.12 98.28 213.31
car 0.521464 88.75 0.00 122.21 13.92
motorbike 0.521463 47.40 0.00 125.90 88.16
person 0.521455 36.11 2.17 128.36 122.43
tvmonitor 0.521444 0.00 0.00 17.07 38.97
person 0.521416 84.68 182.10 106.20 217.26
chair 0.521311 145.67 168.19 165.24 207.29
aeroplane 0.521148 21.48 7.80 54.74 44.08
aeroplane 0.521119 168.14 50.15 192.32 95.87
person 0.521061 51.66 121.02 84.11 171.25
person 0.520994 83.98 58.61 116.22 111.43
aeroplane 0.520982 50.98 0.00 89.22 19.16
chair 0.520979 164.89 124.98 181.96 161.79
sheep 0.520876 202.95 69.49 219.28 108.93
person 0.520869 114.70 16.39 194.70 139.16
pottedplant 0.520855 164.82 206.85 195.17 224.00
dog 0.520809 14.49 12.78 42.84 46.33
chair 0.520647 173.78 125.34 190.42 159.78
person 0.520625 122.87 61.91 140.91 115.92
person 0.520609 82.27 110.62 110.71 153.27
diningtable 0.520604 100.39 32.66 130.83 92.12
bottle 0.520596 0.00 94.16 17.01 141.63
chair 0.520453 181.24 123.28 200.93 160.05
sheep 0.520437 194.46 66.31 212.64 97.65
dog 0.520392 141.32 43.48 175.90 103.92
chair 0.520372 109.04 142.96 121.06 196.39
chair 0.520353 123.88 179.70 147.84 222.76
dog 0.520305 178.71 39.41 203.53 73.84
sheep 0.520258 163.84 106.98 180.14 147.48
dog 0.520242 170.44 43.46 193.74 84.32
tvmonitor 0.520227 188.50 78.12 218.19 134.40
chair 0.520214 17.40 0.00 50.56 28.65
diningtable 0.520167 93.49 18.59 129.01 84.27
car 0.520125 78.37 172.59 104.14 208.18
pottedplant 0.520121 209.03 180.84 224.00 224.00
dog 0.520058 188.11 57.18 207.64 86.20
car 0.520056 78.46 0.00 113.95 14.18
sheep 0.520021 194.30 57.79 213.18 85.53
aeroplane 0.520007 168.88 17.56 204.96 55.82
pottedplant 0.519996 177.38 204.82 204.60 224.00
chair 0.519970 154.20 164.93 174.38 208.77
diningtable 0.519938 112.97 18.19 144.68 78.10
aeroplane 0.519894 61.23 0.00 97.42 16.79
chair 0.519805 9.29 0.00 40.16 28.43
chair 0.519778 138.06 180.61 160.55 220.61
dog 0.519777 186.98 48.47 208.43 77.56
car 0.519743 138.82 0.00 207.04 48.21
aeroplane 0.519697 38.80 0.00 82.26 35.52
aeroplane 0.519627 24.37 0.00 56.96 29.27
person 0.519579 84.12 122.51 110.27 161.23
motorbike 0.519577 78.56 38.77 119.33 99.29
person 0.519548 102.46 196.95 127.19 224.00
car 0.519523 69.98 0.00 105.95 15.62
motorbike 0.519500 124.26 0.00 172.92 13.93
chair 0.519458 182.64 92.77 202.24 134.28
car 0.519448 166.50 0.00 224.00 48.65
aeroplane 0.519443 114.99 8.59 145.00 64.11
dog 0.519432 188.80 65.79 207.52 100.26
person 0.519328 96.59 195.77 119.53 224.00
chair 0.519305 174.38 149.71 193.16 207.82
dog 0.519293 20.28 7.58 55.66 49.79
chair 0.519287 114.68 182.31 133.71 219.99
person 0.519282 11.08 0.00 75.61 105.92
sheep 0.519275 177.15 92.46 193.91 131.23
chair 0.519072 108.31 159.11 120.38 200.77
person 0.519053 131.96 58.91 153.73 116.51
bottle 0.519005 10.85 91.13 34.07 147.67
bottle 0.518976 0.00 48.41 15.01 92.80
person 0.518949 42.22 182.87 89.04 224.00
aeroplane 0.518936 87.83 0.00 119.93 53.31
aeroplane 0.518885 44.98 23.11 90.35 85.48
pottedplant 0.518868 195.52 180.77 214.89 224.00
chair 0.518842 162.97 163.46 182.42 209.01
aeroplane 0.518831 180.80 62.43 202.32 104.42
person 0.518821 68.59 112.12 101.90 147.56
person 0.518710 55.30 188.21 96.43 224.00
dog 0.518673 157.30 42.18 183.50 94.70
sheep 0.518654 5.29 73.31 29.05 112.65
person 0.518623 12.79 24.25 95.98 140.08
aeroplane 0.518585 99.86 0.00 127.68 48.84
person 0.518447 112.59 66.10 133.13 118.05
bottle 0.518445 187.35 85.74 217.77 147.72
aeroplane 0.518431 180.88 54.67 202.32 88.54
aeroplane 0.518364 117.32 2.02 147.90 50.82
dog 0.518210 42.54 38.50 86.57 92.61
person 0.518148 75.10 140.41 106.02 200.12
bottle 0.518136 0.00 81.60 14.57 128.92
person 0.518022 82.36 194.23 109.86 224.00
chair 0.518005 182.88 108.62 202.19 148.12
person 0.517980 68.84 192.06 103.37 224.00
person 0.517930 134.23 72.74 151.22 130.47
sheep 0.517930 205.33 63.82 220.20 97.66
pottedplant 0.517928 191.68 183.21 209.14 224.00
person 0.517898 98.46 0.00 192.14 102.43
car 0.517844 36.88 0.00 110.34 80.40
bottle 0.517822 0.00 32.92 16.16 78.08
person 0.517820 75.14 74.57 109.49 128.34
dog 0.517800 11.31 15.65 33.41 57.34
aeroplane 0.517769 123.06 4.38 157.04 44.55
bottle 0.517749 157.83 182.75 176.34 221.63
chair 0.517732 108.75 197.03 137.97 224.00
chair 0.517729 99.51 144.19 113.51 196.34
chair 0.517727 115.79 198.45 150.88 224.00
sheep 0.517718 176.64 108.57 192.30 145.45
sheep 0.517698 192.88 48.23 213.82 77.56
bottle 0.517689 101.35 161.18 113.31 201.72
aeroplane 0.517660 17.36 16.83 48.20 64.30
aeroplane 0.517643 160.56 26.56 188.28 71.29
car 0.517613 23.86 0.00 89.84 77.38
aeroplane 0.517567 174.87 0.00 200.32 21.64
pottedplant 0.517551 167.35 183.58 184.45 220.48
bottle 0.517423 10.04 78.25 31.26 133.85
diningtable 0.517376 75.85 27.33 117.99 90.21
car 0.517364 1.53 0.00 67.60 71.77
person 0.517351 121.05 77.46 140.03 127.64
aeroplane 0.517287 123.84 21.64 160.00 79.51
aeroplane 0.517271 120.03 10.54 153.55 60.60
chair 0.517264 146.36 182.09 166.58 219.98
bottle 0.517225 75.43 158.35 104.85 205.64
tvmonitor 0.517218 26.64 0.00 64.45 30.43
aeroplane 0.517121 183.86 28.60 216.38 65.73
aeroplane 0.517053 128.68 0.00 168.51 24.30
sheep 0.516792 189.63 39.03 215.09 71.54
person 0.516737 67.78 121.79 100.44 159.26
aeroplane 0.516658 70.33 0.00 111.44 57.93
aeroplane 0.516609 168.91 0.00 192.91 21.38
aeroplane 0.516511 167.68 7.92 195.26 35.03
aeroplane 0.516401 133.38 5.03 170.89 37.42
dog 0.516382 161.34 36.37 186.06 86.16
aeroplane 0.516174 157.65 14.42 189.19 52.78
bottle 0.516156 9.75 21.56 28.95 64.86
bottle 0.516123 131.84 199.63 164.70 224.00
aeroplane 0.516028 143.87 36.73 176.13 94.26
sheep 0.515963 205.94 55.61 221.28 87.46
person 0.515804 101.73 71.31 123.73 121.11
aeroplane 0.515796 110.42 0.00 143.53 42.12
person 0.515763 106.60 82.94 130.57 129.10
dog 0.515624 3.51 1.52 30.40 38.70
person 0.515585 85.21 93.11 113.31 137.84
aeroplane 0.515550 119.60 0.00 154.66 34.92
aeroplane 0.515505 174.62 7.96 209.70 40.46
motorbike 0.515392 115.97 0.00 160.77 18.12
aeroplane 0.515206 181.15 16.52 217.36 58.05
aeroplane 0.515046 141.84 23.86 176.45 75.14
person 0.514903 95.31 88.66 120.74 132.50
aeroplane 0.514711 140.51 0.00 178.53 13.65
aeroplane 0.514655 185.32 0.00 215.86 24.81
dog 0.514590 15.83 29.07 44.49 74.02
aeroplane 0.514559 130.30 10.40 167.79 56.30
person 0.514503 85.65 75.36 113.15 125.90
aeroplane 0.514422 142.21 4.98 179.45 34.46
bottle 0.514379 141.10 200.96 170.37 224.00
chair 0.514378 178.20 166.88 194.26 210.48
aeroplane 0.514340 140.22 11.23 178.11 53.31
pottedplant 0.514308 188.06 199.24 210.89 224.00
person 0.514244 149.83 8.30 210.33 136.37
aeroplane 0.514213 157.70 6.75 188.24 33.82
pottedplant 0.514161 188.00 168.82 203.53 214.59
car 0.513949 203.25 0.00 224.00 33.25
dog 0.513870 201.93 24.56 224.00 68.12
pottedplant 0.513837 178.77 184.00 194.38 218.37
dog 0.513670 13.62 67.39 52.99 107.44
aeroplane 0.513665 156.61 0.00 186.09 20.74
aeroplane 0.513649 86.17 0.00 120.58 28.02
sheep 0.513568 204.56 45.66 221.95 80.28
aeroplane 0.513471 183.93 5.39 216.47 42.07
aeroplane 0.513425 96.88 0.00 131.80 25.91
sheep 0.513373 2.18 65.92 26.87 104.51
bottle 0.513294 7.28 32.54 26.03 73.55
bottle 0.513275 203.21 12.50 224.00 61.05
aeroplane 0.513184 55.49 0.00 95.55 33.05
pottedplant 0.513164 188.00 183.69 203.36 222.09
sheep 0.513063 203.10 35.79 222.75 74.01
aeroplane 0.513056 107.15 0.00 149.36 21.59
bottle 0.513021 205.39 0.42 224.00 47.94
bottle 0.512985 160.27 203.26 185.31 224.00
aeroplane 0.512931 153.48 0.00 185.68 12.21
dog 0.512754 12.54 0.93 44.59 38.95
dog 0.512474 13.75 47.77 46.90 89.62
aeroplane 0.511699 72.09 0.00 111.92 29.16
dog 0.511418 3.06 48.94 25.10 87.74
pottedplant 0.511075 183.51 198.73 203.29 224.00
pottedplant 0.511051 171.81 201.19 193.92 224.00
person 0.510792 155.61 0.00 222.37 95.23
