horse 0.614057 40.47 59.15 199.40 184.15
cow 0.592867 23.53 68.78 195.16 198.36
sheep 0.588329 50.04 97.33 151.05 190.71
cow 0.581025 59.87 92.06 162.99 189.53
horse 0.576712 66.12 84.16 162.82 182.29
horse 0.569800 60.83 44.87 207.89 156.92
sheep 0.567719 65.82 80.57 164.03 181.01
cow 0.564261 17.47 84.46 155.64 214.57
horse 0.559629 79.32 65.79 161.47 163.10
sheep 0.558778 73.44 58.87 166.86 154.02
sheep 0.557349 56.59 108.83 117.84 203.63
horse 0.552763 100.20 53.65 160.36 139.23
sheep 0.551311 59.12 122.48 102.12 213.62
dog 0.550332 65.09 52.59 206.58 176.23
person 0.550000 0.00 171.47 10.28 214.61
person 0.548709 0.00 11.35 6.42 81.59
horse 0.547436 86.23 93.40 156.73 173.45
pottedplant 0.546947 0.00 173.35 9.80 214.97
sheep 0.546828 77.85 51.21 148.99 136.18
person 0.546106 180.72 73.46 201.53 138.74
horse 0.544071 80.45 46.23 149.01 131.81
sheep 0.543441 70.79 75.39 139.56 158.39
sheep 0.542858 51.71 128.60 89.66 213.68
cow 0.542160 11.96 95.86 115.46 224.00
horse 0.541536 90.08 69.94 211.22 198.32
cow 0.538818 0.00 101.83 70.25 213.53
horse 0.537647 150.84 83.45 224.00 205.02
person 0.537532 85.70 44.04 141.93 120.67
person 0.537051 176.24 36.64 224.00 157.52
horse 0.536568 184.52 82.40 200.27 147.89
dog 0.536341 217.00 92.35 224.00 139.67
person 0.536309 216.83 89.01 224.00 136.53
person 0.535969 0.00 28.13 8.06 95.48
sheep 0.535737 50.07 99.52 109.26 178.81
cow 0.535276 75.61 93.61 146.45 176.51
person 0.534991 0.00 199.22 15.18 224.00
sheep 0.534953 45.04 135.80 75.34 212.44
horse 0.534808 146.91 60.91 178.48 130.14
horse 0.534748 174.26 41.19 224.00 170.15
sheep 0.534635 0.00 176.64 14.08 213.08
sheep 0.534426 39.96 88.39 64.39 160.39
person 0.534329 0.37 12.82 16.02 89.71
person 0.533436 168.29 64.07 196.65 133.04
sheep 0.533367 50.07 150.12 79.63 217.94
person 0.533316 207.83 207.60 224.00 224.00
cow 0.533274 0.00 73.36 105.61 201.22
dog 0.532807 37.64 90.01 65.17 154.05
horse 0.532667 168.18 66.68 194.91 134.38
sheep 0.532203 28.78 93.57 56.46 151.28
person 0.531837 13.17 0.00 35.83 87.81
sheep 0.531678 49.26 111.87 94.06 193.31
person 0.531579 219.74 58.01 224.00 105.26
horse 0.531272 115.24 99.18 156.24 171.41
cow 0.531264 0.00 75.74 57.24 191.05
person 0.531093 7.46 7.31 26.72 92.71
sheep 0.530865 46.86 91.48 80.21 163.61
dog 0.530842 44.41 90.95 74.36 154.96
cow 0.530752 0.00 3.54 54.73 98.01
dog 0.530730 49.70 93.92 86.57 156.42
sheep 0.530672 43.85 95.78 66.17 179.96
horse 0.530663 83.98 49.46 131.97 109.54
horse 0.530638 181.89 104.60 200.10 156.95
dog 0.530441 0.00 122.10 9.98 180.96
cow 0.530333 0.00 117.93 10.89 174.37
motorbike 0.530247 27.62 0.00 51.34 78.00
person 0.530204 0.00 0.04 7.55 58.31
cow 0.530190 11.32 0.00 94.80 85.34
bird 0.530024 48.44 208.49 82.22 224.00
bird 0.529989 56.50 209.43 90.12 224.00
horse 0.529972 17.50 0.00 43.21 87.08
person 0.529968 217.73 74.80 224.00 126.00
person 0.529855 20.36 0.00 43.32 79.00
sheep 0.529723 187.98 212.43 220.48 224.00
aeroplane 0.529689 37.82 0.00 59.70 75.15
sheep 0.529625 0.00 120.80 20.38 173.30
horse 0.529621 104.55 77.26 157.73 160.68
horse 0.529562 25.39 0.00 51.22 85.37
person 0.529552 0.00 154.97 9.49 209.36
boat 0.529368 0.00 202.24 23.33 224.00
horse 0.529326 117.33 37.20 213.78 163.94
sheep 0.529288 73.82 126.84 108.71 211.21
sheep 0.529077 36.24 141.62 58.73 214.45
bird 0.529072 48.18 188.44 70.18 219.65
car 0.529071 0.00 0.00 16.43 27.19
sheep 0.529026 56.61 94.27 105.45 160.28
sheep 0.528921 197.15 211.15 224.00 224.00
person 0.528700 179.22 58.10 201.77 115.93
sheep 0.528592 46.62 183.65 69.56 216.61
horse 0.528418 35.99 0.00 59.54 82.40
bird 0.528367 65.76 210.38 100.00 224.00
dog 0.528119 0.00 138.52 9.10 200.87
sheep 0.528072 43.48 156.44 69.43 216.35
sheep 0.528070 10.16 180.70 26.89 212.55
person 0.527945 67.53 55.12 202.72 179.22
sheep 0.527900 19.61 183.09 37.36 212.33
person 0.527848 104.09 42.99 149.60 107.81
cow 0.527752 0.00 32.72 52.32 142.64
horse 0.527667 2.44 47.81 114.68 178.30
person 0.527665 75.96 82.52 206.00 224.00
bird 0.527604 54.21 187.28 76.33 219.89
horse 0.527574 0.00 0.00 129.65 143.63
sheep 0.527570 40.83 116.25 63.36 195.86
cow 0.527505 80.52 55.60 129.48 111.81
bird 0.527373 34.09 207.69 72.00 224.00
sheep 0.527306 66.41 155.42 91.12 220.68
sheep 0.527305 28.99 133.00 49.44 207.24
sheep 0.527295 52.09 180.90 75.43 217.83
person 0.527228 136.45 212.13 175.59 224.00
horse 0.527224 153.56 73.89 177.31 143.68
aeroplane 0.527203 45.52 0.00 67.28 71.18
sheep 0.527157 27.25 182.93 46.12 212.95
aeroplane 0.527042 29.29 0.00 50.95 68.71
bird 0.527022 42.64 187.78 64.56 218.09
person 0.527011 153.38 167.57 224.00 224.00
person 0.526820 155.96 212.17 191.54 224.00
person 0.526779 0.00 46.53 8.32 111.32
dog 0.526769 177.90 117.13 200.86 172.89
sheep 0.526686 41.16 183.57 64.08 215.67
person 0.526634 218.94 45.25 224.00 89.97
horse 0.526626 111.22 43.77 154.28 103.28
cow 0.526564 43.89 114.32 148.85 224.00
sheep 0.526441 32.45 101.42 53.80 174.65
dog 0.526340 218.33 119.68 224.00 169.93
aeroplane 0.526297 15.17 0.00 116.48 74.68
dog 0.526285 220.00 26.15 224.00 71.94
person 0.526244 2.16 9.28 13.90 68.86
sheep 0.526237 22.17 152.67 40.97 212.15
horse 0.526202 9.49 15.40 34.15 97.08
sheep 0.526179 2.97 120.37 27.00 168.59
bird 0.526042 22.16 208.67 55.92 224.00
person 0.525984 0.00 81.50 8.91 138.35
aeroplane 0.525976 71.05 0.55 91.83 52.94
horse 0.525917 54.99 0.00 217.59 170.32
person 0.525878 208.70 0.00 224.00 19.14
dog 0.525821 3.50 121.98 26.81 175.68
sheep 0.525814 57.83 163.54 83.74 220.81
sheep 0.525781 31.99 120.83 51.05 194.08
person 0.525699 0.00 90.84 99.24 224.00
bird 0.525689 73.90 210.89 112.53 224.00
sheep 0.525667 34.79 182.94 55.64 214.85
sheep 0.525626 17.90 98.34 44.81 148.36
bird 0.525600 120.97 211.79 162.53 224.00
person 0.525575 219.81 35.67 224.00 82.15
bird 0.525574 8.51 205.82 34.13 224.00
person 0.525477 123.49 40.63 215.34 163.11
horse 0.525381 43.91 0.00 66.97 77.87
person 0.525375 61.48 0.00 224.00 173.23
dog 0.525354 25.50 90.77 58.00 146.21
cow 0.525334 0.00 147.94 46.48 224.00
dog 0.525275 164.57 60.59 195.39 122.54
aeroplane 0.525167 23.16 0.00 43.18 69.15
sheep 0.525136 173.35 212.76 210.15 224.00
person 0.525095 165.49 212.34 202.22 224.00
sheep 0.525081 188.32 21.42 203.42 52.41
sheep 0.525059 187.35 27.65 204.35 61.74
person 0.524968 0.00 184.26 10.87 224.00
sheep 0.524946 74.33 148.91 99.39 218.56
sheep 0.524875 0.00 85.66 21.98 137.85
sheep 0.524836 73.27 100.60 128.84 188.39
bird 0.524797 16.08 208.04 45.11 224.00
bird 0.524790 60.48 183.48 83.15 219.92
car 0.524716 174.05 0.00 224.00 65.80
bird 0.524692 35.67 186.82 56.63 216.28
person 0.524637 2.17 32.69 19.01 101.55
horse 0.524622 174.55 59.33 201.11 119.94
aeroplane 0.524545 52.80 0.00 73.86 59.12
dog 0.524487 176.34 145.50 200.15 194.46
horse 0.524352 152.87 94.87 174.95 155.27
motorbike 0.524348 126.53 158.41 224.00 224.00
aeroplane 0.524280 77.09 2.39 100.96 53.47
sheep 0.524259 20.14 136.02 41.83 203.31
horse 0.524069 25.42 38.61 161.83 160.96
horse 0.523952 169.27 83.72 191.38 143.89
dog 0.523928 180.43 53.58 203.01 104.62
aeroplane 0.523922 61.35 0.00 81.84 55.50
bird 0.523861 27.96 187.48 46.46 214.90
bird 0.523822 105.97 210.79 144.47 224.00
cow 0.523809 15.57 0.33 131.62 101.39
aeroplane 0.523797 5.26 96.59 28.16 146.06
bird 0.523723 88.69 210.50 127.96 224.00
person 0.523711 186.93 84.37 206.28 142.87
sheep 0.523630 186.57 37.67 204.77 76.64
dog 0.523512 69.03 71.92 122.19 135.36
person 0.523508 0.00 0.00 11.42 42.17
aeroplane 0.523470 112.49 152.15 219.76 224.00
dog 0.523410 81.88 128.41 113.57 209.81
horse 0.523392 7.74 31.37 26.94 101.03
person 0.523252 0.00 99.68 9.81 157.35
sheep 0.523198 0.56 103.60 21.10 156.99
sheep 0.523138 81.26 146.78 108.58 216.48
horse 0.523127 131.88 30.64 148.23 57.52
dog 0.523038 219.29 138.69 224.00 187.18
horse 0.523008 187.05 87.87 205.66 145.31
bird 0.522895 70.70 178.12 91.23 220.74
dog 0.522856 56.36 86.68 96.92 147.07
dog 0.522842 127.39 137.04 149.38 194.09
dog 0.522826 184.50 48.84 205.02 89.70
dog 0.522722 161.72 32.36 190.72 73.31
horse 0.522615 1.22 56.64 20.09 119.00
cow 0.522495 12.03 19.87 95.20 127.25
aeroplane 0.522422 96.55 163.10 119.09 221.68
sheep 0.522390 189.84 18.28 202.48 41.05
dog 0.522378 220.00 159.62 224.00 200.63
bird 0.522292 20.55 186.47 36.46 213.94
aeroplane 0.522126 9.93 99.63 34.23 146.53
person 0.522112 18.38 0.00 35.37 68.75
boat 0.522112 1.41 177.08 14.62 211.39
dog 0.522095 220.00 13.46 224.00 48.31
aeroplane 0.522064 178.69 160.93 199.04 197.65
horse 0.522042 15.26 25.78 41.14 99.13
aeroplane 0.522042 86.69 160.07 110.48 219.22
dog 0.521951 161.47 44.05 192.83 88.76
person 0.521921 180.62 8.22 224.00 121.14
horse 0.521863 65.38 16.68 175.58 143.55
dog 0.521764 123.34 117.97 150.88 182.96
horse 0.521719 46.64 19.01 67.24 91.10
dog 0.521659 17.33 117.69 42.67 175.33
cow 0.521648 19.99 47.02 136.18 168.10
dog 0.521541 183.76 24.67 201.35 63.33
dog 0.521498 113.07 54.32 161.19 116.41
aeroplane 0.521466 127.17 194.26 154.34 223.55
dog 0.521432 103.20 40.81 209.83 161.30
person 0.521429 11.74 3.23 25.16 67.93
aeroplane 0.521368 71.20 0.00 109.84 13.85
dog 0.521361 162.65 24.61 187.01 59.91
cow 0.521239 20.93 16.53 147.42 128.61
dog 0.521195 140.91 58.79 175.19 118.25
dog 0.521184 121.86 133.06 143.56 194.86
dog 0.521160 184.52 18.27 199.85 52.51
sheep 0.521133 28.23 163.79 47.87 215.04
horse 0.521088 24.17 25.14 48.56 98.07
horse 0.521010 38.76 26.72 57.65 95.40
dog 0.520998 183.22 34.40 202.62 77.62
aeroplane 0.520997 89.89 175.08 114.35 224.00
dog 0.520989 128.36 154.97 148.72 202.31
aeroplane 0.520914 7.41 41.40 26.82 107.83
sheep 0.520880 220.00 168.99 224.00 207.47
diningtable 0.520867 98.73 38.91 137.29 97.06
dog 0.520827 9.89 121.77 33.30 172.90
sheep 0.520759 14.60 155.25 33.78 211.09
sheep 0.520604 90.98 149.06 116.15 216.39
dog 0.520569 131.16 0.00 202.82 52.25
dog 0.520527 171.76 32.71 198.78 77.00
aeroplane 0.520521 130.18 19.97 147.55 51.91
aeroplane 0.520492 4.75 73.73 28.09 128.47
sheep 0.520465 15.84 112.09 41.58 168.17
horse 0.520414 147.12 107.56 172.24 161.59
sheep 0.520391 74.05 63.00 121.45 118.18
sheep 0.520373 0.00 138.75 14.85 203.89
bird 0.520348 80.81 174.49 102.66 222.32
horse 0.520316 207.55 90.94 224.00 140.09
motorbike 0.520313 88.96 142.58 205.92 224.00
car 0.520267 155.67 0.00 187.96 15.40
horse 0.520260 176.09 112.56 198.02 162.69
dog 0.520231 124.17 152.47 143.20 202.70
car 0.520190 104.39 0.00 141.65 13.86
sheep 0.520183 189.40 11.84 202.15 30.94
dog 0.520169 173.20 23.52 195.86 62.31
aeroplane 0.520151 54.78 0.00 93.58 12.96
horse 0.520144 134.34 26.71 151.90 53.15
sheep 0.520114 2.99 134.85 25.94 202.30
dog 0.520098 173.15 127.78 197.97 183.57
aeroplane 0.520070 181.47 171.69 198.99 201.67
horse 0.520045 83.21 52.13 120.89 97.62
cow 0.519920 10.90 135.85 84.45 224.00
horse 0.519855 123.51 39.35 149.54 80.07
aeroplane 0.519851 96.54 0.00 133.52 13.92
horse 0.519816 125.55 109.01 160.70 171.04
car 0.519794 120.82 0.00 194.18 45.86
person 0.519733 62.76 130.47 181.91 224.00
aeroplane 0.519720 106.08 183.08 127.91 224.00
sheep 0.519665 218.38 189.88 224.00 223.28
horse 0.519652 132.87 37.21 152.97 64.88
cow 0.519561 76.81 59.58 118.59 102.87
sheep 0.519530 12.89 135.02 34.18 201.00
horse 0.519527 115.84 38.56 145.47 86.44
horse 0.519513 29.66 10.48 153.05 118.75
dog 0.519469 112.79 112.25 146.43 182.85
car 0.519453 119.80 0.00 156.53 12.91
dog 0.519448 163.51 19.14 183.85 51.65
aeroplane 0.519425 40.34 0.00 76.19 13.62
aeroplane 0.519383 18.25 0.00 50.99 16.54
dog 0.519330 173.16 45.16 201.71 91.30
aeroplane 0.519316 31.99 0.00 68.11 14.92
horse 0.519303 169.96 103.85 195.26 154.59
aeroplane 0.519266 87.23 0.00 125.03 13.47
car 0.519177 165.05 0.00 196.97 16.14
aeroplane 0.519149 106.41 19.54 133.65 59.11
aeroplane 0.519137 82.19 16.70 102.59 66.69
dog 0.519103 126.30 43.08 153.83 77.73
dog 0.519081 175.33 17.36 193.59 51.84
car 0.518963 147.21 0.00 179.69 13.95
sheep 0.518831 220.00 4.51 224.00 36.92
person 0.518793 208.30 84.08 224.00 135.17
aeroplane 0.518790 42.07 37.59 57.87 96.35
boat 0.518728 175.12 0.00 204.96 16.82
sheep 0.518724 195.73 194.05 211.28 217.85
aeroplane 0.518706 86.31 11.29 113.29 60.35
diningtable 0.518631 104.81 32.13 135.09 79.96
horse 0.518614 95.26 17.46 198.95 147.98
aeroplane 0.518603 115.63 188.49 137.05 224.00
bird 0.518479 43.12 199.87 71.71 224.00
boat 0.518473 183.34 0.00 211.37 16.17
car 0.518458 138.27 0.00 213.32 59.90
aeroplane 0.518450 182.78 181.05 198.48 206.63
aeroplane 0.518430 74.88 13.83 93.85 65.11
horse 0.518419 124.53 24.51 144.99 55.70
sheep 0.518363 186.04 15.11 199.27 41.08
sheep 0.518349 8.51 105.69 32.71 154.26
sheep 0.518336 188.33 194.35 205.78 219.52
aeroplane 0.518241 122.48 17.53 143.86 54.71
aeroplane 0.518212 96.31 16.03 126.61 59.98
dog 0.518146 180.81 161.50 201.08 196.49
car 0.518120 134.12 20.96 151.41 49.47
aeroplane 0.518119 162.75 192.00 184.36 219.19
aeroplane 0.518098 187.60 180.79 202.66 206.15
aeroplane 0.518086 136.24 195.84 166.29 222.26
sheep 0.518052 199.90 0.00 224.00 16.67
cow 0.518040 53.00 44.52 67.91 91.77
sheep 0.518002 185.27 172.31 202.36 200.57
sheep 0.517989 193.25 22.66 206.62 52.47
aeroplane 0.517974 146.47 194.24 173.69 220.69
cow 0.517973 58.16 41.62 77.02 85.85
aeroplane 0.517968 125.25 0.00 149.26 44.84
aeroplane 0.517964 127.68 184.57 152.29 213.16
cow 0.517963 39.90 0.00 132.37 52.67
aeroplane 0.517907 160.57 160.86 187.92 197.67
sheep 0.517884 215.67 0.00 224.00 26.04
boat 0.517857 190.61 0.00 217.57 15.50
horse 0.517815 123.89 33.58 143.89 68.42
horse 0.517715 98.31 0.00 177.09 44.43
bird 0.517702 50.91 198.84 77.32 224.00
diningtable 0.517549 113.90 32.92 141.15 74.57
horse 0.517541 64.50 0.00 150.23 46.47
horse 0.517523 78.06 58.28 115.76 92.31
aeroplane 0.517472 175.27 180.28 193.11 206.18
car 0.517470 6.60 0.00 33.59 21.28
sheep 0.517426 194.70 19.60 205.71 40.30
aeroplane 0.517367 114.84 22.27 141.17 58.10
sheep 0.517322 4.87 156.47 25.20 210.80
aeroplane 0.517321 174.43 171.39 194.09 200.90
cow 0.517289 67.90 60.65 94.07 98.40
person 0.517268 185.30 60.04 205.03 109.12
dog 0.517265 84.13 114.58 120.52 200.95
person 0.517260 206.57 60.18 224.00 105.38
aeroplane 0.517240 18.53 0.00 35.70 57.15
dog 0.517220 117.76 0.00 204.09 102.69
aeroplane 0.517189 11.81 0.00 25.13 56.03
car 0.517121 136.86 0.00 170.54 13.04
bird 0.517114 57.68 197.28 84.95 224.00
sheep 0.517100 128.09 172.60 149.73 210.85
sheep 0.517076 195.00 181.58 208.63 204.85
cow 0.517038 68.11 50.51 89.93 85.15
aeroplane 0.517006 13.52 77.71 45.57 133.02
aeroplane 0.517002 161.59 181.18 183.56 208.29
aeroplane 0.516975 51.44 12.20 72.49 77.32
diningtable 0.516954 115.95 28.17 141.08 62.43
sheep 0.516935 192.40 29.01 207.22 63.06
horse 0.516918 33.04 0.00 141.55 87.31
cow 0.516913 54.72 27.59 75.20 85.44
dog 0.516685 94.35 134.11 118.84 208.48
sheep 0.516685 176.85 145.70 200.32 191.91
cow 0.516668 78.68 54.01 111.69 89.42
cow 0.516634 85.99 43.05 122.90 96.81
aeroplane 0.516610 160.72 172.93 184.47 203.22
sheep 0.516597 194.84 12.30 206.11 30.42
dog 0.516589 47.78 78.82 78.41 134.69
aeroplane 0.516562 76.31 0.00 110.65 41.18
dog 0.516550 23.13 77.10 56.03 136.19
aeroplane 0.516537 160.20 142.94 192.19 192.81
cow 0.516521 59.46 57.65 76.64 98.36
sheep 0.516415 176.29 127.64 199.94 184.33
dog 0.516318 124.60 14.16 213.07 142.38
aeroplane 0.516316 115.61 177.55 135.24 217.26
dog 0.516313 109.42 144.46 131.02 205.58
dog 0.516298 120.44 51.61 159.98 99.16
aeroplane 0.516228 175.11 192.37 194.02 218.00
sheep 0.516228 185.32 9.39 199.28 30.75
cow 0.516221 84.28 32.49 106.14 78.32
dog 0.516192 177.20 14.40 192.67 41.71
bird 0.516183 67.70 195.78 94.58 224.00
cow 0.516151 97.01 32.05 128.69 82.32
bird 0.516076 30.61 199.05 60.56 224.00
dog 0.516047 167.21 116.33 196.04 169.25
dog 0.515994 32.21 76.46 63.56 137.62
dog 0.515942 100.69 123.88 131.22 198.31
dog 0.515840 148.58 35.58 173.10 68.46
aeroplane 0.515837 92.93 8.79 123.83 52.59
bird 0.515808 25.03 198.59 50.09 224.00
aeroplane 0.515776 182.76 194.05 200.77 218.59
dog 0.515763 64.22 66.65 94.88 115.26
dog 0.515758 144.61 45.29 173.65 82.39
sheep 0.515721 192.15 172.89 207.35 198.14
aeroplane 0.515679 144.58 185.45 171.16 212.46
aeroplane 0.515668 27.20 42.97 49.02 104.30
aeroplane 0.515666 116.40 0.00 144.10 44.34
aeroplane 0.515604 16.42 42.92 40.78 106.90
horse 0.515570 109.24 0.00 197.91 96.18
aeroplane 0.515561 7.95 56.53 32.52 118.15
cow 0.515548 77.66 30.75 97.36 74.28
dog 0.515538 150.61 22.42 170.16 51.35
sheep 0.515482 135.14 207.65 170.85 224.00
aeroplane 0.515435 144.18 161.88 170.57 200.12
sheep 0.515335 102.74 155.82 121.98 215.74
person 0.515301 189.43 49.73 207.25 88.16
dog 0.515266 140.20 25.93 158.32 52.57
bird 0.515251 91.45 199.63 125.07 224.00
bird 0.515217 117.50 205.73 151.41 224.00
aeroplane 0.515211 52.19 51.70 67.13 100.18
boat 0.515169 2.74 185.52 16.86 223.57
cow 0.515100 89.06 32.20 117.80 81.57
horse 0.515029 75.63 110.31 201.50 224.00
dog 0.515009 206.39 22.20 220.19 56.39
cow 0.514973 78.78 45.69 104.47 85.41
dog 0.514919 162.36 125.45 194.72 181.94
dog 0.514895 202.06 100.25 224.00 149.97
aeroplane 0.514834 134.61 186.51 162.33 213.77
aeroplane 0.514793 66.57 0.00 108.22 27.18
sheep 0.514724 186.29 0.00 205.83 21.16
dog 0.514655 206.70 29.38 221.95 67.96
bird 0.514635 76.64 196.05 107.91 224.00
person 0.514616 206.19 49.47 224.00 88.75
cow 0.514570 65.65 39.68 86.26 82.84
sheep 0.514515 186.16 163.17 206.20 193.52
dog 0.514499 127.51 112.87 160.48 174.31
sheep 0.514479 144.92 207.58 178.50 224.00
sheep 0.514459 159.53 207.86 188.33 224.00
aeroplane 0.514419 21.50 0.00 55.99 36.91
aeroplane 0.514345 145.29 176.04 170.21 207.22
dog 0.514321 176.18 5.99 193.47 31.91
bird 0.514290 19.19 196.65 39.26 224.00
cow 0.514280 0.00 0.00 20.79 39.60
dog 0.514271 138.08 38.49 158.87 65.78
aeroplane 0.514229 29.84 0.00 66.38 35.94
aeroplane 0.514059 25.97 56.62 51.04 118.30
dog 0.514025 134.66 160.13 159.59 201.98
aeroplane 0.514003 163.51 2.58 183.09 35.81
aeroplane 0.513974 38.59 0.00 75.23 34.08
aeroplane 0.513874 101.25 0.00 131.35 39.13
sheep 0.513826 207.09 17.98 218.07 42.76
dog 0.513818 140.04 143.26 170.22 193.13
aeroplane 0.513796 109.85 204.06 140.37 224.00
sheep 0.513714 114.57 165.24 132.97 212.67
dog 0.513684 54.45 65.58 76.99 116.17
bird 0.513641 99.95 202.04 131.32 224.00
dog 0.513616 141.56 116.10 169.29 171.86
sheep 0.513596 206.93 39.62 223.28 79.88
cow 0.513561 62.73 23.16 82.93 73.43
sheep 0.513336 207.94 192.78 223.51 217.99
sheep 0.513198 169.91 208.65 198.94 224.00
dog 0.513037 197.91 115.85 224.00 165.30
sheep 0.513015 192.51 0.00 210.88 20.65
dog 0.512991 131.62 141.19 159.48 194.00
aeroplane 0.512819 37.76 58.08 59.34 118.22
sheep 0.512754 179.37 0.00 201.75 21.40
aeroplane 0.512747 51.06 0.00 90.43 32.11
aeroplane 0.512745 151.02 2.80 171.40 39.55
sheep 0.512674 206.96 162.03 224.00 193.85
aeroplane 0.512577 86.07 0.00 121.96 38.24
sheep 0.512526 135.22 175.35 160.16 209.55
sheep 0.512423 209.06 171.65 224.00 199.94
aeroplane 0.512266 46.17 61.64 67.26 117.16
aeroplane 0.512245 137.39 3.78 158.55 42.43
bird 0.512243 11.19 190.99 27.66 224.00
sheep 0.512137 209.26 181.11 224.00 206.39
sheep 0.511970 207.07 8.97 217.71 32.36
sheep 0.511685 198.34 124.34 224.00 173.13
sheep 0.511214 204.02 150.89 224.00 188.23
sheep 0.511172 168.59 0.00 195.22 21.72
aeroplane 0.511013 9.35 0.00 30.06 36.44
sheep 0.511012 176.49 119.22 204.00 172.06
sheep 0.510850 144.10 0.00 224.00 101.08
sheep 0.510798 204.20 0.00 220.14 22.69
aeroplane 0.510758 117.91 0.00 153.52 25.58
sheep 0.510752 157.95 0.00 186.63 23.52
aeroplane 0.510719 102.85 0.00 141.50 21.97
sheep 0.510631 200.75 135.99 224.00 181.82
aeroplane 0.510602 14.49 0.00 39.68 35.63
sheep 0.510148 126.20 0.00 157.83 26.17
sheep 0.509157 147.78 0.00 177.19 24.46
