tvmonitor 0.694927 62.06 8.17 200.91 157.41
tvmonitor 0.623974 36.94 5.33 160.03 170.00
tvmonitor 0.595983 77.42 27.77 174.15 132.72
tvmonitor 0.583360 56.35 33.01 150.09 131.67
tvmonitor 0.578492 14.42 6.72 100.82 94.47
tvmonitor 0.576521 32.92 24.16 130.83 125.57
tvmonitor 0.567486 49.15 48.60 122.29 132.32
tvmonitor 0.567104 52.77 36.33 178.06 185.71
tvmonitor 0.567101 94.50 36.74 166.19 115.38
tvmonitor 0.562463 108.02 17.05 210.25 153.76
tvmonitor 0.562279 87.95 59.92 167.82 142.94
tvmonitor 0.557441 68.11 58.75 141.78 134.31
tvmonitor 0.555626 202.28 34.96 224.00 111.30
bottle 0.552601 28.22 10.25 94.54 88.11
tvmonitor 0.551673 163.09 16.82 221.86 152.42
tvmonitor 0.549290 191.77 33.32 224.00 99.90
tvmonitor 0.547892 52.34 73.81 110.43 141.93
cat 0.544620 44.77 31.68 121.38 113.39
tvmonitor 0.544158 86.91 81.84 157.78 161.39
tvmonitor 0.543417 211.55 48.93 224.00 126.93
bottle 0.541544 36.97 10.48 149.70 136.72
tvmonitor 0.541281 214.38 70.17 224.00 139.81
tvmonitor 0.541207 183.09 55.27 223.71 183.91
tvmonitor 0.541133 18.47 35.79 87.31 177.83
bottle 0.540971 21.08 0.00 102.16 68.92
tvmonitor 0.540872 70.57 77.55 185.18 188.81
tvmonitor 0.540577 39.50 89.93 91.51 161.77
tvmonitor 0.540543 165.13 46.36 204.69 115.53
tvmonitor 0.540010 197.21 21.03 224.00 61.15
cat 0.539906 45.84 85.55 99.09 154.00
tvmonitor 0.539753 37.57 16.38 119.99 91.79
tvmonitor 0.539404 74.56 87.29 139.98 156.50
tvmonitor 0.539240 0.00 62.70 41.36 191.55
tvmonitor 0.539135 108.10 147.71 178.62 211.51
tvmonitor 0.538803 0.00 109.44 14.37 171.75
tvmonitor 0.538214 68.43 77.14 127.34 141.04
cat 0.538023 109.06 148.24 175.68 211.37
cat 0.537129 52.89 71.34 108.11 136.76
chair 0.536463 191.35 94.91 224.00 202.91
tvmonitor 0.536289 190.00 10.67 224.00 131.00
bottle 0.535438 5.32 106.86 58.78 173.42
bottle 0.535120 0.00 103.99 14.30 169.26
tvmonitor 0.534816 35.35 45.11 133.37 198.01
dog 0.534296 26.47 17.03 89.14 88.84
bottle 0.533901 0.00 22.67 11.20 82.23
tvmonitor 0.533667 75.50 103.58 127.37 165.55
tvmonitor 0.533643 191.03 23.74 224.00 74.60
tvmonitor 0.533541 131.22 42.29 210.31 177.33
bottle 0.533415 36.43 96.31 83.97 170.10
boat 0.533174 0.00 205.03 53.86 224.00
tvmonitor 0.533018 89.28 107.75 155.69 177.22
tvmonitor 0.532832 172.83 136.69 213.48 213.16
chair 0.532612 184.56 163.67 224.00 224.00
tvmonitor 0.532593 0.00 30.43 39.16 163.20
boat 0.532587 1.59 136.10 70.81 198.43
tvmonitor 0.532490 84.67 148.20 137.13 201.70
tvmonitor 0.532397 207.57 122.82 224.00 179.44
tvmonitor 0.532306 0.00 129.74 13.92 188.23
tvmonitor 0.532205 200.02 127.05 224.00 190.99
tvmonitor 0.532139 59.81 0.00 183.89 98.61
tvmonitor 0.532116 0.00 94.27 49.97 206.22
bottle 0.532016 0.00 109.47 23.65 172.29
tvmonitor 0.531972 193.46 0.00 224.00 69.07
tvmonitor 0.531958 102.69 29.22 160.35 89.96
tvmonitor 0.531933 212.65 115.07 224.00 169.52
tvmonitor 0.531927 169.58 36.94 219.86 116.14
tvmonitor 0.531867 76.49 120.16 177.03 195.10
tvmonitor 0.531411 105.06 18.12 160.60 70.76
tvmonitor 0.531393 81.07 29.20 152.58 101.20
tvmonitor 0.531349 62.81 90.28 116.32 153.33
tvmonitor 0.531237 82.66 112.47 134.92 175.79
bottle 0.531070 28.43 26.06 77.39 91.47
sofa 0.530706 74.90 168.69 170.92 224.00
bottle 0.530658 19.24 104.51 68.14 169.03
bottle 0.530588 0.00 165.50 60.69 224.00
tvmonitor 0.530582 62.65 26.51 136.43 100.17
sofa 0.529488 81.21 154.34 168.89 212.41
bottle 0.529470 0.00 68.03 12.47 129.36
tvmonitor 0.529347 0.00 13.46 45.20 118.00
tvmonitor 0.529321 166.93 61.61 199.70 128.70
tvmonitor 0.529273 203.94 67.05 223.06 140.49
bottle 0.529120 0.00 20.13 19.96 81.18
tvmonitor 0.529065 22.60 17.77 99.29 143.35
chair 0.528852 163.10 166.23 220.25 224.00
cat 0.528760 170.69 145.36 214.78 216.43
boat 0.528352 13.17 208.51 63.07 224.00
tvmonitor 0.528333 184.01 128.51 215.09 193.37
tvmonitor 0.528280 3.97 24.95 157.15 224.00
cat 0.528226 188.81 136.67 224.00 207.92
tvmonitor 0.528118 27.59 101.80 73.20 163.79
tvmonitor 0.528023 0.00 144.78 13.43 203.98
chair 0.527942 137.91 166.66 208.57 224.00
boat 0.527933 0.00 187.31 52.60 224.00
sofa 0.527723 24.13 39.02 155.98 224.00
bottle 0.527580 0.00 1.13 8.85 62.56
tvmonitor 0.527554 169.59 42.99 202.63 94.72
tvmonitor 0.527456 203.74 14.19 224.00 46.31
tvmonitor 0.527431 0.00 0.00 54.82 68.57
bottle 0.527202 0.00 83.69 10.80 151.89
tvmonitor 0.527197 92.50 15.24 146.56 69.61
bottle 0.527000 0.00 120.38 51.69 178.77
boat 0.526940 28.69 210.70 71.86 224.00
tvmonitor 0.526882 150.11 65.88 210.90 188.03
bottle 0.526840 39.77 0.00 137.79 89.42
chair 0.526729 165.33 123.55 215.54 205.49
tvmonitor 0.526672 13.89 81.52 87.00 204.61
cat 0.526609 191.99 196.15 224.00 224.00
boat 0.526593 0.00 196.04 31.27 224.00
tvmonitor 0.526524 73.93 14.46 132.67 73.02
tvmonitor 0.526448 133.08 0.00 217.32 114.61
bottle 0.526389 9.78 118.54 69.44 183.56
bottle 0.526354 28.48 43.74 66.31 100.34
bottle 0.526238 208.09 0.00 224.00 30.99
tvmonitor 0.526217 0.00 142.64 29.21 204.10
tvmonitor 0.526106 81.28 129.21 136.55 193.03
boat 0.526073 0.00 144.21 50.07 206.52
bottle 0.526010 40.55 211.33 81.52 224.00
bottle 0.525934 24.01 0.00 85.98 37.15
cat 0.525855 85.72 153.71 141.13 207.26
tvmonitor 0.525846 0.00 118.77 25.88 179.74
aeroplane 0.525815 84.72 162.92 143.82 210.49
cat 0.525776 143.62 210.10 195.37 224.00
tvmonitor 0.525670 18.17 163.68 83.13 224.00
tvmonitor 0.525454 0.43 128.58 52.16 185.95
tvmonitor 0.525426 185.54 43.02 218.07 128.70
chair 0.525414 108.37 166.64 192.15 224.00
cat 0.525389 165.60 170.11 213.90 218.69
dog 0.525372 0.00 0.00 15.02 29.64
boat 0.525362 0.00 161.28 59.02 220.78
sheep 0.525349 11.96 65.45 36.32 128.90
tvmonitor 0.525320 153.60 0.00 189.74 19.50
bottle 0.525215 2.98 67.55 30.23 129.05
tvmonitor 0.525102 170.04 19.76 197.39 74.92
bottle 0.525080 0.00 36.45 12.95 93.22
tvmonitor 0.525036 89.02 148.64 165.24 204.84
boat 0.525006 0.00 155.42 16.35 213.84
dog 0.524924 16.79 63.83 42.88 129.73
tvmonitor 0.524879 117.67 0.00 161.52 17.44
dog 0.524757 0.00 0.00 9.82 43.09
bottle 0.524710 3.35 96.31 44.25 170.01
tvmonitor 0.524691 161.35 11.85 192.06 66.87
chair 0.524676 162.64 92.04 214.87 193.07
bottle 0.524565 0.00 57.23 14.65 113.88
cat 0.524555 185.96 171.42 224.00 213.89
tvmonitor 0.524309 6.55 113.99 63.59 208.39
bottle 0.524272 3.30 27.56 23.36 87.77
dog 0.524268 20.97 58.71 51.76 116.22
tvmonitor 0.524174 188.06 68.96 215.76 139.30
cat 0.524156 28.53 57.87 58.56 109.92
sofa 0.524119 44.22 165.78 123.88 224.00
chair 0.524086 112.13 210.93 157.99 224.00
bottle 0.524079 7.79 82.61 38.29 156.37
chair 0.524037 95.11 72.82 224.00 224.00
tvmonitor 0.524006 101.60 59.33 199.90 185.17
tvmonitor 0.523970 136.74 209.30 185.95 224.00
bottle 0.523908 32.97 100.82 72.20 160.64
tvmonitor 0.523899 186.61 119.23 213.32 171.27
cat 0.523873 48.68 51.49 105.73 111.38
tvmonitor 0.523870 152.01 0.00 223.05 73.89
chair 0.523808 95.18 210.79 144.45 224.00
tvmonitor 0.523769 143.12 0.00 180.59 18.68
boat 0.523729 0.00 155.20 35.65 215.44
diningtable 0.523723 86.35 210.82 136.11 224.00
cat 0.523714 23.79 0.00 83.00 32.54
cat 0.523670 165.34 194.33 216.21 224.00
cat 0.523565 122.42 155.89 194.22 210.97
tvmonitor 0.523553 108.95 0.00 205.09 82.19
sofa 0.523438 51.79 53.38 187.37 221.74
bottle 0.523376 56.50 210.55 96.02 224.00
tvmonitor 0.523350 55.06 101.25 96.45 167.41
tvmonitor 0.523321 121.57 209.90 166.92 224.00
tvmonitor 0.523161 99.08 119.36 167.54 182.46
bottle 0.523037 35.72 40.31 86.58 97.46
chair 0.523023 72.67 210.67 117.85 224.00
bottle 0.522984 13.28 27.34 39.13 84.37
sheep 0.522959 16.53 71.45 42.23 142.53
bottle 0.522869 20.85 87.32 51.36 158.12
tvmonitor 0.522860 29.20 98.38 98.78 206.16
tvmonitor 0.522859 0.00 146.80 48.26 224.00
tvmonitor 0.522771 58.66 10.58 120.23 71.86
tvmonitor 0.522708 72.29 118.31 110.38 174.25
cat 0.522667 157.99 205.67 214.69 224.00
dog 0.522632 29.12 68.06 55.11 122.48
tvmonitor 0.522622 166.86 120.96 200.71 168.45
bottle 0.522553 0.00 0.00 16.65 53.30
chair 0.522548 133.00 126.01 202.19 200.90
tvmonitor 0.522389 36.45 118.06 80.04 185.47
boat 0.522355 0.00 167.18 21.98 223.93
tvmonitor 0.522269 170.46 86.10 196.84 143.31
cat 0.522258 38.41 94.56 69.70 149.27
tvmonitor 0.522217 170.28 11.99 198.96 55.98
bottle 0.522181 0.00 83.12 25.97 154.01
cat 0.522162 107.50 0.00 147.98 16.50
dog 0.522152 22.03 75.29 48.48 142.14
tvmonitor 0.522123 171.24 0.00 205.88 21.76
bottle 0.522108 30.48 92.10 56.37 154.12
tvmonitor 0.521999 137.91 146.06 205.00 209.14
tvmonitor 0.521851 50.72 129.76 86.61 190.50
bottle 0.521836 30.90 80.07 54.79 138.64
chair 0.521773 139.86 150.56 201.57 214.90
tvmonitor 0.521710 121.56 91.25 200.51 190.61
tvmonitor 0.521677 19.80 126.67 74.09 192.45
tvmonitor 0.521676 13.34 136.31 68.18 224.00
tvmonitor 0.521665 181.69 18.02 209.09 59.21
boat 0.521608 37.24 133.55 80.21 194.02
tvmonitor 0.521604 198.67 85.81 220.37 154.47
dog 0.521583 19.27 0.00 87.07 44.56
tvmonitor 0.521504 164.55 131.73 205.78 190.17
tvmonitor 0.521495 78.46 139.88 122.14 194.10
sofa 0.521405 103.07 127.39 185.65 198.24
tvmonitor 0.521256 130.02 45.16 184.44 99.91
cat 0.521226 40.16 83.70 68.32 134.88
tvmonitor 0.521197 190.86 20.37 222.15 48.80
tvmonitor 0.521152 193.27 116.95 218.58 170.61
tvmonitor 0.521129 206.13 0.81 224.00 41.74
cat 0.521064 92.76 0.00 125.81 15.22
tvmonitor 0.521034 177.36 40.36 212.31 96.66
tvmonitor 0.520809 50.47 97.88 143.10 202.17
tvmonitor 0.520684 163.70 32.78 193.12 86.98
bottle 0.520677 47.68 109.56 85.17 176.89
cat 0.520619 81.66 0.00 115.38 15.63
tvmonitor 0.520515 172.15 72.92 202.53 135.56
bottle 0.520402 18.50 51.80 55.94 112.38
chair 0.520227 108.70 153.14 184.24 210.86
bottle 0.520205 180.53 0.00 213.63 23.77
tvmonitor 0.520142 99.94 133.40 171.82 197.57
tvmonitor 0.519985 61.83 115.12 93.48 175.76
bottle 0.519934 191.35 0.00 219.80 24.79
cat 0.519920 38.73 69.50 70.66 118.80
cat 0.519811 37.85 55.87 77.66 106.39
tvmonitor 0.519729 184.46 88.80 211.51 155.34
aeroplane 0.519559 83.35 175.27 136.69 218.72
tvmonitor 0.519402 65.66 134.80 101.57 191.27
dog 0.519356 19.70 0.00 73.18 26.68
sheep 0.519337 14.66 56.77 43.23 113.65
dog 0.519158 65.27 0.00 107.31 18.68
tvmonitor 0.519109 111.95 0.00 163.12 25.44
tvmonitor 0.518869 129.44 14.11 182.84 65.89
bottle 0.518865 7.91 59.01 34.08 114.38
tvmonitor 0.518802 167.35 75.94 192.09 133.56
bottle 0.518757 6.40 35.92 28.07 94.02
tvmonitor 0.518532 155.34 0.00 192.43 45.67
tvmonitor 0.518509 111.99 0.74 159.29 41.34
tvmonitor 0.518491 176.77 127.24 210.23 178.88
sheep 0.518420 0.00 0.00 17.48 40.37
aeroplane 0.518316 94.20 169.60 157.36 215.12
tvmonitor 0.518251 162.84 110.53 195.06 162.87
bottle 0.518153 38.76 0.00 92.01 28.77
tvmonitor 0.518109 175.60 108.92 209.16 165.04
tvmonitor 0.518051 126.07 35.27 182.56 85.88
tvmonitor 0.517915 172.28 95.89 202.09 155.78
tvmonitor 0.517844 106.34 12.39 162.00 51.86
bottle 0.517728 8.11 18.03 33.87 75.58
boat 0.517699 0.00 0.00 22.32 24.15
bottle 0.517569 50.61 0.00 98.53 22.80
tvmonitor 0.517521 168.02 0.63 200.42 45.70
tvmonitor 0.517502 136.43 0.00 180.49 26.57
cat 0.517496 139.96 168.31 210.65 211.45
tvmonitor 0.517362 166.61 97.15 192.88 152.88
aeroplane 0.517166 39.50 150.53 79.32 205.47
tvmonitor 0.517108 134.93 120.01 184.19 172.31
aeroplane 0.516836 53.40 141.20 87.45 196.58
tvmonitor 0.516810 176.20 82.02 207.98 144.69
aeroplane 0.516788 18.74 150.48 70.59 208.75
bottle 0.516757 15.12 33.74 45.09 92.79
tvmonitor 0.516716 158.49 127.22 198.13 178.98
tvmonitor 0.516574 139.95 56.14 183.32 116.51
diningtable 0.516514 83.90 190.71 137.74 224.00
tvmonitor 0.516437 68.85 138.98 165.98 216.09
tvmonitor 0.516093 162.31 0.00 198.95 31.03
dog 0.516037 89.47 188.68 145.28 224.00
aeroplane 0.515881 42.71 164.51 79.71 214.30
aeroplane 0.515766 59.61 166.35 89.50 209.61
tvmonitor 0.515751 141.22 72.27 179.87 131.11
dog 0.515732 14.00 0.00 61.49 20.85
tvmonitor 0.515672 193.67 1.05 221.43 36.47
tvmonitor 0.515537 189.44 15.25 220.14 41.43
bottle 0.515530 6.27 0.00 37.06 50.86
bottle 0.515347 36.96 0.00 100.35 44.76
cat 0.515303 119.17 167.60 178.49 212.37
dog 0.515218 4.62 0.00 38.81 19.30
tvmonitor 0.515045 179.52 9.79 210.24 42.29
tvmonitor 0.514982 113.76 166.77 170.62 213.03
tvmonitor 0.514959 48.16 132.90 131.47 218.15
bottle 0.514904 66.99 0.00 116.49 59.70
aeroplane 0.514556 59.49 184.95 90.24 224.00
aeroplane 0.514369 44.47 185.03 82.12 224.00
bottle 0.514051 140.62 80.49 179.19 139.33
aeroplane 0.513951 74.35 166.22 113.78 205.14
aeroplane 0.513667 84.66 155.78 133.93 201.40
boat 0.513493 10.33 182.88 64.85 224.00
aeroplane 0.513478 72.02 181.90 108.65 222.73
tvmonitor 0.513440 106.19 101.54 167.52 165.65
dog 0.513406 2.64 0.00 38.76 35.83
tvmonitor 0.513038 123.58 136.37 187.23 194.24
tvmonitor 0.512982 183.24 0.00 216.28 34.29
aeroplane 0.512967 25.39 183.23 73.06 224.00
cat 0.512828 137.55 193.44 196.36 224.00
dog 0.512822 52.85 0.00 107.37 38.45
tvmonitor 0.512601 69.66 144.89 111.39 195.48
tvmonitor 0.512321 103.55 1.40 147.50 49.10
bottle 0.512247 91.46 0.69 131.37 54.00
boat 0.511714 73.07 198.26 119.67 224.00
tvmonitor 0.511627 130.74 189.87 186.46 224.00
chair 0.511384 108.26 188.05 157.00 224.00
boat 0.511330 44.08 207.15 86.66 224.00
dog 0.511288 75.10 0.00 114.39 30.89
boat 0.511180 65.01 202.27 104.92 224.00
tvmonitor 0.510525 118.11 186.92 166.20 224.00
dog 0.510321 103.15 0.00 144.13 25.00
dog 0.510094 94.27 0.00 127.70 26.72
