bus 0.683365 0.00 28.02 224.00 190.44
boat 0.568470 3.40 38.19 197.50 192.42
person 0.561445 153.73 73.60 174.51 91.35
car 0.544208 17.32 67.63 38.39 84.95
person 0.544164 0.00 204.62 15.17 224.00
train 0.544150 16.54 33.82 43.10 55.60
car 0.544017 15.02 19.28 222.69 155.87
car 0.541913 16.37 31.59 43.84 53.39
car 0.541749 18.05 73.37 36.91 88.12
person 0.541408 69.30 39.97 93.40 68.30
person 0.540170 179.91 76.29 193.76 90.92
person 0.540075 63.36 40.05 85.12 69.04
person 0.539511 0.00 208.74 25.19 224.00
car 0.538910 156.80 72.08 177.41 89.67
person 0.538682 170.03 74.07 187.27 91.39
bus 0.537719 29.90 8.49 203.87 113.96
person 0.537526 147.98 75.96 165.47 88.87
person 0.536949 220.00 94.58 224.00 124.04
car 0.536886 53.50 37.74 70.76 69.38
car 0.536185 57.46 39.38 75.69 69.05
car 0.535942 196.00 61.69 224.00 190.36
train 0.535420 4.25 59.42 204.52 196.70
person 0.535273 114.73 210.74 146.05 224.00
car 0.535013 184.51 38.93 224.00 165.99
boat 0.534759 41.75 172.58 158.31 224.00
car 0.533880 76.09 41.14 101.19 66.05
person 0.533813 209.40 205.36 224.00 224.00
car 0.533473 217.08 40.50 223.88 64.95
person 0.533413 185.89 78.47 198.04 90.73
car 0.533359 187.54 0.00 224.00 45.93
car 0.533204 217.17 33.56 223.89 58.38
person 0.533198 220.00 72.53 224.00 102.62
car 0.533096 48.45 175.24 167.72 224.00
car 0.532957 16.91 55.24 39.69 77.65
train 0.532932 17.71 43.66 41.57 68.66
boat 0.532903 17.72 172.19 111.55 224.00
person 0.532682 131.04 210.52 161.01 224.00
person 0.532504 220.00 80.32 224.00 112.46
car 0.532303 33.91 172.84 58.40 203.10
boat 0.532264 88.50 41.87 109.56 63.43
person 0.532197 220.00 106.16 224.00 140.42
car 0.531853 146.08 41.70 166.12 64.39
person 0.531510 75.99 112.95 91.07 139.57
car 0.531387 210.69 0.00 224.00 27.36
car 0.531317 34.22 4.73 214.26 118.19
sheep 0.531031 97.33 10.22 115.87 28.74
person 0.530953 152.43 76.33 168.94 92.77
dog 0.530886 66.20 34.94 94.42 65.20
person 0.530779 220.00 65.16 224.00 93.61
person 0.530730 220.00 128.45 224.00 164.94
car 0.530657 147.17 35.30 166.20 56.63
sheep 0.530595 98.19 42.76 115.17 61.26
car 0.530541 152.26 40.22 174.32 65.67
bottle 0.530535 138.32 211.21 169.42 224.00
person 0.530335 70.68 112.56 85.46 138.43
train 0.530134 55.03 36.15 77.28 69.69
car 0.530029 219.24 25.36 224.00 54.70
person 0.529880 80.64 113.42 98.46 140.60
car 0.529830 152.95 33.54 174.35 57.84
bottle 0.529655 154.66 211.64 188.55 224.00
person 0.529511 140.00 76.10 156.31 89.90
person 0.529494 182.20 80.10 195.36 98.63
dog 0.529418 90.27 7.12 110.91 29.69
car 0.529397 53.78 0.00 182.39 70.28
car 0.529329 0.00 0.00 40.34 44.60
car 0.529089 0.00 171.45 48.83 224.00
bottle 0.529079 146.64 211.84 179.56 224.00
car 0.528893 89.75 0.00 205.15 65.60
person 0.528879 190.62 101.08 200.73 116.96
person 0.528847 158.66 107.26 168.66 124.94
dog 0.528726 220.00 133.75 224.00 172.33
bottle 0.528723 163.11 210.84 197.07 224.00
dog 0.528706 85.31 35.65 110.06 58.89
person 0.528668 192.48 173.23 224.00 224.00
car 0.528646 92.50 27.32 224.00 176.43
person 0.528431 100.51 76.14 114.51 94.34
car 0.528332 171.65 17.09 224.00 140.57
dog 0.528155 179.68 211.13 212.78 224.00
person 0.528105 82.54 212.19 116.78 224.00
car 0.528085 17.20 43.96 44.24 68.16
car 0.527993 217.71 48.30 223.73 73.85
dog 0.527984 196.11 208.48 224.00 224.00
person 0.527953 87.87 113.99 105.86 139.36
person 0.527923 3.75 211.11 41.22 224.00
boat 0.527853 3.09 173.69 83.14 224.00
person 0.527834 185.26 75.25 198.37 86.12
sheep 0.527652 95.96 36.84 115.53 56.24
bus 0.527551 71.94 43.24 212.75 192.81
dog 0.527443 72.23 35.55 101.81 62.10
sheep 0.527375 67.49 134.20 84.57 181.15
dog 0.527368 80.40 5.62 105.80 30.15
person 0.527166 61.91 71.15 73.71 91.56
car 0.527103 0.00 75.29 41.43 193.45
person 0.526994 62.56 112.42 77.52 137.58
person 0.526965 219.81 56.76 224.00 84.18
person 0.526874 187.01 84.33 198.87 100.22
person 0.526830 0.00 67.59 49.96 186.95
car 0.526787 158.92 33.51 181.75 57.94
car 0.526774 186.38 93.48 224.00 211.37
car 0.526764 32.21 212.35 69.12 224.00
boat 0.526707 22.78 111.28 188.36 224.00
person 0.526691 156.56 98.68 169.93 119.69
person 0.526564 55.19 72.68 66.03 90.61
car 0.526522 141.63 42.67 158.12 61.72
car 0.526514 159.63 39.92 181.28 65.68
person 0.526434 101.02 211.23 134.63 224.00
person 0.526400 193.30 106.91 200.44 121.31
boat 0.526303 0.00 62.19 59.80 180.27
person 0.526289 183.83 87.27 197.50 110.34
person 0.526251 97.33 67.29 115.27 87.65
car 0.526215 220.00 16.39 224.00 49.64
person 0.526205 185.06 97.68 196.28 117.91
person 0.526177 93.27 75.27 107.33 94.62
car 0.526066 0.00 0.00 21.28 23.65
car 0.525874 147.15 51.13 166.20 78.46
person 0.525777 71.61 136.30 89.11 181.55
train 0.525768 48.56 29.89 72.26 67.55
person 0.525719 188.65 91.94 201.23 110.36
person 0.525645 85.80 81.63 98.26 101.33
car 0.525616 141.64 37.16 157.63 55.52
aeroplane 0.525602 139.07 8.87 159.17 29.39
person 0.525546 155.57 106.50 161.34 123.56
person 0.525542 159.55 112.13 168.90 130.66
person 0.525403 68.44 69.76 81.87 92.25
car 0.525236 153.46 50.56 173.14 78.71
person 0.525153 94.14 82.19 106.48 101.53
car 0.525102 169.93 34.78 191.56 56.46
car 0.525101 35.71 37.18 62.83 66.02
car 0.525034 0.32 0.00 64.45 42.06
sheep 0.525008 101.63 144.21 118.47 176.53
person 0.525007 77.09 81.00 89.78 100.38
car 0.524995 125.35 0.00 214.76 48.74
car 0.524976 152.05 65.32 175.17 88.66
person 0.524958 98.08 113.99 113.55 138.42
dog 0.524916 190.64 115.13 224.00 224.00
bottle 0.524907 125.91 183.72 135.72 205.63
person 0.524870 187.18 104.13 195.58 122.57
person 0.524804 62.63 79.47 73.16 97.22
person 0.524720 101.67 82.11 113.53 100.81
person 0.524699 172.99 76.59 190.03 97.74
dog 0.524634 17.17 212.21 58.50 224.00
car 0.524634 157.29 0.00 224.00 44.08
person 0.524622 69.34 79.66 81.01 98.82
sheep 0.524467 93.11 0.00 119.43 20.98
person 0.524458 159.01 76.60 178.38 96.63
person 0.524443 198.80 101.01 205.39 116.88
sheep 0.524390 105.77 44.25 121.40 59.68
boat 0.524354 97.90 47.38 115.15 66.88
car 0.524349 198.10 35.01 212.69 51.88
car 0.524318 13.38 0.00 86.21 46.22
dog 0.524280 220.00 148.04 224.00 191.47
dog 0.524199 86.19 0.00 114.48 21.82
car 0.524080 197.71 42.37 211.33 58.91
sheep 0.524070 52.71 113.08 67.22 135.70
dog 0.524061 68.92 5.11 99.71 31.40
boat 0.524050 96.31 56.05 116.02 78.18
person 0.524017 200.62 106.09 205.09 120.70
dog 0.523953 102.80 148.23 118.80 181.49
person 0.523931 155.03 85.04 172.08 108.43
boat 0.523927 49.56 211.38 87.24 224.00
person 0.523926 84.21 73.18 98.48 94.19
boat 0.523924 89.91 64.84 108.16 86.70
sheep 0.523917 38.57 119.55 52.46 141.90
sheep 0.523914 44.36 119.90 58.95 141.80
sheep 0.523873 73.78 143.72 89.37 185.20
sheep 0.523857 44.12 113.68 58.52 133.82
car 0.523793 169.13 28.28 190.68 50.72
person 0.523739 156.00 110.85 161.94 129.13
sheep 0.523727 102.67 11.22 122.18 27.08
person 0.523722 75.68 70.97 89.88 93.35
car 0.523708 153.54 26.31 174.12 50.71
person 0.523683 164.38 105.64 176.40 126.23
sheep 0.523655 56.32 134.86 76.91 178.68
person 0.523655 108.40 76.56 120.41 94.26
sheep 0.523639 37.46 113.39 51.35 133.40
person 0.523637 56.09 79.65 66.10 96.29
dog 0.523629 220.00 188.08 224.00 224.00
person 0.523618 55.30 59.49 67.55 82.35
person 0.523576 0.00 190.73 7.48 224.00
aeroplane 0.523567 145.22 8.13 167.07 29.78
car 0.523564 0.00 102.76 11.25 133.06
dog 0.523533 111.88 146.42 127.16 175.45
person 0.523521 43.75 74.44 56.89 89.09
person 0.523514 195.68 77.83 204.00 92.38
person 0.523502 85.24 86.83 98.34 109.65
person 0.523483 214.38 199.13 224.00 224.00
dog 0.523469 220.00 169.62 224.00 208.93
person 0.523467 68.19 211.43 101.76 224.00
car 0.523435 32.15 183.81 58.40 213.55
car 0.523420 180.48 37.45 200.98 54.37
car 0.523407 147.19 26.72 166.26 49.32
car 0.523406 185.27 0.00 224.00 76.04
sheep 0.523387 58.18 125.10 76.63 168.74
car 0.523357 171.18 41.16 190.65 64.97
sheep 0.523341 69.16 150.12 84.21 188.34
car 0.523324 159.81 26.96 181.89 51.77
boat 0.523311 0.00 132.33 39.63 224.00
boat 0.523308 14.10 55.05 147.11 190.06
car 0.523304 0.00 127.28 9.07 164.64
person 0.523255 101.13 117.58 114.80 143.79
person 0.523230 55.30 46.28 68.85 74.43
dog 0.523211 151.82 145.06 161.51 167.41
dog 0.523165 126.10 177.07 135.47 202.06
person 0.523116 176.52 96.32 191.47 118.99
car 0.523068 19.86 76.06 36.32 92.00
car 0.523058 189.39 37.58 208.52 52.84
person 0.522994 153.72 97.49 163.30 117.86
sheep 0.522927 86.39 142.98 106.18 179.81
person 0.522907 0.00 108.82 10.38 140.39
person 0.522895 85.09 107.30 105.23 133.86
dog 0.522887 120.24 145.66 133.70 175.35
person 0.522826 0.00 115.07 9.62 148.86
sheep 0.522795 36.46 105.52 51.06 125.15
person 0.522766 72.72 46.51 91.01 74.33
car 0.522752 216.29 0.00 224.00 34.72
person 0.522698 147.88 77.04 161.34 92.00
person 0.522698 67.64 43.87 84.32 73.47
car 0.522694 208.07 33.73 217.75 53.72
person 0.522611 178.29 103.80 190.85 124.28
car 0.522563 60.75 44.54 75.49 73.65
car 0.522563 0.00 94.77 11.97 124.87
car 0.522496 178.76 30.71 200.13 47.99
person 0.522488 77.69 85.92 90.22 108.13
car 0.522474 0.00 106.98 38.23 216.55
person 0.522452 61.67 56.47 75.15 82.13
car 0.522450 189.34 43.91 206.47 61.20
person 0.522447 175.13 84.04 192.74 110.01
sheep 0.522424 95.85 24.48 116.40 47.53
bottle 0.522404 150.72 180.89 158.80 199.91
sheep 0.522313 38.78 125.01 54.39 151.51
boat 0.522307 87.34 53.69 109.16 76.35
person 0.522265 162.24 97.32 177.10 120.65
dog 0.522248 36.58 139.54 56.52 175.36
sheep 0.522220 52.42 118.46 66.29 143.64
person 0.522195 158.67 117.82 169.25 139.23
dog 0.522177 126.93 150.20 136.94 181.22
sheep 0.522162 28.55 105.88 42.64 124.68
car 0.522093 136.71 37.38 151.58 54.53
sheep 0.522091 43.75 105.37 58.40 125.90
sheep 0.522082 103.52 38.84 121.65 55.06
sheep 0.522047 42.64 125.37 59.27 151.53
person 0.522037 62.63 106.10 77.93 131.64
bottle 0.521969 124.88 188.81 137.54 211.61
person 0.521957 115.56 176.11 198.00 224.00
car 0.521911 35.41 157.76 58.93 195.40
person 0.521883 187.85 108.86 196.01 130.22
dog 0.521866 122.56 181.76 132.15 205.40
dog 0.521853 37.85 131.14 55.76 163.96
person 0.521838 105.75 69.10 120.94 88.35
car 0.521836 207.71 41.28 216.65 60.19
car 0.521830 135.08 0.00 166.85 17.63
person 0.521802 109.51 113.86 123.10 138.44
boat 0.521797 5.31 106.19 21.42 127.24
dog 0.521791 125.91 145.82 137.61 173.99
bottle 0.521787 52.90 105.23 67.90 128.17
person 0.521766 42.85 63.88 58.26 81.94
sheep 0.521752 97.68 14.76 115.74 34.80
person 0.521746 82.68 96.87 98.41 124.96
car 0.521727 64.05 0.00 103.93 21.70
sheep 0.521721 29.67 113.16 42.80 132.40
person 0.521632 91.93 87.61 105.37 110.73
bottle 0.521570 166.37 178.70 177.39 199.66
dog 0.521565 35.89 149.06 57.51 187.22
person 0.521533 132.00 75.41 148.17 90.54
car 0.521527 11.46 33.67 45.81 59.41
boat 0.521524 19.68 129.08 137.84 224.00
dog 0.521522 157.59 145.39 168.69 166.18
car 0.521505 181.14 43.67 198.90 63.28
car 0.521468 21.57 106.47 34.38 124.36
car 0.521444 201.37 0.00 224.00 22.37
person 0.521439 70.47 116.12 84.97 155.23
car 0.521417 13.87 107.03 27.72 124.78
car 0.521365 30.74 0.00 116.00 51.83
person 0.521330 77.56 96.56 91.07 124.26
person 0.521326 197.80 93.08 205.54 111.92
dog 0.521323 151.77 138.14 161.40 161.40
person 0.521303 155.31 116.35 162.11 138.14
person 0.521267 122.69 112.22 136.19 137.82
person 0.521223 186.56 116.99 195.97 140.95
car 0.521159 137.50 42.31 151.74 59.43
bottle 0.521133 159.13 179.78 167.15 198.93
aeroplane 0.521133 135.93 0.00 164.59 21.31
sheep 0.521108 76.34 140.67 95.85 182.18
car 0.521049 75.90 0.00 110.39 16.70
car 0.521022 29.05 75.79 47.14 87.14
person 0.520958 165.04 111.26 176.40 132.91
person 0.520948 45.61 80.51 57.31 95.17
dog 0.520926 140.93 181.33 150.69 202.37
person 0.520920 68.14 54.57 83.25 81.78
boat 0.520870 85.56 0.00 116.99 16.75
car 0.520847 188.62 30.52 208.80 46.13
dog 0.520813 114.38 153.93 127.00 187.91
sheep 0.520797 4.01 131.79 18.88 158.73
person 0.520795 178.44 108.52 190.11 131.90
dog 0.520778 156.41 138.94 168.61 160.30
car 0.520772 84.16 0.00 216.08 101.50
sheep 0.520768 4.48 124.91 19.12 150.91
person 0.520720 194.83 72.96 204.60 85.33
car 0.520693 198.82 27.30 213.43 45.64
sheep 0.520680 14.31 113.20 26.96 131.74
bottle 0.520676 143.42 185.20 151.62 204.53
car 0.520667 0.00 5.82 36.48 92.81
car 0.520666 141.63 51.43 159.06 75.55
car 0.520638 0.00 66.16 18.67 88.00
person 0.520631 70.60 84.35 81.84 106.15
person 0.520599 211.78 97.65 213.29 119.31
boat 0.520557 5.72 111.66 20.40 134.10
boat 0.520548 93.33 0.00 123.40 15.83
person 0.520542 196.89 84.76 204.00 103.17
person 0.520538 194.01 111.59 200.47 128.74
dog 0.520497 122.51 155.41 132.78 190.43
person 0.520493 122.35 77.04 136.14 91.50
car 0.520485 170.34 20.57 189.28 43.73
dog 0.520471 84.75 23.20 110.80 50.95
dog 0.520465 142.21 145.23 152.87 170.06
car 0.520421 160.23 51.15 179.12 78.87
person 0.520419 118.83 200.80 141.65 224.00
person 0.520418 74.02 56.56 89.98 83.12
train 0.520398 45.68 22.39 71.42 58.30
person 0.520370 152.54 83.77 166.16 105.35
bottle 0.520368 163.59 169.82 176.92 195.63
sheep 0.520358 5.25 117.73 19.49 142.33
person 0.520354 63.21 83.80 73.91 104.53
sheep 0.520346 30.52 119.41 44.10 140.69
car 0.520335 146.95 18.32 166.18 41.13
person 0.520331 160.53 83.84 178.85 110.17
person 0.520319 61.35 118.67 76.59 154.90
dog 0.520301 127.65 157.04 135.79 190.35
boat 0.520292 80.59 60.82 98.36 84.79
aeroplane 0.520292 139.15 0.00 174.27 16.14
sheep 0.520210 36.40 95.16 51.40 115.08
dog 0.520190 134.69 9.41 155.05 29.44
boat 0.520166 5.10 97.33 22.83 118.62
person 0.520109 176.82 116.19 189.05 142.06
person 0.520091 111.04 118.30 123.92 144.41
bottle 0.520069 192.46 129.48 201.09 148.50
boat 0.520064 77.79 50.60 98.89 75.21
sheep 0.520041 39.54 131.79 59.33 163.91
sheep 0.520024 76.50 156.97 90.19 192.27
car 0.519994 140.22 27.55 157.79 49.01
sheep 0.519986 14.11 119.54 26.48 139.54
person 0.519984 94.15 107.32 112.30 132.38
person 0.519983 157.72 128.29 168.77 151.97
car 0.519974 20.87 95.35 36.44 114.90
sheep 0.519972 21.91 113.12 33.61 131.26
person 0.519968 41.90 49.32 60.38 74.34
person 0.519935 131.32 115.98 140.46 143.46
person 0.519928 122.69 117.14 135.16 145.06
dog 0.519903 58.92 7.48 91.91 36.71
person 0.519889 132.00 110.53 141.56 135.45
bottle 0.519885 121.78 187.53 132.47 211.93
car 0.519876 25.54 67.67 47.07 81.53
dog 0.519854 85.34 188.18 97.87 210.97
car 0.519838 11.22 69.48 34.84 82.72
bottle 0.519836 186.22 126.90 195.22 149.22
car 0.519836 27.50 95.31 43.81 114.99
car 0.519831 171.98 0.00 204.80 17.02
car 0.519820 180.50 0.00 211.88 15.90
person 0.519815 110.24 80.85 119.37 99.84
sheep 0.519798 13.55 126.76 26.51 148.33
person 0.519796 71.41 95.70 83.87 122.63
sheep 0.519793 77.36 167.23 90.46 199.20
car 0.519754 23.45 78.53 40.55 92.00
dog 0.519717 82.81 168.60 97.42 199.65
bottle 0.519712 120.73 138.08 133.59 169.16
person 0.519685 153.64 127.06 161.24 152.15
dog 0.519682 151.85 150.97 160.34 175.61
bottle 0.519680 102.52 136.31 118.29 169.36
car 0.519650 210.17 25.34 218.35 49.26
dog 0.519649 84.53 179.96 97.27 204.69
person 0.519617 148.00 105.87 153.56 122.68
car 0.519603 0.00 21.46 21.90 45.64
car 0.519595 161.30 19.44 181.93 42.67
dog 0.519592 128.66 0.00 158.56 19.47
train 0.519546 50.94 11.13 82.14 44.18
dog 0.519544 122.83 164.71 132.10 197.71
bottle 0.519538 133.04 184.65 141.00 205.89
person 0.519516 44.52 94.64 58.31 115.33
dog 0.519513 71.16 165.74 85.38 199.45
person 0.519495 148.00 110.72 153.80 129.25
sheep 0.519480 173.53 178.42 186.33 199.32
person 0.519478 53.77 93.99 67.04 116.91
person 0.519453 192.94 119.58 201.30 139.57
car 0.519443 189.76 0.00 218.56 16.36
dog 0.519442 126.89 166.97 135.01 198.13
bottle 0.519428 87.13 132.88 106.98 172.26
person 0.519428 62.95 94.57 75.60 119.97
car 0.519424 0.00 139.79 7.02 180.48
car 0.519423 161.68 0.00 197.11 18.26
car 0.519406 177.71 22.28 198.01 41.73
sheep 0.519381 49.94 123.24 65.42 154.05
bottle 0.519379 111.82 139.04 126.25 169.06
person 0.519338 119.83 71.77 136.58 87.31
person 0.519333 87.18 97.31 104.59 124.93
person 0.519325 99.29 87.35 112.00 110.05
dog 0.519276 151.12 173.31 224.00 224.00
sheep 0.519249 13.45 134.06 27.03 157.24
boat 0.519245 8.53 118.87 104.36 217.29
sheep 0.519190 36.74 140.43 59.18 175.70
dog 0.519186 170.90 168.88 186.69 194.99
sheep 0.519183 0.00 193.84 18.14 221.52
sheep 0.519161 104.99 58.56 122.01 79.41
dog 0.519149 139.78 17.94 157.24 40.29
boat 0.519147 13.51 96.74 30.09 115.49
car 0.519091 53.80 0.00 89.05 18.42
car 0.519083 0.00 10.87 19.20 40.38
bottle 0.519064 157.70 171.83 167.06 195.29
car 0.519060 179.13 67.91 193.62 84.73
sheep 0.519051 91.96 190.08 105.46 210.76
person 0.519020 0.00 180.93 5.52 217.81
sheep 0.519016 30.86 125.65 46.40 150.07
bottle 0.519006 193.51 136.94 200.84 155.02
car 0.518988 168.48 66.55 186.71 86.59
sheep 0.518957 55.34 152.95 76.40 190.81
sheep 0.518953 89.34 12.62 111.15 38.40
person 0.518944 55.56 84.46 66.46 103.73
dog 0.518925 70.35 24.99 101.65 57.54
train 0.518903 44.96 14.20 75.18 49.19
sheep 0.518893 105.00 49.02 121.06 66.79
bottle 0.518840 152.53 183.72 159.36 202.11
boat 0.518838 3.88 137.72 18.52 165.72
person 0.518771 126.52 199.74 147.62 224.00
car 0.518754 0.00 28.69 51.19 127.88
aeroplane 0.518752 148.67 0.00 188.26 18.64
person 0.518744 164.02 117.92 176.45 141.89
dog 0.518734 158.36 151.64 167.52 175.26
car 0.518727 153.31 18.61 174.44 41.32
dog 0.518727 77.59 13.24 104.05 44.35
dog 0.518727 51.81 165.96 76.43 200.93
sheep 0.518701 119.83 43.22 133.61 58.17
car 0.518695 94.86 71.50 212.01 194.57
bottle 0.518694 175.75 126.34 188.33 150.34
sheep 0.518649 99.77 0.00 128.89 15.34
bottle 0.518636 121.42 105.33 136.40 131.15
sheep 0.518614 31.08 132.68 48.85 162.15
dog 0.518549 114.68 162.58 126.76 195.24
car 0.518542 171.48 52.30 187.64 78.29
sheep 0.518509 34.51 150.19 59.10 188.13
person 0.518495 201.73 110.44 205.11 127.87
car 0.518474 27.03 200.30 59.34 224.00
sheep 0.518444 80.37 151.46 96.44 188.97
dog 0.518420 149.77 172.77 159.02 196.45
boat 0.518388 0.00 149.05 6.18 189.71
sheep 0.518373 117.80 38.68 133.32 53.91
bottle 0.518371 122.30 126.13 134.01 158.61
dog 0.518330 67.95 15.92 95.92 49.77
dog 0.518294 30.79 141.08 50.88 172.97
person 0.518292 102.84 124.60 116.03 156.41
bottle 0.518292 129.22 126.06 139.08 157.19
car 0.518291 189.72 53.66 203.93 72.04
person 0.518290 147.09 96.45 155.14 115.98
dog 0.518279 126.63 138.05 138.16 168.00
person 0.518270 146.91 116.37 153.62 138.65
person 0.518225 132.00 105.02 142.73 128.96
sheep 0.518194 21.87 119.50 33.40 139.35
person 0.518193 74.30 116.87 90.15 155.77
bottle 0.518189 186.99 134.49 194.56 155.22
dog 0.518183 132.00 36.80 146.46 53.68
person 0.518179 139.44 111.07 146.86 131.34
sheep 0.518141 45.93 129.63 65.03 166.50
sheep 0.518141 103.14 26.59 122.35 46.40
person 0.518137 137.80 116.31 145.75 140.37
dog 0.518116 164.19 143.95 176.70 166.00
sheep 0.518083 109.10 0.00 138.17 17.01
bottle 0.518062 136.15 198.70 156.58 224.00
dog 0.518040 91.23 181.97 104.64 204.65
dog 0.518026 131.99 146.32 143.13 172.59
dog 0.518013 142.74 138.30 152.93 164.02
sheep 0.518011 137.46 49.81 152.92 72.60
car 0.518008 181.81 54.28 195.63 76.01
dog 0.518006 176.29 140.82 187.40 164.33
dog 0.517957 162.43 137.74 176.30 159.21
sheep 0.517925 200.77 136.17 206.33 154.70
person 0.517869 132.00 94.65 143.21 120.36
person 0.517857 33.14 80.57 48.18 93.21
person 0.517857 88.96 122.23 105.85 156.40
car 0.517831 50.34 0.00 88.45 30.94
train 0.517802 58.44 30.28 88.35 66.49
person 0.517790 211.62 74.92 212.66 96.91
dog 0.517781 176.07 134.88 187.75 156.36
sheep 0.517776 187.21 140.48 194.20 162.81
aeroplane 0.517762 78.55 178.32 89.88 204.27
car 0.517747 0.00 83.44 13.34 112.65
boat 0.517746 0.00 159.48 5.72 198.83
sheep 0.517738 194.60 142.77 200.90 162.02
dog 0.517712 142.20 150.86 151.81 177.73
boat 0.517707 9.54 86.09 117.77 202.16
person 0.517705 45.77 85.80 57.82 103.32
sheep 0.517694 174.31 182.63 185.49 203.38
person 0.517670 106.48 106.67 121.60 131.81
sheep 0.517669 180.43 168.99 194.18 192.36
dog 0.517648 114.90 174.22 127.30 200.68
car 0.517631 198.09 51.57 209.80 67.68
car 0.517624 16.17 0.00 42.11 19.02
person 0.517594 162.81 127.88 176.38 152.30
sheep 0.517559 102.56 17.13 121.39 33.35
bottle 0.517556 132.14 188.77 143.60 211.40
train 0.517547 51.49 21.45 78.14 56.65
dog 0.517528 171.28 157.13 186.55 187.44
aeroplane 0.517456 78.78 186.20 89.87 210.42
person 0.517441 139.86 106.06 147.83 124.39
sheep 0.517421 21.57 126.39 33.99 148.43
car 0.517413 18.30 20.00 40.90 48.27
sheep 0.517402 185.48 147.38 193.91 172.99
person 0.517388 200.34 128.51 206.62 148.13
aeroplane 0.517388 167.98 7.42 188.52 34.64
car 0.517363 12.00 73.14 32.48 84.83
bottle 0.517325 142.41 188.17 153.29 210.75
dog 0.517317 174.34 147.47 186.70 175.45
dog 0.517313 135.78 27.28 152.20 48.51
sheep 0.517284 42.31 138.72 63.85 177.20
car 0.517245 32.55 167.50 55.83 194.83
sheep 0.517239 113.92 9.12 131.90 26.32
bottle 0.517232 112.31 126.64 124.65 157.72
dog 0.517206 132.27 179.45 140.23 203.22
car 0.517194 0.00 58.76 20.26 83.56
sheep 0.517191 181.83 156.94 193.82 184.22
dog 0.517176 13.89 140.25 28.00 165.04
person 0.517171 212.00 90.96 212.80 115.23
car 0.517116 187.99 21.70 208.01 39.08
bottle 0.517105 121.71 93.92 134.62 121.52
car 0.517095 186.38 67.58 200.48 81.75
train 0.517044 32.84 25.15 62.17 57.64
dog 0.517030 191.03 168.72 202.05 189.87
dog 0.517016 163.03 159.04 175.99 188.55
boat 0.517009 0.00 170.41 5.14 208.27
dog 0.517007 103.35 160.42 117.75 193.43
sheep 0.516986 194.44 149.12 201.10 170.58
dog 0.516969 158.33 161.18 166.62 187.86
sheep 0.516961 192.65 157.54 201.55 180.83
person 0.516940 139.77 96.17 149.11 116.68
sheep 0.516936 200.03 185.17 209.03 203.88
dog 0.516913 132.00 41.21 146.40 57.75
person 0.516865 132.00 81.85 144.18 104.73
person 0.516841 144.96 126.98 152.82 153.50
dog 0.516804 164.15 150.17 176.18 176.38
person 0.516798 124.00 79.10 134.74 96.34
car 0.516779 176.15 9.65 196.74 33.67
car 0.516756 21.69 53.58 47.13 74.61
sheep 0.516755 88.25 152.30 104.22 188.46
dog 0.516751 115.20 182.89 125.98 203.60
sheep 0.516751 182.30 179.49 194.22 197.11
sheep 0.516746 202.04 142.02 206.42 160.95
dog 0.516718 102.68 172.63 117.80 199.41
person 0.516718 142.55 66.47 165.68 87.12
sheep 0.516670 88.89 170.91 104.03 199.81
dog 0.516656 31.44 150.19 52.69 183.16
sheep 0.516649 21.48 133.97 35.65 158.90
person 0.516609 94.76 97.23 110.90 123.86
car 0.516602 40.53 0.00 73.14 18.51
sheep 0.516596 198.37 193.60 214.37 220.74
bottle 0.516552 144.18 198.62 164.44 224.00
person 0.516551 109.28 85.17 118.58 108.46
dog 0.516548 133.36 150.96 142.06 179.70
person 0.516498 210.91 68.41 213.60 88.76
person 0.516484 146.40 83.22 157.94 102.76
boat 0.516369 3.63 145.32 18.36 173.87
dog 0.516367 151.05 161.01 159.01 188.24
dog 0.516366 59.27 19.29 88.77 53.72
person 0.516359 123.13 83.00 133.68 105.98
person 0.516344 212.00 82.88 212.57 107.47
dog 0.516330 103.58 183.24 117.06 203.28
car 0.516327 200.14 18.88 214.41 38.86
person 0.516323 201.28 118.59 206.24 138.94
person 0.516192 136.74 63.98 157.70 85.03
sheep 0.516155 103.32 190.48 116.07 209.25
sheep 0.516112 191.93 179.36 201.98 196.38
car 0.516106 119.18 0.00 224.00 129.76
aeroplane 0.516052 156.86 7.29 181.71 32.53
person 0.516050 140.00 82.92 151.01 102.82
car 0.516048 8.66 0.00 36.37 20.03
person 0.516025 135.52 126.68 144.43 155.13
person 0.516013 78.92 119.62 96.40 157.13
aeroplane 0.515948 72.13 175.07 85.43 203.84
boat 0.515928 110.37 96.63 209.28 203.83
aeroplane 0.515922 51.10 171.80 76.22 204.43
car 0.515916 212.00 16.45 219.20 43.82
car 0.515873 0.00 47.84 22.04 75.73
dog 0.515871 114.57 188.78 125.15 210.04
sheep 0.515841 200.05 177.53 208.13 195.65
person 0.515834 35.72 86.32 50.07 102.59
train 0.515829 46.73 0.00 81.31 35.45
car 0.515782 30.36 0.00 59.75 17.64
car 0.515722 208.69 49.65 215.54 68.91
dog 0.515717 192.22 185.96 202.50 203.59
bottle 0.515707 151.29 187.11 160.78 209.47
dog 0.515662 140.13 172.12 150.02 199.01
person 0.515615 212.00 107.90 212.81 131.74
aeroplane 0.515600 28.91 184.25 54.48 211.80
sheep 0.515597 202.38 148.18 206.73 168.30
car 0.515547 26.54 84.69 42.79 101.85
dog 0.515533 190.48 194.50 208.58 221.33
car 0.515532 22.28 0.00 48.82 18.26
sheep 0.515514 200.26 166.96 207.97 187.76
dog 0.515507 132.54 138.89 143.82 166.58
sheep 0.515500 172.09 190.41 189.17 217.29
dog 0.515448 136.39 17.43 152.50 39.72
sheep 0.515421 119.88 49.09 133.21 67.59
dog 0.515405 21.83 141.65 38.49 168.13
sheep 0.515397 183.43 184.99 193.82 201.97
bottle 0.515389 165.18 188.41 179.80 214.68
boat 0.515374 2.74 155.14 18.18 182.88
aeroplane 0.515365 160.91 0.00 192.70 25.81
car 0.515344 21.07 82.79 37.64 101.24
sheep 0.515329 119.48 60.96 135.70 79.67
dog 0.515231 87.51 204.06 109.85 224.00
sheep 0.515212 201.56 156.32 207.39 177.77
dog 0.515201 131.80 7.37 150.80 27.11
sheep 0.515153 181.58 192.74 198.19 217.76
train 0.515142 29.16 23.01 175.22 125.24
car 0.515059 140.21 0.00 224.00 83.76
car 0.515050 0.00 73.77 16.03 98.73
boat 0.515037 16.96 38.29 162.90 152.83
sheep 0.515032 0.00 184.46 16.98 210.40
person 0.514935 106.41 95.37 118.99 122.58
person 0.514871 195.75 64.06 207.11 78.38
dog 0.514857 80.64 203.54 101.29 224.00
car 0.514830 32.45 164.25 63.03 199.58
sheep 0.514791 212.00 131.26 214.98 157.32
aeroplane 0.514689 71.34 182.50 84.80 209.81
car 0.514685 0.56 37.44 26.33 64.06
car 0.514631 186.18 10.17 207.42 31.44
dog 0.514600 158.93 200.58 186.38 224.00
dog 0.514566 21.23 200.64 54.38 224.00
car 0.514520 12.00 31.56 49.43 47.33
boat 0.514383 1.84 165.28 18.03 191.57
dog 0.514375 15.52 147.97 29.92 172.73
car 0.514271 1.45 31.57 27.33 55.32
bottle 0.514252 159.17 187.16 169.61 210.23
sheep 0.514236 116.76 27.40 133.15 46.72
dog 0.514236 152.50 198.73 175.26 224.00
dog 0.514184 165.97 203.15 195.24 224.00
dog 0.514156 201.01 202.05 222.36 224.00
sofa 0.514118 132.87 103.09 218.18 210.78
dog 0.514101 141.13 160.23 150.02 190.00
sheep 0.514073 35.55 157.85 62.53 194.81
train 0.514050 32.13 0.00 145.88 84.72
dog 0.513928 174.97 205.27 203.65 224.00
dog 0.513781 190.31 206.15 218.59 224.00
sheep 0.513769 212.00 137.00 215.63 164.08
car 0.513755 11.59 59.90 36.69 77.33
person 0.513753 131.82 61.66 149.12 82.51
boat 0.513716 6.39 0.00 86.61 64.53
car 0.513697 212.00 6.81 221.12 37.11
car 0.513645 199.49 8.67 215.94 31.29
dog 0.513635 132.00 48.05 146.51 69.09
person 0.513620 212.00 124.51 214.24 151.50
train 0.513587 19.52 0.00 109.86 73.76
boat 0.513534 7.87 84.60 25.99 105.01
dog 0.513487 133.61 158.70 140.19 190.47
train 0.513469 34.42 17.79 67.22 51.98
dog 0.513418 107.94 202.27 128.52 224.00
person 0.513407 209.81 59.98 214.48 80.09
boat 0.513359 0.57 175.04 17.30 200.64
sheep 0.513332 6.46 203.89 38.39 224.00
dog 0.513290 132.00 26.44 147.71 47.27
dog 0.513239 132.83 169.55 140.00 199.49
dog 0.513168 210.04 189.43 220.48 219.99
dog 0.513008 23.73 149.84 43.09 176.75
dog 0.513003 98.24 203.54 121.00 224.00
train 0.512974 17.38 0.00 39.29 33.32
boat 0.512959 8.66 15.86 118.50 102.64
boat 0.512911 15.96 83.12 33.25 101.74
boat 0.512898 74.10 201.90 93.31 224.00
person 0.512854 212.00 115.97 213.18 143.07
sheep 0.512834 114.23 16.78 130.53 34.93
dog 0.512733 212.00 180.79 218.56 207.36
sheep 0.512674 13.73 190.25 40.00 213.89
sheep 0.512532 212.00 143.34 216.10 172.53
dog 0.512380 17.30 157.56 33.52 180.49
car 0.512059 7.40 18.14 35.78 40.49
dog 0.512007 212.00 172.63 218.02 200.66
boat 0.512000 100.76 131.26 194.70 224.00
dog 0.511895 132.00 16.04 148.43 37.21
aeroplane 0.511740 34.17 177.20 64.77 208.36
car 0.511732 12.00 47.90 39.83 69.40
dog 0.511719 212.00 151.49 216.50 182.37
dog 0.511661 212.00 161.94 217.37 192.45
car 0.511587 0.40 0.00 29.73 30.30
boat 0.511433 51.45 196.87 80.37 224.00
dog 0.511401 26.70 158.90 50.25 184.65
car 0.511374 20.01 20.00 48.86 53.52
boat 0.511286 37.14 196.19 69.99 224.00
dog 0.511284 18.54 166.93 38.19 187.03
boat 0.511280 66.59 199.52 88.06 224.00
dog 0.511132 24.05 185.94 55.89 210.10
dog 0.510980 26.98 179.84 59.63 200.55
sheep 0.510912 140.99 141.23 218.09 224.00
car 0.510732 11.66 75.16 29.59 92.00
dog 0.510686 17.08 182.63 43.42 202.26
dog 0.510535 18.77 175.21 42.09 193.67
train 0.509610 26.33 0.00 55.25 37.39
