aeroplane 0.588011 55.17 77.11 153.69 146.24
boat 0.571340 149.14 160.23 184.44 182.98
aeroplane 0.563483 182.36 88.93 214.99 110.76
aeroplane 0.560062 148.32 157.89 184.91 182.77
aeroplane 0.559352 48.72 115.72 127.16 170.16
boat 0.559224 187.63 171.59 212.80 193.57
car 0.558319 142.55 197.28 181.15 211.70
aeroplane 0.554701 186.93 83.53 219.15 109.17
aeroplane 0.554000 198.13 80.76 224.00 107.85
boat 0.552901 189.26 178.90 215.08 203.88
boat 0.552821 190.53 185.64 215.94 211.39
car 0.552343 143.76 200.34 179.88 215.53
boat 0.549871 31.13 167.90 58.43 189.47
aeroplane 0.549789 77.03 68.15 165.08 138.35
boat 0.547626 191.54 192.61 215.86 218.21
aeroplane 0.546381 58.47 96.32 150.22 166.75
aeroplane 0.545190 55.26 89.71 125.64 138.26
boat 0.544613 183.98 167.48 209.24 189.10
aeroplane 0.544262 186.96 105.10 214.09 132.35
boat 0.543538 0.00 164.61 14.23 200.30
boat 0.542529 35.83 166.09 69.20 188.58
boat 0.542393 56.43 87.79 128.44 138.44
aeroplane 0.541382 174.01 87.83 207.45 111.71
aeroplane 0.541363 98.06 80.66 167.40 136.32
aeroplane 0.540381 198.74 106.17 224.00 134.86
aeroplane 0.540242 190.82 14.16 211.27 26.13
aeroplane 0.539899 13.20 96.67 72.01 125.78
aeroplane 0.539416 183.95 97.43 214.65 124.51
aeroplane 0.539068 165.31 0.00 224.00 171.61
aeroplane 0.538603 196.24 92.42 224.00 119.24
aeroplane 0.538523 144.26 186.65 182.99 206.22
aeroplane 0.538490 0.00 72.64 89.59 154.04
boat 0.538135 168.37 10.33 224.00 184.64
aeroplane 0.538043 209.18 31.33 224.00 55.12
aeroplane 0.537784 197.08 99.66 224.00 127.18
boat 0.537510 171.80 166.52 203.15 185.28
boat 0.537476 83.87 83.18 152.32 139.05
aeroplane 0.537086 209.50 39.10 224.00 62.93
boat 0.536894 104.67 79.05 173.21 140.92
aeroplane 0.536602 204.38 67.27 224.00 100.27
aeroplane 0.536398 191.10 0.00 224.00 44.14
boat 0.536391 22.45 169.61 51.36 189.86
aeroplane 0.536084 90.24 79.34 159.83 121.21
boat 0.535671 2.49 168.78 21.32 196.68
aeroplane 0.535533 209.67 23.25 224.00 46.69
boat 0.535437 51.30 155.86 103.33 184.42
aeroplane 0.535167 51.32 132.46 112.35 171.79
aeroplane 0.534790 108.60 199.56 139.42 210.34
aeroplane 0.534621 207.80 9.56 224.00 28.69
aeroplane 0.534022 209.88 47.31 224.00 73.77
aeroplane 0.533908 208.79 15.88 224.00 36.69
aeroplane 0.533836 208.37 57.21 224.00 88.76
boat 0.533719 43.42 163.04 87.49 186.97
aeroplane 0.533712 49.35 81.17 133.95 128.50
boat 0.533661 190.65 198.31 218.95 224.00
aeroplane 0.533637 147.59 170.45 182.10 195.88
boat 0.533534 74.90 86.21 136.12 145.20
aeroplane 0.533263 141.46 199.33 177.83 210.42
aeroplane 0.533200 22.26 90.01 125.53 144.72
aeroplane 0.533185 163.22 87.12 195.43 114.93
boat 0.533117 151.71 116.00 224.00 224.00
aeroplane 0.533078 188.90 5.31 213.92 23.59
boat 0.533029 52.49 142.80 110.26 176.73
aeroplane 0.532804 178.08 76.95 224.00 194.91
boat 0.532586 190.93 168.97 216.96 190.38
boat 0.532533 116.11 205.03 145.91 217.37
aeroplane 0.532472 0.00 87.26 16.45 136.30
aeroplane 0.532170 205.35 0.00 224.00 23.33
boat 0.532085 37.73 170.14 66.06 193.11
aeroplane 0.531947 191.57 18.17 210.72 31.40
boat 0.531885 13.70 170.09 38.35 192.11
boat 0.531864 126.84 71.78 187.07 147.77
aeroplane 0.531446 79.46 122.44 147.24 167.65
aeroplane 0.531233 110.10 204.56 141.36 219.48
car 0.531120 142.57 201.56 185.16 223.84
aeroplane 0.531115 192.16 41.79 211.16 59.30
car 0.530982 173.42 185.77 224.00 224.00
aeroplane 0.530861 191.37 33.72 211.33 51.70
person 0.530712 0.00 195.19 18.65 224.00
boat 0.530620 133.43 66.09 201.10 160.60
boat 0.530515 152.38 166.25 189.58 186.09
car 0.530220 194.95 171.76 224.00 195.81
boat 0.530052 179.01 94.45 224.00 208.08
aeroplane 0.530046 64.80 0.00 144.44 29.05
boat 0.529868 128.01 204.21 160.14 214.63
aeroplane 0.529731 189.68 109.24 217.59 137.32
aeroplane 0.529606 52.87 78.81 124.39 114.45
bird 0.529585 86.68 83.91 157.34 141.39
car 0.529235 193.23 200.26 224.00 224.00
car 0.529118 193.26 177.31 224.00 202.13
aeroplane 0.529059 101.57 191.40 136.44 204.90
aeroplane 0.529044 173.49 56.12 224.00 163.04
boat 0.528985 142.21 200.80 178.87 213.13
boat 0.528781 126.38 201.65 157.97 210.16
car 0.528727 146.36 186.19 184.08 203.76
bird 0.528564 0.00 198.77 26.70 224.00
boat 0.528364 115.49 205.40 150.79 224.00
aeroplane 0.528363 189.67 0.00 217.51 21.63
aeroplane 0.528337 0.40 91.67 34.25 133.65
bird 0.528286 0.00 107.53 101.58 224.00
aeroplane 0.528241 90.44 0.00 170.76 28.54
boat 0.528230 197.52 166.17 224.00 190.37
bird 0.528159 102.37 81.68 175.02 142.69
aeroplane 0.528146 139.49 37.73 153.53 52.44
aeroplane 0.528123 0.00 166.46 38.80 224.00
aeroplane 0.528069 153.76 0.00 213.70 37.36
boat 0.528026 154.54 113.79 208.90 202.32
aeroplane 0.527912 0.00 52.41 71.88 142.90
boat 0.527865 19.94 205.94 55.36 224.00
aeroplane 0.527785 132.15 0.00 165.70 16.59
aeroplane 0.527764 191.68 24.18 211.42 41.81
aeroplane 0.527662 192.53 49.10 211.82 69.37
aeroplane 0.527437 196.60 40.52 217.34 58.80
aeroplane 0.527426 55.62 72.88 119.51 103.30
boat 0.527396 103.76 128.74 207.18 224.00
bird 0.527308 0.00 13.81 110.17 164.61
boat 0.527299 43.95 169.40 81.18 192.72
boat 0.527246 152.53 188.32 218.33 224.00
aeroplane 0.527226 130.88 85.58 177.92 122.49
boat 0.527225 191.27 188.61 224.00 214.42
boat 0.527218 12.49 205.23 45.06 224.00
aeroplane 0.527169 139.24 31.19 153.74 46.96
aeroplane 0.527032 194.26 12.32 215.26 24.84
aeroplane 0.527009 102.68 206.01 143.79 224.00
car 0.526967 0.00 0.00 48.81 40.58
boat 0.526913 144.82 84.19 206.04 189.51
aeroplane 0.526902 193.94 69.87 219.35 102.09
boat 0.526853 0.00 0.00 22.05 21.09
aeroplane 0.526822 195.16 32.55 217.60 50.99
boat 0.526736 0.00 174.57 14.60 214.65
aeroplane 0.526533 48.94 98.38 127.29 157.36
aeroplane 0.526441 90.76 131.29 153.51 170.06
aeroplane 0.526428 27.46 91.96 103.94 125.57
boat 0.526422 0.00 48.67 9.77 93.26
boat 0.526412 5.39 202.77 35.44 224.00
aeroplane 0.526390 68.20 207.07 101.84 224.00
aeroplane 0.526347 39.93 0.00 116.82 28.24
boat 0.526217 76.46 189.01 173.96 224.00
aeroplane 0.526169 186.61 39.96 224.00 138.58
aeroplane 0.526106 7.38 95.29 56.38 129.79
boat 0.526018 158.98 147.67 209.14 207.16
boat 0.526004 0.00 93.97 18.72 142.03
boat 0.525989 53.90 165.63 99.56 191.91
aeroplane 0.525975 49.09 184.59 138.75 224.00
aeroplane 0.525918 0.00 0.00 118.82 137.30
aeroplane 0.525889 55.47 152.71 112.09 185.15
aeroplane 0.525807 106.03 0.00 143.32 14.65
aeroplane 0.525653 76.74 208.29 112.63 224.00
aeroplane 0.525629 190.74 58.99 213.55 88.24
aeroplane 0.525491 133.29 30.93 148.85 47.12
aeroplane 0.525430 123.25 0.00 197.77 32.92
aeroplane 0.525329 204.24 115.18 224.00 149.26
aeroplane 0.525214 198.76 48.23 218.12 70.22
aeroplane 0.525210 198.40 58.20 219.48 88.11
aeroplane 0.525171 109.11 86.68 174.54 147.92
boat 0.525145 179.46 144.91 224.00 223.53
aeroplane 0.525048 95.58 178.82 135.64 199.13
aeroplane 0.525042 68.75 74.66 147.19 118.21
aeroplane 0.524995 133.12 36.95 148.02 52.22
aeroplane 0.524947 80.15 0.00 119.41 13.88
boat 0.524917 126.93 204.51 162.81 223.48
boat 0.524895 135.01 88.05 189.83 179.35
aeroplane 0.524731 131.41 151.05 182.02 180.01
boat 0.524720 0.00 71.18 11.66 123.91
aeroplane 0.524693 194.50 0.00 224.00 72.15
aeroplane 0.524691 86.78 208.22 127.34 224.00
boat 0.524683 80.84 92.21 158.04 157.82
boat 0.524622 59.57 97.73 128.34 154.10
boat 0.524487 36.80 205.06 77.03 224.00
boat 0.524479 138.34 116.37 189.81 196.95
aeroplane 0.524453 53.83 205.14 89.61 224.00
boat 0.524393 129.30 186.21 201.18 224.00
aeroplane 0.524245 194.95 16.68 215.24 30.69
aeroplane 0.524196 86.68 160.45 136.27 188.82
bird 0.524173 0.00 173.44 66.46 224.00
aeroplane 0.524114 52.02 146.02 129.27 200.04
aeroplane 0.524049 110.23 117.00 175.77 175.31
boat 0.524043 201.47 159.10 224.00 186.09
car 0.524036 148.44 194.78 187.10 210.05
boat 0.523980 34.45 176.39 57.37 198.48
aeroplane 0.523949 0.00 52.89 19.86 89.96
boat 0.523926 102.16 143.04 166.53 206.04
aeroplane 0.523925 138.18 23.01 153.57 41.63
boat 0.523853 51.06 125.77 172.19 224.00
aeroplane 0.523712 146.05 38.25 160.14 52.16
aeroplane 0.523695 186.50 71.76 214.06 104.89
boat 0.523639 0.00 185.03 14.80 224.00
aeroplane 0.523598 8.81 0.00 82.53 28.46
boat 0.523592 3.36 160.22 21.98 190.41
aeroplane 0.523531 19.18 110.01 69.38 140.07
aeroplane 0.523490 37.10 120.02 104.71 156.36
aeroplane 0.523484 110.54 193.50 141.52 206.61
boat 0.523407 147.17 61.72 220.76 174.28
boat 0.523324 0.00 122.92 12.35 172.26
boat 0.523315 76.17 144.21 154.59 204.96
boat 0.523284 173.67 172.05 224.00 224.00
boat 0.523263 141.79 148.96 191.06 203.24
aeroplane 0.523230 112.08 149.15 169.56 173.58
aeroplane 0.523182 182.87 116.61 212.39 153.51
aeroplane 0.523144 96.61 75.36 157.03 110.46
boat 0.523116 39.98 176.73 65.30 198.99
boat 0.523059 117.44 91.96 169.01 169.04
boat 0.523030 0.00 59.77 9.78 111.74
aeroplane 0.522975 132.29 22.44 149.00 41.34
boat 0.522920 176.38 172.65 204.19 192.99
aeroplane 0.522874 121.76 136.71 178.79 180.46
aeroplane 0.522873 113.25 100.88 176.00 163.38
aeroplane 0.522789 61.00 191.13 88.46 207.99
aeroplane 0.522784 67.97 192.14 94.06 209.22
aeroplane 0.522606 209.03 128.32 224.00 163.52
boat 0.522590 0.00 141.62 12.29 184.63
aeroplane 0.522578 68.06 0.00 107.77 14.19
aeroplane 0.522460 28.31 179.48 102.95 224.00
aeroplane 0.522382 141.56 0.00 172.77 16.63
aeroplane 0.522323 123.03 31.65 143.67 45.87
boat 0.522271 8.89 116.15 143.03 224.00
aeroplane 0.522256 28.21 65.27 62.59 91.15
aeroplane 0.522229 0.00 27.65 59.91 131.74
car 0.522155 175.77 191.35 203.57 209.15
aeroplane 0.522132 44.58 142.36 101.15 176.24
boat 0.522122 0.00 108.22 15.09 158.89
aeroplane 0.521995 60.43 178.56 95.42 200.68
boat 0.521985 125.42 147.74 179.76 203.60
car 0.521928 177.22 198.12 204.73 215.03
aeroplane 0.521896 78.26 141.54 141.39 176.42
aeroplane 0.521846 136.65 42.42 152.67 62.27
aeroplane 0.521831 113.95 77.61 168.99 115.57
boat 0.521804 0.00 48.79 20.65 83.61
aeroplane 0.521702 79.06 17.45 106.02 35.86
aeroplane 0.521630 112.84 30.06 136.71 46.24
aeroplane 0.521537 33.84 18.19 54.01 35.60
boat 0.521532 119.72 116.34 173.09 190.27
aeroplane 0.521516 18.02 104.26 81.94 134.59
car 0.521488 175.21 202.91 207.94 224.00
boat 0.521454 24.76 162.22 55.57 189.20
aeroplane 0.521437 55.42 189.88 82.18 207.20
aeroplane 0.521334 22.73 120.97 70.54 153.84
boat 0.521229 0.35 125.73 26.05 168.04
aeroplane 0.521137 144.77 31.61 159.31 46.46
bird 0.521105 0.00 58.29 99.88 199.29
boat 0.521076 45.38 177.23 75.91 199.18
aeroplane 0.521032 207.89 146.85 224.00 178.49
aeroplane 0.520998 136.12 8.02 154.89 33.02
aeroplane 0.520976 129.91 5.51 150.75 32.25
aeroplane 0.520946 0.00 76.75 27.30 125.33
aeroplane 0.520942 29.44 59.39 60.03 82.60
bird 0.520928 27.28 48.51 124.46 169.20
aeroplane 0.520922 177.21 135.67 205.91 174.60
aeroplane 0.520891 0.00 63.89 21.63 110.99
aeroplane 0.520714 126.44 71.95 201.75 147.54
boat 0.520649 98.12 110.55 157.70 184.04
boat 0.520638 0.00 35.75 9.31 77.36
aeroplane 0.520616 8.47 56.60 39.08 84.25
aeroplane 0.520589 38.96 19.18 58.97 37.41
aeroplane 0.520574 0.00 0.00 48.26 102.16
aeroplane 0.520566 94.74 187.67 132.07 201.83
aeroplane 0.520539 167.71 153.67 198.22 183.50
aeroplane 0.520493 52.93 0.00 88.39 14.44
aeroplane 0.520481 61.07 167.68 105.33 192.52
boat 0.520434 28.97 176.57 51.09 197.49
aeroplane 0.520398 143.71 43.42 159.52 61.41
aeroplane 0.520389 122.13 36.54 143.27 51.12
aeroplane 0.520257 125.51 194.50 157.74 206.54
aeroplane 0.520252 109.27 21.57 135.15 40.62
aeroplane 0.520234 33.63 24.22 53.83 43.01
aeroplane 0.520188 120.52 22.77 143.34 40.33
aeroplane 0.520043 101.12 196.44 132.95 207.71
aeroplane 0.520014 44.31 0.00 78.11 14.86
aeroplane 0.519973 98.85 19.74 127.31 39.52
car 0.519957 177.72 181.48 204.96 200.80
boat 0.519936 4.34 177.19 20.53 209.06
boat 0.519914 2.76 146.57 22.72 182.40
aeroplane 0.519847 153.49 44.60 168.74 61.02
aeroplane 0.519845 0.00 93.52 57.85 185.85
aeroplane 0.519835 102.34 28.07 129.37 45.69
aeroplane 0.519759 177.93 0.00 207.44 18.67
boat 0.519746 76.22 111.69 143.89 178.61
aeroplane 0.519713 49.06 187.91 74.99 206.91
boat 0.519707 99.60 175.57 175.41 224.00
aeroplane 0.519652 41.90 69.81 93.70 93.25
aeroplane 0.519623 154.60 37.88 168.66 51.41
aeroplane 0.519591 26.83 0.00 62.00 14.87
aeroplane 0.519504 190.31 114.63 217.16 146.86
aeroplane 0.519466 78.51 24.82 104.66 43.73
aeroplane 0.519411 51.11 177.16 86.04 198.51
aeroplane 0.519377 174.99 121.29 206.77 164.71
aeroplane 0.519331 46.98 19.47 66.84 37.52
aeroplane 0.519330 18.29 83.42 71.39 122.09
aeroplane 0.519310 38.32 25.51 58.09 44.50
boat 0.519296 12.94 161.10 39.63 187.96
aeroplane 0.519294 23.35 133.14 64.85 167.48
aeroplane 0.519240 136.98 79.66 176.66 111.24
aeroplane 0.519239 22.04 115.45 83.30 145.56
aeroplane 0.519223 188.00 17.28 207.07 22.03
aeroplane 0.519179 168.58 138.74 200.21 177.72
aeroplane 0.519158 58.52 135.25 134.98 174.24
boat 0.519120 0.00 0.00 30.44 16.05
aeroplane 0.519104 25.81 125.85 84.82 158.57
aeroplane 0.519077 116.04 156.34 166.09 178.41
boat 0.519065 0.00 24.78 9.15 66.59
aeroplane 0.518984 86.67 18.93 119.01 36.66
aeroplane 0.518977 151.02 0.00 181.72 16.57
aeroplane 0.518938 28.65 17.63 49.70 33.63
aeroplane 0.518847 112.83 35.05 137.63 52.10
aeroplane 0.518842 77.72 193.94 103.35 208.75
aeroplane 0.518828 130.71 0.00 224.00 155.73
boat 0.518633 35.26 185.06 57.79 205.98
aeroplane 0.518632 56.17 65.86 113.49 97.19
aeroplane 0.518622 57.60 19.11 77.91 35.67
aeroplane 0.518556 186.93 44.19 204.71 59.02
aeroplane 0.518551 86.08 174.50 132.06 194.87
aeroplane 0.518545 179.25 152.45 204.20 183.36
aeroplane 0.518537 24.10 72.91 66.96 106.34
boat 0.518527 0.42 108.49 31.57 151.49
aeroplane 0.518481 17.88 58.73 54.70 81.91
boat 0.518449 0.97 59.41 115.39 191.05
aeroplane 0.518444 186.14 51.31 205.80 68.53
aeroplane 0.518388 31.95 105.95 104.70 144.09
aeroplane 0.518370 124.84 0.00 156.03 19.41
aeroplane 0.518335 148.80 88.83 191.59 132.23
aeroplane 0.518334 13.78 0.00 47.09 14.03
aeroplane 0.518325 165.31 101.68 202.86 142.10
aeroplane 0.518316 169.41 91.33 205.59 128.17
boat 0.518312 0.00 14.23 10.34 54.30
boat 0.518295 184.77 151.00 209.00 182.68
boat 0.518276 22.96 177.58 44.36 197.70
boat 0.518262 33.99 159.57 76.50 186.17
aeroplane 0.518244 0.00 0.00 47.54 61.11
aeroplane 0.518239 31.41 7.61 54.13 26.09
bird 0.518230 146.49 0.00 224.00 156.74
aeroplane 0.518206 47.46 25.96 66.28 44.45
boat 0.518174 13.27 175.96 32.02 199.53
aeroplane 0.518133 29.34 51.76 57.17 75.08
boat 0.518126 0.00 40.31 19.90 73.85
aeroplane 0.518054 42.43 186.06 67.56 205.98
boat 0.517991 28.74 184.85 49.37 205.80
aeroplane 0.517966 69.05 181.04 102.78 200.52
aeroplane 0.517961 141.69 97.94 188.54 146.60
aeroplane 0.517944 8.15 51.49 37.60 77.26
aeroplane 0.517940 161.83 112.68 199.25 157.85
boat 0.517885 0.00 6.72 12.05 42.91
aeroplane 0.517856 168.69 0.00 198.91 17.75
aeroplane 0.517847 145.04 164.22 180.61 186.26
aeroplane 0.517819 31.83 31.41 53.69 51.67
aeroplane 0.517724 159.30 0.00 190.01 17.33
boat 0.517711 56.70 176.50 152.82 224.00
aeroplane 0.517687 28.31 23.10 49.96 41.20
aeroplane 0.517672 77.79 0.90 108.09 24.25
aeroplane 0.517650 59.37 25.74 78.10 42.92
aeroplane 0.517604 95.93 153.02 144.02 179.28
aeroplane 0.517580 88.46 26.68 120.06 43.56
aeroplane 0.517547 158.21 0.98 209.73 105.14
aeroplane 0.517537 67.72 18.09 93.01 33.83
aeroplane 0.517515 0.00 113.45 48.69 203.05
aeroplane 0.517514 157.37 125.66 194.74 172.39
aeroplane 0.517494 159.42 62.18 183.48 86.61
boat 0.517480 21.47 185.10 40.16 206.41
aeroplane 0.517466 162.08 53.87 181.90 72.45
boat 0.517411 1.52 99.08 34.00 140.92
boat 0.517405 0.00 0.00 14.02 32.65
aeroplane 0.517355 116.25 3.56 143.69 30.01
aeroplane 0.517350 27.05 6.86 49.28 24.53
boat 0.517335 12.27 182.35 29.28 207.90
aeroplane 0.517308 153.84 30.49 168.28 44.23
aeroplane 0.517276 153.12 142.75 190.05 180.48
aeroplane 0.517273 24.64 149.64 59.41 181.10
aeroplane 0.517258 165.79 45.65 182.15 59.65
boat 0.517240 6.95 0.00 38.95 14.03
aeroplane 0.517235 144.43 24.06 159.39 40.44
aeroplane 0.517235 187.21 35.21 204.98 49.90
aeroplane 0.517232 33.26 82.98 103.58 116.93
aeroplane 0.517191 140.91 126.33 183.45 177.21
aeroplane 0.517183 37.25 8.19 59.92 28.06
aeroplane 0.517138 38.52 75.93 99.84 104.72
boat 0.517122 1.97 188.86 21.96 224.00
aeroplane 0.517082 105.48 181.93 138.95 202.30
aeroplane 0.517078 7.20 69.30 44.03 108.49
aeroplane 0.517060 148.02 53.44 168.32 76.19
aeroplane 0.517038 128.66 41.65 147.33 63.21
aeroplane 0.517024 140.10 110.79 185.66 163.42
aeroplane 0.516995 184.50 59.73 207.15 84.07
aeroplane 0.516950 68.83 24.73 92.27 41.53
aeroplane 0.516928 94.53 1.86 126.54 28.26
aeroplane 0.516879 104.88 2.61 134.53 29.58
aeroplane 0.516873 30.02 41.08 54.24 63.29
aeroplane 0.516835 39.13 142.06 113.88 194.63
aeroplane 0.516704 6.44 81.86 50.60 124.80
aeroplane 0.516667 46.23 7.36 68.25 28.49
aeroplane 0.516652 102.02 33.57 130.82 52.87
aeroplane 0.516645 176.33 53.63 195.78 69.22
aeroplane 0.516638 42.40 63.81 85.62 86.73
aeroplane 0.516583 43.19 169.77 115.40 224.00
boat 0.516486 16.83 197.47 39.76 224.00
boat 0.516450 24.26 198.34 50.73 224.00
aeroplane 0.516421 49.25 200.56 79.32 224.00
aeroplane 0.516405 16.87 52.30 49.96 74.64
aeroplane 0.516369 9.74 128.08 45.85 163.66
aeroplane 0.516365 161.96 72.13 186.80 101.41
boat 0.516328 0.00 28.73 19.88 61.73
aeroplane 0.516323 71.09 30.93 99.40 52.78
aeroplane 0.516296 30.92 136.44 84.45 171.00
aeroplane 0.516287 120.31 73.01 165.50 104.48
aeroplane 0.516250 5.86 0.00 84.92 108.66
aeroplane 0.516111 90.72 195.10 122.20 207.11
aeroplane 0.516099 174.88 61.35 196.90 83.76
aeroplane 0.515988 179.68 0.00 224.00 108.54
boat 0.515955 30.36 58.57 135.73 169.00
aeroplane 0.515937 166.82 37.72 181.40 49.91
aeroplane 0.515933 23.29 96.59 110.88 167.99
aeroplane 0.515908 141.73 63.13 169.72 89.27
boat 0.515907 91.87 54.89 191.02 168.23
aeroplane 0.515789 82.95 1.99 118.38 25.17
boat 0.515749 31.47 198.79 60.85 224.00
boat 0.515686 11.49 147.66 41.12 180.15
aeroplane 0.515683 178.02 46.30 195.54 58.69
aeroplane 0.515670 158.68 0.00 211.33 59.62
aeroplane 0.515659 100.05 166.41 140.09 191.78
aeroplane 0.515635 140.12 72.84 173.17 102.11
aeroplane 0.515621 93.21 0.00 132.55 16.49
aeroplane 0.515613 136.08 52.47 159.73 79.22
aeroplane 0.515573 19.16 0.00 167.66 139.59
aeroplane 0.515456 174.24 71.91 198.75 100.76
aeroplane 0.515438 81.94 183.52 121.31 199.31
boat 0.515434 9.14 194.15 29.89 224.00
aeroplane 0.515418 72.23 170.41 121.79 191.76
aeroplane 0.515365 56.32 5.04 80.60 26.02
aeroplane 0.515362 22.89 16.98 45.44 31.07
aeroplane 0.515357 57.14 0.00 145.31 45.42
aeroplane 0.515284 66.48 0.00 213.16 140.32
aeroplane 0.515246 193.53 129.56 217.11 164.27
aeroplane 0.515238 56.41 0.00 143.51 111.72
aeroplane 0.515198 85.75 45.71 193.54 162.71
aeroplane 0.515118 9.59 111.99 51.02 145.60
boat 0.515035 0.00 17.69 21.86 48.00
aeroplane 0.515032 144.80 10.43 161.27 31.85
aeroplane 0.515021 188.00 19.09 207.05 28.00
aeroplane 0.514953 58.80 32.80 79.36 52.34
aeroplane 0.514836 45.89 33.26 66.07 53.11
aeroplane 0.514796 87.69 67.29 148.23 107.70
aeroplane 0.514756 21.75 5.84 43.77 22.22
aeroplane 0.514676 120.46 166.14 163.14 188.76
aeroplane 0.514628 34.25 149.04 80.67 179.79
boat 0.514604 2.49 10.19 23.16 35.86
aeroplane 0.514580 21.98 22.74 46.42 39.48
aeroplane 0.514574 8.01 138.87 75.70 208.78
aeroplane 0.514555 188.00 24.43 206.05 38.44
aeroplane 0.514518 77.25 0.00 169.62 46.55
aeroplane 0.514446 114.67 5.36 192.04 103.12
boat 0.514400 195.41 150.34 216.49 180.43
aeroplane 0.514398 23.42 52.83 140.26 166.05
aeroplane 0.514396 65.09 42.70 100.66 73.93
aeroplane 0.514388 8.66 42.77 36.13 66.87
boat 0.514328 19.71 148.64 57.68 179.76
aeroplane 0.514313 143.49 41.49 207.42 131.01
aeroplane 0.514310 5.55 162.64 69.48 224.00
aeroplane 0.514309 126.04 52.28 153.53 82.83
aeroplane 0.514302 51.51 47.44 129.36 145.92
aeroplane 0.514250 178.70 37.65 195.50 48.80
aeroplane 0.514202 125.76 63.78 162.19 92.50
aeroplane 0.514191 167.47 28.67 181.22 40.43
aeroplane 0.514137 123.63 180.71 158.21 200.48
aeroplane 0.514088 85.98 32.08 121.23 52.44
aeroplane 0.514084 17.55 42.55 46.24 63.61
aeroplane 0.514022 154.61 23.12 169.41 36.56
aeroplane 0.513996 19.81 31.49 45.66 51.05
aeroplane 0.513991 59.67 56.69 106.46 93.53
aeroplane 0.513826 77.37 31.60 110.60 53.09
aeroplane 0.513767 116.43 41.33 143.27 65.15
aeroplane 0.513751 168.53 33.30 224.00 130.64
aeroplane 0.513670 66.40 2.48 96.28 23.04
aeroplane 0.513611 108.39 40.95 140.04 68.33
aeroplane 0.513609 42.85 55.07 76.54 79.28
aeroplane 0.513544 14.70 14.30 36.89 30.39
aeroplane 0.513421 38.67 0.00 118.43 109.75
aeroplane 0.513353 113.87 65.65 157.52 97.59
aeroplane 0.513232 180.00 17.14 197.08 20.41
aeroplane 0.513127 12.71 21.19 37.99 40.77
aeroplane 0.513119 10.35 31.30 36.70 53.99
aeroplane 0.513062 44.21 43.37 69.18 65.86
aeroplane 0.512990 21.06 45.30 108.86 145.88
aeroplane 0.512879 5.79 0.00 83.70 49.32
aeroplane 0.512873 14.49 3.92 35.34 20.81
aeroplane 0.512851 56.66 43.26 84.07 67.16
aeroplane 0.512775 53.60 55.76 93.89 83.83
aeroplane 0.512649 115.91 0.00 194.17 51.33
aeroplane 0.512626 156.31 12.55 172.24 28.32
aeroplane 0.512506 98.97 40.90 134.46 70.82
aeroplane 0.512481 27.78 118.44 109.19 181.97
aeroplane 0.512346 180.00 27.02 196.39 37.26
aeroplane 0.512283 88.46 4.03 178.73 105.30
aeroplane 0.512107 5.47 115.36 81.27 193.77
aeroplane 0.512045 112.82 51.56 190.21 133.14
aeroplane 0.511792 169.34 21.30 182.24 30.59
aeroplane 0.511643 169.25 14.67 183.74 23.47
aeroplane 0.511605 180.00 20.64 197.36 28.00
aeroplane 0.511576 99.98 53.78 143.60 94.16
aeroplane 0.511204 71.38 41.20 112.62 74.45
aeroplane 0.511027 82.96 40.52 124.95 72.46
aeroplane 0.510704 115.57 53.63 149.12 87.31
aeroplane 0.510106 77.52 55.12 131.03 95.46
