tvmonitor 0.618334 13.31 6.69 174.03 171.73
tvmonitor 0.588468 71.55 0.00 205.51 224.00
tvmonitor 0.573087 44.48 71.86 126.57 157.76
tvmonitor 0.552573 38.52 39.05 145.16 167.41
tvmonitor 0.552561 99.93 19.71 199.25 182.07
tvmonitor 0.546726 58.63 81.42 120.27 143.63
tvmonitor 0.545954 56.51 0.00 196.07 147.42
tvmonitor 0.545730 0.00 28.11 89.50 163.59
dog 0.545426 166.65 210.09 208.23 224.00
tvmonitor 0.541937 190.91 54.08 224.00 185.98
tvmonitor 0.541541 3.97 30.48 132.30 189.22
person 0.538859 167.26 209.86 210.04 224.00
tvmonitor 0.538226 45.31 92.39 105.67 153.97
sofa 0.538049 218.05 81.91 224.00 123.35
tvmonitor 0.537685 69.67 89.16 126.25 152.96
person 0.537676 206.09 206.52 224.00 224.00
tvmonitor 0.537412 139.57 34.07 215.82 183.25
tvmonitor 0.537393 87.63 7.18 130.13 73.56
tvmonitor 0.537065 159.71 72.10 209.82 132.72
tvmonitor 0.536912 73.25 75.37 135.26 144.75
dog 0.536724 1.29 26.03 65.55 61.42
sofa 0.536406 10.66 69.85 46.15 106.61
tvmonitor 0.535879 16.57 119.00 74.04 151.37
dog 0.535399 148.55 209.67 192.02 224.00
tvmonitor 0.535191 74.14 8.03 110.84 77.01
tvmonitor 0.534877 199.90 82.44 224.00 206.87
tvmonitor 0.534837 104.70 7.13 136.41 73.19
person 0.534820 162.29 176.21 224.00 224.00
tvmonitor 0.534655 217.96 83.97 224.00 129.73
person 0.534218 0.00 180.75 42.32 224.00
tvmonitor 0.533986 11.84 120.85 84.16 164.26
sofa 0.533110 7.34 29.78 72.06 61.27
chair 0.533065 0.00 53.73 77.05 183.20
person 0.533046 0.00 191.17 81.44 224.00
bottle 0.532906 0.00 205.45 18.37 224.00
tvmonitor 0.532846 0.00 61.92 11.12 107.74
car 0.532818 171.08 209.06 214.14 224.00
cat 0.532762 186.75 0.00 224.00 43.83
tvmonitor 0.532700 19.71 114.03 71.04 140.44
chair 0.532404 19.90 117.12 76.66 145.42
tvmonitor 0.532354 72.21 17.33 99.15 80.60
chair 0.532234 18.18 122.51 83.57 163.39
bottle 0.532165 0.00 209.81 28.39 224.00
tvmonitor 0.531586 67.25 2.28 104.52 68.08
tvmonitor 0.531473 0.00 6.12 85.38 124.09
car 0.531225 214.10 178.91 224.00 212.34
bottle 0.530902 142.90 208.12 184.44 224.00
tvmonitor 0.530792 114.79 11.05 151.71 70.41
aeroplane 0.530476 7.34 63.77 46.84 103.77
car 0.530443 210.05 0.00 224.00 22.58
tvmonitor 0.530427 218.69 92.37 224.00 146.69
tvmonitor 0.530357 45.86 81.35 176.88 224.00
tvmonitor 0.530215 7.92 69.80 47.10 103.63
tvmonitor 0.529750 86.74 73.66 205.76 224.00
tvmonitor 0.529454 72.41 0.00 187.56 72.05
tvmonitor 0.529389 55.77 0.00 104.10 46.81
tvmonitor 0.529304 63.46 76.06 104.78 125.07
dog 0.529093 134.97 186.45 221.01 224.00
boat 0.529005 173.96 183.75 201.93 209.82
bottle 0.528813 132.16 191.24 212.80 224.00
sofa 0.528611 217.83 71.96 224.00 107.51
tvmonitor 0.528406 15.06 78.16 52.02 121.29
bottle 0.528369 71.27 205.92 112.73 224.00
tvmonitor 0.528331 194.08 107.88 224.00 224.00
tvmonitor 0.528284 26.00 113.97 97.71 158.55
tvmonitor 0.528123 69.07 46.16 97.94 95.67
tvmonitor 0.528045 187.96 18.79 224.00 146.27
car 0.527952 214.48 165.52 224.00 199.00
chair 0.527864 0.00 72.45 122.67 224.00
car 0.527551 174.74 185.25 204.27 210.43
car 0.527533 218.50 106.77 224.00 163.86
tvmonitor 0.527523 0.00 66.96 30.03 104.06
tvmonitor 0.527298 48.95 0.00 147.64 47.71
tvmonitor 0.527125 65.83 13.13 94.67 74.50
car 0.527124 213.49 187.28 224.00 221.83
tvmonitor 0.527065 0.00 47.60 12.56 98.97
person 0.527042 66.80 204.98 105.91 224.00
bottle 0.527004 84.62 208.55 124.72 224.00
tvmonitor 0.526987 66.88 62.90 99.36 112.76
tvmonitor 0.526942 84.09 103.09 130.13 157.60
bottle 0.526854 74.80 185.07 92.58 207.92
chair 0.526780 19.48 111.53 66.97 135.27
pottedplant 0.526718 0.00 68.49 64.50 190.66
bottle 0.526713 52.78 0.00 106.12 44.05
bottle 0.526670 97.81 209.83 134.47 224.00
boat 0.526652 164.81 112.02 203.04 166.80
bottle 0.526619 80.40 185.41 100.15 208.96
boat 0.526548 174.62 178.54 200.26 203.05
tvmonitor 0.526379 164.44 55.03 219.53 185.24
tvmonitor 0.526324 129.09 67.59 150.93 118.04
bottle 0.526300 148.97 176.01 172.40 203.52
car 0.526287 141.78 179.67 224.00 224.00
chair 0.526228 0.00 0.00 21.88 21.85
tvmonitor 0.526181 0.00 0.00 67.90 50.88
sofa 0.526150 218.92 63.49 224.00 98.14
tvmonitor 0.526110 3.16 0.00 84.28 35.85
car 0.526109 175.99 179.80 203.37 203.72
sofa 0.526097 0.00 26.93 14.65 71.42
dog 0.526015 48.37 0.00 107.57 35.94
tvmonitor 0.526006 181.93 138.46 224.00 224.00
tvmonitor 0.526002 164.53 72.13 204.02 111.37
bottle 0.525905 106.95 210.18 144.50 224.00
person 0.525778 51.88 205.47 83.83 224.00
cat 0.525769 109.42 0.00 140.82 22.61
tvmonitor 0.525748 151.82 179.07 178.95 207.16
person 0.525708 0.00 156.02 34.77 224.00
bottle 0.525580 124.71 209.03 164.56 224.00
tvmonitor 0.525576 0.00 69.31 127.52 224.00
tvmonitor 0.525437 24.56 0.00 126.18 38.93
sheep 0.525419 17.49 136.40 75.10 168.84
tvmonitor 0.525383 16.86 92.98 58.08 135.89
sofa 0.525347 189.66 0.00 224.00 124.25
chair 0.525228 0.00 70.60 11.89 118.03
sheep 0.525050 4.96 118.68 86.67 224.00
chair 0.524979 163.17 207.67 209.67 224.00
car 0.524923 216.10 156.62 224.00 191.25
bottle 0.524760 43.38 206.50 77.23 224.00
person 0.524740 171.77 193.81 202.14 222.56
boat 0.524709 115.54 0.00 147.99 22.11
tvmonitor 0.524377 126.92 59.53 149.23 103.04
sofa 0.524291 219.63 55.23 224.00 89.65
bottle 0.524274 85.41 186.06 108.33 209.35
tvmonitor 0.524212 117.88 63.90 145.40 112.64
boat 0.524088 165.27 129.02 196.44 169.07
sofa 0.524058 0.00 31.18 39.02 67.45
chair 0.524045 0.00 111.08 9.33 163.46
bottle 0.524033 115.79 182.99 133.53 208.14
tvmonitor 0.523937 0.00 32.34 14.86 78.29
chair 0.523810 53.33 0.00 102.06 24.05
tvmonitor 0.523789 94.08 70.31 138.11 127.93
aeroplane 0.523780 5.16 53.45 50.66 96.61
tvmonitor 0.523750 44.56 0.00 160.08 79.41
tvmonitor 0.523703 137.26 72.19 155.95 122.61
bottle 0.523668 60.61 185.86 126.77 224.00
bottle 0.523537 95.32 185.61 116.20 210.16
bottle 0.523526 105.97 184.84 124.77 209.36
tvmonitor 0.523502 0.00 0.00 84.72 80.92
tvmonitor 0.523485 160.93 85.67 206.62 146.13
tvmonitor 0.523481 168.23 67.01 202.77 101.58
tvmonitor 0.523405 89.30 53.58 177.56 190.22
cat 0.523290 100.26 0.00 132.25 22.79
chair 0.523229 17.52 89.99 56.86 129.69
chair 0.523229 0.00 100.84 12.01 144.95
sheep 0.523020 23.69 163.43 68.52 186.53
bottle 0.522961 0.00 115.25 84.06 224.00
bottle 0.522951 68.10 185.67 85.09 205.24
car 0.522897 217.49 142.83 224.00 182.17
sofa 0.522885 9.13 36.56 58.77 68.53
person 0.522876 0.00 167.39 84.17 224.00
bottle 0.522831 108.70 188.83 182.37 224.00
chair 0.522815 11.01 47.74 106.78 175.57
tvmonitor 0.522812 90.58 22.14 126.22 81.99
person 0.522794 0.00 115.23 36.47 224.00
sofa 0.522757 174.39 78.49 208.66 113.02
chair 0.522721 22.50 135.59 80.72 166.14
boat 0.522703 164.72 94.47 207.50 159.05
car 0.522639 218.44 128.75 224.00 174.50
dog 0.522590 33.62 208.51 71.92 224.00
tvmonitor 0.522446 111.76 27.97 142.27 87.03
dog 0.522441 6.65 212.81 51.01 224.00
tvmonitor 0.522437 13.84 107.09 75.86 147.10
sheep 0.522410 27.56 175.32 64.37 194.55
bottle 0.522302 124.36 180.84 143.40 208.33
tvmonitor 0.522300 104.21 65.48 138.71 117.74
tvmonitor 0.522298 69.22 30.83 93.90 83.15
tvmonitor 0.522294 95.82 0.00 191.61 54.82
tvmonitor 0.522292 120.62 21.31 158.44 81.76
tvmonitor 0.522262 167.66 179.87 197.20 200.84
boat 0.522080 173.99 172.32 197.60 197.59
tvmonitor 0.521955 172.39 78.47 209.02 119.19
sofa 0.521899 220.00 47.40 224.00 81.88
chair 0.521859 0.00 131.04 10.84 178.03
boat 0.521813 166.96 0.00 197.95 19.55
tvmonitor 0.521783 61.63 105.78 106.19 157.36
bottle 0.521782 63.68 117.78 127.07 222.22
boat 0.521751 129.52 0.00 163.54 20.95
tvmonitor 0.521751 152.67 0.00 223.15 40.21
bottle 0.521685 0.00 198.43 13.29 224.00
bottle 0.521630 89.96 112.11 128.40 161.20
bottle 0.521617 134.46 178.51 156.17 209.16
tvmonitor 0.521581 159.01 182.37 193.96 206.24
tvmonitor 0.521578 123.45 49.91 148.24 95.74
boat 0.521571 83.55 0.00 122.13 23.43
sofa 0.521438 197.72 79.63 217.84 113.96
bottle 0.521407 144.45 177.45 169.37 208.68
tvmonitor 0.521372 45.53 87.55 95.18 134.65
dog 0.521318 4.49 10.87 71.83 59.41
bottle 0.521208 152.72 172.18 175.71 199.85
tvmonitor 0.521196 0.00 52.67 33.94 98.61
tvmonitor 0.521170 110.54 55.84 139.17 106.71
car 0.521159 176.48 173.29 201.80 197.95
sheep 0.521151 17.39 148.47 70.53 177.50
bottle 0.521120 15.66 134.15 75.75 170.86
tvmonitor 0.521100 133.73 18.25 172.35 72.81
tvmonitor 0.521072 0.00 153.93 11.95 188.92
tvmonitor 0.521059 146.62 74.64 177.37 122.44
boat 0.521051 150.20 0.00 180.85 20.10
boat 0.521033 140.26 0.00 172.49 20.15
boat 0.520983 159.31 0.00 189.51 19.75
chair 0.520974 0.00 0.00 34.86 18.15
bottle 0.520950 116.34 186.87 134.52 217.03
tvmonitor 0.520892 15.51 19.63 69.49 61.42
boat 0.520879 0.00 170.25 11.88 203.27
person 0.520834 0.00 86.95 49.96 206.25
dog 0.520784 220.00 39.31 224.00 73.82
sheep 0.520767 167.52 193.85 202.58 219.71
tvmonitor 0.520711 38.56 16.32 83.03 66.57
tvmonitor 0.520674 151.10 186.78 181.35 219.04
aeroplane 0.520647 6.72 76.47 55.02 118.21
aeroplane 0.520473 7.91 26.33 71.66 64.07
tvmonitor 0.520469 127.32 82.78 148.97 135.32
chair 0.520411 10.33 0.00 55.19 17.31
bottle 0.520403 149.66 165.85 170.47 196.03
dog 0.520399 215.79 0.00 224.00 23.69
boat 0.520345 0.00 185.92 11.16 221.30
bottle 0.520322 52.91 185.27 75.96 202.90
boat 0.520307 157.24 129.23 185.50 161.47
dog 0.520290 154.88 206.77 204.07 224.00
tvmonitor 0.520273 4.49 55.07 49.94 96.76
car 0.520254 200.55 0.00 224.00 20.99
boat 0.520220 190.93 0.00 218.37 19.43
aeroplane 0.520150 220.00 30.32 224.00 64.47
tvmonitor 0.520116 113.68 63.54 188.13 196.14
tvmonitor 0.520101 133.42 61.95 154.59 101.91
tvmonitor 0.519940 170.21 60.17 201.60 93.40
tvmonitor 0.519890 72.98 107.60 115.26 159.02
tvmonitor 0.519887 126.36 13.92 161.33 64.01
boat 0.519841 24.54 144.13 78.25 168.92
boat 0.519838 167.49 173.35 193.33 196.34
tvmonitor 0.519823 104.92 40.98 131.92 92.34
boat 0.519820 172.22 166.14 196.03 191.10
bottle 0.519713 79.65 185.55 156.84 224.00
sheep 0.519667 106.74 187.99 125.65 216.19
aeroplane 0.519655 13.21 70.42 63.95 113.15
bottle 0.519628 133.46 170.62 157.88 203.08
bottle 0.519618 139.64 124.62 159.20 155.95
boat 0.519615 182.14 0.00 211.72 19.02
bottle 0.519554 123.98 185.67 144.06 218.44
sofa 0.519521 0.00 8.47 12.77 57.36
boat 0.519518 68.61 0.00 112.68 25.15
bottle 0.519511 45.97 178.92 76.60 199.95
sofa 0.519501 170.14 61.96 202.72 88.60
bottle 0.519468 149.08 128.51 170.83 158.21
sofa 0.519414 177.85 76.38 207.98 102.47
bottle 0.519373 72.00 173.37 91.36 201.97
sheep 0.519369 84.97 188.13 108.85 214.00
tvmonitor 0.519321 138.09 70.91 197.85 196.43
tvmonitor 0.519305 72.14 41.82 110.51 94.92
bottle 0.519281 32.44 188.81 117.97 224.00
cat 0.519251 58.36 0.00 105.15 25.38
tvmonitor 0.519245 148.10 203.82 190.91 224.00
tvmonitor 0.519202 138.24 82.99 154.53 132.53
bottle 0.519168 26.49 120.13 87.44 162.45
tvmonitor 0.519104 101.77 56.97 131.84 109.30
tvmonitor 0.519099 46.24 81.13 88.36 121.62
bottle 0.519071 99.53 111.81 142.26 155.30
tvmonitor 0.519055 85.02 73.30 127.35 125.56
tvmonitor 0.519041 168.32 28.96 191.24 63.49
chair 0.519000 11.74 76.30 47.60 113.91
chair 0.518967 32.54 0.00 82.72 20.51
sheep 0.518964 31.37 182.91 61.19 199.56
bottle 0.518896 122.50 172.09 145.23 203.70
bottle 0.518878 92.36 155.40 120.21 200.31
boat 0.518872 169.79 32.51 194.55 61.75
bottle 0.518868 126.69 119.06 150.75 155.11
boat 0.518858 169.07 22.45 191.07 54.19
tvmonitor 0.518804 125.28 39.17 156.50 87.92
bottle 0.518801 58.14 188.96 75.89 208.47
tvmonitor 0.518755 15.96 0.00 133.15 67.74
bottle 0.518675 71.17 195.56 98.50 224.00
sheep 0.518613 94.54 188.11 116.27 215.15
chair 0.518599 0.00 73.34 30.47 112.70
sheep 0.518509 41.53 183.49 69.47 201.42
bottle 0.518443 62.84 172.92 85.18 200.08
sofa 0.518361 7.13 42.79 54.26 82.10
bottle 0.518350 144.29 165.41 166.29 198.07
tvmonitor 0.518314 158.82 190.94 196.65 218.92
bottle 0.518296 133.98 184.04 157.45 219.17
tvmonitor 0.518225 93.16 41.10 124.73 92.20
sofa 0.518171 198.95 75.65 217.15 104.26
sheep 0.518162 0.00 79.89 86.45 201.76
tvmonitor 0.518151 158.75 173.55 185.24 197.35
tvmonitor 0.518108 23.28 0.36 132.42 124.22
aeroplane 0.518104 220.00 20.57 224.00 53.33
tvmonitor 0.518079 168.26 39.04 193.00 75.18
tvmonitor 0.518059 110.97 0.00 139.84 41.43
boat 0.518056 170.28 7.97 189.93 35.26
tvmonitor 0.518034 113.69 5.26 143.26 60.06
tvmonitor 0.518022 9.49 75.88 92.52 193.78
boat 0.518021 0.00 173.93 19.23 197.44
boat 0.517942 158.28 136.04 181.97 165.65
tvmonitor 0.517914 147.26 0.00 215.25 132.12
boat 0.517896 165.23 142.08 192.22 178.07
dog 0.517801 220.00 11.06 224.00 40.37
bottle 0.517774 140.86 133.07 161.28 163.76
boat 0.517710 170.10 17.33 190.34 44.86
boat 0.517520 0.00 181.06 18.52 205.10
bottle 0.517469 90.63 133.44 118.97 182.58
bottle 0.517461 23.67 162.45 72.29 192.20
tvmonitor 0.517451 169.21 51.18 196.61 85.89
tvmonitor 0.517446 43.94 72.87 82.97 113.56
chair 0.517445 16.95 109.19 54.48 130.46
bottle 0.517432 16.62 148.71 72.23 181.73
bottle 0.517398 66.24 156.05 90.13 193.89
sofa 0.517375 181.00 70.13 207.23 93.67
bottle 0.517356 44.19 116.45 92.13 160.58
sofa 0.517352 0.00 0.00 14.44 44.12
tvmonitor 0.517339 197.04 81.46 220.18 126.46
dog 0.517321 220.00 0.00 224.00 29.19
sheep 0.517315 48.67 187.81 69.51 207.92
bottle 0.517272 150.33 135.92 170.88 164.98
boat 0.517243 168.97 41.55 195.23 73.10
tvmonitor 0.517229 0.00 41.17 36.50 85.46
bottle 0.517204 159.17 167.67 182.71 192.07
tvmonitor 0.517196 145.70 63.23 176.57 98.93
bottle 0.517125 112.30 172.65 133.97 203.99
bottle 0.517120 65.14 196.25 88.07 224.00
tvmonitor 0.517116 70.33 60.08 112.15 114.46
tvmonitor 0.517104 154.71 23.54 183.66 68.08
tvmonitor 0.517063 0.00 158.43 20.27 182.59
boat 0.517047 167.81 152.79 195.49 183.94
tvmonitor 0.516953 164.71 20.72 189.26 56.33
sofa 0.516928 0.00 0.00 18.78 30.34
bottle 0.516926 144.19 183.77 172.41 217.83
boat 0.516922 114.78 0.00 144.86 40.81
sofa 0.516867 200.53 68.17 217.70 95.28
boat 0.516847 0.00 166.36 19.66 189.73
tvmonitor 0.516828 140.53 13.86 171.35 57.86
boat 0.516774 0.00 188.56 18.47 215.57
tvmonitor 0.516762 35.27 1.79 94.84 53.38
aeroplane 0.516755 27.12 181.58 58.69 198.65
bottle 0.516687 100.89 158.17 126.58 199.43
bottle 0.516672 134.19 138.05 200.36 224.00
chair 0.516672 5.10 105.19 36.44 135.02
tvmonitor 0.516620 140.57 44.93 173.63 85.09
bottle 0.516431 110.44 162.30 134.62 198.80
aeroplane 0.516414 9.76 0.00 70.74 35.49
bottle 0.516395 56.72 197.31 77.84 224.00
tvmonitor 0.516376 126.65 100.05 192.69 215.50
bottle 0.516372 94.74 122.07 125.47 166.01
boat 0.516365 91.82 59.20 125.58 111.77
chair 0.516308 1.37 83.11 32.42 121.83
tvmonitor 0.516292 192.35 87.30 221.41 145.36
bottle 0.516244 125.90 105.40 150.38 149.83
tvmonitor 0.516235 78.70 0.00 122.74 58.02
tvmonitor 0.516224 156.11 34.49 185.17 76.97
bottle 0.516201 87.16 118.17 119.44 165.19
aeroplane 0.516190 11.06 4.73 77.83 51.32
bottle 0.516124 37.27 168.22 77.07 195.98
bottle 0.516054 79.46 196.09 112.26 224.00
boat 0.516023 125.87 91.63 148.95 144.27
tvmonitor 0.516010 165.19 107.59 216.09 224.00
tvmonitor 0.515902 0.00 148.60 21.84 175.85
bottle 0.515889 82.26 172.35 109.17 204.78
bottle 0.515888 80.63 154.85 109.23 198.38
bottle 0.515877 98.19 138.23 125.16 183.89
tvmonitor 0.515838 141.75 138.38 209.41 224.00
tvmonitor 0.515832 188.82 100.67 220.80 163.55
aeroplane 0.515772 174.87 37.07 199.42 59.57
chair 0.515761 15.53 100.19 51.78 127.01
dog 0.515719 7.24 0.00 71.89 38.06
car 0.515717 193.81 177.55 214.59 203.07
chair 0.515674 13.91 87.40 48.40 122.19
bottle 0.515672 155.41 158.71 175.88 186.31
bottle 0.515667 92.40 171.35 118.84 206.31
bottle 0.515623 118.25 200.38 148.93 224.00
bottle 0.515521 75.95 173.20 98.18 202.93
tvmonitor 0.515473 101.24 0.00 132.17 41.08
sofa 0.515452 182.69 62.85 206.84 85.31
boat 0.515436 156.87 114.81 187.84 156.76
car 0.515434 191.77 183.42 215.04 208.71
person 0.515388 183.16 204.75 217.33 224.00
chair 0.515385 3.97 95.69 35.68 128.82
bottle 0.515382 110.75 200.55 139.80 224.00
chair 0.515346 0.00 122.50 30.58 163.05
tvmonitor 0.515306 156.89 91.99 193.00 145.18
sofa 0.515306 201.30 60.13 218.34 86.58
aeroplane 0.515217 177.32 29.21 199.18 50.55
aeroplane 0.515217 11.15 183.54 28.29 199.69
aeroplane 0.515213 193.65 0.00 213.22 20.18
aeroplane 0.515202 11.70 176.82 30.94 192.40
bottle 0.515185 137.86 110.65 157.63 150.00
aeroplane 0.515173 36.90 62.07 77.28 105.63
bottle 0.515163 102.00 171.93 125.87 205.46
tvmonitor 0.515151 90.96 87.70 141.01 148.73
chair 0.515117 0.00 136.23 25.60 170.49
bottle 0.515061 60.09 131.19 91.54 174.30
aeroplane 0.515013 190.20 37.85 208.27 56.61
bottle 0.514941 66.73 116.97 102.36 161.52
chair 0.514901 0.39 113.21 34.05 151.83
boat 0.514804 160.08 158.47 183.05 184.84
bottle 0.514794 48.62 197.69 71.78 224.00
bottle 0.514774 69.88 166.86 134.65 224.00
bottle 0.514695 88.35 197.86 119.64 224.00
tvmonitor 0.514669 159.05 48.20 188.39 84.03
bottle 0.514666 101.48 199.65 129.77 224.00
bottle 0.514657 54.48 155.78 83.77 190.14
boat 0.514638 137.51 93.67 154.57 142.64
aeroplane 0.514594 172.71 45.42 198.78 70.01
aeroplane 0.514593 182.57 10.34 199.03 31.19
bottle 0.514553 135.63 157.47 157.64 193.13
aeroplane 0.514538 20.51 175.13 55.14 191.21
sofa 0.514513 0.00 13.09 38.46 57.52
car 0.514512 182.60 164.99 205.64 190.93
tvmonitor 0.514477 155.13 15.40 181.45 52.02
sofa 0.514462 171.44 54.99 200.09 80.93
bottle 0.514409 72.23 155.78 97.25 195.77
bottle 0.514389 39.45 121.52 118.60 217.66
tvmonitor 0.514389 97.18 0.00 199.15 90.17
chair 0.514353 22.78 148.02 68.13 168.85
aeroplane 0.514271 34.36 187.67 58.58 208.58
sheep 0.514249 38.75 187.03 63.35 207.10
bottle 0.514183 139.27 199.51 177.43 224.00
boat 0.514130 148.10 114.28 170.40 152.68
bottle 0.514097 128.11 199.83 161.95 224.00
tvmonitor 0.514063 161.23 56.82 193.86 91.27
bottle 0.514049 46.99 132.69 85.36 172.10
tvmonitor 0.514037 50.92 31.68 86.03 76.34
boat 0.513965 158.23 147.33 178.44 176.47
tvmonitor 0.513933 59.99 47.00 93.34 91.76
bottle 0.513892 76.50 117.08 109.87 163.50
dog 0.513867 190.66 111.37 219.26 167.70
boat 0.513867 127.31 3.16 160.04 53.80
aeroplane 0.513864 197.03 7.03 207.08 25.05
aeroplane 0.513847 21.23 182.00 49.71 197.28
bottle 0.513815 121.20 152.00 145.05 189.60
aeroplane 0.513802 180.62 20.67 198.29 40.75
bottle 0.513771 79.06 131.58 108.37 179.90
aeroplane 0.513708 192.31 27.56 207.70 45.81
bottle 0.513706 151.92 147.56 170.81 178.20
car 0.513598 196.00 171.15 213.95 197.37
boat 0.513462 174.73 125.97 208.27 174.65
boat 0.513440 12.36 168.31 34.69 184.05
sheep 0.513364 188.55 192.27 215.01 218.04
bottle 0.513259 106.17 144.86 132.85 185.29
aeroplane 0.513255 188.28 46.99 207.14 68.22
boat 0.513245 142.42 3.17 170.75 47.42
boat 0.513166 14.01 159.96 39.98 175.89
boat 0.513165 22.42 156.85 64.27 174.45
boat 0.513094 21.02 165.84 59.93 182.76
aeroplane 0.513017 9.05 190.04 27.95 210.95
boat 0.512983 154.99 5.35 180.72 42.43
dog 0.512962 206.01 0.00 220.37 21.48
bottle 0.512867 28.05 153.28 75.40 186.06
bottle 0.512779 69.63 131.73 98.45 176.62
aeroplane 0.512764 3.42 32.02 60.54 72.08
chair 0.512741 14.56 150.60 46.31 169.43
sheep 0.512700 38.37 198.73 66.27 224.00
sofa 0.512682 203.02 52.26 217.97 78.83
sofa 0.512667 0.00 0.00 39.21 25.93
tvmonitor 0.512652 148.20 93.76 170.79 142.86
aeroplane 0.512648 205.60 43.67 218.52 69.34
dog 0.512591 2.19 205.19 33.25 224.00
bottle 0.512524 99.53 123.45 170.79 224.00
aeroplane 0.512518 207.74 34.24 219.22 58.45
bottle 0.512459 143.46 146.02 163.74 178.74
boat 0.512424 179.11 147.63 206.53 182.41
aeroplane 0.512413 195.71 17.13 206.13 34.04
bottle 0.512324 131.76 140.24 153.49 175.56
aeroplane 0.512231 4.52 0.00 56.27 25.88
car 0.512231 197.28 161.83 214.06 189.94
aeroplane 0.512201 7.56 16.91 63.95 56.82
boat 0.512194 127.70 0.00 161.40 35.08
chair 0.512119 13.78 139.43 52.52 163.61
aeroplane 0.512058 19.98 188.54 45.09 208.93
chair 0.512043 14.24 126.51 57.10 155.14
bottle 0.511985 113.54 132.20 140.94 169.50
aeroplane 0.511962 184.84 56.09 206.13 78.50
dog 0.511927 28.95 200.55 60.87 224.00
aeroplane 0.511854 27.34 45.65 71.93 90.39
aeroplane 0.511763 0.00 0.00 39.77 41.35
dog 0.511645 20.20 202.43 54.43 224.00
dog 0.511214 194.05 126.55 217.35 172.62
dog 0.510963 11.12 204.69 46.20 224.00
aeroplane 0.510740 210.87 2.62 215.97 23.97
car 0.510732 196.46 145.43 215.54 180.72
aeroplane 0.510434 210.25 23.21 218.46 46.52
tvmonitor 0.510173 20.37 30.63 67.91 70.55
aeroplane 0.509671 212.00 12.38 216.17 33.01
