person 0.665145 140.71 37.50 218.80 207.70
chair 0.599850 148.25 74.21 221.12 183.43
person 0.596685 3.52 86.45 108.16 203.72
person 0.594174 110.77 61.31 208.84 200.39
chair 0.589114 124.10 74.94 206.60 190.47
person 0.575585 31.69 78.06 122.08 196.46
person 0.572855 58.92 73.42 144.95 203.21
car 0.568155 127.13 51.20 216.05 190.73
person 0.567335 117.46 78.78 189.34 191.42
car 0.563618 65.96 97.01 146.82 169.35
person 0.563408 81.09 82.84 145.35 171.09
diningtable 0.561719 130.39 81.83 183.30 178.92
diningtable 0.559468 169.53 42.70 215.59 137.48
person 0.559036 169.86 35.30 217.19 132.96
person 0.557939 92.22 81.00 161.53 183.71
person 0.556063 23.91 93.15 63.09 179.58
person 0.555360 75.20 86.91 132.79 195.96
boat 0.555104 24.04 20.44 117.09 87.19
person 0.552489 71.31 82.67 178.02 209.10
bottle 0.551247 17.23 126.23 39.15 204.35
chair 0.550971 123.66 107.22 186.28 195.03
bottle 0.550292 27.56 17.61 115.17 81.66
chair 0.550212 22.85 99.86 60.82 182.84
chair 0.548476 212.31 87.80 224.00 163.45
car 0.548286 22.32 21.04 113.49 87.45
car 0.547668 91.63 84.70 145.95 184.90
person 0.547610 68.71 148.63 137.81 212.19
person 0.547519 23.36 63.79 97.72 173.19
tvmonitor 0.547223 164.35 0.00 205.81 26.33
bottle 0.546655 22.54 129.98 43.93 205.41
bottle 0.545961 9.36 126.46 32.54 202.10
bottle 0.545843 127.68 126.96 179.51 197.59
car 0.545508 65.30 70.61 131.09 154.47
person 0.545302 49.01 67.34 119.93 154.53
person 0.545105 17.79 101.32 54.61 184.67
person 0.544973 161.82 39.95 224.00 182.37
sofa 0.544410 206.42 55.21 224.00 123.11
person 0.544329 197.57 46.70 224.00 119.83
bottle 0.544302 39.07 138.26 63.16 207.11
bottle 0.544144 48.08 140.05 70.94 208.75
person 0.543875 10.31 112.94 35.13 193.66
person 0.543587 0.00 106.23 7.27 163.60
chair 0.543329 212.51 66.40 224.00 130.80
boat 0.543163 54.72 68.45 125.34 150.47
bottle 0.542953 56.50 66.29 109.98 146.60
diningtable 0.542805 138.08 72.23 199.56 165.45
bottle 0.542647 28.96 134.43 52.78 206.21
boat 0.542020 84.50 71.69 133.58 156.57
person 0.541857 28.26 84.05 70.72 164.27
person 0.541669 77.90 197.90 150.64 224.00
bottle 0.541326 57.10 141.00 81.90 210.56
bottle 0.540929 26.79 84.08 66.32 164.22
boat 0.540779 47.14 60.56 112.21 135.55
person 0.540534 36.75 86.21 85.41 163.82
car 0.540346 160.31 66.15 224.00 193.99
tvmonitor 0.540333 214.51 0.00 224.00 33.18
bottle 0.540306 165.46 37.96 197.68 72.39
bottle 0.540269 36.34 90.61 82.38 166.59
bottle 0.540150 70.44 197.67 140.77 224.00
bottle 0.539784 64.33 139.84 103.10 212.50
bottle 0.539605 17.68 111.19 47.82 194.80
chair 0.539554 186.29 85.64 223.29 176.23
person 0.538853 30.63 54.17 95.52 138.66
boat 0.538352 32.67 48.48 111.99 114.49
person 0.538111 0.00 93.62 71.39 206.09
bottle 0.538042 92.91 201.78 160.16 224.00
person 0.538007 0.00 121.69 7.18 187.44
person 0.537987 150.26 59.24 189.60 132.43
diningtable 0.537651 157.75 60.03 212.44 146.48
tvmonitor 0.537621 34.49 17.33 115.23 76.48
bottle 0.537517 82.00 159.16 155.34 219.38
person 0.537169 146.08 64.01 180.11 125.98
bottle 0.537134 31.75 112.54 63.69 190.67
dog 0.537113 59.71 125.18 169.99 224.00
bottle 0.537017 0.00 204.50 16.69 224.00
bottle 0.536794 65.25 82.83 112.48 161.46
dog 0.536478 123.15 126.26 178.53 195.66
person 0.536471 0.00 91.89 8.33 141.90
person 0.536407 167.07 33.90 210.75 102.78
tvmonitor 0.536363 186.94 0.00 224.00 50.53
chair 0.536278 161.15 68.20 215.46 157.79
tvmonitor 0.536268 208.32 206.47 224.00 224.00
bottle 0.536104 29.15 75.93 79.30 152.97
person 0.536081 2.51 112.44 26.42 182.46
bottle 0.535974 1.12 130.57 20.15 199.73
person 0.535943 0.88 109.56 20.60 167.14
person 0.535643 168.24 35.24 200.01 76.54
person 0.535526 48.04 106.06 133.04 212.83
aeroplane 0.535399 90.24 21.44 133.54 78.84
person 0.535382 139.29 72.89 175.13 131.50
person 0.535186 180.97 40.91 224.00 121.84
diningtable 0.535172 144.54 64.56 192.43 143.46
car 0.535151 63.10 100.26 121.86 164.04
bottle 0.535038 0.00 208.51 29.04 224.00
car 0.534679 68.85 122.16 129.08 205.72
person 0.534320 75.32 158.92 152.51 219.32
person 0.534204 2.26 123.33 22.37 198.26
person 0.534149 149.60 32.86 207.06 167.25
person 0.533941 0.00 73.72 9.64 120.93
bottle 0.533721 27.30 65.94 73.77 134.96
bottle 0.533686 120.25 208.20 174.32 224.00
diningtable 0.533647 128.03 78.49 173.23 155.38
car 0.533515 30.57 45.64 110.90 107.79
bottle 0.533488 0.00 141.16 7.75 203.37
bottle 0.533197 108.60 155.23 165.87 210.97
tvmonitor 0.533019 163.84 34.41 218.96 164.42
person 0.532954 99.53 74.19 138.09 161.73
bottle 0.532914 136.89 210.19 178.44 224.00
bottle 0.532726 23.14 22.90 89.82 87.45
bottle 0.532658 56.60 98.87 105.17 164.96
car 0.532279 71.19 163.68 142.55 215.35
bottle 0.532127 35.68 64.77 106.79 133.75
car 0.531900 21.71 32.72 87.50 90.32
bottle 0.531695 188.19 210.76 218.48 224.00
diningtable 0.531615 0.00 96.67 111.16 210.57
bottle 0.531614 209.96 26.37 224.00 72.21
person 0.531511 0.00 0.00 94.13 152.95
dog 0.531444 24.07 20.19 86.27 81.76
bottle 0.531419 197.16 209.46 224.00 224.00
chair 0.530885 159.68 97.02 215.55 187.02
chair 0.530774 213.49 116.94 224.00 184.97
person 0.530751 196.75 37.13 224.00 96.78
person 0.530717 123.11 48.67 190.82 167.70
tvmonitor 0.530569 191.43 0.00 218.09 32.14
bottle 0.530476 43.26 114.48 73.73 187.04
bottle 0.530281 111.23 27.29 147.16 73.59
tvmonitor 0.530217 180.67 158.53 224.00 224.00
boat 0.530133 95.99 73.91 131.34 136.91
bottle 0.530085 166.02 109.53 212.43 187.55
car 0.530015 28.09 56.10 93.89 117.32
bottle 0.529995 204.03 33.17 224.00 84.00
bottle 0.529918 125.96 152.14 171.96 204.82
person 0.529725 55.46 125.75 161.33 224.00
dog 0.529532 72.97 181.01 142.40 224.00
bottle 0.529466 153.69 210.63 195.52 224.00
bottle 0.529454 155.83 38.52 190.41 73.07
bottle 0.529260 125.21 29.51 153.74 69.78
bottle 0.529211 86.14 143.10 147.19 211.38
boat 0.529115 51.00 16.58 128.65 78.70
sofa 0.529104 192.83 48.59 224.00 125.51
bottle 0.528803 216.63 137.90 224.00 190.63
person 0.528738 68.43 181.15 146.73 224.00
bottle 0.528580 167.39 0.00 205.43 28.57
bottle 0.528435 41.85 11.96 112.87 67.75
person 0.528412 10.81 105.14 31.17 160.03
chair 0.528386 198.88 82.20 224.00 162.33
bottle 0.528374 1.71 69.42 19.83 111.08
dog 0.528344 92.93 140.21 193.10 224.00
aeroplane 0.528331 108.77 28.54 145.39 73.52
sheep 0.528306 129.70 141.19 176.66 195.37
bottle 0.528186 118.32 148.94 209.74 224.00
diningtable 0.528167 132.90 74.82 170.14 121.53
bottle 0.528041 134.97 31.79 165.66 70.16
person 0.528015 0.00 0.00 47.09 54.09
person 0.527801 0.00 132.61 53.15 224.00
tvmonitor 0.527715 184.36 15.52 224.00 122.44
bottle 0.527700 122.12 0.00 170.68 17.60
tvmonitor 0.527600 166.06 0.00 224.00 45.51
person 0.527579 0.00 45.67 59.05 143.07
dog 0.527413 0.00 0.00 19.98 23.87
person 0.527412 0.00 63.57 70.89 170.27
person 0.527313 0.00 53.82 9.50 105.13
bottle 0.527306 24.67 59.21 65.44 115.02
bottle 0.527221 2.43 210.96 40.32 224.00
bottle 0.527160 31.71 211.49 73.94 224.00
tvmonitor 0.527141 187.23 0.00 224.00 84.20
person 0.527031 113.75 78.31 159.24 157.32
aeroplane 0.526980 72.07 15.04 131.87 74.32
person 0.526958 86.65 119.10 143.62 197.59
person 0.526913 100.04 115.92 159.54 196.93
person 0.526712 158.36 41.81 190.95 103.56
person 0.526618 161.70 38.40 193.56 80.90
boat 0.526617 37.97 34.12 109.04 97.55
bottle 0.526599 212.50 12.13 224.00 59.87
person 0.526559 1.29 75.07 17.83 114.78
car 0.526539 24.06 46.91 77.25 104.56
bottle 0.526493 56.07 115.91 91.41 182.56
bottle 0.526394 171.07 211.13 210.91 224.00
person 0.526293 107.08 0.00 179.77 39.60
bottle 0.526271 167.58 32.79 204.69 81.80
person 0.526240 1.11 95.89 16.60 140.39
bottle 0.526153 33.86 29.84 100.77 96.52
bottle 0.526149 40.88 210.09 82.73 224.00
boat 0.526020 36.06 11.81 116.53 67.06
person 0.525982 64.84 55.10 138.61 141.61
bottle 0.525869 175.07 130.76 209.35 189.31
person 0.525821 108.85 76.16 140.95 141.44
car 0.525531 63.57 113.50 110.43 178.88
bottle 0.525500 145.29 33.82 177.83 73.06
chair 0.525473 143.58 109.70 204.94 186.85
sheep 0.525382 96.66 173.36 163.22 224.00
bottle 0.525378 17.83 211.72 59.01 224.00
bottle 0.525284 62.77 203.54 112.38 224.00
dog 0.525266 0.00 40.50 9.38 87.40
person 0.525013 21.51 23.79 112.65 177.65
bottle 0.525008 0.00 192.58 11.77 224.00
person 0.524984 67.77 121.17 131.78 201.15
bottle 0.524961 52.77 207.20 95.87 224.00
bottle 0.524861 11.28 67.76 32.95 106.18
bottle 0.524815 143.95 0.00 212.71 43.18
person 0.524768 15.47 101.61 144.66 220.85
bottle 0.524729 119.41 0.00 192.14 40.95
bottle 0.524712 148.34 155.05 222.81 224.00
person 0.524618 16.64 49.12 83.31 147.58
bottle 0.524437 0.00 177.74 9.39 224.00
bottle 0.524393 46.80 0.00 107.39 50.04
bottle 0.524365 212.02 200.80 224.00 224.00
boat 0.524270 111.78 0.00 156.68 15.05
diningtable 0.524156 113.05 76.65 141.91 132.77
chair 0.524107 199.84 61.70 224.00 133.89
dog 0.523943 24.93 17.52 74.60 65.18
person 0.523910 1.28 83.19 16.47 124.49
person 0.523762 152.78 46.29 182.96 102.56
bottle 0.523618 176.99 31.49 209.66 67.32
bottle 0.523608 135.44 178.58 171.50 222.86
bottle 0.523566 117.21 175.01 169.50 224.00
boat 0.523362 78.13 65.33 126.14 123.10
person 0.523195 90.05 0.00 160.71 41.98
bottle 0.523158 19.64 63.05 53.12 108.53
bottle 0.523146 216.82 187.65 224.00 223.32
boat 0.523136 45.25 0.00 108.85 48.66
person 0.523125 32.32 42.92 114.26 108.09
bottle 0.523078 139.62 0.00 191.81 20.64
bottle 0.523070 163.76 26.13 200.78 68.90
person 0.523021 134.32 70.97 171.89 115.57
bottle 0.522891 139.73 165.56 181.69 207.00
bottle 0.522857 0.00 161.92 7.83 216.72
person 0.522850 0.00 18.43 50.76 100.66
boat 0.522838 58.53 61.21 119.72 120.68
diningtable 0.522827 124.37 76.95 158.86 126.52
bottle 0.522786 217.59 155.87 224.00 205.62
person 0.522745 45.11 0.00 105.75 53.61
sheep 0.522626 145.70 183.01 189.79 224.00
tvmonitor 0.522577 160.39 20.74 214.41 128.80
dog 0.522393 27.73 11.14 62.12 43.23
bottle 0.522355 10.51 73.95 28.51 112.76
bottle 0.522342 0.00 197.23 23.64 224.00
person 0.522251 120.32 77.25 157.07 135.20
person 0.522198 10.98 128.41 76.39 224.00
bottle 0.522175 18.73 150.86 39.63 210.48
bottle 0.522035 0.00 179.13 19.93 221.71
boat 0.521972 55.77 0.00 99.08 27.65
aeroplane 0.521968 76.73 33.38 124.72 95.13
bottle 0.521850 168.10 1.51 202.75 49.51
person 0.521788 32.14 133.01 116.50 224.00
bottle 0.521673 181.13 106.18 223.69 186.57
tvmonitor 0.521648 168.21 0.00 220.30 78.19
bottle 0.521429 134.27 201.54 175.16 224.00
bottle 0.521390 3.92 57.43 28.94 100.23
bottle 0.521347 115.05 198.84 173.30 224.00
bottle 0.521312 26.50 150.87 44.41 209.15
person 0.521229 111.39 0.00 204.56 178.28
dog 0.521194 153.62 185.20 199.11 224.00
boat 0.521166 105.76 72.66 133.31 125.77
sheep 0.521114 142.93 167.00 190.02 208.36
bottle 0.520750 8.47 154.35 30.40 210.80
car 0.520710 2.35 0.00 65.49 57.36
bottle 0.520697 218.19 169.39 224.00 214.40
person 0.520662 58.89 41.02 141.31 119.22
bottle 0.520659 198.67 28.96 224.00 69.00
aeroplane 0.520560 87.59 8.18 132.44 63.03
bottle 0.520406 26.13 178.46 48.03 224.00
bottle 0.520382 23.31 0.00 80.10 58.20
dog 0.520375 149.39 167.66 196.85 210.39
sheep 0.520362 0.00 0.00 30.51 20.99
boat 0.520302 76.01 50.77 122.57 112.75
tvmonitor 0.520290 175.77 124.48 224.00 224.00
sheep 0.520127 0.00 24.93 8.37 67.94
bottle 0.520094 18.34 176.91 42.59 223.83
bottle 0.520089 146.57 18.53 204.36 126.15
person 0.520074 11.22 96.36 28.18 143.05
person 0.520031 21.56 92.01 48.59 151.94
dog 0.519990 23.06 0.00 55.30 24.07
bottle 0.519983 32.73 152.55 51.22 208.20
person 0.519888 64.65 0.00 134.76 47.38
sheep 0.519852 0.00 4.71 11.84 39.00
person 0.519797 36.36 0.00 137.35 167.13
sheep 0.519749 5.03 44.79 30.65 82.35
bottle 0.519661 61.43 156.63 86.37 207.20
bottle 0.519628 7.52 177.54 32.45 222.05
bottle 0.519525 51.16 0.00 93.77 27.18
bottle 0.519487 0.00 159.35 18.19 212.61
boat 0.519437 91.92 53.78 126.22 111.36
boat 0.519387 115.15 73.53 142.95 122.32
bottle 0.519231 177.93 16.49 208.39 57.75
bottle 0.519204 149.11 131.82 196.52 189.57
sheep 0.519180 0.00 11.67 10.19 47.85
bottle 0.519149 115.62 0.00 167.91 34.67
bottle 0.519006 13.54 56.90 43.41 94.73
bottle 0.518921 137.65 58.37 172.55 102.77
person 0.518880 115.49 16.72 181.45 108.08
bottle 0.518864 20.42 50.82 62.18 92.86
person 0.518864 135.19 16.51 194.78 119.33
chair 0.518784 126.55 73.40 160.04 118.47
sheep 0.518702 26.67 0.00 58.29 25.49
sheep 0.518564 141.47 154.52 186.85 200.91
bottle 0.518540 149.48 39.12 182.73 83.76
bottle 0.518464 148.52 203.75 192.04 224.00
person 0.518432 65.23 0.00 177.18 181.30
dog 0.518424 14.40 50.79 46.60 86.81
bottle 0.518347 199.68 12.87 220.54 56.31
boat 0.518280 74.87 0.00 117.26 21.91
bottle 0.518076 31.48 179.69 54.60 224.00
bottle 0.517994 144.50 0.00 210.82 72.97
person 0.517938 10.75 83.02 26.65 124.95
aeroplane 0.517881 87.92 0.00 125.71 17.89
bottle 0.517870 196.92 0.00 216.32 38.52
aeroplane 0.517870 97.78 0.00 138.06 15.41
sheep 0.517823 8.95 0.00 42.01 20.56
person 0.517788 67.05 22.27 149.00 94.80
bottle 0.517754 74.15 161.77 133.82 211.04
boat 0.517691 109.35 0.00 157.90 34.46
sheep 0.517673 5.54 37.58 28.91 73.28
bottle 0.517673 186.08 35.72 224.00 96.29
bottle 0.517632 21.11 80.46 47.54 134.58
bottle 0.517504 69.72 158.67 110.30 208.58
aeroplane 0.517363 65.14 0.00 116.45 35.69
bottle 0.517325 60.43 177.13 89.86 217.16
bottle 0.517320 176.40 0.00 207.46 39.03
bottle 0.517207 189.25 132.73 221.91 187.86
bottle 0.517196 40.98 0.00 81.25 26.75
bottle 0.517180 48.56 178.22 73.48 221.74
aeroplane 0.517132 83.01 0.00 123.70 27.59
bottle 0.517026 75.00 177.91 134.48 218.36
bottle 0.516974 109.79 8.76 151.24 61.25
bottle 0.516924 38.45 179.62 63.86 224.00
bottle 0.516862 129.63 59.93 158.70 103.94
bottle 0.516752 126.90 5.43 166.28 59.94
bottle 0.516666 69.74 176.92 112.62 215.61
bottle 0.516640 181.57 142.51 213.14 191.68
bottle 0.516553 127.74 38.92 155.37 84.88
bottle 0.516522 21.01 204.12 55.05 224.00
aeroplane 0.516480 103.44 0.00 152.66 19.34
bottle 0.516406 183.04 190.86 213.79 221.97
bottle 0.516358 138.42 40.13 172.78 83.70
sheep 0.516353 167.50 144.84 203.98 192.67
sheep 0.516347 151.20 144.87 194.32 193.74
aeroplane 0.516288 102.79 0.00 146.50 35.77
bottle 0.516188 4.58 200.04 36.24 224.00
bottle 0.516184 170.67 190.65 210.03 224.00
bottle 0.516161 121.66 0.00 194.98 65.82
dog 0.516140 158.03 205.53 201.79 224.00
sheep 0.516096 5.96 28.71 28.17 61.83
sofa 0.516064 108.71 0.00 184.10 61.47
dog 0.516063 165.37 170.26 207.85 212.11
aeroplane 0.516033 80.22 0.00 121.83 44.99
boat 0.516019 113.66 36.88 143.65 86.51
bottle 0.515926 31.42 204.09 68.82 224.00
aeroplane 0.515869 94.19 0.00 132.87 39.05
bottle 0.515847 17.19 27.26 77.91 102.77
dog 0.515846 22.14 37.95 72.44 83.23
sheep 0.515840 17.57 10.23 47.10 31.21
sheep 0.515759 162.57 154.48 202.88 202.21
boat 0.515752 116.47 59.34 143.60 105.64
sheep 0.515751 6.38 8.52 30.00 32.86
tvmonitor 0.515530 143.44 118.75 215.57 224.00
bottle 0.515488 41.80 201.08 77.83 224.00
boat 0.515486 102.86 56.88 132.20 108.40
bottle 0.515441 13.72 202.01 47.38 224.00
sheep 0.515220 6.63 20.41 29.24 50.23
sheep 0.515089 7.23 14.90 30.18 40.47
boat 0.514947 97.06 33.83 133.65 88.40
bottle 0.514804 55.26 197.56 93.57 224.00
bottle 0.514740 37.23 0.00 90.35 43.25
sofa 0.514601 80.24 0.00 158.36 59.81
bottle 0.514311 10.71 1.10 75.37 81.86
sheep 0.514009 25.64 0.00 69.60 40.14
sheep 0.513995 16.45 37.35 49.01 71.65
bottle 0.513983 146.42 4.19 186.01 56.90
sofa 0.513766 49.84 0.00 126.71 65.64
bottle 0.513758 199.02 190.33 218.81 220.55
sheep 0.513680 19.20 15.20 49.83 38.11
sheep 0.513361 17.61 28.83 49.87 60.30
sheep 0.513246 18.37 20.47 50.91 48.19
bottle 0.512484 175.83 169.46 211.46 209.65
sheep 0.512059 177.75 152.46 211.93 200.48
bottle 0.510306 190.22 152.71 216.49 200.39
bottle 0.509662 193.17 169.02 216.92 209.80
