sheep 0.592742 163.01 175.19 211.49 207.97
sheep 0.587407 80.77 163.85 124.84 186.29
cow 0.563220 65.33 90.38 104.77 115.81
cow 0.560322 76.08 96.10 122.90 128.34
cow 0.556439 67.28 85.08 120.24 118.45
sheep 0.552595 26.00 0.00 185.12 186.32
sheep 0.552324 161.18 159.25 213.55 211.49
sheep 0.550316 14.12 163.16 58.21 187.26
aeroplane 0.547130 63.45 93.54 95.90 117.47
sheep 0.546897 152.47 183.43 195.35 207.77
sheep 0.545854 84.56 64.80 126.63 114.82
sheep 0.545749 71.01 84.24 120.27 118.16
sheep 0.544442 182.84 153.98 224.00 211.20
sheep 0.544176 71.55 162.28 115.77 184.70
sheep 0.543342 61.72 25.10 188.91 152.45
bird 0.541386 14.24 162.89 59.57 186.37
sheep 0.540600 132.08 194.24 176.39 214.76
sheep 0.540515 104.57 0.00 143.30 20.69
dog 0.539539 40.79 186.52 165.28 224.00
sheep 0.538903 108.64 31.44 135.92 54.54
bird 0.538699 130.15 198.88 180.97 223.70
cow 0.538408 67.29 97.82 108.73 125.65
aeroplane 0.537138 62.14 101.55 94.09 124.60
bird 0.537100 164.53 176.99 207.59 207.12
sheep 0.536683 37.91 0.00 176.77 124.58
cow 0.536305 55.59 95.08 89.12 119.67
sheep 0.536162 108.51 6.72 139.68 24.40
sheep 0.536134 215.16 77.56 224.00 108.18
sheep 0.535965 110.14 11.36 138.88 35.19
aeroplane 0.535721 53.69 97.63 89.84 119.57
sheep 0.535670 88.42 211.28 131.76 224.00
cow 0.535322 82.68 104.23 123.81 133.38
dog 0.535015 139.19 188.61 182.12 209.88
sheep 0.535002 109.05 21.40 137.98 45.46
sheep 0.534909 192.53 111.14 224.00 209.54
bird 0.534126 94.24 211.34 136.14 224.00
sheep 0.534090 187.25 75.12 206.15 98.22
sheep 0.533678 190.13 61.77 224.00 202.53
sheep 0.533676 63.87 17.02 85.92 38.55
bird 0.533566 51.16 211.70 91.19 224.00
sheep 0.533471 73.29 210.94 117.39 224.00
bird 0.533366 62.92 211.25 104.13 224.00
sheep 0.533292 216.74 82.37 224.00 116.02
sheep 0.532893 192.37 80.84 209.80 103.48
bird 0.532888 33.13 211.35 78.53 224.00
sheep 0.532693 61.28 11.42 85.35 32.97
sheep 0.532688 70.81 17.22 92.77 39.07
sheep 0.532462 214.17 71.73 224.00 101.26
dog 0.532189 0.00 114.27 103.26 224.00
aeroplane 0.532001 56.96 122.34 91.72 144.21
sheep 0.531858 102.08 36.74 128.64 63.85
sheep 0.531675 126.46 111.62 149.98 139.53
sheep 0.531493 78.63 70.48 119.20 122.30
sheep 0.531180 72.38 24.09 93.82 46.81
pottedplant 0.531154 191.91 165.85 224.00 224.00
sheep 0.530874 120.21 62.63 150.26 103.47
aeroplane 0.530739 59.51 112.42 93.02 134.31
sheep 0.530603 64.58 160.20 105.71 181.02
bird 0.530567 19.24 207.86 63.47 224.00
sheep 0.530452 68.64 10.91 92.77 32.88
cow 0.530187 187.96 0.00 224.00 50.23
sheep 0.530184 216.77 124.48 224.00 158.62
sheep 0.530136 50.38 13.11 77.56 31.30
sheep 0.530131 100.51 63.54 140.18 106.89
sheep 0.529898 82.05 32.71 105.16 55.80
bird 0.529836 149.25 186.45 195.23 208.92
sheep 0.529668 84.27 40.54 190.64 195.15
person 0.529649 50.05 0.00 155.43 44.62
sheep 0.529639 99.38 29.27 127.80 51.17
sheep 0.529519 90.55 38.36 118.12 68.96
bottle 0.529357 209.85 198.28 224.00 224.00
sheep 0.529304 91.70 46.58 123.31 89.99
sheep 0.529224 0.00 0.00 131.41 152.76
sheep 0.528958 186.01 68.80 205.32 93.38
sheep 0.528909 52.20 17.34 77.94 36.17
sheep 0.528893 165.52 56.81 221.75 204.68
sheep 0.528890 82.73 39.43 107.67 69.79
sheep 0.528875 66.44 22.17 87.52 45.26
sheep 0.528865 74.30 31.98 95.48 56.17
sheep 0.528814 215.03 64.25 224.00 94.73
dog 0.528787 0.00 57.19 40.28 154.63
sheep 0.528781 129.52 62.63 157.48 100.78
sheep 0.528777 68.65 102.69 179.63 224.00
sheep 0.528567 40.31 13.81 71.04 29.83
aeroplane 0.528532 58.37 129.23 92.52 154.02
chair 0.528371 63.38 0.00 224.00 183.55
sheep 0.528367 118.64 32.65 148.11 56.42
sheep 0.528361 218.73 86.93 224.00 126.16
sheep 0.528257 112.40 38.57 140.79 64.71
aeroplane 0.528106 49.68 105.65 90.00 127.58
cow 0.528059 24.99 94.10 77.06 127.19
dog 0.527988 47.13 110.21 172.53 224.00
sheep 0.527944 91.89 30.81 120.04 53.19
chair 0.527921 55.53 0.00 160.33 45.83
sheep 0.527908 81.40 23.96 104.87 46.01
bird 0.527881 0.00 67.96 40.42 161.65
sheep 0.527751 0.00 156.49 27.19 198.51
sheep 0.527646 91.31 56.67 131.69 107.12
bird 0.527643 103.81 209.33 148.29 224.00
sheep 0.527499 130.20 32.91 156.15 57.57
person 0.527458 0.00 0.00 20.40 26.30
sheep 0.527423 217.12 55.19 224.00 86.61
cow 0.527420 41.04 95.56 84.03 121.86
sheep 0.527312 121.29 77.56 150.42 111.01
sheep 0.527225 218.07 107.59 224.00 146.41
sheep 0.527159 132.10 113.46 155.80 140.55
sheep 0.527149 120.67 49.30 201.19 201.83
sheep 0.527056 218.30 21.53 224.00 51.97
sheep 0.527052 125.31 104.99 149.87 133.13
bottle 0.527009 126.86 182.91 193.25 224.00
aeroplane 0.526990 28.81 94.86 79.49 124.98
sheep 0.526865 75.91 38.59 97.78 67.93
dog 0.526811 0.00 168.75 48.81 224.00
sheep 0.526710 0.00 90.76 102.45 224.00
sheep 0.526697 0.00 83.65 9.90 136.75
sheep 0.526678 118.29 37.04 148.04 65.54
bird 0.526672 68.32 154.30 109.75 178.82
sheep 0.526670 26.58 15.23 64.35 27.85
sheep 0.526600 131.66 78.47 157.12 109.30
sheep 0.526530 143.05 34.94 164.23 57.13
sheep 0.526480 78.20 0.00 114.39 19.78
sheep 0.526462 89.97 0.00 131.36 19.54
sheep 0.526425 26.54 18.47 62.02 34.78
sheep 0.526390 111.55 24.44 220.85 219.53
sheep 0.526381 218.49 46.19 224.00 78.66
sheep 0.526373 218.60 29.07 224.00 62.35
sheep 0.526367 130.15 37.54 156.41 67.56
sheep 0.526307 81.32 15.95 105.83 36.81
sheep 0.526216 117.78 23.85 147.78 47.18
sheep 0.526183 114.35 0.00 153.82 21.64
sheep 0.526148 184.52 126.45 206.48 157.60
sheep 0.526139 188.31 85.16 206.11 107.99
aeroplane 0.526130 208.94 0.00 224.00 19.21
sheep 0.526128 219.14 96.28 224.00 137.43
sheep 0.526039 8.10 160.38 51.25 194.68
sheep 0.526022 218.15 15.03 224.00 41.53
sheep 0.525920 188.97 22.06 224.00 150.34
dog 0.525909 133.75 183.62 166.75 211.22
sheep 0.525884 218.76 37.48 224.00 71.40
dog 0.525875 0.00 0.00 144.30 150.93
bird 0.525863 30.10 159.73 75.77 181.13
dog 0.525772 0.00 0.00 47.05 41.29
sheep 0.525716 153.82 36.24 172.15 56.56
sheep 0.525704 21.28 190.47 68.11 218.22
bottle 0.525612 158.63 192.86 205.71 224.00
bird 0.525493 157.59 193.53 203.70 224.00
sheep 0.525480 184.26 61.02 203.55 86.69
sheep 0.525445 125.07 0.00 163.03 20.40
cow 0.525428 69.14 41.11 165.48 139.69
sheep 0.525421 68.23 0.00 100.52 21.49
cow 0.525415 105.39 108.79 137.75 137.23
dog 0.525386 126.59 163.12 152.51 191.46
sheep 0.525384 183.62 120.73 205.55 149.51
sheep 0.525334 41.11 17.52 70.58 35.31
dog 0.525321 45.23 0.00 150.67 42.78
sheep 0.525272 212.36 131.49 224.00 172.76
sheep 0.525242 142.23 40.76 163.98 67.98
sheep 0.525195 0.00 98.65 10.99 148.19
bottle 0.525175 140.31 175.33 203.72 224.00
sheep 0.525167 166.78 130.17 215.30 203.39
sheep 0.525025 129.75 25.39 155.41 49.13
bird 0.524856 120.66 203.51 168.72 224.00
sheep 0.524854 122.86 86.06 149.50 117.46
sheep 0.524839 116.79 15.21 146.95 35.94
bird 0.524825 49.71 158.84 90.33 179.27
sheep 0.524803 183.54 75.08 201.30 97.01
dog 0.524796 0.00 141.70 38.23 213.74
sheep 0.524794 136.89 62.90 164.60 98.79
sheep 0.524602 45.51 192.03 168.36 224.00
aeroplane 0.524518 45.08 115.32 90.35 136.74
sheep 0.524516 179.79 60.08 198.31 85.41
sheep 0.524474 16.98 184.53 56.42 213.82
sheep 0.524438 181.88 68.20 200.55 92.08
sheep 0.524395 58.83 0.00 87.07 26.90
sheep 0.524340 153.69 43.32 172.73 66.86
dog 0.524338 30.02 182.59 116.53 224.00
sheep 0.524317 152.40 135.32 204.83 204.53
sheep 0.524302 114.23 9.92 145.70 25.92
sheep 0.524301 163.06 37.09 180.95 57.16
sheep 0.524201 81.33 47.46 112.19 86.46
bird 0.524165 140.17 190.51 194.21 217.76
sheep 0.524143 191.52 0.00 224.00 113.69
sheep 0.524135 97.20 77.83 138.49 113.40
pottedplant 0.524122 165.96 168.96 218.37 224.00
dog 0.524114 13.59 182.79 89.73 224.00
sheep 0.524082 199.29 80.26 215.66 104.51
aeroplane 0.524081 38.18 100.37 90.27 124.29
bird 0.524072 0.00 200.07 26.54 224.00
sheep 0.524030 217.94 8.22 224.00 32.57
sheep 0.524025 100.93 19.26 132.38 41.37
sheep 0.523988 68.76 29.19 89.72 54.37
aeroplane 0.523943 42.22 123.28 89.99 146.08
sheep 0.523895 128.82 181.98 163.81 209.89
bird 0.523842 10.62 205.64 47.73 224.00
sheep 0.523837 80.37 9.10 108.84 29.09
bird 0.523805 162.73 182.00 204.50 215.22
sheep 0.523793 94.05 0.66 189.19 122.31
dog 0.523787 127.84 170.63 155.84 199.26
sheep 0.523737 179.31 44.04 196.53 67.79
sheep 0.523720 196.47 14.48 209.81 29.03
sheep 0.523668 141.85 27.57 163.44 48.60
sheep 0.523627 101.66 163.61 139.00 188.47
cow 0.523602 67.17 108.79 106.56 135.29
sheep 0.523596 128.77 44.91 157.78 88.34
sheep 0.523564 172.32 37.67 190.46 56.69
sheep 0.523560 98.94 46.47 132.52 86.85
sheep 0.523560 132.05 87.29 155.66 116.37
sheep 0.523488 173.17 45.00 190.43 66.59
sheep 0.523486 116.60 44.07 149.38 86.61
dog 0.523461 0.00 32.38 12.53 74.34
sheep 0.523430 164.10 44.53 182.14 66.78
sheep 0.523327 178.96 52.32 196.68 77.91
dog 0.523313 18.65 39.31 50.60 60.79
bird 0.523296 62.41 150.66 101.27 173.95
sheep 0.523185 181.62 133.39 208.97 173.68
dog 0.523179 20.10 23.50 57.98 43.23
sheep 0.523175 88.70 187.05 126.36 212.42
aeroplane 0.523167 18.26 15.19 60.87 29.19
sheep 0.523145 203.08 141.88 224.00 191.30
sheep 0.523143 179.90 35.89 197.44 57.08
sheep 0.523109 15.08 170.20 54.47 202.33
dog 0.523104 18.65 31.12 53.66 52.17
sheep 0.523054 93.61 20.65 123.67 42.99
dog 0.523025 136.12 171.74 161.81 201.27
sheep 0.522961 103.60 102.93 137.69 132.19
sheep 0.522951 135.35 163.52 159.74 194.04
sheep 0.522930 183.50 113.09 204.26 141.93
sheep 0.522895 147.14 63.05 173.36 95.03
sheep 0.522893 127.77 10.63 153.92 27.74
sheep 0.522883 137.58 114.67 163.83 141.02
sheep 0.522880 123.77 96.05 149.04 126.33
sheep 0.522868 129.80 17.24 154.17 38.03
bird 0.522855 23.84 99.05 85.93 134.44
sheep 0.522838 107.21 45.26 140.51 85.76
sheep 0.522835 152.02 28.63 170.96 47.77
sheep 0.522753 78.85 58.84 116.17 105.64
sheep 0.522721 161.74 63.75 184.06 91.54
aeroplane 0.522712 21.18 0.00 61.51 19.16
dog 0.522711 0.00 20.09 38.61 119.34
sheep 0.522699 135.73 0.00 171.49 18.85
sheep 0.522632 183.47 53.16 202.45 79.13
sheep 0.522617 32.44 0.00 69.09 22.30
sheep 0.522562 24.82 22.60 59.13 43.08
sheep 0.522538 31.31 163.52 71.99 184.88
bird 0.522516 1.41 58.51 59.21 151.23
sheep 0.522500 185.68 35.62 203.48 58.21
sheep 0.522469 102.49 8.97 134.65 30.59
sheep 0.522440 174.58 66.35 194.26 91.06
sheep 0.522383 54.44 20.43 79.51 42.43
dog 0.522333 50.19 20.21 167.08 146.58
sheep 0.522315 184.21 44.49 202.64 69.25
dog 0.522303 21.86 56.57 76.12 146.93
sheep 0.522202 47.27 1.61 78.59 26.75
bird 0.522164 0.00 105.00 39.69 187.53
sheep 0.522155 0.00 60.01 11.85 106.35
sheep 0.522081 0.00 130.82 16.38 172.76
sheep 0.522066 162.16 28.94 179.90 48.59
sheep 0.522061 0.00 118.29 13.45 162.82
sheep 0.522005 172.59 59.00 192.48 85.12
sheep 0.521969 70.41 36.45 91.37 65.33
sheep 0.521907 0.00 169.37 25.49 211.15
aeroplane 0.521905 60.86 137.68 95.48 164.71
sheep 0.521897 75.75 46.24 100.75 81.14
cow 0.521896 64.55 139.84 101.65 168.06
sheep 0.521838 0.00 143.69 20.64 184.33
cow 0.521794 65.72 121.99 103.84 146.04
cow 0.521786 23.43 88.15 70.35 119.48
sheep 0.521772 176.51 72.90 194.67 95.62
sheep 0.521706 157.08 0.00 188.27 17.93
sheep 0.521700 172.84 52.22 191.02 77.28
cow 0.521643 93.81 107.28 127.84 135.44
sheep 0.521636 0.00 0.00 30.55 23.49
sheep 0.521615 184.70 102.58 204.00 130.37
sheep 0.521590 196.59 21.55 209.12 37.79
sheep 0.521568 49.04 163.37 88.87 184.04
sheep 0.521502 190.43 0.00 217.59 19.08
aeroplane 0.521489 43.83 129.98 89.41 155.72
sheep 0.521367 96.82 79.26 212.11 224.00
sheep 0.521346 0.00 45.06 12.18 89.18
sheep 0.521336 123.40 124.67 149.77 163.23
sheep 0.521329 176.69 146.07 212.49 194.87
sheep 0.521306 146.17 0.00 179.78 17.71
sheep 0.521296 70.88 71.39 107.01 115.89
aeroplane 0.521288 15.19 39.17 49.29 62.05
dog 0.521269 7.98 0.00 83.59 33.55
sheep 0.521232 38.10 192.16 79.94 224.00
sheep 0.521184 197.40 75.43 214.59 99.59
sheep 0.521143 149.50 118.03 176.87 146.92
sheep 0.521133 186.63 92.32 204.89 117.97
sheep 0.521112 203.46 163.72 224.00 217.41
sheep 0.521090 188.67 27.40 203.80 47.84
sheep 0.521036 0.50 94.72 26.37 137.04
aeroplane 0.520977 11.85 15.21 47.12 29.66
bottle 0.520956 195.04 196.93 224.00 224.00
sheep 0.520909 130.74 98.07 154.06 126.45
sheep 0.520907 165.97 0.00 195.86 18.65
sheep 0.520896 161.88 0.00 224.00 43.07
sheep 0.520893 185.46 84.27 200.21 106.89
aeroplane 0.520853 6.89 0.00 41.95 20.73
sheep 0.520806 95.05 10.76 126.97 32.51
sheep 0.520803 87.36 168.92 125.16 196.30
sheep 0.520797 0.00 0.00 17.68 31.66
aeroplane 0.520783 14.99 31.34 52.69 53.92
sheep 0.520769 138.69 47.69 164.35 86.26
sheep 0.520740 140.82 19.70 162.11 37.91
sheep 0.520612 80.15 205.73 125.99 224.00
bird 0.520607 24.85 107.58 79.09 138.81
sheep 0.520549 201.76 84.14 216.98 110.86
sheep 0.520547 214.43 0.00 224.00 23.94
dog 0.520515 0.00 19.52 13.71 55.96
sheep 0.520462 175.76 125.54 198.02 154.40
aeroplane 0.520445 34.75 108.46 92.67 132.55
sheep 0.520442 121.90 0.16 204.00 117.89
aeroplane 0.520397 0.00 35.94 24.80 69.80
sheep 0.520340 0.00 9.72 15.16 38.44
sheep 0.520310 182.71 0.00 210.69 19.70
cow 0.520298 64.86 132.50 104.75 159.12
sheep 0.520284 125.50 116.08 151.06 149.82
sheep 0.520269 51.58 132.74 159.49 223.02
sheep 0.520238 174.48 0.00 203.75 18.91
sheep 0.520222 172.58 29.66 190.53 48.04
bird 0.520214 27.04 117.60 82.66 148.34
sheep 0.520111 174.61 120.47 196.15 146.90
sheep 0.520097 138.70 11.13 161.73 27.82
sheep 0.519997 193.53 27.89 208.84 48.12
sheep 0.519861 165.29 119.23 186.84 147.19
sheep 0.519833 199.90 0.00 224.00 18.57
sheep 0.519819 150.32 20.75 169.43 37.79
sheep 0.519753 162.93 51.39 182.84 78.14
aeroplane 0.519737 15.20 45.74 46.54 69.42
dog 0.519721 145.46 174.52 178.71 205.30
chair 0.519720 89.66 0.00 181.90 44.92
sheep 0.519717 190.63 14.96 204.17 29.91
sheep 0.519696 156.06 166.84 196.68 208.43
sheep 0.519642 73.41 57.46 104.05 100.31
sheep 0.519641 50.67 191.67 90.18 224.00
sheep 0.519563 162.42 20.16 178.71 38.59
dog 0.519498 0.00 49.33 63.04 150.03
sheep 0.519484 144.79 165.75 175.42 200.56
sheep 0.519462 182.15 28.24 198.25 47.28
sheep 0.519444 161.95 77.58 183.06 102.09
sheep 0.519441 21.12 65.94 71.85 151.56
sheep 0.519389 191.13 35.67 208.55 58.35
cow 0.519387 35.86 46.31 108.71 141.45
sheep 0.519383 150.68 50.05 172.81 81.10
sheep 0.519335 201.35 120.49 219.29 149.67
sheep 0.519332 3.24 14.20 31.23 33.05
sheep 0.519305 104.34 204.13 145.49 224.00
bird 0.519274 13.33 150.57 63.30 185.03
sheep 0.519222 132.61 107.81 196.32 205.06
sheep 0.519185 184.29 92.24 199.28 117.03
sheep 0.519182 116.79 184.90 159.72 208.96
sheep 0.519182 144.29 78.17 171.81 105.48
aeroplane 0.519154 8.43 45.45 38.20 71.16
aeroplane 0.519139 12.29 19.98 46.47 36.10
sheep 0.519104 177.64 78.60 194.00 100.11
sheep 0.519059 4.45 122.53 31.12 158.86
aeroplane 0.519038 31.22 117.39 93.96 140.98
sheep 0.519025 27.12 175.11 73.12 207.74
sheep 0.519016 124.42 199.53 171.20 224.00
sheep 0.519015 147.19 159.37 200.70 219.78
sheep 0.519001 191.68 21.19 204.12 37.32
sheep 0.518982 70.14 44.74 91.64 77.80
sheep 0.518944 60.19 207.18 104.42 224.00
sheep 0.518932 49.15 208.76 89.34 224.00
sheep 0.518918 56.70 26.49 81.29 51.49
sheep 0.518880 27.63 35.65 60.03 60.95
bird 0.518877 16.13 197.97 53.66 224.00
sheep 0.518785 100.67 94.07 136.62 126.40
sheep 0.518782 96.18 4.73 132.12 23.52
sheep 0.518765 23.45 44.28 55.61 70.99
sheep 0.518752 189.16 53.18 207.46 78.93
aeroplane 0.518749 0.00 29.54 26.23 60.50
sheep 0.518748 123.27 156.19 150.63 185.73
bottle 0.518682 208.90 182.40 224.00 224.00
sheep 0.518674 58.63 34.64 82.30 62.80
sheep 0.518671 198.67 126.78 218.59 155.94
cow 0.518647 74.48 117.63 113.95 144.28
sheep 0.518632 190.08 44.50 208.03 69.34
sheep 0.518617 3.32 111.52 28.20 148.29
sheep 0.518561 162.85 86.06 182.31 109.85
sheep 0.518451 163.64 114.19 185.68 140.87
sheep 0.518423 2.08 148.78 57.10 207.24
bird 0.518380 25.41 126.59 79.79 159.46
bird 0.518370 48.13 150.09 90.33 173.09
sheep 0.518367 132.29 0.00 208.40 42.68
dog 0.518358 56.19 166.40 147.28 215.59
cow 0.518259 68.08 142.43 110.44 173.65
sheep 0.518226 135.60 107.79 161.60 133.82
sheep 0.518223 174.06 114.28 194.16 139.61
cow 0.518205 84.78 112.54 122.59 142.35
sheep 0.518041 40.11 20.43 69.98 42.34
sheep 0.518040 161.62 9.53 178.56 29.08
sheep 0.518010 136.97 88.45 162.01 115.65
aeroplane 0.517970 27.87 124.45 93.38 150.13
sheep 0.517964 0.18 80.24 27.67 124.61
sheep 0.517952 107.42 176.46 150.84 201.94
sheep 0.517919 159.63 11.85 224.00 133.55
sheep 0.517899 148.13 10.61 169.02 28.07
sheep 0.517864 146.62 107.51 173.62 132.93
sheep 0.517864 17.11 165.75 62.59 194.60
sheep 0.517852 5.47 136.92 37.30 172.71
cow 0.517774 74.61 145.12 119.11 180.12
cow 0.517743 72.51 131.07 114.38 162.88
bird 0.517676 21.00 93.58 72.54 125.52
sheep 0.517632 204.93 18.56 216.46 36.98
aeroplane 0.517628 16.07 53.94 46.41 80.78
sheep 0.517622 0.00 57.15 24.01 92.89
sheep 0.517619 144.52 87.53 170.91 112.87
sheep 0.517597 122.39 142.71 148.53 179.20
sheep 0.517587 65.52 70.37 95.86 113.49
sheep 0.517528 68.04 0.00 181.96 89.52
sheep 0.517526 205.89 11.91 217.37 28.34
sheep 0.517499 14.53 40.98 144.87 197.75
sheep 0.517466 63.63 188.35 107.42 224.00
sheep 0.517458 177.63 85.42 192.98 107.11
aeroplane 0.517419 23.46 79.23 63.84 111.40
sheep 0.517391 163.10 96.35 182.60 121.10
sheep 0.517383 166.54 130.51 189.37 164.52
sheep 0.517359 175.62 132.47 202.42 166.16
sheep 0.517338 39.04 176.15 83.27 208.18
sheep 0.517328 197.62 69.15 213.48 94.34
aeroplane 0.517323 8.36 53.41 35.95 80.12
sheep 0.517302 27.04 27.73 61.20 52.08
cow 0.517296 56.52 50.82 136.27 139.31
sheep 0.517266 0.00 64.72 25.99 101.94
dog 0.517192 35.07 35.14 124.99 145.28
aeroplane 0.517144 10.07 24.37 45.03 45.34
sheep 0.517135 67.54 56.23 92.72 97.23
sheep 0.517113 3.43 19.10 30.40 40.31
sheep 0.517109 163.16 106.58 184.01 131.87
sheep 0.517101 174.34 21.26 189.94 37.82
sheep 0.517072 174.79 105.25 192.57 129.54
sheep 0.517053 173.33 12.03 188.69 29.19
cow 0.516899 20.62 84.45 62.92 113.57
dog 0.516869 55.03 141.54 157.02 216.11
sheep 0.516861 202.99 24.97 216.28 47.63
sheep 0.516847 64.75 84.00 99.41 118.85
sheep 0.516829 203.28 111.62 219.47 143.64
dog 0.516807 19.09 40.58 90.55 137.76
sheep 0.516799 11.67 152.90 53.71 184.63
sheep 0.516788 10.00 62.62 38.09 89.44
sheep 0.516782 74.52 187.01 120.44 220.03
sheep 0.516767 0.67 22.96 27.98 49.92
sheep 0.516705 102.01 190.21 139.57 211.30
aeroplane 0.516699 19.68 76.01 56.71 103.80
sheep 0.516694 8.37 170.01 43.32 204.49
bird 0.516686 20.29 136.19 74.23 173.17
sheep 0.516679 145.06 97.79 171.27 123.16
sheep 0.516653 56.07 69.78 172.13 194.43
aeroplane 0.516635 17.61 64.88 50.30 93.58
sheep 0.516625 58.56 44.30 81.77 75.95
sheep 0.516588 176.51 94.75 192.43 117.93
sheep 0.516524 39.44 34.62 69.18 61.14
sheep 0.516495 132.37 156.91 157.40 187.43
aeroplane 0.516459 46.59 138.63 88.90 165.13
sheep 0.516302 151.69 127.85 176.76 164.48
sheep 0.516295 11.79 71.14 42.04 98.79
sheep 0.516295 135.87 118.53 164.28 151.45
dog 0.516229 0.00 28.07 70.76 125.02
sheep 0.516178 111.58 125.80 139.65 164.55
bird 0.516175 26.96 153.08 80.70 176.77
aeroplane 0.516143 26.67 131.60 90.46 160.65
sheep 0.516087 110.06 180.87 185.07 224.00
aeroplane 0.516075 19.86 134.31 82.17 167.99
sheep 0.516032 12.22 90.39 53.29 125.81
sheep 0.515943 135.60 98.69 160.79 125.40
sheep 0.515924 12.30 181.06 44.71 210.53
sheep 0.515916 183.76 14.89 198.90 28.63
aeroplane 0.515885 23.97 52.99 58.45 88.79
sheep 0.515853 0.00 191.81 24.15 224.00
sheep 0.515818 199.54 60.62 213.31 86.62
sheep 0.515810 184.97 21.68 199.07 36.62
sheep 0.515780 204.07 89.24 218.63 121.55
cow 0.515747 82.47 129.05 122.33 165.29
sheep 0.515675 202.43 33.27 215.59 58.50
sheep 0.515661 1.33 167.93 62.32 224.00
sheep 0.515610 39.01 26.31 69.39 51.02
sheep 0.515599 26.77 156.65 83.54 207.27
sheep 0.515567 0.81 132.02 57.16 194.09
sheep 0.515422 56.75 56.41 82.09 96.32
sheep 0.515380 13.96 125.00 48.31 155.56
sheep 0.515314 12.40 139.02 49.09 172.32
sheep 0.515261 165.41 144.56 196.48 181.89
sheep 0.515203 56.01 173.74 98.40 205.94
sheep 0.515148 192.13 133.39 217.50 172.41
aeroplane 0.515108 24.48 66.58 61.46 107.66
sheep 0.515075 63.95 165.09 105.65 190.35
sheep 0.515067 55.45 70.14 84.67 112.84
sheep 0.515045 203.41 0.00 219.29 21.36
sheep 0.515042 116.37 148.15 187.13 207.61
bottle 0.515022 157.82 178.38 205.92 217.42
sheep 0.514896 201.27 51.51 213.66 77.79
sheep 0.514853 204.63 100.05 219.66 133.98
sheep 0.514812 80.61 148.32 124.09 185.39
sheep 0.514809 19.95 176.25 88.29 224.00
sheep 0.514783 12.39 196.41 46.03 224.00
sheep 0.514764 44.70 166.74 86.67 193.79
sheep 0.514699 202.24 42.40 214.47 68.88
sheep 0.514686 14.60 114.43 50.09 142.93
sheep 0.514620 130.70 142.58 155.82 178.81
bird 0.514555 23.57 116.83 67.64 143.26
sheep 0.514549 12.22 78.58 45.94 109.66
bird 0.514537 15.76 146.23 75.11 178.72
sheep 0.514505 13.94 105.22 52.46 135.67
sheep 0.514435 72.55 155.87 170.05 214.54
sheep 0.514422 46.87 161.22 116.01 211.46
sheep 0.514385 154.63 159.04 191.21 199.30
sheep 0.514373 39.63 43.43 69.57 73.86
cow 0.514345 55.49 83.32 86.87 117.28
sheep 0.514248 141.48 158.44 170.62 192.62
dog 0.514158 14.15 7.94 96.32 106.72
sheep 0.514155 136.54 125.70 164.99 163.90
sheep 0.513993 93.26 175.27 133.80 199.93
dog 0.513788 27.06 4.07 132.57 112.69
sheep 0.513725 107.03 145.99 137.77 181.62
sheep 0.513640 153.80 144.00 182.48 181.16
sheep 0.513568 69.34 169.75 115.56 201.44
cow 0.513498 110.25 112.91 139.82 146.90
dog 0.513492 0.00 4.17 74.77 103.95
sheep 0.513483 25.96 0.00 156.81 79.39
sheep 0.513423 156.86 0.00 221.59 86.29
sheep 0.513247 27.99 52.63 64.20 92.39
cow 0.513095 41.18 82.44 77.42 117.35
sheep 0.512968 39.30 54.88 72.10 94.78
cow 0.512866 28.98 66.86 67.56 111.59
sheep 0.512613 40.02 69.06 75.33 112.72
sheep 0.512432 139.40 143.70 166.93 180.10
sheep 0.512083 27.54 138.87 79.48 192.84
dog 0.511994 6.06 0.00 90.40 70.44
cow 0.511871 98.39 111.38 128.40 143.28
sheep 0.511820 37.53 74.74 92.17 155.96
sheep 0.511796 56.17 144.91 138.77 205.66
sheep 0.511448 63.30 97.23 157.93 185.35
cow 0.511273 98.66 127.70 128.86 165.06
bottle 0.510746 190.87 179.16 220.98 224.00
sheep 0.510328 25.43 110.49 74.16 176.96
sheep 0.510082 45.34 142.24 105.36 199.00
sheep 0.508660 41.34 108.92 95.24 178.47
sheep 0.508519 56.81 106.00 131.71 178.64
