cat 0.615061 40.76 16.30 224.00 224.00
bird 0.564710 0.00 0.00 185.67 150.48
cat 0.562784 0.00 6.74 179.97 208.33
boat 0.562058 0.00 10.93 175.55 137.21
cat 0.553503 0.00 43.98 96.39 208.42
tvmonitor 0.549769 0.00 134.22 60.00 207.17
cat 0.548206 182.43 43.13 224.00 194.90
cat 0.545204 161.51 18.38 224.00 177.57
tvmonitor 0.544793 211.29 188.81 224.00 221.25
cat 0.544599 0.00 83.60 71.22 202.43
tvmonitor 0.544036 208.01 195.99 224.00 224.00
cat 0.543472 88.09 24.92 198.25 202.05
cat 0.542117 215.65 107.46 224.00 179.64
cat 0.541768 217.61 88.26 224.00 147.08
aeroplane 0.541577 0.00 104.48 60.07 180.94
cat 0.541494 21.75 42.15 145.62 203.94
aeroplane 0.541354 0.00 124.20 58.30 198.13
tvmonitor 0.541263 192.26 55.12 224.00 196.86
tvmonitor 0.541260 216.20 137.62 224.00 194.01
sheep 0.539362 0.00 108.78 52.37 179.21
cat 0.539294 136.36 16.80 209.63 78.92
cat 0.537939 214.74 133.83 224.00 188.41
sheep 0.536994 0.00 91.70 49.63 160.58
bird 0.536411 14.98 15.09 65.88 81.25
aeroplane 0.536103 0.00 83.50 57.06 153.53
cat 0.535736 217.12 77.36 224.00 130.67
bird 0.535494 0.00 9.89 76.61 137.98
aeroplane 0.535343 9.14 85.96 70.54 165.79
bird 0.535268 58.30 16.39 94.32 70.71
aeroplane 0.535198 12.05 15.92 63.54 82.81
bottle 0.534826 0.00 136.98 59.48 206.92
bottle 0.534649 0.00 207.58 42.66 224.00
tvmonitor 0.534641 214.45 146.62 224.00 213.51
sheep 0.534443 0.00 15.89 121.18 201.70
cat 0.534053 212.08 35.47 224.00 98.46
pottedplant 0.533888 0.00 204.46 25.03 224.00
pottedplant 0.533774 6.46 151.33 76.19 224.00
boat 0.533071 0.00 30.41 29.45 98.82
cat 0.532825 215.87 52.44 224.00 109.73
tvmonitor 0.532065 203.49 190.26 222.27 220.21
bird 0.532001 0.37 7.74 124.41 182.05
cat 0.531931 31.84 104.89 133.37 210.45
aeroplane 0.531814 1.09 27.56 37.53 99.87
cat 0.531468 39.87 19.20 194.72 142.77
bottle 0.531305 8.86 204.58 57.77 224.00
pottedplant 0.530213 189.36 175.52 224.00 224.00
bird 0.530119 22.75 15.42 82.33 74.98
cat 0.530068 155.33 26.10 210.27 98.56
bottle 0.529918 29.97 205.03 72.01 224.00
cat 0.529828 3.38 148.02 81.28 224.00
cat 0.529707 125.66 36.71 209.86 197.13
tvmonitor 0.529559 198.09 201.66 224.00 224.00
aeroplane 0.529506 12.46 69.62 70.40 146.35
sheep 0.529493 59.70 15.21 98.35 71.62
bird 0.529159 47.60 20.83 87.28 76.20
sheep 0.529137 10.92 81.28 76.79 157.37
cat 0.528809 31.38 155.14 140.92 224.00
tvmonitor 0.528791 175.40 42.98 224.00 198.00
aeroplane 0.528744 14.11 25.94 53.76 97.57
sheep 0.528534 0.00 74.06 43.85 137.93
tvmonitor 0.528522 187.51 205.93 218.57 224.00
sheep 0.528449 158.58 208.17 186.77 224.00
cat 0.528424 134.84 28.65 187.78 89.73
aeroplane 0.528416 0.00 37.76 29.70 110.03
cat 0.528397 138.33 12.26 220.11 152.44
bottle 0.528338 163.83 208.26 193.41 224.00
cat 0.528293 205.86 23.04 224.00 83.38
bottle 0.527939 209.90 0.00 224.00 24.56
tvmonitor 0.527838 203.22 102.29 224.00 211.82
tvmonitor 0.527799 0.00 127.35 45.30 194.79
cat 0.527533 61.02 61.50 165.48 213.16
boat 0.527506 0.00 0.00 17.62 20.18
cat 0.527211 185.07 94.53 210.26 168.51
aeroplane 0.527187 0.00 59.76 47.86 135.48
cat 0.527083 189.76 104.62 216.40 179.29
bottle 0.527055 172.11 208.00 204.45 224.00
cat 0.526947 170.64 34.52 217.12 101.80
bottle 0.526926 65.22 208.96 102.21 224.00
cat 0.526905 97.78 143.54 120.25 190.12
bottle 0.526769 46.19 207.94 87.94 224.00
aeroplane 0.526682 0.10 15.63 43.18 83.81
bottle 0.526585 24.84 155.28 65.50 214.62
bottle 0.526540 114.71 209.84 147.11 224.00
boat 0.526537 0.00 31.04 10.77 95.19
bird 0.526429 52.06 7.84 91.12 55.49
bird 0.526303 60.12 0.00 93.63 42.79
cat 0.526257 174.58 0.00 224.00 58.39
bottle 0.526244 124.93 209.38 155.94 224.00
bottle 0.526166 103.51 148.19 126.55 195.19
boat 0.526029 9.09 0.00 154.08 92.23
tvmonitor 0.525993 187.75 143.89 220.32 208.19
bottle 0.525823 96.72 146.79 120.30 196.01
bird 0.525775 61.18 6.88 98.42 60.34
sheep 0.525654 61.32 30.80 88.99 79.79
boat 0.525574 0.00 0.00 26.73 16.48
tvmonitor 0.525553 192.59 193.24 215.40 221.03
dog 0.525488 0.00 115.70 63.24 196.51
tvmonitor 0.525483 208.04 138.34 224.00 192.26
cat 0.525450 209.73 12.66 224.00 58.03
cat 0.525362 183.87 147.31 214.57 205.00
cat 0.525361 175.91 5.90 224.00 121.86
cat 0.525357 101.84 14.37 211.04 160.47
sheep 0.525319 191.49 142.68 218.23 189.55
sheep 0.525179 0.00 87.18 32.19 145.73
bottle 0.525128 124.19 176.26 178.72 224.00
cat 0.525110 207.39 135.36 224.00 186.75
sheep 0.524944 0.00 48.10 32.80 119.95
cat 0.524909 151.89 23.45 213.26 71.95
bottle 0.524909 102.28 209.69 134.00 224.00
sheep 0.524709 0.00 101.91 35.52 163.20
bottle 0.524698 213.54 6.69 224.00 47.16
bottle 0.524692 104.13 24.78 149.42 62.57
bottle 0.524564 44.77 159.14 146.98 224.00
cat 0.524557 136.24 111.06 164.53 170.96
cat 0.524539 5.01 106.84 99.00 206.64
cat 0.524497 179.96 95.28 201.90 167.11
sheep 0.524460 185.37 146.69 214.03 196.25
aeroplane 0.524440 18.43 38.49 51.53 112.99
bottle 0.524310 136.86 23.47 199.16 66.55
sheep 0.524289 64.38 46.28 86.94 84.87
cat 0.524288 91.70 90.23 124.75 139.84
bottle 0.524244 83.12 209.34 119.76 224.00
cat 0.524207 192.62 88.14 214.07 155.83
sheep 0.524184 102.19 26.87 148.55 68.82
dog 0.524163 10.99 140.82 68.02 212.72
cat 0.524116 101.50 72.37 180.21 213.24
sheep 0.524094 135.58 209.11 167.27 224.00
sheep 0.524062 91.19 84.58 126.78 136.82
aeroplane 0.524017 21.27 50.99 60.86 126.63
cat 0.523856 134.73 25.08 197.41 66.66
boat 0.523784 0.00 3.09 77.97 98.83
pottedplant 0.523701 154.63 181.26 200.15 224.00
bottle 0.523590 71.72 168.80 97.31 207.70
sheep 0.523586 144.56 208.78 175.70 224.00
bottle 0.523556 0.00 198.30 23.72 224.00
aeroplane 0.523506 26.34 0.00 60.23 33.22
bottle 0.523423 74.81 167.19 160.11 224.00
bottle 0.523290 121.47 176.37 141.82 204.50
bottle 0.523235 0.00 165.32 45.98 217.35
sheep 0.523186 68.01 19.43 122.96 65.41
bird 0.523169 57.38 0.00 89.91 12.63
bottle 0.523157 188.68 161.51 218.43 215.70
sheep 0.523143 17.99 61.97 70.50 139.34
bird 0.523138 80.29 0.00 114.59 14.02
sheep 0.523095 65.86 59.90 85.11 91.07
bottle 0.522966 192.38 181.03 217.02 218.10
aeroplane 0.522815 22.65 9.79 64.06 50.41
bottle 0.522714 107.94 171.80 126.83 204.78
bird 0.522688 72.15 0.00 105.80 13.11
bird 0.522666 89.31 0.00 122.50 14.94
bottle 0.522644 182.43 0.00 210.68 20.11
sheep 0.522599 123.24 184.47 140.69 206.84
pottedplant 0.522572 169.84 183.18 223.90 224.00
cat 0.522569 93.17 104.97 122.65 155.57
sheep 0.522559 132.38 176.30 151.00 203.55
cat 0.522546 127.68 40.74 171.33 96.93
tvmonitor 0.522540 205.09 143.90 224.00 212.01
cat 0.522537 82.43 143.00 112.63 193.01
cat 0.522484 192.30 32.17 224.00 99.88
bottle 0.522399 213.29 0.00 224.00 35.48
bird 0.522398 48.80 0.00 81.98 12.28
sheep 0.522392 44.50 85.42 92.25 142.56
bottle 0.522384 147.76 0.00 179.27 17.62
chair 0.522347 0.00 152.26 35.45 209.19
bottle 0.522339 155.47 0.00 187.18 17.92
sheep 0.522196 28.77 90.14 81.59 154.09
sheep 0.522175 0.00 72.84 24.27 131.06
cat 0.522077 212.00 90.87 224.00 166.85
bottle 0.522056 174.75 0.00 204.00 20.20
cat 0.522026 143.16 110.44 171.36 172.69
bottle 0.521994 116.02 185.01 132.83 207.37
boat 0.521983 26.76 0.00 58.49 12.20
bottle 0.521961 113.65 173.84 133.22 204.61
bottle 0.521960 0.23 185.41 45.38 224.00
sheep 0.521843 54.53 43.16 81.43 88.21
bird 0.521841 33.07 8.43 83.56 55.41
bottle 0.521767 139.49 0.00 170.81 16.94
boat 0.521738 0.00 17.32 8.23 78.93
bird 0.521702 32.97 0.00 66.21 11.87
cat 0.521688 167.74 45.68 204.55 104.02
boat 0.521629 4.90 0.00 34.84 15.30
bottle 0.521594 164.50 0.00 195.78 18.96
bottle 0.521530 134.26 156.70 152.43 193.68
dog 0.521511 96.25 121.25 122.65 167.95
bottle 0.521454 34.22 165.39 71.43 217.70
sheep 0.521318 75.74 86.47 117.47 138.17
bird 0.521269 26.70 25.37 74.24 87.21
bird 0.521254 28.37 0.00 69.23 36.02
aeroplane 0.521197 12.64 11.63 58.06 62.47
bottle 0.521134 190.25 0.00 217.29 20.02
cat 0.521114 73.85 152.46 104.31 205.23
bottle 0.521012 0.00 167.67 26.15 218.74
sheep 0.520996 0.00 61.38 17.34 123.85
aeroplane 0.520993 21.20 32.21 64.09 101.53
bottle 0.520972 200.05 0.00 224.00 22.40
sheep 0.520934 158.74 171.37 174.20 204.18
sheep 0.520900 134.07 184.12 150.64 206.14
bird 0.520846 38.41 0.00 81.19 38.12
boat 0.520717 0.00 0.00 9.08 39.38
boat 0.520712 0.00 49.15 12.24 114.10
bottle 0.520675 119.60 124.95 175.33 213.41
boat 0.520650 12.03 0.00 43.51 13.14
cat 0.520650 141.68 46.03 177.10 101.07
sheep 0.520628 162.62 169.44 179.44 205.34
bottle 0.520624 110.23 185.53 126.70 207.34
cat 0.520593 130.14 111.88 155.48 169.03
cat 0.520566 101.87 141.22 123.88 179.63
boat 0.520561 129.40 0.00 162.02 15.78
sheep 0.520558 93.67 24.14 138.66 60.49
sheep 0.520554 163.61 182.74 180.50 211.91
sheep 0.520545 179.99 151.56 206.51 186.15
dog 0.520484 97.92 134.14 122.17 174.86
bottle 0.520475 124.43 0.00 208.38 57.18
cat 0.520356 111.00 34.62 166.90 89.45
sheep 0.520351 120.24 0.00 153.25 15.21
cat 0.520350 166.22 154.38 183.10 183.04
cat 0.520329 189.48 82.06 215.98 138.62
cat 0.520287 139.24 130.68 163.66 174.03
sheep 0.520272 56.03 55.10 79.83 96.13
cat 0.520262 107.79 44.16 153.62 96.44
bottle 0.520241 120.28 155.55 143.00 195.73
cat 0.520221 173.05 95.40 193.03 165.18
sheep 0.520075 105.05 0.00 136.76 14.82
boat 0.520066 0.00 0.00 27.68 34.03
bottle 0.520042 110.42 160.19 132.63 201.93
dog 0.520040 134.34 151.44 152.83 186.85
bottle 0.519989 70.13 112.39 155.52 212.32
sheep 0.519978 142.36 175.76 160.85 203.13
cat 0.519919 184.06 142.82 210.90 182.82
cat 0.519872 173.32 153.80 193.69 184.22
dog 0.519840 55.33 98.35 89.23 155.36
sheep 0.519815 142.02 164.25 159.56 198.54
bottle 0.519766 71.72 186.89 95.24 220.49
aeroplane 0.519706 5.50 10.35 44.75 61.07
bottle 0.519706 118.18 22.34 184.17 63.44
cat 0.519683 94.05 74.74 129.45 127.69
dog 0.519683 119.72 150.30 142.51 189.38
sheep 0.519610 159.42 183.22 175.41 210.53
cat 0.519574 177.61 54.95 210.80 111.13
dog 0.519544 72.89 144.83 99.85 196.42
cat 0.519537 107.80 147.26 130.90 188.98
sheep 0.519514 177.16 163.63 202.99 209.52
cat 0.519368 212.00 83.49 224.00 138.83
cat 0.519363 200.78 49.13 224.00 108.63
cat 0.519309 131.43 143.63 152.51 177.31
dog 0.519298 32.81 93.21 80.11 160.01
sheep 0.519241 57.47 94.72 95.71 146.08
cat 0.519215 158.40 86.27 185.67 144.38
bottle 0.519210 96.49 168.71 120.55 205.27
pottedplant 0.519204 149.34 0.00 223.58 55.12
cat 0.519200 103.27 53.50 137.71 94.71
cat 0.519197 99.50 37.10 149.05 88.61
bottle 0.519194 64.60 176.84 91.93 210.92
cat 0.519160 124.19 49.41 159.31 101.27
sheep 0.519124 30.01 36.91 72.38 94.73
cat 0.519078 129.25 128.72 152.86 173.45
cat 0.519042 162.98 91.86 182.76 156.53
sheep 0.519041 101.08 58.72 132.25 93.56
cat 0.519015 137.03 97.77 162.23 150.95
aeroplane 0.519007 17.57 0.39 48.12 28.26
cat 0.518977 167.59 86.20 193.60 142.04
sheep 0.518908 166.38 154.55 180.95 189.01
cat 0.518899 142.55 94.13 167.93 153.62
sheep 0.518764 144.30 156.60 160.96 190.39
sheep 0.518759 72.68 102.71 114.68 157.01
boat 0.518728 0.00 0.00 12.84 26.81
sheep 0.518646 159.58 159.95 174.03 197.65
sheep 0.518639 64.43 66.33 83.97 101.90
bottle 0.518597 75.24 178.61 103.43 209.89
sheep 0.518549 163.83 158.43 179.13 198.86
sheep 0.518547 106.62 0.00 141.68 49.69
bottle 0.518535 28.72 193.22 68.35 224.00
sheep 0.518491 151.80 174.31 169.10 203.24
bottle 0.518462 18.08 173.99 59.28 224.00
boat 0.518423 0.00 7.18 7.71 49.94
dog 0.518401 63.58 109.48 97.29 166.25
bottle 0.518359 143.37 13.84 192.70 57.85
dog 0.518350 74.79 137.97 105.47 188.55
sheep 0.518347 172.73 152.82 192.22 190.17
boat 0.518254 0.00 11.70 30.75 62.99
dog 0.518249 116.68 144.18 141.31 179.32
cat 0.518237 206.67 62.70 224.00 117.65
pottedplant 0.518172 155.42 138.28 196.10 210.82
cat 0.518169 181.25 84.37 209.80 141.34
cat 0.518161 144.30 153.17 162.49 183.70
cat 0.518159 146.68 95.15 175.09 164.55
cat 0.518157 175.89 85.59 201.18 140.93
cat 0.518154 160.17 154.86 177.73 183.14
bottle 0.518091 64.59 184.82 89.32 221.60
sheep 0.518081 144.40 184.64 162.12 206.79
cat 0.518060 185.18 70.10 216.66 126.94
bottle 0.518049 74.16 165.10 111.36 206.35
sheep 0.518045 164.00 196.31 182.00 221.25
bottle 0.518037 110.92 193.90 128.01 216.36
sheep 0.518021 100.16 43.99 137.77 85.55
dog 0.517985 67.72 123.28 98.26 176.87
pottedplant 0.517979 84.28 0.00 187.76 65.96
bottle 0.517920 43.98 172.03 80.66 214.02
sheep 0.517911 167.82 167.46 188.30 207.61
tvmonitor 0.517908 148.11 63.91 213.99 202.87
cat 0.517890 101.44 64.68 128.91 101.43
bottle 0.517857 186.08 181.14 210.35 217.37
sheep 0.517850 170.05 155.81 190.53 200.15
cat 0.517835 141.79 145.96 162.81 175.80
cat 0.517808 97.89 122.29 123.82 165.90
dog 0.517773 82.66 131.11 115.78 178.37
aeroplane 0.517771 16.99 10.45 53.72 41.07
cat 0.517746 178.05 147.05 203.25 181.55
cat 0.517737 156.45 72.50 185.00 129.29
cat 0.517731 162.33 113.45 182.58 172.47
sheep 0.517731 42.35 67.12 81.42 128.10
bottle 0.517715 185.21 196.08 208.75 221.21
cat 0.517664 99.16 27.74 160.29 79.00
cat 0.517654 112.86 24.94 180.59 71.83
sheep 0.517635 152.11 162.41 168.21 197.34
dog 0.517626 77.28 117.02 115.43 169.96
aeroplane 0.517604 10.25 0.00 37.68 28.76
boat 0.517550 59.38 0.00 178.25 71.35
cat 0.517522 149.45 86.74 177.07 143.97
sheep 0.517514 168.24 182.39 187.79 213.30
bottle 0.517505 13.94 193.86 61.66 224.00
cat 0.517432 176.15 71.43 202.15 126.71
aeroplane 0.517412 37.82 98.94 80.76 168.91
bottle 0.517398 100.04 23.95 163.35 70.12
sheep 0.517375 97.09 68.51 125.27 115.71
cat 0.517273 148.40 133.29 171.85 175.99
sheep 0.517259 52.11 61.20 78.94 108.54
sheep 0.517249 59.03 0.00 101.90 46.35
sheep 0.517230 71.84 29.86 118.80 77.44
sheep 0.517197 62.78 88.34 105.19 137.63
sheep 0.517194 116.38 192.81 133.66 217.31
sheep 0.517185 93.61 32.02 134.91 75.55
sheep 0.517062 30.23 56.62 72.06 118.73
boat 0.517027 10.15 9.24 42.26 40.09
cat 0.516998 177.33 181.68 199.37 215.22
cat 0.516968 152.34 54.42 184.76 109.68
bottle 0.516903 181.62 206.24 211.03 224.00
sheep 0.516858 153.06 184.86 170.54 208.48
bottle 0.516830 89.14 0.00 200.83 109.52
cat 0.516823 119.83 58.29 151.94 110.57
tvmonitor 0.516818 140.04 92.47 195.48 209.63
pottedplant 0.516814 38.83 0.00 187.46 109.85
cat 0.516785 167.34 73.03 194.39 127.75
cat 0.516770 115.90 102.33 143.40 157.43
sheep 0.516655 57.65 70.86 86.97 120.73
cat 0.516573 131.56 90.22 156.31 133.86
bottle 0.516562 179.41 0.00 210.56 35.81
sheep 0.516536 85.65 69.98 116.58 117.11
cat 0.516506 184.71 21.81 224.00 85.46
bottle 0.516393 66.91 201.24 97.91 224.00
sheep 0.516362 87.43 65.91 116.34 102.00
dog 0.516361 65.23 134.04 94.42 186.98
pottedplant 0.516349 178.23 142.26 219.50 209.85
cat 0.516331 164.53 54.82 196.06 109.29
sheep 0.516297 60.37 80.00 95.71 131.33
cat 0.516261 153.56 154.78 171.86 182.66
bottle 0.516247 46.99 180.93 80.83 224.00
sheep 0.516239 92.42 0.00 127.75 43.98
sheep 0.516234 122.94 192.14 140.55 216.97
sheep 0.516217 167.41 197.43 188.13 221.27
sheep 0.516184 160.10 195.43 177.37 219.87
sheep 0.516170 83.34 60.39 116.44 92.78
sheep 0.516159 60.37 100.57 104.18 155.38
bottle 0.516072 145.44 0.00 183.06 38.93
dog 0.516009 38.70 149.69 81.27 206.21
sheep 0.515949 68.91 69.28 89.52 98.80
cat 0.515948 125.66 72.31 153.87 123.88
bottle 0.515932 176.01 197.89 198.19 220.97
cat 0.515928 114.21 94.36 145.30 137.86
dog 0.515872 64.53 151.52 95.00 202.43
cat 0.515862 147.43 71.27 176.61 128.90
sheep 0.515854 70.77 0.00 114.19 45.08
bottle 0.515838 101.42 183.67 121.52 206.74
dog 0.515761 42.22 111.27 82.04 177.55
bottle 0.515742 63.10 159.34 94.57 205.70
cat 0.515703 156.45 135.40 176.53 176.45
cat 0.515592 113.75 131.91 141.13 173.96
sheep 0.515586 76.85 45.52 116.37 86.29
cat 0.515515 136.59 56.45 167.11 110.38
cat 0.515486 151.63 148.46 171.96 176.82
bottle 0.515450 109.24 2.36 155.65 55.55
bottle 0.515399 104.28 193.10 122.79 215.40
sheep 0.515365 102.65 15.78 142.03 55.18
cat 0.515232 170.78 135.31 191.21 177.96
bottle 0.515228 122.70 7.91 172.10 54.79
bottle 0.515056 75.46 188.30 103.12 218.09
bottle 0.514980 199.48 0.00 222.08 35.40
bottle 0.514978 44.60 198.06 83.88 224.00
bird 0.514969 26.15 0.00 59.08 15.66
sheep 0.514957 69.00 60.18 99.52 89.37
sheep 0.514797 134.27 192.36 150.66 216.33
bottle 0.514746 195.60 10.43 222.03 48.50
tvmonitor 0.514685 170.24 104.67 216.59 205.51
bottle 0.514685 81.04 180.03 112.59 207.10
bottle 0.514680 163.45 136.37 181.74 176.50
boat 0.514461 20.71 0.00 52.74 15.70
cat 0.514407 102.67 59.80 142.47 112.39
pottedplant 0.514386 198.37 132.91 224.00 212.94
sheep 0.514219 65.55 73.36 92.08 116.04
sheep 0.514119 103.73 0.00 137.83 28.97
sheep 0.514057 98.32 0.00 130.68 24.52
bottle 0.514051 179.01 14.56 215.27 51.45
sheep 0.513994 72.29 67.97 99.96 99.31
cat 0.513875 138.59 70.98 167.06 126.29
cat 0.513819 188.45 15.12 222.83 58.74
bottle 0.513814 168.95 19.22 216.61 61.44
cat 0.513791 97.97 94.97 130.79 143.58
bird 0.513732 61.01 0.00 96.41 18.54
bottle 0.513647 161.88 0.00 198.67 35.24
sheep 0.513549 111.17 204.88 137.26 224.00
sheep 0.513397 89.11 0.00 123.45 22.06
bottle 0.513259 86.29 190.74 113.87 215.74
sheep 0.513247 153.87 194.93 171.69 217.70
bird 0.513237 38.85 0.00 76.48 16.33
sheep 0.513032 145.06 193.68 162.80 216.59
bottle 0.513020 100.01 204.20 126.08 224.00
bottle 0.512829 140.04 0.00 217.72 102.46
bottle 0.512695 156.06 15.22 205.00 55.15
bottle 0.512643 124.65 0.00 163.15 36.75
sheep 0.512590 127.43 204.40 153.55 224.00
sheep 0.512547 74.45 0.00 113.43 20.02
sheep 0.512544 113.17 0.00 152.32 36.22
cat 0.511988 102.19 135.06 128.13 172.32
sheep 0.511649 64.53 0.00 102.97 19.08
