horse 0.608888 9.07 34.91 203.71 210.60
person 0.590972 52.82 34.05 124.87 127.59
horse 0.586143 47.99 59.34 180.19 208.24
horse 0.580289 38.36 60.75 131.56 169.41
horse 0.579098 85.63 93.63 169.47 191.66
horse 0.578951 15.24 50.51 99.48 159.29
horse 0.575198 94.36 23.63 207.86 208.95
person 0.573738 0.13 27.62 172.44 205.61
person 0.569084 34.22 44.52 115.62 141.48
cow 0.568653 94.90 100.09 166.31 198.45
horse 0.566328 58.62 87.56 153.05 184.70
horse 0.566137 23.16 40.62 153.25 194.32
car 0.564240 215.01 112.59 224.00 161.17
horse 0.563424 53.25 35.00 134.26 149.74
horse 0.556169 140.19 28.72 217.49 208.62
person 0.554337 151.82 32.64 219.92 205.29
motorbike 0.550020 60.10 110.88 141.72 200.72
cow 0.549447 55.07 114.39 136.60 201.78
chair 0.548231 109.59 126.42 164.99 208.74
person 0.548193 184.53 60.98 224.00 210.01
car 0.547839 217.03 122.23 224.00 178.55
cow 0.547693 54.08 96.34 123.07 184.43
horse 0.546166 17.74 77.60 75.95 157.47
horse 0.545111 22.65 46.43 81.33 138.35
car 0.543167 215.84 97.22 224.00 139.39
person 0.542077 198.16 86.46 224.00 224.00
person 0.541341 0.00 18.87 13.64 65.47
car 0.540322 216.98 170.59 224.00 205.91
cow 0.540193 58.98 131.53 116.47 196.92
horse 0.540116 129.01 26.97 179.51 104.32
person 0.539839 174.73 29.35 224.00 181.28
horse 0.539829 0.00 42.63 62.01 167.63
horse 0.539499 130.43 25.90 201.07 177.43
cow 0.539146 60.23 137.43 132.51 211.63
person 0.539131 23.49 47.76 84.41 133.45
cow 0.539022 9.54 94.93 188.84 213.09
person 0.538823 195.17 166.64 224.00 224.00
bottle 0.538797 0.00 156.78 15.41 210.27
person 0.537383 0.00 153.36 15.54 209.11
cow 0.536423 17.63 84.10 74.11 158.40
horse 0.535988 56.23 80.79 121.32 170.74
cow 0.535857 61.60 88.43 171.03 209.06
horse 0.535328 10.55 102.98 180.38 220.86
cow 0.535194 14.23 133.76 161.16 224.00
cow 0.534925 118.91 147.44 158.98 219.62
person 0.534893 0.45 21.97 21.67 62.88
horse 0.534873 13.84 61.16 116.22 208.81
person 0.534789 0.00 29.69 50.22 145.87
horse 0.534708 0.00 83.37 73.07 219.46
horse 0.534500 189.50 11.80 224.00 148.66
person 0.534159 0.00 157.90 44.62 224.00
horse 0.533538 135.34 21.25 179.44 83.40
bottle 0.533480 2.65 157.60 27.63 208.16
horse 0.533458 100.38 32.38 156.21 107.30
motorbike 0.533409 120.96 63.17 159.29 132.69
horse 0.533344 68.85 30.36 130.84 111.81
car 0.533271 220.00 57.43 224.00 104.26
car 0.532977 212.00 113.73 222.52 166.87
person 0.532933 0.00 99.38 61.71 224.00
person 0.532594 0.00 124.39 11.67 167.24
person 0.532535 210.61 200.27 224.00 224.00
person 0.532449 81.81 34.22 131.90 113.08
horse 0.532330 126.86 43.61 170.06 116.81
person 0.532029 185.91 0.00 224.00 73.90
car 0.531981 220.00 18.61 224.00 76.44
cow 0.531797 114.61 24.69 182.01 98.08
car 0.531523 217.60 78.49 224.00 123.13
horse 0.531446 74.68 37.50 171.54 156.15
dog 0.531375 169.34 84.60 198.60 140.09
motorbike 0.531326 115.27 74.13 155.29 148.60
horse 0.531293 155.88 22.88 213.68 174.12
person 0.531280 0.00 0.00 20.52 25.72
sheep 0.531249 5.99 152.61 47.76 202.89
person 0.531105 0.00 28.91 10.55 86.87
horse 0.531089 103.76 90.37 151.94 170.29
person 0.530925 0.00 159.92 76.39 224.00
cow 0.530836 111.68 126.20 170.56 205.42
bottle 0.530742 0.00 205.58 30.56 224.00
person 0.530627 0.00 0.00 38.55 62.46
bottle 0.530559 0.00 200.20 20.06 224.00
person 0.530537 0.00 52.35 12.78 117.58
person 0.530527 107.02 154.32 211.14 224.00
cow 0.530177 96.30 26.13 162.90 100.43
dog 0.530049 152.34 201.95 208.05 224.00
car 0.530023 219.38 67.07 224.00 113.80
cow 0.530005 143.02 202.58 199.12 224.00
person 0.529958 9.64 22.72 29.02 61.04
car 0.529951 217.35 147.64 223.80 191.62
dog 0.529634 122.81 43.07 170.28 114.53
person 0.529626 23.25 18.36 49.10 72.73
car 0.529587 219.34 41.22 224.00 92.50
dog 0.529441 23.79 42.84 73.84 123.82
cow 0.529431 122.20 61.13 160.80 132.59
cow 0.529055 6.26 155.63 111.80 224.00
horse 0.528871 171.56 135.02 197.45 179.10
motorbike 0.528778 130.27 202.14 169.00 224.00
cow 0.528758 129.98 192.52 153.58 223.10
horse 0.528721 21.28 46.89 63.18 122.36
person 0.528718 153.09 202.20 209.65 224.00
person 0.528712 29.81 15.72 55.59 76.44
car 0.528709 220.00 10.52 224.00 50.87
cow 0.528706 75.48 24.26 130.55 93.87
horse 0.528556 0.00 0.00 132.29 181.81
motorbike 0.528527 105.74 88.68 155.74 168.84
car 0.528482 136.06 192.41 163.02 221.66
car 0.528476 209.61 0.00 224.00 21.91
horse 0.528476 67.59 58.04 224.00 224.00
bottle 0.528445 218.12 177.89 224.00 220.06
person 0.528419 137.93 164.74 221.21 224.00
person 0.528348 15.62 0.00 70.75 59.75
cow 0.528329 73.20 174.91 124.21 218.11
person 0.528257 123.87 0.00 224.00 177.91
person 0.528191 15.77 22.43 39.09 64.49
car 0.528186 0.00 67.79 11.68 128.22
person 0.528082 30.66 0.00 90.83 59.40
horse 0.528058 75.70 87.56 132.49 169.93
horse 0.527986 95.04 77.40 140.16 150.73
cow 0.527947 126.77 17.22 177.41 83.82
cow 0.527853 1.19 128.26 30.24 162.83
person 0.527819 22.33 41.64 64.84 118.34
person 0.527742 47.67 40.31 97.65 124.17
dog 0.527652 160.83 76.83 188.62 139.98
car 0.527474 198.32 125.38 213.04 173.68
car 0.527346 190.20 130.48 208.65 175.27
bicycle 0.527172 67.41 116.91 170.25 224.00
dog 0.526943 166.00 71.09 196.28 128.64
person 0.526796 0.00 135.56 11.26 187.74
sheep 0.526586 8.47 142.29 52.93 192.78
person 0.526486 0.00 9.77 13.42 47.89
dog 0.526455 196.53 16.99 216.08 73.34
sheep 0.526378 17.99 114.64 57.44 165.98
person 0.526351 0.00 0.00 41.62 100.23
dog 0.526330 130.88 39.39 182.93 104.60
dog 0.526329 136.19 16.42 180.22 71.46
cow 0.526320 29.78 83.70 95.20 161.58
cow 0.526317 81.48 204.94 124.55 224.00
car 0.526291 180.43 133.07 203.57 177.03
cow 0.526188 14.95 110.32 60.43 159.03
person 0.526122 63.87 0.00 131.55 62.18
car 0.526116 212.00 105.90 224.00 145.05
motorbike 0.526036 110.21 44.11 157.77 117.71
person 0.526030 21.89 28.80 54.55 104.38
dog 0.526014 116.12 27.55 176.98 102.22
person 0.526001 91.28 98.71 202.31 224.00
bottle 0.525984 174.81 203.58 216.82 224.00
dog 0.525845 154.18 63.44 185.87 126.85
car 0.525836 211.91 120.99 220.10 176.03
cow 0.525733 165.29 93.75 189.29 147.70
sheep 0.525683 13.19 128.23 53.94 181.08
cow 0.525657 84.25 126.24 182.95 224.00
person 0.525490 0.00 51.61 33.80 121.39
car 0.525442 171.34 139.78 198.64 182.86
horse 0.525152 181.56 127.13 203.78 172.40
cow 0.525083 95.38 145.14 153.28 216.13
horse 0.525056 0.00 57.00 37.66 125.45
horse 0.524997 14.37 47.48 48.11 116.99
bottle 0.524987 8.86 210.18 48.95 224.00
dog 0.524944 164.78 189.44 205.84 218.55
horse 0.524892 12.94 64.00 67.92 141.53
dog 0.524880 145.85 53.50 183.59 114.56
cow 0.524854 9.93 121.81 50.22 159.91
dog 0.524821 73.36 23.57 123.30 93.32
dog 0.524724 152.73 16.90 186.12 66.23
person 0.524700 0.00 124.02 87.89 224.00
bottle 0.524645 200.33 202.17 224.00 224.00
horse 0.524614 84.08 27.50 161.98 127.70
person 0.524591 64.28 32.69 115.79 112.72
car 0.524561 201.77 117.57 218.30 167.12
person 0.524520 88.48 0.00 167.76 63.54
car 0.524507 208.65 172.08 217.71 200.69
motorbike 0.524464 120.48 203.04 157.30 224.00
person 0.524269 10.41 26.63 70.88 140.63
cow 0.524195 134.26 198.06 164.43 224.00
dog 0.524170 178.66 16.77 206.82 68.99
motorbike 0.524161 97.53 204.54 142.85 224.00
cow 0.524160 37.08 209.80 80.80 224.00
person 0.524122 35.35 16.38 62.25 79.20
cow 0.524089 127.04 123.30 176.55 189.47
person 0.524037 0.00 87.37 9.37 142.68
person 0.524018 31.86 32.02 76.26 117.45
person 0.523999 1.13 119.06 30.60 159.23
bottle 0.523980 21.58 210.93 65.83 224.00
bottle 0.523880 214.78 188.52 224.00 224.00
person 0.523852 0.00 101.34 9.95 153.92
person 0.523697 142.23 112.18 214.48 224.00
sheep 0.523625 29.20 210.28 73.26 224.00
horse 0.523604 145.78 9.90 199.87 130.59
cow 0.523451 54.85 208.91 98.40 224.00
horse 0.523386 173.20 118.04 198.70 161.59
cow 0.523369 65.12 207.79 108.98 224.00
horse 0.523367 111.94 0.00 185.21 64.19
horse 0.523331 107.24 22.21 178.18 128.06
horse 0.523163 161.73 132.17 190.73 181.85
horse 0.523151 128.64 117.52 176.81 186.71
car 0.523134 141.98 193.69 183.63 219.21
horse 0.523102 71.14 56.23 122.50 139.10
cow 0.522995 127.67 177.35 154.20 218.74
person 0.522994 52.67 30.02 88.65 105.41
cow 0.522974 113.48 0.00 151.87 14.28
dog 0.522812 160.22 58.82 193.08 116.29
sheep 0.522786 20.36 175.44 62.62 224.00
person 0.522730 87.91 46.67 136.12 126.52
car 0.522663 190.57 175.95 210.25 201.05
person 0.522599 61.22 6.49 133.95 114.70
person 0.522545 0.00 0.00 16.01 36.37
person 0.522526 45.72 25.04 76.63 100.83
person 0.522473 0.00 39.30 23.20 101.95
horse 0.522422 173.92 6.57 217.03 132.53
dog 0.522384 166.12 16.69 192.63 63.63
dog 0.522337 181.71 92.43 209.81 137.34
sheep 0.522239 10.79 160.06 53.27 212.59
person 0.522216 3.69 4.32 60.64 107.34
person 0.522183 12.64 41.19 39.51 106.04
cow 0.522118 105.39 0.00 142.78 13.36
cow 0.522065 134.78 111.07 177.56 172.86
sheep 0.522062 11.09 128.20 47.87 166.44
sheep 0.522014 18.89 146.98 73.04 194.00
cow 0.521968 36.83 134.00 95.91 189.55
horse 0.521950 121.03 0.00 162.43 13.75
horse 0.521931 164.98 115.80 188.55 164.81
cow 0.521902 134.53 177.85 161.89 217.76
car 0.521873 161.31 190.48 211.33 218.67
dog 0.521843 197.91 41.91 218.88 89.82
person 0.521823 18.44 29.63 43.81 96.51
car 0.521741 215.55 0.00 224.00 29.21
dog 0.521682 179.79 81.31 207.48 127.74
horse 0.521631 192.77 121.96 212.11 168.45
cow 0.521625 98.11 0.00 131.46 12.00
person 0.521568 21.05 6.36 78.61 109.54
horse 0.521510 6.06 117.90 131.46 224.00
person 0.521495 3.58 15.17 20.02 45.58
horse 0.521474 146.81 0.00 206.41 67.10
person 0.521445 0.00 28.79 19.95 87.15
bottle 0.521400 0.00 185.75 15.34 224.00
sheep 0.521310 35.85 179.50 79.73 221.51
dog 0.521047 30.15 18.59 51.97 62.31
cow 0.521046 107.21 84.27 157.99 162.97
car 0.520970 193.00 166.32 211.47 194.51
sheep 0.520968 39.54 144.68 92.70 191.78
dog 0.520966 127.78 57.76 173.28 125.59
person 0.520920 11.20 30.28 32.05 90.02
car 0.520910 195.02 148.68 211.78 186.23
dog 0.520869 211.27 18.82 222.58 77.07
car 0.520820 171.94 181.83 206.29 208.48
person 0.520772 46.29 19.68 70.74 80.73
cow 0.520759 61.26 157.67 119.89 207.78
sheep 0.520735 64.73 0.00 102.33 13.45
dog 0.520730 63.41 24.21 94.13 87.70
cow 0.520611 158.15 136.19 194.40 185.75
sheep 0.520545 3.49 139.42 31.00 184.17
cow 0.520537 122.95 200.38 152.89 224.00
dog 0.520431 186.00 50.74 212.03 92.45
sheep 0.520307 44.89 0.00 78.30 15.37
cow 0.520299 81.92 0.00 117.18 12.78
cow 0.520215 72.33 0.00 109.36 13.11
horse 0.520113 104.01 0.00 182.94 100.78
horse 0.520113 135.51 0.00 174.50 14.81
cow 0.520073 48.87 178.29 89.05 217.63
car 0.520042 211.24 131.06 217.68 181.62
dog 0.520028 55.22 23.10 82.43 83.39
car 0.520015 209.44 163.74 217.22 194.58
car 0.520012 200.71 0.00 224.00 19.24
car 0.519949 147.34 198.52 201.41 224.00
bottle 0.519911 0.80 166.00 22.51 216.72
person 0.519908 73.07 0.00 160.33 109.56
dog 0.519860 36.97 18.40 57.57 59.72
sheep 0.519794 37.77 0.00 69.70 16.45
cow 0.519784 78.71 191.58 121.45 224.00
car 0.519765 189.35 0.00 217.54 16.91
car 0.519764 173.61 0.00 204.48 15.66
dog 0.519755 163.93 51.45 198.87 99.74
dog 0.519714 71.46 18.20 104.68 75.10
car 0.519626 212.00 90.59 224.00 129.44
cow 0.519571 149.05 15.92 178.94 67.85
dog 0.519542 44.76 19.28 67.73 67.08
car 0.519534 186.83 149.03 208.78 187.41
horse 0.519524 183.56 118.01 207.82 159.91
cow 0.519512 144.39 0.00 180.62 15.67
cow 0.519433 58.99 176.84 98.49 214.75
cow 0.519429 134.34 69.17 175.51 137.51
sheep 0.519405 29.84 0.00 61.09 16.96
bottle 0.519393 0.00 187.82 24.82 224.00
dog 0.519333 63.95 19.13 90.01 71.01
dog 0.519318 201.18 60.59 218.82 96.48
cow 0.519270 131.53 155.99 177.79 213.87
cow 0.519263 56.08 144.58 104.58 194.81
dog 0.519255 180.37 37.04 211.26 87.35
cow 0.519241 132.49 147.96 186.58 202.36
person 0.519217 35.33 7.09 98.99 113.49
car 0.519198 200.98 113.01 220.41 150.87
dog 0.519181 54.59 19.95 78.74 67.45
dog 0.519143 163.57 0.00 195.80 16.33
sheep 0.519131 23.17 166.90 72.77 212.99
person 0.519073 0.00 102.34 32.00 153.39
cow 0.519037 138.19 86.98 176.91 149.36
dog 0.518936 170.84 58.90 201.14 105.61
sheep 0.518902 11.26 16.49 26.63 44.16
cow 0.518871 91.85 20.90 145.36 81.17
dog 0.518825 191.59 88.55 215.51 125.78
dog 0.518808 156.31 19.08 195.29 74.12
horse 0.518774 183.18 103.12 209.94 142.11
horse 0.518759 0.00 85.41 35.47 141.83
cow 0.518663 112.12 193.20 147.74 224.00
cow 0.518635 76.34 165.55 137.95 216.32
sheep 0.518582 15.06 0.00 44.79 18.93
dog 0.518568 176.36 68.75 204.08 115.71
sheep 0.518545 35.53 167.54 83.89 210.46
dog 0.518536 191.43 97.79 217.09 135.26
bottle 0.518438 170.34 181.38 206.54 209.00
sheep 0.518390 19.39 196.17 62.06 224.00
bottle 0.518347 186.59 178.85 209.66 205.37
sheep 0.518332 34.74 196.95 76.90 224.00
dog 0.518324 196.72 12.92 211.53 48.66
dog 0.518288 77.86 13.39 113.25 65.11
cow 0.518219 84.81 185.79 137.49 219.07
cow 0.518182 105.85 20.53 159.80 80.70
sheep 0.518163 8.31 0.00 35.95 22.02
dog 0.518122 152.70 0.00 187.00 16.50
cow 0.518066 49.85 164.95 94.67 207.77
car 0.518054 211.00 12.87 221.00 63.42
dog 0.518003 54.35 16.63 76.96 52.47
dog 0.517993 63.70 14.55 88.39 54.95
car 0.517937 170.83 162.83 203.98 198.56
bottle 0.517909 7.32 166.25 28.71 216.49
sheep 0.517756 16.91 121.08 70.66 180.03
car 0.517648 212.00 53.62 224.00 95.57
car 0.517543 200.35 90.54 218.99 126.40
dog 0.517474 139.51 23.40 186.63 86.68
cow 0.517433 87.08 15.57 124.72 68.52
dog 0.517422 192.21 66.96 212.40 103.70
dog 0.517358 184.37 15.11 203.07 52.11
car 0.517325 210.45 148.10 217.09 188.11
dog 0.517220 211.64 44.19 224.00 91.86
car 0.517172 140.34 180.02 181.41 214.12
car 0.517158 200.50 98.76 219.78 135.34
cow 0.517059 45.54 195.67 85.73 224.00
dog 0.517010 192.49 77.57 213.69 114.96
car 0.516978 182.14 166.23 207.80 196.38
bottle 0.516882 210.25 179.01 218.76 214.25
car 0.516837 164.11 184.51 212.53 211.56
horse 0.516665 192.19 106.37 217.44 142.51
car 0.516644 196.61 6.27 211.66 35.95
sheep 0.516473 38.37 156.54 87.89 203.66
sheep 0.516467 10.99 168.42 41.54 219.76
car 0.516335 202.04 69.50 217.98 105.49
car 0.516271 150.96 182.25 198.34 212.50
cow 0.516189 56.14 193.83 94.67 224.00
sheep 0.516078 18.93 13.98 36.54 44.58
cow 0.515891 100.76 14.14 142.78 67.78
bottle 0.515881 161.97 184.57 208.56 218.77
cow 0.515712 92.98 197.38 139.30 224.00
cow 0.515630 149.94 3.42 175.42 47.21
car 0.515512 211.66 12.10 219.28 48.43
sheep 0.515476 39.64 7.35 57.55 39.34
car 0.515466 201.43 80.97 218.29 116.94
sheep 0.515388 32.30 8.56 50.46 43.18
cow 0.515346 65.63 191.57 107.38 224.00
cow 0.515305 106.89 174.11 147.97 219.46
sheep 0.515299 25.29 10.91 44.35 45.34
cow 0.515270 113.25 12.49 154.11 65.34
sheep 0.515218 1.98 0.00 23.89 34.44
car 0.515172 155.32 157.15 203.96 199.89
sheep 0.514792 46.67 4.84 67.19 34.85
sheep 0.514690 54.51 0.40 78.52 32.20
car 0.514673 212.00 70.47 224.00 110.61
car 0.514608 211.30 5.81 219.13 36.08
bottle 0.514539 154.82 195.03 210.50 224.00
bottle 0.514475 206.26 191.34 221.08 224.00
cow 0.514444 137.53 14.86 176.33 60.09
dog 0.514216 186.36 7.45 204.30 38.50
dog 0.514206 163.99 6.69 185.89 49.39
cow 0.514181 125.41 13.61 169.09 61.70
sheep 0.514179 62.84 0.00 89.42 33.10
car 0.514131 142.43 165.02 193.51 210.94
car 0.514078 160.36 173.27 209.21 209.08
bottle 0.513993 8.67 191.51 43.54 224.00
bottle 0.513911 180.91 181.92 210.68 214.08
cow 0.513883 120.02 0.00 165.00 17.14
aeroplane 0.513604 69.42 0.00 98.99 36.66
car 0.513544 191.78 0.00 214.32 24.77
dog 0.513422 176.23 7.36 194.92 44.21
cow 0.513298 143.52 0.00 177.45 26.38
aeroplane 0.513213 92.34 0.00 121.92 42.29
cow 0.513169 117.76 0.00 151.37 38.29
sheep 0.512862 9.15 0.00 30.35 31.96
car 0.512752 206.35 0.00 221.24 26.46
aeroplane 0.512531 75.74 0.00 108.47 39.94
dog 0.512288 182.72 0.00 207.64 24.64
cow 0.512274 97.58 0.00 129.36 41.41
cow 0.512109 127.04 0.00 164.02 35.36
sheep 0.512102 16.46 0.00 40.54 29.41
dog 0.512084 174.47 0.00 200.11 26.30
dog 0.511737 162.44 0.00 190.44 28.44
cow 0.511633 106.63 0.00 142.63 40.30
dog 0.511609 150.33 0.00 181.18 28.52
sheep 0.511454 23.35 0.00 48.95 27.41
sheep 0.511019 30.87 0.00 56.16 25.65
sheep 0.510986 39.29 0.00 65.22 23.70
sheep 0.510406 91.72 0.00 122.35 13.34
sheep 0.509673 82.17 0.00 116.04 14.16
