person 0.628547 28.13 45.35 86.82 157.46
motorbike 0.596293 19.10 54.40 98.23 165.99
person 0.592373 12.85 58.73 64.18 177.34
car 0.584815 12.86 43.79 197.29 173.95
bicycle 0.583854 13.51 66.49 95.47 164.88
train 0.581510 192.17 64.71 214.77 90.73
person 0.573062 5.46 78.46 52.68 171.12
motorbike 0.572814 15.41 37.37 103.63 137.92
train 0.571545 199.94 63.61 218.68 91.35
person 0.570524 18.34 51.08 162.23 172.45
bicycle 0.567379 0.00 91.25 74.13 184.55
train 0.567104 215.69 104.15 222.83 140.88
car 0.563992 0.00 5.61 16.80 42.62
person 0.563415 0.00 74.81 88.47 179.94
car 0.561736 1.24 89.33 77.06 185.48
person 0.561626 18.41 40.83 100.90 129.94
train 0.561010 205.51 63.78 223.33 94.38
motorbike 0.560714 34.29 47.76 94.03 132.65
person 0.560678 0.00 76.48 45.23 201.00
car 0.559355 0.00 24.02 19.68 67.94
train 0.559179 182.22 65.46 209.46 89.36
car 0.555365 66.16 38.72 224.00 162.37
car 0.554805 217.37 155.15 224.00 198.54
person 0.553482 53.42 34.63 120.15 133.91
person 0.552524 37.61 46.92 224.00 191.56
car 0.550849 2.52 96.12 50.20 188.92
car 0.550657 217.04 146.82 222.64 185.27
car 0.549591 100.71 65.26 206.65 174.00
train 0.548563 93.24 57.76 207.10 174.69
person 0.547982 43.87 45.31 130.36 156.56
boat 0.547661 217.56 27.66 223.50 61.58
car 0.546925 0.00 12.69 17.96 54.28
car 0.546840 217.29 138.30 222.59 175.86
motorbike 0.546040 10.86 46.11 170.46 176.12
person 0.544512 100.17 38.92 118.65 103.45
train 0.543165 161.40 61.41 185.22 89.72
car 0.542635 0.00 0.00 21.14 35.77
train 0.542546 150.51 60.52 175.13 91.48
person 0.541895 21.19 56.76 99.63 184.27
person 0.541708 47.00 30.90 96.66 110.84
train 0.541450 209.42 57.50 222.87 89.26
train 0.541268 174.34 63.88 201.59 89.32
person 0.540146 104.40 40.90 128.76 101.92
car 0.540002 216.04 114.08 221.38 154.11
person 0.539549 102.39 26.09 115.68 67.29
person 0.539129 0.00 83.17 38.72 156.81
car 0.539063 0.00 38.34 18.84 86.80
car 0.538980 123.38 95.95 161.02 151.19
car 0.538652 216.74 126.89 221.99 164.84
car 0.538421 0.00 110.51 28.55 193.22
person 0.538332 67.77 40.79 147.67 137.41
person 0.538245 102.85 28.72 117.24 94.54
car 0.538172 32.38 10.92 63.75 27.67
boat 0.538114 218.13 17.78 223.42 50.27
boat 0.537870 216.16 33.78 222.51 68.57
train 0.537545 214.22 88.50 223.70 126.53
bicycle 0.537342 0.00 117.80 34.91 222.51
person 0.537181 59.22 29.41 109.57 108.81
car 0.536987 135.65 60.92 168.45 97.00
person 0.536704 23.74 35.67 94.13 101.98
bicycle 0.536594 2.68 113.28 50.45 198.20
car 0.536276 23.69 112.77 170.83 204.15
motorbike 0.535996 30.45 30.86 99.32 109.29
person 0.535902 76.04 57.43 208.75 164.93
person 0.535380 0.00 41.81 55.58 161.26
car 0.535378 165.24 76.63 224.00 189.61
motorbike 0.535363 24.59 205.61 68.27 224.00
car 0.535236 210.32 201.58 224.00 224.00
car 0.535035 0.00 203.35 19.04 224.00
bicycle 0.534759 30.16 80.40 106.44 153.11
cow 0.534678 0.00 206.32 27.81 224.00
motorbike 0.534606 22.30 99.26 103.94 168.44
bicycle 0.534475 0.00 139.72 16.63 207.37
person 0.534372 107.27 24.85 121.03 63.34
car 0.534344 211.76 102.45 221.81 137.42
bicycle 0.534279 0.00 138.23 28.72 206.82
car 0.534224 0.00 120.50 20.63 200.78
train 0.534221 141.56 58.39 171.82 93.57
bicycle 0.534183 12.28 95.60 87.46 171.53
bus 0.534085 136.66 61.18 168.48 96.34
bicycle 0.534071 26.85 172.96 61.14 208.44
motorbike 0.534040 41.91 71.47 98.80 148.02
person 0.533949 0.00 0.00 42.18 62.20
person 0.533640 0.00 76.60 105.90 224.00
motorbike 0.532985 69.01 41.75 107.53 110.67
car 0.532835 70.11 210.59 117.38 224.00
diningtable 0.532601 31.48 204.50 71.77 224.00
person 0.532570 8.50 95.05 61.73 208.92
motorbike 0.532329 31.07 107.26 165.06 204.31
train 0.532319 211.91 73.67 223.15 110.03
car 0.532315 196.88 174.79 224.00 224.00
person 0.532062 27.55 0.00 66.96 24.02
car 0.531977 217.64 165.69 224.00 211.19
motorbike 0.531776 48.85 22.26 103.07 91.65
car 0.531746 40.52 173.63 159.29 224.00
sofa 0.531738 44.14 32.31 217.41 187.79
boat 0.531552 217.52 10.60 223.67 41.45
boat 0.531506 116.88 60.43 212.42 147.16
car 0.531458 5.33 30.54 50.39 76.22
person 0.531399 106.23 28.64 123.71 93.73
diningtable 0.531340 56.17 70.67 212.97 222.69
car 0.531041 210.82 0.00 224.00 26.24
motorbike 0.530877 28.99 31.83 86.46 82.39
motorbike 0.530758 18.33 34.69 85.61 99.14
car 0.530733 0.00 158.01 16.78 212.17
car 0.530665 0.00 54.04 18.88 104.37
bicycle 0.530589 2.58 139.92 44.45 204.47
car 0.530419 60.41 115.78 121.05 176.09
bicycle 0.530397 25.23 182.44 62.52 214.56
bicycle 0.530348 19.00 148.46 59.92 202.98
motorbike 0.530213 23.99 191.70 63.93 224.00
person 0.530204 12.24 59.11 74.81 133.05
train 0.530116 211.09 99.09 221.61 133.02
train 0.529942 213.18 45.29 222.04 81.75
person 0.529907 78.84 36.98 108.79 109.06
motorbike 0.529774 40.53 88.61 113.62 154.87
car 0.529668 0.00 0.00 91.30 153.61
person 0.529552 93.87 24.82 110.61 73.97
car 0.529506 72.72 194.22 111.49 217.12
car 0.529500 0.92 29.97 30.41 76.76
train 0.529459 150.07 66.13 224.00 186.07
motorbike 0.529457 0.43 208.12 37.77 224.00
car 0.529346 215.12 0.00 224.00 32.27
bottle 0.529305 141.87 14.53 156.35 31.68
car 0.529182 76.77 57.68 209.74 212.39
car 0.529162 33.05 17.55 65.53 39.10
person 0.529098 16.17 38.64 71.22 152.54
car 0.529034 25.38 108.29 93.51 173.79
car 0.528908 5.38 42.40 91.08 196.24
car 0.528902 5.54 0.00 54.87 64.01
person 0.528871 114.06 48.74 153.01 99.07
cow 0.528594 0.00 159.49 26.49 210.01
aeroplane 0.528587 41.69 38.21 219.56 206.86
diningtable 0.528508 68.89 34.70 210.21 173.82
motorbike 0.528339 10.42 207.77 51.62 224.00
person 0.528274 88.03 30.71 109.81 101.35
car 0.528198 27.16 7.85 57.79 25.52
person 0.527990 20.85 32.69 78.13 84.47
person 0.527843 64.16 21.95 105.66 84.58
person 0.527821 0.00 18.57 48.99 113.60
bicycle 0.527794 0.00 145.04 54.50 224.00
car 0.527775 189.04 100.96 224.00 211.20
bicycle 0.527739 32.59 51.41 126.72 188.08
car 0.527733 116.07 174.64 206.61 224.00
car 0.527508 0.00 193.49 15.15 224.00
car 0.527346 55.89 144.44 106.35 192.67
car 0.527308 125.65 79.50 166.38 139.80
person 0.527256 0.00 66.25 23.76 122.30
person 0.527091 43.41 6.71 98.76 94.65
bottle 0.527089 119.43 210.41 155.93 224.00
car 0.526941 26.02 31.29 75.65 118.58
car 0.526878 199.92 127.80 224.00 224.00
diningtable 0.526748 42.44 205.56 80.98 224.00
person 0.526732 11.53 44.68 78.05 106.90
car 0.526683 185.71 95.44 214.05 129.84
car 0.526638 171.96 91.54 208.83 135.14
car 0.526625 44.42 126.90 105.82 185.72
car 0.526592 218.14 178.11 224.00 221.78
car 0.526560 161.58 88.35 199.28 139.79
person 0.526537 5.33 64.82 54.24 127.14
boat 0.526489 212.00 27.11 220.54 56.74
car 0.526472 42.84 0.00 106.37 65.52
car 0.526429 65.25 149.11 119.41 193.88
bicycle 0.526277 18.02 162.73 100.49 224.00
motorbike 0.526269 29.07 169.40 135.15 224.00
cow 0.526183 0.00 195.46 24.32 224.00
car 0.526149 195.17 101.55 214.98 133.83
car 0.526090 64.56 100.29 123.33 159.85
car 0.525957 0.00 181.23 15.56 219.29
car 0.525956 20.47 0.00 61.16 22.38
bicycle 0.525887 20.74 95.08 103.20 205.55
car 0.525841 131.58 65.63 165.57 116.17
car 0.525809 33.06 121.66 91.24 186.56
motorbike 0.525787 33.60 24.92 78.72 61.07
car 0.525521 179.83 0.00 224.00 58.41
person 0.525497 32.61 24.60 72.84 57.13
car 0.525494 119.80 113.95 163.66 175.35
car 0.525479 63.16 157.78 105.40 197.22
aeroplane 0.525471 146.96 48.77 224.00 149.35
car 0.525279 1.97 7.60 26.45 37.07
bottle 0.525226 137.58 14.04 151.81 33.72
bottle 0.525177 147.29 13.14 164.98 32.12
person 0.525092 132.90 54.86 166.03 95.29
car 0.525058 71.21 0.00 103.79 15.41
car 0.525054 214.53 192.80 224.00 224.00
cow 0.524996 0.00 183.31 23.51 214.89
car 0.524896 104.87 210.52 147.05 224.00
motorbike 0.524852 41.37 20.45 95.41 75.90
motorbike 0.524740 23.33 28.15 70.85 70.05
car 0.524700 112.89 53.04 155.54 102.35
train 0.524469 185.82 76.02 214.43 103.70
car 0.524402 16.03 7.43 46.92 30.06
bottle 0.524339 140.01 5.51 157.80 28.30
car 0.524327 72.61 178.18 115.60 211.25
person 0.524299 54.94 56.06 176.10 188.34
car 0.524265 103.95 47.54 131.93 108.76
car 0.524252 137.99 92.42 186.05 150.05
car 0.524035 20.17 0.00 77.17 65.49
motorbike 0.524002 94.47 46.75 118.68 112.25
motorbike 0.523804 58.06 207.81 94.75 224.00
cow 0.523785 25.42 174.43 57.95 205.49
car 0.523650 91.88 91.56 140.05 151.51
person 0.523629 10.47 5.90 58.70 89.50
car 0.523611 191.90 205.88 222.73 224.00
car 0.523506 90.35 209.24 138.53 224.00
motorbike 0.523405 32.89 15.76 63.84 37.46
person 0.523376 47.28 0.00 113.95 67.59
person 0.523357 76.57 29.73 133.31 107.31
bottle 0.523353 138.32 211.05 174.13 224.00
cow 0.523247 5.84 161.86 39.92 206.07
car 0.523143 111.41 153.46 145.77 200.25
person 0.523125 119.13 20.66 131.84 53.41
car 0.523101 115.43 90.82 205.88 189.98
train 0.523099 184.32 87.56 215.30 120.54
car 0.523070 122.00 127.34 206.19 209.97
bicycle 0.523006 8.59 125.80 60.26 218.82
car 0.523005 69.63 175.28 187.32 224.00
car 0.522804 155.45 97.93 198.21 154.18
car 0.522746 7.97 0.00 50.84 26.88
person 0.522705 45.47 0.00 83.41 19.38
boat 0.522620 144.54 0.00 199.43 56.33
car 0.522609 118.81 145.52 154.65 198.80
car 0.522605 146.83 66.98 176.69 107.99
car 0.522538 22.40 0.52 114.56 163.01
motorbike 0.522535 58.13 47.45 105.12 120.94
car 0.522487 154.96 173.69 224.00 224.00
person 0.522442 91.25 0.00 122.50 14.71
bottle 0.522435 135.01 6.24 152.86 31.02
car 0.522430 81.74 0.00 116.04 13.65
bottle 0.522319 145.37 1.63 166.87 25.49
car 0.522275 81.70 102.39 136.98 158.67
car 0.522248 159.08 161.19 193.35 207.12
car 0.522151 72.87 73.30 120.09 143.52
car 0.522128 181.20 99.18 209.95 136.65
car 0.522104 56.33 133.21 118.25 187.52
car 0.522051 106.65 101.18 160.70 155.23
car 0.522029 0.00 0.00 35.87 31.60
person 0.521995 2.58 36.00 39.52 87.00
dog 0.521895 145.77 210.89 188.06 224.00
boat 0.521892 212.00 17.50 219.49 44.92
car 0.521847 73.44 165.12 119.79 206.39
train 0.521838 206.56 73.22 219.88 105.61
person 0.521759 116.72 35.95 141.13 92.43
person 0.521753 92.27 46.24 193.99 133.52
car 0.521752 40.09 140.45 89.47 194.93
person 0.521640 99.08 0.00 129.02 16.78
car 0.521636 182.50 206.99 216.34 224.00
person 0.521603 13.93 20.08 45.95 58.76
car 0.521499 212.00 145.93 223.07 183.66
car 0.521421 212.00 138.33 221.93 174.08
person 0.521329 106.17 14.56 122.21 43.41
aeroplane 0.521327 159.12 29.13 224.00 128.50
train 0.521297 209.37 88.42 221.18 122.80
person 0.521263 111.92 0.00 139.71 21.02
car 0.521226 212.00 153.70 224.00 196.95
car 0.521199 144.36 0.00 169.06 22.78
car 0.521182 101.20 56.56 136.23 123.88
aeroplane 0.521158 153.24 20.99 175.85 53.91
person 0.521119 7.26 52.86 53.57 105.18
boat 0.521035 210.71 35.27 219.26 66.47
boat 0.521016 199.94 29.45 213.48 53.55
bottle 0.520971 142.52 17.84 157.49 36.89
boat 0.520779 142.39 0.00 199.51 91.79
car 0.520757 187.06 138.86 211.08 168.72
aeroplane 0.520711 160.19 168.83 192.54 212.95
person 0.520693 99.24 13.47 116.58 41.38
car 0.520667 113.54 168.15 142.19 208.90
bicycle 0.520611 22.03 134.63 99.58 218.50
aeroplane 0.520599 158.97 19.56 182.84 57.45
bottle 0.520565 131.74 0.00 153.87 27.90
aeroplane 0.520540 93.78 0.00 224.00 176.47
car 0.520491 165.02 134.62 195.55 177.08
car 0.520488 163.16 122.40 198.77 169.15
person 0.520473 123.50 0.00 148.77 25.27
boat 0.520449 117.20 181.98 143.49 215.10
car 0.520364 125.21 101.54 185.09 166.60
boat 0.520272 200.74 23.40 213.82 45.94
car 0.520266 161.72 71.79 187.91 105.87
car 0.520233 84.11 57.36 118.80 126.92
person 0.520232 118.20 30.19 136.48 76.20
person 0.520179 55.65 4.07 145.77 167.08
boat 0.520176 153.20 12.81 174.66 34.95
car 0.520060 147.29 22.77 167.83 48.85
car 0.519953 147.41 17.92 165.99 40.22
boat 0.519952 212.00 11.57 219.11 36.85
person 0.519926 114.20 0.00 169.97 64.68
car 0.519906 149.56 117.40 192.72 172.12
car 0.519872 55.61 78.22 204.41 181.45
bicycle 0.519872 44.37 155.52 88.44 200.27
boat 0.519842 150.48 0.00 178.52 20.78
car 0.519840 98.56 151.14 139.52 196.03
boat 0.519835 130.89 45.97 209.98 130.87
boat 0.519831 139.64 26.76 202.25 112.39
car 0.519810 175.66 136.23 202.31 171.14
person 0.519800 91.65 21.50 111.14 58.74
bottle 0.519697 161.13 209.42 203.04 224.00
car 0.519610 158.25 146.10 191.62 193.88
car 0.519603 172.55 83.46 209.65 121.60
car 0.519551 168.74 99.45 205.07 148.31
car 0.519415 161.29 78.86 195.31 124.03
car 0.519405 200.20 140.18 216.82 169.07
boat 0.519390 201.53 12.87 213.14 31.13
car 0.519331 109.40 183.39 135.48 214.42
boat 0.519293 167.75 0.00 196.00 21.17
car 0.519240 186.04 129.97 211.66 160.59
car 0.519196 112.71 60.83 160.82 121.41
bicycle 0.519192 32.63 144.08 145.78 217.99
car 0.519190 172.06 208.09 210.13 224.00
aeroplane 0.519146 170.34 7.84 224.00 113.84
boat 0.519140 157.09 0.00 186.89 20.21
cow 0.519126 15.68 163.99 59.37 203.27
boat 0.519120 206.54 48.75 218.25 81.59
boat 0.519075 195.48 0.00 217.63 23.04
cow 0.519056 8.86 175.02 35.94 205.75
car 0.519043 175.69 126.60 205.73 163.52
car 0.519022 185.09 152.56 207.70 198.40
bottle 0.518972 130.66 14.66 146.82 36.35
person 0.518961 130.36 43.98 155.66 90.14
person 0.518926 78.24 0.15 180.46 172.21
car 0.518900 163.85 107.13 202.23 159.92
car 0.518887 31.85 16.69 79.90 49.58
car 0.518784 66.69 125.42 196.92 201.67
boat 0.518758 118.65 168.13 148.63 210.04
car 0.518680 143.85 154.08 188.12 197.73
car 0.518662 16.88 14.18 45.67 43.71
aeroplane 0.518642 165.94 181.38 197.90 223.66
boat 0.518628 179.08 0.00 204.55 22.20
car 0.518623 154.14 131.32 189.93 179.74
person 0.518594 118.93 14.40 135.21 40.19
car 0.518548 212.00 128.13 221.63 163.08
car 0.518535 142.58 74.00 181.64 127.81
car 0.518531 118.35 134.36 162.96 192.64
person 0.518523 80.02 0.00 141.15 67.03
motorbike 0.518416 25.98 21.06 64.60 56.87
boat 0.518412 187.36 0.00 211.28 22.48
boat 0.518410 209.70 0.00 221.07 29.44
car 0.518398 212.00 114.68 220.77 151.27
cow 0.518349 9.03 184.08 31.89 211.07
bottle 0.518301 142.54 22.02 159.54 44.96
boat 0.518298 193.96 13.87 207.99 28.31
car 0.518262 67.36 170.18 103.56 204.04
train 0.518192 173.96 75.36 207.12 104.45
car 0.518166 202.40 155.38 214.00 196.35
aeroplane 0.518161 170.78 20.93 192.82 54.14
boat 0.518092 201.39 18.38 213.29 39.10
bottle 0.517947 128.18 3.77 148.27 30.33
car 0.517942 198.86 130.87 217.02 158.83
person 0.517919 132.00 25.44 147.58 57.93
person 0.517862 132.00 18.78 146.35 46.47
aeroplane 0.517841 187.09 56.34 210.60 86.59
car 0.517814 103.95 168.85 134.74 207.21
aeroplane 0.517652 161.32 12.69 182.95 36.80
car 0.517634 131.09 127.71 181.99 181.51
train 0.517449 193.81 54.33 214.27 84.10
motorbike 0.517398 67.86 14.33 100.10 61.52
motorbike 0.517393 49.65 14.59 93.93 56.90
car 0.517256 200.93 146.29 217.15 178.71
bicycle 0.517242 47.40 168.23 86.25 204.73
boat 0.517211 173.84 12.34 192.03 33.66
aeroplane 0.517199 169.86 29.36 193.04 65.57
car 0.517197 187.52 172.73 207.35 209.31
bicycle 0.517152 19.13 117.28 70.27 190.12
car 0.517135 185.67 115.71 211.66 151.03
aeroplane 0.517096 192.93 31.79 209.57 55.51
boat 0.517043 185.80 13.28 201.08 28.90
aeroplane 0.517003 197.69 39.59 213.28 67.15
car 0.516962 148.27 28.84 168.02 60.09
car 0.516906 188.69 186.21 208.52 218.52
person 0.516888 77.11 17.20 105.88 60.24
boat 0.516868 193.45 24.50 209.86 45.55
car 0.516867 127.96 151.83 171.83 197.93
person 0.516780 131.77 35.11 151.25 74.71
car 0.516699 36.02 7.08 76.53 29.46
car 0.516696 165.69 142.97 199.07 190.54
boat 0.516688 159.11 0.00 224.00 54.18
car 0.516625 197.74 116.68 215.99 148.40
car 0.516605 107.71 201.11 139.26 224.00
car 0.516595 176.08 111.82 208.12 154.30
person 0.516584 75.49 7.40 134.08 86.40
person 0.516581 139.43 19.33 151.75 44.50
person 0.516576 87.47 9.56 110.08 36.54
car 0.516575 68.86 193.90 99.24 212.71
dog 0.516548 114.98 199.49 144.74 224.00
person 0.516545 100.73 0.00 123.90 26.13
person 0.516482 77.74 0.00 107.03 15.16
cow 0.516407 14.09 192.62 51.20 224.00
motorbike 0.516338 79.82 4.21 104.46 32.92
car 0.516330 79.67 153.47 126.52 198.09
person 0.516237 106.48 29.17 176.51 105.45
person 0.516178 138.94 27.24 152.70 56.01
car 0.516157 143.43 29.19 160.54 56.21
car 0.516154 199.79 182.52 214.45 214.88
car 0.516093 68.74 203.61 103.21 224.00
car 0.515986 97.12 0.00 224.00 183.41
boat 0.515945 193.98 18.68 208.62 36.56
aeroplane 0.515807 186.10 32.32 204.53 59.52
car 0.515579 201.50 169.78 213.79 205.61
aeroplane 0.515574 185.75 23.50 203.70 47.68
person 0.515522 119.91 48.80 214.43 129.51
dog 0.515504 121.14 197.09 152.06 224.00
person 0.515459 92.63 0.00 117.54 22.61
aeroplane 0.515436 173.10 16.17 192.32 44.21
aeroplane 0.515370 191.13 42.50 209.53 70.99
car 0.515342 90.53 185.36 126.68 213.09
aeroplane 0.515247 174.06 183.12 202.64 220.76
car 0.515235 68.64 188.70 116.54 214.26
aeroplane 0.515171 168.02 169.08 201.18 211.52
car 0.515131 68.27 182.53 101.13 207.61
car 0.515065 47.22 179.58 82.68 207.68
person 0.515058 137.22 38.14 155.90 73.77
boat 0.514798 128.60 179.46 153.83 213.75
car 0.514794 97.19 118.14 152.39 174.99
motorbike 0.514630 73.99 0.36 99.49 31.77
dog 0.514459 156.21 197.36 192.70 224.00
aeroplane 0.514438 159.53 39.24 183.70 83.05
car 0.514363 196.16 198.25 217.49 224.00
aeroplane 0.514359 171.71 42.81 194.84 79.96
aeroplane 0.514306 151.23 38.08 175.61 82.48
car 0.514276 96.77 134.44 145.70 185.55
aeroplane 0.514248 185.73 44.47 205.51 74.23
motorbike 0.514237 35.06 191.22 73.81 220.59
aeroplane 0.514198 185.93 17.73 201.83 37.69
car 0.514078 90.98 201.28 131.42 224.00
car 0.513996 84.80 170.84 126.25 207.21
motorbike 0.513888 56.05 198.92 88.37 222.74
car 0.513860 186.57 200.46 211.54 224.00
motorbike 0.513841 49.57 189.12 81.04 211.01
car 0.513492 59.53 0.96 96.30 29.51
motorbike 0.513491 25.85 181.79 66.34 209.13
cow 0.513471 18.59 181.61 54.01 207.85
car 0.513460 141.22 39.91 161.71 75.70
car 0.512979 212.00 176.83 224.00 215.81
person 0.512969 63.44 0.00 100.64 15.81
car 0.512694 145.10 39.45 167.80 79.75
dog 0.512381 139.72 196.47 167.16 224.00
aeroplane 0.512262 156.73 177.36 187.76 218.79
aeroplane 0.512236 136.66 166.57 164.09 206.28
car 0.512235 174.70 198.87 206.11 224.00
aeroplane 0.511084 140.84 178.36 163.92 213.95
