cat 0.664279 1.77 36.57 217.25 213.04
cat 0.583460 52.13 11.52 224.00 193.41
dog 0.563245 27.49 12.61 224.00 212.11
dog 0.561655 60.90 46.73 154.94 114.72
cat 0.554629 22.41 28.77 185.45 173.44
dog 0.554222 69.90 72.69 156.17 140.29
sheep 0.552420 61.73 42.53 149.62 109.15
dog 0.547081 71.59 10.94 224.00 167.88
sheep 0.546558 47.31 14.13 120.90 66.80
dog 0.546338 63.85 34.65 148.27 98.30
cat 0.545209 88.36 35.06 215.27 214.02
sheep 0.544040 50.98 86.57 111.01 148.88
cat 0.542738 174.98 46.01 224.00 197.92
cat 0.541272 195.73 61.84 224.00 200.64
dog 0.541247 58.66 62.50 147.07 127.83
sheep 0.540845 17.90 39.12 63.82 103.01
dog 0.540816 56.32 78.52 120.27 139.82
cat 0.540564 146.72 26.31 224.00 195.07
dog 0.540239 82.71 85.97 148.71 147.75
sheep 0.539572 26.21 96.25 60.12 160.31
sheep 0.539466 18.84 39.34 159.40 176.72
sheep 0.539333 18.62 25.14 70.10 90.09
sheep 0.539206 54.08 48.05 128.97 103.84
sheep 0.538358 54.52 107.30 108.27 173.24
dog 0.536511 57.50 108.28 113.60 173.49
sheep 0.536437 52.51 60.99 115.91 107.55
sheep 0.535955 21.46 100.58 52.73 153.45
sheep 0.535365 19.75 18.74 77.67 72.05
sheep 0.535024 53.63 73.49 113.24 128.48
dog 0.534914 80.30 22.18 147.27 73.62
sheep 0.534779 64.79 31.32 137.60 95.54
bottle 0.534477 0.00 205.89 18.54 224.00
sheep 0.534423 40.63 46.52 103.35 100.79
cat 0.534397 91.49 129.84 145.13 194.39
dog 0.534388 122.52 82.82 180.73 142.53
cat 0.534245 19.39 83.26 193.84 216.43
sheep 0.533757 30.47 16.70 102.57 66.45
sheep 0.533692 75.28 23.61 147.45 72.05
sheep 0.533308 44.72 96.22 98.13 161.14
bottle 0.533178 0.00 209.77 31.05 224.00
dog 0.532922 137.19 41.81 173.39 78.20
dog 0.532477 206.64 207.93 224.00 224.00
sheep 0.532301 0.00 33.03 46.89 139.75
cat 0.532218 203.23 87.46 224.00 212.39
sheep 0.532176 16.26 57.68 53.85 115.69
sheep 0.529947 23.43 85.06 59.31 144.64
sheep 0.529830 22.34 69.89 58.76 129.25
cat 0.529621 32.98 127.09 187.53 224.00
sheep 0.529505 27.71 124.55 57.72 181.07
sheep 0.529316 68.61 143.83 120.55 195.74
dog 0.529166 195.58 171.03 224.00 224.00
sheep 0.528902 46.71 26.24 114.69 90.14
sheep 0.528792 0.00 93.84 8.81 147.33
sheep 0.528740 65.74 211.54 103.88 224.00
sheep 0.528473 58.51 136.17 107.58 186.36
dog 0.528436 132.28 78.35 181.45 127.57
sheep 0.528419 57.08 212.24 93.39 224.00
sheep 0.528391 66.78 158.98 114.97 211.32
cat 0.528267 183.42 212.77 216.90 224.00
dog 0.528219 173.29 0.00 224.00 48.71
sheep 0.528160 0.00 77.73 47.76 196.58
cat 0.528153 0.00 161.93 37.10 224.00
sheep 0.528108 46.72 64.81 102.17 114.51
chair 0.528038 210.13 0.00 224.00 21.30
dog 0.528030 0.00 0.00 55.23 53.03
dog 0.528004 91.32 20.85 144.11 61.32
cat 0.527803 93.83 154.60 195.53 224.00
sheep 0.527718 39.81 212.59 78.56 224.00
dog 0.527710 139.31 37.02 183.41 70.45
sheep 0.527655 80.18 211.20 120.17 224.00
sheep 0.527484 47.33 116.29 94.23 177.66
dog 0.527468 191.16 211.99 223.48 224.00
sheep 0.527464 0.00 104.21 18.11 148.54
bottle 0.527325 0.00 153.28 10.29 194.38
sheep 0.527268 27.61 138.82 57.24 194.51
sheep 0.527225 16.99 35.45 121.14 156.22
bottle 0.527208 33.39 121.42 163.42 224.00
sheep 0.527108 7.75 102.89 29.56 141.54
sheep 0.527062 4.68 38.69 44.85 94.33
bird 0.526963 0.00 0.00 18.47 21.49
sheep 0.526952 0.00 40.37 28.19 95.84
dog 0.526852 62.52 125.50 117.66 183.75
sheep 0.526781 0.00 112.50 8.98 162.73
sheep 0.526757 96.61 212.06 134.27 224.00
sheep 0.526747 1.91 158.08 22.42 189.43
sheep 0.526599 0.00 143.88 10.56 186.02
dog 0.526591 94.66 114.74 144.88 168.28
sheep 0.526475 15.32 64.60 130.21 196.33
dog 0.526148 136.83 3.32 224.00 135.43
sheep 0.526090 14.88 101.68 44.94 144.49
sheep 0.526037 25.80 42.72 88.05 99.32
cat 0.526016 170.30 211.85 206.94 224.00
bottle 0.525989 0.00 167.63 9.80 208.89
sheep 0.525947 129.42 162.52 206.38 224.00
dog 0.525937 137.66 31.09 175.96 64.09
cat 0.525825 119.71 82.30 183.67 142.23
bottle 0.525725 0.00 162.27 68.72 224.00
sheep 0.525668 4.24 50.16 38.58 107.48
sheep 0.525645 1.12 149.53 21.83 181.93
sheep 0.525641 26.00 211.64 69.80 224.00
sheep 0.525633 69.95 171.01 112.11 220.06
sheep 0.525596 30.64 109.34 62.73 173.54
bottle 0.525292 81.80 0.00 116.69 16.79
sheep 0.525256 0.00 132.51 10.00 177.01
cat 0.525254 220.00 75.07 224.00 114.66
sheep 0.525222 31.03 92.62 81.24 153.08
sheep 0.525212 24.09 117.24 49.62 167.27
dog 0.525205 220.00 142.04 224.00 200.96
dog 0.525037 144.00 45.43 188.14 74.61
sheep 0.524970 0.00 33.34 9.44 88.92
bottle 0.524946 12.10 212.85 49.57 224.00
sheep 0.524939 23.39 13.79 80.44 56.31
sheep 0.524827 107.95 0.00 140.14 18.53
sheep 0.524755 74.01 0.00 110.18 16.23
dog 0.524734 115.90 0.00 147.72 18.67
bottle 0.524692 3.75 165.51 22.44 196.12
dog 0.524664 141.13 48.32 177.27 83.27
sheep 0.524659 0.00 30.21 30.93 81.69
sheep 0.524606 39.36 182.16 68.56 219.45
dog 0.524534 134.99 33.94 166.39 72.83
dog 0.524428 123.93 0.00 155.33 18.87
dog 0.524405 94.56 130.43 147.76 178.03
bottle 0.524396 113.72 212.31 149.64 224.00
cat 0.524225 132.72 139.60 174.19 195.84
sheep 0.524172 30.57 164.31 57.67 207.07
dog 0.524061 138.12 135.43 183.53 199.09
chair 0.524051 133.56 0.00 163.15 18.42
sheep 0.524021 107.96 5.06 138.99 33.69
bottle 0.523969 0.00 183.13 11.29 223.99
sheep 0.523958 66.38 23.37 125.37 74.60
bottle 0.523913 99.97 0.00 133.48 18.49
cat 0.523817 155.43 211.36 190.96 224.00
sheep 0.523817 0.00 13.92 53.73 102.21
sheep 0.523748 0.00 53.33 23.72 111.87
sheep 0.523661 147.03 211.74 181.28 224.00
sheep 0.523647 32.78 151.93 65.13 206.18
sheep 0.523637 0.00 78.31 9.22 131.82
bottle 0.523635 4.52 186.10 22.54 218.43
sheep 0.523621 24.26 0.00 76.89 20.01
sheep 0.523616 48.24 0.00 92.57 14.61
sheep 0.523591 3.44 63.64 33.67 115.49
bottle 0.523540 6.16 178.19 22.20 208.08
sheep 0.523527 0.00 45.32 9.85 104.37
sheep 0.523511 0.00 118.21 27.52 224.00
cat 0.523235 72.92 137.57 136.12 192.90
sheep 0.523180 27.31 4.12 78.22 25.71
sheep 0.523178 102.52 17.44 140.83 46.69
sheep 0.523176 32.51 174.51 59.75 212.54
dog 0.523167 139.87 26.45 173.48 53.59
bottle 0.523134 130.61 212.15 164.42 224.00
sheep 0.523072 175.12 169.06 224.00 224.00
bottle 0.523065 18.49 152.98 106.02 224.00
sheep 0.523059 0.00 138.62 19.60 172.78
sheep 0.523032 0.00 117.25 17.07 158.00
sheep 0.522909 138.73 212.02 171.79 224.00
sheep 0.522876 0.00 66.90 20.79 120.53
dog 0.522861 111.08 5.22 143.73 33.51
dog 0.522809 145.46 32.31 189.99 61.01
sheep 0.522714 50.15 144.60 92.07 197.39
cat 0.522643 220.00 88.45 224.00 126.25
sheep 0.522642 0.00 82.59 19.19 131.20
sheep 0.522547 23.92 156.16 47.70 196.03
cat 0.522534 220.00 110.17 224.00 168.21
sheep 0.522534 9.38 110.70 27.78 149.75
sheep 0.522529 0.00 19.87 8.62 71.85
dog 0.522519 135.60 25.58 160.20 53.90
sheep 0.522439 63.55 19.72 138.22 62.28
chair 0.522344 142.05 0.00 170.74 17.80
dog 0.522333 107.67 0.00 140.59 23.29
cat 0.522288 220.00 149.82 224.00 205.90
sheep 0.522207 0.00 0.00 28.38 16.76
bottle 0.522157 0.00 197.19 14.29 224.00
sheep 0.522066 23.81 143.01 47.69 187.79
sheep 0.522004 60.58 6.79 115.57 48.15
cat 0.522000 220.00 59.77 224.00 98.52
sheep 0.521927 9.66 161.30 27.72 186.85
cat 0.521905 47.61 10.16 172.61 110.49
sheep 0.521804 10.84 76.62 43.94 126.30
sheep 0.521799 44.63 0.00 140.55 70.76
sheep 0.521773 3.40 81.16 29.85 127.02
dog 0.521770 106.10 95.38 171.01 155.57
sheep 0.521699 26.57 9.64 79.05 38.79
bottle 0.521677 0.00 142.79 29.45 224.00
dog 0.521677 135.92 44.42 161.08 82.88
sheep 0.521638 6.06 0.00 83.80 57.69
chair 0.521610 187.50 0.00 219.08 17.58
cat 0.521610 150.67 0.00 178.99 17.67
cat 0.521552 220.00 101.00 224.00 143.98
cat 0.521485 173.42 0.00 202.93 17.26
cat 0.521444 180.55 0.00 211.04 17.93
sheep 0.521411 2.31 108.34 82.52 215.10
dog 0.521342 198.25 137.50 224.00 224.00
sheep 0.521303 26.87 175.26 48.94 207.76
cat 0.521300 165.52 0.00 194.84 17.19
dog 0.521278 154.19 139.07 196.15 208.62
cat 0.521185 158.25 0.00 187.07 17.63
dog 0.521090 220.00 126.06 224.00 185.47
dog 0.521042 109.10 28.25 156.77 73.62
dog 0.521033 139.89 55.64 169.34 95.72
sheep 0.520970 36.66 8.88 144.48 100.13
cat 0.520941 127.18 63.92 220.34 212.19
sheep 0.520852 37.41 141.17 71.38 196.96
sheep 0.520837 6.98 23.24 50.11 67.73
sheep 0.520830 11.22 168.61 27.41 193.56
cat 0.520771 54.41 0.00 156.63 73.99
dog 0.520769 59.99 97.37 124.76 154.49
cat 0.520759 170.58 73.90 198.20 101.78
sheep 0.520709 0.00 0.00 57.06 73.54
sheep 0.520705 39.82 164.35 72.64 211.09
sheep 0.520683 9.56 152.35 27.38 179.62
dog 0.520617 133.78 20.16 156.52 40.32
dog 0.520578 105.18 17.42 143.06 42.66
dog 0.520486 152.00 25.39 189.32 51.14
cat 0.520378 162.21 76.68 192.65 110.16
sheep 0.520329 6.73 84.08 99.16 200.50
sheep 0.520287 29.75 59.88 84.91 113.30
dog 0.520236 147.28 52.13 185.44 81.59
sheep 0.520228 0.00 0.00 13.12 26.67
dog 0.520201 139.72 66.97 172.77 109.51
bottle 0.520105 0.79 202.00 26.67 224.00
sheep 0.520097 59.15 152.97 105.19 202.30
cat 0.520030 74.40 97.49 197.59 224.00
dog 0.519984 132.74 5.96 156.17 32.04
sheep 0.519967 71.04 188.41 109.04 224.00
dog 0.519933 155.84 0.00 224.00 95.55
sheep 0.519927 10.84 130.91 26.47 161.07
dog 0.519900 79.07 136.73 138.52 185.73
dog 0.519874 80.95 0.00 202.32 88.76
cat 0.519777 113.96 136.81 165.29 193.82
sheep 0.519704 16.20 23.32 101.73 118.03
sheep 0.519697 0.00 0.00 9.90 36.67
dog 0.519696 119.15 102.51 176.05 170.05
sheep 0.519678 10.74 141.59 26.61 170.58
dog 0.519635 113.53 22.18 149.39 53.96
dog 0.519634 171.65 146.46 202.14 206.64
cat 0.519514 148.56 76.51 187.56 114.54
bottle 0.519501 12.92 175.61 26.91 199.59
sheep 0.519495 22.42 6.13 119.58 88.24
bottle 0.519473 13.51 181.28 26.80 205.92
dog 0.519408 131.23 0.00 223.72 53.98
sheep 0.519391 31.87 3.80 99.47 33.30
sheep 0.519386 43.48 193.50 73.81 224.00
dog 0.519365 180.86 143.71 206.02 199.31
sheep 0.519339 34.13 127.19 69.29 183.02
sheep 0.519308 68.23 0.00 112.12 23.62
bottle 0.519245 12.12 188.47 28.48 217.07
dog 0.519227 149.27 39.22 196.61 67.69
sheep 0.519165 46.93 183.73 77.77 220.75
cat 0.519035 144.45 80.53 191.33 126.71
dog 0.518950 220.00 13.88 224.00 59.35
sheep 0.518945 17.74 112.97 46.58 155.73
sheep 0.518917 17.78 160.41 36.51 188.85
cat 0.518915 159.09 55.53 195.48 81.97
dog 0.518860 116.33 18.56 147.43 40.07
sheep 0.518809 6.95 0.00 43.14 14.75
sheep 0.518680 18.95 169.15 36.34 195.26
dog 0.518627 133.12 0.00 159.47 23.04
sheep 0.518613 0.00 14.25 31.32 55.97
cat 0.518565 220.00 174.74 224.00 216.93
dog 0.518527 220.00 41.28 224.00 83.87
sheep 0.518510 99.39 0.00 134.67 21.91
cat 0.518492 171.01 65.30 200.24 93.33
cat 0.518455 169.36 56.34 201.79 82.75
dog 0.518366 142.63 20.47 169.14 39.61
sheep 0.518278 15.07 0.00 57.70 15.75
sheep 0.518245 21.91 181.11 36.56 207.29
dog 0.518170 134.65 149.59 171.55 208.28
sheep 0.518147 17.41 149.32 36.59 181.15
dog 0.518039 107.61 0.00 214.62 66.65
cat 0.518002 218.24 191.18 224.00 224.00
sheep 0.517988 34.49 189.56 63.69 224.00
sheep 0.517979 37.89 4.34 112.88 41.60
sheep 0.517928 28.34 187.99 53.63 222.46
dog 0.517859 164.43 48.55 201.80 74.61
sheep 0.517817 11.66 0.00 94.61 81.42
dog 0.517789 119.22 138.49 163.97 198.98
dog 0.517732 172.94 4.77 197.41 31.02
sheep 0.517668 46.94 162.94 85.31 210.25
sheep 0.517635 18.39 124.66 43.91 161.75
dog 0.517509 102.02 106.24 165.93 168.76
dog 0.517491 96.26 74.84 163.19 127.61
sheep 0.517408 76.96 151.75 128.19 208.12
dog 0.517392 89.38 149.26 136.74 208.06
sheep 0.517341 21.08 188.64 38.79 218.73
sheep 0.517291 18.26 136.47 39.72 170.79
dog 0.517279 183.01 122.53 206.38 175.02
cat 0.517278 171.83 80.15 203.56 107.57
dog 0.517184 105.38 132.69 163.44 187.49
dog 0.517141 217.72 0.00 224.00 27.27
dog 0.517121 167.81 4.82 191.09 30.39
dog 0.517063 164.55 18.71 192.40 40.23
dog 0.516980 146.05 149.59 188.76 214.11
dog 0.516972 127.59 131.43 173.36 188.53
sheep 0.516957 53.17 180.45 90.36 219.39
dog 0.516811 164.82 24.36 198.95 49.69
sheep 0.516808 0.98 0.00 28.57 29.24
cat 0.516807 183.42 114.62 206.83 166.50
sheep 0.516725 53.47 170.42 95.44 212.06
sheep 0.516715 42.57 0.00 104.04 22.63
sheep 0.516641 81.40 167.40 125.59 214.51
sheep 0.516426 0.86 7.33 30.13 40.06
dog 0.516151 150.44 18.93 181.05 39.20
dog 0.516002 173.31 19.14 204.41 40.65
cat 0.515959 159.43 84.26 195.68 123.24
dog 0.515959 136.93 53.31 160.05 93.36
dog 0.515903 179.92 165.94 204.78 209.82
dog 0.515810 144.00 5.98 166.12 30.03
dog 0.515785 185.47 139.13 210.40 193.92
sheep 0.515709 77.88 4.80 128.34 34.29
dog 0.515493 220.00 0.00 224.00 38.91
dog 0.515442 186.95 113.45 209.49 166.15
bottle 0.515428 6.98 204.81 32.93 224.00
dog 0.515427 160.04 156.73 197.22 216.22
cat 0.515389 176.59 72.29 208.56 95.83
dog 0.515355 92.89 166.74 134.24 214.09
dog 0.515207 160.62 30.95 199.21 59.39
dog 0.515201 178.31 0.00 207.71 21.17
sheep 0.515161 10.89 14.97 51.94 50.56
dog 0.514956 173.95 0.00 199.82 19.72
cat 0.514787 138.89 90.90 193.31 147.55
sheep 0.514769 53.90 193.27 87.64 224.00
dog 0.514752 182.50 186.86 204.75 213.38
cat 0.514737 180.95 105.01 204.86 143.39
dog 0.514661 199.13 141.52 221.10 199.99
sheep 0.514616 80.42 187.47 120.69 224.00
dog 0.514502 161.86 4.35 185.57 30.34
cat 0.514481 176.92 78.03 207.97 101.94
dog 0.514201 139.47 170.25 170.18 215.17
sheep 0.514124 103.36 105.57 200.67 224.00
dog 0.514078 99.62 0.00 224.00 110.54
cat 0.513822 176.71 65.12 209.24 89.98
dog 0.513792 143.98 0.00 167.75 20.30
dog 0.513729 182.81 24.20 213.64 50.56
sheep 0.513675 22.08 205.69 58.21 224.00
dog 0.513674 167.43 0.00 192.36 19.01
dog 0.513598 130.29 167.90 160.96 213.99
cat 0.513535 172.25 110.84 203.11 168.17
dog 0.513470 183.63 0.00 212.78 31.78
dog 0.513458 154.41 4.78 179.06 29.48
dog 0.513444 183.20 17.67 212.45 40.71
sheep 0.513416 165.15 125.26 221.10 224.00
dog 0.513378 108.29 144.85 150.78 205.49
cat 0.513344 163.81 97.36 200.72 144.54
dog 0.513327 185.78 0.00 216.14 21.03
dog 0.513285 150.18 61.22 184.49 93.93
dog 0.513233 168.66 41.43 205.10 68.58
bottle 0.513191 15.36 205.86 44.53 224.00
cat 0.513105 122.02 97.43 185.61 172.76
cat 0.513056 178.27 57.97 210.33 83.06
dog 0.512939 115.95 164.91 150.91 213.81
cat 0.512889 174.42 98.87 201.94 127.79
sheep 0.512804 15.06 0.00 50.49 23.37
dog 0.512725 178.47 50.30 211.23 75.89
sheep 0.512649 14.73 8.20 52.10 33.45
dog 0.512568 147.69 172.08 180.41 217.10
cat 0.512493 194.91 68.64 217.84 99.63
cat 0.512490 181.78 200.01 206.37 224.00
dog 0.512329 192.59 108.42 207.89 141.11
cat 0.512215 178.32 84.41 206.73 109.34
cat 0.512185 199.69 74.76 218.70 106.66
cat 0.512147 167.57 89.41 200.27 119.56
sheep 0.512142 46.47 208.99 82.50 224.00
dog 0.512131 176.51 130.22 202.04 186.29
dog 0.512060 180.67 31.79 213.28 60.36
dog 0.512014 161.61 0.00 185.99 19.53
dog 0.511946 154.35 0.00 178.33 19.34
dog 0.511868 197.97 115.67 220.80 177.50
dog 0.511792 104.56 60.91 153.03 107.66
cat 0.511703 143.74 103.25 193.93 170.35
dog 0.511436 190.35 103.13 206.60 125.07
dog 0.511360 183.89 93.60 206.27 117.17
sheep 0.511214 98.69 190.04 136.19 224.00
dog 0.511155 156.53 177.31 191.17 218.80
sheep 0.511023 163.38 199.19 192.07 224.00
cat 0.510904 206.12 82.24 219.34 113.68
cat 0.510846 205.80 105.90 217.95 153.46
sheep 0.510839 184.97 186.01 207.28 212.80
bottle 0.510769 134.22 194.61 162.88 224.00
bottle 0.510725 142.44 196.29 170.72 224.00
dog 0.510685 153.24 197.54 181.28 224.00
sheep 0.510648 173.33 199.34 200.87 224.00
dog 0.510579 106.38 46.41 150.76 93.06
dog 0.510548 128.83 108.29 185.04 180.46
cat 0.510304 193.71 54.55 217.79 86.42
cat 0.510272 152.09 124.84 194.09 188.67
dog 0.510210 109.93 190.25 145.28 224.00
dog 0.510209 169.56 183.87 200.14 219.11
bottle 0.510175 122.31 191.90 154.79 224.00
cat 0.510109 210.70 91.30 218.32 120.35
sheep 0.510066 185.28 200.64 208.68 224.00
dog 0.509792 197.89 0.00 220.61 23.29
dog 0.509790 181.01 212.00 213.42 224.00
cat 0.509761 209.50 103.19 216.50 140.07
dog 0.509629 193.57 45.99 218.02 79.55
sheep 0.509513 197.21 198.36 217.19 224.00
cat 0.509490 211.17 98.69 216.72 126.69
sheep 0.509223 198.23 182.09 218.20 214.20
dog 0.509092 197.81 164.25 219.20 208.88
sheep 0.508827 111.98 210.75 149.03 224.00
dog 0.508802 196.47 18.38 218.73 53.73
dog 0.508675 197.34 11.37 218.07 43.35
sheep 0.508670 157.51 210.89 191.44 224.00
dog 0.508578 193.68 35.96 218.35 71.92
sheep 0.508548 166.57 210.88 201.59 224.00
dog 0.508402 194.82 26.03 218.81 63.18
sheep 0.508168 121.58 211.01 157.47 224.00
