tvmonitor 0.613777 145.12 35.06 224.00 132.31
sofa 0.595551 19.02 128.32 207.80 213.55
tvmonitor 0.585347 125.47 51.77 213.18 138.58
tvmonitor 0.569245 160.41 48.27 209.73 121.09
bus 0.566488 2.83 145.65 211.67 224.00
tvmonitor 0.562514 175.99 56.15 218.45 122.86
tvmonitor 0.560284 190.52 62.70 222.23 125.21
tvmonitor 0.559408 126.01 53.26 187.69 121.39
person 0.559380 65.59 114.37 108.64 157.00
tvmonitor 0.550720 148.90 55.33 195.99 124.77
tvmonitor 0.547113 203.85 73.52 224.00 126.65
tvmonitor 0.543359 159.26 15.55 194.44 28.30
cat 0.542731 159.03 15.92 195.62 28.29
chair 0.542361 64.64 148.16 100.80 198.06
tvmonitor 0.542315 211.03 6.04 224.00 33.95
tvmonitor 0.541644 164.35 64.09 198.27 126.28
pottedplant 0.540939 209.11 0.00 224.00 29.43
tvmonitor 0.540669 67.97 116.52 110.49 159.81
tvmonitor 0.539304 124.22 69.36 174.37 123.61
bus 0.539288 40.44 94.07 172.46 190.09
person 0.538355 58.42 111.12 97.00 153.81
sofa 0.538281 63.34 106.95 224.00 224.00
bus 0.537470 42.70 72.76 180.00 162.46
pottedplant 0.537432 0.00 201.34 15.75 224.00
tvmonitor 0.537171 51.80 59.04 66.94 82.77
person 0.536840 47.41 110.92 68.44 151.99
tvmonitor 0.536152 209.48 107.56 224.00 173.56
person 0.536021 54.87 110.46 80.68 152.40
chair 0.535760 71.36 161.72 98.07 206.87
bus 0.535677 110.15 49.75 210.63 142.46
tvmonitor 0.535294 114.65 50.99 205.68 175.37
tvmonitor 0.535078 187.84 48.11 223.05 106.70
tvmonitor 0.535048 106.08 114.12 148.76 157.04
bottle 0.534624 0.00 205.53 23.78 224.00
tvmonitor 0.534590 208.50 83.75 224.00 134.67
tvmonitor 0.534581 211.78 10.79 224.00 42.94
person 0.534273 37.92 110.96 59.72 152.02
bus 0.533640 30.65 115.49 180.96 221.28
tvmonitor 0.533492 211.02 18.77 224.00 53.70
tvmonitor 0.533475 207.99 28.41 224.00 64.86
person 0.533338 16.68 129.38 177.36 224.00
chair 0.532982 10.09 120.13 36.79 155.64
tvmonitor 0.532682 56.49 80.68 74.41 110.44
chair 0.532597 14.48 141.04 161.57 224.00
tvmonitor 0.532202 53.37 78.98 68.67 105.98
chair 0.532147 81.26 212.16 116.98 224.00
aeroplane 0.532136 115.12 164.57 176.67 195.90
tvmonitor 0.531792 71.99 98.39 107.00 155.85
tvmonitor 0.531628 215.93 123.79 224.00 185.18
chair 0.531393 76.07 172.13 102.40 212.52
sofa 0.531372 7.91 121.62 33.12 156.44
tvmonitor 0.531226 194.32 43.35 222.92 93.84
tvmonitor 0.531196 158.29 66.23 224.00 183.90
person 0.531183 22.57 111.34 49.55 151.92
tvmonitor 0.531141 151.86 68.94 187.49 128.32
cat 0.530824 135.43 211.60 189.16 224.00
cat 0.530746 219.25 134.23 224.00 190.44
person 0.530724 43.47 106.65 63.22 154.85
tvmonitor 0.530696 201.76 35.97 223.26 78.56
chair 0.530676 128.10 212.46 180.97 224.00
tvmonitor 0.530432 52.52 64.49 66.90 88.32
sofa 0.530323 0.00 102.95 29.77 151.43
sofa 0.530212 183.19 178.35 224.00 224.00
tvmonitor 0.530190 0.00 180.81 10.66 221.47
tvmonitor 0.530184 90.10 114.07 137.93 155.23
tvmonitor 0.530113 179.19 102.85 218.84 171.92
tvmonitor 0.530029 46.10 60.22 60.23 83.60
diningtable 0.529983 212.16 204.35 224.00 224.00
chair 0.529811 100.83 211.79 135.29 224.00
tvmonitor 0.529797 52.57 71.27 67.43 96.81
sofa 0.529794 66.58 51.98 201.10 159.49
chair 0.529666 5.23 109.67 40.01 159.48
tvmonitor 0.529638 119.46 80.66 167.68 132.64
tvmonitor 0.529568 70.71 118.62 198.84 209.59
bottle 0.529462 3.00 209.84 35.45 224.00
tvmonitor 0.529451 55.08 57.93 72.98 82.73
tvmonitor 0.529388 54.68 84.98 69.66 116.72
sofa 0.529381 70.55 156.10 204.79 224.00
chair 0.529379 67.65 212.20 108.96 224.00
chair 0.529352 0.00 127.50 21.60 168.01
cat 0.529304 220.00 150.59 224.00 200.38
chair 0.529293 0.00 166.06 8.86 209.42
tvmonitor 0.529053 158.12 9.51 196.77 26.42
sofa 0.528866 0.00 121.43 26.82 161.67
cat 0.528687 121.36 15.03 149.91 23.11
tvmonitor 0.528648 60.11 86.88 80.73 126.85
chair 0.528538 121.04 0.00 224.00 194.32
aeroplane 0.528533 117.78 174.36 175.87 203.74
person 0.528397 121.49 0.00 224.00 167.11
tvmonitor 0.528392 170.56 49.39 216.16 103.92
sheep 0.528342 30.10 180.74 60.06 224.00
cat 0.528160 173.54 97.89 224.00 201.26
chair 0.528066 109.06 211.73 153.12 224.00
boat 0.528041 29.76 153.97 56.18 197.17
bus 0.528025 0.00 55.78 43.08 164.26
bottle 0.527896 0.00 191.10 11.71 224.00
tvmonitor 0.527782 66.10 86.97 94.51 134.30
tvmonitor 0.527745 76.59 86.48 103.25 136.22
boat 0.527713 29.43 169.66 56.95 215.42
bottle 0.527548 193.67 4.52 218.66 25.08
boat 0.527363 0.00 49.18 35.11 153.22
cat 0.527355 158.37 9.65 197.74 25.92
chair 0.527101 0.00 155.11 10.41 200.68
tvmonitor 0.527048 176.08 95.45 211.71 156.88
person 0.527044 0.00 169.47 60.70 224.00
boat 0.527043 25.37 145.09 54.96 188.34
bottle 0.526978 183.25 211.43 218.04 224.00
tvmonitor 0.526978 56.26 72.84 73.64 100.07
boat 0.526917 44.98 55.24 60.55 79.65
sofa 0.526904 141.55 210.62 196.29 224.00
person 0.526859 66.10 129.70 101.76 183.38
aeroplane 0.526844 115.90 156.39 173.84 187.51
chair 0.526791 59.02 153.04 91.45 191.94
tvmonitor 0.526720 173.85 104.68 205.43 166.59
tvmonitor 0.526710 57.64 26.42 75.47 56.34
tvmonitor 0.526660 100.29 78.62 205.01 196.44
person 0.526656 7.71 155.73 134.15 224.00
tvmonitor 0.526621 56.73 91.11 73.59 131.03
boat 0.526577 0.00 0.00 18.60 26.23
bottle 0.526433 168.41 107.29 195.49 163.36
cat 0.526429 124.88 17.38 152.68 23.87
tvmonitor 0.526428 164.41 0.00 224.00 59.38
tvmonitor 0.526412 201.22 29.83 219.93 64.83
sheep 0.526225 198.54 208.21 224.00 224.00
bus 0.526172 5.22 82.99 196.97 224.00
sofa 0.526108 4.00 111.55 41.26 155.94
chair 0.526073 7.94 128.84 31.62 161.70
bottle 0.526058 9.60 211.69 46.41 224.00
chair 0.526038 51.37 212.65 91.14 224.00
person 0.525835 24.35 212.50 63.62 224.00
tvmonitor 0.525809 0.00 16.04 12.88 59.20
person 0.525808 0.00 0.00 42.72 44.37
tvmonitor 0.525735 61.50 25.44 82.94 58.85
pottedplant 0.525663 160.24 209.44 206.49 224.00
tvmonitor 0.525635 195.92 103.35 224.00 173.91
boat 0.525545 0.00 4.08 11.34 42.63
tvmonitor 0.525544 205.66 19.21 221.87 49.45
aeroplane 0.525459 120.29 183.15 173.51 210.13
tvmonitor 0.525440 48.60 70.39 62.26 94.88
person 0.525418 0.00 0.00 101.33 128.46
tvmonitor 0.525400 207.67 10.57 221.95 38.13
tvmonitor 0.525348 47.97 64.80 61.02 88.05
bottle 0.525289 168.85 210.61 211.40 224.00
tvmonitor 0.525245 196.62 9.91 216.77 27.81
bus 0.525024 21.38 81.17 111.36 184.98
tvmonitor 0.525000 167.38 82.98 191.48 135.46
tvmonitor 0.524945 48.95 77.48 63.77 103.06
tvmonitor 0.524902 71.07 57.53 90.53 84.84
tvmonitor 0.524893 55.74 64.47 72.41 89.61
cat 0.524817 159.29 0.00 193.06 23.91
person 0.524748 40.70 213.06 78.44 224.00
tvmonitor 0.524499 60.16 57.79 80.81 83.91
tvmonitor 0.524470 53.47 27.42 69.10 53.47
sofa 0.524459 0.00 87.06 24.09 138.19
sofa 0.524438 0.00 54.14 16.43 99.73
tvmonitor 0.524378 80.90 58.53 99.21 83.08
bus 0.524284 0.00 61.30 67.23 171.06
cat 0.524181 182.25 126.98 224.00 217.05
person 0.524151 53.50 99.86 69.56 143.49
tvmonitor 0.524132 69.72 51.09 90.53 78.52
aeroplane 0.524080 151.71 209.27 203.59 224.00
tvmonitor 0.523875 55.05 97.91 73.39 142.30
chair 0.523818 77.20 189.20 104.74 224.00
tvmonitor 0.523797 66.94 76.67 224.00 224.00
sofa 0.523796 123.30 176.10 218.46 224.00
tvmonitor 0.523764 0.00 82.43 65.87 184.30
tvmonitor 0.523697 120.79 60.87 165.88 102.57
tvmonitor 0.523594 111.65 92.46 160.57 144.44
boat 0.523551 0.00 56.83 61.82 161.52
boat 0.523547 23.97 156.38 47.02 194.20
tvmonitor 0.523541 57.69 21.19 75.91 46.76
tvmonitor 0.523439 89.42 81.78 105.53 120.29
sofa 0.523412 0.00 71.42 18.98 116.31
tvmonitor 0.523410 177.12 82.30 210.24 134.61
bus 0.523370 0.00 18.89 138.67 198.84
bottle 0.523261 29.25 147.44 60.28 189.12
dog 0.523236 24.50 184.09 49.29 220.74
tvmonitor 0.523148 191.99 39.03 218.23 83.09
cat 0.523135 118.67 1.87 152.42 20.12
boat 0.523109 52.52 0.00 83.38 20.00
tvmonitor 0.523085 187.34 83.56 217.22 132.77
tvmonitor 0.523055 168.15 96.97 192.82 151.83
aeroplane 0.522997 43.14 47.31 157.26 148.58
tvmonitor 0.522962 159.73 18.52 196.76 40.45
tvmonitor 0.522958 0.00 28.25 13.83 71.84
pottedplant 0.522901 193.45 0.00 220.48 24.36
aeroplane 0.522860 220.00 165.21 224.00 213.22
tvmonitor 0.522858 87.37 86.25 106.72 132.35
tvmonitor 0.522856 0.00 45.12 16.00 91.79
tvmonitor 0.522774 92.28 59.29 109.68 80.93
tvmonitor 0.522697 61.64 74.49 80.95 106.40
tvmonitor 0.522643 121.50 16.62 150.98 28.91
tvmonitor 0.522599 0.00 184.94 16.47 217.49
dog 0.522515 24.30 174.97 47.71 210.96
boat 0.522503 24.58 166.13 47.92 202.97
tvmonitor 0.522499 56.46 96.13 81.01 145.05
tvmonitor 0.522484 67.56 25.40 90.33 58.46
aeroplane 0.522473 45.13 0.00 124.34 41.57
boat 0.522463 0.00 0.00 62.87 35.98
aeroplane 0.522461 9.08 0.00 78.09 35.09
boat 0.522450 68.04 0.00 101.31 20.18
aeroplane 0.522447 125.87 194.00 183.44 219.18
tvmonitor 0.522432 78.45 52.08 99.47 76.53
tvmonitor 0.522422 61.62 19.83 83.54 47.83
sofa 0.522389 46.04 35.73 166.04 139.97
bottle 0.522355 0.00 195.89 18.84 224.00
boat 0.522283 45.93 0.00 75.33 21.07
tvmonitor 0.522135 84.93 92.21 108.16 143.04
chair 0.522128 0.00 142.36 13.31 187.82
boat 0.522051 60.32 0.00 92.42 20.05
sofa 0.522048 12.04 70.05 32.11 100.81
sofa 0.521996 8.93 86.11 31.81 126.02
tvmonitor 0.521974 0.80 7.52 19.30 39.77
tvmonitor 0.521938 36.12 61.31 52.14 84.98
chair 0.521936 66.31 128.65 107.06 182.27
chair 0.521915 43.17 151.95 68.64 188.44
boat 0.521866 114.38 142.11 156.75 174.74
tvmonitor 0.521856 49.42 84.65 65.58 115.45
tvmonitor 0.521825 106.64 79.63 137.47 112.44
boat 0.521762 13.87 26.86 36.40 56.79
tvmonitor 0.521758 3.26 26.76 26.26 60.15
sofa 0.521750 17.92 113.72 148.74 211.70
aeroplane 0.521716 12.69 62.25 33.88 94.29
chair 0.521708 29.79 103.93 50.41 151.60
boat 0.521707 112.01 155.65 161.12 188.17
tvmonitor 0.521697 96.34 80.97 114.03 114.83
tvmonitor 0.521662 53.20 22.91 69.29 45.15
sofa 0.521631 10.98 77.84 31.62 110.71
sofa 0.521589 6.93 93.97 33.11 141.10
boat 0.521570 112.24 128.98 148.55 164.52
tvmonitor 0.521554 10.22 30.02 31.95 60.37
boat 0.521407 35.96 55.76 53.34 79.93
tvmonitor 0.521384 81.67 66.50 98.12 93.63
boat 0.521356 0.00 29.20 33.55 124.97
sofa 0.521352 17.99 71.28 36.49 99.61
tvmonitor 0.521335 116.11 40.73 150.77 68.58
tvmonitor 0.521335 92.13 75.34 105.53 105.30
chair 0.521311 77.05 0.00 110.21 19.40
aeroplane 0.521284 18.96 64.47 38.47 94.02
tvmonitor 0.521264 200.87 94.45 224.00 157.15
tvmonitor 0.521130 159.02 42.86 200.51 91.77
tvmonitor 0.521122 36.88 71.12 51.64 95.81
diningtable 0.521112 46.47 40.83 182.12 143.63
tvmonitor 0.521056 82.61 103.12 113.50 154.70
tvmonitor 0.521019 124.47 0.00 208.70 36.39
tvmonitor 0.521011 0.00 171.15 13.90 204.86
tvmonitor 0.520998 122.85 100.80 173.05 147.02
tvmonitor 0.520991 93.39 66.85 107.33 91.06
tvmonitor 0.520934 80.97 75.69 98.61 110.04
aeroplane 0.520919 116.37 144.89 164.31 174.14
tvmonitor 0.520896 89.62 52.80 110.79 73.24
bus 0.520707 0.00 0.00 113.96 156.97
tvmonitor 0.520673 60.59 65.12 80.13 93.10
tvmonitor 0.520658 55.77 12.97 77.07 41.28
boat 0.520656 0.00 0.28 35.75 101.65
bottle 0.520650 152.69 109.70 184.94 157.79
tvmonitor 0.520628 2.91 15.91 21.49 50.20
boat 0.520603 20.69 28.00 41.90 54.03
tvmonitor 0.520590 153.10 84.58 183.99 135.89
tvmonitor 0.520550 191.16 31.16 214.81 66.75
boat 0.520541 46.83 28.26 63.30 50.58
tvmonitor 0.520530 116.69 28.71 150.34 50.98
aeroplane 0.520491 19.88 64.67 98.44 159.22
tvmonitor 0.520477 59.14 34.72 81.48 70.29
tvmonitor 0.520466 94.03 86.26 113.70 127.61
tvmonitor 0.520454 107.89 73.36 137.52 102.96
sofa 0.520432 3.71 58.72 31.76 97.45
chair 0.520352 105.85 165.70 139.46 193.67
cat 0.520333 147.66 17.64 187.64 24.43
tvmonitor 0.520326 35.92 77.89 51.40 102.90
boat 0.520259 33.92 29.17 51.95 50.70
aeroplane 0.520244 123.04 113.09 172.61 155.20
tvmonitor 0.520237 105.34 84.86 138.71 123.62
bus 0.520236 19.56 0.00 151.98 131.10
tvmonitor 0.520196 196.08 20.92 216.05 46.80
tvmonitor 0.520190 69.61 75.15 90.15 110.92
tvmonitor 0.520184 99.45 74.42 115.61 102.45
tvmonitor 0.520164 70.54 65.58 89.46 95.23
chair 0.520148 63.36 157.51 88.60 200.41
chair 0.520136 79.37 165.04 114.94 199.38
tvmonitor 0.520109 55.68 35.83 74.15 68.06
tvmonitor 0.520100 125.63 53.22 165.08 91.31
boat 0.520090 89.75 115.33 136.35 156.67
dog 0.520029 17.18 187.17 37.34 215.68
aeroplane 0.520015 28.73 0.00 101.39 40.03
tvmonitor 0.519946 86.16 0.00 183.21 32.71
sofa 0.519944 60.19 0.00 152.34 37.78
tvmonitor 0.519905 119.40 20.90 151.54 39.24
boat 0.519894 25.93 65.37 42.97 93.05
tvmonitor 0.519880 96.05 100.40 139.72 151.55
sofa 0.519872 15.83 78.86 35.46 108.06
tvmonitor 0.519862 108.95 65.71 138.55 93.62
tvmonitor 0.519844 115.02 60.23 158.92 92.77
tvmonitor 0.519830 24.19 71.82 41.38 98.80
tvmonitor 0.519821 118.79 53.37 157.77 85.40
boat 0.519817 12.54 0.00 44.08 19.60
boat 0.519709 19.53 144.21 45.56 183.36
sofa 0.519681 50.90 12.35 159.81 109.89
cat 0.519671 132.88 18.70 163.73 23.31
tvmonitor 0.519645 142.97 53.22 190.91 99.47
tvmonitor 0.519625 151.36 0.00 224.00 92.47
boat 0.519617 14.41 20.65 35.66 49.54
sheep 0.519613 217.39 193.71 224.00 224.00
boat 0.519599 102.00 154.53 139.62 187.90
chair 0.519585 85.76 0.00 118.43 19.24
tvmonitor 0.519545 65.46 34.04 88.85 69.73
tvmonitor 0.519521 67.21 19.66 90.61 47.31
tvmonitor 0.519513 0.00 113.10 69.97 203.14
tvmonitor 0.519488 10.68 35.81 33.26 68.31
tvmonitor 0.519464 101.63 58.15 122.24 79.64
tvmonitor 0.519443 108.96 58.45 140.00 82.92
tvmonitor 0.519442 101.41 66.10 118.65 90.58
boat 0.519433 0.00 3.30 64.96 106.89
boat 0.519403 71.72 113.36 114.98 155.02
sofa 0.519397 3.81 75.22 30.04 114.67
tvmonitor 0.519383 153.19 98.79 184.30 148.63
cat 0.519356 167.14 0.00 202.47 25.23
boat 0.519317 23.70 52.38 45.33 81.76
tvmonitor 0.519315 59.41 10.11 84.20 41.04
cat 0.519302 178.04 0.00 211.90 23.93
tvmonitor 0.519300 182.16 42.15 214.48 88.85
boat 0.519283 21.64 22.35 41.75 45.75
aeroplane 0.519155 129.99 184.31 195.04 208.98
tvmonitor 0.519147 49.17 92.91 66.78 132.74
chair 0.519111 73.14 152.14 115.86 192.23
boat 0.519106 20.98 0.00 51.79 19.14
tvmonitor 0.519077 197.39 13.56 216.37 35.24
aeroplane 0.519067 158.78 187.47 200.75 212.22
sofa 0.519056 7.97 96.26 105.70 201.12
dog 0.519053 16.56 179.94 35.95 207.72
tvmonitor 0.518998 0.00 159.09 15.56 195.46
person 0.518977 76.56 0.00 215.56 149.41
cat 0.518943 182.13 118.09 216.40 180.07
tvmonitor 0.518942 51.66 47.13 67.86 75.67
boat 0.518882 4.83 0.00 34.92 21.13
chair 0.518855 94.69 0.00 128.31 19.29
bottle 0.518841 8.47 187.81 26.91 216.10
chair 0.518840 104.86 0.00 140.10 20.13
boat 0.518823 21.12 34.64 42.75 62.46
tvmonitor 0.518805 9.33 18.58 29.67 50.20
tvmonitor 0.518798 101.67 91.78 139.66 138.02
person 0.518781 37.99 0.00 186.19 140.76
boat 0.518769 8.53 8.06 28.51 38.34
tvmonitor 0.518747 175.15 14.42 207.56 26.65
boat 0.518731 34.41 24.05 52.32 42.11
chair 0.518697 59.07 136.68 87.85 180.75
tvmonitor 0.518697 53.33 36.21 68.33 65.85
tvmonitor 0.518658 174.24 8.72 209.42 24.23
boat 0.518652 16.74 39.27 40.12 70.63
tvmonitor 0.518603 132.72 52.75 176.89 96.15
tvmonitor 0.518601 113.24 52.22 151.78 78.42
sheep 0.518571 26.15 199.17 61.51 224.00
tvmonitor 0.518562 47.17 23.99 63.89 42.12
aeroplane 0.518526 50.93 14.09 148.07 107.55
boat 0.518522 30.40 0.00 60.47 19.36
tvmonitor 0.518441 51.99 16.20 69.96 41.23
boat 0.518407 18.49 56.98 40.43 89.88
cat 0.518386 132.28 0.00 165.85 19.91
boat 0.518370 52.96 0.00 80.35 32.63
chair 0.518288 0.00 129.48 66.50 219.52
aeroplane 0.518191 157.17 180.10 200.05 206.16
boat 0.518176 15.02 10.10 35.91 38.65
boat 0.518150 3.60 49.48 32.30 89.90
diningtable 0.518125 115.47 172.60 162.94 199.79
boat 0.517960 11.36 44.12 34.19 79.74
tvmonitor 0.517783 133.58 18.81 162.42 28.67
boat 0.517748 22.39 43.37 44.51 72.13
tvmonitor 0.517742 114.93 23.73 208.70 120.09
bottle 0.517709 8.30 181.09 24.96 208.72
chair 0.517687 12.96 125.80 42.69 158.36
dog 0.517644 16.34 171.05 36.38 200.56
tvmonitor 0.517643 149.00 17.18 184.72 28.25
tvmonitor 0.517626 21.18 79.34 39.76 106.11
boat 0.517612 17.53 48.07 40.90 82.04
cat 0.517599 143.95 0.00 180.95 21.84
tvmonitor 0.517578 108.59 50.56 139.84 71.78
tvmonitor 0.517526 101.06 51.17 124.04 70.31
bus 0.517511 69.62 86.92 209.11 198.87
cat 0.517462 120.79 13.13 151.83 20.23
boat 0.517379 46.17 47.43 61.17 75.13
boat 0.517341 36.32 46.99 53.06 73.21
tvmonitor 0.517336 57.58 45.18 80.60 76.57
tvmonitor 0.517324 3.38 39.40 30.76 78.97
bottle 0.517262 5.18 200.00 29.31 224.00
aeroplane 0.517254 159.15 201.66 202.67 224.00
tvmonitor 0.517225 34.56 85.34 51.27 116.66
chair 0.517074 107.27 172.64 137.38 199.53
tvmonitor 0.517066 76.77 25.05 98.47 52.94
tvmonitor 0.517028 160.46 27.12 198.65 63.92
boat 0.517026 22.53 13.54 42.54 37.49
chair 0.516947 118.70 191.60 161.47 221.89
tvmonitor 0.516897 74.11 44.12 97.95 72.89
boat 0.516862 35.36 36.53 52.39 62.37
bottle 0.516781 22.06 134.23 52.79 172.52
tvmonitor 0.516779 64.38 9.06 91.46 40.91
diningtable 0.516762 51.98 13.59 175.43 110.12
chair 0.516663 22.32 124.22 51.44 159.00
boat 0.516645 32.38 159.43 60.15 206.25
tvmonitor 0.516637 201.76 119.50 224.00 183.53
chair 0.516626 32.82 95.20 50.90 136.79
dog 0.516603 150.72 117.53 187.94 162.94
boat 0.516554 16.12 158.90 35.93 191.42
person 0.516508 58.30 118.43 84.44 161.25
aeroplane 0.516487 116.83 145.97 188.83 178.28
aeroplane 0.516385 13.87 11.13 89.01 103.22
chair 0.516288 120.72 207.87 171.58 224.00
tvmonitor 0.516241 8.45 173.23 23.97 201.68
boat 0.516223 47.60 36.55 62.38 64.03
chair 0.516163 82.69 172.29 112.67 204.56
dog 0.516162 19.60 200.14 52.33 224.00
sofa 0.516077 49.31 0.00 150.81 72.37
aeroplane 0.516057 142.80 191.14 201.11 215.33
tvmonitor 0.515981 86.91 44.85 110.21 67.24
chair 0.515845 43.06 137.48 67.81 176.07
cat 0.515819 159.66 171.48 202.73 201.79
bottle 0.515789 12.83 201.14 40.16 224.00
aeroplane 0.515723 114.46 134.71 164.78 164.02
aeroplane 0.515666 112.96 123.94 160.49 158.07
aeroplane 0.515638 47.76 0.00 137.33 74.59
bottle 0.515628 28.75 135.71 59.07 174.77
diningtable 0.515605 106.17 188.88 131.13 219.88
tvmonitor 0.515594 174.69 20.67 208.17 44.66
aeroplane 0.515593 121.89 133.29 181.00 166.65
sofa 0.515591 16.85 86.84 38.59 120.36
chair 0.515578 107.72 178.13 134.77 206.53
tvmonitor 0.515547 174.88 16.16 207.30 33.12
tvmonitor 0.515486 74.01 34.19 97.26 65.31
tvmonitor 0.515453 130.83 18.69 161.73 37.91
boat 0.515416 35.10 16.39 53.40 36.14
cat 0.515310 130.86 7.28 165.60 20.67
diningtable 0.515254 87.12 190.08 114.62 223.15
chair 0.515232 31.84 122.88 59.31 159.86
tvmonitor 0.515195 77.01 19.77 99.23 42.35
tvmonitor 0.515187 109.08 40.41 139.70 60.75
tvmonitor 0.515186 129.44 38.83 169.09 76.01
boat 0.515186 64.35 129.63 109.60 179.19
cat 0.515163 207.33 157.40 222.70 200.39
aeroplane 0.515062 16.13 42.59 94.04 130.48
boat 0.514994 46.86 17.80 64.03 38.09
tvmonitor 0.514952 8.00 160.80 24.13 191.77
aeroplane 0.514836 131.78 164.75 205.86 202.17
cat 0.514739 144.80 8.44 187.18 22.71
tvmonitor 0.514736 1.38 143.64 19.17 181.24
tvmonitor 0.514656 174.80 30.69 208.53 69.24
boat 0.514655 100.87 42.79 123.78 62.18
boat 0.514641 96.54 133.46 137.55 173.19
sofa 0.514636 112.38 130.29 210.77 209.73
person 0.514614 44.57 121.23 68.07 159.90
tvmonitor 0.514605 118.30 0.00 210.66 76.82
boat 0.514589 64.89 0.00 97.48 31.15
boat 0.514560 90.70 24.80 109.67 44.55
cat 0.514557 205.31 131.47 224.00 187.13
chair 0.514534 62.39 182.32 88.40 224.00
boat 0.514502 36.83 179.95 67.85 224.00
chair 0.514500 42.50 158.80 65.09 202.57
bus 0.514407 29.51 0.00 187.36 170.55
aeroplane 0.514369 169.42 123.20 202.62 173.37
boat 0.514334 88.06 34.41 109.69 57.44
aeroplane 0.514252 8.16 0.00 81.91 69.37
tvmonitor 0.514126 145.62 40.71 185.88 80.97
sofa 0.514120 146.30 202.67 202.69 224.00
tvmonitor 0.514035 12.82 133.67 34.72 166.07
boat 0.513885 74.83 8.66 101.43 35.63
chair 0.513853 88.01 207.17 118.71 224.00
aeroplane 0.513816 159.90 165.75 205.27 199.14
aeroplane 0.513800 180.68 166.33 210.58 197.42
boat 0.513723 37.92 165.04 64.62 213.40
diningtable 0.513698 51.29 0.00 163.95 67.98
chair 0.513679 15.01 133.48 43.74 168.05
aeroplane 0.513589 172.61 134.49 212.77 185.08
cat 0.513562 181.82 157.98 212.53 192.02
aeroplane 0.513515 152.60 173.69 208.08 203.99
aeroplane 0.513511 162.81 156.28 207.59 191.90
tvmonitor 0.513483 14.32 143.88 34.23 178.70
tvmonitor 0.513445 126.97 24.53 163.47 53.54
boat 0.513274 75.67 0.00 107.50 26.45
tvmonitor 0.513223 147.84 16.92 181.95 36.12
tvmonitor 0.513021 8.07 144.73 25.23 178.22
diningtable 0.512914 78.16 0.00 192.28 65.89
chair 0.512825 65.24 206.29 103.76 224.00
aeroplane 0.512789 144.61 127.73 195.81 169.05
boat 0.512742 102.50 32.53 124.56 50.90
diningtable 0.512737 116.75 188.70 158.54 218.85
boat 0.512720 42.87 0.00 66.61 30.08
aeroplane 0.512623 90.56 8.01 112.06 28.35
aeroplane 0.512582 207.17 166.02 221.44 206.29
chair 0.512571 54.97 206.16 90.45 224.00
aeroplane 0.512563 135.69 142.15 203.09 180.75
aeroplane 0.512488 92.22 18.25 110.24 34.77
cat 0.512486 166.60 162.35 207.45 195.91
aeroplane 0.512418 111.15 29.53 142.58 47.21
cat 0.512252 169.95 151.80 211.17 191.22
sheep 0.512094 204.53 198.37 222.51 224.00
sheep 0.512092 37.39 202.60 74.76 224.00
boat 0.512055 87.39 0.00 116.67 21.67
aeroplane 0.512023 180.29 184.04 210.42 211.01
aeroplane 0.511966 207.59 178.72 221.34 217.53
cat 0.511916 110.15 0.00 144.21 18.84
aeroplane 0.511791 181.60 202.36 214.33 224.00
aeroplane 0.511554 159.63 140.81 209.58 180.62
aeroplane 0.511487 105.42 9.04 127.48 23.16
cat 0.511185 116.00 11.17 145.02 20.00
tvmonitor 0.511054 146.04 25.21 182.12 55.65
aeroplane 0.510884 105.14 22.55 125.99 38.29
aeroplane 0.509623 107.81 16.25 126.64 28.37
tvmonitor 0.509419 114.36 20.29 145.78 36.00
tvmonitor 0.508719 116.00 15.18 145.83 28.00
