motorbike 0.652283 17.15 22.37 224.00 207.86
person 0.588998 79.45 8.92 212.44 169.55
car 0.578407 179.98 28.29 211.75 79.64
motorbike 0.575188 17.97 79.27 198.93 217.27
train 0.571311 179.38 28.21 209.55 77.88
motorbike 0.568448 155.29 52.92 221.19 224.00
motorbike 0.565654 79.82 14.05 212.24 187.11
motorbike 0.565363 111.63 48.71 214.20 224.00
motorbike 0.557031 187.75 75.44 224.00 224.00
train 0.557009 198.60 28.90 220.67 84.14
person 0.555907 122.93 8.90 216.09 154.74
motorbike 0.555588 140.66 26.81 197.24 122.79
person 0.552661 156.41 14.00 221.06 176.77
aeroplane 0.551656 30.89 22.16 196.83 205.45
motorbike 0.551165 0.93 28.60 161.93 186.26
person 0.549422 173.97 11.33 223.96 154.98
car 0.549035 197.99 30.78 221.90 79.88
train 0.548388 211.08 63.74 222.92 112.61
train 0.547308 206.76 41.54 221.67 97.54
motorbike 0.546245 137.06 47.22 185.99 124.61
motorbike 0.545606 133.63 23.23 185.90 100.26
motorbike 0.544944 84.91 85.63 203.76 224.00
car 0.544778 151.82 18.71 203.28 101.08
cow 0.544248 38.13 25.25 184.80 180.92
car 0.543857 211.35 69.74 222.95 118.20
motorbike 0.543421 96.63 142.91 175.26 207.67
car 0.542765 100.76 151.31 169.69 205.09
motorbike 0.542728 25.04 143.22 183.59 224.00
train 0.541832 181.79 44.01 210.32 95.02
motorbike 0.541365 139.37 70.38 184.79 136.30
car 0.541309 193.46 64.61 212.54 105.50
car 0.540728 19.80 156.81 61.97 208.73
train 0.540443 192.62 39.82 216.40 92.93
train 0.539623 202.57 65.21 217.11 108.23
person 0.539439 212.96 73.86 223.29 124.57
person 0.539035 187.57 64.95 210.02 106.14
car 0.538510 60.84 161.46 99.01 224.00
car 0.537894 185.05 57.77 209.74 101.61
person 0.537662 193.85 70.56 213.71 109.48
car 0.537525 45.65 156.24 95.62 221.47
motorbike 0.537494 42.30 117.61 212.36 224.00
car 0.537382 102.13 167.09 159.76 203.62
boat 0.536697 20.86 157.74 59.56 208.14
motorbike 0.536660 108.30 109.37 163.97 167.36
aeroplane 0.536241 59.98 169.98 97.00 224.00
car 0.535815 171.05 0.00 203.76 19.07
car 0.535810 21.58 154.54 78.99 216.01
car 0.535725 169.61 17.79 206.49 85.64
cow 0.535683 216.68 143.65 224.00 200.31
boat 0.535535 0.00 133.12 48.75 224.00
person 0.535479 202.88 70.30 217.51 112.61
train 0.535288 190.23 55.46 211.98 99.72
boat 0.535253 0.00 59.13 57.74 185.33
motorbike 0.534779 188.28 139.39 211.60 204.40
motorbike 0.534731 115.30 143.14 173.39 195.49
motorbike 0.534427 94.15 166.88 205.29 224.00
pottedplant 0.534335 0.00 204.19 19.98 224.00
motorbike 0.534109 127.54 103.53 176.92 167.90
motorbike 0.533920 132.99 86.29 185.20 148.96
motorbike 0.533738 105.08 114.65 150.57 162.22
motorbike 0.533716 184.38 141.31 205.39 201.55
motorbike 0.533702 70.38 93.89 114.74 145.02
car 0.533540 38.50 25.03 222.22 150.26
person 0.533419 215.91 90.64 224.00 139.06
motorbike 0.533414 102.23 120.13 171.54 187.37
motorbike 0.533118 126.96 26.47 171.07 91.15
motorbike 0.533109 206.68 205.11 224.00 224.00
car 0.533012 69.20 98.13 114.23 149.21
person 0.532959 185.14 7.28 222.97 126.83
car 0.532806 176.31 14.49 208.77 64.88
motorbike 0.532748 216.29 126.24 224.00 181.50
person 0.532707 188.05 0.00 224.00 81.30
aeroplane 0.532635 50.15 51.93 82.67 119.37
cow 0.532568 59.15 90.74 96.37 142.88
car 0.532441 179.79 46.08 210.65 98.24
motorbike 0.532230 133.67 146.61 173.16 188.90
car 0.531976 174.83 8.20 206.97 48.54
motorbike 0.531973 119.34 203.78 171.99 224.00
car 0.531908 56.50 95.33 103.35 154.92
motorbike 0.531637 105.17 204.11 153.63 224.00
pottedplant 0.531492 0.00 208.72 33.79 224.00
motorbike 0.531436 105.37 153.55 158.05 188.40
aeroplane 0.531064 63.25 94.47 112.74 152.40
person 0.531036 130.19 29.13 153.80 72.55
car 0.531011 98.11 168.87 169.94 214.10
cow 0.530905 54.71 51.56 88.53 118.14
aeroplane 0.530904 57.03 102.55 103.18 158.27
car 0.530692 29.54 113.22 55.32 151.63
car 0.530627 50.88 93.35 87.56 143.36
car 0.530623 0.00 0.00 46.24 48.71
pottedplant 0.530608 0.00 36.41 42.83 163.23
car 0.530594 50.10 104.93 91.09 156.84
motorbike 0.530590 179.37 169.67 224.00 224.00
car 0.530391 102.99 172.25 149.40 198.00
car 0.530139 104.80 157.18 159.24 193.40
bird 0.530114 0.00 63.78 27.93 116.37
cow 0.530079 69.28 203.41 114.14 224.00
cow 0.530031 52.49 43.30 81.40 100.43
bird 0.529831 0.00 59.96 15.49 114.25
car 0.529823 100.24 182.66 162.02 214.65
motorbike 0.529793 180.43 153.67 201.31 201.68
boat 0.529575 0.00 104.08 57.44 212.51
car 0.529484 31.85 111.27 64.17 155.01
person 0.529481 126.90 29.66 159.76 82.87
sheep 0.529464 54.97 41.56 81.49 75.67
cow 0.529357 3.52 73.95 31.94 123.83
aeroplane 0.529280 28.49 45.29 135.28 193.84
motorbike 0.529248 216.10 101.69 224.00 146.74
car 0.529179 206.04 0.00 224.00 22.09
cow 0.529007 87.53 205.29 135.72 224.00
motorbike 0.528957 151.69 204.84 191.84 224.00
car 0.528927 160.60 0.00 194.89 16.76
bird 0.528811 47.10 22.92 171.22 180.60
aeroplane 0.528771 55.46 188.19 93.62 224.00
cow 0.528708 54.50 205.78 97.14 224.00
cow 0.528587 95.75 40.08 121.30 77.09
motorbike 0.528561 123.54 45.35 165.86 100.17
motorbike 0.528326 117.02 139.50 211.19 224.00
car 0.528315 18.42 82.38 39.96 136.09
car 0.528238 205.31 21.11 221.44 65.70
car 0.528146 140.35 25.16 179.42 77.58
car 0.528046 111.17 187.01 167.40 219.95
aeroplane 0.528015 9.16 72.95 36.35 127.01
car 0.527951 40.04 107.76 77.90 155.83
car 0.527749 104.76 155.78 143.30 179.35
car 0.527733 172.34 0.00 205.50 31.71
aeroplane 0.527709 69.87 118.13 112.19 161.76
pottedplant 0.527662 0.00 151.65 55.06 224.00
motorbike 0.527645 187.64 205.92 218.61 224.00
person 0.527470 0.00 8.71 34.26 124.83
person 0.527428 126.15 30.50 147.58 65.61
motorbike 0.527417 183.52 134.58 224.00 224.00
motorbike 0.527389 184.27 116.35 210.20 175.49
cow 0.527386 87.82 43.29 112.79 75.97
car 0.527348 62.51 132.53 99.96 182.90
aeroplane 0.527309 60.72 120.60 101.59 170.56
car 0.527304 76.78 111.93 115.50 150.99
motorbike 0.527246 117.60 61.73 150.77 105.73
motorbike 0.527213 148.23 171.03 224.00 224.00
boat 0.527189 0.00 55.09 92.97 193.00
cow 0.527141 55.31 70.66 92.15 137.31
boat 0.527108 0.00 0.00 17.63 24.75
aeroplane 0.527075 51.32 111.26 90.08 158.43
car 0.527020 63.09 148.72 96.20 206.31
motorbike 0.526858 118.25 49.66 152.70 96.63
motorbike 0.526835 186.48 194.77 208.36 217.91
sheep 0.526746 0.00 54.03 25.29 102.80
motorbike 0.526661 103.75 132.79 152.07 180.23
car 0.526636 209.65 9.90 223.25 50.91
sheep 0.526604 47.91 30.41 79.02 62.86
bird 0.526601 0.00 50.01 12.46 101.78
motorbike 0.526548 173.41 151.48 191.95 190.26
motorbike 0.526441 191.69 96.82 211.62 143.54
cow 0.526399 216.76 163.94 224.00 206.00
motorbike 0.526315 123.34 83.07 176.72 136.62
car 0.526288 150.84 0.00 182.59 14.68
car 0.526252 98.31 173.08 131.09 195.61
motorbike 0.526139 157.02 138.90 221.22 224.00
cow 0.526136 86.09 37.74 116.04 68.19
aeroplane 0.526126 72.61 129.61 112.96 170.76
motorbike 0.526119 129.89 123.81 173.96 185.20
motorbike 0.526101 120.23 39.25 153.27 84.44
boat 0.526075 17.02 146.64 68.38 197.73
car 0.526044 72.31 155.46 101.99 208.43
car 0.526040 70.20 136.26 107.84 181.05
bird 0.525994 0.00 74.56 22.98 125.13
car 0.525986 125.91 0.00 154.36 48.38
motorbike 0.525980 27.66 29.83 201.80 147.51
cow 0.525912 215.30 176.24 224.00 209.37
car 0.525617 88.84 170.45 119.37 200.07
car 0.525556 23.08 95.45 44.46 144.24
cow 0.525457 96.31 47.51 118.06 85.42
car 0.525274 78.70 166.36 110.94 208.99
boat 0.525237 6.66 122.56 81.86 217.64
aeroplane 0.525212 45.08 55.17 73.14 119.25
car 0.525194 128.72 0.00 161.99 12.36
cow 0.525176 215.37 189.60 224.00 220.14
motorbike 0.525143 167.14 203.24 203.85 224.00
car 0.525042 93.62 0.72 209.75 122.38
motorbike 0.524925 173.04 57.61 203.29 116.95
cow 0.524925 57.01 44.81 85.02 83.80
motorbike 0.524922 184.97 185.88 207.49 211.97
car 0.524909 124.95 0.00 207.67 82.10
cow 0.524907 90.04 49.25 109.98 83.84
cow 0.524879 193.05 193.73 212.49 217.36
cow 0.524817 50.94 86.96 88.01 140.72
car 0.524769 72.33 146.06 105.46 188.64
aeroplane 0.524723 21.18 129.55 92.67 221.05
bottle 0.524710 17.34 211.20 55.39 224.00
motorbike 0.524705 200.71 141.61 220.15 204.04
car 0.524674 103.87 165.26 145.54 190.30
motorbike 0.524674 99.75 99.42 141.75 148.98
car 0.524644 42.85 96.62 79.98 144.92
aeroplane 0.524635 30.14 158.81 84.76 219.13
motorbike 0.524631 127.36 70.23 170.29 114.51
car 0.524613 139.86 0.00 171.63 12.78
motorbike 0.524547 102.83 34.31 136.38 69.39
aeroplane 0.524527 3.59 63.01 31.14 116.43
motorbike 0.524513 193.84 84.95 214.13 129.83
motorbike 0.524471 107.79 63.35 141.99 110.60
cow 0.524362 0.00 17.45 20.65 60.48
bird 0.524362 0.00 0.00 9.98 44.84
cow 0.524297 39.39 209.47 83.97 224.00
motorbike 0.524267 107.81 96.26 157.49 150.19
boat 0.524024 0.00 177.71 10.60 224.00
cow 0.524023 92.76 30.07 123.05 62.80
bottle 0.523980 31.65 210.58 71.75 224.00
aeroplane 0.523922 48.60 45.38 73.47 99.41
pottedplant 0.523914 9.76 210.54 51.38 224.00
car 0.523910 174.54 49.87 205.21 110.31
car 0.523899 77.49 141.94 113.34 178.35
sheep 0.523857 0.00 24.56 22.19 69.15
aeroplane 0.523824 22.98 86.95 114.95 206.21
bird 0.523810 0.00 193.89 15.26 224.00
sheep 0.523753 0.00 180.15 37.95 224.00
sheep 0.523694 0.00 0.00 12.73 35.51
pottedplant 0.523651 10.94 151.20 86.84 224.00
car 0.523630 48.82 144.21 85.37 196.17
motorbike 0.523628 111.59 195.98 167.33 224.00
pottedplant 0.523465 0.00 38.02 64.52 176.31
motorbike 0.523442 93.92 110.87 132.55 149.50
motorbike 0.523336 120.56 189.76 170.89 221.01
motorbike 0.523307 183.28 128.46 203.18 188.08
sheep 0.523290 51.02 43.23 76.54 82.83
motorbike 0.523270 81.99 108.45 119.51 146.41
motorbike 0.523219 189.76 105.64 210.53 153.05
car 0.523191 52.26 118.33 88.80 166.48
cow 0.523188 190.98 182.35 211.28 209.93
car 0.523165 35.41 97.84 64.58 146.69
car 0.523105 100.42 156.23 122.82 176.11
aeroplane 0.522986 121.43 0.00 151.42 46.75
aeroplane 0.522956 72.79 174.87 110.73 221.05
sheep 0.522914 0.00 199.41 33.77 224.00
motorbike 0.522877 181.22 141.13 198.53 193.48
car 0.522864 79.53 121.78 115.42 158.71
motorbike 0.522855 185.30 166.50 207.05 210.88
motorbike 0.522850 104.38 71.58 139.11 120.41
aeroplane 0.522848 19.63 174.99 55.69 224.00
car 0.522832 102.88 191.96 154.02 224.00
sheep 0.522815 47.98 21.22 75.84 50.70
motorbike 0.522781 24.71 148.78 111.35 224.00
car 0.522762 128.55 18.12 150.69 59.36
car 0.522752 97.75 178.88 135.80 200.67
bird 0.522746 0.00 8.22 9.64 59.62
motorbike 0.522714 113.54 77.35 151.29 123.53
aeroplane 0.522709 42.08 73.68 75.49 135.66
pottedplant 0.522644 0.00 16.81 56.38 139.07
cow 0.522617 0.00 14.81 10.27 65.88
person 0.522606 204.77 81.92 218.52 129.80
car 0.522583 52.02 131.45 86.67 181.72
car 0.522573 28.88 97.60 52.69 145.94
car 0.522567 114.46 0.00 148.94 11.36
motorbike 0.522552 153.25 155.20 174.86 186.31
sheep 0.522545 0.00 37.87 22.47 83.01
car 0.522536 23.56 112.14 45.48 147.36
cow 0.522503 90.61 53.97 110.01 99.35
sheep 0.522495 47.18 0.61 72.69 28.00
sheep 0.522459 43.04 37.84 79.73 68.53
car 0.522437 81.10 150.62 112.24 183.08
bird 0.522399 29.55 30.92 115.82 162.04
motorbike 0.522304 109.99 85.84 152.95 136.97
motorbike 0.522282 104.17 44.70 134.69 84.07
car 0.522274 133.88 25.56 154.57 67.54
aeroplane 0.522217 19.21 160.62 64.21 200.02
car 0.522145 20.17 131.54 62.49 182.45
car 0.522095 13.85 146.74 68.82 202.06
motorbike 0.522048 118.47 31.75 147.96 63.73
car 0.522028 179.72 0.00 214.01 22.36
motorbike 0.521963 157.66 191.02 184.66 218.61
motorbike 0.521950 87.99 91.68 127.72 141.35
car 0.521898 53.48 0.00 186.79 67.06
cow 0.521853 95.53 54.74 116.72 100.37
aeroplane 0.521838 9.91 27.13 28.23 64.83
car 0.521753 0.00 122.97 11.97 162.40
bottle 0.521674 0.00 146.91 70.91 224.00
motorbike 0.521646 174.63 193.14 197.71 217.90
car 0.521636 0.00 115.34 14.14 152.38
aeroplane 0.521585 88.69 24.78 116.07 52.13
sheep 0.521513 0.00 35.55 10.48 86.56
cow 0.521474 76.00 47.27 101.60 76.00
motorbike 0.521404 35.74 114.10 126.73 220.13
aeroplane 0.521392 20.89 132.96 63.26 178.10
sheep 0.521383 0.00 11.44 19.10 53.80
motorbike 0.521349 184.71 69.15 210.08 110.77
person 0.521298 187.82 76.55 211.41 117.33
motorbike 0.521284 117.61 156.82 169.76 208.36
car 0.521170 90.11 163.26 117.73 190.70
boat 0.521112 36.32 0.00 70.59 14.48
motorbike 0.520900 178.67 127.80 199.05 178.81
aeroplane 0.520895 3.70 53.66 29.59 100.24
motorbike 0.520876 202.64 91.98 217.53 139.50
motorbike 0.520872 188.19 87.93 210.43 131.82
pottedplant 0.520864 26.11 26.06 109.47 148.14
car 0.520848 91.12 154.25 116.77 178.39
cow 0.520847 86.84 62.34 111.59 117.43
cow 0.520804 191.13 165.00 211.94 210.21
motorbike 0.520788 194.28 116.01 216.85 171.91
car 0.520763 99.60 165.30 127.67 186.79
car 0.520760 82.77 133.60 116.55 168.11
person 0.520704 135.48 4.33 208.25 115.20
sheep 0.520618 76.50 41.00 106.04 67.26
cow 0.520602 67.11 88.31 111.02 141.66
car 0.520528 5.44 0.00 78.12 46.50
sheep 0.520515 0.00 0.00 24.79 20.80
car 0.520447 192.43 0.00 222.38 22.25
cow 0.520443 101.58 54.11 132.38 99.23
sheep 0.520375 57.82 35.20 80.71 60.14
car 0.520338 87.87 146.53 117.79 174.99
cow 0.520147 97.85 64.43 130.55 114.90
boat 0.520143 49.45 0.00 85.12 14.27
motorbike 0.520058 180.55 119.75 202.50 170.33
aeroplane 0.519982 8.47 17.85 27.04 49.94
car 0.519928 30.83 0.00 204.60 104.72
car 0.519914 79.09 190.12 121.87 224.00
car 0.519864 90.84 192.24 135.73 224.00
sheep 0.519770 77.87 33.46 110.08 58.12
cow 0.519745 35.17 76.66 63.02 134.68
cow 0.519666 100.64 25.47 131.52 57.51
motorbike 0.519632 130.01 198.93 178.53 224.00
cow 0.519610 62.91 48.11 88.21 75.76
car 0.519585 95.76 182.63 137.04 209.23
sheep 0.519582 48.85 13.58 72.73 37.13
car 0.519508 84.74 178.89 123.47 212.71
motorbike 0.519506 183.63 112.17 205.81 160.81
boat 0.519495 21.68 0.00 57.51 14.72
car 0.519491 84.34 0.00 115.73 12.64
car 0.519455 0.00 82.93 23.58 131.18
cow 0.519418 58.55 47.96 89.99 97.26
car 0.519371 25.30 118.33 58.93 160.71
sheep 0.519301 57.33 28.55 79.88 51.71
sheep 0.519235 12.53 0.00 47.91 15.17
sheep 0.519226 81.08 26.24 113.45 48.77
cow 0.519197 73.59 58.08 103.11 116.34
car 0.519157 92.22 0.00 122.20 11.34
sheep 0.519029 90.94 16.83 113.81 43.72
motorbike 0.519024 168.72 71.45 201.03 125.08
sheep 0.519007 0.00 0.00 61.49 71.25
cow 0.519007 74.87 51.71 99.54 97.81
sheep 0.518992 19.05 25.69 34.73 56.03
motorbike 0.518984 174.05 169.00 195.94 206.73
car 0.518962 65.40 0.00 99.71 12.78
motorbike 0.518891 174.85 185.03 197.80 211.27
sheep 0.518853 0.12 0.00 35.09 16.34
car 0.518840 75.12 0.00 108.85 13.15
motorbike 0.518767 200.87 103.32 216.71 147.82
motorbike 0.518762 169.61 121.16 196.51 170.33
cow 0.518728 79.06 84.78 119.11 137.23
sheep 0.518685 34.05 27.29 70.89 57.88
sheep 0.518676 65.52 42.77 89.35 67.61
car 0.518667 10.32 117.99 29.80 147.34
car 0.518648 0.00 95.56 20.56 139.10
motorbike 0.518556 184.33 201.39 209.92 224.00
car 0.518550 99.09 0.00 131.07 9.66
motorbike 0.518509 184.65 101.42 207.34 148.24
aeroplane 0.518481 38.15 61.25 62.96 120.96
aeroplane 0.518443 19.41 146.49 67.27 189.12
cow 0.518406 203.76 191.94 218.22 216.86
motorbike 0.518295 170.61 131.96 193.72 178.01
car 0.518267 35.20 116.29 73.30 162.25
cow 0.518229 92.86 73.61 129.64 126.69
boat 0.518189 0.00 168.30 42.57 224.00
sheep 0.518184 42.78 0.00 75.89 17.62
boat 0.518129 0.00 136.91 8.87 180.90
aeroplane 0.518125 7.85 37.87 27.90 78.05
sheep 0.518085 90.91 0.00 112.94 32.23
motorbike 0.518070 154.89 180.12 182.38 208.71
motorbike 0.517995 129.02 175.83 171.96 210.36
boat 0.517978 0.00 161.00 6.77 216.24
aeroplane 0.517978 115.45 19.42 144.16 53.16
sheep 0.517976 95.81 15.52 119.16 46.41
boat 0.517957 0.00 146.54 7.86 192.87
boat 0.517877 3.24 158.36 41.41 199.88
sheep 0.517830 68.01 35.95 91.72 59.18
aeroplane 0.517793 111.71 0.00 145.57 40.61
car 0.517788 102.29 137.85 137.65 173.04
sheep 0.517776 26.20 25.61 48.89 55.09
car 0.517763 185.88 23.50 214.61 64.99
motorbike 0.517721 165.95 82.75 199.21 134.70
motorbike 0.517574 100.88 125.89 136.62 163.95
car 0.517545 18.81 117.42 40.66 145.61
sheep 0.517509 0.00 0.00 20.03 30.58
sheep 0.517498 70.04 29.06 94.11 50.21
car 0.517468 30.68 131.23 72.58 180.53
motorbike 0.517431 166.15 96.08 198.26 148.43
sheep 0.517157 26.48 31.64 46.21 63.05
sheep 0.517127 83.29 19.13 112.56 40.70
car 0.517100 25.65 0.00 106.62 46.25
sheep 0.517098 55.66 20.33 80.18 41.05
sheep 0.516990 53.99 2.98 82.88 30.01
boat 0.516952 4.63 151.56 38.16 188.65
car 0.516930 143.70 15.72 179.01 58.89
cow 0.516885 203.08 179.08 218.53 207.48
car 0.516884 16.95 105.39 39.05 143.67
cow 0.516858 101.56 17.54 128.11 49.11
car 0.516831 90.15 124.97 119.17 158.65
car 0.516747 42.54 0.00 139.39 50.72
aeroplane 0.516654 5.81 11.27 27.20 43.08
cow 0.516654 203.98 164.90 219.50 206.92
sheep 0.516591 9.80 199.95 50.55 224.00
car 0.516502 93.83 137.82 119.84 168.48
sheep 0.516493 69.61 21.18 93.78 41.06
motorbike 0.516454 151.95 165.94 179.06 201.77
cow 0.516427 39.39 23.95 141.95 136.95
car 0.516324 121.71 0.00 156.89 25.26
aeroplane 0.516317 10.08 165.59 56.90 215.29
sheep 0.516296 19.44 20.51 35.46 47.07
car 0.516282 160.18 10.39 204.34 61.04
car 0.516253 10.30 126.61 27.95 155.26
sheep 0.516198 35.36 191.10 82.56 224.00
motorbike 0.516185 138.93 116.26 180.70 174.45
car 0.516170 9.03 133.30 29.70 165.44
sheep 0.516078 42.65 50.06 66.31 100.70
car 0.516076 9.59 88.81 36.18 133.52
aeroplane 0.516044 100.20 0.00 127.27 36.69
aeroplane 0.515917 1.51 0.00 28.87 33.67
boat 0.515860 27.09 79.19 51.03 133.83
sheep 0.515758 20.42 16.33 97.99 121.12
boat 0.515742 7.26 142.10 34.03 177.06
car 0.515266 141.84 0.00 178.44 43.96
dog 0.515135 116.04 0.00 153.01 24.18
car 0.515033 10.69 101.40 35.30 140.03
motorbike 0.515020 148.67 145.74 175.46 184.36
sheep 0.514944 37.16 0.00 66.58 23.39
cow 0.514868 15.78 70.94 39.33 126.62
sheep 0.514787 66.38 1.26 93.08 30.00
car 0.514739 188.52 12.73 214.18 49.88
car 0.514610 159.64 1.18 201.36 44.34
motorbike 0.514583 143.53 131.49 177.79 181.47
sheep 0.514450 20.37 0.00 43.64 28.12
cow 0.514368 198.73 202.09 220.34 224.00
car 0.514324 189.41 0.00 216.42 31.54
sheep 0.514262 20.81 196.14 57.13 224.00
sheep 0.514084 21.29 13.08 38.20 38.24
sheep 0.514029 7.93 0.00 85.45 77.04
aeroplane 0.513986 10.85 55.09 32.58 96.63
sheep 0.513984 37.26 40.55 65.60 71.92
sheep 0.513953 27.44 18.29 50.26 44.03
sheep 0.513908 35.24 18.18 69.70 44.34
sheep 0.513906 24.64 0.00 59.64 16.90
sheep 0.513749 15.79 39.64 33.02 75.20
car 0.513551 155.08 0.00 189.94 22.00
sheep 0.513550 30.32 0.00 56.48 24.09
sheep 0.513389 52.95 0.00 89.07 17.02
cow 0.513296 28.05 68.15 49.90 124.28
sheep 0.512874 17.28 63.88 37.71 112.18
sheep 0.512747 35.26 49.91 57.34 86.14
sheep 0.512553 86.52 0.00 115.08 17.50
sheep 0.512543 25.09 40.90 42.25 73.52
aeroplane 0.512501 17.18 145.15 55.21 181.80
car 0.512499 139.64 0.00 173.77 20.60
sheep 0.512410 38.13 10.58 67.29 31.48
sheep 0.512353 31.24 58.21 50.84 106.56
car 0.512035 19.36 126.97 45.94 154.51
sheep 0.511961 21.17 55.10 38.83 92.43
sheep 0.511954 30.52 10.73 52.59 33.31
dog 0.511818 108.17 0.00 147.50 19.70
aeroplane 0.511467 17.97 135.01 49.85 167.58
sheep 0.511318 27.78 0.00 123.38 85.97
sheep 0.510904 63.29 0.00 96.95 15.99
sheep 0.510705 97.85 0.00 129.26 17.19
