train 0.628246 0.00 52.49 217.73 213.32
person 0.604278 107.98 53.89 150.33 115.98
person 0.574322 96.11 53.82 128.70 114.77
person 0.572237 21.67 108.51 71.63 204.10
person 0.571633 95.41 59.41 120.05 123.07
person 0.571480 76.54 57.58 104.88 119.92
train 0.563858 1.33 83.87 168.23 195.18
train 0.563776 137.01 56.94 202.28 211.09
pottedplant 0.562717 211.45 84.36 224.00 120.96
person 0.558509 86.74 57.29 111.68 126.43
horse 0.558227 97.36 56.07 151.21 116.91
person 0.557322 11.45 99.25 94.77 188.95
person 0.556761 74.54 55.17 97.94 108.59
boat 0.553962 210.44 87.99 223.75 123.39
sofa 0.553234 0.00 74.53 217.78 213.79
cow 0.552914 103.71 60.82 154.95 121.61
aeroplane 0.551479 130.02 48.06 197.70 211.38
pottedplant 0.549996 213.54 46.92 224.00 77.12
person 0.549151 112.80 53.61 141.08 108.08
cow 0.548159 210.56 90.28 224.00 127.75
pottedplant 0.548090 207.07 80.52 223.49 116.99
car 0.547982 213.62 40.69 224.00 69.40
cow 0.547666 207.70 87.04 220.94 119.53
bird 0.547128 211.17 95.79 224.00 135.01
person 0.546725 104.82 43.02 194.33 212.93
pottedplant 0.546627 211.10 70.82 224.00 112.46
person 0.546135 214.53 34.48 224.00 63.38
person 0.545817 0.00 96.19 53.67 188.65
pottedplant 0.544664 212.46 59.17 224.00 99.33
aeroplane 0.544356 180.58 76.73 224.00 215.47
person 0.543431 5.94 84.72 162.11 188.77
car 0.543419 0.00 122.76 14.37 188.49
bird 0.543200 173.68 70.20 192.39 132.26
car 0.542969 31.74 136.16 67.90 210.92
person 0.541886 29.64 136.03 70.17 213.07
person 0.541425 212.11 101.02 224.00 144.13
car 0.541387 3.97 120.57 27.40 191.25
pottedplant 0.540874 199.72 84.87 219.15 119.10
car 0.540715 219.50 127.55 224.00 184.51
aeroplane 0.540261 111.84 78.93 161.59 149.44
bird 0.540240 166.72 69.72 187.93 133.27
person 0.539217 110.71 3.25 121.62 29.50
aeroplane 0.538973 151.65 64.17 212.04 214.70
car 0.538520 13.28 115.51 44.91 191.34
horse 0.538323 220.00 135.34 224.00 189.77
horse 0.537957 106.21 63.31 160.12 136.15
person 0.537371 78.89 84.54 109.47 139.62
train 0.536952 23.30 68.54 140.20 151.26
car 0.536299 0.00 77.56 8.54 125.14
cow 0.536191 207.10 96.33 221.12 131.02
car 0.536145 217.23 118.10 224.00 173.26
person 0.536069 174.69 70.87 192.57 133.46
aeroplane 0.535996 116.94 97.43 158.81 161.68
person 0.535824 104.28 0.00 119.64 33.07
person 0.535654 0.00 206.12 18.28 224.00
person 0.535640 0.00 109.27 38.50 205.56
person 0.535229 137.61 5.66 153.41 32.00
person 0.535011 105.60 51.68 127.21 98.57
person 0.534995 148.07 70.09 178.29 129.09
train 0.534992 68.25 71.11 208.19 218.17
cow 0.534883 200.54 87.91 218.72 119.16
person 0.534787 79.90 107.11 100.47 178.70
pottedplant 0.534693 208.85 41.31 220.96 67.09
person 0.534633 214.64 107.87 224.00 157.68
train 0.534518 36.33 174.13 174.74 224.00
person 0.534415 207.62 36.45 220.34 62.74
cow 0.534332 0.00 210.05 31.41 224.00
dog 0.534163 82.05 211.21 115.69 224.00
car 0.534135 193.87 0.00 224.00 57.21
person 0.534078 95.74 49.06 115.54 98.50
horse 0.533937 28.27 83.35 57.86 139.44
car 0.533888 25.36 162.79 163.07 224.00
bird 0.533851 192.98 83.31 214.14 120.24
person 0.533750 127.06 27.47 145.40 86.72
person 0.533535 197.58 36.93 213.42 61.07
car 0.533084 0.00 111.68 24.38 182.03
person 0.532955 167.93 68.52 186.27 136.69
car 0.532640 0.00 93.33 9.26 146.93
pottedplant 0.532598 198.45 42.00 214.47 64.61
person 0.532515 18.66 147.77 100.67 224.00
person 0.532487 84.23 47.75 103.50 99.97
pottedplant 0.532393 209.57 46.69 222.36 72.66
car 0.532283 0.00 63.53 8.62 107.96
motorbike 0.532032 28.43 88.15 60.29 150.28
horse 0.531922 219.33 160.04 224.00 201.22
person 0.531870 120.76 44.38 150.21 100.51
aeroplane 0.531799 187.43 48.29 224.00 190.64
car 0.531563 0.00 50.09 7.49 94.19
person 0.531478 115.74 43.12 137.30 97.73
car 0.531439 0.00 102.40 11.44 163.15
person 0.531295 74.87 38.44 95.56 81.14
person 0.531078 42.19 211.93 74.24 224.00
horse 0.531060 33.17 62.34 71.33 113.36
person 0.530679 213.44 201.83 224.00 224.00
person 0.530615 50.87 212.36 83.84 224.00
horse 0.530518 18.05 87.24 49.50 135.69
person 0.530442 218.62 21.32 222.92 52.72
person 0.530411 78.01 89.26 101.44 162.63
person 0.530388 23.77 97.51 64.24 168.20
person 0.530275 133.52 42.88 191.98 186.92
aeroplane 0.530199 113.21 76.28 209.02 215.82
person 0.530065 111.21 43.52 176.57 159.03
person 0.529978 19.34 110.22 61.66 181.25
horse 0.529949 41.89 61.30 79.93 108.51
car 0.529910 0.00 0.00 47.10 42.38
dog 0.529887 79.55 115.43 100.53 180.73
person 0.529828 75.47 30.55 95.03 66.79
pottedplant 0.529820 209.74 51.58 224.00 81.72
person 0.529515 210.12 0.00 224.00 20.12
motorbike 0.529504 23.32 99.36 63.96 165.03
bird 0.529476 184.18 77.47 204.75 125.90
person 0.529446 121.25 30.15 138.92 87.68
person 0.529308 69.68 59.00 185.46 188.12
aeroplane 0.529306 191.60 26.55 224.00 150.55
person 0.529302 70.38 47.36 93.91 94.50
horse 0.529256 27.81 55.42 62.06 102.89
person 0.529199 59.63 212.24 94.59 224.00
person 0.529141 115.74 2.24 126.26 28.09
horse 0.528836 4.70 71.44 111.46 179.37
dog 0.528780 95.75 211.95 130.13 224.00
motorbike 0.528665 19.53 90.49 52.40 144.21
person 0.528574 0.00 151.61 45.22 224.00
person 0.528562 133.50 0.00 150.95 27.16
person 0.528521 176.75 171.27 224.00 224.00
train 0.528507 20.47 130.03 193.72 224.00
sheep 0.528466 164.41 33.81 180.72 62.61
cow 0.528419 199.97 97.78 217.67 130.28
person 0.528306 192.69 37.67 209.04 59.84
person 0.528108 116.46 31.64 134.48 84.14
person 0.527870 97.63 37.77 114.18 85.33
horse 0.527848 26.68 71.16 58.50 126.72
person 0.527692 107.58 42.07 125.83 88.07
aeroplane 0.527563 23.85 56.88 56.19 101.19
person 0.527542 194.05 18.68 224.00 138.11
person 0.527374 15.18 128.01 177.79 224.00
pottedplant 0.527268 199.23 47.57 215.10 68.46
sheep 0.527239 79.61 134.26 99.24 189.13
sheep 0.527129 167.63 54.38 182.38 90.31
person 0.527113 85.63 36.22 102.17 84.12
horse 0.527101 23.60 64.68 55.16 113.28
train 0.526898 9.89 0.00 90.28 36.31
person 0.526896 8.48 148.78 71.26 224.00
aeroplane 0.526881 173.21 83.19 193.23 144.41
aeroplane 0.526878 165.26 80.49 186.31 150.39
person 0.526813 28.45 211.37 60.31 224.00
horse 0.526729 39.05 85.96 77.65 134.85
person 0.526540 112.19 32.12 129.31 80.55
sheep 0.526458 165.47 27.38 180.97 53.99
train 0.526368 65.77 60.02 163.76 157.14
person 0.526336 117.09 64.18 160.43 120.55
horse 0.526184 0.00 84.82 74.55 192.68
car 0.526172 8.00 108.51 42.12 176.36
person 0.525938 108.00 30.13 122.44 75.40
car 0.525937 0.00 37.16 6.88 81.87
car 0.525865 197.31 0.00 224.00 92.82
person 0.525856 107.46 0.00 124.40 31.92
person 0.525756 99.21 26.48 112.01 70.62
car 0.525735 0.00 140.39 12.80 198.31
person 0.525696 129.23 17.64 145.24 70.67
person 0.525655 125.39 4.12 138.78 29.00
car 0.525600 78.89 175.06 196.85 224.00
person 0.525594 165.58 41.17 179.96 70.33
car 0.525574 0.00 0.00 19.61 22.23
sheep 0.525568 109.98 93.58 152.02 154.02
horse 0.525516 118.12 173.09 210.86 224.00
person 0.525477 86.52 27.16 100.81 69.07
sheep 0.525416 76.27 136.54 93.87 187.77
sheep 0.525356 167.00 47.90 180.54 76.80
horse 0.525312 29.93 89.19 66.15 151.05
aeroplane 0.525272 160.19 99.80 187.80 168.64
person 0.525109 219.79 9.35 223.52 39.86
cow 0.524946 208.50 102.51 221.49 139.27
sheep 0.524816 117.34 107.99 148.50 165.47
dog 0.524757 137.31 210.16 184.63 224.00
aeroplane 0.524698 29.26 50.07 61.25 94.35
car 0.524649 0.00 103.80 20.02 167.70
train 0.524632 0.00 0.00 132.70 165.12
aeroplane 0.524589 140.16 37.01 194.21 167.94
cow 0.524334 193.85 89.89 212.44 124.92
sheep 0.524041 174.86 37.21 189.56 58.17
cow 0.523977 21.38 210.85 56.10 224.00
aeroplane 0.523923 13.64 59.51 50.66 100.52
bird 0.523910 167.19 63.41 185.26 107.83
horse 0.523596 79.77 74.60 116.73 133.03
person 0.523570 118.81 0.00 224.00 181.44
person 0.523528 49.41 117.15 76.72 182.98
person 0.523453 122.13 33.18 167.58 135.52
person 0.523374 108.00 6.07 118.32 36.12
train 0.523329 37.37 56.00 126.84 129.06
car 0.523289 172.90 0.00 224.00 51.13
aeroplane 0.523265 13.65 68.49 49.23 113.24
car 0.523226 0.00 188.83 10.78 224.00
aeroplane 0.523207 122.71 88.03 169.68 157.24
cow 0.523165 193.26 98.00 211.99 133.08
dog 0.523088 166.37 212.15 203.88 224.00
person 0.523085 96.91 0.00 117.23 31.74
horse 0.523078 34.97 51.21 73.69 97.43
pottedplant 0.523078 199.24 52.07 216.57 77.20
person 0.523048 135.71 11.19 151.04 45.39
dog 0.523003 150.92 210.51 195.42 224.00
sheep 0.522999 165.93 20.52 179.69 43.55
car 0.522964 0.00 19.84 7.39 65.30
dog 0.522804 111.04 211.82 151.74 224.00
person 0.522722 151.69 52.46 173.46 95.17
person 0.522595 42.60 122.91 73.05 191.82
horse 0.522582 70.71 26.16 91.03 61.61
person 0.522537 142.36 5.04 157.93 32.96
car 0.522490 4.43 90.05 35.14 141.25
horse 0.522400 220.00 178.63 224.00 219.63
boat 0.522286 0.38 190.82 23.73 224.00
person 0.522160 108.00 15.78 119.96 56.05
car 0.522132 5.96 97.82 38.84 157.68
person 0.522128 31.12 99.02 73.36 156.66
dog 0.522057 176.53 212.19 212.14 224.00
aeroplane 0.521971 142.61 186.78 171.65 211.49
car 0.521947 0.00 94.20 16.05 149.55
person 0.521944 136.24 0.00 157.53 25.74
sheep 0.521939 194.77 48.23 209.73 67.18
aeroplane 0.521918 148.32 90.77 179.50 158.82
person 0.521908 200.51 204.82 224.00 224.00
person 0.521887 129.33 7.76 163.95 115.63
sheep 0.521881 186.55 209.99 218.18 224.00
horse 0.521872 98.11 71.99 139.41 128.55
person 0.521867 215.88 0.00 224.00 27.52
aeroplane 0.521781 14.38 52.67 49.51 88.66
aeroplane 0.521778 168.42 100.88 194.30 165.17
person 0.521736 218.21 190.85 224.00 224.00
horse 0.521705 200.62 158.29 210.63 191.09
aeroplane 0.521693 64.07 0.00 99.06 17.54
person 0.521615 89.98 11.22 215.87 214.87
diningtable 0.521591 141.63 195.62 171.97 224.00
car 0.521566 0.00 0.00 8.44 48.04
horse 0.521397 67.38 59.25 95.28 107.16
person 0.521393 119.91 15.20 153.18 107.56
horse 0.521384 46.80 52.07 84.66 96.51
car 0.521331 0.00 55.02 62.60 153.83
person 0.521317 66.20 57.10 94.07 103.64
person 0.521299 150.61 60.66 175.76 109.49
car 0.521278 12.71 133.91 33.86 198.01
train 0.521212 48.16 30.98 194.00 194.85
person 0.521184 122.62 18.95 137.18 71.58
person 0.521168 152.25 46.22 172.04 83.78
sheep 0.521134 174.50 31.36 189.80 52.41
person 0.521051 100.00 16.44 111.46 55.68
aeroplane 0.521027 26.90 46.03 51.72 79.56
person 0.521007 111.42 16.74 125.02 59.35
dog 0.520949 165.15 9.25 179.80 31.55
train 0.520799 128.03 0.00 177.21 54.64
person 0.520769 55.97 108.76 81.13 171.28
sheep 0.520747 176.72 43.76 188.96 64.87
sheep 0.520714 176.72 55.11 186.44 85.23
pottedplant 0.520655 198.00 74.96 219.94 114.25
train 0.520650 115.37 0.00 161.85 56.00
dog 0.520634 126.35 211.77 172.92 224.00
car 0.520561 0.00 87.50 13.56 136.80
car 0.520427 24.54 131.32 60.86 204.63
cow 0.520407 184.66 91.97 204.16 136.77
aeroplane 0.520356 171.26 38.67 220.16 176.55
bird 0.520341 174.31 63.73 187.32 104.22
person 0.520262 130.08 29.45 179.50 145.11
person 0.520208 75.94 18.86 94.03 51.42
train 0.520195 98.88 0.00 147.66 54.55
car 0.520145 0.00 171.54 10.22 215.89
car 0.520118 3.87 150.40 23.19 202.20
cow 0.520109 35.49 150.85 67.90 206.90
aeroplane 0.520071 121.64 124.63 153.83 177.07
aeroplane 0.520031 148.57 108.96 180.31 177.39
person 0.520018 151.12 31.14 171.56 70.31
aeroplane 0.520005 31.37 45.07 57.95 84.54
aeroplane 0.519970 154.84 122.34 186.52 189.66
car 0.519951 144.57 0.00 210.66 50.35
person 0.519932 184.94 83.52 204.48 129.71
horse 0.519897 2.66 84.89 31.98 129.31
dog 0.519894 154.00 6.50 170.84 32.40
person 0.519885 145.85 25.83 198.86 149.03
aeroplane 0.519880 27.27 41.10 49.02 67.66
aeroplane 0.519856 134.38 163.63 164.75 194.67
person 0.519831 113.73 0.00 131.89 29.70
person 0.519831 153.22 22.57 171.51 58.30
diningtable 0.519828 142.21 176.19 173.15 207.37
train 0.519781 31.15 0.00 112.68 42.74
aeroplane 0.519719 49.74 0.00 86.59 14.77
car 0.519703 134.80 0.00 191.68 54.10
aeroplane 0.519581 147.51 68.91 177.66 144.22
aeroplane 0.519578 149.63 2.13 205.88 127.49
person 0.519568 154.97 15.79 170.45 44.20
sheep 0.519568 187.65 39.55 205.38 58.38
horse 0.519547 201.68 131.43 214.01 177.07
aeroplane 0.519536 148.31 144.88 185.44 207.82
person 0.519512 74.55 0.00 107.66 22.29
sheep 0.519484 177.65 49.43 187.51 71.45
train 0.519462 8.41 61.65 116.85 164.09
sheep 0.519366 195.04 52.33 210.47 76.37
boat 0.519333 1.72 169.76 22.49 210.01
train 0.519325 85.62 47.14 148.38 126.08
person 0.519282 122.89 0.00 143.75 26.84
person 0.519200 202.85 0.00 223.56 17.57
dog 0.519200 160.55 0.00 189.38 16.66
sheep 0.519196 61.11 136.37 87.42 190.57
dog 0.519156 151.76 0.00 180.15 19.56
horse 0.519151 171.84 134.93 224.00 224.00
aeroplane 0.519149 9.64 0.00 46.07 15.16
car 0.519090 0.00 0.00 13.32 33.78
aeroplane 0.519089 70.77 19.12 89.69 51.10
sheep 0.518996 83.43 161.04 97.81 196.72
person 0.518968 115.93 17.22 130.40 65.27
train 0.518956 75.53 0.00 134.94 51.80
sheep 0.518938 76.42 124.30 104.20 184.92
sheep 0.518938 84.21 178.03 98.15 207.35
car 0.518904 192.74 0.00 216.77 16.44
dog 0.518884 124.13 161.82 146.28 189.64
aeroplane 0.518842 15.54 47.53 46.35 77.81
diningtable 0.518765 141.48 166.33 173.60 200.88
aeroplane 0.518741 26.36 34.80 47.70 58.10
horse 0.518718 212.00 153.73 221.81 191.36
person 0.518689 135.05 1.80 180.92 125.39
car 0.518677 0.00 38.21 51.95 129.20
sheep 0.518671 174.77 24.58 188.71 44.63
pottedplant 0.518667 199.54 61.15 218.30 95.64
dog 0.518658 77.84 137.46 103.36 188.49
train 0.518632 51.59 0.00 123.60 48.75
car 0.518610 184.25 0.00 210.81 17.06
aeroplane 0.518601 145.21 171.90 178.02 209.05
person 0.518565 83.70 4.17 104.12 33.88
aeroplane 0.518547 71.63 0.79 94.10 34.98
dog 0.518546 140.94 0.00 161.96 27.13
sheep 0.518431 77.93 159.99 91.48 196.58
horse 0.518392 74.59 0.00 105.59 27.27
aeroplane 0.518362 164.34 122.65 195.77 187.18
aeroplane 0.518353 183.02 99.93 203.09 144.73
dog 0.518345 129.58 163.58 154.59 191.76
aeroplane 0.518321 32.47 40.21 54.72 70.67
diningtable 0.518319 144.89 160.46 179.39 205.22
aeroplane 0.518225 57.95 0.00 92.14 21.47
person 0.518205 116.05 5.97 125.77 37.17
aeroplane 0.518136 130.73 107.31 171.96 172.20
aeroplane 0.518110 22.34 0.00 61.84 14.80
sheep 0.518106 94.51 106.61 122.04 165.26
person 0.518029 100.00 8.66 112.41 39.36
sheep 0.518017 174.24 12.90 188.00 31.25
person 0.517999 199.31 13.53 209.55 33.14
train 0.517972 129.23 0.00 170.11 90.48
dog 0.517970 118.99 122.82 146.24 174.42
horse 0.517953 92.43 123.00 202.04 224.00
aeroplane 0.517948 139.63 159.11 173.15 200.37
aeroplane 0.517917 32.23 0.00 71.89 14.49
car 0.517865 0.00 6.50 45.25 97.40
sheep 0.517856 87.12 180.94 104.56 207.72
person 0.517851 125.22 9.63 136.90 43.63
sheep 0.517849 188.00 45.34 204.79 63.15
dog 0.517749 175.96 0.00 204.66 17.00
aeroplane 0.517745 16.22 43.33 42.86 67.42
aeroplane 0.517689 31.81 33.47 53.13 60.00
horse 0.517688 193.58 158.39 206.22 193.06
horse 0.517667 201.82 165.67 209.48 194.71
sheep 0.517644 75.07 105.06 108.00 170.29
train 0.517591 119.69 0.00 156.05 86.30
sheep 0.517560 110.92 110.41 137.54 165.91
person 0.517552 125.69 50.99 156.00 104.24
aeroplane 0.517518 157.60 145.07 193.56 202.77
person 0.517487 67.80 128.71 92.28 186.20
aeroplane 0.517466 36.54 45.81 70.42 88.82
sheep 0.517436 56.15 144.86 83.84 194.39
sheep 0.517390 83.82 197.17 103.04 224.00
person 0.517268 73.34 122.81 96.65 181.21
horse 0.517226 212.00 128.18 223.62 179.96
car 0.517197 0.00 53.21 12.00 92.93
person 0.517165 199.15 26.04 210.53 49.73
aeroplane 0.517131 181.00 7.81 224.00 125.88
aeroplane 0.517109 64.75 31.05 87.75 65.20
horse 0.517091 212.00 162.50 220.27 195.93
sheep 0.517037 35.61 146.33 72.19 201.51
cow 0.517032 38.87 171.39 62.59 217.91
car 0.516977 201.92 123.22 215.96 166.40
person 0.516894 87.82 14.31 101.52 46.51
person 0.516813 210.60 24.42 216.60 51.03
dog 0.516796 81.93 151.41 103.65 191.23
aeroplane 0.516784 15.89 37.02 41.34 58.73
horse 0.516744 96.37 87.04 133.69 142.71
aeroplane 0.516732 25.49 24.17 46.92 51.98
sheep 0.516715 191.57 14.81 204.99 33.40
train 0.516683 11.40 0.00 99.67 60.71
person 0.516681 68.00 91.27 93.71 134.87
dog 0.516676 127.11 168.56 144.41 193.12
person 0.516612 61.73 100.62 85.23 156.26
aeroplane 0.516397 14.99 13.44 38.41 43.14
bird 0.516390 194.00 61.96 212.20 96.63
car 0.516385 176.79 0.00 224.00 92.99
car 0.516383 1.94 78.76 31.63 122.15
train 0.516375 97.24 24.13 140.26 104.66
aeroplane 0.516335 30.17 22.49 52.13 54.18
aeroplane 0.516264 137.99 179.68 166.26 205.68
aeroplane 0.516229 52.55 32.67 80.29 63.71
sheep 0.516218 78.04 175.05 91.41 206.49
horse 0.516151 195.18 132.73 212.41 179.78
car 0.516094 0.00 74.06 12.00 117.34
dog 0.516075 126.98 149.45 155.34 187.34
aeroplane 0.516038 38.61 40.20 66.74 73.26
person 0.516025 186.58 35.43 204.61 54.50
car 0.515911 0.00 41.48 12.00 79.60
aeroplane 0.515899 25.04 8.82 45.91 42.84
aeroplane 0.515898 39.11 33.21 64.97 62.50
aeroplane 0.515887 21.04 0.00 46.06 29.20
aeroplane 0.515861 52.38 39.19 81.52 73.60
aeroplane 0.515816 14.92 27.09 40.15 52.55
horse 0.515752 65.06 37.42 88.40 75.54
person 0.515729 141.15 11.90 156.70 44.83
dog 0.515723 113.56 158.73 133.42 186.93
sheep 0.515719 184.04 15.25 199.01 31.99
person 0.515694 211.80 110.53 222.76 152.98
sheep 0.515643 195.88 0.00 211.84 19.20
dog 0.515624 122.26 146.20 147.67 185.02
aeroplane 0.515621 0.00 14.52 13.01 54.73
car 0.515571 0.00 23.78 13.09 62.61
car 0.515550 212.00 119.80 224.00 168.78
sheep 0.515532 188.00 53.97 201.90 78.34
sheep 0.515434 188.00 49.84 203.89 67.28
aeroplane 0.515384 14.40 0.00 39.60 29.92
aeroplane 0.515384 0.77 54.65 32.36 90.26
aeroplane 0.515333 0.08 69.85 31.53 111.20
aeroplane 0.515291 180.20 107.22 203.68 159.24
sheep 0.515256 85.26 164.66 103.40 196.60
person 0.515245 133.77 28.08 156.39 78.28
train 0.515218 17.57 12.83 107.11 103.15
horse 0.515201 178.92 116.92 205.52 173.61
train 0.515194 65.24 31.46 129.02 105.18
aeroplane 0.515081 178.50 158.24 200.31 197.39
person 0.514946 36.12 202.38 64.66 224.00
cow 0.514924 201.34 113.66 216.78 150.98
aeroplane 0.514912 194.79 165.57 204.90 196.21
horse 0.514895 180.17 148.60 203.74 193.21
car 0.514892 140.98 0.00 209.14 91.63
sheep 0.514885 77.80 193.38 95.81 224.00
car 0.514864 1.88 0.00 84.90 60.55
sheep 0.514789 187.76 0.00 207.03 19.42
cow 0.514769 194.04 112.95 211.84 155.54
person 0.514761 211.64 12.22 215.88 36.25
aeroplane 0.514746 39.34 23.68 63.98 56.33
bird 0.514733 186.53 62.70 201.19 98.68
aeroplane 0.514715 2.23 44.33 29.00 72.08
aeroplane 0.514606 146.23 193.77 182.09 221.61
aeroplane 0.514541 0.00 0.33 14.56 44.36
aeroplane 0.514534 2.24 36.81 28.63 63.21
person 0.514467 192.64 27.75 206.88 49.49
person 0.514423 136.58 18.16 156.42 63.45
sheep 0.514402 59.61 167.83 82.08 203.69
aeroplane 0.514382 59.24 0.00 83.15 31.98
dog 0.514355 116.03 167.95 131.61 190.55
aeroplane 0.514337 64.29 17.10 84.89 47.22
aeroplane 0.514200 132.34 150.75 163.66 189.79
horse 0.514110 134.48 128.75 214.97 224.00
car 0.514094 11.23 46.59 109.68 139.11
aeroplane 0.514068 2.39 16.80 26.96 46.77
cow 0.514037 13.60 187.79 34.26 220.56
sheep 0.513952 40.69 174.00 66.16 218.84
cow 0.513925 31.48 202.12 58.41 224.00
sheep 0.513757 91.70 184.56 110.31 209.00
aeroplane 0.513694 38.79 9.74 62.52 45.19
aeroplane 0.513670 1.43 27.16 27.90 55.73
aeroplane 0.513623 135.87 125.32 171.56 182.73
sheep 0.513538 185.64 27.98 201.88 47.51
person 0.513358 208.13 0.00 218.06 22.90
train 0.513352 70.24 0.00 132.14 81.70
dog 0.513352 87.75 159.73 109.32 191.50
dog 0.513314 111.98 141.39 134.13 182.15
dog 0.513299 111.83 122.55 134.25 173.12
aeroplane 0.513261 202.89 172.23 209.24 199.33
horse 0.513200 68.00 70.79 98.16 122.85
boat 0.513110 14.41 165.01 32.91 206.00
aeroplane 0.513086 52.82 14.30 76.86 44.89
sheep 0.512890 62.82 186.03 86.69 223.99
dog 0.512886 170.32 0.00 192.34 19.04
dog 0.512880 98.02 152.51 118.55 185.36
dog 0.512855 135.13 178.93 155.70 204.17
sheep 0.512736 179.60 0.00 201.53 19.46
dog 0.512696 133.80 194.65 156.63 224.00
aeroplane 0.512686 3.16 0.00 30.40 34.68
dog 0.512597 136.72 187.85 156.89 211.54
aeroplane 0.512555 49.69 0.00 76.15 30.04
horse 0.512508 212.00 180.06 221.18 214.28
car 0.512465 9.76 10.06 96.29 104.04
aeroplane 0.512447 192.96 184.96 204.77 212.13
aeroplane 0.512444 35.31 0.00 63.72 30.37
dog 0.512274 91.23 171.28 109.40 198.47
aeroplane 0.512267 201.98 182.84 211.05 211.47
aeroplane 0.512258 0.00 0.00 21.74 28.92
dog 0.512130 103.38 165.31 118.66 190.14
train 0.512082 23.88 0.00 116.93 78.52
sheep 0.512007 208.13 194.10 223.33 224.00
dog 0.511978 70.09 211.22 102.43 224.00
dog 0.511749 129.70 177.14 146.21 201.99
sheep 0.511747 90.21 200.60 113.65 224.00
sheep 0.511636 48.90 206.04 81.50 224.00
cow 0.511572 32.44 174.76 56.61 217.51
aeroplane 0.511519 177.35 187.64 195.11 214.16
dog 0.511490 92.88 122.02 118.14 174.48
sheep 0.511464 47.75 179.06 74.38 220.60
cow 0.511338 26.33 157.06 52.74 206.23
dog 0.511275 60.56 209.13 94.02 224.00
dog 0.511185 117.38 175.74 132.36 198.45
dog 0.510959 170.63 204.82 199.73 224.00
cow 0.510914 18.25 205.09 47.53 224.00
dog 0.510893 183.79 204.17 208.72 224.00
dog 0.510834 125.43 196.73 149.34 224.00
cow 0.510808 26.08 180.19 48.43 217.67
dog 0.510625 130.63 186.95 148.05 210.94
dog 0.510585 193.80 200.47 214.90 224.00
aeroplane 0.510545 177.84 175.85 194.28 204.83
dog 0.510486 103.97 174.97 118.10 197.92
aeroplane 0.510463 2.78 0.00 37.77 22.28
aeroplane 0.510430 150.88 179.27 182.96 210.93
dog 0.510396 115.92 186.67 133.97 209.02
dog 0.510129 122.67 207.49 158.66 224.00
dog 0.510010 101.12 186.95 118.21 208.65
dog 0.508979 109.56 200.94 136.18 224.00
sheep 0.508481 96.45 202.64 121.45 224.00
