person 0.642110 2.42 32.69 191.73 224.00
person 0.614867 111.64 28.43 205.68 222.35
sofa 0.599409 103.80 33.76 204.42 219.02
chair 0.584809 103.53 39.16 204.47 219.05
sofa 0.577420 24.84 44.67 199.78 213.18
person 0.568673 2.22 55.63 115.97 197.18
bottle 0.564409 53.17 141.26 112.51 222.15
chair 0.563435 31.94 24.66 202.09 210.86
person 0.555695 25.65 49.26 149.92 207.85
cat 0.553899 218.71 142.99 224.00 202.28
person 0.553800 0.00 45.94 73.36 183.38
aeroplane 0.552746 32.03 64.35 85.60 148.28
cat 0.552079 21.38 61.81 192.33 210.42
cat 0.550539 66.78 139.67 142.54 215.45
chair 0.549653 145.43 62.86 224.00 224.00
aeroplane 0.548545 4.46 57.69 64.56 134.16
bottle 0.546434 9.02 55.41 59.48 140.75
cat 0.545193 168.28 128.20 210.54 182.58
dog 0.543679 68.49 144.35 140.29 220.74
dog 0.542965 29.13 66.01 83.04 144.77
bottle 0.542160 12.79 69.77 50.47 164.32
sheep 0.542048 218.10 148.45 224.00 206.21
person 0.541868 0.00 147.57 10.19 206.82
bottle 0.541489 168.16 127.98 211.57 181.42
tvmonitor 0.540468 2.10 56.92 61.48 134.03
dog 0.539875 53.10 144.18 108.74 223.19
bottle 0.539523 58.01 134.54 134.21 211.58
bottle 0.539360 0.00 161.63 11.61 211.87
person 0.538688 0.00 76.71 63.30 211.19
bottle 0.538119 19.21 96.89 50.77 189.73
sheep 0.537998 156.15 210.23 187.69 224.00
cat 0.537572 93.16 139.27 138.00 211.79
chair 0.536310 166.20 37.07 224.00 185.33
sheep 0.536247 31.30 67.68 81.10 148.84
sheep 0.536202 147.26 210.11 180.13 224.00
sheep 0.535813 170.12 130.43 216.31 182.20
bottle 0.535265 142.43 129.19 174.91 175.23
dog 0.535178 59.60 116.20 91.46 188.77
bottle 0.535121 152.90 126.63 185.85 178.63
dog 0.534639 57.89 129.62 96.85 206.02
bottle 0.534589 0.00 114.47 8.34 187.27
person 0.534399 0.00 127.05 9.18 193.46
person 0.534344 183.71 0.00 224.00 58.64
bottle 0.534184 0.00 197.96 17.14 224.00
bottle 0.534122 13.49 98.15 41.53 188.89
sheep 0.533942 47.19 115.96 81.35 186.01
bottle 0.533077 160.66 125.19 199.99 180.68
bottle 0.532948 37.91 81.12 76.18 162.94
bottle 0.532640 25.56 153.01 46.47 214.06
bottle 0.532612 35.00 117.90 53.66 195.66
person 0.532426 17.38 27.20 163.74 172.75
chair 0.532202 220.00 39.28 224.00 99.13
chair 0.531976 211.16 203.65 224.00 224.00
bottle 0.531972 32.84 149.90 52.17 214.55
bottle 0.531879 3.35 102.87 21.87 186.74
pottedplant 0.531780 0.00 29.25 60.15 144.72
bottle 0.531776 220.00 34.11 224.00 93.81
dog 0.531621 44.51 104.40 77.63 176.86
sheep 0.531603 169.10 211.00 203.50 224.00
pottedplant 0.531602 214.60 136.33 224.00 185.42
dog 0.531588 87.75 143.04 134.14 212.12
car 0.531432 0.00 0.00 19.54 22.71
person 0.531420 44.11 0.00 224.00 202.10
dog 0.531332 137.61 210.58 173.35 224.00
bottle 0.531214 131.19 131.44 160.41 174.52
sheep 0.531055 70.05 112.48 94.90 179.32
sheep 0.530923 80.55 147.12 144.89 212.78
bottle 0.530559 138.17 129.89 170.75 192.94
bottle 0.530539 4.62 72.48 34.16 159.15
cat 0.530508 108.47 136.31 150.76 210.08
tvmonitor 0.530353 0.00 62.59 36.03 128.44
bottle 0.530124 41.01 128.19 59.49 201.29
car 0.529712 0.00 0.00 38.93 58.46
bottle 0.529692 11.02 207.64 50.27 224.00
chair 0.529607 170.17 148.83 224.00 224.00
person 0.529534 182.43 11.18 224.00 135.84
dog 0.529467 58.75 76.44 94.17 129.46
car 0.529401 203.85 0.00 224.00 28.75
cat 0.529349 118.97 135.66 159.95 207.48
cat 0.529340 39.25 118.60 174.33 224.00
dog 0.529309 68.99 119.82 97.35 190.17
person 0.529204 0.00 156.24 59.49 224.00
sheep 0.529148 166.61 132.64 204.75 195.07
bottle 0.529099 4.62 203.89 39.77 224.00
cat 0.529089 128.61 211.64 167.59 224.00
bottle 0.528843 18.71 156.77 42.17 211.88
diningtable 0.528789 21.45 131.24 143.45 224.00
person 0.528783 189.34 0.00 224.00 103.94
dog 0.528750 35.76 78.07 78.05 157.74
chair 0.528643 25.63 140.22 125.27 224.00
bottle 0.528594 23.87 210.02 64.12 224.00
dog 0.528561 155.66 89.68 188.30 139.30
bottle 0.528481 0.00 94.59 7.46 173.48
bottle 0.528361 40.51 116.23 67.00 186.69
bottle 0.528293 29.91 126.55 49.06 200.44
sheep 0.528278 184.83 211.03 218.33 224.00
dog 0.528245 39.14 94.01 69.44 172.33
bottle 0.528201 0.00 129.36 16.73 195.38
dog 0.528152 163.80 91.29 197.18 141.16
dog 0.528126 33.18 0.32 157.36 140.70
bottle 0.528089 125.07 132.03 150.01 177.32
bottle 0.528066 43.00 141.72 67.26 211.86
chair 0.528050 219.00 51.19 224.00 110.83
bottle 0.528012 128.09 128.00 152.12 165.15
bottle 0.527986 28.90 102.52 54.15 187.64
chair 0.527754 134.24 146.16 213.12 224.00
dog 0.527705 82.63 121.94 112.31 175.58
sheep 0.527687 39.76 105.88 66.69 180.26
bottle 0.527627 120.92 128.57 143.85 167.48
bottle 0.527575 216.21 0.00 224.00 44.42
bottle 0.527489 0.00 186.40 12.90 224.00
sheep 0.527446 75.74 117.49 103.01 178.88
bottle 0.527434 36.85 134.84 52.41 206.85
bottle 0.527419 0.00 168.49 17.99 210.54
dog 0.527297 30.04 158.81 53.19 215.19
dog 0.527214 71.22 79.75 101.90 123.21
pottedplant 0.527201 0.00 0.00 53.15 104.96
person 0.527200 17.53 148.28 106.88 224.00
pottedplant 0.527189 0.00 0.00 36.69 77.19
bottle 0.527070 26.66 102.51 158.06 211.82
car 0.527064 6.77 0.00 49.30 18.12
sheep 0.527019 175.43 141.37 210.60 202.92
tvmonitor 0.526994 0.00 59.96 22.63 135.87
dog 0.526971 174.21 92.89 204.97 141.09
dog 0.526966 93.32 125.72 120.94 171.67
bottle 0.526953 118.24 132.34 142.08 181.31
sheep 0.526921 89.87 166.85 144.49 224.00
sheep 0.526845 183.08 135.07 214.36 197.27
dog 0.526833 148.50 83.99 178.27 130.63
sheep 0.526826 95.90 92.96 115.98 120.45
car 0.526816 64.21 0.00 160.10 34.82
cat 0.526733 113.53 211.76 156.86 224.00
dog 0.526644 142.23 86.15 169.03 128.89
cat 0.526642 208.71 141.21 223.66 197.63
bottle 0.526593 50.47 140.54 88.15 213.18
bottle 0.526489 0.00 76.21 8.67 153.10
bottle 0.526477 12.67 123.09 35.23 195.14
bottle 0.526475 46.52 134.52 77.63 205.34
sheep 0.526459 197.53 207.09 224.00 224.00
dog 0.526385 41.77 75.20 88.76 134.79
bottle 0.526362 220.00 20.78 224.00 75.07
bottle 0.526350 9.99 161.85 29.82 209.22
bottle 0.526307 208.13 0.00 224.00 36.03
boat 0.526240 0.00 5.49 10.43 66.77
aeroplane 0.526165 13.10 69.51 81.07 134.33
bottle 0.526136 5.38 31.25 71.39 142.20
sheep 0.526127 164.61 152.10 193.17 200.35
car 0.526114 18.74 0.00 60.89 19.92
dog 0.526007 49.72 95.00 85.09 167.19
bottle 0.525978 38.73 210.71 83.72 224.00
bottle 0.525906 79.90 0.00 122.75 24.96
bottle 0.525856 22.28 129.62 44.06 200.48
bottle 0.525811 32.68 95.62 63.94 176.02
sheep 0.525642 166.63 167.48 190.31 203.74
bottle 0.525590 19.99 72.78 74.63 159.96
bottle 0.525580 100.22 128.33 126.17 170.01
bottle 0.525571 110.49 129.15 135.13 168.72
person 0.525462 10.29 87.78 89.55 212.71
dog 0.525398 79.62 82.93 109.00 118.37
bottle 0.525369 220.00 0.00 224.00 53.87
chair 0.525276 216.30 87.88 224.00 135.65
bottle 0.525247 152.23 137.96 180.13 198.96
dog 0.525159 71.81 137.90 120.91 207.26
aeroplane 0.525140 0.00 4.19 21.41 68.68
bottle 0.525066 0.00 66.84 13.50 144.25
dog 0.525011 136.96 87.01 159.54 126.98
pottedplant 0.525008 0.00 0.00 50.19 52.41
dog 0.524979 90.61 131.75 123.92 187.30
pottedplant 0.524961 203.41 140.13 224.00 192.13
dog 0.524918 79.43 128.95 114.99 189.98
bottle 0.524899 106.48 137.17 135.15 196.78
bottle 0.524813 162.92 8.17 202.52 57.84
car 0.524743 0.00 0.00 32.84 18.86
bottle 0.524732 99.16 133.00 128.18 185.91
chair 0.524706 213.12 128.86 224.00 175.64
bottle 0.524601 54.44 211.30 97.25 224.00
bottle 0.524575 105.77 211.26 149.03 224.00
dog 0.524495 136.08 0.00 180.48 13.40
sheep 0.524410 85.15 113.41 110.75 159.87
dog 0.524327 4.24 0.00 55.40 27.19
sheep 0.524325 171.67 161.33 198.34 204.49
sheep 0.524289 98.63 98.75 116.24 125.15
sheep 0.524288 79.71 80.05 109.94 116.17
person 0.524220 32.08 109.87 134.47 214.53
sheep 0.524152 212.00 140.34 224.00 203.57
aeroplane 0.524143 154.09 43.90 188.09 106.38
sheep 0.524118 162.75 169.64 183.14 204.21
car 0.524037 56.13 0.00 97.28 17.31
person 0.523889 107.14 0.00 205.82 51.82
dog 0.523878 171.28 106.25 205.29 158.63
chair 0.523873 66.70 90.86 179.86 213.35
sheep 0.523848 21.08 172.49 47.37 216.74
chair 0.523828 42.78 0.00 124.44 36.09
dog 0.523820 153.10 75.21 188.09 129.38
sheep 0.523739 131.24 87.69 150.92 124.11
person 0.523690 107.61 17.50 197.43 162.61
bottle 0.523645 50.78 154.57 100.11 217.86
aeroplane 0.523628 151.35 34.31 183.04 80.33
dog 0.523597 150.64 153.57 177.57 204.60
sheep 0.523570 103.98 96.51 121.37 120.13
cat 0.523545 112.15 157.57 162.60 211.57
car 0.523497 41.21 0.00 78.88 19.18
chair 0.523392 0.00 52.22 21.73 108.55
bottle 0.523328 89.90 209.81 134.01 224.00
aeroplane 0.523293 150.46 48.11 179.33 101.51
chair 0.523243 126.38 26.26 208.33 178.08
bottle 0.523217 28.03 169.80 54.34 218.06
sheep 0.523216 94.94 117.81 118.82 154.95
sheep 0.523108 218.93 172.64 224.00 220.97
sheep 0.523085 151.04 104.10 181.75 155.26
dog 0.523080 84.59 161.11 139.64 224.00
car 0.523048 91.98 0.00 201.71 47.60
cat 0.523028 98.62 138.50 194.74 224.00
dog 0.523023 129.48 149.31 168.41 208.63
bottle 0.523015 149.64 9.01 189.05 60.19
bottle 0.522982 137.80 0.00 186.14 14.36
boat 0.522958 0.00 57.27 43.38 113.66
bottle 0.522953 165.62 0.00 212.17 16.47
bottle 0.522883 162.32 137.63 191.45 194.62
dog 0.522818 157.88 104.34 190.45 157.36
aeroplane 0.522801 189.57 39.02 214.16 102.51
bottle 0.522798 188.86 34.71 213.46 96.16
bottle 0.522797 72.49 211.36 111.81 224.00
cat 0.522729 92.42 157.47 152.84 213.94
aeroplane 0.522687 145.17 10.66 180.35 60.29
dog 0.522653 179.99 86.95 211.56 136.40
sheep 0.522595 93.27 82.62 115.91 111.26
sofa 0.522576 5.61 0.00 181.37 198.67
sheep 0.522517 195.38 147.14 214.72 204.59
sheep 0.522513 59.96 79.28 91.29 134.81
chair 0.522410 12.85 0.00 64.50 102.13
dog 0.522296 169.82 75.48 205.50 133.25
bottle 0.522272 128.18 121.46 154.20 155.78
bottle 0.522271 156.56 25.46 192.08 71.65
sheep 0.522266 104.42 102.44 121.89 125.23
sheep 0.522247 101.24 121.38 125.77 153.63
bottle 0.522238 105.97 0.00 210.79 68.95
bottle 0.522178 62.55 0.00 107.89 16.28
aeroplane 0.522162 3.00 3.67 33.18 69.62
boat 0.522146 0.00 18.01 24.69 77.29
dog 0.521998 38.93 155.17 71.66 213.70
aeroplane 0.521976 95.05 13.86 121.88 69.99
person 0.521959 145.36 0.00 224.00 57.02
sheep 0.521955 135.80 0.00 184.04 18.50
boat 0.521935 0.00 20.62 12.31 78.03
aeroplane 0.521885 3.54 0.00 50.84 24.18
sheep 0.521856 143.61 104.89 173.36 152.71
dog 0.521818 85.58 24.40 113.83 78.41
aeroplane 0.521789 12.19 9.61 42.98 72.15
dog 0.521778 74.58 25.18 105.34 79.33
sheep 0.521750 15.87 173.99 40.37 215.26
dog 0.521729 66.51 27.45 96.70 79.17
sheep 0.521702 116.26 169.52 163.15 213.18
bottle 0.521665 0.21 188.16 20.53 222.46
chair 0.521664 216.85 104.38 224.00 151.80
sheep 0.521661 150.59 169.14 176.05 206.85
aeroplane 0.521646 160.55 37.35 196.16 95.42
dog 0.521634 88.19 93.11 108.63 125.88
bottle 0.521558 90.69 0.00 118.58 33.75
bottle 0.521551 180.11 37.48 208.77 96.81
dog 0.521502 131.27 83.33 151.65 117.52
person 0.521479 115.41 0.00 197.82 112.28
boat 0.521475 0.00 35.03 13.88 91.85
sheep 0.521447 102.41 90.71 120.89 115.45
chair 0.521377 21.68 0.00 93.00 39.68
sheep 0.521348 136.09 105.32 163.73 149.61
sheep 0.521345 129.50 107.18 154.20 147.78
sheep 0.521322 92.89 76.18 116.81 103.36
chair 0.521301 214.01 116.88 224.00 163.99
sheep 0.521284 215.67 192.37 224.00 224.00
bottle 0.521250 171.50 25.89 201.25 70.14
aeroplane 0.521239 144.68 36.31 171.16 78.91
sheep 0.520978 102.91 110.91 123.18 136.44
aeroplane 0.520892 181.34 41.57 209.08 105.24
aeroplane 0.520882 10.27 0.00 50.24 40.87
bottle 0.520877 121.68 123.44 145.66 155.42
bottle 0.520849 134.91 120.74 164.79 157.29
sheep 0.520831 145.43 28.06 175.63 73.91
aeroplane 0.520821 149.66 65.40 179.78 123.08
bottle 0.520725 162.09 32.41 196.99 80.68
sofa 0.520699 0.00 0.00 10.35 44.92
aeroplane 0.520682 143.38 69.69 170.16 118.70
aeroplane 0.520639 60.97 30.20 87.50 76.99
dog 0.520594 94.85 24.35 120.93 77.59
aeroplane 0.520572 179.20 59.40 211.52 125.93
sheep 0.520571 143.23 0.00 180.63 32.62
sheep 0.520562 128.41 164.99 168.44 209.87
sheep 0.520509 98.44 107.18 116.99 135.71
bottle 0.520476 9.07 176.52 28.70 213.71
sheep 0.520468 166.61 120.30 208.12 172.69
aeroplane 0.520281 162.27 48.97 195.15 116.99
boat 0.520253 0.00 35.92 31.60 93.94
aeroplane 0.520236 144.23 53.02 167.45 94.41
sheep 0.520209 101.97 76.43 122.43 100.79
bottle 0.520148 211.35 36.08 224.00 97.78
dog 0.520148 45.24 0.00 157.42 73.95
aeroplane 0.520143 24.25 17.59 57.97 74.25
aeroplane 0.520057 34.23 20.50 64.89 73.43
dog 0.519949 131.14 67.27 148.71 97.68
bottle 0.519945 111.38 123.35 135.86 153.62
dog 0.519942 131.23 75.03 150.77 109.47
sheep 0.519894 197.03 137.16 224.00 185.40
aeroplane 0.519840 172.59 42.34 202.56 107.68
bottle 0.519829 143.92 120.66 176.36 162.28
bottle 0.519762 161.26 0.00 210.25 29.60
sofa 0.519584 0.00 0.00 15.86 29.93
sheep 0.519564 160.81 192.55 182.29 222.82
sheep 0.519520 65.12 91.19 91.43 149.04
car 0.519509 172.52 0.00 216.17 21.92
aeroplane 0.519429 170.80 59.86 203.87 127.00
aeroplane 0.519385 137.77 11.76 165.56 61.22
sheep 0.519380 100.33 177.32 154.02 224.00
dog 0.519343 129.68 36.70 146.31 81.34
chair 0.519339 210.95 41.10 224.00 103.07
dog 0.519240 120.98 35.71 140.99 83.87
sheep 0.519180 77.86 97.48 100.30 143.48
dog 0.519134 130.18 58.29 147.06 89.38
dog 0.519090 127.17 0.00 165.65 15.51
dog 0.518984 137.18 73.22 159.59 114.12
bottle 0.518980 54.34 0.00 97.21 23.96
chair 0.518926 125.11 99.67 205.15 220.34
chair 0.518910 185.16 0.00 224.00 25.90
dog 0.518887 120.86 61.19 139.70 90.93
sheep 0.518805 121.01 70.50 139.61 97.62
bottle 0.518754 13.21 191.80 42.48 224.00
aeroplane 0.518730 139.48 3.53 169.19 47.33
aeroplane 0.518713 45.94 22.69 71.11 71.55
sheep 0.518688 121.88 110.93 144.21 145.19
sheep 0.518680 136.66 37.41 155.72 79.49
dog 0.518649 73.29 68.97 106.87 105.91
dog 0.518626 66.08 69.80 100.73 110.57
bottle 0.518619 7.56 190.83 31.66 224.00
sheep 0.518557 111.50 112.23 132.78 140.53
dog 0.518424 185.61 75.24 216.35 132.36
dog 0.518404 92.97 67.01 118.28 94.67
sheep 0.518380 88.52 102.39 109.28 138.37
dog 0.518356 102.01 66.50 124.53 91.97
dog 0.518354 91.81 6.54 115.45 57.26
sheep 0.518313 121.54 92.18 139.63 120.93
dog 0.518214 137.76 21.06 162.30 68.80
aeroplane 0.518199 129.72 12.05 149.02 63.04
chair 0.518170 42.71 0.00 139.89 68.91
dog 0.518143 116.82 17.36 140.91 70.95
dog 0.518131 186.52 95.35 214.34 142.04
bottle 0.518113 181.97 25.89 210.60 78.45
person 0.518100 131.25 11.49 208.54 144.69
aeroplane 0.518059 100.08 23.11 126.56 76.71
dog 0.518053 24.53 0.00 66.66 28.79
aeroplane 0.518047 140.43 0.00 174.03 31.13
sheep 0.518042 149.96 191.28 175.21 224.00
sheep 0.518010 36.70 166.40 68.90 217.37
aeroplane 0.518009 137.59 64.38 157.01 99.93
bottle 0.517930 141.94 0.00 186.97 36.05
dog 0.517909 111.17 64.38 132.09 91.57
dog 0.517903 59.12 42.80 86.66 86.34
dog 0.517881 96.53 0.00 135.31 20.75
dog 0.517877 129.86 20.87 147.38 70.06
aeroplane 0.517795 54.57 23.34 78.45 69.83
sheep 0.517788 110.69 74.39 130.19 99.14
sheep 0.517763 111.22 95.82 128.25 119.64
aeroplane 0.517758 137.03 56.20 154.69 89.89
dog 0.517640 115.22 0.00 151.36 17.24
dog 0.517636 81.36 67.65 112.28 99.93
sheep 0.517594 122.60 98.60 141.67 128.75
sheep 0.517589 165.58 192.86 188.79 223.49
sheep 0.517570 166.67 0.00 210.11 41.20
dog 0.517567 54.99 69.88 90.05 114.20
bottle 0.517461 95.78 195.15 141.33 224.00
sheep 0.517433 112.29 102.05 129.80 126.37
sheep 0.517392 120.25 78.67 139.10 107.13
chair 0.517392 28.10 0.00 113.64 114.98
dog 0.517344 108.13 23.05 134.65 77.68
aeroplane 0.517341 16.92 21.19 50.43 81.91
sheep 0.517241 180.72 164.24 207.12 205.29
bottle 0.517238 23.64 192.56 57.92 224.00
sheep 0.517162 121.46 187.12 164.49 224.00
sheep 0.517054 212.00 155.93 221.70 207.35
dog 0.516982 65.94 56.95 98.13 96.81
aeroplane 0.516906 116.77 9.24 140.06 63.95
aeroplane 0.516808 103.92 13.35 134.09 70.52
person 0.516783 137.89 0.00 210.88 104.72
sheep 0.516619 109.61 90.17 127.37 114.50
dog 0.516609 41.18 69.29 81.92 119.57
aeroplane 0.516563 0.00 58.71 52.98 116.26
aeroplane 0.516480 132.07 3.30 153.52 49.56
dog 0.516466 111.79 35.45 134.11 83.97
sheep 0.516431 109.57 83.00 127.84 108.32
dog 0.516313 203.42 88.09 224.00 135.74
sheep 0.516308 185.87 0.00 218.85 42.22
aeroplane 0.516301 1.51 35.33 41.94 97.40
dog 0.516276 81.78 6.11 108.33 58.22
bottle 0.516270 175.68 18.15 209.35 66.52
aeroplane 0.516223 97.60 4.99 125.45 58.81
dog 0.516212 57.67 56.98 88.02 98.10
aeroplane 0.516197 63.01 0.00 90.71 34.22
dog 0.516188 73.46 56.18 106.03 94.75
dog 0.516045 112.57 51.70 133.22 87.20
bird 0.515980 91.39 0.00 121.03 34.30
bottle 0.515871 50.84 183.13 94.69 224.00
bottle 0.515840 179.98 0.00 221.79 33.81
dog 0.515723 39.32 0.00 76.82 26.18
aeroplane 0.515711 26.68 0.00 61.64 40.52
aeroplane 0.515706 3.52 0.00 36.48 38.43
aeroplane 0.515582 134.45 0.00 160.09 33.14
bottle 0.515526 89.08 0.22 197.24 108.81
aeroplane 0.515507 19.58 0.00 55.68 56.98
dog 0.515449 103.11 36.51 125.50 82.40
dog 0.515403 71.19 7.91 97.90 60.81
chair 0.515386 24.74 0.00 101.16 62.13
bottle 0.515314 72.11 155.33 128.42 219.76
bottle 0.515271 168.75 0.00 208.89 49.00
aeroplane 0.515238 119.33 1.29 141.36 51.37
dog 0.515229 103.45 52.94 125.40 86.53
aeroplane 0.515220 0.00 0.00 23.19 41.41
dog 0.515146 83.34 54.94 112.83 91.43
aeroplane 0.515094 63.92 11.38 87.20 62.19
sheep 0.515049 100.70 198.94 148.52 224.00
dog 0.515042 94.45 53.90 119.40 88.08
bottle 0.514826 137.94 0.00 198.46 22.42
sheep 0.514821 192.47 178.41 213.29 219.21
dog 0.514778 207.64 58.80 224.00 119.23
aeroplane 0.514697 50.29 41.55 77.73 88.36
sheep 0.514695 116.18 205.50 162.40 224.00
aeroplane 0.514615 120.56 0.00 144.72 35.85
sheep 0.514607 134.60 206.52 173.19 224.00
aeroplane 0.514560 67.77 0.00 100.42 32.21
bottle 0.514539 207.88 20.65 222.82 72.45
aeroplane 0.514531 66.41 0.00 87.71 48.55
bottle 0.514521 31.16 191.27 68.38 224.00
aeroplane 0.514306 72.94 0.00 98.03 46.05
sheep 0.514261 210.62 172.70 221.42 218.19
sofa 0.514197 0.00 0.00 32.04 24.24
aeroplane 0.514070 56.16 0.00 82.27 35.01
bottle 0.514027 39.68 187.79 84.72 224.00
bottle 0.513679 91.44 0.00 130.54 26.80
aeroplane 0.513573 43.10 0.00 70.66 37.08
sheep 0.513511 170.31 190.20 195.89 223.21
dog 0.513474 45.91 56.67 79.70 102.71
bottle 0.513405 77.26 0.00 112.23 31.43
aeroplane 0.513322 98.35 0.00 127.78 36.68
aeroplane 0.513193 8.85 37.22 53.30 103.09
dog 0.513086 181.01 107.44 212.76 155.52
sheep 0.512823 177.74 185.25 206.12 222.36
sheep 0.512725 202.79 196.36 221.65 224.00
aeroplane 0.512657 57.93 0.00 78.42 49.93
bottle 0.512646 201.23 8.94 219.83 61.37
aeroplane 0.512568 40.96 37.92 71.06 92.67
sheep 0.512275 183.60 203.91 214.90 224.00
aeroplane 0.511592 35.02 56.17 74.79 109.53
aeroplane 0.511530 28.62 36.53 65.03 97.67
sheep 0.510818 199.58 105.90 224.00 152.40
bottle 0.510798 77.05 187.06 124.75 224.00
sheep 0.510590 195.03 120.81 224.00 165.92
bottle 0.510460 64.93 184.19 106.22 224.00
aeroplane 0.510443 22.47 58.20 70.17 114.68
