person 0.686719 123.87 24.11 222.28 224.00
person 0.645225 13.72 59.80 193.97 224.00
person 0.625467 73.89 45.87 215.99 224.00
person 0.615983 2.29 53.60 120.76 224.00
person 0.567702 8.80 78.67 82.21 174.27
bottle 0.567181 8.52 77.31 74.96 177.00
person 0.562440 0.51 80.08 84.40 224.00
person 0.561843 44.41 93.95 104.25 194.02
dog 0.558443 48.39 96.67 101.13 194.95
chair 0.557660 133.55 30.78 224.00 212.20
bottle 0.554611 0.00 29.77 8.90 78.68
person 0.553408 60.63 55.19 169.75 224.00
bottle 0.553388 81.18 71.41 168.45 156.63
dog 0.553003 13.48 92.04 84.81 177.88
bottle 0.551624 44.40 90.34 102.90 190.03
bottle 0.551281 46.82 33.31 90.57 110.72
person 0.550874 21.37 89.95 91.75 184.83
dog 0.549761 10.75 126.93 69.70 219.26
bottle 0.548737 9.22 126.97 63.10 219.08
bottle 0.546945 102.24 80.41 162.81 141.79
bottle 0.546010 63.21 89.41 117.21 181.58
bottle 0.545462 100.84 88.11 145.76 179.55
dog 0.544005 14.59 107.10 68.43 187.23
bottle 0.543984 0.00 21.44 10.56 69.11
bottle 0.543659 3.94 122.70 39.59 217.13
bottle 0.543167 10.78 76.27 57.04 157.72
bottle 0.542223 3.48 32.95 15.66 75.99
dog 0.541905 24.69 107.48 81.79 202.24
bottle 0.541782 69.19 77.11 131.89 168.10
bottle 0.541532 220.00 101.31 224.00 157.00
bottle 0.541458 104.02 19.23 171.98 80.49
bottle 0.541151 38.69 79.39 85.40 174.32
person 0.541065 0.00 11.04 78.69 191.85
bottle 0.540974 219.46 85.55 224.00 139.90
bottle 0.540663 218.43 78.65 224.00 127.88
bottle 0.540413 11.28 106.82 60.60 189.46
person 0.540044 84.09 24.99 181.68 201.60
dog 0.540011 54.92 119.35 89.13 209.95
boat 0.539983 43.79 37.28 92.76 116.78
boat 0.539969 86.99 72.67 165.37 148.22
bottle 0.539567 0.00 129.83 24.30 216.47
person 0.539452 8.60 103.48 162.61 224.00
person 0.538857 0.00 204.77 18.10 224.00
bottle 0.538847 0.00 208.65 30.23 224.00
dog 0.538760 99.93 107.60 143.40 196.67
tvmonitor 0.538558 218.14 6.93 224.00 62.04
bottle 0.538184 217.19 65.28 224.00 110.25
person 0.538182 176.86 0.00 224.00 40.54
bottle 0.537862 218.44 1.94 224.00 57.35
bottle 0.537851 30.75 73.32 72.96 157.41
dog 0.537227 19.22 155.11 65.34 220.69
dog 0.537082 106.33 149.12 141.34 214.52
bottle 0.536894 174.59 143.94 199.86 212.30
bird 0.536825 101.63 99.29 137.39 186.37
person 0.536620 37.71 20.01 128.82 187.17
bottle 0.536435 42.55 48.98 81.30 116.66
bottle 0.536231 220.00 141.59 224.00 205.33
bottle 0.536125 210.64 0.00 224.00 34.94
boat 0.535661 70.97 72.85 132.29 149.92
bottle 0.535645 0.00 41.02 9.47 99.02
bottle 0.535529 27.93 137.22 75.60 220.92
bottle 0.535150 96.49 77.00 152.58 162.14
bottle 0.534972 38.11 62.98 74.50 135.10
person 0.534939 109.66 37.86 208.92 186.26
bottle 0.534787 47.34 71.40 100.62 160.99
dog 0.534245 65.80 100.73 113.81 187.98
bottle 0.533951 14.78 156.93 59.51 219.91
dog 0.533726 45.30 136.17 79.29 217.98
bottle 0.533367 24.65 50.91 44.67 107.72
bottle 0.533363 16.02 69.52 48.06 134.11
bottle 0.533320 170.76 149.27 193.86 210.31
dog 0.532987 88.81 144.51 115.78 213.27
bottle 0.532590 214.41 0.00 224.00 45.72
bottle 0.532562 217.59 34.22 224.00 81.65
bottle 0.532528 3.95 209.67 42.03 224.00
bottle 0.532436 107.39 1.39 172.97 60.97
person 0.532298 187.95 150.02 224.00 224.00
person 0.532209 209.23 202.01 224.00 224.00
bottle 0.532205 2.29 24.87 16.35 67.11
person 0.532180 56.85 115.47 186.61 224.00
dog 0.532166 71.63 141.75 104.86 213.92
bottle 0.532020 0.00 14.19 11.82 54.34
dog 0.531959 62.97 138.34 94.20 214.68
bottle 0.531780 220.00 120.23 224.00 177.40
bottle 0.531640 0.00 135.64 9.02 211.74
bottle 0.531541 58.87 66.90 119.29 146.37
bottle 0.531532 12.05 36.14 27.89 75.66
bottle 0.531530 31.01 49.91 56.84 106.49
bottle 0.531507 22.80 210.49 69.91 224.00
bottle 0.531328 18.89 50.37 39.56 107.42
bottle 0.531282 0.26 114.84 33.04 193.86
bottle 0.530998 0.00 57.99 15.44 120.52
bottle 0.530946 184.73 140.40 210.51 211.94
bottle 0.530850 4.98 35.43 20.08 85.35
dog 0.530664 75.35 113.29 116.27 200.72
bottle 0.530616 171.19 208.52 207.67 224.00
bottle 0.530596 7.35 157.34 34.50 219.88
bottle 0.530422 3.65 72.87 45.63 140.45
dog 0.530411 58.76 151.25 86.25 218.46
dog 0.530282 92.87 134.46 131.56 210.17
person 0.530184 139.58 0.00 215.44 34.70
bottle 0.530106 103.93 0.00 176.57 33.92
bottle 0.530072 187.42 206.92 218.35 224.00
bottle 0.530006 12.44 60.15 38.38 117.88
bottle 0.529893 2.75 113.29 123.69 224.00
person 0.529865 146.44 209.27 183.15 224.00
person 0.529802 0.00 0.00 38.55 53.79
bottle 0.529751 18.47 38.60 36.81 80.33
bottle 0.529614 181.06 148.37 204.37 215.83
bottle 0.529529 0.00 7.09 13.07 40.01
person 0.529497 156.19 208.80 191.70 224.00
bottle 0.529054 37.75 210.80 79.61 224.00
bottle 0.528959 0.00 160.91 21.63 221.44
person 0.528928 6.25 0.00 102.05 150.24
pottedplant 0.528910 0.00 0.00 19.54 27.19
bottle 0.528824 124.32 84.25 174.26 136.33
bottle 0.528819 98.48 35.43 171.35 94.88
bottle 0.528776 120.01 0.00 201.00 34.10
person 0.528756 0.00 66.71 22.29 130.05
bottle 0.528624 46.20 150.47 78.54 219.55
bottle 0.528604 0.00 0.00 15.89 31.04
bottle 0.528416 164.58 153.91 185.77 207.28
person 0.528404 0.00 43.03 51.83 160.74
bottle 0.528328 12.88 171.58 49.92 219.01
bottle 0.528181 4.23 93.10 43.40 162.58
boat 0.528100 102.77 40.10 166.38 97.28
bottle 0.528077 220.00 166.16 224.00 216.40
bottle 0.528021 218.65 177.54 224.00 221.66
chair 0.527982 170.48 17.06 224.00 145.10
bottle 0.527870 30.18 162.80 72.37 224.00
dog 0.527803 22.01 184.18 64.05 224.00
boat 0.527782 53.73 53.88 110.53 131.24
bottle 0.527746 198.63 204.03 224.00 224.00
bottle 0.527738 174.51 0.00 212.88 24.86
bottle 0.527661 0.00 190.34 22.84 224.00
bottle 0.527633 0.00 120.88 8.34 192.26
bottle 0.527500 200.54 0.00 224.00 32.65
bottle 0.527496 55.64 211.32 95.43 224.00
person 0.527463 164.24 71.49 224.00 224.00
person 0.527425 0.00 80.55 24.45 147.60
dog 0.527335 127.40 209.56 169.58 224.00
bottle 0.527321 149.92 160.10 174.73 205.31
aeroplane 0.527198 97.58 152.77 125.34 213.54
aeroplane 0.527160 80.46 163.32 105.22 220.68
bottle 0.527153 5.50 41.16 25.55 95.32
bottle 0.527142 11.71 42.31 32.14 95.88
bottle 0.527024 59.99 163.44 85.41 222.92
tvmonitor 0.526880 206.88 4.32 222.62 59.87
bottle 0.526798 0.00 199.62 15.18 224.00
bottle 0.526703 0.00 185.71 11.04 224.00
bottle 0.526620 108.80 155.41 146.08 210.20
dog 0.526562 102.55 211.77 145.35 224.00
bottle 0.526478 208.50 0.00 222.51 56.45
boat 0.526435 94.79 61.82 157.81 131.65
aeroplane 0.526340 69.33 163.76 94.07 221.84
bottle 0.526293 178.38 161.71 196.59 214.65
person 0.526283 0.00 128.42 67.67 224.00
person 0.526226 0.00 29.73 39.98 138.25
boat 0.526135 63.21 42.26 105.91 109.10
person 0.526038 128.34 130.51 205.91 224.00
chair 0.525999 181.67 0.00 224.00 88.07
aeroplane 0.525987 92.53 162.38 113.59 219.57
bottle 0.525941 6.22 49.19 31.60 107.29
bottle 0.525862 71.96 211.59 114.32 224.00
bottle 0.525808 142.68 86.93 183.46 137.13
dog 0.525798 89.37 211.40 130.20 224.00
bottle 0.525694 0.00 159.38 9.55 220.98
person 0.525675 0.00 97.53 12.45 161.80
bottle 0.525642 161.65 95.85 189.06 139.92
bottle 0.525545 106.91 101.39 157.74 183.52
dog 0.525468 86.47 106.16 132.57 190.21
bottle 0.525115 0.00 0.00 55.14 49.28
bottle 0.525011 122.34 105.05 166.08 180.14
bottle 0.525011 175.17 128.40 200.66 196.42
person 0.524980 180.40 114.25 224.00 224.00
bottle 0.524961 24.70 39.44 42.76 83.18
person 0.524900 0.00 106.17 9.36 172.11
person 0.524849 35.54 61.17 156.84 189.90
bottle 0.524842 8.41 189.57 34.90 224.00
bottle 0.524755 6.66 11.31 19.60 35.63
bottle 0.524676 0.00 11.99 36.30 114.95
bottle 0.524655 51.12 31.56 86.57 88.35
bottle 0.524494 179.34 180.22 197.26 218.12
bottle 0.524376 194.79 178.37 212.43 218.26
bottle 0.524324 91.17 6.04 181.69 82.98
person 0.524302 164.93 139.22 221.39 224.00
bottle 0.524236 137.46 162.40 165.04 206.56
bottle 0.524139 16.77 187.17 56.96 224.00
car 0.524109 78.09 0.00 144.80 37.34
bottle 0.524019 183.64 93.52 212.90 148.58
bottle 0.524014 134.69 23.81 180.10 69.59
bottle 0.523978 188.67 6.26 215.38 60.52
boat 0.523968 86.18 58.75 131.55 124.93
car 0.523923 58.76 0.00 121.32 36.31
bottle 0.523889 128.42 160.49 155.59 207.72
sheep 0.523872 185.25 98.89 212.70 153.08
bottle 0.523863 213.18 191.28 224.00 224.00
aeroplane 0.523787 104.58 159.21 135.00 219.12
bottle 0.523761 190.39 161.43 210.43 214.91
bottle 0.523679 178.51 12.90 211.07 64.96
chair 0.523655 134.61 17.77 214.37 137.73
car 0.523591 42.96 0.00 104.99 37.96
bottle 0.523559 171.14 117.33 191.90 177.90
bottle 0.523529 5.20 17.68 17.75 50.02
bottle 0.523498 13.11 0.00 74.27 45.54
bottle 0.523480 95.70 113.39 147.92 200.07
boat 0.523448 89.66 44.91 121.85 96.94
bottle 0.523392 139.47 109.21 174.84 177.99
bottle 0.523392 179.38 117.34 206.77 181.23
bottle 0.523277 62.81 38.22 102.12 101.20
bottle 0.523176 163.45 0.00 201.96 20.69
bottle 0.523125 3.64 0.00 23.62 27.27
bottle 0.523092 30.26 0.00 91.87 42.16
person 0.523041 110.29 89.71 204.26 223.31
bottle 0.522993 13.90 11.62 27.86 31.13
boat 0.522967 100.29 51.04 157.45 111.33
sheep 0.522949 192.50 117.35 212.63 177.52
bottle 0.522925 85.05 92.78 135.80 179.71
person 0.522875 96.61 29.12 191.21 135.45
bottle 0.522830 186.79 178.32 204.85 217.94
bottle 0.522754 46.15 40.86 78.28 96.24
bottle 0.522748 140.91 0.00 180.82 18.92
dog 0.522723 108.70 175.49 138.51 224.00
bottle 0.522688 173.74 182.84 191.18 217.80
bottle 0.522666 165.35 93.79 205.06 144.16
bottle 0.522650 152.86 21.76 190.76 67.87
bottle 0.522527 9.41 26.22 28.22 64.84
bottle 0.522490 166.68 16.76 202.13 65.52
bottle 0.522436 34.85 41.65 54.64 93.74
chair 0.522395 131.42 0.00 208.34 73.30
bottle 0.522281 153.15 186.75 174.29 218.89
bottle 0.522170 14.16 27.46 37.81 64.81
dog 0.522075 125.99 175.87 158.92 224.00
bottle 0.522050 190.15 126.52 212.44 194.30
bottle 0.522047 161.36 114.54 184.55 177.43
bird 0.521984 20.98 10.45 37.74 26.58
bottle 0.521955 187.95 84.14 213.12 137.29
bottle 0.521941 118.58 0.00 165.25 21.86
bottle 0.521877 37.63 0.00 67.21 15.06
bottle 0.521812 153.26 0.00 191.12 19.23
dog 0.521808 139.35 182.76 166.49 223.67
bottle 0.521792 32.39 35.37 51.83 75.18
bottle 0.521760 89.35 42.27 121.22 92.33
bottle 0.521725 0.00 36.31 58.53 147.12
sheep 0.521677 90.96 178.70 114.42 224.00
bottle 0.521648 207.19 19.20 224.00 72.02
bottle 0.521545 174.18 164.96 190.94 212.45
bottle 0.521540 68.28 0.00 99.18 15.13
bottle 0.521504 125.46 122.51 166.17 195.25
bottle 0.521497 194.43 66.03 213.51 102.07
boat 0.521492 100.77 47.50 138.96 93.49
dog 0.521412 127.08 163.41 155.91 210.82
dog 0.521328 113.68 170.28 150.70 224.00
bottle 0.521319 143.86 143.49 177.81 204.88
bottle 0.521275 141.14 125.07 176.85 194.47
sheep 0.521184 96.79 178.52 121.88 224.00
bottle 0.521177 192.99 72.58 212.77 111.21
bottle 0.521138 207.63 137.70 219.31 206.65
bottle 0.521121 165.70 185.73 183.54 217.22
sheep 0.521109 79.88 179.27 106.48 224.00
bird 0.521023 61.33 0.00 91.80 14.79
bottle 0.520998 175.00 199.94 202.11 224.00
boat 0.520863 75.71 0.00 106.87 15.21
bottle 0.520765 168.79 101.63 195.83 146.36
bottle 0.520723 193.82 30.47 215.17 74.27
motorbike 0.520715 94.25 0.00 167.70 56.07
bottle 0.520661 169.22 201.06 195.46 224.00
bottle 0.520660 155.23 99.42 180.82 144.24
bottle 0.520618 170.00 109.71 189.48 162.03
bottle 0.520593 190.66 78.50 212.79 122.96
boat 0.520581 100.58 0.00 137.63 16.69
bottle 0.520497 178.91 0.00 215.06 40.06
boat 0.520474 108.18 0.00 150.25 19.71
bottle 0.520444 212.00 90.27 224.00 147.16
bottle 0.520390 97.49 59.84 159.83 124.91
bottle 0.520335 161.93 128.74 186.53 195.62
motorbike 0.520315 87.55 17.47 170.06 94.17
bottle 0.520243 68.98 180.49 95.15 224.00
bird 0.520201 23.30 0.00 54.64 16.07
bottle 0.520187 111.75 119.18 156.02 197.55
chair 0.520180 160.36 0.00 219.98 78.20
bottle 0.520148 196.50 57.16 213.89 91.94
dog 0.520128 130.01 143.51 165.89 203.79
bottle 0.520015 212.00 77.14 224.00 123.57
bird 0.519985 21.19 27.58 43.52 63.89
bottle 0.519977 68.23 7.28 93.02 35.18
boat 0.519966 83.64 0.00 114.91 14.74
bottle 0.519939 44.02 35.77 68.15 77.91
boat 0.519929 91.88 0.00 124.13 14.57
bottle 0.519899 46.29 0.00 75.14 14.09
bottle 0.519891 197.68 45.53 214.18 81.42
bottle 0.519884 11.49 0.00 32.29 23.49
bird 0.519830 54.77 0.00 84.05 14.04
bottle 0.519779 149.78 62.70 181.11 112.35
bird 0.519768 18.13 18.32 36.68 42.60
bottle 0.519754 78.18 6.75 101.71 36.28
person 0.519689 137.51 201.05 171.74 224.00
bird 0.519682 27.21 8.77 45.24 24.88
bottle 0.519679 211.23 45.21 224.00 86.03
bottle 0.519641 175.03 107.14 205.23 163.83
dog 0.519638 125.36 197.39 164.74 224.00
bird 0.519636 63.07 7.02 87.52 34.83
bottle 0.519619 135.75 94.03 172.44 143.88
bottle 0.519588 16.39 0.00 46.85 17.79
bottle 0.519554 162.50 67.38 186.76 107.80
bottle 0.519547 211.95 64.68 224.00 105.88
bird 0.519521 52.32 22.43 91.47 77.86
bottle 0.519495 207.13 178.33 219.87 217.50
bottle 0.519471 159.49 105.91 182.23 161.05
bottle 0.519453 159.75 79.57 189.06 130.44
bottle 0.519439 11.99 18.03 27.32 45.51
bottle 0.519378 181.30 29.67 207.52 73.52
bottle 0.519357 46.45 181.30 77.82 224.00
bottle 0.519352 191.54 195.85 214.99 224.00
person 0.519295 20.67 60.12 116.71 184.16
person 0.519264 150.41 203.16 178.60 224.00
bottle 0.519211 119.81 141.85 155.22 205.19
dog 0.519203 137.83 170.29 165.03 214.23
sheep 0.519191 103.35 177.30 133.37 224.00
dog 0.519180 114.24 194.97 156.63 224.00
bottle 0.519123 89.02 6.54 112.80 38.36
bottle 0.519083 0.00 0.00 51.86 83.38
bottle 0.519048 152.52 0.00 223.48 36.76
person 0.519004 161.00 202.62 187.31 224.00
bottle 0.519002 90.55 17.28 113.39 54.10
bottle 0.518975 202.78 193.31 221.39 224.00
bottle 0.518939 182.50 198.84 207.84 224.00
bottle 0.518877 151.82 172.67 173.31 210.81
bird 0.518871 106.16 37.57 161.14 81.93
bottle 0.518795 42.52 0.00 105.17 72.39
motorbike 0.518770 78.35 38.89 176.67 141.02
person 0.518590 149.92 98.03 213.71 222.25
bottle 0.518550 115.06 72.00 166.26 133.33
bottle 0.518460 90.13 23.64 115.91 66.71
bird 0.518299 35.59 7.56 51.73 25.26
bird 0.518032 30.55 28.20 51.38 65.07
bottle 0.517988 99.93 24.56 131.65 64.23
bird 0.517904 58.94 7.57 80.61 32.74
bottle 0.517874 14.43 41.88 78.22 147.77
bottle 0.517865 101.22 39.41 136.70 82.05
bird 0.517864 49.03 28.44 80.83 73.30
motorbike 0.517794 59.28 0.00 124.86 65.31
bottle 0.517745 13.45 205.85 60.48 224.00
bottle 0.517647 45.73 23.81 115.46 110.71
aeroplane 0.517591 58.66 21.93 137.15 106.01
bird 0.517563 24.81 18.22 43.24 41.93
bottle 0.517532 212.00 109.96 224.00 162.30
bottle 0.517460 15.43 24.76 72.02 113.55
motorbike 0.517444 48.36 43.68 148.27 151.81
bird 0.517425 41.39 29.19 63.01 68.60
bottle 0.517383 54.59 21.44 94.79 76.19
bottle 0.517378 146.68 49.59 179.11 94.64
bottle 0.517304 166.97 169.19 184.14 210.39
bird 0.517261 58.55 14.88 88.93 58.76
bottle 0.517124 116.11 41.23 162.82 98.59
bottle 0.517073 166.73 29.72 195.64 73.15
bottle 0.517012 159.95 56.10 185.61 93.14
aeroplane 0.516980 97.80 6.35 130.94 40.88
bottle 0.516876 208.96 164.91 219.58 213.52
bottle 0.516799 179.57 68.80 203.85 103.86
bird 0.516728 42.98 8.04 57.15 26.46
bottle 0.516727 126.81 58.36 171.12 116.37
bottle 0.516627 184.87 45.21 205.92 81.01
bottle 0.516591 67.06 29.44 102.68 84.33
bottle 0.516562 12.41 0.00 70.13 78.64
bottle 0.516553 75.63 15.65 101.30 55.58
bottle 0.516495 123.33 31.86 169.86 80.53
bottle 0.516466 62.86 0.00 89.96 18.10
bottle 0.516304 183.24 59.08 205.02 92.15
bottle 0.516272 211.42 125.93 220.03 189.60
dog 0.516198 101.90 201.52 141.19 224.00
bottle 0.516152 169.85 69.33 192.75 104.28
bottle 0.516142 141.43 36.09 177.41 78.71
bottle 0.515934 174.73 74.95 202.43 114.21
bird 0.515883 51.39 8.47 69.17 28.84
bottle 0.515818 168.77 80.55 202.61 126.65
bottle 0.515537 168.05 75.01 193.04 115.30
bottle 0.515514 77.00 0.00 104.11 18.72
bottle 0.515409 156.52 41.43 184.70 79.55
bottle 0.515230 28.36 45.17 105.34 151.93
bird 0.515196 33.41 18.65 50.40 44.10
bottle 0.515007 107.01 6.20 159.28 44.87
bird 0.514862 42.68 19.61 58.06 48.47
dog 0.514854 84.05 203.39 119.83 224.00
bottle 0.514847 73.06 203.21 111.27 224.00
bottle 0.514696 62.92 203.97 100.31 224.00
bottle 0.514645 107.20 16.37 159.92 54.45
bird 0.514599 51.30 19.51 73.75 53.41
bird 0.514575 106.52 23.26 158.82 64.27
bottle 0.514559 170.28 59.40 192.84 91.54
bottle 0.514116 85.51 0.00 113.37 20.46
bottle 0.514005 169.85 44.78 193.51 80.33
sheep 0.513621 94.44 0.00 127.21 23.73
bottle 0.513078 103.87 0.00 149.28 30.09
bottle 0.513017 173.59 0.00 206.20 48.04
bottle 0.511474 149.36 0.00 190.05 30.78
bottle 0.509745 146.65 0.00 185.81 51.87
