dog 0.596686 0.00 1.56 224.00 224.00
bird 0.590866 15.97 34.87 224.00 224.00
cat 0.588148 2.42 3.35 224.00 224.00
dog 0.586352 16.04 24.54 153.45 224.00
sheep 0.575942 14.52 12.73 224.00 210.39
dog 0.571746 84.93 0.00 224.00 89.15
sheep 0.567885 10.74 35.17 128.52 223.63
cat 0.565934 86.66 0.00 224.00 104.85
cat 0.562738 47.81 0.00 224.00 148.76
bottle 0.557450 19.38 44.44 145.14 224.00
bird 0.557244 81.27 55.65 219.71 224.00
dog 0.551123 63.06 0.00 224.00 132.93
bird 0.548619 10.68 32.75 123.23 224.00
cat 0.546330 19.43 7.24 188.81 175.31
sheep 0.544426 75.12 39.99 221.96 224.00
bird 0.542709 156.18 70.98 224.00 224.00
dog 0.541392 173.69 65.86 224.00 224.00
sheep 0.541114 63.78 86.30 110.96 146.96
cat 0.540265 132.12 0.00 206.85 36.02
sheep 0.539361 20.45 108.62 212.40 224.00
sheep 0.538888 76.07 12.58 222.00 167.39
dog 0.538760 18.08 107.32 201.42 224.00
cat 0.537414 63.94 13.99 123.90 63.65
dog 0.537327 157.04 0.00 224.00 95.15
sheep 0.536412 65.82 96.70 115.67 162.09
sheep 0.536009 8.53 22.72 86.12 190.41
dog 0.535828 197.97 48.88 224.00 185.56
bottle 0.535712 0.00 207.41 34.21 224.00
bottle 0.535626 0.00 204.86 20.80 224.00
bottle 0.535553 50.64 209.86 84.58 224.00
bottle 0.535278 58.70 210.79 93.18 224.00
sheep 0.534667 22.95 8.48 178.11 171.13
cat 0.534202 142.67 0.00 198.97 23.07
bottle 0.533969 40.46 209.98 76.69 224.00
person 0.533780 0.00 153.22 34.99 224.00
cat 0.533760 206.42 11.82 224.00 73.80
sheep 0.533513 20.29 17.90 65.68 63.14
bottle 0.533318 67.93 106.51 114.29 168.42
dog 0.533228 23.97 209.95 61.89 224.00
dog 0.533061 122.04 47.70 220.53 224.00
bird 0.533006 63.01 92.69 118.70 151.87
sheep 0.532518 15.66 85.38 51.63 134.71
dog 0.531925 184.76 9.52 224.00 122.24
sheep 0.531842 13.24 55.09 56.35 98.65
sheep 0.531513 67.18 116.55 103.96 170.92
bottle 0.531427 28.38 99.86 189.41 224.00
bird 0.531421 211.59 201.14 224.00 224.00
cat 0.531315 139.71 2.05 210.30 62.20
cat 0.531065 0.00 0.00 23.69 24.52
sheep 0.531044 3.78 149.97 38.60 218.76
cat 0.530792 99.65 0.00 213.59 63.83
sheep 0.530588 116.91 83.14 224.00 224.00
bottle 0.530258 69.92 212.08 111.03 224.00
sheep 0.530091 13.57 10.70 104.40 157.59
sheep 0.529928 18.36 173.30 56.47 224.00
sheep 0.529848 11.88 158.98 48.49 222.63
cat 0.529769 201.52 0.00 224.00 29.87
bird 0.529623 90.72 129.61 214.48 224.00
dog 0.529419 220.00 97.40 224.00 154.83
dog 0.529353 10.50 209.02 48.86 224.00
sheep 0.529214 66.47 11.46 123.02 66.97
bottle 0.529152 29.98 132.70 123.32 224.00
sheep 0.529083 0.00 145.24 29.05 211.48
cat 0.529010 153.53 0.00 214.77 39.93
sheep 0.528902 0.00 7.45 63.97 143.22
sheep 0.528885 54.16 88.91 99.80 141.20
dog 0.528717 214.76 65.40 224.00 107.06
cat 0.528688 174.89 11.94 219.67 67.36
cat 0.528278 127.87 0.00 174.77 39.86
cat 0.528252 159.90 0.00 209.88 23.85
cat 0.528203 23.72 0.00 160.19 133.23
cat 0.528190 20.04 17.18 68.34 61.70
cat 0.528156 12.85 0.00 89.10 32.79
cat 0.527988 0.00 0.00 57.76 45.61
bottle 0.527879 74.21 110.96 125.95 162.53
bottle 0.527855 7.73 142.26 86.54 224.00
sheep 0.527729 72.28 128.67 222.33 224.00
sheep 0.527674 11.05 39.24 58.04 93.16
cat 0.527531 40.92 0.00 123.73 33.50
dog 0.527164 76.18 212.19 119.33 224.00
bird 0.527121 69.64 88.07 119.58 133.21
cat 0.526924 73.23 18.94 127.64 49.17
dog 0.526894 113.75 23.43 220.74 162.51
cat 0.526874 11.71 0.00 65.71 21.71
sheep 0.526867 45.13 91.49 89.82 136.92
sheep 0.526860 219.50 181.01 224.00 222.48
sheep 0.526749 67.21 81.81 121.07 128.73
sheep 0.526543 0.00 27.22 35.52 65.55
sheep 0.526278 0.00 25.00 12.98 69.69
sheep 0.526250 27.37 91.44 67.31 133.55
bottle 0.526244 49.70 177.54 78.02 224.00
dog 0.526186 97.97 166.80 127.88 223.20
bottle 0.526039 0.00 124.16 34.53 224.00
sheep 0.526023 0.00 166.04 34.07 224.00
cat 0.526003 74.02 0.00 173.74 46.72
bottle 0.525578 177.53 210.36 212.52 224.00
sheep 0.525466 73.08 56.58 118.72 106.32
cat 0.525386 198.57 7.39 224.00 65.83
dog 0.525261 162.97 150.78 224.00 224.00
sheep 0.525249 192.50 93.49 212.74 152.40
sheep 0.525149 182.20 189.27 209.50 223.82
sheep 0.525143 220.00 144.94 224.00 202.47
cat 0.525054 131.54 0.00 178.47 19.27
sheep 0.524971 13.41 61.78 51.92 113.44
sheep 0.524941 57.59 178.78 86.70 224.00
bottle 0.524876 70.23 121.87 106.17 174.88
sheep 0.524848 0.00 124.68 27.95 155.54
sheep 0.524823 0.00 87.57 40.06 138.52
bird 0.524767 0.00 144.07 12.72 206.07
bottle 0.524741 137.57 150.37 171.68 210.81
cat 0.524579 125.16 0.00 193.89 49.32
cat 0.524541 0.00 0.00 47.31 20.92
sheep 0.524531 69.35 132.59 96.34 181.98
dog 0.524376 119.41 10.34 154.95 68.00
sheep 0.524329 6.82 0.00 78.17 109.75
bird 0.524194 215.72 191.50 224.00 224.00
sheep 0.524133 220.00 164.53 224.00 213.86
bottle 0.524114 38.29 179.21 70.33 224.00
dog 0.524109 156.18 183.39 189.56 224.00
bottle 0.524069 178.69 189.37 205.12 224.00
dog 0.524044 0.00 47.60 79.36 219.93
dog 0.524042 12.79 186.67 48.71 224.00
sheep 0.523987 163.71 69.68 211.40 106.10
bird 0.523975 0.00 166.20 13.40 224.00
sheep 0.523815 149.50 15.26 209.46 75.37
bottle 0.523774 0.00 65.73 55.63 224.00
sheep 0.523539 6.61 184.78 41.51 224.00
bottle 0.523514 99.98 166.11 127.83 218.84
cat 0.523503 125.41 5.27 163.09 59.87
sheep 0.523430 66.31 154.29 98.11 211.08
sheep 0.523422 0.00 48.37 45.27 100.95
sheep 0.523270 220.00 129.12 224.00 184.97
sheep 0.523264 54.18 17.29 111.33 58.85
sheep 0.523157 0.00 84.90 8.57 138.60
dog 0.523147 220.00 118.95 224.00 176.45
dog 0.523141 214.03 23.16 224.00 85.89
sheep 0.523115 178.25 182.55 206.21 218.29
sheep 0.523114 36.19 117.74 64.97 158.27
sheep 0.523105 13.93 100.01 47.92 148.57
bottle 0.523095 129.81 213.19 165.32 224.00
sheep 0.523089 0.49 141.74 36.60 192.82
sheep 0.523044 65.10 128.44 90.40 175.10
sheep 0.523035 24.18 110.46 54.12 154.51
sheep 0.523001 129.97 81.54 149.72 107.90
sheep 0.522996 132.67 86.35 148.65 111.63
sheep 0.522988 150.69 171.14 189.68 221.48
dog 0.522793 0.00 0.00 23.71 30.00
sheep 0.522772 137.25 87.46 155.23 110.64
sheep 0.522752 70.42 167.82 109.29 221.66
cat 0.522686 56.49 0.00 189.27 90.43
sheep 0.522679 19.37 0.00 138.13 121.84
dog 0.522652 214.98 73.26 224.00 121.33
dog 0.522616 218.96 81.45 224.00 136.80
bird 0.522567 190.11 205.04 222.88 224.00
bird 0.522563 0.00 199.57 20.45 224.00
sheep 0.522529 40.38 17.46 93.95 59.20
cat 0.522512 165.38 0.00 218.30 54.55
sheep 0.522311 144.25 102.99 178.17 147.00
dog 0.522246 144.18 164.82 178.63 222.43
cat 0.522210 121.80 0.00 162.09 17.67
sheep 0.522153 4.02 132.03 33.43 159.10
dog 0.522149 83.03 166.49 118.61 220.76
sheep 0.522145 47.70 113.94 82.77 159.49
sheep 0.522116 64.93 180.67 99.88 224.00
sheep 0.522114 67.79 67.40 124.75 119.08
dog 0.521931 173.54 187.06 200.61 224.00
cat 0.521907 24.87 0.00 138.93 81.54
sheep 0.521876 146.47 94.06 178.78 134.63
dog 0.521869 122.21 213.83 157.17 224.00
dog 0.521837 216.62 39.84 224.00 95.42
bottle 0.521811 152.58 210.48 194.00 224.00
sheep 0.521761 142.45 86.64 164.24 111.80
sheep 0.521743 60.53 75.86 106.91 130.48
aeroplane 0.521730 141.50 126.96 167.12 171.10
cat 0.521678 112.03 0.00 151.05 17.26
sheep 0.521676 181.74 160.59 207.99 207.58
sheep 0.521665 156.44 91.81 188.48 134.29
bottle 0.521656 164.28 209.24 204.53 224.00
sheep 0.521625 0.00 46.63 13.07 103.18
sheep 0.521592 53.90 75.97 93.43 127.06
sheep 0.521563 154.17 100.39 186.97 143.28
cat 0.521489 120.82 0.00 168.64 30.15
bottle 0.521480 141.07 165.32 167.84 221.14
sheep 0.521443 2.93 115.07 34.55 151.33
cat 0.521414 76.21 13.34 122.88 34.34
dog 0.521392 112.09 214.19 148.11 224.00
dog 0.521391 94.46 213.17 135.13 224.00
dog 0.521325 23.10 191.62 60.46 224.00
cat 0.521273 74.57 0.00 111.87 18.05
sheep 0.521238 14.75 24.38 62.33 78.88
sheep 0.521197 8.17 73.03 52.69 127.12
sheep 0.521172 186.94 98.54 207.77 149.04
sheep 0.521169 60.92 154.96 85.91 208.05
bottle 0.521141 13.32 104.43 103.41 224.00
bottle 0.521122 81.95 120.60 122.25 173.13
sheep 0.521105 0.00 120.82 15.37 157.60
bottle 0.521030 143.50 211.59 184.96 224.00
sheep 0.520903 9.72 27.11 53.83 60.62
sheep 0.520896 124.93 8.61 159.65 67.50
sheep 0.520812 0.00 0.00 38.00 26.77
sheep 0.520812 0.00 4.88 17.45 54.89
sheep 0.520811 23.52 163.60 57.88 212.18
sheep 0.520801 190.42 113.80 210.67 176.92
sheep 0.520800 49.39 170.22 77.09 215.08
sheep 0.520743 0.00 134.49 26.62 173.69
cat 0.520721 15.89 0.00 69.43 46.41
sheep 0.520720 58.66 110.32 94.28 165.41
dog 0.520553 89.60 179.08 122.92 224.00
aeroplane 0.520503 140.89 111.55 167.82 153.99
bottle 0.520444 82.14 156.88 118.68 214.01
sheep 0.520443 65.38 145.08 86.26 194.46
sheep 0.520432 149.43 76.35 195.29 107.47
sheep 0.520427 184.34 140.52 207.10 191.21
sheep 0.520370 0.00 101.47 11.29 151.05
sheep 0.520364 0.00 0.00 61.90 66.83
bottle 0.520205 133.69 144.26 163.53 206.75
sheep 0.520119 10.06 124.26 40.07 155.14
cat 0.520080 172.27 0.00 216.40 27.37
sheep 0.520074 121.60 80.65 144.46 109.75
cat 0.520028 97.83 0.00 134.87 19.34
sheep 0.519938 54.55 69.79 86.19 110.97
sheep 0.519934 141.06 118.49 176.14 164.08
cat 0.519908 26.86 0.00 74.92 23.12
sheep 0.519843 189.06 143.37 209.88 201.81
sheep 0.519831 159.32 72.73 199.25 111.85
bottle 0.519823 93.89 131.67 128.25 189.02
sheep 0.519779 127.88 75.09 150.83 103.80
sheep 0.519769 127.19 138.42 224.00 224.00
bottle 0.519652 140.65 132.27 168.47 183.84
sheep 0.519639 71.40 139.75 105.96 198.68
dog 0.519495 141.46 181.52 168.54 224.00
sheep 0.519493 31.28 174.40 63.28 215.69
cat 0.519487 58.74 17.85 112.93 51.48
sheep 0.519469 13.78 146.70 46.87 190.70
sheep 0.519413 70.46 32.55 117.77 88.73
cat 0.519375 98.19 11.35 146.59 65.94
sheep 0.519299 168.85 12.50 214.30 77.41
bottle 0.519279 134.12 166.67 158.69 218.87
dog 0.519225 212.00 93.47 224.00 154.33
sheep 0.519204 64.33 68.09 103.03 113.69
bottle 0.519161 99.83 149.46 127.72 204.73
sheep 0.519095 14.19 0.00 96.88 58.77
bird 0.519059 0.00 127.26 16.34 162.43
sheep 0.518957 39.63 174.01 69.37 213.80
sheep 0.518952 181.01 151.49 201.87 199.54
sheep 0.518927 0.00 6.15 37.42 53.70
sheep 0.518902 184.51 107.13 207.16 169.60
cat 0.518892 40.21 16.84 94.76 53.19
sheep 0.518779 63.60 58.36 102.37 101.73
sheep 0.518771 29.29 126.43 53.44 164.35
sheep 0.518763 157.58 46.88 214.80 96.93
cat 0.518712 40.61 0.00 83.02 20.64
cat 0.518644 86.52 0.00 126.76 21.14
sheep 0.518554 166.01 0.00 219.12 59.02
sheep 0.518523 19.51 65.74 60.27 103.69
dog 0.518451 117.47 25.62 151.34 79.99
sheep 0.518445 149.20 85.43 181.35 121.16
sheep 0.518398 49.01 60.60 82.70 99.10
sheep 0.518335 180.53 122.69 203.98 177.11
bottle 0.518321 89.14 120.84 136.19 178.47
cat 0.518264 71.38 0.00 115.72 27.80
sheep 0.518178 142.39 96.93 166.82 131.85
dog 0.518114 134.36 181.02 159.36 224.00
sheep 0.518097 212.00 97.76 224.00 159.49
sheep 0.518023 167.70 171.29 200.50 215.95
sheep 0.518022 158.48 80.39 191.90 122.48
sheep 0.517972 124.74 66.62 150.28 100.29
cat 0.517909 56.19 0.00 94.71 18.31
sheep 0.517895 137.38 13.04 194.46 71.82
bottle 0.517886 139.67 127.94 159.66 168.75
aeroplane 0.517821 138.64 132.24 174.97 183.40
sheep 0.517789 136.38 137.10 176.25 197.03
sheep 0.517759 0.00 63.63 9.36 118.51
sheep 0.517695 36.58 69.22 71.59 106.23
sheep 0.517690 170.36 100.26 196.05 141.64
sheep 0.517673 0.00 30.02 41.81 84.00
sheep 0.517667 97.09 78.37 135.22 112.97
dog 0.517605 186.04 7.46 224.00 77.91
dog 0.517575 98.60 11.55 144.22 70.42
bird 0.517544 77.31 100.83 124.48 147.12
sheep 0.517517 159.86 27.26 211.94 87.05
bottle 0.517491 175.67 203.69 206.93 224.00
sheep 0.517405 120.54 48.58 150.28 91.12
sheep 0.517291 38.97 74.42 78.90 121.33
sheep 0.517237 13.88 128.06 44.68 161.24
sheep 0.517124 164.43 160.48 197.04 208.57
aeroplane 0.517090 139.26 121.87 159.53 160.04
sheep 0.517063 139.74 154.67 186.96 210.33
dog 0.517015 77.32 186.72 114.21 224.00
sheep 0.516998 46.60 135.05 75.65 174.55
sheep 0.516876 55.91 151.70 79.07 195.07
sheep 0.516822 114.77 64.92 146.33 102.44
sheep 0.516751 166.26 122.89 196.51 175.82
dog 0.516712 116.82 166.79 148.85 219.72
aeroplane 0.516584 139.59 105.99 158.91 142.00
cat 0.516512 67.41 8.66 119.56 38.59
sheep 0.516505 0.00 62.02 43.99 114.24
sheep 0.516451 57.93 142.19 81.43 181.39
bottle 0.516424 73.10 128.62 113.15 184.22
sheep 0.516418 43.21 159.33 70.31 196.83
sheep 0.516416 24.80 150.63 53.72 189.25
sheep 0.516323 181.22 101.37 202.18 144.70
sheep 0.516123 27.16 137.40 52.67 174.98
sheep 0.516042 68.99 193.84 105.52 224.00
cat 0.516001 107.53 0.00 155.86 28.77
bottle 0.515828 77.49 142.06 115.70 200.18
bottle 0.515740 93.84 117.12 141.49 160.23
sheep 0.515740 13.42 136.56 44.58 172.46
bottle 0.515637 117.43 162.09 149.34 215.52
sheep 0.515597 32.39 161.93 61.97 198.99
dog 0.515443 100.76 173.51 141.57 224.00
dog 0.515333 195.38 66.41 224.00 107.06
sheep 0.515319 196.14 182.93 219.23 219.58
bottle 0.515283 106.03 159.25 140.52 214.88
aeroplane 0.515275 139.62 97.74 156.99 127.32
sheep 0.515246 34.61 138.14 61.53 176.32
bottle 0.515233 121.87 145.87 153.54 206.56
sheep 0.515153 210.84 114.96 224.00 175.66
sheep 0.515153 163.32 143.90 193.67 192.95
sheep 0.515021 29.77 60.25 67.38 95.38
bottle 0.514991 7.83 206.29 49.94 224.00
sheep 0.514946 211.48 142.94 223.24 201.79
sheep 0.514936 181.19 66.06 212.08 109.87
bottle 0.514925 103.65 135.08 142.96 194.60
sheep 0.514901 44.75 149.41 71.94 183.78
sheep 0.514879 201.51 175.26 220.25 216.12
sheep 0.514817 135.63 75.94 164.19 103.06
sheep 0.514782 145.74 64.71 204.22 102.75
sheep 0.514753 4.88 7.84 55.97 51.18
sheep 0.514745 124.76 89.64 141.11 117.77
cat 0.514591 104.90 8.33 159.02 51.06
sheep 0.514450 93.68 63.22 137.75 105.14
sheep 0.514446 59.59 36.06 104.32 89.35
bottle 0.514345 26.74 207.93 68.44 224.00
bird 0.514338 99.58 90.64 129.82 123.40
bottle 0.514136 121.05 125.87 152.03 167.12
sheep 0.514109 107.05 44.73 144.28 90.23
sheep 0.514066 183.92 73.12 211.84 129.67
aeroplane 0.514044 90.80 103.87 129.96 145.78
sheep 0.514010 0.00 0.00 52.97 36.73
aeroplane 0.513819 133.35 97.58 148.05 125.15
sheep 0.513796 167.83 77.12 199.83 123.14
sheep 0.513764 32.88 153.43 61.20 187.19
dog 0.513764 153.70 203.09 190.39 224.00
sheep 0.513745 140.87 25.95 197.65 82.78
bird 0.513698 97.26 98.05 128.46 132.57
sheep 0.513568 10.99 0.00 69.98 39.00
sheep 0.513538 15.92 9.92 73.05 53.09
sheep 0.513442 40.02 23.55 85.25 73.30
sheep 0.513434 209.39 153.47 222.03 207.38
bird 0.513429 190.48 194.55 219.64 224.00
aeroplane 0.513346 129.95 105.80 148.21 139.35
bottle 0.513265 101.60 111.91 139.36 151.82
aeroplane 0.513234 121.05 97.65 139.14 127.81
dog 0.513026 91.30 196.38 130.99 224.00
sheep 0.513016 42.38 39.24 82.09 87.26
bottle 0.512930 125.88 113.86 149.37 149.01
cat 0.512877 61.83 8.35 103.29 30.10
aeroplane 0.512849 112.57 105.74 137.98 142.06
cat 0.512791 36.87 4.70 83.79 33.46
dog 0.512670 71.29 206.56 115.45 224.00
dog 0.512666 81.41 201.66 124.34 224.00
sheep 0.512490 205.67 165.91 220.74 213.07
dog 0.512078 83.54 20.19 132.48 72.88
dog 0.511523 143.15 205.45 181.44 224.00
cat 0.511507 81.20 0.00 131.23 39.07
dog 0.511443 203.17 77.03 224.00 134.60
dog 0.511294 190.85 38.43 224.00 96.68
dog 0.510523 130.83 205.60 162.76 224.00
sheep 0.510497 23.55 40.25 64.81 84.82
sheep 0.510454 88.22 41.03 134.33 88.26
sheep 0.509740 126.01 26.81 167.14 78.94
dog 0.509019 105.41 198.59 145.02 224.00
dog 0.508925 120.62 203.29 154.52 224.00
sheep 0.508642 127.70 49.52 166.58 90.60
