motorbike 0.623029 65.42 41.96 196.32 191.48
person 0.615449 49.63 42.91 194.71 221.27
motorbike 0.608718 33.68 63.45 211.18 213.27
motorbike 0.592933 101.95 72.19 191.32 181.94
motorbike 0.587126 61.44 57.40 147.64 166.37
person 0.584807 104.77 55.49 188.37 169.33
person 0.579690 69.17 52.50 154.83 161.20
motorbike 0.567862 57.47 83.49 131.95 179.53
motorbike 0.565798 81.73 134.40 138.12 224.00
motorbike 0.564688 49.37 59.10 162.65 203.41
motorbike 0.564629 86.22 45.01 172.90 144.19
motorbike 0.560797 45.75 100.54 178.45 214.79
motorbike 0.559973 100.53 36.03 218.59 174.42
cow 0.559627 0.00 13.66 37.65 30.77
motorbike 0.559535 73.93 50.41 149.20 131.84
person 0.555459 79.98 56.28 155.33 127.30
person 0.555081 4.42 181.98 32.42 214.38
motorbike 0.552057 68.10 114.83 131.09 201.94
person 0.550250 93.84 53.29 171.84 144.99
person 0.546111 75.49 0.00 206.43 185.33
motorbike 0.544912 121.23 61.43 189.68 163.15
motorbike 0.544650 66.84 67.89 130.15 149.01
person 0.544646 166.20 29.76 190.51 57.75
motorbike 0.542800 156.24 70.79 224.00 176.98
motorbike 0.541514 54.32 88.65 104.74 172.91
person 0.541228 159.63 29.51 185.53 56.56
person 0.540663 128.96 60.94 193.10 144.22
person 0.539858 0.00 177.30 24.97 213.98
person 0.539374 174.71 32.22 195.87 57.91
person 0.538846 72.65 68.87 138.50 121.98
motorbike 0.537586 122.67 20.09 224.00 151.59
motorbike 0.536951 136.81 78.91 195.58 171.63
motorbike 0.536018 99.32 95.20 166.42 185.63
motorbike 0.535732 28.91 103.59 70.17 173.48
car 0.535689 206.98 0.00 224.00 18.04
motorbike 0.535648 121.18 96.83 181.36 179.93
aeroplane 0.535503 0.00 8.10 40.19 28.46
person 0.535007 216.07 56.31 224.00 98.03
motorbike 0.534637 37.63 94.20 88.36 172.54
cow 0.533933 4.28 53.28 48.63 76.61
motorbike 0.533514 28.47 88.94 144.27 198.92
person 0.533250 0.00 108.13 18.81 204.97
person 0.533194 122.66 55.27 174.96 127.38
motorbike 0.533166 68.43 72.70 125.11 119.44
person 0.533010 43.35 207.23 74.84 224.00
person 0.532982 135.51 0.00 213.13 80.65
person 0.532823 188.46 184.44 224.00 224.00
person 0.532759 213.63 62.00 224.00 105.43
car 0.532726 64.43 140.44 116.64 215.38
person 0.532701 136.37 53.02 191.98 121.28
car 0.532636 0.00 180.45 33.94 224.00
motorbike 0.532571 0.00 184.96 74.25 224.00
person 0.532471 208.08 207.92 224.00 224.00
motorbike 0.532342 92.94 142.00 145.33 212.17
person 0.532267 51.02 207.99 83.39 224.00
motorbike 0.532217 22.03 112.62 62.30 171.70
motorbike 0.532196 149.43 63.17 202.19 141.68
car 0.532085 0.00 149.91 19.98 200.79
motorbike 0.532078 65.25 75.27 116.78 134.96
motorbike 0.531915 28.19 151.83 148.30 224.00
person 0.531758 35.72 204.67 66.10 224.00
motorbike 0.531740 155.30 85.65 202.08 164.01
person 0.531699 167.03 20.85 190.12 47.76
person 0.531580 218.21 38.73 224.00 72.37
motorbike 0.531496 61.94 107.48 117.49 191.53
person 0.531430 154.21 31.53 180.66 60.02
person 0.531403 0.00 155.35 21.32 207.97
motorbike 0.531270 184.24 57.24 209.63 94.31
car 0.531181 7.56 153.37 36.30 202.72
motorbike 0.530268 211.33 68.17 224.00 115.76
person 0.530230 14.21 173.22 50.50 209.45
motorbike 0.530222 57.18 132.31 191.37 224.00
person 0.530213 184.40 35.32 203.59 56.84
person 0.530189 0.99 189.11 34.88 224.00
person 0.529957 7.31 163.89 35.63 212.03
motorbike 0.529947 8.75 178.17 108.52 224.00
motorbike 0.529702 211.39 79.78 224.00 134.34
motorbike 0.529647 163.13 73.02 207.60 143.24
person 0.529642 112.37 210.53 149.19 224.00
motorbike 0.529559 176.49 101.66 224.00 194.92
car 0.529526 27.35 174.42 57.55 209.47
person 0.529476 167.17 54.38 201.50 110.03
motorbike 0.529444 95.43 115.28 153.43 199.37
motorbike 0.529425 218.50 111.97 224.00 167.85
person 0.529394 31.54 179.14 57.55 211.49
person 0.529325 161.62 23.24 185.90 50.64
person 0.529291 0.00 130.86 21.62 221.60
car 0.529270 190.98 0.00 218.22 15.30
motorbike 0.529175 58.21 208.00 93.15 224.00
person 0.528964 18.67 199.74 56.15 224.00
motorbike 0.528917 215.63 95.00 224.00 151.44
person 0.528749 180.38 56.13 207.62 99.26
motorbike 0.528584 188.58 127.59 224.00 220.83
person 0.528432 185.61 40.62 204.76 62.35
cow 0.528374 0.00 17.96 37.28 37.14
motorbike 0.528226 149.55 180.43 224.00 224.00
person 0.528066 0.00 74.20 22.10 183.23
cow 0.528053 0.41 45.08 44.13 73.36
person 0.528017 195.04 211.72 224.00 224.00
car 0.527878 166.84 0.00 197.00 15.45
motorbike 0.527874 80.23 99.00 142.52 188.35
person 0.527769 95.31 0.00 165.88 57.45
car 0.527627 0.00 124.55 14.92 169.37
motorbike 0.527604 86.55 150.43 204.74 224.00
car 0.527587 158.16 0.00 187.97 15.04
motorbike 0.527557 162.86 60.70 201.57 119.61
person 0.527508 69.75 69.99 119.11 111.51
motorbike 0.527381 119.91 167.08 223.96 224.00
motorbike 0.527371 65.17 75.12 110.93 113.56
motorbike 0.527180 181.52 65.12 209.34 109.51
car 0.527122 175.49 0.00 205.59 15.35
person 0.527085 218.46 22.57 224.00 56.02
person 0.527071 0.00 0.00 45.11 42.48
person 0.527047 113.78 0.00 190.92 65.73
motorbike 0.526513 171.17 67.37 209.16 129.03
motorbike 0.526512 156.47 105.95 197.41 176.52
cow 0.526388 0.00 6.60 40.65 27.39
person 0.526171 179.10 212.60 211.24 224.00
person 0.526169 0.00 47.95 33.81 152.94
person 0.526146 0.00 0.00 108.90 162.69
motorbike 0.526116 66.49 208.66 107.16 224.00
person 0.526073 182.64 27.80 202.42 49.71
person 0.526043 195.26 35.93 212.39 56.11
car 0.525955 7.47 0.00 75.66 33.08
motorbike 0.525934 97.98 208.37 135.09 224.00
person 0.525905 127.66 210.76 162.88 224.00
person 0.525901 132.40 11.29 224.00 118.44
motorbike 0.525885 5.37 153.90 42.62 201.55
motorbike 0.525670 19.61 63.42 103.94 172.69
person 0.525632 174.00 19.34 194.92 43.60
car 0.525613 149.85 0.00 178.93 14.49
person 0.525497 184.45 52.16 209.03 86.48
motorbike 0.525468 180.42 48.97 207.01 88.07
motorbike 0.525342 3.75 90.44 86.63 198.06
person 0.525289 196.12 42.59 212.03 63.28
boat 0.525240 0.00 8.09 32.43 31.17
person 0.525205 171.44 212.01 203.44 224.00
motorbike 0.525026 191.97 163.25 224.00 224.00
car 0.525008 63.91 158.90 105.37 213.06
person 0.524973 179.39 40.57 201.83 72.64
cow 0.524931 0.00 83.19 11.86 131.88
motorbike 0.524870 220.00 126.88 224.00 179.32
motorbike 0.524847 165.75 101.13 205.04 170.19
cow 0.524825 13.77 122.42 47.05 168.12
motorbike 0.524800 109.75 6.13 201.73 108.96
person 0.524677 139.46 43.89 179.98 94.20
motorbike 0.524662 96.65 0.00 174.44 102.10
motorbike 0.524594 82.48 208.66 120.61 224.00
car 0.524522 0.00 135.92 16.94 179.95
car 0.524240 0.00 0.00 39.77 28.30
person 0.524215 65.21 70.30 103.74 105.89
cow 0.524203 5.11 58.50 41.74 87.48
motorbike 0.524189 145.38 107.90 189.32 181.51
person 0.524185 168.23 34.98 194.56 69.98
motorbike 0.524146 143.70 42.79 188.71 93.45
car 0.524129 42.30 178.64 64.90 212.13
motorbike 0.524076 84.97 159.83 130.36 222.88
motorbike 0.524041 169.05 45.23 200.53 91.54
person 0.523974 162.57 211.80 195.48 224.00
motorbike 0.523948 139.82 120.32 176.52 189.20
car 0.523881 10.52 167.22 50.12 209.51
car 0.523849 53.08 166.10 91.40 211.28
person 0.523827 211.56 0.00 224.00 19.55
person 0.523820 111.94 25.51 142.19 72.03
person 0.523671 218.85 12.66 224.00 44.12
person 0.523525 163.64 12.31 184.04 34.52
person 0.523381 78.80 0.00 147.68 50.96
motorbike 0.523270 152.58 32.88 184.12 66.73
car 0.523245 142.21 0.00 170.91 13.99
person 0.523150 142.87 212.38 179.41 224.00
person 0.523090 170.63 10.04 191.12 32.89
cow 0.523074 0.00 85.82 27.40 128.67
car 0.523059 37.74 0.00 69.84 14.74
cow 0.523017 0.00 49.20 31.03 79.15
aeroplane 0.522862 111.95 19.63 141.25 59.05
motorbike 0.522862 14.95 135.40 53.07 184.72
person 0.522828 185.75 46.54 206.64 73.92
car 0.522730 8.02 144.62 40.61 190.00
cow 0.522697 0.00 32.86 40.46 64.80
motorbike 0.522679 0.00 54.72 73.37 162.61
person 0.522632 208.17 40.50 222.21 67.52
cow 0.522631 4.84 129.72 37.47 168.54
person 0.522547 0.00 104.66 13.08 152.06
person 0.522453 105.59 49.56 159.12 112.81
person 0.522354 151.02 34.49 178.09 67.62
person 0.522341 142.75 30.79 171.70 59.38
person 0.522275 207.40 33.45 222.25 59.91
motorbike 0.522250 0.37 20.49 137.65 198.86
cow 0.522236 0.00 40.19 34.78 137.36
car 0.521969 12.09 147.96 50.72 197.43
motorbike 0.521876 1.84 120.70 78.51 211.05
motorbike 0.521857 178.69 71.12 213.25 118.42
person 0.521854 127.96 29.38 154.76 64.58
person 0.521841 49.19 59.10 72.69 87.61
person 0.521766 216.65 1.49 224.00 29.89
person 0.521740 44.51 181.86 66.62 216.40
car 0.521639 31.74 0.00 101.46 33.69
cow 0.521623 10.96 133.20 41.65 177.80
cow 0.521532 15.27 88.89 44.53 127.13
cow 0.521509 4.31 119.98 37.12 159.45
motorbike 0.521495 181.78 109.77 212.55 168.64
person 0.521406 194.48 26.67 211.96 47.62
motorbike 0.521260 18.58 89.83 49.94 127.91
person 0.521203 125.84 45.88 167.09 103.68
person 0.521115 145.47 36.66 172.04 71.81
cow 0.521058 0.00 20.08 36.48 48.90
car 0.521056 134.74 0.00 163.65 13.63
person 0.520951 52.89 66.12 75.85 92.60
person 0.520937 60.19 69.61 91.26 99.80
motorbike 0.520935 18.35 106.71 58.39 157.63
cow 0.520882 0.00 74.30 14.63 118.98
motorbike 0.520881 174.50 116.37 204.87 176.10
car 0.520873 31.62 47.67 59.12 76.70
car 0.520869 63.59 172.29 96.76 223.93
cow 0.520867 0.04 14.31 41.04 24.83
car 0.520858 11.71 46.55 50.78 76.87
car 0.520851 55.33 178.07 81.26 221.06
car 0.520836 56.80 0.00 124.70 40.88
motorbike 0.520756 174.06 89.63 212.31 151.43
person 0.520753 118.83 19.91 146.81 59.86
motorbike 0.520724 198.31 58.59 222.10 94.38
person 0.520697 53.25 194.03 80.37 224.00
motorbike 0.520692 20.50 99.57 53.13 142.34
person 0.520661 32.83 53.93 59.71 82.39
cow 0.520619 5.25 149.87 41.18 191.08
cow 0.520619 8.88 87.15 37.53 125.85
diningtable 0.520529 98.41 173.33 145.55 224.00
car 0.520509 35.21 33.62 57.95 59.52
cow 0.520444 1.91 97.31 28.55 139.27
motorbike 0.520426 154.93 122.71 189.06 188.82
car 0.520413 25.01 0.00 61.52 17.48
car 0.520356 38.60 25.98 57.99 48.15
motorbike 0.520333 0.00 155.32 79.01 224.00
car 0.520264 32.18 41.20 57.78 69.00
motorbike 0.520260 134.00 135.42 170.44 199.19
cow 0.520198 0.00 60.63 24.85 93.65
car 0.520135 52.82 129.62 101.42 198.15
person 0.520050 114.40 34.69 146.35 87.76
car 0.520042 51.14 147.26 98.62 211.90
car 0.519930 112.93 16.20 137.00 45.04
cow 0.519894 59.38 194.03 91.96 224.00
cow 0.519888 40.69 18.06 58.03 35.43
motorbike 0.519839 62.28 75.33 98.93 107.41
person 0.519800 194.16 49.46 211.78 75.75
car 0.519790 10.08 0.00 50.84 22.73
person 0.519739 125.91 36.24 154.88 76.11
motorbike 0.519731 36.13 95.85 71.66 143.76
car 0.519699 126.77 0.00 156.82 13.21
person 0.519646 58.40 62.24 86.07 94.02
motorbike 0.519589 149.35 133.55 182.03 196.78
motorbike 0.519454 159.93 137.99 189.77 196.43
motorbike 0.519442 165.03 119.60 196.88 182.77
car 0.519404 118.07 0.00 149.13 12.71
motorbike 0.519400 156.72 13.02 177.77 33.36
motorbike 0.519150 36.12 60.17 59.84 87.00
car 0.519110 51.14 0.00 85.41 13.13
cow 0.519100 17.37 98.70 46.33 139.34
car 0.519077 13.29 40.38 51.32 69.37
motorbike 0.519065 192.30 68.45 224.00 110.78
car 0.519062 60.54 0.00 93.32 13.14
cow 0.519059 8.72 65.95 42.03 96.43
person 0.519028 206.43 47.55 221.88 78.46
car 0.519027 109.34 0.00 140.42 11.98
cow 0.518991 15.99 107.20 49.15 154.18
cow 0.518970 0.00 48.34 62.51 145.67
person 0.518903 214.16 203.08 224.00 224.00
cow 0.518899 0.00 66.80 19.32 104.74
motorbike 0.518865 10.15 51.04 49.28 81.66
person 0.518835 45.07 51.48 69.61 81.15
car 0.518814 101.31 0.00 131.51 11.91
aeroplane 0.518810 107.10 26.69 134.41 69.84
car 0.518805 73.02 166.40 115.40 223.20
person 0.518791 202.24 53.41 222.11 87.90
car 0.518742 106.58 17.45 128.15 42.53
motorbike 0.518587 106.46 21.18 131.28 55.77
motorbike 0.518500 17.40 55.04 83.42 147.53
motorbike 0.518496 110.04 128.17 166.46 196.55
person 0.518443 182.98 16.80 202.51 39.00
motorbike 0.518425 56.16 87.60 98.60 146.82
cow 0.518328 40.29 8.14 59.74 23.54
person 0.518318 45.66 192.91 69.54 224.00
motorbike 0.518297 190.35 77.02 224.00 132.02
motorbike 0.518255 44.14 60.23 121.83 163.22
motorbike 0.518245 220.00 146.63 224.00 193.66
car 0.518243 15.80 32.09 51.30 57.80
car 0.518243 0.00 12.46 37.82 86.82
person 0.518107 207.80 24.24 222.33 51.22
cow 0.518100 4.39 110.14 33.40 151.48
motorbike 0.518065 89.18 186.47 124.34 224.00
motorbike 0.518028 172.97 197.69 190.36 219.27
car 0.518007 42.23 43.18 65.29 70.41
cow 0.517819 11.54 97.82 37.96 137.25
motorbike 0.517800 172.57 145.74 195.62 194.41
motorbike 0.517799 149.08 149.35 174.08 206.14
person 0.517771 137.30 39.44 167.16 79.81
car 0.517766 93.51 0.00 122.97 12.16
person 0.517711 117.38 44.25 155.77 95.26
cow 0.517707 11.48 108.65 40.26 151.38
person 0.517679 95.30 51.79 143.37 114.72
diningtable 0.517596 179.68 199.19 198.19 218.82
cow 0.517521 11.66 75.28 43.28 111.45
motorbike 0.517517 203.56 113.43 224.00 169.28
sheep 0.517488 43.86 29.38 63.70 49.91
sheep 0.517485 42.51 35.74 64.01 59.72
cow 0.517479 0.00 74.91 30.62 113.36
motorbike 0.517455 166.75 159.22 188.96 204.91
motorbike 0.517372 39.77 66.87 60.96 92.98
person 0.517330 152.22 23.72 178.79 50.10
cow 0.517317 45.73 21.29 64.08 38.24
cow 0.517313 18.87 23.46 51.06 43.08
motorbike 0.517228 10.98 21.02 71.41 92.80
motorbike 0.517219 57.19 72.51 82.24 99.26
person 0.517201 37.89 191.09 60.35 224.00
person 0.517174 220.00 190.94 224.00 224.00
person 0.517121 178.88 8.20 198.55 29.38
car 0.517099 77.44 0.00 106.85 12.18
dog 0.517039 106.22 8.83 126.78 26.71
car 0.517022 0.00 0.00 42.18 55.20
motorbike 0.517012 197.24 91.24 224.00 149.84
car 0.516994 85.64 0.00 114.85 12.11
motorbike 0.516961 76.95 189.50 116.09 224.00
dog 0.516946 102.88 21.72 119.45 51.36
motorbike 0.516940 38.14 89.67 67.65 127.14
diningtable 0.516927 96.33 158.22 149.95 214.79
dog 0.516919 102.84 26.83 120.85 65.91
diningtable 0.516882 220.00 158.24 224.00 201.23
dog 0.516774 103.01 17.88 119.03 39.76
cow 0.516761 0.00 19.30 60.80 92.82
dog 0.516760 121.90 15.70 144.05 46.38
person 0.516686 195.84 13.55 211.19 34.43
car 0.516600 113.22 8.18 135.22 25.97
car 0.516503 68.12 192.46 108.09 224.00
motorbike 0.516481 155.61 152.23 181.12 204.45
motorbike 0.516349 177.15 167.16 194.80 202.77
person 0.516300 55.44 54.38 80.31 85.75
motorbike 0.516241 12.78 75.74 46.76 111.68
horse 0.516198 203.59 0.00 220.06 15.51
cow 0.516078 19.87 16.69 50.07 30.36
person 0.515927 220.00 180.37 224.00 214.08
motorbike 0.515902 172.33 182.68 188.18 209.07
cow 0.515893 45.97 7.22 65.96 24.69
sheep 0.515866 63.23 31.80 79.17 46.94
person 0.515848 169.70 0.00 193.59 18.27
sheep 0.515788 52.32 45.05 74.12 70.96
diningtable 0.515786 164.88 196.31 181.93 219.03
motorbike 0.515780 40.11 73.21 61.61 101.55
sheep 0.515779 51.69 31.94 70.21 49.11
motorbike 0.515753 59.59 80.62 93.08 120.33
diningtable 0.515753 186.73 200.21 205.63 219.57
horse 0.515703 194.54 0.00 213.75 13.23
cow 0.515591 0.00 0.00 63.49 55.18
person 0.515541 160.98 0.00 184.54 18.95
sheep 0.515531 51.35 37.55 70.86 57.88
diningtable 0.515423 179.30 187.48 194.56 207.50
motorbike 0.515371 39.10 80.80 63.60 113.01
diningtable 0.515362 99.42 38.26 124.85 90.10
person 0.515360 18.26 187.01 50.07 222.27
cow 0.515324 38.01 0.00 66.19 16.14
sheep 0.515258 52.75 23.70 70.57 39.14
motorbike 0.515232 180.73 135.20 202.45 183.43
person 0.515182 103.19 38.21 137.97 93.67
sheep 0.515105 62.78 37.13 79.77 55.67
cow 0.515102 20.69 11.02 51.25 21.72
motorbike 0.515094 15.97 43.80 75.26 121.49
dog 0.515085 101.61 8.66 118.75 27.22
motorbike 0.515066 129.46 109.40 216.21 202.27
motorbike 0.515049 150.92 11.72 170.89 30.58
motorbike 0.515041 15.54 61.22 48.20 90.68
diningtable 0.515040 98.05 192.82 140.71 224.00
motorbike 0.515005 7.94 65.33 44.63 97.34
motorbike 0.515001 21.94 78.21 51.81 111.05
car 0.514918 35.88 169.34 62.64 208.84
sheep 0.514904 64.05 23.65 79.07 38.28
diningtable 0.514775 106.86 198.19 147.63 224.00
diningtable 0.514755 184.09 152.53 201.25 190.96
motorbike 0.514748 190.40 126.87 211.34 175.33
dog 0.514656 123.14 7.38 143.16 25.04
dog 0.514578 95.44 38.75 115.32 83.58
motorbike 0.514483 110.21 149.52 158.47 210.46
dog 0.514434 98.16 28.42 111.02 60.17
diningtable 0.514370 121.24 185.83 156.08 224.00
motorbike 0.514323 162.37 176.54 179.90 208.50
diningtable 0.514269 187.01 188.83 201.24 206.06
person 0.514213 209.01 12.16 221.30 37.31
diningtable 0.514107 195.87 199.33 213.89 220.48
motorbike 0.514096 32.55 21.56 87.48 97.92
dog 0.514010 133.11 17.45 152.94 44.72
dog 0.513966 62.24 45.33 83.92 72.56
dog 0.513937 98.72 23.42 110.89 46.14
motorbike 0.513902 62.66 0.00 131.45 75.85
motorbike 0.513898 18.51 68.73 48.87 98.86
dog 0.513823 74.35 30.65 86.85 43.74
diningtable 0.513632 186.54 171.82 201.01 199.41
person 0.513629 178.35 0.00 201.88 16.09
person 0.513613 145.02 21.10 168.06 46.52
motorbike 0.513478 197.80 3.19 211.51 20.00
person 0.513326 62.92 55.33 90.62 90.74
motorbike 0.513287 151.77 172.37 171.30 210.53
diningtable 0.513278 197.61 187.86 210.81 205.42
person 0.513250 152.69 0.00 175.26 17.18
motorbike 0.513245 48.56 26.29 110.77 109.13
diningtable 0.513147 112.39 165.65 154.17 214.44
person 0.513120 187.98 5.58 205.56 24.67
person 0.513116 186.68 0.00 208.30 14.31
diningtable 0.513046 153.78 193.88 173.15 220.26
person 0.513045 207.75 2.16 219.41 22.70
dog 0.513003 73.34 36.35 88.45 54.15
sheep 0.512946 52.17 6.33 73.22 25.43
sheep 0.512943 44.64 0.00 74.01 14.75
dog 0.512925 87.98 27.89 98.09 42.02
motorbike 0.512913 42.18 49.10 102.54 132.94
diningtable 0.512892 124.47 205.04 159.49 224.00
diningtable 0.512877 140.46 190.49 164.09 224.00
dog 0.512868 74.91 22.79 86.43 35.63
car 0.512732 32.21 137.26 65.97 192.70
dog 0.512675 134.36 8.36 152.01 23.91
person 0.512672 86.32 55.32 124.94 109.89
car 0.512664 18.95 0.00 82.94 53.86
motorbike 0.512605 144.08 9.87 162.31 26.19
diningtable 0.512485 182.73 210.93 210.04 224.00
dog 0.512458 99.14 19.48 111.64 36.04
motorbike 0.512347 193.58 140.15 211.48 181.07
diningtable 0.512331 135.52 170.01 162.13 214.40
diningtable 0.512305 197.17 157.26 211.00 189.36
sheep 0.512274 63.99 4.01 82.17 26.32
dog 0.512213 86.95 33.16 99.59 55.10
diningtable 0.512128 198.12 174.23 210.65 197.68
diningtable 0.511972 190.21 211.53 217.92 224.00
motorbike 0.511845 29.94 0.00 99.30 62.91
dog 0.511709 88.85 22.02 98.41 33.39
diningtable 0.511586 200.18 208.20 223.04 224.00
motorbike 0.511574 208.56 130.54 224.00 178.05
diningtable 0.511422 137.89 206.76 167.06 224.00
diningtable 0.511413 159.12 208.00 184.80 224.00
dog 0.511307 84.85 42.81 105.61 78.82
dog 0.511131 71.97 45.66 93.86 75.29
motorbike 0.511060 146.11 0.00 167.34 14.53
dog 0.510855 103.57 0.00 127.60 12.59
diningtable 0.510695 208.88 194.55 223.71 222.08
dog 0.510627 111.13 0.00 136.79 12.35
person 0.510568 69.72 57.28 101.63 97.15
dog 0.510536 96.76 8.22 111.79 26.07
diningtable 0.510532 147.89 208.10 176.43 224.00
sheep 0.510468 74.80 3.32 88.79 25.18
person 0.510456 78.43 57.12 115.60 104.09
sheep 0.510282 51.22 0.00 81.90 13.48
dog 0.509906 120.68 0.00 145.56 12.35
dog 0.509759 86.93 6.21 99.45 24.15
motorbike 0.509514 211.48 144.10 224.00 185.85
sheep 0.509427 62.03 0.00 89.52 13.46
diningtable 0.509382 212.00 183.62 224.00 208.36
dog 0.509353 97.04 0.00 119.17 13.17
dog 0.509338 139.09 0.00 160.18 12.20
diningtable 0.508951 212.00 158.51 224.00 193.93
dog 0.508942 130.62 0.00 153.22 12.00
diningtable 0.508748 212.00 172.24 224.00 201.40
sheep 0.508298 71.66 0.00 93.94 12.71
dog 0.507604 90.39 0.00 111.51 12.82
sheep 0.507159 80.99 0.00 101.45 12.00
