sofa 0.661266 12.95 72.20 223.65 197.73
cat 0.645454 0.00 61.66 220.98 199.24
sofa 0.585246 74.16 63.89 184.56 157.12
sofa 0.575147 108.31 71.11 206.78 166.11
sofa 0.569362 32.93 106.67 220.82 217.02
sofa 0.561301 69.32 86.05 176.39 172.69
dog 0.560355 96.66 126.81 192.20 205.69
sofa 0.557517 26.71 55.55 190.26 167.07
dog 0.556737 68.47 100.55 161.31 179.29
sofa 0.556646 85.90 99.01 193.00 181.26
sofa 0.556629 125.28 88.06 215.44 178.47
sofa 0.556311 93.12 119.58 193.28 199.64
sofa 0.553707 80.47 62.72 212.67 182.59
dog 0.550031 78.91 115.45 178.06 196.48
sofa 0.548367 102.67 74.47 183.39 149.18
dog 0.546924 55.98 91.37 151.19 160.44
dog 0.546778 77.20 128.24 153.63 203.32
cat 0.545866 23.01 74.97 171.66 188.11
sofa 0.545804 85.32 53.68 174.17 126.58
tvmonitor 0.543049 142.44 78.44 210.78 168.22
dog 0.542017 82.87 149.59 145.27 215.51
dog 0.541116 109.93 154.97 190.00 221.87
dog 0.540442 51.47 106.84 128.11 158.61
cat 0.540275 0.00 50.36 39.62 191.94
pottedplant 0.539750 0.00 47.20 32.88 188.17
sofa 0.539110 96.68 41.40 181.54 109.86
sofa 0.538748 148.09 68.44 223.79 182.45
dog 0.538597 57.49 112.78 143.00 169.08
sheep 0.538527 55.81 130.60 102.13 160.60
dog 0.538054 89.54 145.16 172.15 213.61
cat 0.537643 15.36 63.75 126.41 197.49
dog 0.537600 49.80 123.74 116.51 162.45
cat 0.537289 99.29 22.16 180.54 84.88
tvmonitor 0.537137 98.52 26.70 177.33 92.66
pottedplant 0.536763 0.00 50.29 87.36 201.39
sheep 0.536387 54.98 114.71 111.15 154.44
bird 0.534799 13.30 213.09 42.32 224.00
bird 0.534572 20.37 212.98 50.40 224.00
dog 0.534388 72.56 84.19 157.96 149.15
sheep 0.534249 50.35 212.76 85.14 224.00
sheep 0.534119 57.01 137.78 96.14 164.96
tvmonitor 0.533978 195.23 91.88 224.00 153.07
sheep 0.533707 86.35 210.23 130.75 224.00
cat 0.533570 0.00 185.87 36.24 224.00
cat 0.533486 78.77 18.82 154.05 76.43
bird 0.532882 28.20 212.96 60.93 224.00
bird 0.532049 7.84 211.06 34.44 224.00
bird 0.532008 0.00 188.63 77.85 224.00
tvmonitor 0.531527 0.00 0.00 42.26 38.98
sofa 0.531401 0.00 0.00 201.06 197.45
sheep 0.531344 36.04 212.92 73.90 224.00
sofa 0.531225 71.28 141.88 206.21 224.00
cat 0.531121 214.81 167.34 224.00 205.94
dog 0.531034 118.28 208.23 172.18 224.00
cat 0.531022 169.99 0.00 224.00 63.34
sheep 0.531019 74.21 211.43 119.81 224.00
tvmonitor 0.531019 212.02 200.93 224.00 224.00
sheep 0.530965 63.80 212.22 104.28 224.00
pottedplant 0.530952 0.00 48.16 59.70 182.99
sheep 0.530877 86.09 174.92 133.98 224.00
bird 0.530855 0.00 202.65 19.33 224.00
dog 0.530778 83.80 31.36 172.11 97.94
cat 0.530690 0.00 0.00 23.21 22.13
sofa 0.530379 140.42 104.78 208.18 187.51
dog 0.530268 88.16 209.89 136.52 224.00
cat 0.530228 31.30 46.25 188.02 159.25
sofa 0.530114 81.08 55.18 149.71 112.21
sheep 0.529957 57.16 144.07 91.37 171.14
cat 0.529560 0.00 0.00 191.74 189.11
bird 0.529436 1.97 207.06 29.06 224.00
dog 0.529413 119.10 177.02 191.57 224.00
tvmonitor 0.529106 169.26 86.58 216.68 157.68
tvmonitor 0.529100 0.00 0.00 63.55 32.76
cat 0.528997 23.88 133.62 182.03 224.00
bottle 0.528956 145.09 199.02 208.11 224.00
sofa 0.528591 75.51 74.31 156.72 139.88
cat 0.528244 0.00 35.83 30.35 160.07
sheep 0.528172 57.25 164.33 82.27 190.29
tvmonitor 0.528061 206.50 102.30 224.00 162.38
dog 0.528050 120.40 112.73 204.71 199.31
dog 0.528005 124.11 200.33 189.56 224.00
tvmonitor 0.527957 139.49 196.46 207.00 224.00
chair 0.527793 94.76 152.15 210.04 224.00
sheep 0.527781 56.90 153.32 85.42 180.84
cat 0.527608 145.29 176.15 201.80 217.74
cat 0.527589 8.71 0.00 81.45 34.57
cat 0.527549 174.16 0.00 212.58 30.77
sheep 0.527393 57.39 174.58 81.23 198.36
sheep 0.527389 57.92 99.69 111.41 143.38
bottle 0.527173 174.46 203.69 216.01 224.00
sheep 0.527131 4.95 184.00 104.84 224.00
cat 0.527102 110.04 12.69 175.40 71.47
sofa 0.526883 165.21 18.03 224.00 151.13
cat 0.526782 142.30 131.01 202.43 209.46
sheep 0.526741 25.97 151.22 161.35 224.00
tvmonitor 0.526650 213.14 41.30 224.00 88.52
sheep 0.526580 8.22 155.71 26.60 175.89
sheep 0.526546 17.62 169.66 136.11 224.00
chair 0.526407 157.76 161.20 224.00 224.00
tvmonitor 0.526376 214.41 149.56 224.00 199.60
tvmonitor 0.526342 210.95 110.03 224.00 170.52
sheep 0.526338 0.00 145.36 21.63 172.71
sheep 0.526299 0.00 127.90 21.70 159.64
bottle 0.526245 0.00 62.11 9.68 97.22
cat 0.526181 205.62 0.00 224.00 41.66
tvmonitor 0.526150 211.87 27.12 224.00 72.15
cat 0.526015 79.36 31.53 141.01 72.02
tvmonitor 0.526004 163.76 44.60 205.54 99.35
sheep 0.526003 0.00 124.27 11.72 163.58
sheep 0.525952 115.40 3.00 173.71 58.70
bottle 0.525761 199.40 203.81 224.00 224.00
sheep 0.525735 0.45 152.51 21.38 179.67
tvmonitor 0.525715 214.78 121.61 224.00 180.62
bottle 0.525692 0.00 42.54 62.24 169.42
sheep 0.525553 10.21 195.73 28.76 217.28
sheep 0.525512 0.00 141.30 12.45 176.71
cat 0.525473 60.28 0.00 92.36 19.03
sheep 0.525380 8.83 187.91 27.85 210.12
sheep 0.525287 56.40 183.10 80.75 206.16
cat 0.525070 34.79 0.00 114.11 36.02
dog 0.524997 63.72 65.60 86.73 89.70
bottle 0.524954 0.04 67.79 21.69 91.90
tvmonitor 0.524800 207.46 9.38 224.00 56.31
sheep 0.524786 6.58 82.15 147.68 191.67
sheep 0.524663 63.72 71.72 89.07 99.45
sheep 0.524587 54.13 193.60 79.59 218.36
sheep 0.524547 8.75 162.21 26.94 183.61
dog 0.524377 73.50 152.56 137.72 200.19
tvmonitor 0.524288 215.37 178.09 224.00 215.10
sheep 0.524162 73.38 37.90 131.38 70.42
dog 0.524062 81.47 47.49 145.19 98.68
cat 0.524027 111.44 0.95 170.13 58.21
cat 0.524018 69.56 0.00 103.31 18.83
sheep 0.524003 0.00 182.05 14.43 215.94
sofa 0.523960 132.59 79.10 209.98 142.58
dog 0.523808 66.85 126.55 138.38 180.53
bird 0.523776 0.00 190.35 15.16 222.45
cat 0.523664 4.43 0.00 39.99 19.21
bottle 0.523618 132.85 180.96 205.65 221.06
sofa 0.523611 155.48 109.71 224.00 203.55
bottle 0.523591 0.00 74.01 21.72 100.63
sofa 0.523590 166.55 0.00 224.00 91.94
sheep 0.523473 6.98 148.19 26.09 168.62
sheep 0.523455 2.68 186.09 22.29 212.16
sheep 0.523441 74.85 161.70 135.82 205.32
sofa 0.523354 114.34 64.20 179.96 135.45
dog 0.523329 75.60 60.59 136.76 102.47
cat 0.523265 73.52 30.13 132.09 62.63
sheep 0.523247 8.25 179.60 27.17 202.92
sheep 0.523190 3.77 193.94 23.24 218.70
sheep 0.523115 8.13 170.05 27.26 193.56
bottle 0.523081 0.00 60.70 21.95 84.21
sheep 0.522996 15.58 195.93 35.76 217.31
cat 0.522943 17.39 0.00 55.14 18.77
sheep 0.522929 60.00 91.97 104.13 132.01
cat 0.522913 121.41 0.00 164.53 18.62
bottle 0.522902 0.00 75.58 9.44 114.89
sheep 0.522830 63.60 59.03 87.55 82.80
sheep 0.522779 62.08 80.89 94.68 115.81
sheep 0.522740 0.00 93.85 20.97 128.10
sheep 0.522684 0.00 173.35 12.96 209.34
sheep 0.522681 117.46 0.00 171.54 39.04
cat 0.522652 46.87 0.00 79.02 20.16
sheep 0.522535 60.89 67.33 80.03 89.75
tvmonitor 0.522483 100.89 12.41 172.89 75.70
tvmonitor 0.522436 202.47 75.23 224.00 128.20
sofa 0.522396 61.94 0.00 224.00 182.33
dog 0.522217 92.31 174.22 156.82 224.00
dog 0.522187 74.56 67.83 140.57 115.70
dog 0.522093 68.46 63.96 105.81 93.07
sheep 0.522042 1.96 177.64 21.30 205.95
sheep 0.521977 14.34 207.77 38.98 224.00
cat 0.521957 77.83 0.00 112.29 18.71
bottle 0.521953 0.00 17.64 30.25 139.54
bottle 0.521946 0.00 85.95 21.14 118.21
cat 0.521933 137.91 0.00 218.91 58.43
sheep 0.521928 67.64 39.59 115.20 68.76
sheep 0.521906 84.13 199.51 131.73 224.00
bird 0.521904 0.00 90.29 9.77 131.50
cat 0.521893 62.63 0.00 150.59 40.02
sheep 0.521870 1.68 159.08 21.53 187.02
sheep 0.521824 0.00 102.10 20.74 137.83
cat 0.521797 150.71 149.97 204.35 215.11
dog 0.521796 61.59 93.26 120.46 137.42
chair 0.521792 91.05 0.00 128.32 16.45
dog 0.521681 132.97 172.06 203.75 219.91
bird 0.521648 0.00 165.54 31.30 224.00
cat 0.521631 85.62 0.00 121.56 17.38
cat 0.521595 0.00 102.23 44.65 205.68
sheep 0.521531 0.00 163.60 12.47 200.46
tvmonitor 0.521455 208.58 61.65 224.00 113.14
sheep 0.521444 1.36 167.45 21.27 196.59
bottle 0.521411 115.41 0.00 168.45 38.36
sheep 0.521114 25.44 156.43 44.37 175.80
bottle 0.521060 0.00 36.76 21.30 59.22
dog 0.521059 80.53 38.29 142.70 83.56
cat 0.521047 44.25 28.73 171.99 130.70
sheep 0.521047 27.38 78.92 42.17 94.32
tvmonitor 0.521028 215.17 187.93 224.00 224.00
sheep 0.521005 0.00 111.26 20.61 147.02
tvmonitor 0.520985 179.90 177.86 210.91 208.75
bottle 0.520984 11.23 76.77 27.32 95.64
cat 0.520955 165.93 0.00 206.15 20.37
bottle 0.520917 0.00 79.59 21.42 109.32
cat 0.520897 36.30 0.00 71.61 19.58
sheep 0.520877 28.14 85.24 42.10 102.11
tvmonitor 0.520862 154.53 101.81 209.12 176.02
sheep 0.520835 20.38 78.74 34.20 93.93
bird 0.520823 0.00 107.50 10.36 149.24
bottle 0.520790 0.00 0.00 32.04 98.49
sheep 0.520761 18.93 121.36 178.31 221.56
sheep 0.520693 63.02 50.13 90.96 75.04
cat 0.520682 13.95 43.91 114.56 162.26
sofa 0.520668 47.66 31.32 179.33 131.84
tvmonitor 0.520665 104.18 0.00 194.89 57.38
sheep 0.520650 37.73 153.27 59.05 174.35
dog 0.520603 70.67 79.12 143.06 132.18
dog 0.520601 113.94 0.00 161.35 18.29
dog 0.520536 127.00 141.43 198.04 215.53
sheep 0.520532 15.69 157.37 33.11 175.40
sheep 0.520517 13.51 187.86 34.33 209.66
sofa 0.520515 119.75 25.24 213.02 151.00
bottle 0.520480 0.83 43.77 22.25 66.97
bottle 0.520443 0.20 52.39 22.37 76.26
sheep 0.520419 60.40 61.33 79.32 82.59
dog 0.520394 74.97 53.05 133.32 91.84
sheep 0.520354 35.16 78.00 49.98 94.03
sheep 0.520337 35.33 84.80 50.01 102.10
sheep 0.520296 54.72 206.61 86.82 224.00
tvmonitor 0.520296 149.11 51.52 202.63 112.06
bottle 0.520292 0.00 47.36 8.76 81.20
dog 0.520279 103.95 0.00 149.03 16.30
sheep 0.520205 53.56 134.96 108.42 172.57
sheep 0.520182 0.00 130.61 34.20 223.80
sheep 0.520083 37.50 148.66 58.02 168.59
dog 0.520052 68.11 71.04 107.77 104.25
cat 0.519978 181.85 8.36 209.99 42.32
tvmonitor 0.519966 150.67 62.31 208.06 128.23
sheep 0.519906 36.25 99.61 50.23 118.06
bottle 0.519887 10.74 71.10 27.17 88.22
sheep 0.519863 11.34 82.01 27.10 103.56
sheep 0.519815 60.24 170.60 102.70 199.15
sheep 0.519795 62.16 41.25 95.39 66.77
dog 0.519741 68.30 56.13 106.94 85.37
sheep 0.519699 4.87 139.54 25.38 161.60
sheep 0.519698 21.18 84.26 33.93 101.48
tvmonitor 0.519684 200.04 176.52 218.31 206.00
sheep 0.519673 25.33 150.85 44.70 169.22
sheep 0.519663 35.72 92.21 49.93 110.11
cat 0.519611 157.31 0.00 198.11 17.00
sheep 0.519527 89.58 0.00 129.62 23.01
sofa 0.519521 128.14 42.39 190.58 104.84
sheep 0.519496 8.78 97.11 26.92 121.25
sheep 0.519472 44.11 207.75 76.46 224.00
sheep 0.519440 61.58 33.78 99.06 60.52
sheep 0.519404 19.87 207.33 47.03 224.00
cat 0.519304 140.69 0.00 180.79 17.18
cat 0.519257 82.65 22.21 138.44 56.96
sheep 0.519244 58.58 161.28 103.46 193.09
sheep 0.519227 68.58 47.76 110.69 77.15
bottle 0.519206 0.00 38.97 8.36 71.54
sheep 0.519141 36.87 106.94 50.61 126.26
sheep 0.519130 10.47 88.72 27.02 112.11
sheep 0.519120 29.06 91.95 41.86 109.58
sheep 0.519016 27.44 72.73 41.66 85.98
sheep 0.519003 14.47 163.83 33.29 183.81
sheep 0.518974 58.88 52.84 78.81 74.36
dog 0.518942 74.62 45.09 131.87 80.33
sheep 0.518855 29.35 99.36 41.90 117.37
tvmonitor 0.518844 171.16 159.10 210.45 205.09
sheep 0.518795 35.05 71.84 49.18 85.59
bottle 0.518706 0.00 28.85 20.08 51.58
sheep 0.518705 91.68 6.56 130.61 34.65
bottle 0.518665 0.00 30.88 7.91 62.84
chair 0.518614 123.28 137.36 213.82 213.28
bottle 0.518563 20.22 72.72 33.96 85.85
sheep 0.518473 88.28 16.69 135.94 50.68
cat 0.518440 44.68 0.00 143.04 75.47
tvmonitor 0.518373 144.51 120.40 206.62 200.38
tvmonitor 0.518295 177.13 11.12 209.87 51.76
tvmonitor 0.518283 155.17 175.88 206.30 213.56
dog 0.518278 64.96 81.87 112.47 122.18
tvmonitor 0.518109 167.18 41.24 209.67 84.50
sofa 0.518011 140.16 65.52 204.57 129.71
sheep 0.518000 20.93 196.46 43.25 219.76
sheep 0.517900 21.52 90.76 33.68 109.22
sheep 0.517860 29.27 107.13 41.86 125.42
sheep 0.517787 57.81 44.29 79.61 65.89
sheep 0.517732 22.81 162.06 43.48 184.62
tvmonitor 0.517668 0.00 0.00 71.97 104.48
tvmonitor 0.517661 0.00 0.00 70.43 50.50
sheep 0.517657 37.63 114.46 50.89 134.11
sheep 0.517644 20.90 98.59 33.52 117.13
tvmonitor 0.517641 164.44 142.88 209.68 201.94
sheep 0.517641 60.86 178.06 102.14 205.71
sheep 0.517614 5.94 105.60 26.31 130.80
sheep 0.517608 52.66 46.62 69.36 63.79
sheep 0.517564 50.45 144.74 80.33 164.92
sheep 0.517501 36.18 157.81 58.36 181.75
sheep 0.517476 45.03 75.97 58.75 93.04
sofa 0.517463 83.88 17.17 194.27 119.99
tvmonitor 0.517388 150.91 153.45 206.35 210.81
sheep 0.517340 55.46 146.61 105.06 184.38
sheep 0.517327 12.51 171.32 33.39 193.91
sheep 0.517251 27.04 208.16 57.84 224.00
dog 0.517132 107.90 197.78 167.91 224.00
sheep 0.517088 15.09 150.32 32.47 168.14
sheep 0.517050 46.00 100.32 65.78 120.34
tvmonitor 0.517043 128.38 36.73 191.41 99.91
tvmonitor 0.517029 178.03 23.01 209.10 63.11
sheep 0.517009 12.22 179.92 33.36 202.71
sheep 0.517005 44.98 83.13 60.04 101.92
sheep 0.516976 44.98 92.14 62.06 111.28
tvmonitor 0.516949 85.47 0.00 193.70 85.98
bottle 0.516947 0.00 22.95 7.59 54.88
bottle 0.516946 28.26 65.57 40.74 76.85
sheep 0.516945 35.39 65.04 48.17 76.32
sheep 0.516929 44.84 70.26 57.98 84.47
bottle 0.516877 11.01 63.77 26.97 79.78
bottle 0.516801 101.80 6.66 170.06 66.38
sheep 0.516774 38.42 122.16 51.83 142.09
tvmonitor 0.516675 182.30 105.35 214.88 171.58
sheep 0.516663 57.06 37.32 81.97 59.21
sheep 0.516654 37.80 140.69 56.15 161.12
cat 0.516578 186.71 0.00 220.48 29.38
tvmonitor 0.516563 194.51 162.50 216.39 201.59
sheep 0.516518 53.78 54.92 71.49 71.40
sheep 0.516445 52.35 40.02 69.57 57.44
sheep 0.516437 93.58 5.81 155.49 49.59
bottle 0.516403 0.00 12.36 7.73 45.77
sheep 0.516396 55.24 62.71 74.87 79.11
sheep 0.516352 0.00 115.59 106.54 209.86
sofa 0.516302 97.09 0.00 201.86 84.30
sofa 0.516290 62.49 0.00 175.46 83.55
sheep 0.516289 19.29 106.87 33.20 125.81
tvmonitor 0.516216 174.25 34.26 208.88 75.23
sheep 0.516214 61.37 205.19 101.96 224.00
sheep 0.516134 98.32 0.00 155.12 30.97
cat 0.516125 37.46 15.59 146.83 113.52
sheep 0.516100 0.00 159.34 91.12 224.00
sheep 0.516075 47.16 107.98 69.74 128.89
bottle 0.516040 0.00 14.74 19.16 40.04
sheep 0.516001 18.57 188.06 41.78 211.28
cat 0.515955 21.31 3.68 110.19 103.88
bottle 0.515898 0.00 0.00 11.00 33.57
bottle 0.515855 155.46 182.51 207.31 216.63
tvmonitor 0.515846 168.61 75.79 216.61 133.15
bottle 0.515786 21.26 65.34 33.45 76.88
sheep 0.515615 29.28 197.05 54.24 221.82
tvmonitor 0.515596 132.62 21.98 188.75 79.87
sheep 0.515575 38.73 130.94 53.98 151.67
sheep 0.515558 61.76 188.35 101.00 217.63
sheep 0.515540 48.23 115.89 73.78 136.82
sheep 0.515492 24.22 142.88 44.42 162.42
sheep 0.515485 45.20 63.66 57.42 75.81
sheep 0.515484 44.53 48.62 56.58 60.69
cat 0.515457 178.05 12.22 208.17 55.84
sheep 0.515450 56.21 73.73 84.20 95.17
bottle 0.515406 28.43 41.61 41.08 54.13
sheep 0.515361 49.65 123.10 77.46 144.12
bottle 0.515332 29.71 48.97 40.75 60.83
tvmonitor 0.515279 163.47 23.52 200.27 74.56
sheep 0.515271 27.77 115.23 41.27 134.65
sheep 0.515213 35.83 57.20 47.46 67.28
tvmonitor 0.515203 158.61 34.19 201.17 89.15
bottle 0.515180 29.05 57.21 40.35 68.08
sheep 0.515163 32.82 166.34 56.77 191.87
sheep 0.515116 91.74 199.11 151.06 224.00
bottle 0.515107 35.97 49.28 47.30 60.02
sheep 0.515103 50.67 138.00 80.82 158.64
cat 0.514994 10.32 0.00 91.21 54.69
sheep 0.514948 2.76 114.88 25.09 141.27
sheep 0.514895 0.57 124.02 24.46 150.10
bottle 0.514868 12.36 40.68 27.00 55.75
cat 0.514864 71.37 24.36 121.26 51.49
sheep 0.514782 44.94 56.25 56.89 67.58
cat 0.514723 23.87 0.00 113.19 64.16
tvmonitor 0.514723 190.73 148.80 214.09 198.85
sheep 0.514698 19.07 170.13 42.35 195.27
bottle 0.514659 22.29 42.07 33.90 54.22
tvmonitor 0.514648 202.35 191.35 219.34 224.00
cat 0.514627 140.87 13.11 189.75 66.38
sheep 0.514574 44.31 42.06 57.95 54.74
cat 0.514555 64.18 25.74 99.86 51.41
bottle 0.514417 35.02 42.21 47.59 53.45
sheep 0.514297 29.20 187.99 54.03 210.80
sheep 0.514296 41.04 195.08 70.05 220.37
bottle 0.514035 12.86 47.86 27.46 62.95
sheep 0.514009 50.71 130.41 79.74 151.68
bottle 0.513971 12.19 55.58 27.45 70.86
bottle 0.513936 23.18 49.36 33.88 61.02
cat 0.513857 167.77 11.56 203.27 58.88
bottle 0.513833 176.48 193.23 212.27 224.00
sheep 0.513829 51.10 154.02 78.92 177.70
tvmonitor 0.513738 173.12 48.65 215.66 99.72
tvmonitor 0.513735 184.50 30.12 214.76 70.21
bottle 0.513663 22.56 57.15 33.63 68.25
sheep 0.513641 17.16 179.81 41.12 204.74
bottle 0.513638 11.65 32.19 26.24 47.63
sheep 0.513600 58.95 27.74 81.94 50.72
bottle 0.513550 20.96 33.58 34.06 46.70
sheep 0.513508 55.99 91.97 98.50 120.28
sheep 0.513508 56.19 81.46 91.37 106.71
tvmonitor 0.513435 186.44 20.46 214.83 60.22
sheep 0.513391 24.78 123.78 41.04 143.72
tvmonitor 0.513375 187.07 131.59 213.38 194.40
sheep 0.513375 23.71 133.25 42.61 153.27
bottle 0.513351 26.83 33.28 41.85 46.72
sheep 0.513311 80.18 0.00 115.45 20.57
bottle 0.513111 0.00 0.00 30.44 19.38
tvmonitor 0.513007 170.82 61.85 215.21 116.22
sheep 0.513002 30.05 177.83 54.48 202.08
sheep 0.512940 54.25 30.40 69.74 49.38
sheep 0.512853 12.90 142.42 31.64 161.46
sheep 0.512626 49.88 163.07 77.82 187.23
sheep 0.512602 44.68 184.13 72.11 206.05
bottle 0.512507 20.56 18.80 34.03 34.93
bottle 0.512484 131.86 0.00 177.41 27.97
bottle 0.512396 26.37 19.22 41.85 35.88
sheep 0.512379 15.28 116.14 31.92 136.83
bottle 0.512222 12.69 16.87 25.72 35.18
cat 0.511879 126.40 0.00 172.38 45.92
sheep 0.511771 48.01 174.07 75.39 196.50
cat 0.511756 153.40 5.50 192.97 52.44
bottle 0.511665 34.00 33.47 48.15 46.38
sheep 0.511650 84.30 16.12 127.88 36.66
cat 0.511565 66.67 2.27 85.61 20.24
bottle 0.511198 0.33 0.00 22.64 25.70
sheep 0.511021 45.19 32.61 59.08 47.03
cat 0.510976 161.55 0.00 197.53 37.13
cat 0.510873 67.71 15.87 93.28 32.19
sheep 0.510757 86.03 6.04 120.45 24.97
sheep 0.510647 9.99 134.41 30.72 154.96
cat 0.510409 76.74 4.95 107.59 21.83
sheep 0.510294 10.55 125.84 30.57 147.46
cat 0.510236 76.45 16.39 116.01 33.48
sheep 0.509909 63.35 14.69 77.63 31.68
cat 0.509396 23.13 0.00 42.56 22.00
bottle 0.509326 35.32 18.62 47.97 34.51
cat 0.509218 62.25 0.00 73.27 20.00
cat 0.508891 51.81 0.00 75.23 15.90
sheep 0.508634 59.52 15.56 68.25 31.48
bottle 0.508389 17.50 0.00 34.52 20.35
bottle 0.508278 12.29 0.00 27.41 21.05
sheep 0.508124 49.63 17.20 58.72 32.33
cat 0.507028 31.52 0.00 49.16 20.00
cat 0.506555 60.00 0.00 68.33 20.00
cat 0.505466 47.75 0.00 60.32 20.00
