dog 0.643900 14.56 51.55 224.00 210.06
person 0.622010 41.41 60.94 224.00 217.79
dog 0.583616 90.24 136.23 174.22 194.66
dog 0.576671 19.98 27.60 189.77 182.32
dog 0.568180 84.89 71.31 217.53 217.86
dog 0.558641 86.93 141.10 154.78 185.03
dog 0.556533 26.41 90.29 191.39 219.30
chair 0.553924 154.70 70.67 210.97 154.49
dog 0.551995 157.91 72.54 210.25 154.07
dog 0.551249 80.68 144.36 133.11 184.89
person 0.550447 130.50 70.31 220.12 221.92
dog 0.547898 175.61 132.34 220.34 216.04
sheep 0.546023 90.70 149.91 164.05 219.46
dog 0.545608 74.96 143.39 117.22 182.75
sheep 0.543284 72.62 138.47 140.46 190.56
dog 0.542362 41.90 57.48 82.21 112.67
person 0.542127 157.87 44.49 224.00 190.83
dog 0.541562 0.00 78.95 25.75 194.69
sheep 0.541445 96.73 174.06 148.69 224.00
dog 0.540434 46.84 93.02 73.80 137.70
sheep 0.540394 65.74 156.20 139.43 222.21
dog 0.540077 71.07 141.79 105.72 179.32
dog 0.539951 25.06 59.14 162.11 200.07
dog 0.539003 162.19 128.81 218.03 195.35
sheep 0.538993 70.87 143.33 109.97 183.51
dog 0.538748 54.18 97.89 79.39 136.34
bottle 0.538580 0.00 209.75 29.39 224.00
bird 0.538310 94.20 175.35 153.64 224.00
sofa 0.537996 161.14 70.38 212.18 153.39
dog 0.537853 89.89 144.78 167.43 216.16
chair 0.537593 145.56 79.07 195.09 149.21
dog 0.536806 46.03 71.52 75.90 127.06
sheep 0.536746 77.79 138.15 156.71 207.24
dog 0.536740 144.82 84.30 190.94 151.60
bottle 0.536452 0.00 206.25 19.47 224.00
dog 0.536340 104.04 121.75 158.20 179.09
dog 0.536299 152.74 0.00 224.00 90.91
dog 0.536183 0.00 48.73 24.94 164.57
sheep 0.536087 62.76 146.52 122.99 209.94
sheep 0.535032 65.72 139.96 91.54 175.94
dog 0.534852 85.42 90.59 121.04 135.27
sofa 0.534719 216.23 72.91 224.00 141.06
dog 0.534691 0.00 72.60 71.19 196.00
dog 0.534672 157.73 97.85 200.54 159.04
dog 0.534487 91.65 99.46 123.89 141.59
bird 0.534407 100.90 202.56 147.52 224.00
dog 0.534202 162.05 107.98 212.09 172.88
sheep 0.534002 54.57 161.60 103.84 221.31
dog 0.533810 131.83 143.92 199.17 216.60
dog 0.533795 60.74 101.49 85.30 135.15
cat 0.533709 51.87 169.66 91.48 220.53
dog 0.533376 48.92 68.09 104.40 112.30
dog 0.533327 0.00 25.23 30.16 125.11
dog 0.533211 201.74 137.83 224.00 208.72
dog 0.532992 110.40 159.18 182.61 220.22
dog 0.532879 43.59 36.60 87.09 93.02
dog 0.532829 65.35 134.87 89.88 172.94
bottle 0.532700 50.77 170.18 89.16 219.89
person 0.532648 0.00 168.57 35.61 224.00
dog 0.532551 85.71 109.94 114.23 144.46
train 0.532324 153.40 0.00 224.00 81.84
dog 0.532229 0.00 94.69 12.16 139.09
dog 0.532115 96.45 110.90 128.12 149.85
bird 0.532029 86.34 205.99 140.27 224.00
dog 0.532026 63.96 127.79 86.81 166.56
dog 0.531806 57.75 133.05 79.35 168.49
bird 0.531806 98.12 190.63 145.74 224.00
dog 0.531785 170.64 12.25 222.56 63.23
dog 0.531630 73.60 95.29 106.43 130.17
bird 0.531534 72.30 174.29 133.21 224.00
dog 0.531473 208.96 203.32 224.00 224.00
dog 0.531415 1.99 33.20 93.05 144.25
bird 0.531408 51.31 168.52 98.86 222.94
dog 0.531350 40.87 79.02 70.59 132.36
person 0.531131 164.51 0.00 224.00 144.56
dog 0.531033 78.91 86.12 114.01 127.13
dog 0.530962 106.98 114.69 149.31 160.50
bird 0.530943 73.98 207.79 126.62 224.00
dog 0.530893 68.96 79.34 107.85 118.49
dog 0.530839 55.39 58.23 111.03 106.37
dog 0.530832 173.81 6.71 217.16 24.26
dog 0.530565 62.91 115.97 85.04 154.21
dog 0.530263 0.00 8.76 14.09 44.15
dog 0.530074 55.90 78.64 100.52 119.90
dog 0.529895 56.14 113.28 77.90 152.43
dog 0.529831 155.45 151.20 215.62 216.28
dog 0.529705 32.03 159.39 76.80 222.75
dog 0.529694 101.75 201.40 152.01 224.00
dog 0.529683 49.66 130.26 72.20 166.56
bird 0.529536 60.99 207.22 111.99 224.00
dog 0.529533 65.67 96.45 95.48 129.63
dog 0.529441 0.00 32.13 12.42 85.50
dog 0.529356 118.92 207.63 173.48 224.00
bird 0.529337 47.37 203.23 97.25 224.00
dog 0.529251 48.61 110.33 71.98 151.42
dog 0.529237 40.79 100.22 67.73 142.74
dog 0.529218 128.68 100.19 224.00 218.71
dog 0.529180 41.95 47.78 105.79 98.19
dog 0.529139 98.48 121.15 132.14 163.42
dog 0.529105 132.25 209.56 180.67 224.00
dog 0.529086 86.84 119.91 114.48 158.81
chair 0.528928 155.05 73.91 195.44 128.55
bottle 0.528898 35.44 165.99 80.91 223.23
dog 0.528896 144.50 103.58 186.37 159.86
aeroplane 0.528872 195.51 0.00 224.00 23.96
dog 0.528817 0.00 121.20 25.50 224.00
dog 0.528754 136.90 83.99 175.14 146.90
dog 0.528537 50.19 9.99 192.29 143.48
bottle 0.528404 47.73 202.33 95.21 224.00
dog 0.528343 53.45 85.14 84.93 127.07
dog 0.528287 0.00 35.15 20.03 82.83
dog 0.528252 130.18 101.53 167.42 156.97
dog 0.528199 68.55 118.47 92.06 156.70
dog 0.528141 11.59 19.02 28.63 41.24
dog 0.528132 75.33 110.73 102.99 143.08
dog 0.528103 104.92 104.92 140.58 151.13
sheep 0.528044 103.78 173.21 177.42 224.00
dog 0.527847 33.14 92.70 61.93 135.18
dog 0.527779 68.22 109.96 93.10 141.50
dog 0.527707 101.23 95.65 137.40 143.43
dog 0.527700 216.49 87.87 224.00 149.47
dog 0.527680 103.96 143.33 167.25 188.48
sheep 0.527678 58.93 141.59 79.42 181.88
dog 0.527519 145.09 134.49 199.59 189.28
cat 0.527450 42.24 162.64 82.17 222.49
diningtable 0.527369 218.26 69.64 224.00 126.71
dog 0.527357 173.56 0.00 214.12 17.54
dog 0.527274 165.25 209.06 213.52 224.00
dog 0.527223 74.75 130.89 102.88 174.85
dog 0.527163 75.40 119.86 101.26 158.15
dog 0.527071 177.18 207.14 221.25 224.00
person 0.526998 0.00 0.00 37.58 54.90
person 0.526872 0.00 0.00 17.94 28.67
dog 0.526871 118.99 106.85 157.87 160.32
dog 0.526866 173.86 76.25 213.59 149.59
dog 0.526795 210.62 132.87 224.00 196.97
dog 0.526751 2.64 13.86 22.24 40.00
dog 0.526729 54.33 36.59 109.49 86.39
dog 0.526504 49.39 23.55 84.96 65.93
dog 0.526392 0.00 80.85 10.28 130.00
sofa 0.526312 182.40 72.56 212.16 143.74
dog 0.526179 28.79 134.55 143.17 224.00
dog 0.526178 10.46 13.97 28.14 36.66
dog 0.526162 0.00 16.83 13.62 57.38
dog 0.526089 41.92 122.12 67.73 159.30
person 0.525998 87.46 33.92 213.27 185.12
bottle 0.525910 100.79 0.00 129.05 14.78
dog 0.525861 67.53 69.09 115.05 110.21
bottle 0.525843 157.21 65.90 186.49 110.05
sheep 0.525678 149.43 0.00 182.06 14.86
sheep 0.525634 58.94 155.02 94.53 210.89
dog 0.525611 0.00 163.93 78.70 224.00
dog 0.525567 200.87 14.06 224.00 68.58
bottle 0.525535 152.04 57.95 176.74 95.28
tvmonitor 0.525405 220.00 63.54 224.00 112.33
dog 0.525377 114.72 142.32 178.08 204.45
cat 0.525351 48.29 138.95 71.47 186.94
dog 0.525335 128.83 88.02 159.71 147.54
dog 0.525315 91.50 25.94 121.86 58.18
dog 0.525220 165.85 0.00 200.38 15.40
cat 0.525202 141.79 0.00 173.45 15.55
bottle 0.525097 9.24 210.95 50.18 224.00
dog 0.525009 85.15 132.50 117.88 177.17
dog 0.524973 152.81 209.40 198.06 224.00
dog 0.524956 93.90 0.00 122.36 15.22
dog 0.524942 37.84 27.32 90.94 79.19
cat 0.524939 125.31 0.00 156.14 14.89
dog 0.524852 57.53 28.82 107.13 72.89
sheep 0.524810 65.23 146.49 95.50 194.89
cat 0.524749 133.69 0.00 165.46 15.47
cat 0.524689 53.43 157.71 83.59 212.23
bottle 0.524682 154.00 66.38 178.41 104.99
dog 0.524651 74.10 23.92 114.09 59.08
dog 0.524559 157.11 0.00 191.02 14.49
chair 0.524535 141.59 78.21 177.92 136.89
dog 0.524519 16.68 20.24 34.17 40.97
dog 0.524428 194.73 206.21 224.00 224.00
bottle 0.524399 150.22 32.21 191.99 66.18
dog 0.524365 170.35 8.84 221.00 37.88
bottle 0.524362 150.02 47.14 178.52 85.54
dog 0.524351 70.02 31.11 114.90 70.27
bottle 0.524351 118.01 0.00 146.79 14.37
dog 0.524335 218.33 112.26 224.00 169.11
bottle 0.524323 24.44 208.66 69.94 224.00
dog 0.524248 216.06 125.10 224.00 184.76
dog 0.524151 114.44 94.70 147.05 148.30
bottle 0.524135 32.87 206.63 81.91 224.00
dog 0.524129 0.00 93.44 87.50 217.85
dog 0.524114 34.09 145.46 70.11 206.86
bottle 0.524105 109.57 0.00 137.26 14.45
dog 0.524015 34.75 111.87 62.89 150.48
bird 0.523947 70.66 191.83 129.07 224.00
dog 0.523921 58.94 46.81 117.22 96.47
dog 0.523914 35.63 62.51 71.00 114.51
dog 0.523827 101.20 27.65 127.15 57.07
dog 0.523544 0.00 107.03 11.66 165.07
sheep 0.523540 132.06 172.65 187.20 224.00
dog 0.523500 31.68 37.12 72.30 86.69
dog 0.523484 96.10 133.38 136.72 180.28
dog 0.523313 86.28 33.95 122.20 66.96
dog 0.523268 42.24 133.60 66.72 177.08
dog 0.523247 96.93 189.74 149.84 224.00
dog 0.523186 2.04 39.81 27.06 79.89
dog 0.523095 220.00 55.35 224.00 100.34
cat 0.523043 45.41 147.23 72.52 203.14
dog 0.523001 88.35 0.00 194.75 60.43
dog 0.522994 38.68 138.19 67.67 192.09
dog 0.522978 118.30 86.23 147.28 135.91
sofa 0.522977 193.56 70.18 216.27 144.70
dog 0.522973 133.81 80.89 162.16 136.25
bottle 0.522893 29.23 179.36 71.88 224.00
dog 0.522882 60.96 23.25 105.16 60.00
dog 0.522809 19.42 152.26 115.01 224.00
dog 0.522747 0.00 53.70 10.90 115.67
dog 0.522619 165.01 170.77 212.88 224.00
dog 0.522590 209.69 158.42 224.00 217.56
sheep 0.522453 57.42 148.60 81.02 197.40
bottle 0.522442 148.61 19.43 209.14 56.34
dog 0.522426 25.11 99.30 49.89 130.12
dog 0.522369 4.22 19.91 22.60 50.12
dog 0.522338 0.00 99.78 17.71 143.99
dog 0.522272 0.00 42.75 13.24 102.26
sheep 0.522188 0.00 115.04 10.70 173.72
dog 0.522174 146.48 59.80 168.61 93.63
bottle 0.522147 150.07 40.29 183.48 76.38
dog 0.522058 182.36 0.00 224.00 20.66
dog 0.521979 2.20 0.00 73.94 54.14
dog 0.521967 108.97 28.44 135.04 55.68
chair 0.521923 175.07 73.75 209.49 139.33
dog 0.521893 86.77 0.00 115.38 15.10
boat 0.521877 194.22 69.33 213.75 114.66
sheep 0.521850 0.47 0.00 25.90 26.94
dog 0.521798 66.14 0.00 194.39 95.10
dog 0.521789 126.28 39.25 158.30 62.13
dog 0.521745 17.68 39.23 48.30 82.48
aeroplane 0.521612 178.35 89.88 214.07 156.00
dog 0.521609 118.50 29.15 150.26 54.18
dog 0.521587 118.27 37.96 147.42 62.59
bottle 0.521563 182.79 69.33 208.53 119.26
dog 0.521559 98.00 35.39 127.76 63.82
dog 0.521485 131.64 0.00 224.00 63.49
boat 0.521450 195.60 62.75 216.06 97.09
dog 0.521351 14.91 15.14 32.95 35.49
boat 0.521351 189.29 72.60 212.41 133.11
dog 0.521347 147.96 67.53 169.13 101.31
bottle 0.521336 0.00 188.90 11.91 224.00
sheep 0.521315 0.00 115.78 18.45 170.20
tvmonitor 0.521246 183.64 60.17 208.20 98.88
dog 0.521169 188.15 130.53 224.00 203.05
bottle 0.521143 170.05 8.49 223.61 33.43
bottle 0.521130 147.46 27.78 193.83 55.15
dog 0.521126 213.36 172.90 224.00 224.00
dog 0.520961 62.38 0.00 91.28 16.77
dog 0.520932 29.39 29.36 68.57 73.87
dog 0.520923 164.08 23.86 211.35 62.95
dog 0.520908 137.32 61.87 158.87 92.30
dog 0.520871 0.00 0.00 35.00 83.05
dog 0.520864 36.92 128.17 62.42 165.76
dog 0.520821 123.06 193.96 179.61 224.00
dog 0.520807 142.07 0.00 224.00 157.51
dog 0.520697 55.10 0.00 83.47 18.07
dog 0.520580 127.64 45.58 155.63 72.85
bottle 0.520559 0.00 193.11 23.23 224.00
dog 0.520551 26.10 107.30 49.52 137.03
dog 0.520458 192.15 0.00 224.00 30.49
dog 0.520431 78.24 0.00 107.05 15.03
dog 0.520426 126.29 29.85 161.77 52.30
dog 0.520412 53.72 20.11 82.75 55.42
dog 0.520406 107.44 36.18 134.65 62.36
dog 0.520398 192.53 2.10 224.00 56.32
dog 0.520343 0.00 54.16 18.74 116.05
dog 0.520312 22.39 27.03 156.47 141.84
dog 0.520309 7.63 41.10 33.94 80.15
sheep 0.520307 8.43 0.00 34.11 25.08
bottle 0.520294 163.64 11.11 223.85 46.09
dog 0.520288 136.26 51.62 163.05 83.15
dog 0.520282 26.79 68.32 56.80 111.06
bird 0.520260 44.04 189.87 93.73 224.00
dog 0.520172 25.76 88.93 53.42 123.41
dog 0.520169 138.71 69.81 158.30 99.48
sheep 0.520116 2.05 4.72 23.31 33.32
bird 0.520101 167.52 5.60 214.08 20.99
dog 0.520095 69.14 0.00 98.47 15.60
bottle 0.520053 108.34 2.10 122.87 25.26
dog 0.520039 129.76 62.76 150.89 93.47
dog 0.520038 23.44 22.61 42.71 47.04
dog 0.520006 65.02 10.97 82.20 32.98
bottle 0.519959 153.71 55.17 190.18 98.11
dog 0.519925 147.08 74.26 173.64 116.09
dog 0.519915 136.58 116.12 185.17 170.14
bottle 0.519896 163.57 67.48 201.71 120.24
dog 0.519892 144.40 37.36 184.99 64.09
dog 0.519867 135.69 38.76 173.27 61.84
dog 0.519831 34.54 21.38 57.18 46.71
bird 0.519790 55.45 192.03 109.16 224.00
bottle 0.519783 151.44 6.91 195.37 21.47
sheep 0.519782 14.68 0.00 42.58 22.52
dog 0.519755 80.05 16.76 111.99 48.51
dog 0.519733 212.00 191.88 224.00 224.00
dog 0.519733 218.55 41.10 224.00 91.50
dog 0.519715 95.29 16.75 119.99 46.88
dog 0.519712 128.49 52.87 153.46 83.92
dog 0.519708 102.33 1.51 117.93 25.63
dog 0.519690 130.94 77.75 151.97 117.88
dog 0.519666 31.26 24.65 62.33 57.72
dog 0.519617 136.29 44.30 168.13 72.75
dog 0.519611 138.18 76.07 160.37 115.95
dog 0.519560 119.70 43.78 145.87 72.22
dog 0.519496 121.18 79.85 145.56 118.72
dog 0.519481 0.00 42.78 29.03 94.41
dog 0.519441 14.17 104.10 36.77 130.68
bottle 0.519413 149.67 13.11 198.16 30.74
dog 0.519413 48.15 0.00 75.59 18.80
dog 0.519380 105.38 82.85 136.08 118.41
sheep 0.519360 158.41 172.29 209.48 223.83
dog 0.519344 121.48 62.17 144.13 95.24
dog 0.519324 22.48 20.34 40.85 40.48
dog 0.519311 61.09 12.38 77.61 33.18
dog 0.519303 99.75 5.75 211.82 165.28
dog 0.519295 7.86 23.15 119.13 124.62
dog 0.519190 145.58 41.62 179.34 74.56
sheep 0.519166 0.00 102.43 17.56 152.36
dog 0.519162 5.13 32.50 25.97 70.29
dog 0.519158 87.57 82.28 125.48 118.13
dog 0.519157 30.89 0.00 123.46 56.02
dog 0.519117 103.95 18.15 125.39 46.24
dog 0.519051 131.34 71.29 150.44 101.33
dog 0.519044 40.18 0.00 67.10 19.06
dog 0.519039 120.51 51.28 145.34 84.76
dog 0.518948 211.81 29.19 224.00 79.71
dog 0.518827 0.00 72.21 15.63 126.31
dog 0.518791 27.53 115.24 52.34 145.95
dog 0.518749 71.46 8.83 88.49 30.92
dog 0.518729 30.32 0.00 58.42 19.22
dog 0.518647 77.32 39.79 122.99 79.55
dog 0.518620 67.55 18.15 102.20 50.76
dog 0.518611 21.26 0.00 50.35 20.48
dog 0.518592 58.70 17.07 79.30 46.83
dog 0.518526 100.22 9.93 117.47 35.98
dog 0.518526 20.03 48.18 52.66 100.27
aeroplane 0.518413 179.15 106.89 215.54 174.92
dog 0.518359 12.65 95.94 37.21 125.18
dog 0.518353 120.44 19.82 151.57 43.20
dog 0.518283 17.49 31.28 45.85 71.35
dog 0.518279 111.44 19.10 134.25 45.00
tvmonitor 0.518206 163.07 56.64 198.19 98.89
dog 0.518175 34.89 19.55 53.11 38.60
dog 0.518163 127.95 20.73 163.84 41.35
dog 0.518160 53.85 0.00 166.66 71.97
dog 0.518101 107.49 11.08 122.67 35.56
dog 0.517947 122.28 72.38 143.93 103.45
bottle 0.517942 129.97 13.82 163.70 31.27
boat 0.517921 0.00 162.94 8.40 216.06
dog 0.517908 24.76 159.16 66.48 210.01
dog 0.517904 87.79 11.31 109.82 37.89
dog 0.517868 161.73 191.33 211.48 224.00
bottle 0.517837 148.13 19.50 197.45 43.00
dog 0.517835 125.88 130.83 181.67 180.14
sheep 0.517812 0.00 131.16 7.89 189.69
sheep 0.517797 0.00 180.50 19.80 220.49
bottle 0.517795 97.68 0.00 119.61 16.89
dog 0.517784 20.57 25.96 43.70 56.44
dog 0.517751 29.00 0.00 157.25 110.47
bottle 0.517744 123.04 13.10 149.97 33.18
dog 0.517716 80.92 6.23 98.68 28.86
sofa 0.517712 205.45 66.52 217.62 111.56
sheep 0.517667 15.97 109.93 36.59 135.96
dog 0.517660 10.06 3.46 29.96 30.74
dog 0.517660 92.62 3.03 110.06 26.71
sofa 0.517642 203.29 70.75 215.61 128.47
dog 0.517634 75.60 14.17 99.14 41.18
sofa 0.517610 193.41 123.38 223.96 190.23
dog 0.517591 28.86 124.16 55.12 154.69
dog 0.517588 143.28 29.55 189.10 53.51
dog 0.517560 135.49 29.80 177.25 51.11
dog 0.517556 65.81 15.25 89.29 44.26
dog 0.517540 1.59 24.10 20.90 60.57
bottle 0.517533 115.38 2.83 130.79 24.60
dog 0.517520 0.00 102.51 26.18 134.29
dog 0.517417 25.71 172.89 67.51 222.43
sheep 0.517357 157.63 0.00 195.60 14.20
dog 0.517324 48.06 20.76 79.21 48.18
dog 0.517311 104.19 61.63 134.83 98.07
bottle 0.517308 123.05 3.98 147.17 24.52
bottle 0.517261 130.35 5.34 161.07 23.50
bottle 0.517206 114.92 12.22 131.70 34.56
boat 0.517146 0.00 142.65 7.44 198.84
dog 0.517134 27.67 143.36 61.43 190.29
dog 0.517059 9.54 26.37 26.68 55.58
dog 0.517042 179.19 38.59 208.66 81.75
dog 0.517027 8.04 71.84 37.79 111.27
bottle 0.516976 43.09 189.43 92.55 224.00
dog 0.516944 106.59 40.96 134.45 71.04
dog 0.516845 11.78 85.83 37.41 118.52
dog 0.516817 91.35 39.91 128.33 73.80
dog 0.516653 9.83 33.47 32.81 70.45
dog 0.516635 29.87 130.37 55.82 162.89
dog 0.516508 56.87 13.98 74.13 31.31
dog 0.516450 2.54 55.40 37.61 103.15
dog 0.516445 103.95 48.70 134.97 85.52
dog 0.516418 106.96 74.23 134.90 105.46
dog 0.516353 32.54 14.76 50.17 31.88
sheep 0.516307 0.00 121.64 26.78 162.24
bottle 0.516281 138.33 13.26 179.74 28.92
dog 0.516226 13.70 27.00 33.37 55.63
dog 0.516206 78.63 61.08 125.95 102.11
dog 0.516201 50.18 18.66 71.79 38.92
bottle 0.516190 143.75 0.00 177.66 15.34
dog 0.516068 19.59 16.07 39.19 34.93
dog 0.516046 194.36 93.71 220.01 153.71
dog 0.515980 136.47 20.45 179.02 39.57
dog 0.515961 29.80 136.20 57.70 175.67
bottle 0.515826 138.76 5.62 176.75 21.48
dog 0.515752 84.51 73.62 125.33 107.86
dog 0.515705 0.00 73.39 26.66 117.70
dog 0.515684 187.29 38.62 216.03 82.42
dog 0.515664 48.54 14.34 65.31 29.72
bottle 0.515605 23.82 197.16 69.77 224.00
dog 0.515507 81.02 48.03 127.81 89.70
tvmonitor 0.515344 206.25 59.89 219.51 97.01
sheep 0.515343 0.00 133.27 16.62 186.12
dog 0.515233 14.70 1.85 36.34 29.17
bottle 0.515203 127.99 0.00 156.91 15.66
sheep 0.515181 15.51 115.75 36.43 143.43
dog 0.515132 187.44 166.60 222.63 223.11
sofa 0.515124 196.05 108.32 222.05 170.45
sheep 0.514761 0.00 109.90 24.53 146.62
sheep 0.514645 0.00 158.10 17.70 205.03
dog 0.514587 180.17 23.71 216.66 67.05
dog 0.514575 162.27 39.57 199.52 81.06
dog 0.514524 7.24 0.79 101.04 94.74
dog 0.514445 149.41 192.93 197.48 224.00
dog 0.514127 0.00 88.86 25.83 124.30
sheep 0.513822 14.26 122.72 37.83 151.52
sheep 0.513548 16.30 129.70 40.91 160.30
dog 0.512884 192.47 191.58 224.00 224.00
sheep 0.512760 2.32 195.10 31.50 224.00
sheep 0.512645 7.46 152.23 33.85 191.54
sheep 0.512601 3.14 139.10 30.28 182.20
dog 0.512590 19.33 0.00 43.22 27.52
sheep 0.512391 8.39 161.44 35.51 199.61
sheep 0.512270 19.42 136.55 45.62 172.32
dog 0.512229 21.22 154.50 58.15 195.23
bottle 0.512177 15.45 202.02 62.36 224.00
sheep 0.511895 20.63 144.53 52.29 185.51
dog 0.511567 197.82 39.74 220.74 86.35
dog 0.511099 3.31 182.45 31.80 215.80
dog 0.510797 12.23 191.26 54.29 224.00
dog 0.510521 17.35 177.51 58.87 217.20
dog 0.510031 6.40 171.16 33.63 207.06
