chair 0.643317 28.79 103.63 215.14 224.00
chair 0.595570 21.22 125.35 87.48 224.00
person 0.591059 24.62 128.41 92.46 224.00
chair 0.588854 85.89 126.40 171.63 224.00
chair 0.581680 88.25 104.09 182.88 192.98
chair 0.577048 37.37 120.86 168.01 219.52
person 0.576975 0.00 75.32 28.48 158.01
diningtable 0.567908 41.62 134.15 204.01 211.71
person 0.562219 26.14 146.51 76.75 216.38
chair 0.559346 109.30 108.76 198.97 179.11
chair 0.557683 76.53 140.70 130.23 224.00
pottedplant 0.556608 51.02 102.45 79.99 134.26
chair 0.555155 83.16 132.77 158.09 201.18
chair 0.554229 46.33 133.70 91.04 222.51
chair 0.554044 99.97 153.97 159.94 224.00
chair 0.553895 91.81 95.59 186.06 161.46
chair 0.552398 96.32 117.41 172.12 172.20
chair 0.551945 152.30 120.67 207.01 180.90
sofa 0.550813 78.29 108.81 204.84 205.51
chair 0.550553 52.29 92.00 196.62 200.88
diningtable 0.548613 28.35 118.45 96.56 211.39
chair 0.548204 64.78 136.74 112.01 219.22
bottle 0.547553 36.58 144.65 89.24 217.55
chair 0.547450 103.77 118.80 167.05 204.63
person 0.546956 0.00 125.71 9.42 198.42
diningtable 0.546852 31.98 109.97 163.04 202.66
person 0.545726 3.51 79.12 62.86 199.19
chair 0.545337 91.66 106.28 154.43 148.02
person 0.544903 0.00 106.73 13.60 184.61
chair 0.544298 93.22 123.92 151.20 167.34
person 0.543011 0.00 89.24 20.33 175.65
person 0.542566 25.87 124.11 66.86 211.51
chair 0.542462 219.46 20.25 224.00 74.27
chair 0.541195 13.83 106.10 70.83 207.89
person 0.541185 0.00 144.34 8.34 206.82
chair 0.541097 6.46 53.06 97.80 154.40
person 0.541028 0.00 74.46 20.63 142.56
chair 0.540892 216.17 49.22 224.00 97.23
chair 0.540770 217.03 32.38 224.00 84.41
chair 0.540658 27.97 132.60 112.79 219.39
chair 0.540636 170.75 99.51 224.00 208.13
chair 0.540528 160.10 129.85 200.28 195.45
person 0.540201 8.70 57.24 86.72 176.53
chair 0.540160 51.54 107.41 77.80 139.71
diningtable 0.539995 0.95 121.84 146.52 221.26
chair 0.539753 0.00 57.43 64.12 158.97
chair 0.539559 88.53 160.84 131.84 224.00
person 0.539537 0.00 115.92 62.53 224.00
person 0.539440 0.00 202.01 16.33 224.00
chair 0.539323 169.72 123.28 206.42 174.24
chair 0.539303 65.69 156.34 103.64 224.00
person 0.539282 8.31 111.74 31.04 198.33
chair 0.538878 83.10 132.42 134.85 184.60
diningtable 0.537973 51.99 106.18 224.00 206.33
chair 0.537910 164.90 149.20 196.37 202.11
chair 0.537596 100.27 92.37 176.05 143.20
person 0.537126 18.11 116.84 52.31 205.75
diningtable 0.536977 15.26 107.73 77.56 211.36
diningtable 0.536960 18.20 64.75 83.90 196.72
bottle 0.536868 48.74 160.45 92.81 219.72
chair 0.536541 78.28 166.40 114.44 224.00
chair 0.536412 93.47 97.99 149.74 137.34
person 0.536192 0.00 131.32 14.48 203.62
person 0.535744 5.40 81.36 51.02 143.96
chair 0.535620 209.76 203.66 224.00 224.00
chair 0.535556 215.87 75.95 224.00 116.28
chair 0.535140 47.42 100.15 84.98 131.87
chair 0.535064 26.55 78.80 143.81 205.67
chair 0.534585 194.74 131.50 211.71 166.35
chair 0.534536 87.26 207.24 126.64 224.00
person 0.534231 10.36 129.29 37.46 207.13
dog 0.534203 195.52 135.52 212.37 171.78
chair 0.534133 7.71 15.11 127.02 154.79
sheep 0.534108 45.50 19.90 82.04 78.08
chair 0.534071 52.96 165.53 94.73 222.46
pottedplant 0.534061 46.57 91.18 80.49 127.77
person 0.534008 0.00 0.00 83.91 176.35
chair 0.533936 214.70 130.32 224.00 172.06
dog 0.533658 214.98 135.17 224.00 179.73
diningtable 0.533453 56.24 94.86 187.18 183.08
person 0.533254 0.00 204.63 26.81 224.00
chair 0.533205 185.42 127.26 207.72 168.68
chair 0.532996 97.81 209.37 137.85 224.00
person 0.532679 2.14 69.36 27.70 131.28
chair 0.532561 131.20 138.85 165.41 209.23
chair 0.532554 43.29 122.01 74.56 191.11
chair 0.532510 148.17 211.35 183.01 224.00
diningtable 0.532457 29.04 72.98 144.11 187.73
dog 0.532397 163.97 123.71 205.32 184.16
chair 0.532308 75.36 202.80 117.16 224.00
chair 0.532172 90.40 113.16 138.61 145.30
chair 0.532099 113.66 209.77 153.84 224.00
chair 0.532074 191.53 207.16 216.89 224.00
bottle 0.531719 54.73 189.37 101.76 224.00
diningtable 0.531716 14.80 43.69 100.57 178.26
chair 0.531696 168.90 166.58 194.57 207.48
chair 0.531594 216.07 92.16 224.00 132.56
chair 0.531532 32.20 118.54 68.29 197.11
bottle 0.531202 49.65 65.10 77.80 89.72
diningtable 0.531102 156.33 62.43 192.34 103.08
dog 0.530979 184.83 129.41 208.26 172.92
chair 0.530964 132.84 209.54 166.00 224.00
diningtable 0.530942 165.66 60.95 199.09 102.30
chair 0.530914 155.39 211.87 193.99 224.00
cat 0.530905 212.48 0.00 224.00 32.70
tvmonitor 0.530820 11.20 20.11 124.75 147.67
dog 0.530751 170.34 148.52 200.85 202.19
chair 0.530627 72.82 136.09 116.13 192.83
person 0.530506 25.56 191.67 64.87 224.00
tvmonitor 0.530422 220.00 7.11 224.00 59.48
chair 0.530365 62.49 196.98 109.26 224.00
chair 0.530339 57.32 138.50 88.84 200.02
chair 0.530302 181.85 209.26 211.63 224.00
chair 0.530097 42.71 65.64 185.46 179.78
pottedplant 0.530062 49.12 68.91 77.04 96.09
pottedplant 0.530034 46.99 78.73 76.45 111.28
sofa 0.529924 186.36 98.31 207.67 130.80
person 0.529907 11.82 107.13 41.56 195.81
chair 0.529874 81.13 109.75 122.48 140.96
diningtable 0.529831 157.91 34.09 202.22 87.31
dog 0.529690 37.62 18.26 74.43 76.97
person 0.529555 30.52 90.51 74.72 135.68
chair 0.529505 104.28 98.48 208.81 209.55
chair 0.529462 101.27 187.39 149.70 224.00
chair 0.529452 216.21 112.65 224.00 156.01
person 0.529392 0.00 53.91 13.68 101.35
person 0.529353 0.00 66.53 16.63 129.03
chair 0.529344 216.58 101.67 224.00 144.08
chair 0.529331 102.02 81.35 167.01 122.53
sheep 0.529330 3.48 57.12 28.62 101.72
dog 0.529300 218.03 155.65 224.00 204.15
diningtable 0.529129 155.13 28.38 224.00 143.12
diningtable 0.529058 154.80 17.86 204.89 67.15
bottle 0.528925 53.57 59.92 80.10 86.88
chair 0.528893 191.72 124.83 210.98 161.30
chair 0.528875 180.52 151.76 224.00 224.00
person 0.528769 26.28 171.21 63.01 224.00
chair 0.528686 185.55 0.00 224.00 52.50
bottle 0.528652 52.58 67.83 81.27 96.87
chair 0.528640 124.08 170.45 162.98 224.00
dog 0.528542 216.33 145.84 224.00 197.64
dog 0.528510 49.04 8.73 81.96 63.56
chair 0.528503 187.10 92.48 208.13 124.32
chair 0.528369 184.87 103.29 207.00 140.16
chair 0.528244 142.15 143.29 172.68 204.93
chair 0.528237 145.21 84.23 224.00 195.59
sheep 0.528181 10.42 57.89 36.37 98.18
chair 0.528178 183.39 111.95 206.74 154.55
chair 0.528116 218.47 175.39 224.00 213.96
chair 0.528080 209.60 50.91 220.65 92.81
chair 0.528034 49.68 111.83 74.14 159.28
chair 0.528015 59.05 110.81 86.70 139.73
chair 0.527879 216.83 186.20 224.00 220.09
chair 0.527697 133.28 124.70 178.21 196.43
dog 0.527592 28.71 17.90 57.92 75.40
person 0.527504 4.94 62.19 28.58 116.39
cat 0.527310 218.66 0.00 224.00 42.39
chair 0.527309 154.85 108.23 203.07 161.85
tvmonitor 0.527307 0.00 25.70 67.59 145.98
person 0.527268 43.49 70.69 75.63 96.07
person 0.527166 32.46 71.94 61.35 100.75
person 0.526933 15.58 75.34 49.45 125.74
chair 0.526896 211.36 25.74 221.15 75.37
chair 0.526833 162.80 163.59 186.49 206.49
bottle 0.526793 32.90 66.77 59.82 93.33
person 0.526784 0.00 0.00 48.57 61.56
dog 0.526754 175.30 165.17 200.20 207.83
sheep 0.526688 2.28 51.85 27.67 89.09
person 0.526505 0.00 183.68 11.69 224.00
person 0.526366 82.72 0.00 224.00 159.65
bottle 0.526332 23.04 65.90 49.55 100.63
sofa 0.526237 0.00 6.30 62.72 126.23
diningtable 0.526184 54.97 47.25 224.00 197.65
chair 0.526136 21.11 0.00 136.33 121.43
person 0.526112 0.00 0.00 19.21 22.88
chair 0.525987 155.87 69.23 191.54 109.15
pottedplant 0.525935 59.59 107.30 86.02 138.04
person 0.525909 44.16 90.80 82.54 125.71
sheep 0.525900 45.97 37.78 78.80 82.85
person 0.525800 20.40 71.12 48.78 110.89
person 0.525796 16.46 12.63 122.67 170.68
diningtable 0.525750 176.80 6.12 224.00 105.35
dog 0.525623 204.25 137.52 215.61 174.62
person 0.525618 5.76 204.79 45.83 224.00
sofa 0.525615 193.17 89.04 212.75 120.52
chair 0.525610 169.65 76.14 197.79 117.84
chair 0.525289 128.59 99.94 199.35 153.75
sheep 0.525276 18.45 59.41 43.30 95.20
chair 0.525268 108.42 74.62 162.48 109.64
bottle 0.525259 78.82 3.37 102.82 27.62
person 0.525254 12.17 150.29 42.51 207.33
dog 0.525205 24.00 20.26 47.99 73.40
chair 0.525030 148.80 157.20 172.69 208.84
chair 0.524942 85.78 188.26 125.69 224.00
chair 0.524909 50.57 126.40 79.93 182.71
person 0.524819 0.00 168.12 10.29 220.12
sheep 0.524720 9.62 64.26 35.76 114.27
person 0.524709 42.77 79.32 76.90 110.86
chair 0.524667 181.94 97.75 204.50 132.10
chair 0.524659 169.95 93.54 199.22 126.72
person 0.524583 5.41 74.05 37.64 136.32
sofa 0.524543 10.46 10.69 110.67 134.53
sofa 0.524533 191.10 96.40 211.98 128.21
chair 0.524505 199.21 55.51 214.96 90.35
person 0.524502 30.46 77.99 64.59 115.12
person 0.524458 35.64 186.25 84.17 224.00
sheep 0.524430 25.18 59.78 49.43 91.62
dog 0.524355 199.39 157.19 212.20 198.54
chair 0.524259 141.53 163.38 166.22 216.44
dog 0.524214 198.24 145.86 212.53 189.51
dog 0.524185 59.67 3.96 82.88 31.10
chair 0.524153 181.75 84.95 205.11 122.35
dog 0.524110 179.04 151.40 205.75 199.98
boat 0.524109 88.07 65.90 112.10 92.87
bottle 0.524081 53.42 26.08 90.36 77.78
sheep 0.524029 1.56 25.93 22.87 68.91
dog 0.524014 65.04 4.31 89.52 28.59
chair 0.523996 116.25 69.25 160.65 103.18
sheep 0.523949 171.76 178.31 193.46 211.08
boat 0.523923 68.91 29.57 104.97 68.23
chair 0.523912 175.59 60.54 204.95 99.29
person 0.523904 3.86 94.95 33.74 180.18
diningtable 0.523900 142.41 62.92 224.00 180.36
chair 0.523862 78.11 129.68 117.80 173.83
bottle 0.523817 70.90 3.55 96.30 27.03
dog 0.523815 34.38 8.73 57.10 64.56
chair 0.523789 30.15 0.00 113.37 63.68
sheep 0.523721 1.92 41.50 25.44 79.34
chair 0.523609 197.56 189.07 211.14 216.56
chair 0.523589 77.97 100.23 120.93 132.08
diningtable 0.523557 31.68 32.64 169.67 157.33
sheep 0.523538 187.92 190.53 205.87 219.00
chair 0.523511 74.65 187.93 113.23 224.00
chair 0.523480 194.37 80.43 213.18 113.98
pottedplant 0.523408 72.77 64.07 100.70 90.62
chair 0.523234 81.88 121.88 119.79 154.05
chair 0.523221 161.56 100.46 200.79 145.34
bottle 0.523159 56.64 52.75 84.24 83.94
dog 0.523148 179.82 137.53 207.17 190.78
boat 0.523092 68.72 41.68 102.13 75.54
boat 0.523061 85.74 57.94 109.28 82.48
sheep 0.523025 126.27 30.02 155.18 56.07
bottle 0.522903 61.53 59.21 90.07 85.75
sheep 0.522892 36.82 36.54 70.32 81.76
dog 0.522855 29.08 10.85 47.57 61.76
chair 0.522778 90.86 92.97 134.45 128.72
aeroplane 0.522740 150.28 0.00 200.84 45.40
person 0.522702 15.05 201.32 59.94 224.00
pottedplant 0.522672 71.07 58.09 99.32 83.92
dog 0.522658 0.00 0.00 8.76 44.35
sofa 0.522590 204.30 84.66 219.41 119.87
bottle 0.522481 72.71 0.00 107.22 19.76
sheep 0.522434 121.88 0.00 158.14 15.82
bottle 0.522426 86.75 3.47 109.32 27.02
aeroplane 0.522379 149.88 20.92 201.08 62.11
bottle 0.522319 15.55 65.90 42.61 109.38
chair 0.522273 130.69 65.37 176.31 100.24
chair 0.522263 98.34 88.22 154.13 127.33
chair 0.522253 125.70 139.77 216.34 224.00
chair 0.522230 148.86 17.40 207.78 67.24
sheep 0.522186 186.18 178.11 204.39 211.52
chair 0.522166 188.71 60.40 210.23 94.29
sheep 0.522060 179.34 176.83 200.12 212.53
chair 0.522046 196.97 69.97 213.92 105.33
bottle 0.522024 59.81 42.63 93.71 80.12
sofa 0.522011 207.05 76.30 220.11 112.68
chair 0.521997 140.02 91.44 193.77 130.03
pottedplant 0.521990 76.03 71.32 104.60 100.39
chair 0.521956 113.88 193.35 157.98 224.00
dog 0.521918 59.33 0.00 95.04 19.81
chair 0.521829 145.01 182.11 168.78 224.00
sheep 0.521784 125.80 3.75 154.95 30.75
dog 0.521765 53.79 6.77 79.33 46.72
chair 0.521758 95.99 0.00 203.24 56.22
chair 0.521708 189.36 73.68 209.03 111.22
boat 0.521694 70.27 50.92 100.23 79.08
chair 0.521668 209.09 66.44 220.34 105.63
bottle 0.521659 41.71 62.27 73.29 88.26
chair 0.521619 199.50 178.94 209.95 209.97
sheep 0.521601 26.91 36.04 54.69 80.77
boat 0.521601 82.17 0.00 116.31 15.84
chair 0.521490 200.13 169.36 210.56 204.85
person 0.521476 15.87 93.06 52.36 160.42
dog 0.521475 182.02 166.39 204.53 206.04
sheep 0.521460 1.50 12.91 21.15 57.28
person 0.521400 0.00 37.18 10.87 80.55
chair 0.521370 149.77 3.53 200.86 56.58
chair 0.521349 99.79 0.00 131.95 15.55
person 0.521341 20.36 103.72 51.12 177.74
bottle 0.521334 73.65 18.21 105.52 51.95
chair 0.521318 153.08 0.00 195.64 15.71
sheep 0.521303 129.95 0.00 167.07 14.99
chair 0.521294 203.00 125.94 215.84 161.84
chair 0.521284 58.79 0.00 96.22 15.37
sheep 0.521236 9.84 52.05 34.08 85.65
chair 0.521224 62.43 130.86 87.43 179.35
boat 0.521206 91.21 0.00 123.83 15.54
chair 0.521200 153.03 169.20 172.92 212.75
diningtable 0.521170 36.78 0.00 153.03 111.99
chair 0.521160 44.12 0.00 153.82 59.91
person 0.521120 10.79 70.90 39.57 122.33
chair 0.521021 107.32 0.00 141.97 15.99
diningtable 0.520993 98.80 66.90 213.33 168.21
bottle 0.520893 79.12 11.93 103.80 35.81
chair 0.520861 161.40 36.72 207.43 85.46
person 0.520839 25.03 0.00 157.54 134.96
boat 0.520753 79.68 41.04 109.41 70.80
sheep 0.520750 180.96 189.76 201.71 220.16
chair 0.520746 154.38 186.59 174.44 224.00
sheep 0.520693 20.88 36.95 45.70 80.19
dog 0.520668 38.42 8.04 54.07 50.36
chair 0.520637 169.98 53.08 205.53 92.62
dog 0.520585 31.74 9.94 45.45 48.17
boat 0.520513 78.41 30.22 110.67 62.93
person 0.520505 39.15 99.25 71.91 151.34
dog 0.520465 19.40 23.59 40.48 70.38
sheep 0.520459 125.90 23.19 155.56 49.76
boat 0.520409 82.58 49.97 108.51 76.04
dog 0.520407 46.90 7.31 71.16 49.29
person 0.520352 0.00 157.93 14.87 211.43
person 0.520329 0.00 21.96 8.48 70.17
chair 0.520311 164.15 188.63 184.93 220.08
sofa 0.520310 201.39 92.85 218.49 128.70
chair 0.520294 36.36 107.84 66.84 171.97
diningtable 0.520194 105.25 40.04 216.07 146.51
chair 0.520188 138.77 0.00 178.09 14.18
chair 0.520138 149.11 0.00 203.09 31.47
dog 0.520096 57.07 13.11 90.03 57.89
chair 0.520073 212.00 13.72 222.62 63.60
chair 0.520037 204.96 198.30 220.43 224.00
dog 0.520028 37.51 2.25 54.52 36.01
dog 0.519982 0.00 9.79 7.12 60.45
aeroplane 0.519969 127.74 29.18 161.65 55.74
sheep 0.519952 47.83 53.63 77.35 85.44
bottle 0.519915 82.16 0.00 113.90 19.04
sheep 0.519897 172.29 191.06 194.24 219.12
dog 0.519878 11.45 26.26 30.98 68.59
dog 0.519797 0.00 0.00 13.13 32.46
dog 0.519779 13.69 14.98 29.73 55.79
boat 0.519773 95.61 59.12 122.85 82.29
chair 0.519722 208.09 187.86 217.25 216.13
boat 0.519658 0.00 0.00 27.65 18.99
chair 0.519652 199.65 37.59 218.14 80.46
boat 0.519602 97.26 68.38 126.50 95.27
chair 0.519551 90.30 75.20 118.56 105.42
chair 0.519512 148.07 0.00 224.00 49.22
dog 0.519506 29.83 3.72 46.19 35.36
pottedplant 0.519501 77.80 93.61 115.64 126.54
sheep 0.519501 0.00 186.08 21.14 224.00
dog 0.519457 22.99 13.64 39.73 57.82
bottle 0.519379 61.68 69.39 90.80 98.38
chair 0.519352 120.38 60.17 160.20 93.35
pottedplant 0.519346 78.22 82.38 110.14 113.89
sheep 0.519330 17.20 52.30 40.83 84.01
aeroplane 0.519322 27.88 0.00 59.58 16.36
sheep 0.519310 126.86 15.72 154.60 42.51
aeroplane 0.519292 19.97 0.00 51.64 16.63
chair 0.519234 136.19 55.54 179.63 93.25
aeroplane 0.519175 114.41 31.53 151.68 54.94
diningtable 0.519136 63.77 0.00 200.39 81.58
sheep 0.519127 0.00 1.45 20.44 38.34
bottle 0.519106 64.17 15.95 98.67 54.13
sheep 0.519062 95.23 2.96 115.52 25.25
diningtable 0.519027 146.43 25.70 195.80 71.48
sofa 0.518964 3.14 0.00 79.95 64.67
sheep 0.518919 125.61 36.61 155.92 65.41
chair 0.518881 200.63 22.19 218.52 66.05
chair 0.518873 159.05 0.00 205.12 19.18
dog 0.518785 46.35 2.77 70.39 34.52
chair 0.518784 63.33 121.99 86.82 153.94
chair 0.518729 119.07 76.00 174.26 117.18
boat 0.518709 91.63 41.04 118.42 66.31
chair 0.518690 199.92 114.58 216.52 153.04
sheep 0.518681 23.15 52.19 46.95 83.79
bottle 0.518666 70.52 10.52 96.94 36.01
dog 0.518604 62.85 8.97 88.20 39.35
chair 0.518443 104.70 69.68 146.98 99.57
diningtable 0.518434 77.41 0.00 224.00 172.31
sheep 0.518410 130.21 2.97 165.62 32.12
dog 0.518350 208.28 158.87 213.67 200.61
pottedplant 0.518332 54.21 80.12 82.36 114.17
boat 0.518315 45.17 0.00 80.41 15.71
boat 0.518310 81.76 19.54 110.85 49.93
sheep 0.518305 9.41 41.10 31.91 78.35
dog 0.518295 206.67 148.44 213.45 193.36
boat 0.518227 93.79 49.91 119.89 73.38
sheep 0.518220 16.17 38.87 38.66 78.91
bottle 0.518161 86.78 12.82 109.31 35.79
dog 0.518138 15.46 11.89 29.43 43.45
boat 0.518118 105.34 32.37 137.24 54.83
aeroplane 0.518069 136.35 25.60 179.65 56.91
cat 0.517991 203.56 0.00 224.00 28.77
boat 0.517967 104.94 59.58 143.41 85.28
chair 0.517937 62.93 0.00 222.12 149.33
boat 0.517885 89.61 31.65 117.50 58.07
aeroplane 0.517868 36.42 0.00 70.90 15.79
aeroplane 0.517857 6.03 0.00 35.76 17.22
chair 0.517830 131.00 200.42 164.26 224.00
boat 0.517816 105.61 40.05 138.30 63.39
boat 0.517745 110.73 59.89 157.02 89.37
diningtable 0.517723 55.10 15.10 191.18 134.22
dog 0.517711 25.08 11.87 38.68 44.56
chair 0.517621 169.90 21.57 213.86 65.72
chair 0.517539 97.92 77.81 131.21 108.58
chair 0.517503 102.99 79.54 149.76 113.53
chair 0.517486 123.01 46.95 157.10 79.92
chair 0.517478 175.80 29.62 214.46 74.41
chair 0.517461 209.79 178.26 214.73 210.32
boat 0.517420 114.31 38.45 152.51 63.42
chair 0.517336 209.73 169.76 213.61 206.22
chair 0.517334 182.32 40.82 213.78 82.82
chair 0.517318 90.99 85.51 126.88 118.08
sheep 0.517316 116.53 0.00 152.06 20.12
chair 0.517293 198.84 102.41 217.41 140.14
diningtable 0.517285 133.86 4.17 224.00 104.55
sheep 0.517147 0.00 168.26 17.55 216.52
sheep 0.517086 29.98 53.18 54.52 83.79
dog 0.517083 23.21 4.86 38.97 33.36
diningtable 0.517060 140.46 38.33 186.38 84.26
pottedplant 0.517038 61.64 81.07 90.56 113.94
chair 0.516962 183.64 0.00 217.30 22.58
boat 0.516913 105.52 48.96 140.20 73.19
chair 0.516888 175.66 205.41 204.56 224.00
sheep 0.516868 108.17 3.01 129.00 25.16
chair 0.516819 165.86 208.31 197.39 224.00
sheep 0.516816 39.17 53.97 69.56 85.30
dog 0.516687 13.53 167.50 45.14 214.38
chair 0.516665 124.88 35.08 159.03 65.17
bottle 0.516359 91.48 0.00 120.55 17.51
dog 0.516344 13.55 3.55 29.62 32.78
diningtable 0.516333 90.89 21.06 211.58 126.39
boat 0.516317 112.94 47.72 154.56 74.73
sheep 0.516091 116.77 3.56 145.01 27.15
sheep 0.515986 116.34 23.30 151.71 46.50
pottedplant 0.515956 61.12 95.70 88.08 129.02
sheep 0.515955 141.68 1.51 184.66 33.70
boat 0.515928 91.16 21.08 116.21 46.91
sheep 0.515927 147.13 0.00 195.40 25.15
bottle 0.515773 94.80 13.50 114.59 34.30
chair 0.515659 144.30 206.39 173.36 224.00
boat 0.515608 107.12 22.87 135.75 45.25
tvmonitor 0.515599 212.00 8.10 222.02 54.50
sheep 0.515394 0.00 0.00 23.83 27.04
dog 0.515190 30.48 0.00 57.33 22.99
sheep 0.515160 138.27 0.00 183.29 22.18
aeroplane 0.515149 162.70 0.00 208.93 40.74
dog 0.515005 47.73 0.00 81.37 21.67
sheep 0.514899 109.72 15.00 131.99 34.26
sheep 0.514672 102.12 0.00 130.41 16.96
sheep 0.514551 118.61 15.92 148.67 36.57
chair 0.514448 163.94 6.29 210.25 51.56
dog 0.514362 10.05 185.16 45.49 224.00
sheep 0.514327 141.17 13.23 184.13 45.05
dog 0.513952 39.32 0.00 71.34 22.09
chair 0.513775 131.12 31.28 172.08 66.71
tvmonitor 0.513758 195.38 8.40 215.15 50.01
tvmonitor 0.513740 190.74 0.00 214.21 39.28
tvmonitor 0.513392 209.30 0.00 224.00 38.64
dog 0.513020 18.68 180.86 63.26 224.00
aeroplane 0.512357 16.95 0.00 42.17 22.68
dog 0.512036 9.07 0.00 32.95 22.93
