dog 0.658266 1.48 31.39 220.87 221.33
dog 0.578241 35.94 61.26 208.86 205.34
dog 0.569573 139.81 121.40 220.77 207.91
dog 0.565648 102.06 129.09 177.95 216.72
dog 0.563895 49.96 139.94 135.80 223.60
dog 0.560920 105.88 96.80 170.81 186.19
dog 0.555402 120.18 125.20 202.40 211.52
dog 0.554219 62.97 93.77 131.54 175.06
dog 0.553813 51.85 55.79 131.34 124.55
dog 0.552292 18.44 47.78 164.35 197.19
dog 0.551977 96.15 99.27 205.56 207.26
dog 0.549536 33.03 148.62 100.13 224.00
dog 0.546610 178.67 26.47 224.00 156.71
dog 0.545066 54.64 79.88 127.90 158.06
dog 0.544249 74.78 139.95 157.52 217.78
dog 0.543946 160.57 31.76 220.17 171.14
dog 0.543745 56.71 32.24 211.27 172.13
dog 0.543374 166.50 114.15 224.00 211.61
dog 0.543362 19.62 99.56 156.03 224.00
dog 0.539944 6.61 135.43 129.57 224.00
dog 0.539489 26.44 156.27 75.47 224.00
dog 0.538327 55.77 120.45 128.19 203.54
aeroplane 0.537839 65.84 14.09 132.30 71.40
dog 0.537505 111.25 18.52 211.06 157.46
dog 0.537449 41.52 56.71 104.53 123.71
dog 0.537290 57.40 65.96 121.36 141.38
dog 0.536404 84.30 99.30 150.07 177.97
dog 0.536149 210.54 80.52 224.00 124.04
sheep 0.535935 28.57 99.51 56.96 148.88
sheep 0.535879 153.70 125.14 219.97 199.82
dog 0.535377 0.00 16.05 70.08 153.90
dog 0.535227 203.44 32.89 224.00 101.20
dog 0.535182 148.52 59.15 212.25 193.14
dog 0.534844 48.66 118.65 198.81 224.00
dog 0.534686 26.64 86.27 59.02 142.28
dog 0.534478 27.35 202.03 72.98 224.00
dog 0.534390 18.20 62.27 57.07 112.12
sheep 0.534361 109.62 94.70 171.43 169.41
dog 0.533804 0.00 207.81 36.63 224.00
dog 0.533699 208.53 132.46 224.00 197.11
dog 0.533661 0.00 167.86 52.01 224.00
dog 0.533423 139.77 21.75 217.97 145.26
dog 0.533197 32.25 139.92 64.45 216.95
dog 0.533195 10.15 29.80 103.60 163.47
dog 0.533153 209.85 49.06 224.00 114.77
dog 0.533109 60.75 93.45 112.25 155.71
dog 0.532853 65.47 13.14 133.04 66.00
dog 0.532466 0.00 202.62 22.29 224.00
dog 0.532462 19.20 161.38 59.08 224.00
dog 0.532153 0.00 161.67 98.69 224.00
dog 0.531913 62.60 109.59 112.18 170.29
chair 0.531794 0.00 64.42 8.96 118.50
car 0.531677 0.00 0.00 57.62 63.38
bottle 0.531311 0.00 90.46 9.79 143.20
dog 0.531166 34.08 61.42 91.87 115.54
dog 0.530701 48.21 135.14 108.09 205.75
sheep 0.530636 20.22 102.51 48.52 147.43
dog 0.530594 7.02 207.62 49.59 224.00
aeroplane 0.530398 63.11 28.82 129.43 93.92
dog 0.530245 26.92 71.53 60.31 129.96
chair 0.530064 0.00 62.16 24.45 110.98
dog 0.529530 49.70 70.97 100.84 137.64
bottle 0.529335 0.00 74.09 9.93 130.49
dog 0.529318 59.39 28.17 127.41 93.71
dog 0.529304 21.05 140.62 52.84 211.37
dog 0.529091 18.31 90.70 49.34 140.85
dog 0.528678 118.71 94.88 179.04 163.47
dog 0.528515 53.48 123.76 104.55 189.27
dog 0.528428 36.12 204.46 85.16 224.00
dog 0.528349 122.76 77.46 184.55 114.61
car 0.528186 6.37 0.00 87.49 55.33
aeroplane 0.528176 202.95 0.00 224.00 21.36
dog 0.528121 40.09 85.52 91.85 143.79
sheep 0.528107 31.60 113.69 55.62 166.70
dog 0.528093 0.00 60.28 61.94 201.37
dog 0.527985 31.57 85.94 71.89 142.76
dog 0.527845 33.04 99.64 66.87 148.78
dog 0.527764 28.88 129.42 58.98 196.70
dog 0.527739 200.69 20.03 224.00 82.16
dog 0.527667 11.34 176.62 44.32 224.00
dog 0.527627 7.40 6.99 83.85 127.62
dog 0.527341 0.00 117.56 45.63 224.00
sheep 0.527319 142.08 47.58 211.20 98.40
sheep 0.527307 170.20 28.45 217.25 102.74
dog 0.527059 112.76 79.26 180.81 128.99
dog 0.527019 0.00 0.00 58.51 124.07
dog 0.527011 187.34 0.00 224.00 57.62
dog 0.526952 73.85 66.34 133.32 118.04
sheep 0.526916 18.83 131.14 51.00 192.42
dog 0.526814 186.03 13.20 224.00 113.76
bottle 0.526786 0.00 95.05 17.35 139.73
dog 0.526684 56.01 103.51 99.66 156.61
sheep 0.526567 111.39 87.65 178.58 144.69
chair 0.526488 5.12 62.34 41.12 111.33
sheep 0.526389 29.24 121.56 56.76 183.70
sheep 0.526339 0.00 133.95 21.38 191.45
chair 0.526240 0.00 72.18 20.20 121.64
dog 0.526229 210.86 205.42 224.00 224.00
dog 0.526031 157.99 143.55 224.00 224.00
dog 0.526019 167.84 28.48 217.92 99.80
sheep 0.525813 69.54 0.00 131.73 44.60
dog 0.525813 75.26 1.42 130.45 41.99
dog 0.525797 19.14 75.66 50.94 129.24
sheep 0.525603 178.54 82.83 213.88 121.78
bottle 0.525552 0.00 126.58 9.13 183.47
bottle 0.525448 0.00 130.10 20.69 182.75
boat 0.525190 0.00 0.00 18.63 23.59
dog 0.525032 85.00 115.18 160.09 197.71
dog 0.524947 0.00 178.01 13.51 224.00
bottle 0.524933 0.00 76.67 18.41 127.89
chair 0.524914 0.00 52.26 8.94 101.43
sheep 0.524797 13.45 136.41 41.71 195.45
dog 0.524786 24.31 61.65 75.51 112.03
dog 0.524750 76.99 210.87 122.34 224.00
dog 0.524636 36.24 132.31 67.49 199.21
sheep 0.524635 22.11 116.03 48.03 165.15
bottle 0.524629 0.00 112.55 9.16 164.02
dog 0.524595 0.00 131.96 9.39 191.57
dog 0.524587 6.81 135.77 31.21 191.20
dog 0.524568 37.34 45.57 156.18 158.64
dog 0.524335 43.85 107.07 86.61 154.17
dog 0.524282 0.00 180.42 32.62 224.00
dog 0.524271 72.54 12.52 128.66 51.53
dog 0.524172 54.71 209.49 101.28 224.00
dog 0.524102 216.60 139.55 224.00 207.67
dog 0.523914 25.20 184.93 73.78 224.00
sheep 0.523880 94.00 0.00 133.11 15.39
dog 0.523877 43.91 125.63 89.41 186.86
dog 0.523844 124.71 66.79 188.06 103.64
bottle 0.523591 0.00 107.39 17.51 150.47
dog 0.523577 3.75 69.46 35.86 116.61
sheep 0.523479 185.65 43.31 219.87 115.13
dog 0.523399 85.42 71.15 153.06 117.18
dog 0.523352 14.28 139.87 41.88 205.46
sheep 0.523269 157.15 104.44 212.63 166.84
dog 0.523259 143.41 212.07 182.25 224.00
dog 0.523103 0.00 138.41 22.57 201.09
aeroplane 0.522987 102.25 0.00 140.25 15.40
dog 0.522861 6.74 158.81 36.85 224.00
aeroplane 0.522735 82.25 0.00 119.96 15.08
boat 0.522635 75.19 0.00 112.65 15.72
aeroplane 0.522632 153.96 0.00 186.50 14.86
dog 0.522520 63.14 0.00 150.37 61.05
aeroplane 0.522489 206.97 0.00 224.00 46.19
dog 0.522450 0.00 156.46 11.25 220.08
dog 0.522356 159.79 212.08 198.26 224.00
sheep 0.522308 188.82 79.81 219.73 122.12
dog 0.522286 123.14 88.95 181.24 143.36
dog 0.522253 11.60 69.14 46.60 120.37
dog 0.522184 127.70 211.81 166.50 224.00
aeroplane 0.522124 113.61 0.00 147.13 15.39
aeroplane 0.522042 73.21 22.08 141.05 81.59
dog 0.521997 99.86 92.40 163.51 162.63
sheep 0.521912 6.74 132.60 30.25 182.20
dog 0.521802 92.78 211.16 136.77 224.00
aeroplane 0.521769 123.80 0.00 154.20 14.98
sheep 0.521725 206.27 3.74 224.00 60.27
aeroplane 0.521697 194.89 0.00 224.00 16.31
dog 0.521665 16.59 0.00 100.73 56.54
aeroplane 0.521567 79.43 0.00 140.91 44.64
dog 0.521535 111.85 211.40 153.12 224.00
dog 0.521504 215.83 99.49 224.00 149.15
dog 0.521446 108.45 71.80 170.36 111.91
dog 0.521396 36.55 114.91 61.62 166.79
dog 0.521342 215.49 115.44 224.00 171.07
chair 0.521303 0.00 46.25 21.03 94.48
sheep 0.521293 188.63 0.00 218.27 14.47
dog 0.521270 83.51 89.03 132.66 161.84
dog 0.521185 51.07 26.64 148.15 130.32
dog 0.521055 64.84 45.68 136.22 106.00
dog 0.521011 48.40 46.58 115.48 110.35
aeroplane 0.521008 131.72 0.00 161.33 13.93
dog 0.520916 119.13 0.00 203.53 50.36
sheep 0.520875 195.28 210.27 224.00 224.00
boat 0.520772 56.92 0.00 93.12 15.18
aeroplane 0.520764 139.63 0.00 170.34 13.74
aeroplane 0.520737 21.18 30.41 53.48 59.56
sheep 0.520707 78.61 0.00 130.41 27.03
dog 0.520691 154.99 15.19 221.03 118.12
dog 0.520653 65.46 151.36 125.11 223.15
aeroplane 0.520642 57.69 19.05 105.64 60.74
aeroplane 0.520619 27.29 28.85 61.36 58.08
sheep 0.520605 10.12 105.78 36.64 145.50
bottle 0.520597 2.80 97.39 27.99 137.78
dog 0.520535 2.10 199.82 41.70 224.00
aeroplane 0.520522 4.36 37.76 35.09 78.40
sheep 0.520506 184.12 212.64 218.75 224.00
dog 0.520474 0.00 157.81 29.27 222.51
dog 0.520431 175.16 212.80 212.46 224.00
bottle 0.520369 3.31 74.18 31.43 122.79
chair 0.520354 0.00 41.61 7.35 92.24
dog 0.520306 170.17 0.00 204.01 14.89
sheep 0.520292 159.24 35.24 218.30 87.20
aeroplane 0.520257 48.94 20.85 92.48 58.60
aeroplane 0.520210 39.29 0.00 75.18 14.67
dog 0.520188 8.56 95.62 37.73 139.45
dog 0.520158 4.26 47.48 36.15 93.98
aeroplane 0.520041 14.75 36.96 45.96 74.67
dog 0.520040 145.05 140.70 207.85 211.25
aeroplane 0.519983 41.98 23.44 80.48 57.36
dog 0.519928 9.76 81.55 41.11 129.87
aeroplane 0.519905 34.67 26.40 71.23 57.24
aeroplane 0.519889 92.56 18.33 151.54 69.10
dog 0.519762 11.43 45.77 45.99 93.13
sheep 0.519699 158.15 32.33 209.79 71.71
boat 0.519651 0.00 31.49 6.73 82.55
sheep 0.519505 180.02 0.00 211.09 14.96
aeroplane 0.519500 25.73 0.00 65.24 15.26
dog 0.519481 8.12 56.23 48.44 107.35
chair 0.519457 0.00 0.00 27.47 19.38
sheep 0.519403 109.14 74.82 187.98 128.51
dog 0.519391 57.07 15.18 105.73 53.47
dog 0.519389 137.20 28.87 200.83 70.40
boat 0.519241 0.00 35.63 18.88 82.60
dog 0.519217 37.41 0.00 126.62 59.50
aeroplane 0.519195 69.21 0.82 118.86 35.23
aeroplane 0.519189 14.68 31.23 46.81 62.49
aeroplane 0.519139 16.06 44.40 51.79 91.88
dog 0.519053 82.19 6.60 198.23 121.52
dog 0.518977 8.72 192.42 56.27 224.00
dog 0.518852 220.00 150.29 224.00 213.29
dog 0.518689 128.36 28.45 181.72 66.35
dog 0.518631 82.19 78.78 128.34 141.64
sheep 0.518562 172.39 57.47 213.93 118.58
sheep 0.518548 122.41 54.11 203.07 102.93
sheep 0.518546 175.58 21.41 222.41 86.54
sheep 0.518539 11.79 126.39 38.63 175.54
aeroplane 0.518388 26.58 34.68 59.35 69.50
bottle 0.518190 5.53 110.46 26.60 148.20
bottle 0.518087 6.65 126.55 28.62 171.31
dog 0.518068 74.61 35.52 144.31 93.10
dog 0.518067 155.03 0.00 192.75 43.85
dog 0.517864 54.79 0.00 145.30 93.39
chair 0.517856 2.52 0.00 38.15 16.85
aeroplane 0.517850 3.03 31.28 33.65 67.16
aeroplane 0.517786 118.38 0.00 154.15 40.46
sheep 0.517785 169.53 93.65 210.82 124.83
aeroplane 0.517692 33.81 31.90 69.89 68.08
dog 0.517679 0.00 0.00 13.80 30.74
aeroplane 0.517638 10.78 0.00 49.81 16.00
dog 0.517561 163.80 0.00 224.00 54.09
sheep 0.517551 149.64 89.50 208.86 124.79
sheep 0.517513 111.96 0.00 205.97 93.77
dog 0.517460 96.72 83.18 157.14 142.07
sheep 0.517354 124.27 91.99 199.61 140.04
aeroplane 0.517330 118.36 23.85 169.66 66.37
sheep 0.517252 164.35 95.84 210.68 137.78
sheep 0.517218 151.96 25.67 203.65 65.71
dog 0.517152 32.24 23.05 110.64 125.24
sheep 0.517148 144.60 37.01 205.60 82.42
sheep 0.516978 56.51 0.00 163.59 88.47
boat 0.516940 0.00 14.60 6.29 64.63
sheep 0.516931 12.50 118.43 36.66 161.65
dog 0.516927 105.83 155.78 162.23 224.00
bottle 0.516849 6.58 118.32 26.93 158.70
dog 0.516686 220.00 178.37 224.00 224.00
aeroplane 0.516675 56.17 32.37 111.36 90.55
dog 0.516653 152.80 0.00 188.48 23.40
sheep 0.516628 169.18 25.35 216.29 73.11
aeroplane 0.516510 28.99 20.91 64.71 48.01
dog 0.516421 128.20 38.40 183.80 77.74
sheep 0.516419 158.10 0.00 200.33 44.94
dog 0.516417 67.31 0.00 113.46 22.81
aeroplane 0.516357 106.30 0.00 147.98 25.46
sheep 0.516355 187.08 0.00 219.17 24.90
aeroplane 0.516296 55.12 0.00 99.83 30.93
dog 0.516250 73.12 183.41 121.85 224.00
sheep 0.516205 128.77 110.20 199.38 191.86
dog 0.516094 154.26 12.69 197.58 58.02
sheep 0.516016 184.58 0.00 221.82 46.34
aeroplane 0.515990 93.79 0.40 147.95 55.48
aeroplane 0.515866 121.15 0.00 154.40 23.28
sheep 0.515763 163.96 76.05 214.25 115.99
aeroplane 0.515588 41.67 0.00 73.11 24.97
boat 0.515579 0.00 0.00 8.51 39.30
dog 0.515511 218.47 195.78 224.00 224.00
sheep 0.515505 18.08 0.00 104.16 93.16
aeroplane 0.515475 119.83 34.22 172.34 76.58
dog 0.515445 53.99 0.00 96.98 20.47
dog 0.515434 129.70 50.01 191.89 94.13
aeroplane 0.515099 43.93 0.00 83.58 18.71
sheep 0.514910 159.52 13.38 203.85 58.27
sheep 0.514858 178.46 12.46 220.76 64.19
aeroplane 0.514759 28.27 41.05 70.77 89.51
aeroplane 0.514706 48.32 8.87 89.65 40.34
dog 0.514567 102.09 58.16 167.58 101.43
aeroplane 0.514184 128.66 0.00 160.41 20.88
boat 0.514125 0.00 1.76 6.36 50.54
aeroplane 0.514049 145.64 0.00 182.10 21.71
aeroplane 0.514042 45.76 35.40 97.07 90.16
dog 0.513986 97.88 42.50 159.76 91.36
dog 0.513776 37.85 187.13 87.70 224.00
dog 0.513639 125.22 4.97 165.93 52.86
sheep 0.513613 155.73 0.00 224.00 93.37
aeroplane 0.513191 38.60 8.88 71.61 35.65
aeroplane 0.513152 134.53 0.00 173.79 38.70
aeroplane 0.513108 17.27 22.34 47.80 51.73
sheep 0.513088 166.65 0.00 206.65 24.37
aeroplane 0.512817 31.73 0.00 64.86 22.59
dog 0.512768 133.46 7.82 179.39 54.00
aeroplane 0.512551 4.09 0.00 36.08 19.85
dog 0.512398 120.22 47.80 177.88 90.30
boat 0.512255 0.00 19.30 15.59 62.72
dog 0.512227 95.25 184.92 145.01 224.00
sheep 0.512145 177.57 113.66 222.44 179.07
aeroplane 0.512126 26.71 8.38 57.63 35.57
dog 0.512123 50.99 187.77 98.62 224.00
dog 0.511621 149.96 166.72 197.10 223.32
dog 0.511601 111.60 190.81 159.24 224.00
sheep 0.511571 182.94 97.63 219.53 150.03
dog 0.511525 179.14 138.11 223.39 209.46
aeroplane 0.511114 4.57 21.54 31.04 55.05
aeroplane 0.510242 10.50 0.00 30.70 25.23
dog 0.510169 161.04 168.73 208.36 223.39
dog 0.510112 124.43 195.51 170.83 224.00
boat 0.509739 0.00 4.60 14.36 46.81
dog 0.509619 127.91 163.52 180.76 224.00
aeroplane 0.509497 20.57 5.64 47.91 35.58
dog 0.509456 154.56 199.89 196.13 224.00
dog 0.509139 175.00 169.72 215.81 221.67
aeroplane 0.509027 20.11 0.00 49.52 22.36
aeroplane 0.508883 9.24 4.46 28.17 38.14
dog 0.508268 196.81 174.03 223.60 222.63
dog 0.508243 197.91 199.53 222.58 224.00
dog 0.507700 179.88 201.83 216.38 224.00
